 time dt1 dt2 dt_new
  2.03292072E-02  2.04347316E-02  8.49752745E-04  1.69950552E-04
  4.02377024E-02  2.48489790E-02  8.54391139E-04  1.70878237E-04
  6.03023022E-02  2.59735100E-02  8.47308722E-04  1.69461753E-04
  8.02938938E-02  2.40974594E-02  8.46250041E-04  1.69250008E-04
  0.10017484      2.30204538E-02  8.39838700E-04  1.67967752E-04
  0.12032355      3.30529734E-02  8.46044510E-04  1.69208899E-04
  0.14031015      3.19464244E-02  8.36521038E-04  1.67304199E-04
  0.16018893      3.58944982E-02  8.36123247E-04  1.67224658E-04
  0.18018314      3.53409350E-02  8.32194521E-04  1.66438898E-04
  0.20031321      3.59788015E-02  8.29593570E-04  1.65918726E-04
  0.22029866      3.91610228E-02  8.25438183E-04  1.65087637E-04
  0.24019121      7.21447170E-03  6.82851591E-04  1.36570321E-04
  0.26014391      7.85510056E-03  6.31414063E-04  1.26282815E-04
  0.28015396      8.30930937E-03  6.37362478E-04  1.27472507E-04
  0.30015939      8.78646877E-03  6.77913136E-04  1.35582624E-04
  0.32018706      8.95069446E-03  6.69300964E-04  1.33860187E-04
  0.34020987      1.08868731E-02  6.58530800E-04  1.31706154E-04
  0.36023653      1.10164275E-02  6.55877520E-04  1.31175504E-04
  0.38023677      9.52644926E-03  6.59303390E-04  1.31860681E-04
  0.40024430      1.20141422E-02  6.73295755E-04  1.34659145E-04
  0.42022687      1.34771764E-02  6.82562764E-04  1.36512550E-04
  0.44023600      1.60565954E-02  6.98390359E-04  1.39678072E-04
  0.46023759      2.04436239E-02  7.40721996E-04  1.48144391E-04
  0.48029932      2.31753774E-02  7.65759964E-04  1.53151996E-04
  0.50023502      2.10542940E-02  7.89954385E-04  1.57990871E-04
  0.52031368      2.84327753E-02  8.01950286E-04  1.60390060E-04
  0.54022759      2.28960570E-02  8.09956924E-04  1.61991382E-04
  0.56031030      3.03063318E-02  8.21583730E-04  1.64316749E-04
  0.58020377      2.70063877E-02  8.20517307E-04  1.64103461E-04
  0.60031450      2.38508210E-02  8.14186933E-04  1.62837387E-04
  0.62028152      1.95140895E-02  8.08355690E-04  1.61671138E-04
  0.64027065      2.88618598E-02  8.04525393E-04  1.60905081E-04
  0.66021371      2.21335944E-02  8.05231684E-04  1.61046351E-04
  0.68023425      3.83367129E-02  8.10732134E-04  1.62146418E-04
  0.70028561      2.97257025E-02  8.19769572E-04  1.63953911E-04
  0.72030270      2.32033562E-02  8.16741085E-04  1.63348217E-04
  0.74027973      3.01937070E-02  8.19728069E-04  1.63945617E-04
  0.76031101      3.04820389E-02  8.34891223E-04  1.66978250E-04
  0.78024375      6.09877817E-02  8.37399275E-04  1.67479855E-04
  0.80024332      6.11517169E-02  8.41856527E-04  1.68371305E-04
  0.82024020      6.02601208E-02  8.38369073E-04  1.67673817E-04
  0.84029341      5.55595346E-02  8.32398422E-04  1.66479687E-04
  0.86020869      5.09297661E-02  8.27405020E-04  1.65481004E-04
  0.88021141      4.61544767E-02  8.26429168E-04  1.65285834E-04
  0.90023762      4.44268584E-02  8.28636345E-04  1.65727266E-04
  0.92032874      4.54106294E-02  8.31906043E-04  1.66381215E-04
  0.94017661      4.79136184E-02  8.36011197E-04  1.67202248E-04
  0.96028221      5.13413958E-02  8.39527347E-04  1.67905469E-04
  0.98027843      5.56441396E-02  8.40609544E-04  1.68121915E-04
   1.0002791      5.88459857E-02  8.39473447E-04  1.67894701E-04
   1.0202729      5.98150901E-02  8.39946442E-04  1.67989288E-04
   1.0402265      6.17194176E-02  8.36761261E-04  1.67352249E-04
   1.0602602      5.99594302E-02  8.32227350E-04  1.66445461E-04
   1.0801966      5.80389351E-02  8.28631979E-04  1.65726407E-04
   1.1002359      5.23171984E-02  8.26940639E-04  1.65388119E-04
   1.1202469      3.99479009E-02  8.25845287E-04  1.65169069E-04
   1.1401953      4.04485799E-02  8.23977287E-04  1.64795463E-04
   1.1603024      4.88688610E-02  8.25848198E-04  1.65169651E-04
   1.1803004      4.82607484E-02  8.27127835E-04  1.65425561E-04
   1.2001857      4.44686562E-02  8.29404918E-04  1.65880992E-04
   1.2202369      4.83232550E-02  8.28655611E-04  1.65731122E-04
   1.2403001      4.44460027E-02  8.29930534E-04  1.65986115E-04
   1.2602863      2.92079821E-02  8.17441149E-04  1.63488236E-04
   1.2802688      2.07240600E-02  8.05621559E-04  1.61124321E-04
   1.3003041      2.53764223E-02  8.08375597E-04  1.61675125E-04
   1.3202347      2.64171008E-02  8.12525745E-04  1.62505152E-04
   1.3402522      2.59413496E-02  8.10434576E-04  1.62086915E-04
   1.3602062      2.88406573E-02  8.03823059E-04  1.60764612E-04
   1.3802683      2.61232704E-02  7.93398474E-04  1.58679701E-04
   1.4001669      1.46721918E-02  7.89331389E-04  1.57866278E-04
   1.4202069      2.43494418E-02  8.07841541E-04  1.61568314E-04
   1.4401853      3.37646753E-02  8.22923263E-04  1.64584650E-04
   1.4602826      3.81652229E-02  8.25428870E-04  1.65085774E-04
   1.4802864      3.95005830E-02  8.28609569E-04  1.65721925E-04
   1.5002313      4.26838323E-02  8.33224331E-04  1.66644866E-04
   1.5202479      4.90928888E-02  8.34905775E-04  1.66981161E-04
   1.5402517      5.10651916E-02  8.32248013E-04  1.66449594E-04
   1.5602340      5.37121668E-02  8.35490646E-04  1.67098129E-04
   1.5803148      5.59917763E-02  8.37496016E-04  1.67499195E-04
   1.6002394      7.27971271E-03  6.95956580E-04  1.39191325E-04
   1.6202428      9.13421717E-03  7.72253145E-04  1.54450638E-04
   1.6402160      1.68453790E-02  7.90868187E-04  1.58173643E-04
   1.6603013      2.23392826E-02  7.98708759E-04  1.59741743E-04
   1.6802341      2.98091862E-02  8.24364310E-04  1.64872865E-04
   1.7002779      4.00768556E-02  8.33217637E-04  1.66643527E-04
   1.7201716      4.78850715E-02  8.40522873E-04  1.68104569E-04
   1.7402447      5.02310172E-02  8.43083952E-04  1.68616796E-04
   1.7603239      4.08412442E-02  8.45223200E-04  1.69044637E-04
   1.7803057      3.48788798E-02  8.48949596E-04  1.69789928E-04
   1.8002976      3.32783610E-02  8.44259630E-04  1.68851941E-04
   1.8203257      3.23373228E-02  8.38073669E-04  1.67614737E-04
   1.8401741      4.27804403E-02  8.30231525E-04  1.66046302E-04
   1.8602090      2.52587646E-02  8.26248142E-04  1.65249628E-04
   1.8801749      6.19217334E-03  6.25522982E-04  1.25104591E-04
   1.9002932      8.63610487E-03  7.59905961E-04  1.51981192E-04
   1.9202664      1.39576141E-02  7.68939441E-04  1.53787885E-04
   1.9402795      1.79990605E-02  7.69086007E-04  1.53817207E-04
   1.9603047      1.99758001E-02  7.68402126E-04  1.53680434E-04
   1.9801739      2.66654994E-02  7.76547473E-04  1.55309492E-04
   2.0002313      3.45265567E-02  7.92709936E-04  1.58541981E-04
   2.0202429      4.23547216E-02  8.05873773E-04  1.61174758E-04
   2.0402703      2.51744520E-02  8.23907845E-04  1.64781566E-04
   2.0601814      1.42654646E-02  7.84716336E-04  1.56943264E-04
   2.0801549      7.75021361E-03  7.66399084E-04  1.53279820E-04
   2.1002853      1.37383100E-02  8.03509552E-04  1.60701922E-04
   2.1203148      2.03061327E-02  8.17411463E-04  1.63482298E-04
   2.1403046      1.81655362E-02  7.97950430E-04  1.59590098E-04
   2.1602871      1.96769759E-02  7.99272908E-04  1.59854579E-04
   2.1802120      2.26274356E-02  8.03031493E-04  1.60606302E-04
   2.2001767      2.88424715E-02  8.04368814E-04  1.60873766E-04
   2.2201636      6.17857045E-03  6.68126100E-04  1.33625217E-04
   2.2402446      1.13957142E-02  7.78480549E-04  1.55696107E-04
   2.2602243      1.72468089E-02  8.10135214E-04  1.62027049E-04
   2.2802432      2.69566290E-02  8.18272820E-04  1.63654564E-04
   2.3003194      4.43170629E-02  8.25051276E-04  1.65010249E-04
   2.3203144      4.72471863E-02  8.27913929E-04  1.65582795E-04
   2.3402715      5.20427190E-02  8.33785802E-04  1.66757163E-04
   2.3601675      5.99087067E-02  8.37364991E-04  1.67473001E-04
   2.3802776      6.28867522E-02  8.37981002E-04  1.67596212E-04
   2.4002094      4.01149988E-02  8.36384948E-04  1.67276987E-04
   2.4202158      3.67475115E-02  8.29749159E-04  1.65949838E-04
   2.4402230      3.85240614E-02  8.23375769E-04  1.64675148E-04
   2.4602554      5.16959578E-02  8.19884124E-04  1.63976831E-04
   2.4802842      4.39636856E-02  8.22329253E-04  1.64465848E-04
   2.5002766      3.65614370E-02  8.16345389E-04  1.63269084E-04
   2.5203242      2.41349488E-02  8.16598767E-04  1.63319753E-04
   2.5403192      3.68470624E-02  8.29143566E-04  1.65828722E-04
   2.5601845      3.68980020E-02  8.35330109E-04  1.67066028E-04
   2.5802310      3.65706831E-02  8.34160252E-04  1.66832047E-04
   2.6002414      3.61174718E-02  8.33667407E-04  1.66733487E-04
   2.6202581      3.59902196E-02  8.34339706E-04  1.66867947E-04
   2.6402853      3.56727988E-02  8.35036219E-04  1.67007252E-04
   2.6603305      3.52246501E-02  8.34378006E-04  1.66875601E-04
   2.6803074      3.47801074E-02  8.31023557E-04  1.66204714E-04
   2.7002175      3.46852653E-02  8.28673539E-04  1.65734717E-04
   2.7202361      3.65921929E-02  8.25879280E-04  1.65175850E-04
   2.7402484      2.74894293E-02  8.28240591E-04  1.65648118E-04
   2.7602756      3.59502509E-02  8.25648080E-04  1.65129619E-04
   2.7801962      3.54398042E-02  8.18923931E-04  1.63784789E-04
   2.8003182      4.14355583E-02  8.20702699E-04  1.64140540E-04
   2.8202736      4.04895581E-02  8.27838783E-04  1.65567762E-04
   2.8401740      4.47340310E-02  8.28927383E-04  1.65785474E-04
   2.8602171      4.73071933E-02  8.27800483E-04  1.65560094E-04
   2.8802381      4.61472273E-02  8.27163341E-04  1.65432662E-04
   2.9002590      4.61056568E-02  8.26905423E-04  1.65381090E-04
   2.9202600      4.73352186E-02  8.26494768E-04  1.65298959E-04
   2.9402556      5.01387008E-02  8.26399832E-04  1.65279969E-04
   2.9602609      5.51171489E-02  8.26036616E-04  1.65207326E-04
   2.9802728      5.94213866E-02  8.28541291E-04  1.65708261E-04
   3.0000079      5.69845587E-02  8.30538163E-04  1.66107639E-04
