  0.00000000E+00  0.00000000E+00  0.29489121E+05  0.00000000E+00  0.00000000E+00  0.11097563E+06  0.00000000E+00
  0.22972189E-01  0.28900263E+02  0.29466623E+05 -0.18042122E+02  0.00000000E+00  0.11097563E+06  0.15454008E+02
  0.48547421E-01  0.83776718E+02  0.29385383E+05 -0.24818338E+02  0.00000000E+00  0.11097563E+06  0.59844383E+02
  0.73957764E-01  0.15842621E+03  0.29260283E+05  0.89716854E+01  0.00000000E+00  0.11097563E+06  0.77384491E+02
  0.99371374E-01  0.24946030E+03  0.29122373E+05  0.37224014E+02  0.00000000E+00  0.11097563E+06  0.99378502E+02
  0.12465547E+00  0.38618887E+03  0.29014404E+05 -0.43745685E+01  0.00000000E+00  0.11097563E+06  0.10990839E+03
  0.14981613E+00  0.55259717E+03  0.28885664E+05 -0.55815315E+02  0.00000000E+00  0.11097563E+06  0.12518097E+03
  0.17481081E+00  0.74616687E+03  0.28708846E+05 -0.76024857E+02  0.00000000E+00  0.11097563E+06  0.12657743E+03
  0.19983062E+00  0.94631439E+03  0.28505168E+05 -0.41107521E+02  0.00000000E+00  0.11097563E+06  0.92091011E+02
  0.22445238E+00  0.11469833E+04  0.28292270E+05 -0.13136486E+02  0.00000000E+00  0.11097563E+06  0.77031151E+02
  0.24906203E+00  0.13357625E+04  0.28076113E+05  0.15210509E+02  0.00000000E+00  0.11097563E+06  0.75690811E+02
  0.27382994E+00  0.16278182E+04  0.27846164E+05 -0.27794905E+01  0.00000000E+00  0.11097563E+06  0.27596491E+02
  0.29835442E+00  0.18647820E+04  0.27617510E+05 -0.37079975E+02  0.00000000E+00  0.11097563E+06  0.59048164E+02
  0.32297575E+00  0.20313815E+04  0.27410393E+05 -0.69939713E+02  0.00000000E+00  0.11097563E+06  0.13179837E+03
  0.34775564E+00  0.22987766E+04  0.27232836E+05 -0.14025043E+03  0.00000000E+00  0.11097563E+06  0.11866709E+03
  0.37218150E+00  0.24542942E+04  0.27110342E+05 -0.14540657E+03  0.00000000E+00  0.11097563E+06  0.81186134E+02
  0.39578471E+00  0.24346741E+04  0.26995674E+05 -0.84428947E+02  0.00000000E+00  0.11097563E+06  0.16513213E+03
  0.41883180E+00  0.22431353E+04  0.26938330E+05  0.37882717E+02  0.00000000E+00  0.11097563E+06  0.30424802E+03
  0.44292936E+00  0.21674880E+04  0.26953391E+05  0.97735580E+02  0.00000000E+00  0.11097563E+06  0.29571094E+03
  0.46576944E+00  0.23767412E+04  0.27009951E+05  0.26596567E+02  0.00000000E+00  0.11097563E+06  0.89836479E+02
  0.48828244E+00  0.26722466E+04  0.27133963E+05  0.34620736E+01  0.00000000E+00  0.11097563E+06 -0.35973434E+03
  0.51095653E+00  0.28873044E+04  0.27343309E+05 -0.43515671E+02  0.00000000E+00  0.11097563E+06 -0.74920557E+03
  0.53340608E+00  0.29325015E+04  0.27589289E+05 -0.28446476E+02  0.00000000E+00  0.11097563E+06 -0.10939429E+04
  0.55599231E+00  0.29677285E+04  0.27817398E+05 -0.29271795E+02  0.00000000E+00  0.11097563E+06 -0.13931472E+04
  0.57990980E+00  0.29685217E+04  0.27963580E+05 -0.73622696E+02  0.00000000E+00  0.11097563E+06 -0.14961129E+04
  0.60473353E+00  0.27582593E+04  0.28110273E+05  0.50538342E+02  0.00000000E+00  0.11097563E+06 -0.15626378E+04
  0.62728649E+00  0.26254324E+04  0.28326674E+05  0.98243494E+01  0.00000000E+00  0.11097563E+06 -0.16159001E+04
  0.65039659E+00  0.25262141E+04  0.28564713E+05 -0.10792844E+03  0.00000000E+00  0.11097563E+06 -0.16471147E+04
  0.67360502E+00  0.23564431E+04  0.28723988E+05 -0.11232780E+03  0.00000000E+00  0.11097563E+06 -0.16357452E+04
  0.69652122E+00  0.22308879E+04  0.28839500E+05 -0.11300646E+03  0.00000000E+00  0.11097563E+06 -0.16331343E+04
  0.71973068E+00  0.21981152E+04  0.28930348E+05 -0.13638046E+03  0.00000000E+00  0.11097563E+06 -0.16746205E+04
  0.74248427E+00  0.21500366E+04  0.29007088E+05 -0.13422156E+03  0.00000000E+00  0.11097563E+06 -0.17120934E+04
  0.76506323E+00  0.20888127E+04  0.29028057E+05 -0.10789576E+03  0.00000000E+00  0.11097563E+06 -0.17018988E+04
  0.78778678E+00  0.20979128E+04  0.29007426E+05 -0.60364143E+02  0.00000000E+00  0.11097563E+06 -0.17458983E+04
  0.81252217E+00  0.21272388E+04  0.28955301E+05  0.65900908E+01  0.00000000E+00  0.11097563E+06 -0.17900116E+04
  0.83700627E+00  0.21535544E+04  0.28864906E+05  0.37719906E+02  0.00000000E+00  0.11097563E+06 -0.17533000E+04
  0.86197680E+00  0.22031345E+04  0.28754320E+05  0.90456642E+02  0.00000000E+00  0.11097563E+06 -0.17538606E+04
  0.88517141E+00  0.21813484E+04  0.28606611E+05  0.20914445E+03  0.00000000E+00  0.11097563E+06 -0.17049664E+04
  0.90810138E+00  0.20969910E+04  0.28453781E+05  0.35554254E+03  0.00000000E+00  0.11097563E+06 -0.16007225E+04
  0.93070590E+00  0.20537556E+04  0.28378180E+05  0.41008298E+03  0.00000000E+00  0.11097563E+06 -0.15349791E+04
  0.95362574E+00  0.19082987E+04  0.28291828E+05  0.51806116E+03  0.00000000E+00  0.11097563E+06 -0.14121947E+04
  0.97690290E+00  0.18113262E+04  0.28189588E+05  0.62839905E+03  0.00000000E+00  0.11097563E+06 -0.13076678E+04
  0.10001950E+01  0.17983009E+04  0.28148947E+05  0.67922748E+03  0.00000000E+00  0.11097563E+06 -0.13060907E+04
  0.10229757E+01  0.18546470E+04  0.28146500E+05  0.70152148E+03  0.00000000E+00  0.11097563E+06 -0.13929485E+04
  0.10472453E+01  0.19657051E+04  0.28159705E+05  0.72722540E+03  0.00000000E+00  0.11097563E+06 -0.15604520E+04
  0.10712798E+01  0.20182465E+04  0.28245570E+05  0.81924457E+03  0.00000000E+00  0.11097563E+06 -0.17964445E+04
  0.10959101E+01  0.20425088E+04  0.28366982E+05  0.86095721E+03  0.00000000E+00  0.11097563E+06 -0.20128431E+04
  0.11208068E+01  0.19829691E+04  0.28449299E+05  0.93656873E+03  0.00000000E+00  0.11097563E+06 -0.21171243E+04
  0.11457311E+01  0.18434619E+04  0.28528760E+05  0.10584476E+04  0.00000000E+00  0.11097563E+06 -0.21794468E+04
  0.11702656E+01  0.17889039E+04  0.28639855E+05  0.11269625E+04  0.00000000E+00  0.11097563E+06 -0.23221157E+04
  0.11941103E+01  0.17490236E+04  0.28746924E+05  0.12118557E+04  0.00000000E+00  0.11097563E+06 -0.24893594E+04
  0.12177521E+01  0.16808428E+04  0.28937404E+05  0.12195966E+04  0.00000000E+00  0.11097563E+06 -0.26273892E+04
  0.12421188E+01  0.15536656E+04  0.29124229E+05  0.11841562E+04  0.00000000E+00  0.11097563E+06 -0.26661475E+04
  0.12667769E+01  0.14762019E+04  0.29173305E+05  0.11787517E+04  0.00000000E+00  0.11097563E+06 -0.26335688E+04
  0.12913108E+01  0.13859800E+04  0.29232223E+05  0.12375129E+04  0.00000000E+00  0.11097563E+06 -0.26750505E+04
  0.13162864E+01  0.13877400E+04  0.29286119E+05  0.11909957E+04  0.00000000E+00  0.11097563E+06 -0.26957256E+04
  0.13410821E+01  0.14584392E+04  0.29237805E+05  0.11693291E+04  0.00000000E+00  0.11097563E+06 -0.26951406E+04
  0.13656976E+01  0.15478456E+04  0.29230814E+05  0.11757190E+04  0.00000000E+00  0.11097563E+06 -0.27923147E+04
  0.13883728E+01  0.15716796E+04  0.29250686E+05  0.11495814E+04  0.00000000E+00  0.11097563E+06 -0.28245637E+04
  0.14110749E+01  0.15422839E+04  0.29186537E+05  0.11354670E+04  0.00000000E+00  0.11097563E+06 -0.27080686E+04
  0.14352359E+01  0.17765034E+04  0.29093637E+05  0.10315692E+04  0.00000000E+00  0.11097563E+06 -0.27582195E+04
  0.14589939E+01  0.18450460E+04  0.29055172E+05  0.10444863E+04  0.00000000E+00  0.11097563E+06 -0.28199314E+04
  0.14834126E+01  0.18180609E+04  0.29015947E+05  0.10398223E+04  0.00000000E+00  0.11097563E+06 -0.27519883E+04
  0.15082037E+01  0.22023398E+04  0.28982961E+05  0.81262335E+03  0.00000000E+00  0.11097563E+06 -0.28912883E+04
  0.15309365E+01  0.22783557E+04  0.28969365E+05  0.77537549E+03  0.00000000E+00  0.11097563E+06 -0.29309204E+04
  0.15541869E+01  0.22061509E+04  0.28968621E+05  0.79857471E+03  0.00000000E+00  0.11097563E+06 -0.28990557E+04
  0.15771935E+01  0.35191230E+04  0.29030018E+05  0.14748444E+03  0.00000000E+00  0.11097563E+06 -0.36508474E+04
  0.16018894E+01  0.43454497E+04  0.29243057E+05 -0.48171115E+03  0.00000000E+00  0.11097563E+06 -0.40980552E+04
  0.16261674E+01  0.46649741E+04  0.29594340E+05 -0.12624182E+04  0.00000000E+00  0.11097563E+06 -0.40381746E+04
  0.16497673E+01  0.64098818E+04  0.29923611E+05 -0.27764517E+04  0.00000000E+00  0.11097563E+06 -0.45788555E+04
  0.16724740E+01  0.73525483E+04  0.30322293E+05 -0.37057832E+04  0.00000000E+00  0.11097563E+06 -0.50293896E+04
  0.16946962E+01  0.81972773E+04  0.30828117E+05 -0.44201797E+04  0.00000000E+00  0.11097563E+06 -0.56942930E+04
  0.17175553E+01  0.91842744E+04  0.31418158E+05 -0.52695991E+04  0.00000000E+00  0.11097563E+06 -0.64672485E+04
  0.17397965E+01  0.89398262E+04  0.32044479E+05 -0.59500532E+04  0.00000000E+00  0.11097563E+06 -0.61470464E+04
  0.17629076E+01  0.92700977E+04  0.32465186E+05 -0.68123394E+04  0.00000000E+00  0.11097563E+06 -0.60399810E+04
  0.17865359E+01  0.10898167E+05  0.32991277E+05 -0.75044341E+04  0.00000000E+00  0.11097563E+06 -0.76392695E+04
  0.18088566E+01  0.93492305E+04  0.33614559E+05 -0.65159136E+04  0.00000000E+00  0.11097563E+06 -0.77320938E+04
  0.18325557E+01  0.17330818E+05  0.34524188E+05 -0.10583206E+05  0.00000000E+00  0.11097563E+06 -0.12659414E+05
  0.18552468E+01  0.22448705E+05  0.35728766E+05 -0.14174630E+05  0.00000000E+00  0.11097563E+06 -0.15501000E+05
  0.18781860E+01  0.22671393E+05  0.37211086E+05 -0.15095914E+05  0.00000000E+00  0.11097563E+06 -0.16287021E+05
  0.19013618E+01  0.21821588E+05  0.38641184E+05 -0.16739729E+05  0.00000000E+00  0.11097563E+06 -0.15180415E+05
  0.19241335E+01  0.22367789E+05  0.39998598E+05 -0.17441219E+05  0.00000000E+00  0.11097563E+06 -0.16389342E+05
  0.19462798E+01  0.19275861E+05  0.41345191E+05 -0.15022836E+05  0.00000000E+00  0.11097563E+06 -0.17139645E+05
  0.19693402E+01  0.17652746E+05  0.42640332E+05 -0.14679398E+05  0.00000000E+00  0.11097563E+06 -0.17171801E+05
  0.19927423E+01  0.15834220E+05  0.43846465E+05 -0.14055576E+05  0.00000000E+00  0.11097563E+06 -0.17182635E+05
  0.20169985E+01  0.14590044E+05  0.44991262E+05 -0.13809903E+05  0.00000000E+00  0.11097563E+06 -0.17347078E+05
  0.20394945E+01  0.13122284E+05  0.45988297E+05 -0.13208191E+05  0.00000000E+00  0.11097563E+06 -0.17476512E+05
  0.20632491E+01  0.11815321E+05  0.46913129E+05 -0.12732942E+05  0.00000000E+00  0.11097563E+06 -0.17575756E+05
  0.20862157E+01  0.11216786E+05  0.47698797E+05 -0.12777130E+05  0.00000000E+00  0.11097563E+06 -0.17733010E+05
  0.21092193E+01  0.10221589E+05  0.48393570E+05 -0.12425894E+05  0.00000000E+00  0.11097563E+06 -0.17780639E+05
  0.21323595E+01  0.97353652E+04  0.48985059E+05 -0.12509198E+05  0.00000000E+00  0.11097563E+06 -0.17800379E+05
  0.21549332E+01  0.93318203E+04  0.49450738E+05 -0.12455402E+05  0.00000000E+00  0.11097563E+06 -0.17929443E+05
  0.21777852E+01  0.87342607E+04  0.49804355E+05 -0.12132624E+05  0.00000000E+00  0.11097563E+06 -0.18005455E+05
  0.22014740E+01  0.77382451E+04  0.50049094E+05 -0.11373149E+05  0.00000000E+00  0.11097563E+06 -0.18008580E+05
  0.22237236E+01  0.77813252E+04  0.50168906E+05 -0.11524465E+05  0.00000000E+00  0.11097563E+06 -0.18021971E+05
  0.22479331E+01  0.75512056E+04  0.50175199E+05 -0.11308549E+05  0.00000000E+00  0.11097563E+06 -0.18007832E+05
  0.22722826E+01  0.74619375E+04  0.50053883E+05 -0.11146037E+05  0.00000000E+00  0.11097563E+06 -0.17956553E+05
  0.22951610E+01  0.74638101E+04  0.49833352E+05 -0.11015563E+05  0.00000000E+00  0.11097563E+06 -0.17858693E+05
  0.23183682E+01  0.72740298E+04  0.49527332E+05 -0.10710314E+05  0.00000000E+00  0.11097563E+06 -0.17642541E+05
  0.23419199E+01  0.72493311E+04  0.49150031E+05 -0.10578585E+05  0.00000000E+00  0.11097563E+06 -0.17369898E+05
  0.23662848E+01  0.67465049E+04  0.48699883E+05 -0.98976436E+04  0.00000000E+00  0.11097563E+06 -0.17064344E+05
  0.23906395E+01  0.62600430E+04  0.48202340E+05 -0.90848682E+04  0.00000000E+00  0.11097563E+06 -0.16875518E+05
  0.24132347E+01  0.58620547E+04  0.47742133E+05 -0.83813350E+04  0.00000000E+00  0.11097563E+06 -0.16717340E+05
  0.24368382E+01  0.58334272E+04  0.47298973E+05 -0.80994077E+04  0.00000000E+00  0.11097563E+06 -0.16499549E+05
  0.24607089E+01  0.59988228E+04  0.46880836E+05 -0.76331118E+04  0.00000000E+00  0.11097563E+06 -0.16745740E+05
  0.24837065E+01  0.62284443E+04  0.46517637E+05 -0.71911074E+04  0.00000000E+00  0.11097563E+06 -0.17053217E+05
  0.25069497E+01  0.67497563E+04  0.46195816E+05 -0.72412568E+04  0.00000000E+00  0.11097563E+06 -0.17214658E+05
  0.25305529E+01  0.72466108E+04  0.45867227E+05 -0.70952363E+04  0.00000000E+00  0.11097563E+06 -0.17559080E+05
  0.25537727E+01  0.71685991E+04  0.45530316E+05 -0.65498628E+04  0.00000000E+00  0.11097563E+06 -0.17682744E+05
  0.25777397E+01  0.71322432E+04  0.45147422E+05 -0.63034341E+04  0.00000000E+00  0.11097563E+06 -0.17506660E+05
  0.26003473E+01  0.69998901E+04  0.44732828E+05 -0.59034385E+04  0.00000000E+00  0.11097563E+06 -0.17339424E+05
  0.26246817E+01  0.67665298E+04  0.44239723E+05 -0.53131089E+04  0.00000000E+00  0.11097563E+06 -0.17183232E+05
  0.26473911E+01  0.66349775E+04  0.43745293E+05 -0.49305122E+04  0.00000000E+00  0.11097563E+06 -0.16934191E+05
  0.26697958E+01  0.63510151E+04  0.43249715E+05 -0.44099023E+04  0.00000000E+00  0.11097563E+06 -0.16642520E+05
  0.26943736E+01  0.63742612E+04  0.42736074E+05 -0.41383228E+04  0.00000000E+00  0.11097563E+06 -0.16398238E+05
  0.27173009E+01  0.66125503E+04  0.42309086E+05 -0.40495630E+04  0.00000000E+00  0.11097563E+06 -0.16295015E+05
  0.27417068E+01  0.68344146E+04  0.41934672E+05 -0.38918774E+04  0.00000000E+00  0.11097563E+06 -0.16293859E+05
  0.27644298E+01  0.70245649E+04  0.41685184E+05 -0.37723467E+04  0.00000000E+00  0.11097563E+06 -0.16359234E+05
  0.27872794E+01  0.70031006E+04  0.41546945E+05 -0.35561125E+04  0.00000000E+00  0.11097563E+06 -0.16416639E+05
  0.28104870E+01  0.68422085E+04  0.41524625E+05 -0.32563816E+04  0.00000000E+00  0.11097563E+06 -0.16541678E+05
  0.28344231E+01  0.69661890E+04  0.41610059E+05 -0.31905950E+04  0.00000000E+00  0.11097563E+06 -0.16843400E+05
  0.28576102E+01  0.68447754E+04  0.41786090E+05 -0.28448611E+04  0.00000000E+00  0.11097563E+06 -0.17285188E+05
  0.28811383E+01  0.62975332E+04  0.42032867E+05 -0.22183254E+04  0.00000000E+00  0.11097563E+06 -0.17614955E+05
  0.29044409E+01  0.60486572E+04  0.42310883E+05 -0.21234373E+04  0.00000000E+00  0.11097563E+06 -0.17761443E+05
  0.29282107E+01  0.57126304E+04  0.42593008E+05 -0.19418694E+04  0.00000000E+00  0.11097563E+06 -0.17902426E+05
  0.29528496E+01  0.56947515E+04  0.42847984E+05 -0.20438628E+04  0.00000000E+00  0.11097563E+06 -0.18049303E+05
  0.29763296E+01  0.55552061E+04  0.43044867E+05 -0.21441643E+04  0.00000000E+00  0.11097563E+06 -0.18006604E+05
  0.29989145E+01  0.52014009E+04  0.43155039E+05 -0.19134037E+04  0.00000000E+00  0.11097563E+06 -0.17986678E+05
  0.30223951E+01  0.51685352E+04  0.43172930E+05 -0.18156904E+04  0.00000000E+00  0.11097563E+06 -0.18075809E+05
  0.30448370E+01  0.52281294E+04  0.43103770E+05 -0.18458669E+04  0.00000000E+00  0.11097563E+06 -0.18033043E+05
  0.30678513E+01  0.51683950E+04  0.42942898E+05 -0.16867634E+04  0.00000000E+00  0.11097563E+06 -0.17955939E+05
  0.30915694E+01  0.51875210E+04  0.42697016E+05 -0.14898055E+04  0.00000000E+00  0.11097563E+06 -0.17920236E+05
  0.31148000E+01  0.50063804E+04  0.42412719E+05 -0.12740874E+04  0.00000000E+00  0.11097563E+06 -0.17666408E+05
  0.31375456E+01  0.45770498E+04  0.42128859E+05 -0.79669006E+03  0.00000000E+00  0.11097563E+06 -0.17393078E+05
  0.31617873E+01  0.43706382E+04  0.41867051E+05 -0.31322882E+03  0.00000000E+00  0.11097563E+06 -0.17411824E+05
  0.31843693E+01  0.44897100E+04  0.41700133E+05 -0.37359061E+03  0.00000000E+00  0.11097563E+06 -0.17291049E+05
  0.32079442E+01  0.45556421E+04  0.41611352E+05 -0.36829587E+03  0.00000000E+00  0.11097563E+06 -0.17275412E+05
  0.32318966E+01  0.44858423E+04  0.41594910E+05 -0.86602013E+02  0.00000000E+00  0.11097563E+06 -0.17497078E+05
  0.32552633E+01  0.45251479E+04  0.41638809E+05 -0.13473628E+03  0.00000000E+00  0.11097563E+06 -0.17534596E+05
  0.32778802E+01  0.43791514E+04  0.41714566E+05 -0.29028011E+02  0.00000000E+00  0.11097563E+06 -0.17573982E+05
  0.33006639E+01  0.41433047E+04  0.41799781E+05  0.27945224E+03  0.00000000E+00  0.11097563E+06 -0.17751375E+05
  0.33243816E+01  0.40994180E+04  0.41892859E+05  0.21559805E+03  0.00000000E+00  0.11097563E+06 -0.17736494E+05
  0.33479948E+01  0.37600432E+04  0.41976340E+05  0.46822729E+03  0.00000000E+00  0.11097563E+06 -0.17743152E+05
  0.33719516E+01  0.37190327E+04  0.42028961E+05  0.62851514E+03  0.00000000E+00  0.11097563E+06 -0.17917146E+05
  0.33950956E+01  0.36052556E+04  0.42043305E+05  0.79622650E+03  0.00000000E+00  0.11097563E+06 -0.17993719E+05
  0.34184747E+01  0.35216414E+04  0.42015527E+05  0.95789374E+03  0.00000000E+00  0.11097563E+06 -0.18051410E+05
  0.34413924E+01  0.36712678E+04  0.41940340E+05  0.10080776E+04  0.00000000E+00  0.11097563E+06 -0.18176564E+05
  0.34643421E+01  0.37946995E+04  0.41822668E+05  0.99181732E+03  0.00000000E+00  0.11097563E+06 -0.18166744E+05
  0.34885082E+01  0.37750544E+04  0.41665891E+05  0.11058323E+04  0.00000000E+00  0.11097563E+06 -0.18097461E+05
  0.35113561E+01  0.38486760E+04  0.41495453E+05  0.12066776E+04  0.00000000E+00  0.11097563E+06 -0.18099936E+05
  0.35345323E+01  0.37981731E+04  0.41315688E+05  0.13889727E+04  0.00000000E+00  0.11097563E+06 -0.18046537E+05
  0.35584035E+01  0.36679749E+04  0.41150008E+05  0.15943879E+04  0.00000000E+00  0.11097563E+06 -0.17944281E+05
  0.35830257E+01  0.36441042E+04  0.41022137E+05  0.16734379E+04  0.00000000E+00  0.11097563E+06 -0.17870113E+05
  0.36077271E+01  0.35645452E+04  0.40942477E+05  0.18608665E+04  0.00000000E+00  0.11097563E+06 -0.17900531E+05
  0.36326590E+01  0.35215540E+04  0.40907629E+05  0.19394014E+04  0.00000000E+00  0.11097563E+06 -0.17902008E+05
  0.36560721E+01  0.35428669E+04  0.40904781E+05  0.19873318E+04  0.00000000E+00  0.11097563E+06 -0.17970303E+05
  0.36798525E+01  0.35989736E+04  0.40919832E+05  0.20962646E+04  0.00000000E+00  0.11097563E+06 -0.18171420E+05
  0.37036941E+01  0.37190479E+04  0.40944559E+05  0.20472474E+04  0.00000000E+00  0.11097563E+06 -0.18278340E+05
  0.37262542E+01  0.37366309E+04  0.40961602E+05  0.20941008E+04  0.00000000E+00  0.11097563E+06 -0.18362746E+05
  0.37497151E+01  0.37679092E+04  0.40964742E+05  0.21652993E+04  0.00000000E+00  0.11097563E+06 -0.18484332E+05
  0.37726676E+01  0.36611584E+04  0.40953320E+05  0.22784363E+04  0.00000000E+00  0.11097563E+06 -0.18480086E+05
  0.37965379E+01  0.35070078E+04  0.40921262E+05  0.23687317E+04  0.00000000E+00  0.11097563E+06 -0.18385711E+05
  0.38206556E+01  0.33391152E+04  0.40863469E+05  0.25164287E+04  0.00000000E+00  0.11097563E+06 -0.18300223E+05
  0.38449352E+01  0.31260481E+04  0.40784949E+05  0.27472725E+04  0.00000000E+00  0.11097563E+06 -0.18234953E+05
  0.38689070E+01  0.29143474E+04  0.40699125E+05  0.29023506E+04  0.00000000E+00  0.11097563E+06 -0.18092311E+05
  0.38920069E+01  0.28190215E+04  0.40616938E+05  0.30209897E+04  0.00000000E+00  0.11097563E+06 -0.18021586E+05
  0.39150565E+01  0.27667761E+04  0.40545172E+05  0.31219524E+04  0.00000000E+00  0.11097563E+06 -0.17996178E+05
  0.39384940E+01  0.27437947E+04  0.40486957E+05  0.31300713E+04  0.00000000E+00  0.11097563E+06 -0.17921766E+05
  0.39624908E+01  0.28153347E+04  0.40444117E+05  0.31931072E+04  0.00000000E+00  0.11097563E+06 -0.18013979E+05
  0.39867508E+01  0.29461365E+04  0.40441219E+05  0.31140874E+04  0.00000000E+00  0.11097563E+06 -0.18065486E+05
  0.40093422E+01  0.29395732E+04  0.40468156E+05  0.31148721E+04  0.00000000E+00  0.11097563E+06 -0.18084691E+05
  0.40334802E+01  0.29908687E+04  0.40512598E+05  0.31410537E+04  0.00000000E+00  0.11097563E+06 -0.18218156E+05
  0.40575795E+01  0.29748132E+04  0.40589668E+05  0.30460488E+04  0.00000000E+00  0.11097563E+06 -0.18175178E+05
  0.40823998E+01  0.28485146E+04  0.40700941E+05  0.30177068E+04  0.00000000E+00  0.11097563E+06 -0.18129367E+05
  0.41070275E+01  0.25842144E+04  0.40832629E+05  0.31726262E+04  0.00000000E+00  0.11097563E+06 -0.18153988E+05
  0.41312742E+01  0.23860098E+04  0.40990168E+05  0.30752903E+04  0.00000000E+00  0.11097563E+06 -0.17997092E+05
  0.41553535E+01  0.20995459E+04  0.41171617E+05  0.31324553E+04  0.00000000E+00  0.11097563E+06 -0.17946447E+05
  0.41796007E+01  0.18432650E+04  0.41379367E+05  0.32788525E+04  0.00000000E+00  0.11097563E+06 -0.18051844E+05
  0.42041245E+01  0.18125045E+04  0.41619426E+05  0.30726235E+04  0.00000000E+00  0.11097563E+06 -0.18053119E+05
  0.42290425E+01  0.17050106E+04  0.41879961E+05  0.30319517E+04  0.00000000E+00  0.11097563E+06 -0.18165184E+05
  0.42515645E+01  0.16701117E+04  0.42117969E+05  0.30649568E+04  0.00000000E+00  0.11097563E+06 -0.18429299E+05
  0.42764745E+01  0.16815215E+04  0.42374574E+05  0.29362754E+04  0.00000000E+00  0.11097563E+06 -0.18581086E+05
  0.42994971E+01  0.15434257E+04  0.42589324E+05  0.29607588E+04  0.00000000E+00  0.11097563E+06 -0.18683338E+05
  0.43228269E+01  0.15040354E+04  0.42775855E+05  0.29737400E+04  0.00000000E+00  0.11097563E+06 -0.18866088E+05
  0.43455596E+01  0.14035931E+04  0.42923328E+05  0.29734607E+04  0.00000000E+00  0.11097563E+06 -0.18914234E+05
  0.43685865E+01  0.13045071E+04  0.43021984E+05  0.29629377E+04  0.00000000E+00  0.11097563E+06 -0.18901785E+05
  0.43916540E+01  0.12983936E+04  0.43062211E+05  0.29837222E+04  0.00000000E+00  0.11097563E+06 -0.18966990E+05
  0.44165254E+01  0.12365825E+04  0.43048379E+05  0.30681753E+04  0.00000000E+00  0.11097563E+06 -0.18976822E+05
  0.44392400E+01  0.12182573E+04  0.42982188E+05  0.31079358E+04  0.00000000E+00  0.11097563E+06 -0.18926266E+05
  0.44624810E+01  0.12765276E+04  0.42856621E+05  0.31849036E+04  0.00000000E+00  0.11097563E+06 -0.18939320E+05
  0.44856896E+01  0.13114330E+04  0.42686227E+05  0.32850081E+04  0.00000000E+00  0.11097563E+06 -0.18904049E+05
  0.45089660E+01  0.13519115E+04  0.42476660E+05  0.33615024E+04  0.00000000E+00  0.11097563E+06 -0.18800082E+05
  0.45325508E+01  0.14744014E+04  0.42219371E+05  0.34725493E+04  0.00000000E+00  0.11097563E+06 -0.18776242E+05
  0.45560112E+01  0.15572300E+04  0.41939430E+05  0.36147271E+04  0.00000000E+00  0.11097563E+06 -0.18717855E+05
  0.45807929E+01  0.16347778E+04  0.41636633E+05  0.37035073E+04  0.00000000E+00  0.11097563E+06 -0.18567732E+05
  0.46034603E+01  0.17278264E+04  0.41353477E+05  0.38309216E+04  0.00000000E+00  0.11097563E+06 -0.18503650E+05
  0.46279511E+01  0.17913214E+04  0.41060238E+05  0.39957856E+04  0.00000000E+00  0.11097563E+06 -0.18431719E+05
  0.46520519E+01  0.18261166E+04  0.40808250E+05  0.40688269E+04  0.00000000E+00  0.11097563E+06 -0.18270359E+05
  0.46745663E+01  0.18249087E+04  0.40608645E+05  0.41544839E+04  0.00000000E+00  0.11097563E+06 -0.18153070E+05
  0.46993518E+01  0.18051305E+04  0.40434160E+05  0.43186733E+04  0.00000000E+00  0.11097563E+06 -0.18119812E+05
  0.47239428E+01  0.18080967E+04  0.40321250E+05  0.44215098E+04  0.00000000E+00  0.11097563E+06 -0.18112521E+05
  0.47487950E+01  0.18630837E+04  0.40262094E+05  0.43966045E+04  0.00000000E+00  0.11097563E+06 -0.18079457E+05
  0.47732053E+01  0.19389497E+04  0.40245961E+05  0.44529658E+04  0.00000000E+00  0.11097563E+06 -0.18209742E+05
  0.47976036E+01  0.20699353E+04  0.40269961E+05  0.44706562E+04  0.00000000E+00  0.11097563E+06 -0.18384182E+05
  0.48222070E+01  0.21852400E+04  0.40320648E+05  0.43708638E+04  0.00000000E+00  0.11097563E+06 -0.18461607E+05
  0.48463502E+01  0.22971499E+04  0.40373098E+05  0.43288062E+04  0.00000000E+00  0.11097563E+06 -0.18599549E+05
  0.48704591E+01  0.23696233E+04  0.40429906E+05  0.43200269E+04  0.00000000E+00  0.11097563E+06 -0.18721783E+05
  0.48953323E+01  0.23240605E+04  0.40486199E+05  0.43276055E+04  0.00000000E+00  0.11097563E+06 -0.18744830E+05
  0.49181018E+01  0.23818472E+04  0.40519453E+05  0.42574077E+04  0.00000000E+00  0.11097563E+06 -0.18770898E+05
  0.49409380E+01  0.22336340E+04  0.40543141E+05  0.43900649E+04  0.00000000E+00  0.11097563E+06 -0.18779434E+05
  0.49639091E+01  0.22202795E+04  0.40562387E+05  0.43627026E+04  0.00000000E+00  0.11097563E+06 -0.18755957E+05
  0.49869423E+01  0.21033833E+04  0.40570840E+05  0.44689805E+04  0.00000000E+00  0.11097563E+06 -0.18753422E+05
  0.50098577E+01  0.20145278E+04  0.40573723E+05  0.45187700E+04  0.00000000E+00  0.11097563E+06 -0.18718107E+05
  0.50329843E+01  0.19099851E+04  0.40580500E+05  0.45469502E+04  0.00000000E+00  0.11097563E+06 -0.18640395E+05
  0.50565019E+01  0.18879227E+04  0.40590176E+05  0.45531802E+04  0.00000000E+00  0.11097563E+06 -0.18634814E+05
  0.50806527E+01  0.17835309E+04  0.40603941E+05  0.46858765E+04  0.00000000E+00  0.11097563E+06 -0.18682580E+05
  0.51040258E+01  0.17795585E+04  0.40627980E+05  0.46170620E+04  0.00000000E+00  0.11097563E+06 -0.18626443E+05
  0.51277995E+01  0.17156442E+04  0.40657961E+05  0.46224873E+04  0.00000000E+00  0.11097563E+06 -0.18597559E+05
  0.51515064E+01  0.16643624E+04  0.40687215E+05  0.46899629E+04  0.00000000E+00  0.11097563E+06 -0.18647949E+05
  0.51743565E+01  0.15843270E+04  0.40717605E+05  0.47014395E+04  0.00000000E+00  0.11097563E+06 -0.18601887E+05
  0.51976485E+01  0.14821769E+04  0.40745699E+05  0.47186650E+04  0.00000000E+00  0.11097563E+06 -0.18543338E+05
  0.52214031E+01  0.13882234E+04  0.40770309E+05  0.48040728E+04  0.00000000E+00  0.11097563E+06 -0.18559391E+05
  0.52453904E+01  0.12737601E+04  0.40800410E+05  0.48628809E+04  0.00000000E+00  0.11097563E+06 -0.18528059E+05
  0.52697930E+01  0.11182833E+04  0.40836211E+05  0.49202051E+04  0.00000000E+00  0.11097563E+06 -0.18464693E+05
  0.52948360E+01  0.10478254E+04  0.40877422E+05  0.49784575E+04  0.00000000E+00  0.11097563E+06 -0.18495113E+05
  0.53193603E+01  0.99694220E+03  0.40933223E+05  0.50285264E+04  0.00000000E+00  0.11097563E+06 -0.18555611E+05
  0.53423462E+01  0.10502870E+04  0.40997574E+05  0.49617861E+04  0.00000000E+00  0.11097563E+06 -0.18607938E+05
  0.53652225E+01  0.11701039E+04  0.41063574E+05  0.49020884E+04  0.00000000E+00  0.11097563E+06 -0.18747662E+05
  0.53886256E+01  0.12745077E+04  0.41133305E+05  0.48641494E+04  0.00000000E+00  0.11097563E+06 -0.18898971E+05
  0.54128461E+01  0.13913708E+04  0.41206113E+05  0.47431733E+04  0.00000000E+00  0.11097563E+06 -0.18970332E+05
  0.54378572E+01  0.14581476E+04  0.41264457E+05  0.46896626E+04  0.00000000E+00  0.11097563E+06 -0.19051793E+05
  0.54609923E+01  0.14753442E+04  0.41293344E+05  0.46996265E+04  0.00000000E+00  0.11097563E+06 -0.19115207E+05
  0.54841013E+01  0.14857689E+04  0.41298707E+05  0.46681567E+04  0.00000000E+00  0.11097563E+06 -0.19101977E+05
  0.55074029E+01  0.14358689E+04  0.41277898E+05  0.47012603E+04  0.00000000E+00  0.11097563E+06 -0.19061951E+05
  0.55310597E+01  0.14104209E+04  0.41227871E+05  0.47649087E+04  0.00000000E+00  0.11097563E+06 -0.19051992E+05
  0.55546832E+01  0.13677294E+04  0.41154680E+05  0.48422402E+04  0.00000000E+00  0.11097563E+06 -0.19012301E+05
  0.55781522E+01  0.13531696E+04  0.41065840E+05  0.48651479E+04  0.00000000E+00  0.11097563E+06 -0.18923236E+05
  0.56015825E+01  0.13521736E+04  0.40967332E+05  0.49382012E+04  0.00000000E+00  0.11097563E+06 -0.18896268E+05
  0.56248651E+01  0.13546290E+04  0.40870234E+05  0.50369507E+04  0.00000000E+00  0.11097563E+06 -0.18900609E+05
  0.56482029E+01  0.14101237E+04  0.40785543E+05  0.50049141E+04  0.00000000E+00  0.11097563E+06 -0.18837824E+05
  0.56715760E+01  0.14215602E+04  0.40716242E+05  0.50314521E+04  0.00000000E+00  0.11097563E+06 -0.18797311E+05
  0.56947842E+01  0.14608566E+04  0.40665586E+05  0.50884819E+04  0.00000000E+00  0.11097563E+06 -0.18847537E+05
  0.57176685E+01  0.14879746E+04  0.40640254E+05  0.50832891E+04  0.00000000E+00  0.11097563E+06 -0.18842713E+05
  0.57424240E+01  0.14910380E+04  0.40636887E+05  0.50558413E+04  0.00000000E+00  0.11097563E+06 -0.18809484E+05
  0.57669535E+01  0.14822894E+04  0.40649012E+05  0.50976450E+04  0.00000000E+00  0.11097563E+06 -0.18859281E+05
  0.57913761E+01  0.14722095E+04  0.40675527E+05  0.50765225E+04  0.00000000E+00  0.11097563E+06 -0.18854186E+05
  0.58158660E+01  0.13946129E+04  0.40704051E+05  0.51066758E+04  0.00000000E+00  0.11097563E+06 -0.18831803E+05
  0.58403745E+01  0.13352286E+04  0.40721230E+05  0.51891792E+04  0.00000000E+00  0.11097563E+06 -0.18875404E+05
  0.58648505E+01  0.13339607E+04  0.40728602E+05  0.51542778E+04  0.00000000E+00  0.11097563E+06 -0.18846305E+05
  0.58896828E+01  0.12942333E+04  0.40717422E+05  0.52124814E+04  0.00000000E+00  0.11097563E+06 -0.18852578E+05
  0.59146008E+01  0.12666184E+04  0.40684996E+05  0.53403950E+04  0.00000000E+00  0.11097563E+06 -0.18922799E+05
  0.59373403E+01  0.13476442E+04  0.40645754E+05  0.52633940E+04  0.00000000E+00  0.11097563E+06 -0.18887061E+05
  0.59602933E+01  0.13453350E+04  0.40593492E+05  0.53037520E+04  0.00000000E+00  0.11097563E+06 -0.18871141E+05
  0.59832568E+01  0.13283533E+04  0.40533078E+05  0.54235308E+04  0.00000000E+00  0.11097563E+06 -0.18912959E+05
  0.60063491E+01  0.13821077E+04  0.40479168E+05  0.53842168E+04  0.00000000E+00  0.11097563E+06 -0.18870992E+05
  0.60292048E+01  0.13573281E+04  0.40434301E+05  0.54058599E+04  0.00000000E+00  0.11097563E+06 -0.18820422E+05
  0.60518131E+01  0.13640919E+04  0.40401766E+05  0.54506064E+04  0.00000000E+00  0.11097563E+06 -0.18839701E+05
  0.60743546E+01  0.13948408E+04  0.40391766E+05  0.54066001E+04  0.00000000E+00  0.11097563E+06 -0.18812490E+05
  0.60971217E+01  0.13229781E+04  0.40402184E+05  0.54426631E+04  0.00000000E+00  0.11097563E+06 -0.18786303E+05
  0.61218662E+01  0.13556014E+04  0.40428809E+05  0.54503691E+04  0.00000000E+00  0.11097563E+06 -0.18860408E+05
  0.61466465E+01  0.13282368E+04  0.40476402E+05  0.54459995E+04  0.00000000E+00  0.11097563E+06 -0.18874895E+05
  0.61698055E+01  0.12768940E+04  0.40534055E+05  0.54273477E+04  0.00000000E+00  0.11097563E+06 -0.18862756E+05
  0.61929111E+01  0.12893894E+04  0.40591215E+05  0.54377832E+04  0.00000000E+00  0.11097563E+06 -0.18954010E+05
  0.62154593E+01  0.12293972E+04  0.40648656E+05  0.54730293E+04  0.00000000E+00  0.11097563E+06 -0.18987576E+05
  0.62399011E+01  0.11726589E+04  0.40708051E+05  0.54237002E+04  0.00000000E+00  0.11097563E+06 -0.18936344E+05
  0.62640305E+01  0.11646538E+04  0.40745977E+05  0.54436743E+04  0.00000000E+00  0.11097563E+06 -0.18994143E+05
  0.62880306E+01  0.10593220E+04  0.40766383E+05  0.55583247E+04  0.00000000E+00  0.11097563E+06 -0.19024301E+05
  0.63126836E+01  0.97509167E+03  0.40774020E+05  0.55402344E+04  0.00000000E+00  0.11097563E+06 -0.18923291E+05
  0.63357148E+01  0.91630249E+03  0.40756809E+05  0.55873379E+04  0.00000000E+00  0.11097563E+06 -0.18893033E+05
  0.63587360E+01  0.81029572E+03  0.40717066E+05  0.57363096E+04  0.00000000E+00  0.11097563E+06 -0.18895549E+05
  0.63829603E+01  0.80545087E+03  0.40657836E+05  0.57299487E+04  0.00000000E+00  0.11097563E+06 -0.18816291E+05
  0.64071722E+01  0.88323322E+03  0.40573883E+05  0.57333398E+04  0.00000000E+00  0.11097563E+06 -0.18815068E+05
  0.64318094E+01  0.96147260E+03  0.40468430E+05  0.58042700E+04  0.00000000E+00  0.11097563E+06 -0.18857424E+05
  0.64566555E+01  0.10981670E+04  0.40356145E+05  0.57472109E+04  0.00000000E+00  0.11097563E+06 -0.18820154E+05
  0.64792547E+01  0.11981957E+04  0.40246340E+05  0.57731406E+04  0.00000000E+00  0.11097563E+06 -0.18839898E+05
  0.65019932E+01  0.12380382E+04  0.40137207E+05  0.58771133E+04  0.00000000E+00  0.11097563E+06 -0.18873619E+05
  0.65249200E+01  0.13112996E+04  0.40045301E+05  0.58196172E+04  0.00000000E+00  0.11097563E+06 -0.18787428E+05
  0.65481248E+01  0.12913859E+04  0.39969074E+05  0.58516538E+04  0.00000000E+00  0.11097563E+06 -0.18722039E+05
  0.65714660E+01  0.12849318E+04  0.39906012E+05  0.59517842E+04  0.00000000E+00  0.11097563E+06 -0.18754613E+05
  0.65945935E+01  0.12805178E+04  0.39867270E+05  0.59593159E+04  0.00000000E+00  0.11097563E+06 -0.18710377E+05
  0.66180573E+01  0.12108624E+04  0.39851141E+05  0.59862397E+04  0.00000000E+00  0.11097563E+06 -0.18650137E+05
  0.66416464E+01  0.12241721E+04  0.39853109E+05  0.60336772E+04  0.00000000E+00  0.11097563E+06 -0.18721564E+05
  0.66651115E+01  0.11793052E+04  0.39884520E+05  0.60714849E+04  0.00000000E+00  0.11097563E+06 -0.18745582E+05
  0.66887822E+01  0.11296470E+04  0.39945629E+05  0.60086943E+04  0.00000000E+00  0.11097563E+06 -0.18686947E+05
  0.67127500E+01  0.11351920E+04  0.40023562E+05  0.59923130E+04  0.00000000E+00  0.11097563E+06 -0.18767814E+05
  0.67361660E+01  0.10588862E+04  0.40120734E+05  0.60740337E+04  0.00000000E+00  0.11097563E+06 -0.18870760E+05
  0.67587523E+01  0.10449414E+04  0.40236848E+05  0.59760029E+04  0.00000000E+00  0.11097563E+06 -0.18875086E+05
  0.67813544E+01  0.99501581E+03  0.40360859E+05  0.59485278E+04  0.00000000E+00  0.11097563E+06 -0.18922371E+05
  0.68061914E+01  0.94470599E+03  0.40497574E+05  0.59761694E+04  0.00000000E+00  0.11097563E+06 -0.19049982E+05
  0.68307023E+01  0.87447003E+03  0.40634012E+05  0.59439570E+04  0.00000000E+00  0.11097563E+06 -0.19086607E+05
  0.68536291E+01  0.80194348E+03  0.40754211E+05  0.59168701E+04  0.00000000E+00  0.11097563E+06 -0.19108092E+05
  0.68765364E+01  0.74916388E+03  0.40860188E+05  0.59199785E+04  0.00000000E+00  0.11097563E+06 -0.19172410E+05
  0.68990436E+01  0.64266071E+03  0.40950676E+05  0.59695522E+04  0.00000000E+00  0.11097563E+06 -0.19208316E+05
  0.69228258E+01  0.59587915E+03  0.41026914E+05  0.59413862E+04  0.00000000E+00  0.11097563E+06 -0.19210506E+05
  0.69469533E+01  0.55944556E+03  0.41078348E+05  0.59427603E+04  0.00000000E+00  0.11097563E+06 -0.19229961E+05
  0.69706345E+01  0.52314874E+03  0.41100891E+05  0.59818130E+04  0.00000000E+00  0.11097563E+06 -0.19255930E+05
  0.69945660E+01  0.52713190E+03  0.41096500E+05  0.59750986E+04  0.00000000E+00  0.11097563E+06 -0.19249570E+05
