  0.00000000E+00  0.00000000E+00  0.00000000E+00  0.00000000E+00  0.10011619E+04  0.22874390E+04  0.12500000E+03  0.28312814E-02  0.69999999E+00  0.99999677E+03
  0.00000000E+00  0.50000000E+00  0.00000000E+00  0.00000000E+00  0.10109159E+04  0.22131203E+05  0.12500000E+03  0.43406053E-02  0.69999999E+00  0.99999500E+03
  0.00000000E+00  0.10000000E+01  0.00000000E+00  0.00000000E+00  0.10163657E+04  0.33729844E+05  0.12500000E+03  0.45335907E-02  0.69999999E+00  0.99999475E+03
  0.00000000E+00  0.15000000E+01  0.00000000E+00  0.00000000E+00  0.10186721E+04  0.38751887E+05  0.12500000E+03  0.17393206E-02  0.69999999E+00  0.99999799E+03
  0.00000000E+00  0.20000000E+01  0.00000000E+00  0.00000000E+00  0.10215590E+04  0.45134961E+05  0.12500000E+03 -0.23516794E-02  0.69999999E+00  0.10000027E+04
  0.00000000E+00  0.25000000E+01  0.00000000E+00  0.00000000E+00  0.10034740E+04  0.68874312E+04  0.12500000E+03  0.56504685E-03  0.69999999E+00  0.99999933E+03
  0.00000000E+00  0.30000000E+01  0.00000000E+00  0.00000000E+00  0.10000026E+04  0.51455903E+01  0.12500000E+03  0.38292605E-04  0.69999999E+00  0.99999994E+03
  0.00000000E+00  0.35000000E+01  0.00000000E+00  0.00000000E+00  0.10000000E+04  0.00000000E+00  0.12500000E+03  0.00000000E+00  0.69999999E+00  0.10000000E+04
  0.00000000E+00  0.40000000E+01  0.00000000E+00  0.00000000E+00  0.10000000E+04  0.00000000E+00  0.12500000E+03  0.00000000E+00  0.69999999E+00  0.10000000E+04
 -0.25000000E+00 -0.25000000E+00  0.00000000E+00  0.00000000E+00  0.10006414E+04  0.12607445E+04  0.12500000E+03  0.52005530E-03  0.69999999E+00  0.99999939E+03
 -0.25000000E+00  0.25000000E+00  0.00000000E+00  0.00000000E+00  0.10004086E+04  0.80251935E+03  0.12500000E+03  0.13105753E-02  0.69999999E+00  0.99999847E+03
 -0.25000000E+00  0.75000000E+00  0.00000000E+00  0.00000000E+00  0.10016543E+04  0.32618247E+04  0.12500000E+03  0.77735214E-03  0.69999999E+00  0.99999908E+03
 -0.25000000E+00  0.12500000E+01  0.00000000E+00  0.00000000E+00  0.10022811E+04  0.45062021E+04  0.12500000E+03  0.14151444E-02  0.69999999E+00  0.99999835E+03
 -0.25000000E+00  0.17500000E+01  0.00000000E+00  0.00000000E+00  0.10009045E+04  0.17795703E+04  0.12500000E+03 -0.46852196E-03  0.69999999E+00  0.10000005E+04
 -0.25000000E+00  0.22500000E+01  0.00000000E+00  0.00000000E+00  0.10015139E+04  0.29839109E+04  0.12500000E+03 -0.18548567E-03  0.69999999E+00  0.10000002E+04
 -0.25000000E+00  0.27500000E+01  0.00000000E+00  0.00000000E+00  0.10000007E+04  0.14033347E+01  0.12500000E+03  0.17473474E-04  0.69999999E+00  0.10000000E+04
 -0.25000000E+00  0.32500000E+01  0.00000000E+00  0.00000000E+00  0.10000000E+04  0.00000000E+00  0.12500000E+03  0.45522582E-40  0.69999999E+00  0.10000000E+04
 -0.25000000E+00  0.37500000E+01  0.00000000E+00  0.00000000E+00  0.10000000E+04  0.00000000E+00  0.12500000E+03  0.00000000E+00  0.69999999E+00  0.10000000E+04
  0.80000000E+01  0.00000000E+00  0.00000000E+00  0.00000000E+00  0.10000000E+04  0.00000000E+00  0.12500000E+03  0.00000000E+00  0.69999999E+00  0.10000000E+04
  0.80000000E+01  0.50000000E+00  0.00000000E+00  0.00000000E+00  0.10000000E+04  0.00000000E+00  0.12500000E+03  0.00000000E+00  0.69999999E+00  0.10000000E+04
  0.80000000E+01  0.10000000E+01  0.00000000E+00  0.00000000E+00  0.10000000E+04  0.00000000E+00  0.12500000E+03  0.00000000E+00  0.69999999E+00  0.10000000E+04
  0.80000000E+01  0.15000000E+01  0.00000000E+00  0.00000000E+00  0.10000000E+04  0.00000000E+00  0.12500000E+03  0.00000000E+00  0.69999999E+00  0.10000000E+04
  0.80000000E+01  0.20000000E+01  0.00000000E+00  0.00000000E+00  0.10000000E+04  0.00000000E+00  0.12500000E+03  0.00000000E+00  0.69999999E+00  0.10000000E+04
  0.80000000E+01  0.25000000E+01  0.00000000E+00  0.00000000E+00  0.10000000E+04  0.00000000E+00  0.12500000E+03  0.00000000E+00  0.69999999E+00  0.10000000E+04
  0.80000000E+01  0.30000000E+01  0.00000000E+00  0.00000000E+00  0.10000000E+04  0.00000000E+00  0.12500000E+03  0.00000000E+00  0.69999999E+00  0.10000000E+04
  0.80000000E+01  0.35000000E+01  0.00000000E+00  0.00000000E+00  0.10000000E+04  0.00000000E+00  0.12500000E+03  0.00000000E+00  0.69999999E+00  0.10000000E+04
  0.80000000E+01  0.40000000E+01  0.00000000E+00  0.00000000E+00  0.10000000E+04  0.00000000E+00  0.12500000E+03  0.00000000E+00  0.69999999E+00  0.10000000E+04
  0.82500000E+01 -0.25000000E+00  0.00000000E+00  0.00000000E+00  0.10000000E+04  0.00000000E+00  0.12500000E+03  0.00000000E+00  0.69999999E+00  0.10000000E+04
  0.82500000E+01  0.25000000E+00  0.00000000E+00  0.00000000E+00  0.10000000E+04  0.00000000E+00  0.12500000E+03  0.00000000E+00  0.69999999E+00  0.10000000E+04
  0.82500000E+01  0.75000000E+00  0.00000000E+00  0.00000000E+00  0.10000000E+04  0.00000000E+00  0.12500000E+03  0.00000000E+00  0.69999999E+00  0.10000000E+04
  0.82500000E+01  0.12500000E+01  0.00000000E+00  0.00000000E+00  0.10000000E+04  0.00000000E+00  0.12500000E+03  0.00000000E+00  0.69999999E+00  0.10000000E+04
  0.82500000E+01  0.17500000E+01  0.00000000E+00  0.00000000E+00  0.10000000E+04  0.00000000E+00  0.12500000E+03  0.00000000E+00  0.69999999E+00  0.10000000E+04
  0.82500000E+01  0.22500000E+01  0.00000000E+00  0.00000000E+00  0.10000000E+04  0.00000000E+00  0.12500000E+03  0.00000000E+00  0.69999999E+00  0.10000000E+04
  0.82500000E+01  0.27500000E+01  0.00000000E+00  0.00000000E+00  0.10000000E+04  0.00000000E+00  0.12500000E+03  0.00000000E+00  0.69999999E+00  0.10000000E+04
  0.82500000E+01  0.32500000E+01  0.00000000E+00  0.00000000E+00  0.10000000E+04  0.00000000E+00  0.12500000E+03  0.00000000E+00  0.69999999E+00  0.10000000E+04
  0.82500000E+01  0.37500000E+01  0.00000000E+00  0.00000000E+00  0.10000000E+04  0.00000000E+00  0.12500000E+03  0.00000000E+00  0.69999999E+00  0.10000000E+04
  0.50000000E+00  0.00000000E+00  0.00000000E+00  0.00000000E+00  0.10447614E+04  0.10053495E+06  0.12500000E+03  0.14461556E-01  0.69999999E+00  0.99998273E+03
  0.10000000E+01  0.00000000E+00  0.00000000E+00  0.00000000E+00  0.10668674E+04  0.16064898E+06  0.12500000E+03  0.86437818E-02  0.69999999E+00  0.99998944E+03
  0.15000000E+01  0.00000000E+00  0.00000000E+00  0.00000000E+00  0.10270990E+04  0.57691285E+05  0.12500000E+03  0.24757013E-01  0.69999999E+00  0.99997095E+03
  0.20000000E+01  0.00000000E+00  0.00000000E+00  0.00000000E+00  0.11272236E+04  0.36785828E+06  0.12500000E+03  0.29078202E-01  0.69999999E+00  0.99996252E+03
  0.25000000E+01  0.00000000E+00  0.00000000E+00  0.00000000E+00  0.10388466E+04  0.85697328E+05  0.12500000E+03  0.10357976E-01  0.69999999E+00  0.99998773E+03
  0.30000000E+01  0.00000000E+00  0.00000000E+00  0.00000000E+00  0.10275227E+04  0.58668383E+05  0.12500000E+03  0.12055898E-01  0.69999999E+00  0.99998584E+03
  0.35000000E+01  0.00000000E+00  0.00000000E+00  0.00000000E+00  0.10001691E+04  0.33182233E+03  0.12500000E+03  0.51324302E-02  0.69999999E+00  0.99999414E+03
  0.40000000E+01  0.00000000E+00  0.00000000E+00  0.00000000E+00  0.10000137E+04  0.26898298E+02  0.12500000E+03 -0.68247195E-04  0.69999999E+00  0.10000001E+04
  0.45000000E+01  0.00000000E+00  0.00000000E+00  0.00000000E+00  0.10000000E+04  0.00000000E+00  0.12500000E+03  0.23516367E-38  0.69999999E+00  0.10000000E+04
  0.50000000E+01  0.00000000E+00  0.00000000E+00  0.00000000E+00  0.10000000E+04  0.00000000E+00  0.12500000E+03 -0.13228258E-40  0.69999999E+00  0.10000000E+04
  0.55000000E+01  0.00000000E+00  0.00000000E+00  0.00000000E+00  0.10000000E+04  0.00000000E+00  0.12500000E+03  0.00000000E+00  0.69999999E+00  0.10000000E+04
  0.60000000E+01  0.00000000E+00  0.00000000E+00  0.00000000E+00  0.10000000E+04  0.00000000E+00  0.12500000E+03  0.00000000E+00  0.69999999E+00  0.10000000E+04
  0.65000000E+01  0.00000000E+00  0.00000000E+00  0.00000000E+00  0.10000000E+04  0.00000000E+00  0.12500000E+03  0.00000000E+00  0.69999999E+00  0.10000000E+04
  0.70000000E+01  0.00000000E+00  0.00000000E+00  0.00000000E+00  0.10000000E+04  0.00000000E+00  0.12500000E+03  0.00000000E+00  0.69999999E+00  0.10000000E+04
  0.75000000E+01  0.00000000E+00  0.00000000E+00  0.00000000E+00  0.10000000E+04  0.00000000E+00  0.12500000E+03  0.00000000E+00  0.69999999E+00  0.10000000E+04
  0.25000000E+00 -0.25000000E+00  0.00000000E+00  0.00000000E+00  0.10057311E+04  0.11439616E+05  0.12500000E+03  0.36040568E-02  0.69999999E+00  0.99999585E+03
  0.75000000E+00 -0.25000000E+00  0.00000000E+00  0.00000000E+00  0.10264409E+04  0.56178191E+05  0.12500000E+03  0.10347426E-01  0.69999999E+00  0.99998785E+03
  0.12500000E+01 -0.25000000E+00  0.00000000E+00  0.00000000E+00  0.10102963E+04  0.20836002E+05  0.12500000E+03  0.78969877E-02  0.69999999E+00  0.99999091E+03
  0.17500000E+01 -0.25000000E+00  0.00000000E+00  0.00000000E+00  0.10146443E+04  0.30025592E+05  0.12500000E+03  0.12142494E-01  0.69999999E+00  0.99998590E+03
  0.22500000E+01 -0.25000000E+00  0.00000000E+00  0.00000000E+00  0.10014141E+04  0.27861841E+04  0.12500000E+03  0.12497179E-01  0.69999999E+00  0.99998572E+03
  0.27500000E+01 -0.25000000E+00  0.00000000E+00  0.00000000E+00  0.10039639E+04  0.78701245E+04  0.12500000E+03  0.66520944E-02  0.69999999E+00  0.99999237E+03
  0.32500000E+01 -0.25000000E+00  0.00000000E+00  0.00000000E+00  0.10004011E+04  0.78798303E+03  0.12500000E+03  0.47236863E-02  0.69999999E+00  0.99999463E+03
  0.37500000E+01 -0.25000000E+00  0.00000000E+00  0.00000000E+00  0.10000070E+04  0.13565822E+02  0.12500000E+03 -0.15635355E-03  0.69999999E+00  0.10000002E+04
  0.42500000E+01 -0.25000000E+00  0.00000000E+00  0.00000000E+00  0.10000000E+04  0.00000000E+00  0.12500000E+03 -0.66936088E-35  0.69999999E+00  0.10000000E+04
  0.47500000E+01 -0.25000000E+00  0.00000000E+00  0.00000000E+00  0.10000000E+04  0.00000000E+00  0.12500000E+03 -0.49935439E-38  0.69999999E+00  0.10000000E+04
  0.52500000E+01 -0.25000000E+00  0.00000000E+00  0.00000000E+00  0.10000000E+04  0.00000000E+00  0.12500000E+03  0.00000000E+00  0.69999999E+00  0.10000000E+04
  0.57500000E+01 -0.25000000E+00  0.00000000E+00  0.00000000E+00  0.10000000E+04  0.00000000E+00  0.12500000E+03  0.00000000E+00  0.69999999E+00  0.10000000E+04
  0.62500000E+01 -0.25000000E+00  0.00000000E+00  0.00000000E+00  0.10000000E+04  0.00000000E+00  0.12500000E+03  0.00000000E+00  0.69999999E+00  0.10000000E+04
  0.67500000E+01 -0.25000000E+00  0.00000000E+00  0.00000000E+00  0.10000000E+04  0.00000000E+00  0.12500000E+03  0.00000000E+00  0.69999999E+00  0.10000000E+04
  0.72500000E+01 -0.25000000E+00  0.00000000E+00  0.00000000E+00  0.10000000E+04  0.00000000E+00  0.12500000E+03  0.00000000E+00  0.69999999E+00  0.10000000E+04
  0.77500000E+01 -0.25000000E+00  0.00000000E+00  0.00000000E+00  0.10000000E+04  0.00000000E+00  0.12500000E+03  0.00000000E+00  0.69999999E+00  0.10000000E+04
  0.40000000E+01  0.50000000E+00  0.00000000E+00  0.00000000E+00  0.10006310E+04  0.12403184E+04  0.12500000E+03 -0.59600710E-03  0.69999999E+00  0.10000007E+04
  0.37500000E+01  0.25000000E+00  0.00000000E+00  0.00000000E+00  0.10004316E+04  0.84800824E+03  0.12500000E+03 -0.25096266E-02  0.69999999E+00  0.10000029E+04
  0.40000000E+01  0.10000000E+01  0.00000000E+00  0.00000000E+00  0.10040786E+04  0.81008486E+04  0.12500000E+03 -0.11217034E-03  0.69999999E+00  0.10000001E+04
  0.37500000E+01  0.75000000E+00  0.00000000E+00  0.00000000E+00  0.10445990E+04  0.10012117E+06  0.12500000E+03  0.10790064E-02  0.69999999E+00  0.99999872E+03
  0.40000000E+01  0.15000000E+01  0.00000000E+00  0.00000000E+00  0.10003501E+04  0.68765283E+03  0.12500000E+03  0.55220863E-03  0.69999999E+00  0.99999939E+03
  0.37500000E+01  0.12500000E+01  0.00000000E+00  0.00000000E+00  0.10262289E+04  0.55692148E+05  0.12500000E+03  0.13933897E-02  0.69999999E+00  0.99999835E+03
  0.40000000E+01  0.20000000E+01  0.00000000E+00  0.00000000E+00  0.10013503E+04  0.26600125E+04  0.12500000E+03  0.38575369E-03  0.69999999E+00  0.99999957E+03
  0.37500000E+01  0.17500000E+01  0.00000000E+00  0.00000000E+00  0.10122000E+04  0.24830500E+05  0.12500000E+03  0.28107369E-02  0.69999999E+00  0.99999677E+03
  0.45000000E+01  0.50000000E+00  0.00000000E+00  0.00000000E+00  0.10000000E+04  0.00000000E+00  0.12500000E+03  0.14734143E-37  0.69999999E+00  0.10000000E+04
  0.42500000E+01  0.25000000E+00  0.00000000E+00  0.00000000E+00  0.10000018E+04  0.35083482E+01  0.12500000E+03 -0.74084828E-05  0.69999999E+00  0.10000000E+04
  0.45000000E+01  0.10000000E+01  0.00000000E+00  0.00000000E+00  0.10000000E+04  0.00000000E+00  0.12500000E+03 -0.63282639E-41  0.69999999E+00  0.10000000E+04
  0.42500000E+01  0.75000000E+00  0.00000000E+00  0.00000000E+00  0.10000916E+04  0.17967581E+03  0.12500000E+03 -0.21151425E-04  0.69999999E+00  0.10000000E+04
  0.45000000E+01  0.15000000E+01  0.00000000E+00  0.00000000E+00  0.10000000E+04  0.00000000E+00  0.12500000E+03 -0.61093810E-40  0.69999999E+00  0.10000000E+04
  0.42500000E+01  0.12500000E+01  0.00000000E+00  0.00000000E+00  0.10000066E+04  0.12864128E+02  0.12500000E+03  0.64903998E-05  0.69999999E+00  0.10000000E+04
  0.45000000E+01  0.20000000E+01  0.00000000E+00  0.00000000E+00  0.10000000E+04  0.00000000E+00  0.12500000E+03  0.57142149E-40  0.69999999E+00  0.10000000E+04
  0.42500000E+01  0.17500000E+01  0.00000000E+00  0.00000000E+00  0.10000031E+04  0.60811610E+01  0.12500000E+03 -0.35628464E-05  0.69999999E+00  0.10000000E+04
  0.50000000E+01  0.50000000E+00  0.00000000E+00  0.00000000E+00  0.10000000E+04  0.00000000E+00  0.12500000E+03  0.12678949E-40  0.69999999E+00  0.10000000E+04
  0.47500000E+01  0.25000000E+00  0.00000000E+00  0.00000000E+00  0.10000000E+04  0.00000000E+00  0.12500000E+03  0.49450618E-38  0.69999999E+00  0.10000000E+04
  0.50000000E+01  0.10000000E+01  0.00000000E+00  0.00000000E+00  0.10000000E+04  0.00000000E+00  0.12500000E+03 -0.00000000E+00  0.69999999E+00  0.10000000E+04
  0.47500000E+01  0.75000000E+00  0.00000000E+00  0.00000000E+00  0.10000000E+04  0.00000000E+00  0.12500000E+03  0.13214245E-40  0.69999999E+00  0.10000000E+04
  0.50000000E+01  0.15000000E+01  0.00000000E+00  0.00000000E+00  0.10000000E+04  0.00000000E+00  0.12500000E+03 -0.44079244E-40  0.69999999E+00  0.10000000E+04
  0.47500000E+01  0.12500000E+01  0.00000000E+00  0.00000000E+00  0.10000000E+04  0.00000000E+00  0.12500000E+03 -0.42764827E-40  0.69999999E+00  0.10000000E+04
  0.50000000E+01  0.20000000E+01  0.00000000E+00  0.00000000E+00  0.10000000E+04  0.00000000E+00  0.12500000E+03  0.40466697E-40  0.69999999E+00  0.10000000E+04
  0.47500000E+01  0.17500000E+01  0.00000000E+00  0.00000000E+00  0.10000000E+04  0.00000000E+00  0.12500000E+03 -0.12527608E-41  0.69999999E+00  0.10000000E+04
  0.28219407E+01  0.98261595E+00  0.28427190E+00  0.19756234E+00  0.10038636E+04  0.76689995E+04  0.12576698E+03  0.12576656E+03  0.10000000E+01  0.00000000E+00
  0.92871237E+00  0.14809912E+01  0.28669715E+00  0.25753909E+00  0.10007421E+04  0.14592020E+04  0.12561582E+03  0.12561256E+03  0.10000000E+01  0.00000000E+00
  0.18608418E+01  0.11340003E+01  0.10347822E+01 -0.45059636E+00  0.10051945E+04  0.10351662E+05  0.12546356E+03  0.12546323E+03  0.10000000E+01  0.00000000E+00
  0.26724160E+01  0.14696560E+01  0.42215455E+00 -0.69313183E-01  0.10019800E+04  0.39080435E+04  0.12531018E+03  0.12531044E+03  0.10000000E+01  0.00000000E+00
  0.18988652E+01  0.14564699E+01 -0.15282981E+01 -0.52939534E+00  0.10024147E+04  0.47721064E+04  0.12515567E+03  0.12515567E+03  0.10000000E+01  0.00000000E+00
  0.25089335E+01  0.15148332E+01 -0.23249239E+00 -0.97155944E-01  0.10037697E+04  0.74801948E+04  0.12500000E+03  0.12499985E+03  0.10000000E+01  0.00000000E+00
  0.27020721E+01  0.85524106E+00  0.70526564E+00  0.25620359E+00  0.10021380E+04  0.42217944E+04  0.12576698E+03  0.12575461E+03  0.10000000E+01  0.00000000E+00
  0.82255328E+00  0.10309470E+01 -0.42649442E+00  0.35329539E+00  0.10000504E+04  0.98949860E+02  0.12561582E+03  0.12560609E+03  0.10000000E+01  0.00000000E+00
  0.77885461E+00  0.11751255E+01  0.49579088E-01 -0.47278162E-02  0.10018610E+04  0.36716833E+04  0.12546356E+03  0.12546051E+03  0.10000000E+01  0.00000000E+00
  0.27533019E+01  0.79386318E+00 -0.30810028E+00 -0.10323503E+00  0.10037487E+04  0.74383325E+04  0.12531018E+03  0.12531038E+03  0.10000000E+01  0.00000000E+00
  0.10205284E+01  0.94725084E+00 -0.40291372E+00  0.92993546E-02  0.10005941E+04  0.11677808E+04  0.12515567E+03  0.12515535E+03  0.10000000E+01  0.00000000E+00
  0.71340740E+00  0.88322544E+00  0.17515403E+00 -0.20126638E+00  0.10040298E+04  0.80025981E+04  0.12500000E+03  0.12500000E+03  0.10000000E+01  0.00000000E+00
  0.16811159E+01  0.93982744E+00 -0.78082120E+00 -0.39941674E+00  0.10036925E+04  0.73254492E+04  0.12576698E+03  0.12575644E+03  0.10000000E+01  0.00000000E+00
  0.25891402E+01  0.86527431E+00 -0.10921264E+00  0.23141252E+00  0.10037297E+04  0.74000625E+04  0.12561582E+03  0.12561059E+03  0.10000000E+01  0.00000000E+00
  0.26347818E+01  0.13010446E+01  0.33222821E+00  0.14726782E+00  0.10011917E+04  0.23465608E+04  0.12546356E+03  0.12546005E+03  0.10000000E+01  0.00000000E+00
  0.12694969E+01  0.85701632E+00 -0.30783492E+00 -0.18378645E+00  0.10019268E+04  0.38022639E+04  0.12531018E+03  0.12530966E+03  0.10000000E+01  0.00000000E+00
  0.29361014E+01  0.97839952E+00  0.30471948E+00  0.34204561E+00  0.10019193E+04  0.37873582E+04  0.12515567E+03  0.12515553E+03  0.10000000E+01  0.00000000E+00
  0.98795557E+00  0.17838933E+01 -0.52378580E-01  0.95826119E-01  0.10023956E+04  0.47341411E+04  0.12500000E+03  0.12500612E+03  0.10000000E+01  0.00000000E+00
  0.10070701E+01  0.16878310E+01  0.23016205E+00  0.22013608E+00  0.10019025E+04  0.37539998E+04  0.12576698E+03  0.12576566E+03  0.10000000E+01  0.00000000E+00
  0.23566837E+01  0.94891262E+00 -0.86320914E-01  0.94474822E-01  0.10043064E+04  0.85591719E+04  0.12561582E+03  0.12561228E+03  0.10000000E+01  0.00000000E+00
  0.15199344E+01  0.11294417E+01 -0.18839918E-01 -0.27557129E+00  0.10047992E+04  0.95527832E+04  0.12546356E+03  0.12546202E+03  0.10000000E+01  0.00000000E+00
  0.20714200E+01  0.10162230E+01  0.22677293E+00 -0.18652618E+00  0.10063421E+04  0.12682372E+05  0.12531018E+03  0.12530890E+03  0.10000000E+01  0.00000000E+00
  0.19245839E+01  0.17017536E+01  0.11089019E+00 -0.30463225E+00  0.10032039E+04  0.63467329E+04  0.12515567E+03  0.12515567E+03  0.10000000E+01  0.00000000E+00
  0.13194973E+01  0.88076019E+00  0.24769506E+00 -0.13526091E+00  0.10013645E+04  0.26880728E+04  0.12500000E+03  0.12500012E+03  0.10000000E+01  0.00000000E+00
  0.12057688E+01  0.17762926E+01  0.52044630E+00 -0.55506337E-01  0.10016645E+04  0.32821401E+04  0.12561582E+03  0.12560780E+03  0.10000000E+01  0.00000000E+00
  0.11886019E+01  0.20064089E+01 -0.45219743E+00  0.29567194E+00  0.10020563E+04  0.40595540E+04  0.12531018E+03  0.12531004E+03  0.10000000E+01  0.00000000E+00
  0.21349084E+01  0.18135238E+01 -0.45029983E+00 -0.49718213E+00  0.10030870E+04  0.61131621E+04  0.12500000E+03  0.12500000E+03  0.10000000E+01  0.00000000E+00
