  0.00000000E+00  0.00000000E+00  0.00000000E+00  0.00000000E+00  0.10007902E+04  0.15538932E+04  0.12500000E+03  0.26947868E-02  0.69999999E+00  0.99999695E+03
  0.00000000E+00  0.50000000E+00  0.00000000E+00  0.00000000E+00  0.10109463E+04  0.22194863E+05  0.12500000E+03  0.39296844E-02  0.69999999E+00  0.99999548E+03
  0.00000000E+00  0.10000000E+01  0.00000000E+00  0.00000000E+00  0.10093514E+04  0.18870459E+05  0.12500000E+03  0.42113783E-02  0.69999999E+00  0.99999512E+03
  0.00000000E+00  0.15000000E+01  0.00000000E+00  0.00000000E+00  0.10175469E+04  0.36293203E+05  0.12500000E+03  0.15640326E-02  0.69999999E+00  0.99999817E+03
  0.00000000E+00  0.20000000E+01  0.00000000E+00  0.00000000E+00  0.10196416E+04  0.40883492E+05  0.12500000E+03 -0.20766030E-02  0.69999999E+00  0.10000024E+04
  0.00000000E+00  0.25000000E+01  0.00000000E+00  0.00000000E+00  0.10034469E+04  0.68332266E+04  0.12500000E+03  0.51974104E-03  0.69999999E+00  0.99999939E+03
  0.00000000E+00  0.30000000E+01  0.00000000E+00  0.00000000E+00  0.10000026E+04  0.51455903E+01  0.12500000E+03  0.38292605E-04  0.69999999E+00  0.99999994E+03
  0.00000000E+00  0.35000000E+01  0.00000000E+00  0.00000000E+00  0.10000000E+04  0.00000000E+00  0.12500000E+03  0.00000000E+00  0.69999999E+00  0.10000000E+04
  0.00000000E+00  0.40000000E+01  0.00000000E+00  0.00000000E+00  0.10000000E+04  0.00000000E+00  0.12500000E+03  0.00000000E+00  0.69999999E+00  0.10000000E+04
 -0.25000000E+00 -0.25000000E+00  0.00000000E+00  0.00000000E+00  0.10006414E+04  0.12607445E+04  0.12500000E+03  0.52005530E-03  0.69999999E+00  0.99999939E+03
 -0.25000000E+00  0.25000000E+00  0.00000000E+00  0.00000000E+00  0.10004600E+04  0.90358826E+03  0.12500000E+03  0.12347179E-02  0.69999999E+00  0.99999860E+03
 -0.25000000E+00  0.75000000E+00  0.00000000E+00  0.00000000E+00  0.10048298E+04  0.96146494E+04  0.12500000E+03  0.66133065E-03  0.69999999E+00  0.99999927E+03
 -0.25000000E+00  0.12500000E+01  0.00000000E+00  0.00000000E+00  0.10036671E+04  0.72745210E+04  0.12500000E+03  0.13240520E-02  0.69999999E+00  0.99999847E+03
 -0.25000000E+00  0.17500000E+01  0.00000000E+00  0.00000000E+00  0.10009259E+04  0.18216667E+04  0.12500000E+03 -0.43013651E-03  0.69999999E+00  0.10000005E+04
 -0.25000000E+00  0.22500000E+01  0.00000000E+00  0.00000000E+00  0.10015139E+04  0.29839109E+04  0.12500000E+03 -0.18548567E-03  0.69999999E+00  0.10000002E+04
 -0.25000000E+00  0.27500000E+01  0.00000000E+00  0.00000000E+00  0.10000007E+04  0.14033347E+01  0.12500000E+03  0.17473474E-04  0.69999999E+00  0.10000000E+04
 -0.25000000E+00  0.32500000E+01  0.00000000E+00  0.00000000E+00  0.10000000E+04  0.00000000E+00  0.12500000E+03  0.17269602E-40  0.69999999E+00  0.10000000E+04
 -0.25000000E+00  0.37500000E+01  0.00000000E+00  0.00000000E+00  0.10000000E+04  0.00000000E+00  0.12500000E+03  0.00000000E+00  0.69999999E+00  0.10000000E+04
  0.80000000E+01  0.00000000E+00  0.00000000E+00  0.00000000E+00  0.10000000E+04  0.00000000E+00  0.12500000E+03  0.00000000E+00  0.69999999E+00  0.10000000E+04
  0.80000000E+01  0.50000000E+00  0.00000000E+00  0.00000000E+00  0.10000000E+04  0.00000000E+00  0.12500000E+03  0.00000000E+00  0.69999999E+00  0.10000000E+04
  0.80000000E+01  0.10000000E+01  0.00000000E+00  0.00000000E+00  0.10000000E+04  0.00000000E+00  0.12500000E+03  0.00000000E+00  0.69999999E+00  0.10000000E+04
  0.80000000E+01  0.15000000E+01  0.00000000E+00  0.00000000E+00  0.10000000E+04  0.00000000E+00  0.12500000E+03  0.00000000E+00  0.69999999E+00  0.10000000E+04
  0.80000000E+01  0.20000000E+01  0.00000000E+00  0.00000000E+00  0.10000000E+04  0.00000000E+00  0.12500000E+03  0.00000000E+00  0.69999999E+00  0.10000000E+04
  0.80000000E+01  0.25000000E+01  0.00000000E+00  0.00000000E+00  0.10000000E+04  0.00000000E+00  0.12500000E+03  0.00000000E+00  0.69999999E+00  0.10000000E+04
  0.80000000E+01  0.30000000E+01  0.00000000E+00  0.00000000E+00  0.10000000E+04  0.00000000E+00  0.12500000E+03  0.00000000E+00  0.69999999E+00  0.10000000E+04
  0.80000000E+01  0.35000000E+01  0.00000000E+00  0.00000000E+00  0.10000000E+04  0.00000000E+00  0.12500000E+03  0.00000000E+00  0.69999999E+00  0.10000000E+04
  0.80000000E+01  0.40000000E+01  0.00000000E+00  0.00000000E+00  0.10000000E+04  0.00000000E+00  0.12500000E+03  0.00000000E+00  0.69999999E+00  0.10000000E+04
  0.82500000E+01 -0.25000000E+00  0.00000000E+00  0.00000000E+00  0.10000000E+04  0.00000000E+00  0.12500000E+03  0.00000000E+00  0.69999999E+00  0.10000000E+04
  0.82500000E+01  0.25000000E+00  0.00000000E+00  0.00000000E+00  0.10000000E+04  0.00000000E+00  0.12500000E+03  0.00000000E+00  0.69999999E+00  0.10000000E+04
  0.82500000E+01  0.75000000E+00  0.00000000E+00  0.00000000E+00  0.10000000E+04  0.00000000E+00  0.12500000E+03  0.00000000E+00  0.69999999E+00  0.10000000E+04
  0.82500000E+01  0.12500000E+01  0.00000000E+00  0.00000000E+00  0.10000000E+04  0.00000000E+00  0.12500000E+03  0.00000000E+00  0.69999999E+00  0.10000000E+04
  0.82500000E+01  0.17500000E+01  0.00000000E+00  0.00000000E+00  0.10000000E+04  0.00000000E+00  0.12500000E+03  0.00000000E+00  0.69999999E+00  0.10000000E+04
  0.82500000E+01  0.22500000E+01  0.00000000E+00  0.00000000E+00  0.10000000E+04  0.00000000E+00  0.12500000E+03  0.00000000E+00  0.69999999E+00  0.10000000E+04
  0.82500000E+01  0.27500000E+01  0.00000000E+00  0.00000000E+00  0.10000000E+04  0.00000000E+00  0.12500000E+03  0.00000000E+00  0.69999999E+00  0.10000000E+04
  0.82500000E+01  0.32500000E+01  0.00000000E+00  0.00000000E+00  0.10000000E+04  0.00000000E+00  0.12500000E+03  0.00000000E+00  0.69999999E+00  0.10000000E+04
  0.82500000E+01  0.37500000E+01  0.00000000E+00  0.00000000E+00  0.10000000E+04  0.00000000E+00  0.12500000E+03  0.00000000E+00  0.69999999E+00  0.10000000E+04
  0.50000000E+00  0.00000000E+00  0.00000000E+00  0.00000000E+00  0.10415167E+04  0.92333172E+05  0.12500000E+03  0.13714049E-01  0.69999999E+00  0.99998370E+03
  0.10000000E+01  0.00000000E+00  0.00000000E+00  0.00000000E+00  0.10680146E+04  0.16397852E+06  0.12500000E+03  0.80960728E-02  0.69999999E+00  0.99999011E+03
  0.15000000E+01  0.00000000E+00  0.00000000E+00  0.00000000E+00  0.10194332E+04  0.40424324E+05  0.12500000E+03  0.23725986E-01  0.69999999E+00  0.99997235E+03
  0.20000000E+01  0.00000000E+00  0.00000000E+00  0.00000000E+00  0.11314185E+04  0.38493200E+06  0.12500000E+03  0.27664842E-01  0.69999999E+00  0.99996423E+03
  0.25000000E+01  0.00000000E+00  0.00000000E+00  0.00000000E+00  0.10417982E+04  0.93038609E+05  0.12500000E+03  0.93230773E-02  0.69999999E+00  0.99998889E+03
  0.30000000E+01  0.00000000E+00  0.00000000E+00  0.00000000E+00  0.10521707E+04  0.11984713E+06  0.12500000E+03  0.11001442E-01  0.69999999E+00  0.99998676E+03
  0.35000000E+01  0.00000000E+00  0.00000000E+00  0.00000000E+00  0.10059589E+04  0.11902483E+05  0.12500000E+03  0.46203835E-02  0.69999999E+00  0.99999469E+03
  0.40000000E+01  0.00000000E+00  0.00000000E+00  0.00000000E+00  0.10000137E+04  0.26898298E+02  0.12500000E+03 -0.68247195E-04  0.69999999E+00  0.10000001E+04
  0.45000000E+01  0.00000000E+00  0.00000000E+00  0.00000000E+00  0.10000000E+04  0.00000000E+00  0.12500000E+03  0.92852559E-39  0.69999999E+00  0.10000000E+04
  0.50000000E+01  0.00000000E+00  0.00000000E+00  0.00000000E+00  0.10000000E+04  0.00000000E+00  0.12500000E+03 -0.44028798E-41  0.69999999E+00  0.10000000E+04
  0.55000000E+01  0.00000000E+00  0.00000000E+00  0.00000000E+00  0.10000000E+04  0.00000000E+00  0.12500000E+03  0.00000000E+00  0.69999999E+00  0.10000000E+04
  0.60000000E+01  0.00000000E+00  0.00000000E+00  0.00000000E+00  0.10000000E+04  0.00000000E+00  0.12500000E+03  0.00000000E+00  0.69999999E+00  0.10000000E+04
  0.65000000E+01  0.00000000E+00  0.00000000E+00  0.00000000E+00  0.10000000E+04  0.00000000E+00  0.12500000E+03  0.00000000E+00  0.69999999E+00  0.10000000E+04
  0.70000000E+01  0.00000000E+00  0.00000000E+00  0.00000000E+00  0.10000000E+04  0.00000000E+00  0.12500000E+03  0.00000000E+00  0.69999999E+00  0.10000000E+04
  0.75000000E+01  0.00000000E+00  0.00000000E+00  0.00000000E+00  0.10000000E+04  0.00000000E+00  0.12500000E+03  0.00000000E+00  0.69999999E+00  0.10000000E+04
  0.25000000E+00 -0.25000000E+00  0.00000000E+00  0.00000000E+00  0.10056464E+04  0.11267563E+05  0.12500000E+03  0.34976988E-02  0.69999999E+00  0.99999597E+03
  0.75000000E+00 -0.25000000E+00  0.00000000E+00  0.00000000E+00  0.10259089E+04  0.54959574E+05  0.12500000E+03  0.97971484E-02  0.69999999E+00  0.99998853E+03
  0.12500000E+01 -0.25000000E+00  0.00000000E+00  0.00000000E+00  0.10095593E+04  0.19301809E+05  0.12500000E+03  0.76467926E-02  0.69999999E+00  0.99999115E+03
  0.17500000E+01 -0.25000000E+00  0.00000000E+00  0.00000000E+00  0.10143977E+04  0.29498209E+05  0.12500000E+03  0.11739841E-01  0.69999999E+00  0.99998639E+03
  0.22500000E+01 -0.25000000E+00  0.00000000E+00  0.00000000E+00  0.10012140E+04  0.23906145E+04  0.12500000E+03  0.11845959E-01  0.69999999E+00  0.99998645E+03
  0.27500000E+01 -0.25000000E+00  0.00000000E+00  0.00000000E+00  0.10055787E+04  0.11130420E+05  0.12500000E+03  0.59451191E-02  0.69999999E+00  0.99999316E+03
  0.32500000E+01 -0.25000000E+00  0.00000000E+00  0.00000000E+00  0.10021277E+04  0.42011841E+04  0.12500000E+03  0.42179334E-02  0.69999999E+00  0.99999518E+03
  0.37500000E+01 -0.25000000E+00  0.00000000E+00  0.00000000E+00  0.10000070E+04  0.13565822E+02  0.12500000E+03 -0.15635355E-03  0.69999999E+00  0.10000002E+04
  0.42500000E+01 -0.25000000E+00  0.00000000E+00  0.00000000E+00  0.10000000E+04  0.00000000E+00  0.12500000E+03 -0.31243225E-35  0.69999999E+00  0.10000000E+04
  0.47500000E+01 -0.25000000E+00  0.00000000E+00  0.00000000E+00  0.10000000E+04  0.00000000E+00  0.12500000E+03 -0.20560412E-38  0.69999999E+00  0.10000000E+04
  0.52500000E+01 -0.25000000E+00  0.00000000E+00  0.00000000E+00  0.10000000E+04  0.00000000E+00  0.12500000E+03  0.00000000E+00  0.69999999E+00  0.10000000E+04
  0.57500000E+01 -0.25000000E+00  0.00000000E+00  0.00000000E+00  0.10000000E+04  0.00000000E+00  0.12500000E+03  0.00000000E+00  0.69999999E+00  0.10000000E+04
  0.62500000E+01 -0.25000000E+00  0.00000000E+00  0.00000000E+00  0.10000000E+04  0.00000000E+00  0.12500000E+03  0.00000000E+00  0.69999999E+00  0.10000000E+04
  0.67500000E+01 -0.25000000E+00  0.00000000E+00  0.00000000E+00  0.10000000E+04  0.00000000E+00  0.12500000E+03  0.00000000E+00  0.69999999E+00  0.10000000E+04
  0.72500000E+01 -0.25000000E+00  0.00000000E+00  0.00000000E+00  0.10000000E+04  0.00000000E+00  0.12500000E+03  0.00000000E+00  0.69999999E+00  0.10000000E+04
  0.77500000E+01 -0.25000000E+00  0.00000000E+00  0.00000000E+00  0.10000000E+04  0.00000000E+00  0.12500000E+03  0.00000000E+00  0.69999999E+00  0.10000000E+04
  0.40000000E+01  0.50000000E+00  0.00000000E+00  0.00000000E+00  0.10005211E+04  0.10239267E+04  0.12500000E+03 -0.49336487E-03  0.69999999E+00  0.10000005E+04
  0.37500000E+01  0.25000000E+00  0.00000000E+00  0.00000000E+00  0.10039467E+04  0.78356377E+04  0.12500000E+03 -0.21943757E-02  0.69999999E+00  0.10000025E+04
  0.40000000E+01  0.10000000E+01  0.00000000E+00  0.00000000E+00  0.10019056E+04  0.37603875E+04  0.12500000E+03 -0.13676609E-03  0.69999999E+00  0.10000002E+04
  0.37500000E+01  0.75000000E+00  0.00000000E+00  0.00000000E+00  0.10448446E+04  0.10074761E+06  0.12500000E+03  0.11108990E-02  0.69999999E+00  0.99999866E+03
  0.40000000E+01  0.15000000E+01  0.00000000E+00  0.00000000E+00  0.10009009E+04  0.17722804E+04  0.12500000E+03  0.48392190E-03  0.69999999E+00  0.99999945E+03
  0.37500000E+01  0.12500000E+01  0.00000000E+00  0.00000000E+00  0.10326697E+04  0.70733508E+05  0.12500000E+03  0.12113249E-02  0.69999999E+00  0.99999860E+03
  0.40000000E+01  0.20000000E+01  0.00000000E+00  0.00000000E+00  0.10018365E+04  0.36232019E+04  0.12500000E+03  0.37105411E-03  0.69999999E+00  0.99999957E+03
  0.37500000E+01  0.17500000E+01  0.00000000E+00  0.00000000E+00  0.10498586E+04  0.11373304E+06  0.12500000E+03  0.25141363E-02  0.69999999E+00  0.99999701E+03
  0.45000000E+01  0.50000000E+00  0.00000000E+00  0.00000000E+00  0.10000000E+04  0.00000000E+00  0.12500000E+03  0.60614847E-38  0.69999999E+00  0.10000000E+04
  0.42500000E+01  0.25000000E+00  0.00000000E+00  0.00000000E+00  0.10000018E+04  0.35083482E+01  0.12500000E+03 -0.74084828E-05  0.69999999E+00  0.10000000E+04
  0.45000000E+01  0.10000000E+01  0.00000000E+00  0.00000000E+00  0.10000000E+04  0.00000000E+00  0.12500000E+03 -0.70625443E-41  0.69999999E+00  0.10000000E+04
  0.42500000E+01  0.75000000E+00  0.00000000E+00  0.00000000E+00  0.10000916E+04  0.17967581E+03  0.12500000E+03 -0.20551628E-04  0.69999999E+00  0.10000000E+04
  0.45000000E+01  0.15000000E+01  0.00000000E+00  0.00000000E+00  0.10000000E+04  0.00000000E+00  0.12500000E+03 -0.25150505E-40  0.69999999E+00  0.10000000E+04
  0.42500000E+01  0.12500000E+01  0.00000000E+00  0.00000000E+00  0.10000066E+04  0.12864128E+02  0.12500000E+03  0.64903998E-05  0.69999999E+00  0.10000000E+04
  0.45000000E+01  0.20000000E+01  0.00000000E+00  0.00000000E+00  0.10000000E+04  0.00000000E+00  0.12500000E+03  0.22157331E-40  0.69999999E+00  0.10000000E+04
  0.42500000E+01  0.17500000E+01  0.00000000E+00  0.00000000E+00  0.10000031E+04  0.60811610E+01  0.12500000E+03 -0.35628464E-05  0.69999999E+00  0.10000000E+04
  0.50000000E+01  0.50000000E+00  0.00000000E+00  0.00000000E+00  0.10000000E+04  0.00000000E+00  0.12500000E+03  0.41506461E-41  0.69999999E+00  0.10000000E+04
  0.47500000E+01  0.25000000E+00  0.00000000E+00  0.00000000E+00  0.10000000E+04  0.00000000E+00  0.12500000E+03  0.20344752E-38  0.69999999E+00  0.10000000E+04
  0.50000000E+01  0.10000000E+01  0.00000000E+00  0.00000000E+00  0.10000000E+04  0.00000000E+00  0.12500000E+03  0.00000000E+00  0.69999999E+00  0.10000000E+04
  0.47500000E+01  0.75000000E+00  0.00000000E+00  0.00000000E+00  0.10000000E+04  0.00000000E+00  0.12500000E+03  0.44533265E-41  0.69999999E+00  0.10000000E+04
  0.50000000E+01  0.15000000E+01  0.00000000E+00  0.00000000E+00  0.10000000E+04  0.00000000E+00  0.12500000E+03 -0.18186051E-40  0.69999999E+00  0.10000000E+04
  0.47500000E+01  0.12500000E+01  0.00000000E+00  0.00000000E+00  0.10000000E+04  0.00000000E+00  0.12500000E+03 -0.17384509E-40  0.69999999E+00  0.10000000E+04
  0.50000000E+01  0.20000000E+01  0.00000000E+00  0.00000000E+00  0.10000000E+04  0.00000000E+00  0.12500000E+03  0.15568426E-40  0.69999999E+00  0.10000000E+04
  0.47500000E+01  0.17500000E+01  0.00000000E+00  0.00000000E+00  0.10000000E+04  0.00000000E+00  0.12500000E+03 -0.93326478E-42  0.69999999E+00  0.10000000E+04
  0.28282468E+01  0.90583158E+00  0.28598344E+00 -0.16001095E+00  0.99926935E+03 -0.14303651E+04  0.12576698E+03  0.12576656E+03  0.10000000E+01  0.00000000E+00
  0.90623248E+00  0.13743216E+01 -0.18996388E+00 -0.15669712E+00  0.99733936E+03 -0.51786777E+04  0.12561582E+03  0.12561256E+03  0.10000000E+01  0.00000000E+00
  0.18203809E+01  0.10741844E+01  0.54945356E+00  0.23138216E+00  0.10096735E+04  0.19539117E+05  0.12546356E+03  0.12546323E+03  0.10000000E+01  0.00000000E+00
  0.29081519E+01  0.16728733E+01 -0.75858867E+00 -0.99513018E+00  0.10042999E+04  0.85459717E+04  0.12531018E+03  0.12531044E+03  0.10000000E+01  0.00000000E+00
  0.27376380E+01  0.16923715E+01 -0.22221074E+01 -0.36718228E+00  0.10020256E+04  0.39984680E+04  0.12515567E+03  0.12515567E+03  0.10000000E+01  0.00000000E+00
  0.28504233E+01  0.17007580E+01 -0.76293421E+00 -0.69731188E+00  0.10011584E+04  0.22806089E+04  0.12500000E+03  0.12499985E+03  0.10000000E+01  0.00000000E+00
  0.27233734E+01  0.86388934E+00 -0.37751639E+00 -0.46946520E+00  0.99929102E+03 -0.13880974E+04  0.12576698E+03  0.12575461E+03  0.10000000E+01  0.00000000E+00
  0.99560094E+00  0.88371944E+00  0.12776512E+00  0.12293823E-01  0.99826355E+03 -0.33892419E+04  0.12561582E+03  0.12560609E+03  0.10000000E+01  0.00000000E+00
  0.83967435E+00  0.10164796E+01 -0.38951862E+00  0.32596761E+00  0.99614038E+03 -0.74854912E+04  0.12546356E+03  0.12546051E+03  0.10000000E+01  0.00000000E+00
  0.28957021E+01  0.10546099E+01  0.93821362E-01 -0.15121572E+01  0.99878436E+03 -0.23763987E+04  0.12531018E+03  0.12531038E+03  0.10000000E+01  0.00000000E+00
  0.11339196E+01  0.87458062E+00 -0.38142478E+00  0.16181609E+00  0.99780365E+03 -0.42809902E+04  0.12515567E+03  0.12515535E+03  0.10000000E+01  0.00000000E+00
  0.69075847E+00  0.91880786E+00 -0.33898257E-01 -0.10413502E+00  0.10031096E+04  0.61581953E+04  0.12500000E+03  0.12500000E+03  0.10000000E+01  0.00000000E+00
  0.20843980E+01  0.97474778E+00 -0.77576840E+00 -0.31751135E+00  0.10099570E+04  0.20128873E+05  0.12576698E+03  0.12575644E+03  0.10000000E+01  0.00000000E+00
  0.26799524E+01  0.85921550E+00 -0.36977509E+00 -0.27309608E+00  0.10001573E+04  0.30887878E+03  0.12561582E+03  0.12561059E+03  0.10000000E+01  0.00000000E+00
  0.27791038E+01  0.13977062E+01 -0.41095680E+00 -0.36801696E+00  0.99854071E+03 -0.28506436E+04  0.12546356E+03  0.12546005E+03  0.10000000E+01  0.00000000E+00
  0.14781466E+01  0.91561186E+00 -0.31004375E+00 -0.13340626E-01  0.99946722E+03 -0.10435792E+04  0.12531018E+03  0.12531018E+03  0.10000000E+01  0.00000000E+00
  0.28963981E+01  0.77882874E+00  0.66436160E+00  0.22763892E+00  0.10025829E+04  0.51071025E+04  0.12515567E+03  0.12515553E+03  0.10000000E+01  0.00000000E+00
  0.10219665E+01  0.16172683E+01  0.16641038E-01  0.25057048E+00  0.99928632E+03 -0.13972966E+04  0.12500000E+03  0.12500612E+03  0.10000000E+01  0.00000000E+00
  0.93619943E+00  0.15080577E+01  0.19391689E+00  0.31201470E+00  0.99742877E+03 -0.50059966E+04  0.12576698E+03  0.12576566E+03  0.10000000E+01  0.00000000E+00
  0.23982797E+01  0.10516392E+01 -0.38314945E+00 -0.61124694E+00  0.10007475E+04  0.14697742E+04  0.12561582E+03  0.12561228E+03  0.10000000E+01  0.00000000E+00
  0.16784790E+01  0.11781456E+01  0.39375323E+00 -0.61376405E+00  0.10016134E+04  0.31808113E+04  0.12546356E+03  0.12546202E+03  0.10000000E+01  0.00000000E+00
  0.22466800E+01  0.93197274E+00 -0.61405635E+00  0.22046529E-01  0.10072601E+04  0.14558311E+05  0.12531018E+03  0.12530890E+03  0.10000000E+01  0.00000000E+00
  0.21903672E+01  0.15792987E+01 -0.65573692E+00 -0.17798153E+00  0.10020162E+04  0.39797656E+04  0.12515567E+03  0.12515567E+03  0.10000000E+01  0.00000000E+00
  0.13883843E+01  0.87747729E+00 -0.18699408E+00  0.12565836E+00  0.99863947E+03 -0.26585002E+04  0.12500000E+03  0.12500012E+03  0.10000000E+01  0.00000000E+00
  0.11112404E+01  0.16150682E+01  0.37853372E+00  0.21534142E+00  0.99804126E+03 -0.38205154E+04  0.12561582E+03  0.12560780E+03  0.10000000E+01  0.00000000E+00
  0.15803405E+01  0.16118426E+01 -0.13357340E+01  0.45412999E+00  0.10008796E+04  0.17301902E+04  0.12531018E+03  0.12531004E+03  0.10000000E+01  0.00000000E+00
  0.23536885E+01  0.18584216E+01  0.90832904E-01  0.54135275E+00  0.99771216E+03 -0.44580986E+04  0.12500000E+03  0.12500000E+03  0.10000000E+01  0.00000000E+00
