  0.00000000E+00  0.00000000E+00  0.00000000E+00  0.00000000E+00  0.10004872E+04  0.95730115E+03  0.12500000E+03  0.38653740E-03  0.69999999E+00  0.99999957E+03
  0.00000000E+00  0.50000000E+00  0.00000000E+00  0.00000000E+00  0.10062900E+04  0.12576471E+05  0.12500000E+03  0.33489079E-03  0.69999999E+00  0.99999963E+03
  0.00000000E+00  0.10000000E+01  0.00000000E+00  0.00000000E+00  0.10115865E+04  0.23538426E+05  0.12500000E+03  0.55575120E-03  0.69999999E+00  0.99999939E+03
  0.00000000E+00  0.15000000E+01  0.00000000E+00  0.00000000E+00  0.98833716E+03 -0.22097252E+05  0.12500000E+03  0.51639076E-04  0.69999999E+00  0.99999994E+03
  0.00000000E+00  0.20000000E+01  0.00000000E+00  0.00000000E+00  0.10041328E+04  0.82099170E+04  0.12500000E+03 -0.23015199E-03  0.69999999E+00  0.10000002E+04
  0.00000000E+00  0.25000000E+01  0.00000000E+00  0.00000000E+00  0.10002531E+04  0.49692273E+03  0.12500000E+03  0.63617226E-04  0.69999999E+00  0.99999994E+03
  0.00000000E+00  0.30000000E+01  0.00000000E+00  0.00000000E+00  0.10000000E+04  0.00000000E+00  0.12500000E+03  0.00000000E+00  0.69999999E+00  0.10000000E+04
  0.00000000E+00  0.35000000E+01  0.00000000E+00  0.00000000E+00  0.10000000E+04  0.00000000E+00  0.12500000E+03  0.00000000E+00  0.69999999E+00  0.10000000E+04
  0.00000000E+00  0.40000000E+01  0.00000000E+00  0.00000000E+00  0.10000000E+04  0.00000000E+00  0.12500000E+03  0.00000000E+00  0.69999999E+00  0.10000000E+04
 -0.25000000E+00 -0.25000000E+00  0.00000000E+00  0.00000000E+00  0.10002555E+04  0.50160764E+03  0.12500000E+03  0.10636876E-03  0.69999999E+00  0.99999988E+03
 -0.25000000E+00  0.25000000E+00  0.00000000E+00  0.00000000E+00  0.10016908E+04  0.33341157E+04  0.12500000E+03  0.17762510E-03  0.69999999E+00  0.99999982E+03
 -0.25000000E+00  0.75000000E+00  0.00000000E+00  0.00000000E+00  0.99827917E+03 -0.33589189E+04  0.12500000E+03  0.73555864E-04  0.69999999E+00  0.99999994E+03
 -0.25000000E+00  0.12500000E+01  0.00000000E+00  0.00000000E+00  0.99276270E+03 -0.13895003E+05  0.12500000E+03  0.15344296E-03  0.69999999E+00  0.99999982E+03
 -0.25000000E+00  0.17500000E+01  0.00000000E+00  0.00000000E+00  0.99686902E+03 -0.60855679E+04  0.12500000E+03 -0.95402429E-04  0.69999999E+00  0.10000001E+04
 -0.25000000E+00  0.22500000E+01  0.00000000E+00  0.00000000E+00  0.99984741E+03 -0.29924045E+03  0.12500000E+03 -0.52885418E-04  0.69999999E+00  0.10000001E+04
 -0.25000000E+00  0.27500000E+01  0.00000000E+00  0.00000000E+00  0.10000000E+04  0.00000000E+00  0.12500000E+03  0.00000000E+00  0.69999999E+00  0.10000000E+04
 -0.25000000E+00  0.32500000E+01  0.00000000E+00  0.00000000E+00  0.10000000E+04  0.00000000E+00  0.12500000E+03  0.00000000E+00  0.69999999E+00  0.10000000E+04
 -0.25000000E+00  0.37500000E+01  0.00000000E+00  0.00000000E+00  0.10000000E+04  0.00000000E+00  0.12500000E+03  0.00000000E+00  0.69999999E+00  0.10000000E+04
  0.80000000E+01  0.00000000E+00  0.00000000E+00  0.00000000E+00  0.10000000E+04  0.00000000E+00  0.12500000E+03  0.00000000E+00  0.69999999E+00  0.10000000E+04
  0.80000000E+01  0.50000000E+00  0.00000000E+00  0.00000000E+00  0.10000000E+04  0.00000000E+00  0.12500000E+03  0.00000000E+00  0.69999999E+00  0.10000000E+04
  0.80000000E+01  0.10000000E+01  0.00000000E+00  0.00000000E+00  0.10000000E+04  0.00000000E+00  0.12500000E+03  0.00000000E+00  0.69999999E+00  0.10000000E+04
  0.80000000E+01  0.15000000E+01  0.00000000E+00  0.00000000E+00  0.10000000E+04  0.00000000E+00  0.12500000E+03  0.00000000E+00  0.69999999E+00  0.10000000E+04
  0.80000000E+01  0.20000000E+01  0.00000000E+00  0.00000000E+00  0.10000000E+04  0.00000000E+00  0.12500000E+03  0.00000000E+00  0.69999999E+00  0.10000000E+04
  0.80000000E+01  0.25000000E+01  0.00000000E+00  0.00000000E+00  0.10000000E+04  0.00000000E+00  0.12500000E+03  0.00000000E+00  0.69999999E+00  0.10000000E+04
  0.80000000E+01  0.30000000E+01  0.00000000E+00  0.00000000E+00  0.10000000E+04  0.00000000E+00  0.12500000E+03  0.00000000E+00  0.69999999E+00  0.10000000E+04
  0.80000000E+01  0.35000000E+01  0.00000000E+00  0.00000000E+00  0.10000000E+04  0.00000000E+00  0.12500000E+03  0.00000000E+00  0.69999999E+00  0.10000000E+04
  0.80000000E+01  0.40000000E+01  0.00000000E+00  0.00000000E+00  0.10000000E+04  0.00000000E+00  0.12500000E+03  0.00000000E+00  0.69999999E+00  0.10000000E+04
  0.82500000E+01 -0.25000000E+00  0.00000000E+00  0.00000000E+00  0.10000000E+04  0.00000000E+00  0.12500000E+03  0.00000000E+00  0.69999999E+00  0.10000000E+04
  0.82500000E+01  0.25000000E+00  0.00000000E+00  0.00000000E+00  0.10000000E+04  0.00000000E+00  0.12500000E+03  0.00000000E+00  0.69999999E+00  0.10000000E+04
  0.82500000E+01  0.75000000E+00  0.00000000E+00  0.00000000E+00  0.10000000E+04  0.00000000E+00  0.12500000E+03  0.00000000E+00  0.69999999E+00  0.10000000E+04
  0.82500000E+01  0.12500000E+01  0.00000000E+00  0.00000000E+00  0.10000000E+04  0.00000000E+00  0.12500000E+03  0.00000000E+00  0.69999999E+00  0.10000000E+04
  0.82500000E+01  0.17500000E+01  0.00000000E+00  0.00000000E+00  0.10000000E+04  0.00000000E+00  0.12500000E+03  0.00000000E+00  0.69999999E+00  0.10000000E+04
  0.82500000E+01  0.22500000E+01  0.00000000E+00  0.00000000E+00  0.10000000E+04  0.00000000E+00  0.12500000E+03  0.00000000E+00  0.69999999E+00  0.10000000E+04
  0.82500000E+01  0.27500000E+01  0.00000000E+00  0.00000000E+00  0.10000000E+04  0.00000000E+00  0.12500000E+03  0.00000000E+00  0.69999999E+00  0.10000000E+04
  0.82500000E+01  0.32500000E+01  0.00000000E+00  0.00000000E+00  0.10000000E+04  0.00000000E+00  0.12500000E+03  0.00000000E+00  0.69999999E+00  0.10000000E+04
  0.82500000E+01  0.37500000E+01  0.00000000E+00  0.00000000E+00  0.10000000E+04  0.00000000E+00  0.12500000E+03  0.00000000E+00  0.69999999E+00  0.10000000E+04
  0.50000000E+00  0.00000000E+00  0.00000000E+00  0.00000000E+00  0.10097778E+04  0.19756006E+05  0.12500000E+03  0.17585481E-02  0.69999999E+00  0.99999799E+03
  0.10000000E+01  0.00000000E+00  0.00000000E+00  0.00000000E+00  0.10018912E+04  0.37317629E+04  0.12500000E+03  0.93072979E-03  0.69999999E+00  0.99999896E+03
  0.15000000E+01  0.00000000E+00  0.00000000E+00  0.00000000E+00  0.99475696E+03 -0.10126492E+05  0.12500000E+03  0.25873121E-02  0.69999999E+00  0.99999707E+03
  0.20000000E+01  0.00000000E+00  0.00000000E+00  0.00000000E+00  0.10023417E+04  0.46266748E+04  0.12500000E+03  0.27795709E-02  0.69999999E+00  0.99999683E+03
  0.25000000E+01  0.00000000E+00  0.00000000E+00  0.00000000E+00  0.99180725E+03 -0.15684503E+05  0.12500000E+03 -0.41779235E-03  0.69999999E+00  0.10000005E+04
  0.30000000E+01  0.00000000E+00  0.00000000E+00  0.00000000E+00  0.10383752E+04  0.84536508E+05  0.12500000E+03  0.19331675E-03  0.69999999E+00  0.99999976E+03
  0.35000000E+01  0.00000000E+00  0.00000000E+00  0.00000000E+00  0.10068383E+04  0.13694947E+05  0.12500000E+03  0.71169954E-04  0.69999999E+00  0.99999994E+03
  0.40000000E+01  0.00000000E+00  0.00000000E+00  0.00000000E+00  0.10000000E+04  0.00000000E+00  0.12500000E+03  0.00000000E+00  0.69999999E+00  0.10000000E+04
  0.45000000E+01  0.00000000E+00  0.00000000E+00  0.00000000E+00  0.10000000E+04  0.00000000E+00  0.12500000E+03  0.00000000E+00  0.69999999E+00  0.10000000E+04
  0.50000000E+01  0.00000000E+00  0.00000000E+00  0.00000000E+00  0.10000000E+04  0.00000000E+00  0.12500000E+03  0.00000000E+00  0.69999999E+00  0.10000000E+04
  0.55000000E+01  0.00000000E+00  0.00000000E+00  0.00000000E+00  0.10000000E+04  0.00000000E+00  0.12500000E+03  0.00000000E+00  0.69999999E+00  0.10000000E+04
  0.60000000E+01  0.00000000E+00  0.00000000E+00  0.00000000E+00  0.10000000E+04  0.00000000E+00  0.12500000E+03  0.00000000E+00  0.69999999E+00  0.10000000E+04
  0.65000000E+01  0.00000000E+00  0.00000000E+00  0.00000000E+00  0.10000000E+04  0.00000000E+00  0.12500000E+03  0.00000000E+00  0.69999999E+00  0.10000000E+04
  0.70000000E+01  0.00000000E+00  0.00000000E+00  0.00000000E+00  0.10000000E+04  0.00000000E+00  0.12500000E+03  0.00000000E+00  0.69999999E+00  0.10000000E+04
  0.75000000E+01  0.00000000E+00  0.00000000E+00  0.00000000E+00  0.10000000E+04  0.00000000E+00  0.12500000E+03  0.00000000E+00  0.69999999E+00  0.10000000E+04
  0.25000000E+00 -0.25000000E+00  0.00000000E+00  0.00000000E+00  0.10029612E+04  0.58616602E+04  0.12500000E+03  0.56212075E-03  0.69999999E+00  0.99999933E+03
  0.75000000E+00 -0.25000000E+00  0.00000000E+00  0.00000000E+00  0.10058043E+04  0.11588266E+05  0.12500000E+03  0.13039963E-02  0.69999999E+00  0.99999854E+03
  0.12500000E+01 -0.25000000E+00  0.00000000E+00  0.00000000E+00  0.10061525E+04  0.12296330E+05  0.12500000E+03  0.10508824E-02  0.69999999E+00  0.99999878E+03
  0.17500000E+01 -0.25000000E+00  0.00000000E+00  0.00000000E+00  0.10044523E+04  0.88528164E+04  0.12500000E+03  0.15480805E-02  0.69999999E+00  0.99999823E+03
  0.22500000E+01 -0.25000000E+00  0.00000000E+00  0.00000000E+00  0.10142568E+04  0.29197119E+05  0.12500000E+03  0.13158591E-02  0.69999999E+00  0.99999847E+03
  0.27500000E+01 -0.25000000E+00  0.00000000E+00  0.00000000E+00  0.99692883E+03 -0.59704380E+04  0.12500000E+03 -0.12349030E-04  0.69999999E+00  0.10000000E+04
  0.32500000E+01 -0.25000000E+00  0.00000000E+00  0.00000000E+00  0.10000002E+04  0.46777758E+00  0.12500000E+03  0.77642719E-04  0.69999999E+00  0.99999994E+03
  0.37500000E+01 -0.25000000E+00  0.00000000E+00  0.00000000E+00  0.10000000E+04  0.00000000E+00  0.12500000E+03  0.00000000E+00  0.69999999E+00  0.10000000E+04
  0.42500000E+01 -0.25000000E+00  0.00000000E+00  0.00000000E+00  0.10000000E+04  0.00000000E+00  0.12500000E+03  0.00000000E+00  0.69999999E+00  0.10000000E+04
  0.47500000E+01 -0.25000000E+00  0.00000000E+00  0.00000000E+00  0.10000000E+04  0.00000000E+00  0.12500000E+03  0.00000000E+00  0.69999999E+00  0.10000000E+04
  0.52500000E+01 -0.25000000E+00  0.00000000E+00  0.00000000E+00  0.10000000E+04  0.00000000E+00  0.12500000E+03  0.00000000E+00  0.69999999E+00  0.10000000E+04
  0.57500000E+01 -0.25000000E+00  0.00000000E+00  0.00000000E+00  0.10000000E+04  0.00000000E+00  0.12500000E+03  0.00000000E+00  0.69999999E+00  0.10000000E+04
  0.62500000E+01 -0.25000000E+00  0.00000000E+00  0.00000000E+00  0.10000000E+04  0.00000000E+00  0.12500000E+03  0.00000000E+00  0.69999999E+00  0.10000000E+04
  0.67500000E+01 -0.25000000E+00  0.00000000E+00  0.00000000E+00  0.10000000E+04  0.00000000E+00  0.12500000E+03  0.00000000E+00  0.69999999E+00  0.10000000E+04
  0.72500000E+01 -0.25000000E+00  0.00000000E+00  0.00000000E+00  0.10000000E+04  0.00000000E+00  0.12500000E+03  0.00000000E+00  0.69999999E+00  0.10000000E+04
  0.77500000E+01 -0.25000000E+00  0.00000000E+00  0.00000000E+00  0.10000000E+04  0.00000000E+00  0.12500000E+03  0.00000000E+00  0.69999999E+00  0.10000000E+04
  0.40000000E+01  0.50000000E+00  0.00000000E+00  0.00000000E+00  0.10002645E+04  0.51941089E+03  0.12500000E+03 -0.32647156E-05  0.69999999E+00  0.10000000E+04
  0.37500000E+01  0.25000000E+00  0.00000000E+00  0.00000000E+00  0.10041312E+04  0.82065605E+04  0.12500000E+03 -0.32934717E-04  0.69999999E+00  0.10000001E+04
  0.40000000E+01  0.10000000E+01  0.00000000E+00  0.00000000E+00  0.10003622E+04  0.71132611E+03  0.12500000E+03  0.24347855E-05  0.69999999E+00  0.10000000E+04
  0.37500000E+01  0.75000000E+00  0.00000000E+00  0.00000000E+00  0.10192347E+04  0.39987484E+05  0.12500000E+03  0.17863966E-04  0.69999999E+00  0.10000000E+04
  0.40000000E+01  0.15000000E+01  0.00000000E+00  0.00000000E+00  0.10000000E+04  0.00000000E+00  0.12500000E+03  0.00000000E+00  0.69999999E+00  0.10000000E+04
  0.37500000E+01  0.12500000E+01  0.00000000E+00  0.00000000E+00  0.10073649E+04  0.14773086E+05  0.12500000E+03  0.19047206E-04  0.69999999E+00  0.10000000E+04
  0.40000000E+01  0.20000000E+01  0.00000000E+00  0.00000000E+00  0.10000000E+04  0.00000000E+00  0.12500000E+03  0.00000000E+00  0.69999999E+00  0.10000000E+04
  0.37500000E+01  0.17500000E+01  0.00000000E+00  0.00000000E+00  0.10003370E+04  0.66187201E+03  0.12500000E+03  0.17846291E-04  0.69999999E+00  0.10000000E+04
  0.45000000E+01  0.50000000E+00  0.00000000E+00  0.00000000E+00  0.10000000E+04  0.00000000E+00  0.12500000E+03  0.00000000E+00  0.69999999E+00  0.10000000E+04
  0.42500000E+01  0.25000000E+00  0.00000000E+00  0.00000000E+00  0.10000000E+04  0.00000000E+00  0.12500000E+03  0.00000000E+00  0.69999999E+00  0.10000000E+04
  0.45000000E+01  0.10000000E+01  0.00000000E+00  0.00000000E+00  0.10000000E+04  0.00000000E+00  0.12500000E+03  0.00000000E+00  0.69999999E+00  0.10000000E+04
  0.42500000E+01  0.75000000E+00  0.00000000E+00  0.00000000E+00  0.10000000E+04  0.00000000E+00  0.12500000E+03  0.00000000E+00  0.69999999E+00  0.10000000E+04
  0.45000000E+01  0.15000000E+01  0.00000000E+00  0.00000000E+00  0.10000000E+04  0.00000000E+00  0.12500000E+03  0.00000000E+00  0.69999999E+00  0.10000000E+04
  0.42500000E+01  0.12500000E+01  0.00000000E+00  0.00000000E+00  0.10000000E+04  0.00000000E+00  0.12500000E+03  0.00000000E+00  0.69999999E+00  0.10000000E+04
  0.45000000E+01  0.20000000E+01  0.00000000E+00  0.00000000E+00  0.10000000E+04  0.00000000E+00  0.12500000E+03  0.00000000E+00  0.69999999E+00  0.10000000E+04
  0.42500000E+01  0.17500000E+01  0.00000000E+00  0.00000000E+00  0.10000000E+04  0.00000000E+00  0.12500000E+03  0.00000000E+00  0.69999999E+00  0.10000000E+04
  0.50000000E+01  0.50000000E+00  0.00000000E+00  0.00000000E+00  0.10000000E+04  0.00000000E+00  0.12500000E+03  0.00000000E+00  0.69999999E+00  0.10000000E+04
  0.47500000E+01  0.25000000E+00  0.00000000E+00  0.00000000E+00  0.10000000E+04  0.00000000E+00  0.12500000E+03  0.00000000E+00  0.69999999E+00  0.10000000E+04
  0.50000000E+01  0.10000000E+01  0.00000000E+00  0.00000000E+00  0.10000000E+04  0.00000000E+00  0.12500000E+03  0.00000000E+00  0.69999999E+00  0.10000000E+04
  0.47500000E+01  0.75000000E+00  0.00000000E+00  0.00000000E+00  0.10000000E+04  0.00000000E+00  0.12500000E+03  0.00000000E+00  0.69999999E+00  0.10000000E+04
  0.50000000E+01  0.15000000E+01  0.00000000E+00  0.00000000E+00  0.10000000E+04  0.00000000E+00  0.12500000E+03  0.00000000E+00  0.69999999E+00  0.10000000E+04
  0.47500000E+01  0.12500000E+01  0.00000000E+00  0.00000000E+00  0.10000000E+04  0.00000000E+00  0.12500000E+03  0.00000000E+00  0.69999999E+00  0.10000000E+04
  0.50000000E+01  0.20000000E+01  0.00000000E+00  0.00000000E+00  0.10000000E+04  0.00000000E+00  0.12500000E+03  0.00000000E+00  0.69999999E+00  0.10000000E+04
  0.47500000E+01  0.17500000E+01  0.00000000E+00  0.00000000E+00  0.10000000E+04  0.00000000E+00  0.12500000E+03  0.00000000E+00  0.69999999E+00  0.10000000E+04
  0.73775697E+00  0.23991343E+00 -0.21004297E-01 -0.70608556E-01  0.10088405E+04  0.17812043E+05  0.12576698E+03  0.12576698E+03  0.10000000E+01  0.00000000E+00
  0.50330770E+00  0.51597762E+00  0.11582008E+00 -0.28443843E-01  0.10057443E+04  0.11466484E+05  0.12561582E+03  0.12561407E+03  0.10000000E+01  0.00000000E+00
  0.73497736E+00  0.71995938E+00 -0.26156193E+00 -0.15747337E+00  0.10095526E+04  0.19287941E+05  0.12546356E+03  0.12546356E+03  0.10000000E+01  0.00000000E+00
  0.55203444E+00  0.96541870E+00  0.62183273E+00 -0.18399417E+00  0.10054691E+04  0.10908012E+05  0.12531018E+03  0.12531018E+03  0.10000000E+01  0.00000000E+00
  0.78180563E+00  0.12232485E+01  0.29298979E+00  0.12438506E+00  0.10030125E+04  0.59640483E+04  0.12515567E+03  0.12515567E+03  0.10000000E+01  0.00000000E+00
  0.59423816E+00  0.14030864E+01  0.11187172E+01 -0.77627766E+00  0.99685248E+03 -0.61174707E+04  0.12500000E+03  0.12500000E+03  0.10000000E+01  0.00000000E+00
  0.12737906E+01  0.22737935E+00  0.16410135E+00 -0.13940488E+00  0.10068112E+04  0.13639643E+05  0.12576698E+03  0.12576523E+03  0.10000000E+01  0.00000000E+00
  0.10173472E+01  0.47566253E+00  0.10009682E+00 -0.10143277E+00  0.10052785E+04  0.10521802E+05  0.12561582E+03  0.12561407E+03  0.10000000E+01  0.00000000E+00
  0.13065376E+01  0.69467175E+00  0.34489259E+00 -0.33148873E+00  0.10041129E+04  0.81698809E+04  0.12546356E+03  0.12546356E+03  0.10000000E+01  0.00000000E+00
  0.10444988E+01  0.94660592E+00  0.34485880E+00 -0.23533985E+00  0.10048516E+04  0.96584688E+04  0.12531018E+03  0.12531018E+03  0.10000000E+01  0.00000000E+00
  0.13155384E+01  0.11807373E+01  0.52797264E+00 -0.25717902E+00  0.10017676E+04  0.34865459E+04  0.12515567E+03  0.12515567E+03  0.10000000E+01  0.00000000E+00
  0.10396754E+01  0.14440751E+01  0.27860337E+00  0.39722830E-01  0.10034438E+04  0.68270186E+04  0.12500000E+03  0.12500000E+03  0.10000000E+01  0.00000000E+00
  0.18115180E+01  0.23953012E+00  0.62991023E+00  0.79690717E-01  0.10073067E+04  0.14653831E+05  0.12576698E+03  0.12576523E+03  0.10000000E+01  0.00000000E+00
  0.15599058E+01  0.47697997E+00  0.30560338E+00 -0.26664054E-02  0.10026578E+04  0.52565464E+04  0.12561582E+03  0.12561407E+03  0.10000000E+01  0.00000000E+00
  0.18553183E+01  0.69833815E+00  0.74624074E+00 -0.47631659E-01  0.10086005E+04  0.17315801E+05  0.12546356E+03  0.12546356E+03  0.10000000E+01  0.00000000E+00
  0.15667784E+01  0.92860019E+00  0.35651529E+00 -0.22790512E+00  0.10003581E+04  0.70335669E+03  0.12531018E+03  0.12531018E+03  0.10000000E+01  0.00000000E+00
  0.18133712E+01  0.11249757E+01  0.26028138E+00 -0.57540619E+00  0.99834851E+03 -0.32241672E+04  0.12515567E+03  0.12515567E+03  0.10000000E+01  0.00000000E+00
  0.15514066E+01  0.13990002E+01  0.36511242E+00 -0.43064976E+00  0.10014674E+04  0.28918752E+04  0.12500000E+03  0.12500000E+03  0.10000000E+01  0.00000000E+00
  0.22681756E+01  0.29808268E+00 -0.50766695E+00  0.57163149E+00  0.99761267E+03 -0.46505571E+04  0.12576698E+03  0.12576698E+03  0.10000000E+01  0.00000000E+00
  0.21487551E+01  0.50071776E+00  0.14187875E+01  0.84771365E-01  0.10059312E+04  0.11846014E+05  0.12561582E+03  0.12561582E+03  0.10000000E+01  0.00000000E+00
  0.25497251E+01  0.67766297E+00  0.20238738E+01 -0.56760168E+00  0.10014902E+04  0.29369458E+04  0.12546356E+03  0.12546356E+03  0.10000000E+01  0.00000000E+00
  0.21526160E+01  0.87864220E+00  0.10556527E+01 -0.73872775E+00  0.10054735E+04  0.10916953E+05  0.12531018E+03  0.12531018E+03  0.10000000E+01  0.00000000E+00
  0.24300675E+01  0.10646617E+01  0.12340662E+01 -0.90520859E+00  0.10064684E+04  0.12939976E+05  0.12515567E+03  0.12515567E+03  0.10000000E+01  0.00000000E+00
  0.20493369E+01  0.13153939E+01  0.81867740E-01 -0.97593141E+00  0.99996783E+03 -0.63143833E+02  0.12500000E+03  0.12500000E+03  0.10000000E+01  0.00000000E+00
  0.26986856E+01  0.61438549E+00  0.70966709E+00  0.14791074E+01  0.99818842E+03 -0.35350303E+04  0.12561582E+03  0.12561407E+03  0.10000000E+01  0.00000000E+00
  0.28764119E+01  0.77900517E+00  0.27189074E+01 -0.12033120E+01  0.10051523E+04  0.10266503E+05  0.12531018E+03  0.12531018E+03  0.10000000E+01  0.00000000E+00
  0.27109628E+01  0.12741818E+01  0.16354208E+01 -0.94569421E+00  0.10053250E+04  0.10615959E+05  0.12500000E+03  0.12500000E+03  0.10000000E+01  0.00000000E+00
