  0.00000000E+00  0.00000000E+00  0.00000000E+00  0.00000000E+00  0.99844836E+03 -0.30301602E+04  0.12500000E+03  0.14910747E-02  0.69999999E+00  0.99999829E+03
  0.00000000E+00  0.50000000E+00  0.00000000E+00  0.00000000E+00  0.10286678E+04  0.61321477E+05  0.12500000E+03  0.81680407E-03  0.69999999E+00  0.99999902E+03
  0.00000000E+00  0.10000000E+01  0.00000000E+00  0.00000000E+00  0.10055665E+04  0.11105513E+05  0.12500000E+03  0.17394330E-02  0.69999999E+00  0.99999799E+03
  0.00000000E+00  0.15000000E+01  0.00000000E+00  0.00000000E+00  0.10328323E+04  0.71120586E+05  0.12500000E+03  0.60579123E-03  0.69999999E+00  0.99999927E+03
  0.00000000E+00  0.20000000E+01  0.00000000E+00  0.00000000E+00  0.10059114E+04  0.11805788E+05  0.12500000E+03 -0.32799304E-03  0.69999999E+00  0.10000004E+04
  0.00000000E+00  0.25000000E+01  0.00000000E+00  0.00000000E+00  0.10002466E+04  0.48403955E+03  0.12500000E+03  0.71152863E-04  0.69999999E+00  0.99999994E+03
  0.00000000E+00  0.30000000E+01  0.00000000E+00  0.00000000E+00  0.10000000E+04  0.00000000E+00  0.12500000E+03  0.00000000E+00  0.69999999E+00  0.10000000E+04
  0.00000000E+00  0.35000000E+01  0.00000000E+00  0.00000000E+00  0.10000000E+04  0.00000000E+00  0.12500000E+03  0.00000000E+00  0.69999999E+00  0.10000000E+04
  0.00000000E+00  0.40000000E+01  0.00000000E+00  0.00000000E+00  0.10000000E+04  0.00000000E+00  0.12500000E+03  0.00000000E+00  0.69999999E+00  0.10000000E+04
 -0.25000000E+00 -0.25000000E+00  0.00000000E+00  0.00000000E+00  0.10013202E+04  0.26005986E+04  0.12500000E+03  0.49487432E-03  0.69999999E+00  0.99999945E+03
 -0.25000000E+00  0.25000000E+00  0.00000000E+00  0.00000000E+00  0.10066979E+04  0.13408290E+05  0.12500000E+03  0.58831595E-03  0.69999999E+00  0.99999933E+03
 -0.25000000E+00  0.75000000E+00  0.00000000E+00  0.00000000E+00  0.10032367E+04  0.64123052E+04  0.12500000E+03 -0.82291284E-04  0.69999999E+00  0.10000001E+04
 -0.25000000E+00  0.12500000E+01  0.00000000E+00  0.00000000E+00  0.10064200E+04  0.12841286E+05  0.12500000E+03  0.55489986E-03  0.69999999E+00  0.99999939E+03
 -0.25000000E+00  0.17500000E+01  0.00000000E+00  0.00000000E+00  0.10001616E+04  0.31730682E+03  0.12500000E+03 -0.10978257E-03  0.69999999E+00  0.10000001E+04
 -0.25000000E+00  0.22500000E+01  0.00000000E+00  0.00000000E+00  0.10004730E+04  0.92938812E+03  0.12500000E+03 -0.62706749E-04  0.69999999E+00  0.10000001E+04
 -0.25000000E+00  0.27500000E+01  0.00000000E+00  0.00000000E+00  0.10000000E+04  0.00000000E+00  0.12500000E+03  0.00000000E+00  0.69999999E+00  0.10000000E+04
 -0.25000000E+00  0.32500000E+01  0.00000000E+00  0.00000000E+00  0.10000000E+04  0.00000000E+00  0.12500000E+03  0.00000000E+00  0.69999999E+00  0.10000000E+04
 -0.25000000E+00  0.37500000E+01  0.00000000E+00  0.00000000E+00  0.10000000E+04  0.00000000E+00  0.12500000E+03  0.00000000E+00  0.69999999E+00  0.10000000E+04
  0.80000000E+01  0.00000000E+00  0.00000000E+00  0.00000000E+00  0.10000000E+04  0.00000000E+00  0.12500000E+03  0.00000000E+00  0.69999999E+00  0.10000000E+04
  0.80000000E+01  0.50000000E+00  0.00000000E+00  0.00000000E+00  0.10000000E+04  0.00000000E+00  0.12500000E+03  0.00000000E+00  0.69999999E+00  0.10000000E+04
  0.80000000E+01  0.10000000E+01  0.00000000E+00  0.00000000E+00  0.10000000E+04  0.00000000E+00  0.12500000E+03  0.00000000E+00  0.69999999E+00  0.10000000E+04
  0.80000000E+01  0.15000000E+01  0.00000000E+00  0.00000000E+00  0.10000000E+04  0.00000000E+00  0.12500000E+03  0.00000000E+00  0.69999999E+00  0.10000000E+04
  0.80000000E+01  0.20000000E+01  0.00000000E+00  0.00000000E+00  0.10000000E+04  0.00000000E+00  0.12500000E+03  0.00000000E+00  0.69999999E+00  0.10000000E+04
  0.80000000E+01  0.25000000E+01  0.00000000E+00  0.00000000E+00  0.10000000E+04  0.00000000E+00  0.12500000E+03  0.00000000E+00  0.69999999E+00  0.10000000E+04
  0.80000000E+01  0.30000000E+01  0.00000000E+00  0.00000000E+00  0.10000000E+04  0.00000000E+00  0.12500000E+03  0.00000000E+00  0.69999999E+00  0.10000000E+04
  0.80000000E+01  0.35000000E+01  0.00000000E+00  0.00000000E+00  0.10000000E+04  0.00000000E+00  0.12500000E+03  0.00000000E+00  0.69999999E+00  0.10000000E+04
  0.80000000E+01  0.40000000E+01  0.00000000E+00  0.00000000E+00  0.10000000E+04  0.00000000E+00  0.12500000E+03  0.00000000E+00  0.69999999E+00  0.10000000E+04
  0.82500000E+01 -0.25000000E+00  0.00000000E+00  0.00000000E+00  0.10000000E+04  0.00000000E+00  0.12500000E+03  0.00000000E+00  0.69999999E+00  0.10000000E+04
  0.82500000E+01  0.25000000E+00  0.00000000E+00  0.00000000E+00  0.10000000E+04  0.00000000E+00  0.12500000E+03  0.00000000E+00  0.69999999E+00  0.10000000E+04
  0.82500000E+01  0.75000000E+00  0.00000000E+00  0.00000000E+00  0.10000000E+04  0.00000000E+00  0.12500000E+03  0.00000000E+00  0.69999999E+00  0.10000000E+04
  0.82500000E+01  0.12500000E+01  0.00000000E+00  0.00000000E+00  0.10000000E+04  0.00000000E+00  0.12500000E+03  0.00000000E+00  0.69999999E+00  0.10000000E+04
  0.82500000E+01  0.17500000E+01  0.00000000E+00  0.00000000E+00  0.10000000E+04  0.00000000E+00  0.12500000E+03  0.00000000E+00  0.69999999E+00  0.10000000E+04
  0.82500000E+01  0.22500000E+01  0.00000000E+00  0.00000000E+00  0.10000000E+04  0.00000000E+00  0.12500000E+03  0.00000000E+00  0.69999999E+00  0.10000000E+04
  0.82500000E+01  0.27500000E+01  0.00000000E+00  0.00000000E+00  0.10000000E+04  0.00000000E+00  0.12500000E+03  0.00000000E+00  0.69999999E+00  0.10000000E+04
  0.82500000E+01  0.32500000E+01  0.00000000E+00  0.00000000E+00  0.10000000E+04  0.00000000E+00  0.12500000E+03  0.00000000E+00  0.69999999E+00  0.10000000E+04
  0.82500000E+01  0.37500000E+01  0.00000000E+00  0.00000000E+00  0.10000000E+04  0.00000000E+00  0.12500000E+03  0.00000000E+00  0.69999999E+00  0.10000000E+04
  0.50000000E+00  0.00000000E+00  0.00000000E+00  0.00000000E+00  0.10280165E+04  0.59810195E+05  0.12500000E+03  0.71709636E-02  0.69999999E+00  0.99999158E+03
  0.10000000E+01  0.00000000E+00  0.00000000E+00  0.00000000E+00  0.10193729E+04  0.40291516E+05  0.12500000E+03  0.24901191E-02  0.69999999E+00  0.99999713E+03
  0.15000000E+01  0.00000000E+00  0.00000000E+00  0.00000000E+00  0.10282949E+04  0.60455605E+05  0.12500000E+03  0.11473832E-01  0.69999999E+00  0.99998651E+03
  0.20000000E+01  0.00000000E+00  0.00000000E+00  0.00000000E+00  0.10069662E+04  0.13956728E+05  0.12500000E+03  0.12249731E-01  0.69999999E+00  0.99998590E+03
  0.25000000E+01  0.00000000E+00  0.00000000E+00  0.00000000E+00  0.10042025E+04  0.83499590E+04  0.12500000E+03  0.66485826E-03  0.69999999E+00  0.99999927E+03
  0.30000000E+01  0.00000000E+00  0.00000000E+00  0.00000000E+00  0.10138462E+04  0.28321010E+05  0.12500000E+03  0.20454593E-02  0.69999999E+00  0.99999762E+03
  0.35000000E+01  0.00000000E+00  0.00000000E+00  0.00000000E+00  0.10012568E+04  0.24752048E+04  0.12500000E+03  0.76926447E-03  0.69999999E+00  0.99999915E+03
  0.40000000E+01  0.00000000E+00  0.00000000E+00  0.00000000E+00  0.10000134E+04  0.26430483E+02  0.12500000E+03 -0.27363869E-04  0.69999999E+00  0.10000001E+04
  0.45000000E+01  0.00000000E+00  0.00000000E+00  0.00000000E+00  0.10000000E+04  0.00000000E+00  0.12500000E+03  0.00000000E+00  0.69999999E+00  0.10000000E+04
  0.50000000E+01  0.00000000E+00  0.00000000E+00  0.00000000E+00  0.10000000E+04  0.00000000E+00  0.12500000E+03  0.00000000E+00  0.69999999E+00  0.10000000E+04
  0.55000000E+01  0.00000000E+00  0.00000000E+00  0.00000000E+00  0.10000000E+04  0.00000000E+00  0.12500000E+03  0.00000000E+00  0.69999999E+00  0.10000000E+04
  0.60000000E+01  0.00000000E+00  0.00000000E+00  0.00000000E+00  0.10000000E+04  0.00000000E+00  0.12500000E+03  0.00000000E+00  0.69999999E+00  0.10000000E+04
  0.65000000E+01  0.00000000E+00  0.00000000E+00  0.00000000E+00  0.10000000E+04  0.00000000E+00  0.12500000E+03  0.00000000E+00  0.69999999E+00  0.10000000E+04
  0.70000000E+01  0.00000000E+00  0.00000000E+00  0.00000000E+00  0.10000000E+04  0.00000000E+00  0.12500000E+03  0.00000000E+00  0.69999999E+00  0.10000000E+04
  0.75000000E+01  0.00000000E+00  0.00000000E+00  0.00000000E+00  0.10000000E+04  0.00000000E+00  0.12500000E+03  0.00000000E+00  0.69999999E+00  0.10000000E+04
  0.25000000E+00 -0.25000000E+00  0.00000000E+00  0.00000000E+00  0.10031176E+04  0.61741606E+04  0.12500000E+03  0.22799675E-02  0.69999999E+00  0.99999738E+03
  0.75000000E+00 -0.25000000E+00  0.00000000E+00  0.00000000E+00  0.10192899E+04  0.40108910E+05  0.12500000E+03  0.52623092E-02  0.69999999E+00  0.99999390E+03
  0.12500000E+01 -0.25000000E+00  0.00000000E+00  0.00000000E+00  0.10012064E+04  0.23755366E+04  0.12500000E+03  0.40578507E-02  0.69999999E+00  0.99999536E+03
  0.17500000E+01 -0.25000000E+00  0.00000000E+00  0.00000000E+00  0.10043654E+04  0.86777510E+04  0.12500000E+03  0.59617087E-02  0.69999999E+00  0.99999316E+03
  0.22500000E+01 -0.25000000E+00  0.00000000E+00  0.00000000E+00  0.10138002E+04  0.28222979E+05  0.12500000E+03  0.51426161E-02  0.69999999E+00  0.99999402E+03
  0.27500000E+01 -0.25000000E+00  0.00000000E+00  0.00000000E+00  0.10067986E+04  0.13614064E+05  0.12500000E+03  0.71763294E-03  0.69999999E+00  0.99999915E+03
  0.32500000E+01 -0.25000000E+00  0.00000000E+00  0.00000000E+00  0.10038459E+04  0.76333359E+04  0.12500000E+03  0.86825917E-03  0.69999999E+00  0.99999902E+03
  0.37500000E+01 -0.25000000E+00  0.00000000E+00  0.00000000E+00  0.10000013E+04  0.25727851E+01  0.12500000E+03 -0.59664068E-04  0.69999999E+00  0.10000001E+04
  0.42500000E+01 -0.25000000E+00  0.00000000E+00  0.00000000E+00  0.10000000E+04  0.00000000E+00  0.12500000E+03 -0.80434532E-42  0.69999999E+00  0.10000000E+04
  0.47500000E+01 -0.25000000E+00  0.00000000E+00  0.00000000E+00  0.10000000E+04  0.00000000E+00  0.12500000E+03  0.00000000E+00  0.69999999E+00  0.10000000E+04
  0.52500000E+01 -0.25000000E+00  0.00000000E+00  0.00000000E+00  0.10000000E+04  0.00000000E+00  0.12500000E+03  0.00000000E+00  0.69999999E+00  0.10000000E+04
  0.57500000E+01 -0.25000000E+00  0.00000000E+00  0.00000000E+00  0.10000000E+04  0.00000000E+00  0.12500000E+03  0.00000000E+00  0.69999999E+00  0.10000000E+04
  0.62500000E+01 -0.25000000E+00  0.00000000E+00  0.00000000E+00  0.10000000E+04  0.00000000E+00  0.12500000E+03  0.00000000E+00  0.69999999E+00  0.10000000E+04
  0.67500000E+01 -0.25000000E+00  0.00000000E+00  0.00000000E+00  0.10000000E+04  0.00000000E+00  0.12500000E+03  0.00000000E+00  0.69999999E+00  0.10000000E+04
  0.72500000E+01 -0.25000000E+00  0.00000000E+00  0.00000000E+00  0.10000000E+04  0.00000000E+00  0.12500000E+03  0.00000000E+00  0.69999999E+00  0.10000000E+04
  0.77500000E+01 -0.25000000E+00  0.00000000E+00  0.00000000E+00  0.10000000E+04  0.00000000E+00  0.12500000E+03  0.00000000E+00  0.69999999E+00  0.10000000E+04
  0.40000000E+01  0.50000000E+00  0.00000000E+00  0.00000000E+00  0.10001036E+04  0.20331239E+03  0.12500000E+03 -0.79919162E-04  0.69999999E+00  0.10000001E+04
  0.37500000E+01  0.25000000E+00  0.00000000E+00  0.00000000E+00  0.10016863E+04  0.33253738E+04  0.12500000E+03 -0.31757751E-03  0.69999999E+00  0.10000004E+04
  0.40000000E+01  0.10000000E+01  0.00000000E+00  0.00000000E+00  0.10005869E+04  0.11534629E+04  0.12500000E+03  0.99651356E-06  0.69999999E+00  0.10000000E+04
  0.37500000E+01  0.75000000E+00  0.00000000E+00  0.00000000E+00  0.10030601E+04  0.60593208E+04  0.12500000E+03  0.23178822E-03  0.69999999E+00  0.99999976E+03
  0.40000000E+01  0.15000000E+01  0.00000000E+00  0.00000000E+00  0.10008052E+04  0.15835045E+04  0.12500000E+03  0.12262221E-03  0.69999999E+00  0.99999988E+03
  0.37500000E+01  0.12500000E+01  0.00000000E+00  0.00000000E+00  0.10202294E+04  0.42181543E+05  0.12500000E+03  0.34220560E-03  0.69999999E+00  0.99999957E+03
  0.40000000E+01  0.20000000E+01  0.00000000E+00  0.00000000E+00  0.10000315E+04  0.61752430E+02  0.12500000E+03  0.20776821E-04  0.69999999E+00  0.10000000E+04
  0.37500000E+01  0.17500000E+01  0.00000000E+00  0.00000000E+00  0.10127610E+04  0.26016219E+05  0.12500000E+03  0.35169319E-03  0.69999999E+00  0.99999957E+03
  0.45000000E+01  0.50000000E+00  0.00000000E+00  0.00000000E+00  0.10000000E+04  0.00000000E+00  0.12500000E+03  0.00000000E+00  0.69999999E+00  0.10000000E+04
  0.42500000E+01  0.25000000E+00  0.00000000E+00  0.00000000E+00  0.10000018E+04  0.35083482E+01  0.12500000E+03 -0.74084828E-05  0.69999999E+00  0.10000000E+04
  0.45000000E+01  0.10000000E+01  0.00000000E+00  0.00000000E+00  0.10000000E+04  0.00000000E+00  0.12500000E+03  0.00000000E+00  0.69999999E+00  0.10000000E+04
  0.42500000E+01  0.75000000E+00  0.00000000E+00  0.00000000E+00  0.10000936E+04  0.18365413E+03  0.12500000E+03 -0.58616174E-05  0.69999999E+00  0.10000000E+04
  0.45000000E+01  0.15000000E+01  0.00000000E+00  0.00000000E+00  0.10000000E+04  0.00000000E+00  0.12500000E+03  0.00000000E+00  0.69999999E+00  0.10000000E+04
  0.42500000E+01  0.12500000E+01  0.00000000E+00  0.00000000E+00  0.10000045E+04  0.88878889E+01  0.12500000E+03  0.12300108E-04  0.69999999E+00  0.10000000E+04
  0.45000000E+01  0.20000000E+01  0.00000000E+00  0.00000000E+00  0.10000000E+04  0.00000000E+00  0.12500000E+03  0.00000000E+00  0.69999999E+00  0.10000000E+04
  0.42500000E+01  0.17500000E+01  0.00000000E+00  0.00000000E+00  0.10000000E+04  0.00000000E+00  0.12500000E+03  0.00000000E+00  0.69999999E+00  0.10000000E+04
  0.50000000E+01  0.50000000E+00  0.00000000E+00  0.00000000E+00  0.10000000E+04  0.00000000E+00  0.12500000E+03  0.00000000E+00  0.69999999E+00  0.10000000E+04
  0.47500000E+01  0.25000000E+00  0.00000000E+00  0.00000000E+00  0.10000000E+04  0.00000000E+00  0.12500000E+03  0.00000000E+00  0.69999999E+00  0.10000000E+04
  0.50000000E+01  0.10000000E+01  0.00000000E+00  0.00000000E+00  0.10000000E+04  0.00000000E+00  0.12500000E+03  0.00000000E+00  0.69999999E+00  0.10000000E+04
  0.47500000E+01  0.75000000E+00  0.00000000E+00  0.00000000E+00  0.10000000E+04  0.00000000E+00  0.12500000E+03  0.00000000E+00  0.69999999E+00  0.10000000E+04
  0.50000000E+01  0.15000000E+01  0.00000000E+00  0.00000000E+00  0.10000000E+04  0.00000000E+00  0.12500000E+03  0.00000000E+00  0.69999999E+00  0.10000000E+04
  0.47500000E+01  0.12500000E+01  0.00000000E+00  0.00000000E+00  0.10000000E+04  0.00000000E+00  0.12500000E+03  0.00000000E+00  0.69999999E+00  0.10000000E+04
  0.50000000E+01  0.20000000E+01  0.00000000E+00  0.00000000E+00  0.10000000E+04  0.00000000E+00  0.12500000E+03  0.00000000E+00  0.69999999E+00  0.10000000E+04
  0.47500000E+01  0.17500000E+01  0.00000000E+00  0.00000000E+00  0.10000000E+04  0.00000000E+00  0.12500000E+03  0.00000000E+00  0.69999999E+00  0.10000000E+04
  0.71950114E+00  0.24781775E+00  0.76592588E+00 -0.17430332E+00  0.99102002E+03 -0.17151107E+05  0.12576698E+03  0.12576698E+03  0.10000000E+01  0.00000000E+00
  0.72703671E+00  0.62233460E+00  0.10954605E+01  0.81707999E-01  0.10090719E+04  0.18290969E+05  0.12561582E+03  0.12561256E+03  0.10000000E+01  0.00000000E+00
  0.71148932E+00  0.79506540E+00  0.91942871E+00  0.70548248E+00  0.10083770E+04  0.16854443E+05  0.12546356E+03  0.12546356E+03  0.10000000E+01  0.00000000E+00
  0.85579973E+00  0.10883144E+01  0.29621488E+00  0.74731934E+00  0.99594769E+03 -0.78545723E+04  0.12531018E+03  0.12531018E+03  0.10000000E+01  0.00000000E+00
  0.10096270E+01  0.11461701E+01 -0.81488723E+00  0.57616210E+00  0.10000806E+04  0.15814694E+03  0.12515567E+03  0.12515567E+03  0.10000000E+01  0.00000000E+00
  0.19392295E+01  0.14063103E+01  0.58716869E+00 -0.33343744E+00  0.99742896E+03 -0.50056514E+04  0.12500000E+03  0.12500000E+03  0.10000000E+01  0.00000000E+00
  0.13410509E+01  0.20262420E+00 -0.82525223E-01  0.51998460E+00  0.98362854E+03 -0.30585611E+05  0.12576698E+03  0.12575768E+03  0.10000000E+01  0.00000000E+00
  0.98973942E+00  0.48439705E+00  0.33501334E-01  0.27217484E+00  0.10045873E+04  0.91250801E+04  0.12561582E+03  0.12560778E+03  0.10000000E+01  0.00000000E+00
  0.13756390E+01  0.54570735E+00 -0.79186261E-01  0.38869640E+00  0.10035643E+04  0.70684956E+04  0.12546356E+03  0.12546111E+03  0.10000000E+01  0.00000000E+00
  0.90546954E+00  0.88756931E+00 -0.70093310E+00  0.48292691E+00  0.10037246E+04  0.73897783E+04  0.12531018E+03  0.12531018E+03  0.10000000E+01  0.00000000E+00
  0.15571630E+01  0.84308457E+00 -0.53483850E+00 -0.30112755E+00  0.10142863E+04  0.29260018E+05  0.12515567E+03  0.12515567E+03  0.10000000E+01  0.00000000E+00
  0.12336270E+01  0.12190876E+01 -0.65820289E+00  0.42917007E+00  0.10061538E+04  0.12298999E+05  0.12500000E+03  0.12500000E+03  0.10000000E+01  0.00000000E+00
  0.19603839E+01  0.31203988E+00 -0.28760666E+00 -0.13345550E+00  0.99322601E+03 -0.13023541E+05  0.12576698E+03  0.12575894E+03  0.10000000E+01  0.00000000E+00
  0.19517982E+01  0.54478037E+00  0.10349010E+01 -0.34516859E+00  0.10063796E+04  0.12758903E+05  0.12561582E+03  0.12561089E+03  0.10000000E+01  0.00000000E+00
  0.24935865E+01  0.55263829E+00 -0.23131123E+00 -0.15893817E+00  0.10097744E+04  0.19749062E+05  0.12546356E+03  0.12546170E+03  0.10000000E+01  0.00000000E+00
  0.20336220E+01  0.81294394E+00  0.76539594E+00  0.18640661E+00  0.10050577E+04  0.10075034E+05  0.12531018E+03  0.12531018E+03  0.10000000E+01  0.00000000E+00
  0.25221815E+01  0.96058846E+00  0.11523423E+01 -0.11115901E+01  0.99008447E+03 -0.18885043E+05  0.12515567E+03  0.12515567E+03  0.10000000E+01  0.00000000E+00
  0.20112708E+01  0.14360094E+01  0.16963518E+00 -0.83714283E+00  0.99935150E+03 -0.12698815E+04  0.12500000E+03  0.12500000E+03  0.10000000E+01  0.00000000E+00
  0.17526109E+01  0.52399528E+00 -0.73156095E+00 -0.56506580E+00  0.10074292E+04  0.14905096E+05  0.12576698E+03  0.12576698E+03  0.10000000E+01  0.00000000E+00
  0.22158365E+01  0.72213286E+00 -0.90327919E+00  0.37636977E+00  0.10047952E+04  0.95445986E+04  0.12561582E+03  0.12561221E+03  0.10000000E+01  0.00000000E+00
  0.27467866E+01  0.76890969E+00  0.24011427E+00 -0.43634611E+00  0.10039438E+04  0.78298901E+04  0.12546356E+03  0.12546202E+03  0.10000000E+01  0.00000000E+00
  0.26752152E+01  0.57661593E+00  0.10915495E+00 -0.10105842E+00  0.10038321E+04  0.76055742E+04  0.12531018E+03  0.12530946E+03  0.10000000E+01  0.00000000E+00
  0.27789102E+01  0.13675449E+01 -0.20867494E+00  0.41823363E+00  0.99377045E+03 -0.11996370E+05  0.12515567E+03  0.12515567E+03  0.10000000E+01  0.00000000E+00
  0.27561889E+01  0.14013925E+01  0.10608927E+01 -0.29996425E+00  0.99252136E+03 -0.14347987E+05  0.12500000E+03  0.12500000E+03  0.10000000E+01  0.00000000E+00
  0.18874454E+01  0.12527509E+01 -0.15915651E+01 -0.16489999E+01  0.10004756E+04  0.93454834E+03  0.12561582E+03  0.12561399E+03  0.10000000E+01  0.00000000E+00
  0.29006844E+01  0.12850031E+01  0.11390091E+00  0.53018737E+00  0.10003496E+04  0.68671533E+03  0.12531018E+03  0.12531018E+03  0.10000000E+01  0.00000000E+00
  0.21003542E+01  0.17808373E+01 -0.10504107E+01 -0.63879925E+00  0.99806488E+03 -0.37747437E+04  0.12500000E+03  0.12500000E+03  0.10000000E+01  0.00000000E+00
