  0.00000000E+00  0.00000000E+00  0.00000000E+00  0.00000000E+00  0.10007909E+04  0.15553032E+04  0.12500000E+03  0.26836402E-02  0.69999999E+00  0.99999695E+03
  0.00000000E+00  0.50000000E+00  0.00000000E+00  0.00000000E+00  0.10110780E+04  0.22470865E+05  0.12500000E+03  0.38869670E-02  0.69999999E+00  0.99999548E+03
  0.00000000E+00  0.10000000E+01  0.00000000E+00  0.00000000E+00  0.10075187E+04  0.15088527E+05  0.12500000E+03  0.41768663E-02  0.69999999E+00  0.99999518E+03
  0.00000000E+00  0.15000000E+01  0.00000000E+00  0.00000000E+00  0.10166436E+04  0.34331047E+05  0.12500000E+03  0.15496456E-02  0.69999999E+00  0.99999823E+03
  0.00000000E+00  0.20000000E+01  0.00000000E+00  0.00000000E+00  0.10195306E+04  0.40638863E+05  0.12500000E+03 -0.20572040E-02  0.69999999E+00  0.10000024E+04
  0.00000000E+00  0.25000000E+01  0.00000000E+00  0.00000000E+00  0.10034469E+04  0.68332266E+04  0.12500000E+03  0.51974104E-03  0.69999999E+00  0.99999939E+03
  0.00000000E+00  0.30000000E+01  0.00000000E+00  0.00000000E+00  0.10000026E+04  0.51455903E+01  0.12500000E+03  0.38292605E-04  0.69999999E+00  0.99999994E+03
  0.00000000E+00  0.35000000E+01  0.00000000E+00  0.00000000E+00  0.10000000E+04  0.00000000E+00  0.12500000E+03  0.00000000E+00  0.69999999E+00  0.10000000E+04
  0.00000000E+00  0.40000000E+01  0.00000000E+00  0.00000000E+00  0.10000000E+04  0.00000000E+00  0.12500000E+03  0.00000000E+00  0.69999999E+00  0.10000000E+04
 -0.25000000E+00 -0.25000000E+00  0.00000000E+00  0.00000000E+00  0.10006414E+04  0.12607445E+04  0.12500000E+03  0.52005530E-03  0.69999999E+00  0.99999939E+03
 -0.25000000E+00  0.25000000E+00  0.00000000E+00  0.00000000E+00  0.10004685E+04  0.92047522E+03  0.12500000E+03  0.12264596E-02  0.69999999E+00  0.99999860E+03
 -0.25000000E+00  0.75000000E+00  0.00000000E+00  0.00000000E+00  0.10048560E+04  0.96673779E+04  0.12500000E+03  0.65239239E-03  0.69999999E+00  0.99999927E+03
 -0.25000000E+00  0.12500000E+01  0.00000000E+00  0.00000000E+00  0.10035262E+04  0.69920449E+04  0.12500000E+03  0.13142414E-02  0.69999999E+00  0.99999847E+03
 -0.25000000E+00  0.17500000E+01  0.00000000E+00  0.00000000E+00  0.10009319E+04  0.18334265E+04  0.12500000E+03 -0.43011794E-03  0.69999999E+00  0.10000005E+04
 -0.25000000E+00  0.22500000E+01  0.00000000E+00  0.00000000E+00  0.10015139E+04  0.29839109E+04  0.12500000E+03 -0.18548567E-03  0.69999999E+00  0.10000002E+04
 -0.25000000E+00  0.27500000E+01  0.00000000E+00  0.00000000E+00  0.10000007E+04  0.14033347E+01  0.12500000E+03  0.17473474E-04  0.69999999E+00  0.10000000E+04
 -0.25000000E+00  0.32500000E+01  0.00000000E+00  0.00000000E+00  0.10000000E+04  0.00000000E+00  0.12500000E+03  0.15492756E-40  0.69999999E+00  0.10000000E+04
 -0.25000000E+00  0.37500000E+01  0.00000000E+00  0.00000000E+00  0.10000000E+04  0.00000000E+00  0.12500000E+03  0.00000000E+00  0.69999999E+00  0.10000000E+04
  0.80000000E+01  0.00000000E+00  0.00000000E+00  0.00000000E+00  0.10000000E+04  0.00000000E+00  0.12500000E+03  0.00000000E+00  0.69999999E+00  0.10000000E+04
  0.80000000E+01  0.50000000E+00  0.00000000E+00  0.00000000E+00  0.10000000E+04  0.00000000E+00  0.12500000E+03  0.00000000E+00  0.69999999E+00  0.10000000E+04
  0.80000000E+01  0.10000000E+01  0.00000000E+00  0.00000000E+00  0.10000000E+04  0.00000000E+00  0.12500000E+03  0.00000000E+00  0.69999999E+00  0.10000000E+04
  0.80000000E+01  0.15000000E+01  0.00000000E+00  0.00000000E+00  0.10000000E+04  0.00000000E+00  0.12500000E+03  0.00000000E+00  0.69999999E+00  0.10000000E+04
  0.80000000E+01  0.20000000E+01  0.00000000E+00  0.00000000E+00  0.10000000E+04  0.00000000E+00  0.12500000E+03  0.00000000E+00  0.69999999E+00  0.10000000E+04
  0.80000000E+01  0.25000000E+01  0.00000000E+00  0.00000000E+00  0.10000000E+04  0.00000000E+00  0.12500000E+03  0.00000000E+00  0.69999999E+00  0.10000000E+04
  0.80000000E+01  0.30000000E+01  0.00000000E+00  0.00000000E+00  0.10000000E+04  0.00000000E+00  0.12500000E+03  0.00000000E+00  0.69999999E+00  0.10000000E+04
  0.80000000E+01  0.35000000E+01  0.00000000E+00  0.00000000E+00  0.10000000E+04  0.00000000E+00  0.12500000E+03  0.00000000E+00  0.69999999E+00  0.10000000E+04
  0.80000000E+01  0.40000000E+01  0.00000000E+00  0.00000000E+00  0.10000000E+04  0.00000000E+00  0.12500000E+03  0.00000000E+00  0.69999999E+00  0.10000000E+04
  0.82500000E+01 -0.25000000E+00  0.00000000E+00  0.00000000E+00  0.10000000E+04  0.00000000E+00  0.12500000E+03  0.00000000E+00  0.69999999E+00  0.10000000E+04
  0.82500000E+01  0.25000000E+00  0.00000000E+00  0.00000000E+00  0.10000000E+04  0.00000000E+00  0.12500000E+03  0.00000000E+00  0.69999999E+00  0.10000000E+04
  0.82500000E+01  0.75000000E+00  0.00000000E+00  0.00000000E+00  0.10000000E+04  0.00000000E+00  0.12500000E+03  0.00000000E+00  0.69999999E+00  0.10000000E+04
  0.82500000E+01  0.12500000E+01  0.00000000E+00  0.00000000E+00  0.10000000E+04  0.00000000E+00  0.12500000E+03  0.00000000E+00  0.69999999E+00  0.10000000E+04
  0.82500000E+01  0.17500000E+01  0.00000000E+00  0.00000000E+00  0.10000000E+04  0.00000000E+00  0.12500000E+03  0.00000000E+00  0.69999999E+00  0.10000000E+04
  0.82500000E+01  0.22500000E+01  0.00000000E+00  0.00000000E+00  0.10000000E+04  0.00000000E+00  0.12500000E+03  0.00000000E+00  0.69999999E+00  0.10000000E+04
  0.82500000E+01  0.27500000E+01  0.00000000E+00  0.00000000E+00  0.10000000E+04  0.00000000E+00  0.12500000E+03  0.00000000E+00  0.69999999E+00  0.10000000E+04
  0.82500000E+01  0.32500000E+01  0.00000000E+00  0.00000000E+00  0.10000000E+04  0.00000000E+00  0.12500000E+03  0.00000000E+00  0.69999999E+00  0.10000000E+04
  0.82500000E+01  0.37500000E+01  0.00000000E+00  0.00000000E+00  0.10000000E+04  0.00000000E+00  0.12500000E+03  0.00000000E+00  0.69999999E+00  0.10000000E+04
  0.50000000E+00  0.00000000E+00  0.00000000E+00  0.00000000E+00  0.10417487E+04  0.92914227E+05  0.12500000E+03  0.13641926E-01  0.69999999E+00  0.99998376E+03
  0.10000000E+01  0.00000000E+00  0.00000000E+00  0.00000000E+00  0.10685020E+04  0.16539947E+06  0.12500000E+03  0.80170054E-02  0.69999999E+00  0.99999023E+03
  0.15000000E+01  0.00000000E+00  0.00000000E+00  0.00000000E+00  0.10210367E+04  0.43972184E+05  0.12500000E+03  0.23596179E-01  0.69999999E+00  0.99997247E+03
  0.20000000E+01  0.00000000E+00  0.00000000E+00  0.00000000E+00  0.11292241E+04  0.37595297E+06  0.12500000E+03  0.27510395E-01  0.69999999E+00  0.99996448E+03
  0.25000000E+01  0.00000000E+00  0.00000000E+00  0.00000000E+00  0.10376420E+04  0.82736969E+05  0.12500000E+03  0.92226621E-02  0.69999999E+00  0.99998907E+03
  0.30000000E+01  0.00000000E+00  0.00000000E+00  0.00000000E+00  0.10477329E+04  0.10818222E+06  0.12500000E+03  0.10893060E-01  0.69999999E+00  0.99998694E+03
  0.35000000E+01  0.00000000E+00  0.00000000E+00  0.00000000E+00  0.10049716E+04  0.99007803E+04  0.12500000E+03  0.45634825E-02  0.69999999E+00  0.99999475E+03
  0.40000000E+01  0.00000000E+00  0.00000000E+00  0.00000000E+00  0.10000137E+04  0.26898298E+02  0.12500000E+03 -0.68247195E-04  0.69999999E+00  0.10000001E+04
  0.45000000E+01  0.00000000E+00  0.00000000E+00  0.00000000E+00  0.10000000E+04  0.00000000E+00  0.12500000E+03  0.83735431E-39  0.69999999E+00  0.10000000E+04
  0.50000000E+01  0.00000000E+00  0.00000000E+00  0.00000000E+00  0.10000000E+04  0.00000000E+00  0.12500000E+03 -0.38928071E-41  0.69999999E+00  0.10000000E+04
  0.55000000E+01  0.00000000E+00  0.00000000E+00  0.00000000E+00  0.10000000E+04  0.00000000E+00  0.12500000E+03  0.00000000E+00  0.69999999E+00  0.10000000E+04
  0.60000000E+01  0.00000000E+00  0.00000000E+00  0.00000000E+00  0.10000000E+04  0.00000000E+00  0.12500000E+03  0.00000000E+00  0.69999999E+00  0.10000000E+04
  0.65000000E+01  0.00000000E+00  0.00000000E+00  0.00000000E+00  0.10000000E+04  0.00000000E+00  0.12500000E+03  0.00000000E+00  0.69999999E+00  0.10000000E+04
  0.70000000E+01  0.00000000E+00  0.00000000E+00  0.00000000E+00  0.10000000E+04  0.00000000E+00  0.12500000E+03  0.00000000E+00  0.69999999E+00  0.10000000E+04
  0.75000000E+01  0.00000000E+00  0.00000000E+00  0.00000000E+00  0.10000000E+04  0.00000000E+00  0.12500000E+03  0.00000000E+00  0.69999999E+00  0.10000000E+04
  0.25000000E+00 -0.25000000E+00  0.00000000E+00  0.00000000E+00  0.10056459E+04  0.11266597E+05  0.12500000E+03  0.34865928E-02  0.69999999E+00  0.99999597E+03
  0.75000000E+00 -0.25000000E+00  0.00000000E+00  0.00000000E+00  0.10258918E+04  0.54920586E+05  0.12500000E+03  0.97373370E-02  0.69999999E+00  0.99998859E+03
  0.12500000E+01 -0.25000000E+00  0.00000000E+00  0.00000000E+00  0.10096365E+04  0.19462309E+05  0.12500000E+03  0.76019028E-02  0.69999999E+00  0.99999121E+03
  0.17500000E+01 -0.25000000E+00  0.00000000E+00  0.00000000E+00  0.10144318E+04  0.29570844E+05  0.12500000E+03  0.11683892E-01  0.69999999E+00  0.99998645E+03
  0.22500000E+01 -0.25000000E+00  0.00000000E+00  0.00000000E+00  0.10011483E+04  0.22608259E+04  0.12500000E+03  0.11779882E-01  0.69999999E+00  0.99998651E+03
  0.27500000E+01 -0.25000000E+00  0.00000000E+00  0.00000000E+00  0.10055105E+04  0.10991881E+05  0.12500000E+03  0.58952356E-02  0.69999999E+00  0.99999323E+03
  0.32500000E+01 -0.25000000E+00  0.00000000E+00  0.00000000E+00  0.10020618E+04  0.40702097E+04  0.12500000E+03  0.41701416E-02  0.69999999E+00  0.99999524E+03
  0.37500000E+01 -0.25000000E+00  0.00000000E+00  0.00000000E+00  0.10000070E+04  0.13565822E+02  0.12500000E+03 -0.15635355E-03  0.69999999E+00  0.10000002E+04
  0.42500000E+01 -0.25000000E+00  0.00000000E+00  0.00000000E+00  0.10000000E+04  0.00000000E+00  0.12500000E+03 -0.28510749E-35  0.69999999E+00  0.10000000E+04
  0.47500000E+01 -0.25000000E+00  0.00000000E+00  0.00000000E+00  0.10000000E+04  0.00000000E+00  0.12500000E+03 -0.18593773E-38  0.69999999E+00  0.10000000E+04
  0.52500000E+01 -0.25000000E+00  0.00000000E+00  0.00000000E+00  0.10000000E+04  0.00000000E+00  0.12500000E+03  0.00000000E+00  0.69999999E+00  0.10000000E+04
  0.57500000E+01 -0.25000000E+00  0.00000000E+00  0.00000000E+00  0.10000000E+04  0.00000000E+00  0.12500000E+03  0.00000000E+00  0.69999999E+00  0.10000000E+04
  0.62500000E+01 -0.25000000E+00  0.00000000E+00  0.00000000E+00  0.10000000E+04  0.00000000E+00  0.12500000E+03  0.00000000E+00  0.69999999E+00  0.10000000E+04
  0.67500000E+01 -0.25000000E+00  0.00000000E+00  0.00000000E+00  0.10000000E+04  0.00000000E+00  0.12500000E+03  0.00000000E+00  0.69999999E+00  0.10000000E+04
  0.72500000E+01 -0.25000000E+00  0.00000000E+00  0.00000000E+00  0.10000000E+04  0.00000000E+00  0.12500000E+03  0.00000000E+00  0.69999999E+00  0.10000000E+04
  0.77500000E+01 -0.25000000E+00  0.00000000E+00  0.00000000E+00  0.10000000E+04  0.00000000E+00  0.12500000E+03  0.00000000E+00  0.69999999E+00  0.10000000E+04
  0.40000000E+01  0.50000000E+00  0.00000000E+00  0.00000000E+00  0.10002545E+04  0.49973367E+03  0.12500000E+03 -0.49135427E-03  0.69999999E+00  0.10000005E+04
  0.37500000E+01  0.25000000E+00  0.00000000E+00  0.00000000E+00  0.10025045E+04  0.49508398E+04  0.12500000E+03 -0.21724515E-02  0.69999999E+00  0.10000025E+04
  0.40000000E+01  0.10000000E+01  0.00000000E+00  0.00000000E+00  0.10012909E+04  0.25426099E+04  0.12500000E+03 -0.13014377E-03  0.69999999E+00  0.10000001E+04
  0.37500000E+01  0.75000000E+00  0.00000000E+00  0.00000000E+00  0.10364718E+04  0.79880961E+05  0.12500000E+03  0.10956551E-02  0.69999999E+00  0.99999872E+03
  0.40000000E+01  0.15000000E+01  0.00000000E+00  0.00000000E+00  0.10013932E+04  0.27449077E+04  0.12500000E+03  0.48614095E-03  0.69999999E+00  0.99999945E+03
  0.37500000E+01  0.12500000E+01  0.00000000E+00  0.00000000E+00  0.10343372E+04  0.74720430E+05  0.12500000E+03  0.12107783E-02  0.69999999E+00  0.99999860E+03
  0.40000000E+01  0.20000000E+01  0.00000000E+00  0.00000000E+00  0.10025664E+04  0.50743237E+04  0.12500000E+03  0.36141305E-03  0.69999999E+00  0.99999957E+03
  0.37500000E+01  0.17500000E+01  0.00000000E+00  0.00000000E+00  0.10671289E+04  0.16140588E+06  0.12500000E+03  0.24823619E-02  0.69999999E+00  0.99999695E+03
  0.45000000E+01  0.50000000E+00  0.00000000E+00  0.00000000E+00  0.10000000E+04  0.00000000E+00  0.12500000E+03  0.54821010E-38  0.69999999E+00  0.10000000E+04
  0.42500000E+01  0.25000000E+00  0.00000000E+00  0.00000000E+00  0.10000018E+04  0.35083482E+01  0.12500000E+03 -0.74084828E-05  0.69999999E+00  0.10000000E+04
  0.45000000E+01  0.10000000E+01  0.00000000E+00  0.00000000E+00  0.10000000E+04  0.00000000E+00  0.12500000E+03 -0.60059652E-41  0.69999999E+00  0.10000000E+04
  0.42500000E+01  0.75000000E+00  0.00000000E+00  0.00000000E+00  0.10000916E+04  0.17967581E+03  0.12500000E+03 -0.20551628E-04  0.69999999E+00  0.10000000E+04
  0.45000000E+01  0.15000000E+01  0.00000000E+00  0.00000000E+00  0.10000000E+04  0.00000000E+00  0.12500000E+03 -0.21983570E-40  0.69999999E+00  0.10000000E+04
  0.42500000E+01  0.12500000E+01  0.00000000E+00  0.00000000E+00  0.10000066E+04  0.12864128E+02  0.12500000E+03  0.64903998E-05  0.69999999E+00  0.10000000E+04
  0.45000000E+01  0.20000000E+01  0.00000000E+00  0.00000000E+00  0.10000000E+04  0.00000000E+00  0.12500000E+03  0.19643402E-40  0.69999999E+00  0.10000000E+04
  0.42500000E+01  0.17500000E+01  0.00000000E+00  0.00000000E+00  0.10000031E+04  0.60811610E+01  0.12500000E+03 -0.35628464E-05  0.69999999E+00  0.10000000E+04
  0.50000000E+01  0.50000000E+00  0.00000000E+00  0.00000000E+00  0.10000000E+04  0.00000000E+00  0.12500000E+03  0.36573890E-41  0.69999999E+00  0.10000000E+04
  0.47500000E+01  0.25000000E+00  0.00000000E+00  0.00000000E+00  0.10000000E+04  0.00000000E+00  0.12500000E+03  0.18401207E-38  0.69999999E+00  0.10000000E+04
  0.50000000E+01  0.10000000E+01  0.00000000E+00  0.00000000E+00  0.10000000E+04  0.00000000E+00  0.12500000E+03  0.00000000E+00  0.69999999E+00  0.10000000E+04
  0.47500000E+01  0.75000000E+00  0.00000000E+00  0.00000000E+00  0.10000000E+04  0.00000000E+00  0.12500000E+03  0.39488591E-41  0.69999999E+00  0.10000000E+04
  0.50000000E+01  0.15000000E+01  0.00000000E+00  0.00000000E+00  0.10000000E+04  0.00000000E+00  0.12500000E+03 -0.15887922E-40  0.69999999E+00  0.10000000E+04
  0.47500000E+01  0.12500000E+01  0.00000000E+00  0.00000000E+00  0.10000000E+04  0.00000000E+00  0.12500000E+03 -0.15232114E-40  0.69999999E+00  0.10000000E+04
  0.50000000E+01  0.20000000E+01  0.00000000E+00  0.00000000E+00  0.10000000E+04  0.00000000E+00  0.12500000E+03  0.13797185E-40  0.69999999E+00  0.10000000E+04
  0.47500000E+01  0.17500000E+01  0.00000000E+00  0.00000000E+00  0.10000000E+04  0.00000000E+00  0.12500000E+03 -0.71466222E-42  0.69999999E+00  0.10000000E+04
  0.28213375E+01  0.91999102E+00  0.38592452E+00  0.64658448E-01  0.99920312E+03 -0.15596960E+04  0.12576698E+03  0.12576656E+03  0.10000000E+01  0.00000000E+00
  0.91119158E+00  0.13721246E+01  0.14143194E+00 -0.13541858E+00  0.10015494E+04  0.30540166E+04  0.12561582E+03  0.12561256E+03  0.10000000E+01  0.00000000E+00
  0.17991402E+01  0.10647240E+01  0.56731361E+00  0.43675244E+00  0.10079171E+04  0.15907085E+05  0.12546356E+03  0.12546323E+03  0.10000000E+01  0.00000000E+00
  0.29361093E+01  0.17272992E+01  0.10281050E+00 -0.12526395E+01  0.99897791E+03 -0.19992225E+04  0.12531018E+03  0.12531044E+03  0.10000000E+01  0.00000000E+00
  0.28236289E+01  0.17173630E+01 -0.17519753E+01 -0.21664223E+00  0.99438422E+03 -0.10834244E+05  0.12515567E+03  0.12515567E+03  0.10000000E+01  0.00000000E+00
  0.28805661E+01  0.17416620E+01 -0.58915798E-01 -0.85242844E+00  0.99896411E+03 -0.20260703E+04  0.12500000E+03  0.12499985E+03  0.10000000E+01  0.00000000E+00
  0.27370048E+01  0.88956416E+00 -0.30382013E+00 -0.49268305E+00  0.99767883E+03 -0.45225718E+04  0.12576698E+03  0.12575461E+03  0.10000000E+01  0.00000000E+00
  0.99220347E+00  0.88245440E+00  0.46501148E+00  0.11372475E+00  0.10021342E+04  0.42142134E+04  0.12561582E+03  0.12560609E+03  0.10000000E+01  0.00000000E+00
  0.85470998E+00  0.99882531E+00 -0.17818120E+00  0.57167649E+00  0.99607745E+03 -0.76060151E+04  0.12546356E+03  0.12546051E+03  0.10000000E+01  0.00000000E+00
  0.28961813E+01  0.11086518E+01  0.24526261E-01 -0.11643763E+01  0.10023342E+04  0.46119692E+04  0.12531018E+03  0.12531038E+03  0.10000000E+01  0.00000000E+00
  0.11521622E+01  0.86867917E+00 -0.50933409E+00  0.30488998E+00  0.10032797E+04  0.64984028E+04  0.12515567E+03  0.12515535E+03  0.10000000E+01  0.00000000E+00
  0.69031167E+00  0.91801095E+00  0.34012866E+00  0.67567945E-01  0.10004323E+04  0.84918073E+03  0.12500000E+03  0.12500000E+03  0.10000000E+01  0.00000000E+00
  0.21071112E+01  0.99281633E+00 -0.42401016E+00 -0.44767836E+00  0.10029616E+04  0.58626123E+04  0.12576698E+03  0.12575644E+03  0.10000000E+01  0.00000000E+00
  0.26942189E+01  0.87902737E+00 -0.33282128E+00 -0.27846101E+00  0.99866296E+03 -0.26127959E+04  0.12561582E+03  0.12561059E+03  0.10000000E+01  0.00000000E+00
  0.28012400E+01  0.14225162E+01 -0.31284469E+00 -0.42472225E+00  0.10044777E+04  0.89042246E+04  0.12546356E+03  0.12546005E+03  0.10000000E+01  0.00000000E+00
  0.14900541E+01  0.91610122E+00 -0.52149141E+00  0.65572530E-01  0.10052970E+04  0.10559221E+05  0.12531018E+03  0.12531018E+03  0.10000000E+01  0.00000000E+00
  0.28771319E+01  0.78206241E+00  0.48644364E+00  0.24023893E+00  0.10028030E+04  0.55458843E+04  0.12515567E+03  0.12515553E+03  0.10000000E+01  0.00000000E+00
  0.10237005E+01  0.16042466E+01 -0.87283462E-01  0.84932536E-01  0.99713593E+03 -0.55712393E+04  0.12500000E+03  0.12500612E+03  0.10000000E+01  0.00000000E+00
  0.92956996E+00  0.14922508E+01  0.32720083E+00  0.12868756E+00  0.10003005E+04  0.59016510E+03  0.12576698E+03  0.12576566E+03  0.10000000E+01  0.00000000E+00
  0.24124794E+01  0.10761253E+01 -0.42463496E-01 -0.30190355E+00  0.10006780E+04  0.13330677E+04  0.12561582E+03  0.12561228E+03  0.10000000E+01  0.00000000E+00
  0.16637745E+01  0.11956584E+01  0.38255560E+00 -0.43308666E+00  0.10033037E+04  0.65465894E+04  0.12546356E+03  0.12546202E+03  0.10000000E+01  0.00000000E+00
  0.22662799E+01  0.93978107E+00 -0.24968177E+00 -0.44093169E-01  0.10032086E+04  0.63560312E+04  0.12531018E+03  0.12530890E+03  0.10000000E+01  0.00000000E+00
  0.22142463E+01  0.15918391E+01 -0.16704497E+00 -0.27742034E+00  0.10045424E+04  0.90344619E+04  0.12515567E+03  0.12515567E+03  0.10000000E+01  0.00000000E+00
  0.13986602E+01  0.87444937E+00 -0.46027431E+00  0.18793666E+00  0.10050687E+04  0.10097455E+05  0.12500000E+03  0.12500012E+03  0.10000000E+01  0.00000000E+00
  0.11015222E+01  0.16012967E+01  0.17142376E+00  0.10804309E+00  0.99747845E+03 -0.49100610E+04  0.12561582E+03  0.12560780E+03  0.10000000E+01  0.00000000E+00
  0.16422993E+01  0.15861900E+01 -0.14062313E+01  0.48984259E+00  0.10050850E+04  0.10130245E+05  0.12531018E+03  0.12531004E+03  0.10000000E+01  0.00000000E+00
  0.23491156E+01  0.18378451E+01  0.49758822E+00  0.25391552E+00  0.10088134E+04  0.17755828E+05  0.12500000E+03  0.12500000E+03  0.10000000E+01  0.00000000E+00
