  0.00000000E+00  0.00000000E+00  0.00000000E+00  0.00000000E+00  0.10015673E+04  0.30894292E+04  0.12500000E+03  0.22255683E-02  0.69999999E+00  0.99999744E+03
  0.00000000E+00  0.50000000E+00  0.00000000E+00  0.00000000E+00  0.10155421E+04  0.31952918E+05  0.12500000E+03  0.23879367E-02  0.69999999E+00  0.99999725E+03
  0.00000000E+00  0.10000000E+01  0.00000000E+00  0.00000000E+00  0.10096234E+04  0.19435057E+05  0.12500000E+03  0.30712376E-02  0.69999999E+00  0.99999646E+03
  0.00000000E+00  0.15000000E+01  0.00000000E+00  0.00000000E+00  0.10138241E+04  0.28274021E+05  0.12500000E+03  0.11194493E-02  0.69999999E+00  0.99999872E+03
  0.00000000E+00  0.20000000E+01  0.00000000E+00  0.00000000E+00  0.10182762E+04  0.37884969E+05  0.12500000E+03 -0.11356196E-02  0.69999999E+00  0.10000013E+04
  0.00000000E+00  0.25000000E+01  0.00000000E+00  0.00000000E+00  0.10030736E+04  0.60862402E+04  0.12500000E+03  0.33517432E-03  0.69999999E+00  0.99999963E+03
  0.00000000E+00  0.30000000E+01  0.00000000E+00  0.00000000E+00  0.10000000E+04  0.00000000E+00  0.12500000E+03  0.60528782E-05  0.69999999E+00  0.10000000E+04
  0.00000000E+00  0.35000000E+01  0.00000000E+00  0.00000000E+00  0.10000000E+04  0.00000000E+00  0.12500000E+03  0.00000000E+00  0.69999999E+00  0.10000000E+04
  0.00000000E+00  0.40000000E+01  0.00000000E+00  0.00000000E+00  0.10000000E+04  0.00000000E+00  0.12500000E+03  0.00000000E+00  0.69999999E+00  0.10000000E+04
 -0.25000000E+00 -0.25000000E+00  0.00000000E+00  0.00000000E+00  0.10006414E+04  0.12607445E+04  0.12500000E+03  0.52005530E-03  0.69999999E+00  0.99999939E+03
 -0.25000000E+00  0.25000000E+00  0.00000000E+00  0.00000000E+00  0.10009897E+04  0.19477533E+04  0.12500000E+03  0.94749342E-03  0.69999999E+00  0.99999890E+03
 -0.25000000E+00  0.75000000E+00  0.00000000E+00  0.00000000E+00  0.10060250E+04  0.12037028E+05  0.12500000E+03  0.24782011E-03  0.69999999E+00  0.99999969E+03
 -0.25000000E+00  0.12500000E+01  0.00000000E+00  0.00000000E+00  0.10008660E+04  0.17033870E+04  0.12500000E+03  0.98406593E-03  0.69999999E+00  0.99999890E+03
 -0.25000000E+00  0.17500000E+01  0.00000000E+00  0.00000000E+00  0.10011934E+04  0.23498586E+04  0.12500000E+03 -0.25571953E-03  0.69999999E+00  0.10000003E+04
 -0.25000000E+00  0.22500000E+01  0.00000000E+00  0.00000000E+00  0.10012462E+04  0.24542319E+04  0.12500000E+03 -0.15003496E-03  0.69999999E+00  0.10000002E+04
 -0.25000000E+00  0.27500000E+01  0.00000000E+00  0.00000000E+00  0.10000000E+04  0.00000000E+00  0.12500000E+03  0.33350903E-42  0.69999999E+00  0.10000000E+04
 -0.25000000E+00  0.32500000E+01  0.00000000E+00  0.00000000E+00  0.10000000E+04  0.00000000E+00  0.12500000E+03  0.00000000E+00  0.69999999E+00  0.10000000E+04
 -0.25000000E+00  0.37500000E+01  0.00000000E+00  0.00000000E+00  0.10000000E+04  0.00000000E+00  0.12500000E+03  0.00000000E+00  0.69999999E+00  0.10000000E+04
  0.80000000E+01  0.00000000E+00  0.00000000E+00  0.00000000E+00  0.10000000E+04  0.00000000E+00  0.12500000E+03  0.00000000E+00  0.69999999E+00  0.10000000E+04
  0.80000000E+01  0.50000000E+00  0.00000000E+00  0.00000000E+00  0.10000000E+04  0.00000000E+00  0.12500000E+03  0.00000000E+00  0.69999999E+00  0.10000000E+04
  0.80000000E+01  0.10000000E+01  0.00000000E+00  0.00000000E+00  0.10000000E+04  0.00000000E+00  0.12500000E+03  0.00000000E+00  0.69999999E+00  0.10000000E+04
  0.80000000E+01  0.15000000E+01  0.00000000E+00  0.00000000E+00  0.10000000E+04  0.00000000E+00  0.12500000E+03  0.00000000E+00  0.69999999E+00  0.10000000E+04
  0.80000000E+01  0.20000000E+01  0.00000000E+00  0.00000000E+00  0.10000000E+04  0.00000000E+00  0.12500000E+03  0.00000000E+00  0.69999999E+00  0.10000000E+04
  0.80000000E+01  0.25000000E+01  0.00000000E+00  0.00000000E+00  0.10000000E+04  0.00000000E+00  0.12500000E+03  0.00000000E+00  0.69999999E+00  0.10000000E+04
  0.80000000E+01  0.30000000E+01  0.00000000E+00  0.00000000E+00  0.10000000E+04  0.00000000E+00  0.12500000E+03  0.00000000E+00  0.69999999E+00  0.10000000E+04
  0.80000000E+01  0.35000000E+01  0.00000000E+00  0.00000000E+00  0.10000000E+04  0.00000000E+00  0.12500000E+03  0.00000000E+00  0.69999999E+00  0.10000000E+04
  0.80000000E+01  0.40000000E+01  0.00000000E+00  0.00000000E+00  0.10000000E+04  0.00000000E+00  0.12500000E+03  0.00000000E+00  0.69999999E+00  0.10000000E+04
  0.82500000E+01 -0.25000000E+00  0.00000000E+00  0.00000000E+00  0.10000000E+04  0.00000000E+00  0.12500000E+03  0.00000000E+00  0.69999999E+00  0.10000000E+04
  0.82500000E+01  0.25000000E+00  0.00000000E+00  0.00000000E+00  0.10000000E+04  0.00000000E+00  0.12500000E+03  0.00000000E+00  0.69999999E+00  0.10000000E+04
  0.82500000E+01  0.75000000E+00  0.00000000E+00  0.00000000E+00  0.10000000E+04  0.00000000E+00  0.12500000E+03  0.00000000E+00  0.69999999E+00  0.10000000E+04
  0.82500000E+01  0.12500000E+01  0.00000000E+00  0.00000000E+00  0.10000000E+04  0.00000000E+00  0.12500000E+03  0.00000000E+00  0.69999999E+00  0.10000000E+04
  0.82500000E+01  0.17500000E+01  0.00000000E+00  0.00000000E+00  0.10000000E+04  0.00000000E+00  0.12500000E+03  0.00000000E+00  0.69999999E+00  0.10000000E+04
  0.82500000E+01  0.22500000E+01  0.00000000E+00  0.00000000E+00  0.10000000E+04  0.00000000E+00  0.12500000E+03  0.00000000E+00  0.69999999E+00  0.10000000E+04
  0.82500000E+01  0.27500000E+01  0.00000000E+00  0.00000000E+00  0.10000000E+04  0.00000000E+00  0.12500000E+03  0.00000000E+00  0.69999999E+00  0.10000000E+04
  0.82500000E+01  0.32500000E+01  0.00000000E+00  0.00000000E+00  0.10000000E+04  0.00000000E+00  0.12500000E+03  0.00000000E+00  0.69999999E+00  0.10000000E+04
  0.82500000E+01  0.37500000E+01  0.00000000E+00  0.00000000E+00  0.10000000E+04  0.00000000E+00  0.12500000E+03  0.00000000E+00  0.69999999E+00  0.10000000E+04
  0.50000000E+00  0.00000000E+00  0.00000000E+00  0.00000000E+00  0.10414396E+04  0.92139766E+05  0.12500000E+03  0.10933816E-01  0.69999999E+00  0.99998700E+03
  0.10000000E+01  0.00000000E+00  0.00000000E+00  0.00000000E+00  0.10494624E+04  0.11269321E+06  0.12500000E+03  0.57758684E-02  0.69999999E+00  0.99999304E+03
  0.15000000E+01  0.00000000E+00  0.00000000E+00  0.00000000E+00  0.10161036E+04  0.33163344E+05  0.12500000E+03  0.19510064E-01  0.69999999E+00  0.99997736E+03
  0.20000000E+01  0.00000000E+00  0.00000000E+00  0.00000000E+00  0.11396892E+04  0.41972716E+06  0.12500000E+03  0.22224495E-01  0.69999999E+00  0.99997107E+03
  0.25000000E+01  0.00000000E+00  0.00000000E+00  0.00000000E+00  0.10345509E+04  0.75234273E+05  0.12500000E+03  0.53139427E-02  0.69999999E+00  0.99999371E+03
  0.30000000E+01  0.00000000E+00  0.00000000E+00  0.00000000E+00  0.10481958E+04  0.10938520E+06  0.12500000E+03  0.70182355E-02  0.69999999E+00  0.99999158E+03
  0.35000000E+01  0.00000000E+00  0.00000000E+00  0.00000000E+00  0.10063799E+04  0.12759390E+05  0.12500000E+03  0.27101662E-02  0.69999999E+00  0.99999689E+03
  0.40000000E+01  0.00000000E+00  0.00000000E+00  0.00000000E+00  0.10000137E+04  0.26898298E+02  0.12500000E+03 -0.68247195E-04  0.69999999E+00  0.10000001E+04
  0.45000000E+01  0.00000000E+00  0.00000000E+00  0.00000000E+00  0.10000000E+04  0.00000000E+00  0.12500000E+03  0.14125089E-40  0.69999999E+00  0.10000000E+04
  0.50000000E+01  0.00000000E+00  0.00000000E+00  0.00000000E+00  0.10000000E+04  0.00000000E+00  0.12500000E+03  0.00000000E+00  0.69999999E+00  0.10000000E+04
  0.55000000E+01  0.00000000E+00  0.00000000E+00  0.00000000E+00  0.10000000E+04  0.00000000E+00  0.12500000E+03  0.00000000E+00  0.69999999E+00  0.10000000E+04
  0.60000000E+01  0.00000000E+00  0.00000000E+00  0.00000000E+00  0.10000000E+04  0.00000000E+00  0.12500000E+03  0.00000000E+00  0.69999999E+00  0.10000000E+04
  0.65000000E+01  0.00000000E+00  0.00000000E+00  0.00000000E+00  0.10000000E+04  0.00000000E+00  0.12500000E+03  0.00000000E+00  0.69999999E+00  0.10000000E+04
  0.70000000E+01  0.00000000E+00  0.00000000E+00  0.00000000E+00  0.10000000E+04  0.00000000E+00  0.12500000E+03  0.00000000E+00  0.69999999E+00  0.10000000E+04
  0.75000000E+01  0.00000000E+00  0.00000000E+00  0.00000000E+00  0.10000000E+04  0.00000000E+00  0.12500000E+03  0.00000000E+00  0.69999999E+00  0.10000000E+04
  0.25000000E+00 -0.25000000E+00  0.00000000E+00  0.00000000E+00  0.10056987E+04  0.11373785E+05  0.12500000E+03  0.30610035E-02  0.69999999E+00  0.99999646E+03
  0.75000000E+00 -0.25000000E+00  0.00000000E+00  0.00000000E+00  0.10263611E+04  0.55995242E+05  0.12500000E+03  0.79955067E-02  0.69999999E+00  0.99999060E+03
  0.12500000E+01 -0.25000000E+00  0.00000000E+00  0.00000000E+00  0.10090270E+04  0.18197895E+05  0.12500000E+03  0.64171264E-02  0.69999999E+00  0.99999261E+03
  0.17500000E+01 -0.25000000E+00  0.00000000E+00  0.00000000E+00  0.10153693E+04  0.31581090E+05  0.12500000E+03  0.97803380E-02  0.69999999E+00  0.99998865E+03
  0.22500000E+01 -0.25000000E+00  0.00000000E+00  0.00000000E+00  0.10016797E+04  0.33121433E+04  0.12500000E+03  0.94416663E-02  0.69999999E+00  0.99998920E+03
  0.27500000E+01 -0.25000000E+00  0.00000000E+00  0.00000000E+00  0.10075358E+04  0.15123757E+05  0.12500000E+03  0.35577512E-02  0.69999999E+00  0.99999591E+03
  0.32500000E+01 -0.25000000E+00  0.00000000E+00  0.00000000E+00  0.10020851E+04  0.41166250E+04  0.12500000E+03  0.25582020E-02  0.69999999E+00  0.99999707E+03
  0.37500000E+01 -0.25000000E+00  0.00000000E+00  0.00000000E+00  0.10000070E+04  0.13565822E+02  0.12500000E+03 -0.15635355E-03  0.69999999E+00  0.10000002E+04
  0.42500000E+01 -0.25000000E+00  0.00000000E+00  0.00000000E+00  0.10000000E+04  0.00000000E+00  0.12500000E+03 -0.51341894E-37  0.69999999E+00  0.10000000E+04
  0.47500000E+01 -0.25000000E+00  0.00000000E+00  0.00000000E+00  0.10000000E+04  0.00000000E+00  0.12500000E+03 -0.18642875E-40  0.69999999E+00  0.10000000E+04
  0.52500000E+01 -0.25000000E+00  0.00000000E+00  0.00000000E+00  0.10000000E+04  0.00000000E+00  0.12500000E+03  0.00000000E+00  0.69999999E+00  0.10000000E+04
  0.57500000E+01 -0.25000000E+00  0.00000000E+00  0.00000000E+00  0.10000000E+04  0.00000000E+00  0.12500000E+03  0.00000000E+00  0.69999999E+00  0.10000000E+04
  0.62500000E+01 -0.25000000E+00  0.00000000E+00  0.00000000E+00  0.10000000E+04  0.00000000E+00  0.12500000E+03  0.00000000E+00  0.69999999E+00  0.10000000E+04
  0.67500000E+01 -0.25000000E+00  0.00000000E+00  0.00000000E+00  0.10000000E+04  0.00000000E+00  0.12500000E+03  0.00000000E+00  0.69999999E+00  0.10000000E+04
  0.72500000E+01 -0.25000000E+00  0.00000000E+00  0.00000000E+00  0.10000000E+04  0.00000000E+00  0.12500000E+03  0.00000000E+00  0.69999999E+00  0.10000000E+04
  0.77500000E+01 -0.25000000E+00  0.00000000E+00  0.00000000E+00  0.10000000E+04  0.00000000E+00  0.12500000E+03  0.00000000E+00  0.69999999E+00  0.10000000E+04
  0.40000000E+01  0.50000000E+00  0.00000000E+00  0.00000000E+00  0.10004858E+04  0.95472083E+03  0.12500000E+03 -0.26806659E-03  0.69999999E+00  0.10000003E+04
  0.37500000E+01  0.25000000E+00  0.00000000E+00  0.00000000E+00  0.10035247E+04  0.69889395E+04  0.12500000E+03 -0.12181820E-02  0.69999999E+00  0.10000014E+04
  0.40000000E+01  0.10000000E+01  0.00000000E+00  0.00000000E+00  0.10024606E+04  0.48634790E+04  0.12500000E+03 -0.10122558E-03  0.69999999E+00  0.10000001E+04
  0.37500000E+01  0.75000000E+00  0.00000000E+00  0.00000000E+00  0.10350901E+04  0.76533320E+05  0.12500000E+03  0.82566915E-03  0.69999999E+00  0.99999902E+03
  0.40000000E+01  0.15000000E+01  0.00000000E+00  0.00000000E+00  0.10008917E+04  0.17541738E+04  0.12500000E+03  0.27173082E-03  0.69999999E+00  0.99999969E+03
  0.37500000E+01  0.12500000E+01  0.00000000E+00  0.00000000E+00  0.10255878E+04  0.54225652E+05  0.12500000E+03  0.62447618E-03  0.69999999E+00  0.99999927E+03
  0.40000000E+01  0.20000000E+01  0.00000000E+00  0.00000000E+00  0.10053445E+04  0.10655561E+05  0.12500000E+03  0.25667413E-03  0.69999999E+00  0.99999969E+03
  0.37500000E+01  0.17500000E+01  0.00000000E+00  0.00000000E+00  0.10506746E+04  0.11588145E+06  0.12500000E+03  0.13780550E-02  0.69999999E+00  0.99999835E+03
  0.45000000E+01  0.50000000E+00  0.00000000E+00  0.00000000E+00  0.10000000E+04  0.00000000E+00  0.12500000E+03  0.55435367E-40  0.69999999E+00  0.10000000E+04
  0.42500000E+01  0.25000000E+00  0.00000000E+00  0.00000000E+00  0.10000018E+04  0.35083482E+01  0.12500000E+03 -0.74084828E-05  0.69999999E+00  0.10000000E+04
  0.45000000E+01  0.10000000E+01  0.00000000E+00  0.00000000E+00  0.10000000E+04  0.00000000E+00  0.12500000E+03  0.00000000E+00  0.69999999E+00  0.10000000E+04
  0.42500000E+01  0.75000000E+00  0.00000000E+00  0.00000000E+00  0.10000944E+04  0.18529227E+03  0.12500000E+03 -0.10442676E-04  0.69999999E+00  0.10000000E+04
  0.45000000E+01  0.15000000E+01  0.00000000E+00  0.00000000E+00  0.10000000E+04  0.00000000E+00  0.12500000E+03 -0.00000000E+00  0.69999999E+00  0.10000000E+04
  0.42500000E+01  0.12500000E+01  0.00000000E+00  0.00000000E+00  0.10000066E+04  0.12864128E+02  0.12500000E+03  0.34267537E-05  0.69999999E+00  0.10000000E+04
  0.45000000E+01  0.20000000E+01  0.00000000E+00  0.00000000E+00  0.10000000E+04  0.00000000E+00  0.12500000E+03  0.00000000E+00  0.69999999E+00  0.10000000E+04
  0.42500000E+01  0.17500000E+01  0.00000000E+00  0.00000000E+00  0.10000031E+04  0.60811610E+01  0.12500000E+03 -0.29684043E-05  0.69999999E+00  0.10000000E+04
  0.50000000E+01  0.50000000E+00  0.00000000E+00  0.00000000E+00  0.10000000E+04  0.00000000E+00  0.12500000E+03  0.00000000E+00  0.69999999E+00  0.10000000E+04
  0.47500000E+01  0.25000000E+00  0.00000000E+00  0.00000000E+00  0.10000000E+04  0.00000000E+00  0.12500000E+03  0.18401851E-40  0.69999999E+00  0.10000000E+04
  0.50000000E+01  0.10000000E+01  0.00000000E+00  0.00000000E+00  0.10000000E+04  0.00000000E+00  0.12500000E+03  0.00000000E+00  0.69999999E+00  0.10000000E+04
  0.47500000E+01  0.75000000E+00  0.00000000E+00  0.00000000E+00  0.10000000E+04  0.00000000E+00  0.12500000E+03  0.00000000E+00  0.69999999E+00  0.10000000E+04
  0.50000000E+01  0.15000000E+01  0.00000000E+00  0.00000000E+00  0.10000000E+04  0.00000000E+00  0.12500000E+03  0.00000000E+00  0.69999999E+00  0.10000000E+04
  0.47500000E+01  0.12500000E+01  0.00000000E+00  0.00000000E+00  0.10000000E+04  0.00000000E+00  0.12500000E+03  0.00000000E+00  0.69999999E+00  0.10000000E+04
  0.50000000E+01  0.20000000E+01  0.00000000E+00  0.00000000E+00  0.10000000E+04  0.00000000E+00  0.12500000E+03  0.00000000E+00  0.69999999E+00  0.10000000E+04
  0.47500000E+01  0.17500000E+01  0.00000000E+00  0.00000000E+00  0.10000000E+04  0.00000000E+00  0.12500000E+03 -0.00000000E+00  0.69999999E+00  0.10000000E+04
  0.27046931E+01  0.89635682E+00 -0.84870052E+00 -0.33076459E+00  0.10010193E+04  0.20058728E+04  0.12576698E+03  0.12576674E+03  0.10000000E+01  0.00000000E+00
  0.14961149E+01  0.98321819E+00 -0.22855985E+00  0.21983446E+00  0.99792133E+03 -0.40529717E+04  0.12561582E+03  0.12561256E+03  0.10000000E+01  0.00000000E+00
  0.16685865E+01  0.11865708E+01  0.74759448E+00 -0.72926402E+00  0.99843079E+03 -0.30643369E+04  0.12546356E+03  0.12546333E+03  0.10000000E+01  0.00000000E+00
  0.22441421E+01  0.19549156E+01  0.16682976E+00  0.96936691E+00  0.99518616E+03 -0.93094658E+04  0.12531018E+03  0.12531027E+03  0.10000000E+01  0.00000000E+00
  0.26336408E+01  0.19919699E+01  0.44411612E+00 -0.14351752E+00  0.98999542E+03 -0.19049572E+05  0.12515567E+03  0.12515567E+03  0.10000000E+01  0.00000000E+00
  0.28472919E+01  0.15830014E+01 -0.62217689E+00 -0.46647128E+00  0.99952527E+03 -0.93013586E+03  0.12500000E+03  0.12500000E+03  0.10000000E+01  0.00000000E+00
  0.27157483E+01  0.99307168E+00  0.23292270E+00 -0.16137782E-01  0.10017789E+04  0.35090027E+04  0.12576698E+03  0.12575494E+03  0.10000000E+01  0.00000000E+00
  0.11274253E+01  0.96890962E+00  0.52748674E+00  0.45431742E+00  0.99655939E+03 -0.66812144E+04  0.12561582E+03  0.12560624E+03  0.10000000E+01  0.00000000E+00
  0.99915552E+00  0.11754022E+01  0.11661803E-01  0.52211392E+00  0.99660779E+03 -0.65881855E+04  0.12546356E+03  0.12546037E+03  0.10000000E+01  0.00000000E+00
  0.24991772E+01  0.14822193E+01  0.39222538E-01 -0.51478082E+00  0.99756720E+03 -0.47385029E+04  0.12531018E+03  0.12531038E+03  0.10000000E+01  0.00000000E+00
  0.11551915E+01  0.88026762E+00  0.12049646E+01  0.56816435E+00  0.99950940E+03 -0.96115308E+03  0.12515567E+03  0.12515567E+03  0.10000000E+01  0.00000000E+00
  0.75373578E+00  0.80451381E+00  0.96809208E+00  0.92548877E+00  0.10158868E+04  0.32695402E+05  0.12500000E+03  0.12500000E+03  0.10000000E+01  0.00000000E+00
  0.20102837E+01  0.11107091E+01 -0.10808463E+00  0.24345767E+00  0.10004905E+04  0.96363464E+03  0.12576698E+03  0.12575644E+03  0.10000000E+01  0.00000000E+00
  0.26951077E+01  0.96886146E+00  0.12890477E+01  0.68980835E-01  0.99575671E+03 -0.82201475E+04  0.12561582E+03  0.12561089E+03  0.10000000E+01  0.00000000E+00
  0.29057684E+01  0.10460562E+01  0.78714006E-02  0.10152917E+01  0.10032014E+04  0.63417261E+04  0.12546356E+03  0.12546005E+03  0.10000000E+01  0.00000000E+00
  0.22964556E+01  0.14803039E+01  0.87116516E+00  0.72533703E+00  0.99645630E+03 -0.68792109E+04  0.12531018E+03  0.12531018E+03  0.10000000E+01  0.00000000E+00
  0.28604789E+01  0.74663317E+00  0.46701059E-01  0.17959715E+00  0.10137979E+04  0.28218152E+05  0.12515567E+03  0.12515553E+03  0.10000000E+01  0.00000000E+00
  0.19016747E+01  0.14559562E+01  0.10090137E+01  0.19144920E+00  0.99591730E+03 -0.79127734E+04  0.12500000E+03  0.12499989E+03  0.10000000E+01  0.00000000E+00
  0.83809376E+00  0.10735265E+01  0.13240232E+00  0.14495738E+01  0.99904120E+03 -0.18757639E+04  0.12576698E+03  0.12576566E+03  0.10000000E+01  0.00000000E+00
  0.25609856E+01  0.10092179E+01  0.76127708E+00 -0.26098406E+00  0.10011972E+04  0.23573970E+04  0.12561582E+03  0.12561221E+03  0.10000000E+01  0.00000000E+00
  0.25466051E+01  0.18325493E+01 -0.17767868E+01  0.85598516E+00  0.98791779E+03 -0.22863170E+05  0.12546356E+03  0.12546202E+03  0.10000000E+01  0.00000000E+00
  0.20593541E+01  0.10125122E+01  0.68351752E+00  0.12872505E-01  0.10029559E+04  0.58511851E+04  0.12531018E+03  0.12530890E+03  0.10000000E+01  0.00000000E+00
  0.95517623E+00  0.15011985E+01  0.54306939E-01  0.26072961E+00  0.99704199E+03 -0.57523477E+04  0.12515567E+03  0.12515567E+03  0.10000000E+01  0.00000000E+00
  0.17168229E+01  0.88544416E+00  0.87903750E+00  0.50379878E+00  0.10089772E+04  0.18094729E+05  0.12500000E+03  0.12500012E+03  0.10000000E+01  0.00000000E+00
  0.11431873E+01  0.13786488E+01 -0.11660353E+01 -0.57811942E-01  0.99397375E+03 -0.11611917E+05  0.12561582E+03  0.12561399E+03  0.10000000E+01  0.00000000E+00
  0.24349675E+01  0.22131739E+01 -0.99008882E+00  0.27424949E+00  0.99981720E+03 -0.35847156E+03  0.12531018E+03  0.12531004E+03  0.10000000E+01  0.00000000E+00
  0.29961150E+01  0.20550675E+01 -0.75703180E+00 -0.47240956E-02  0.10041860E+04  0.83166221E+04  0.12500000E+03  0.12500000E+03  0.10000000E+01  0.00000000E+00
