  0.00000000E+00  0.00000000E+00  0.00000000E+00  0.00000000E+00  0.10008649E+04  0.17012710E+04  0.12500000E+03  0.18223706E-02  0.69999999E+00  0.99999792E+03
  0.00000000E+00  0.50000000E+00  0.00000000E+00  0.00000000E+00  0.10012864E+04  0.25336533E+04  0.12500000E+03  0.12260138E-02  0.69999999E+00  0.99999860E+03
  0.00000000E+00  0.10000000E+01  0.00000000E+00  0.00000000E+00  0.10089772E+04  0.18094729E+05  0.12500000E+03  0.21944374E-02  0.69999999E+00  0.99999750E+03
  0.00000000E+00  0.15000000E+01  0.00000000E+00  0.00000000E+00  0.10397285E+04  0.87877734E+05  0.12500000E+03  0.84119698E-03  0.69999999E+00  0.99999902E+03
  0.00000000E+00  0.20000000E+01  0.00000000E+00  0.00000000E+00  0.10138623E+04  0.28355303E+05  0.12500000E+03 -0.55866840E-03  0.69999999E+00  0.10000007E+04
  0.00000000E+00  0.25000000E+01  0.00000000E+00  0.00000000E+00  0.10002484E+04  0.48778732E+03  0.12500000E+03  0.10905698E-03  0.69999999E+00  0.99999988E+03
  0.00000000E+00  0.30000000E+01  0.00000000E+00  0.00000000E+00  0.10000000E+04  0.00000000E+00  0.12500000E+03  0.00000000E+00  0.69999999E+00  0.10000000E+04
  0.00000000E+00  0.35000000E+01  0.00000000E+00  0.00000000E+00  0.10000000E+04  0.00000000E+00  0.12500000E+03  0.00000000E+00  0.69999999E+00  0.10000000E+04
  0.00000000E+00  0.40000000E+01  0.00000000E+00  0.00000000E+00  0.10000000E+04  0.00000000E+00  0.12500000E+03  0.00000000E+00  0.69999999E+00  0.10000000E+04
 -0.25000000E+00 -0.25000000E+00  0.00000000E+00  0.00000000E+00  0.10006414E+04  0.12607445E+04  0.12500000E+03  0.52005530E-03  0.69999999E+00  0.99999939E+03
 -0.25000000E+00  0.25000000E+00  0.00000000E+00  0.00000000E+00  0.10011429E+04  0.22502283E+04  0.12500000E+03  0.72317623E-03  0.69999999E+00  0.99999915E+03
 -0.25000000E+00  0.75000000E+00  0.00000000E+00  0.00000000E+00  0.10006598E+04  0.12971389E+04  0.12500000E+03 -0.33976256E-04  0.69999999E+00  0.10000001E+04
 -0.25000000E+00  0.12500000E+01  0.00000000E+00  0.00000000E+00  0.10027947E+04  0.55292349E+04  0.12500000E+03  0.72970398E-03  0.69999999E+00  0.99999915E+03
 -0.25000000E+00  0.17500000E+01  0.00000000E+00  0.00000000E+00  0.10009485E+04  0.18661208E+04  0.12500000E+03 -0.17676744E-03  0.69999999E+00  0.10000002E+04
 -0.25000000E+00  0.22500000E+01  0.00000000E+00  0.00000000E+00  0.10004747E+04  0.93267188E+03  0.12500000E+03 -0.78150333E-04  0.69999999E+00  0.10000001E+04
 -0.25000000E+00  0.27500000E+01  0.00000000E+00  0.00000000E+00  0.10000000E+04  0.00000000E+00  0.12500000E+03  0.00000000E+00  0.69999999E+00  0.10000000E+04
 -0.25000000E+00  0.32500000E+01  0.00000000E+00  0.00000000E+00  0.10000000E+04  0.00000000E+00  0.12500000E+03  0.00000000E+00  0.69999999E+00  0.10000000E+04
 -0.25000000E+00  0.37500000E+01  0.00000000E+00  0.00000000E+00  0.10000000E+04  0.00000000E+00  0.12500000E+03  0.00000000E+00  0.69999999E+00  0.10000000E+04
  0.80000000E+01  0.00000000E+00  0.00000000E+00  0.00000000E+00  0.10000000E+04  0.00000000E+00  0.12500000E+03  0.00000000E+00  0.69999999E+00  0.10000000E+04
  0.80000000E+01  0.50000000E+00  0.00000000E+00  0.00000000E+00  0.10000000E+04  0.00000000E+00  0.12500000E+03  0.00000000E+00  0.69999999E+00  0.10000000E+04
  0.80000000E+01  0.10000000E+01  0.00000000E+00  0.00000000E+00  0.10000000E+04  0.00000000E+00  0.12500000E+03  0.00000000E+00  0.69999999E+00  0.10000000E+04
  0.80000000E+01  0.15000000E+01  0.00000000E+00  0.00000000E+00  0.10000000E+04  0.00000000E+00  0.12500000E+03  0.00000000E+00  0.69999999E+00  0.10000000E+04
  0.80000000E+01  0.20000000E+01  0.00000000E+00  0.00000000E+00  0.10000000E+04  0.00000000E+00  0.12500000E+03  0.00000000E+00  0.69999999E+00  0.10000000E+04
  0.80000000E+01  0.25000000E+01  0.00000000E+00  0.00000000E+00  0.10000000E+04  0.00000000E+00  0.12500000E+03  0.00000000E+00  0.69999999E+00  0.10000000E+04
  0.80000000E+01  0.30000000E+01  0.00000000E+00  0.00000000E+00  0.10000000E+04  0.00000000E+00  0.12500000E+03  0.00000000E+00  0.69999999E+00  0.10000000E+04
  0.80000000E+01  0.35000000E+01  0.00000000E+00  0.00000000E+00  0.10000000E+04  0.00000000E+00  0.12500000E+03  0.00000000E+00  0.69999999E+00  0.10000000E+04
  0.80000000E+01  0.40000000E+01  0.00000000E+00  0.00000000E+00  0.10000000E+04  0.00000000E+00  0.12500000E+03  0.00000000E+00  0.69999999E+00  0.10000000E+04
  0.82500000E+01 -0.25000000E+00  0.00000000E+00  0.00000000E+00  0.10000000E+04  0.00000000E+00  0.12500000E+03  0.00000000E+00  0.69999999E+00  0.10000000E+04
  0.82500000E+01  0.25000000E+00  0.00000000E+00  0.00000000E+00  0.10000000E+04  0.00000000E+00  0.12500000E+03  0.00000000E+00  0.69999999E+00  0.10000000E+04
  0.82500000E+01  0.75000000E+00  0.00000000E+00  0.00000000E+00  0.10000000E+04  0.00000000E+00  0.12500000E+03  0.00000000E+00  0.69999999E+00  0.10000000E+04
  0.82500000E+01  0.12500000E+01  0.00000000E+00  0.00000000E+00  0.10000000E+04  0.00000000E+00  0.12500000E+03  0.00000000E+00  0.69999999E+00  0.10000000E+04
  0.82500000E+01  0.17500000E+01  0.00000000E+00  0.00000000E+00  0.10000000E+04  0.00000000E+00  0.12500000E+03  0.00000000E+00  0.69999999E+00  0.10000000E+04
  0.82500000E+01  0.22500000E+01  0.00000000E+00  0.00000000E+00  0.10000000E+04  0.00000000E+00  0.12500000E+03  0.00000000E+00  0.69999999E+00  0.10000000E+04
  0.82500000E+01  0.27500000E+01  0.00000000E+00  0.00000000E+00  0.10000000E+04  0.00000000E+00  0.12500000E+03  0.00000000E+00  0.69999999E+00  0.10000000E+04
  0.82500000E+01  0.32500000E+01  0.00000000E+00  0.00000000E+00  0.10000000E+04  0.00000000E+00  0.12500000E+03  0.00000000E+00  0.69999999E+00  0.10000000E+04
  0.82500000E+01  0.37500000E+01  0.00000000E+00  0.00000000E+00  0.10000000E+04  0.00000000E+00  0.12500000E+03  0.00000000E+00  0.69999999E+00  0.10000000E+04
  0.50000000E+00  0.00000000E+00  0.00000000E+00  0.00000000E+00  0.10138840E+04  0.28401793E+05  0.12500000E+03  0.86926892E-02  0.69999999E+00  0.99998993E+03
  0.10000000E+01  0.00000000E+00  0.00000000E+00  0.00000000E+00  0.10046698E+04  0.92914785E+04  0.12500000E+03  0.33054277E-02  0.69999999E+00  0.99999622E+03
  0.15000000E+01  0.00000000E+00  0.00000000E+00  0.00000000E+00  0.10668850E+04  0.16069969E+06  0.12500000E+03  0.15370934E-01  0.69999999E+00  0.99998126E+03
  0.20000000E+01  0.00000000E+00  0.00000000E+00  0.00000000E+00  0.11532000E+04  0.47992356E+06  0.12500000E+03  0.17107559E-01  0.69999999E+00  0.99997748E+03
  0.25000000E+01  0.00000000E+00  0.00000000E+00  0.00000000E+00  0.99808997E+03 -0.37260754E+04  0.12500000E+03  0.11940843E-02  0.69999999E+00  0.99999866E+03
  0.30000000E+01  0.00000000E+00  0.00000000E+00  0.00000000E+00  0.10333070E+04  0.72252688E+05  0.12500000E+03  0.32533736E-02  0.69999999E+00  0.99999615E+03
  0.35000000E+01  0.00000000E+00  0.00000000E+00  0.00000000E+00  0.10009443E+04  0.18581234E+04  0.12500000E+03  0.13302884E-02  0.69999999E+00  0.99999847E+03
  0.40000000E+01  0.00000000E+00  0.00000000E+00  0.00000000E+00  0.10000131E+04  0.25728762E+02  0.12500000E+03 -0.50405528E-04  0.69999999E+00  0.10000001E+04
  0.45000000E+01  0.00000000E+00  0.00000000E+00  0.00000000E+00  0.10000000E+04  0.00000000E+00  0.12500000E+03  0.00000000E+00  0.69999999E+00  0.10000000E+04
  0.50000000E+01  0.00000000E+00  0.00000000E+00  0.00000000E+00  0.10000000E+04  0.00000000E+00  0.12500000E+03  0.00000000E+00  0.69999999E+00  0.10000000E+04
  0.55000000E+01  0.00000000E+00  0.00000000E+00  0.00000000E+00  0.10000000E+04  0.00000000E+00  0.12500000E+03  0.00000000E+00  0.69999999E+00  0.10000000E+04
  0.60000000E+01  0.00000000E+00  0.00000000E+00  0.00000000E+00  0.10000000E+04  0.00000000E+00  0.12500000E+03  0.00000000E+00  0.69999999E+00  0.10000000E+04
  0.65000000E+01  0.00000000E+00  0.00000000E+00  0.00000000E+00  0.10000000E+04  0.00000000E+00  0.12500000E+03  0.00000000E+00  0.69999999E+00  0.10000000E+04
  0.70000000E+01  0.00000000E+00  0.00000000E+00  0.00000000E+00  0.10000000E+04  0.00000000E+00  0.12500000E+03  0.00000000E+00  0.69999999E+00  0.10000000E+04
  0.75000000E+01  0.00000000E+00  0.00000000E+00  0.00000000E+00  0.10000000E+04  0.00000000E+00  0.12500000E+03  0.00000000E+00  0.69999999E+00  0.10000000E+04
  0.25000000E+00 -0.25000000E+00  0.00000000E+00  0.00000000E+00  0.10052322E+04  0.10428154E+05  0.12500000E+03  0.27088579E-02  0.69999999E+00  0.99999689E+03
  0.75000000E+00 -0.25000000E+00  0.00000000E+00  0.00000000E+00  0.10212772E+04  0.44507082E+05  0.12500000E+03  0.66485764E-02  0.69999999E+00  0.99999225E+03
  0.12500000E+01 -0.25000000E+00  0.00000000E+00  0.00000000E+00  0.10107537E+04  0.21791617E+05  0.12500000E+03  0.53481376E-02  0.69999999E+00  0.99999384E+03
  0.17500000E+01 -0.25000000E+00  0.00000000E+00  0.00000000E+00  0.10178544E+04  0.36963367E+05  0.12500000E+03  0.81531443E-02  0.69999999E+00  0.99999054E+03
  0.22500000E+01 -0.25000000E+00  0.00000000E+00  0.00000000E+00  0.99977454E+03 -0.44210120E+03  0.12500000E+03  0.72110305E-02  0.69999999E+00  0.99999176E+03
  0.27500000E+01 -0.25000000E+00  0.00000000E+00  0.00000000E+00  0.10033219E+04  0.65828530E+04  0.12500000E+03  0.12139701E-02  0.69999999E+00  0.99999860E+03
  0.32500000E+01 -0.25000000E+00  0.00000000E+00  0.00000000E+00  0.10004445E+04  0.87310016E+03  0.12500000E+03  0.14635366E-02  0.69999999E+00  0.99999835E+03
  0.37500000E+01 -0.25000000E+00  0.00000000E+00  0.00000000E+00  0.10000071E+04  0.13799721E+02  0.12500000E+03 -0.13200220E-03  0.69999999E+00  0.10000001E+04
  0.42500000E+01 -0.25000000E+00  0.00000000E+00  0.00000000E+00  0.10000000E+04  0.00000000E+00  0.12500000E+03 -0.48241101E-40  0.69999999E+00  0.10000000E+04
  0.47500000E+01 -0.25000000E+00  0.00000000E+00  0.00000000E+00  0.10000000E+04  0.00000000E+00  0.12500000E+03 -0.00000000E+00  0.69999999E+00  0.10000000E+04
  0.52500000E+01 -0.25000000E+00  0.00000000E+00  0.00000000E+00  0.10000000E+04  0.00000000E+00  0.12500000E+03  0.00000000E+00  0.69999999E+00  0.10000000E+04
  0.57500000E+01 -0.25000000E+00  0.00000000E+00  0.00000000E+00  0.10000000E+04  0.00000000E+00  0.12500000E+03  0.00000000E+00  0.69999999E+00  0.10000000E+04
  0.62500000E+01 -0.25000000E+00  0.00000000E+00  0.00000000E+00  0.10000000E+04  0.00000000E+00  0.12500000E+03  0.00000000E+00  0.69999999E+00  0.10000000E+04
  0.67500000E+01 -0.25000000E+00  0.00000000E+00  0.00000000E+00  0.10000000E+04  0.00000000E+00  0.12500000E+03  0.00000000E+00  0.69999999E+00  0.10000000E+04
  0.72500000E+01 -0.25000000E+00  0.00000000E+00  0.00000000E+00  0.10000000E+04  0.00000000E+00  0.12500000E+03  0.00000000E+00  0.69999999E+00  0.10000000E+04
  0.77500000E+01 -0.25000000E+00  0.00000000E+00  0.00000000E+00  0.10000000E+04  0.00000000E+00  0.12500000E+03  0.00000000E+00  0.69999999E+00  0.10000000E+04
  0.40000000E+01  0.50000000E+00  0.00000000E+00  0.00000000E+00  0.10004675E+04  0.91859882E+03  0.12500000E+03 -0.15504069E-03  0.69999999E+00  0.10000002E+04
  0.37500000E+01  0.25000000E+00  0.00000000E+00  0.00000000E+00  0.10013440E+04  0.26475159E+04  0.12500000E+03 -0.60607336E-03  0.69999999E+00  0.10000007E+04
  0.40000000E+01  0.10000000E+01  0.00000000E+00  0.00000000E+00  0.10003668E+04  0.72046777E+03  0.12500000E+03 -0.10965459E-04  0.69999999E+00  0.10000000E+04
  0.37500000E+01  0.75000000E+00  0.00000000E+00  0.00000000E+00  0.10077679E+04  0.15600449E+05  0.12500000E+03  0.48452104E-03  0.69999999E+00  0.99999945E+03
  0.40000000E+01  0.15000000E+01  0.00000000E+00  0.00000000E+00  0.10047314E+04  0.94158496E+04  0.12500000E+03  0.20081454E-03  0.69999999E+00  0.99999976E+03
  0.37500000E+01  0.12500000E+01  0.00000000E+00  0.00000000E+00  0.10244397E+04  0.51613133E+05  0.12500000E+03  0.51068643E-03  0.69999999E+00  0.99999939E+03
  0.40000000E+01  0.20000000E+01  0.00000000E+00  0.00000000E+00  0.10017620E+04  0.34752000E+04  0.12500000E+03  0.63019645E-04  0.69999999E+00  0.99999994E+03
  0.37500000E+01  0.17500000E+01  0.00000000E+00  0.00000000E+00  0.10482679E+04  0.10957291E+06  0.12500000E+03  0.64326701E-03  0.69999999E+00  0.99999921E+03
  0.45000000E+01  0.50000000E+00  0.00000000E+00  0.00000000E+00  0.10000000E+04  0.00000000E+00  0.12500000E+03  0.00000000E+00  0.69999999E+00  0.10000000E+04
  0.42500000E+01  0.25000000E+00  0.00000000E+00  0.00000000E+00  0.10000018E+04  0.35083482E+01  0.12500000E+03 -0.74084828E-05  0.69999999E+00  0.10000000E+04
  0.45000000E+01  0.10000000E+01  0.00000000E+00  0.00000000E+00  0.10000000E+04  0.00000000E+00  0.12500000E+03  0.00000000E+00  0.69999999E+00  0.10000000E+04
  0.42500000E+01  0.75000000E+00  0.00000000E+00  0.00000000E+00  0.10000934E+04  0.18318608E+03  0.12500000E+03 -0.62608265E-05  0.69999999E+00  0.10000000E+04
  0.45000000E+01  0.15000000E+01  0.00000000E+00  0.00000000E+00  0.10000000E+04  0.00000000E+00  0.12500000E+03  0.00000000E+00  0.69999999E+00  0.10000000E+04
  0.42500000E+01  0.12500000E+01  0.00000000E+00  0.00000000E+00  0.10000048E+04  0.93556786E+01  0.12500000E+03  0.85856464E-05  0.69999999E+00  0.10000000E+04
  0.45000000E+01  0.20000000E+01  0.00000000E+00  0.00000000E+00  0.10000000E+04  0.00000000E+00  0.12500000E+03  0.00000000E+00  0.69999999E+00  0.10000000E+04
  0.42500000E+01  0.17500000E+01  0.00000000E+00  0.00000000E+00  0.10000004E+04  0.70166665E+00  0.12500000E+03  0.25783443E-05  0.69999999E+00  0.10000000E+04
  0.50000000E+01  0.50000000E+00  0.00000000E+00  0.00000000E+00  0.10000000E+04  0.00000000E+00  0.12500000E+03  0.00000000E+00  0.69999999E+00  0.10000000E+04
  0.47500000E+01  0.25000000E+00  0.00000000E+00  0.00000000E+00  0.10000000E+04  0.00000000E+00  0.12500000E+03  0.00000000E+00  0.69999999E+00  0.10000000E+04
  0.50000000E+01  0.10000000E+01  0.00000000E+00  0.00000000E+00  0.10000000E+04  0.00000000E+00  0.12500000E+03  0.00000000E+00  0.69999999E+00  0.10000000E+04
  0.47500000E+01  0.75000000E+00  0.00000000E+00  0.00000000E+00  0.10000000E+04  0.00000000E+00  0.12500000E+03  0.00000000E+00  0.69999999E+00  0.10000000E+04
  0.50000000E+01  0.15000000E+01  0.00000000E+00  0.00000000E+00  0.10000000E+04  0.00000000E+00  0.12500000E+03  0.00000000E+00  0.69999999E+00  0.10000000E+04
  0.47500000E+01  0.12500000E+01  0.00000000E+00  0.00000000E+00  0.10000000E+04  0.00000000E+00  0.12500000E+03  0.00000000E+00  0.69999999E+00  0.10000000E+04
  0.50000000E+01  0.20000000E+01  0.00000000E+00  0.00000000E+00  0.10000000E+04  0.00000000E+00  0.12500000E+03  0.00000000E+00  0.69999999E+00  0.10000000E+04
  0.47500000E+01  0.17500000E+01  0.00000000E+00  0.00000000E+00  0.10000000E+04  0.00000000E+00  0.12500000E+03  0.00000000E+00  0.69999999E+00  0.10000000E+04
  0.21855958E+01  0.14959960E+01  0.18849149E+01  0.54216743E+00  0.10122999E+04  0.25041354E+05  0.12576698E+03  0.12576674E+03  0.10000000E+01  0.00000000E+00
  0.12529589E+01  0.96316588E+00  0.22307482E+01 -0.47335023E+00  0.99042487E+03 -0.18255285E+05  0.12561582E+03  0.12561256E+03  0.10000000E+01  0.00000000E+00
  0.13369378E+01  0.85588968E+00  0.20748639E+01  0.53901649E+00  0.99691553E+03 -0.59960386E+04  0.12546356E+03  0.12546333E+03  0.10000000E+01  0.00000000E+00
  0.10181229E+01  0.14813133E+01  0.59165895E+00 -0.25699604E+00  0.10079995E+04  0.16076819E+05  0.12531018E+03  0.12531018E+03  0.10000000E+01  0.00000000E+00
  0.94587362E+00  0.13649256E+01  0.56573480E+00 -0.17886691E+01  0.99873895E+03 -0.24648503E+04  0.12515567E+03  0.12515567E+03  0.10000000E+01  0.00000000E+00
  0.26392603E+01  0.20365295E+01  0.77604675E+00  0.33066931E+01  0.10143934E+04  0.29488779E+05  0.12500000E+03  0.12500000E+03  0.10000000E+01  0.00000000E+00
  0.25274043E+01  0.15801558E+01  0.43293285E+01  0.31507258E+01  0.96784015E+03 -0.57326023E+05  0.12576698E+03  0.12575494E+03  0.10000000E+01  0.00000000E+00
  0.13269559E+01  0.10411086E+01  0.18569412E+01 -0.24520323E+00  0.99096143E+03 -0.17259988E+05  0.12561582E+03  0.12560624E+03  0.10000000E+01  0.00000000E+00
  0.15904338E+01  0.12079170E+01  0.86330414E+00  0.20543206E+01  0.10124908E+04  0.25444535E+05  0.12546356E+03  0.12546037E+03  0.10000000E+01  0.00000000E+00
  0.14311166E+01  0.86748719E+00  0.31334720E+01  0.13071805E+01  0.10002164E+04  0.42501770E+03  0.12531018E+03  0.12531038E+03  0.10000000E+01  0.00000000E+00
  0.14684763E+01  0.15631949E+01  0.10245247E+01  0.90120590E+00  0.10073957E+04  0.14836396E+05  0.12515567E+03  0.12515567E+03  0.10000000E+01  0.00000000E+00
  0.88418508E+00  0.15555954E+01  0.80933309E+00  0.52758582E-01  0.10068490E+04  0.13717120E+05  0.12500000E+03  0.12500000E+03  0.10000000E+01  0.00000000E+00
  0.23174069E+01  0.16075249E+01  0.26754005E+01  0.47247915E+01  0.97361890E+03 -0.47838680E+05  0.12576698E+03  0.12575644E+03  0.10000000E+01  0.00000000E+00
  0.23965013E+01  0.13360111E+01 -0.52680099E+00  0.32128410E+01  0.99117322E+03 -0.16866262E+05  0.12561582E+03  0.12561089E+03  0.10000000E+01  0.00000000E+00
  0.25113430E+01  0.96912229E+00 -0.12875261E+01  0.22881508E+01  0.99079071E+03 -0.17576994E+05  0.12546356E+03  0.12546005E+03  0.10000000E+01  0.00000000E+00
  0.25240862E+01  0.10602829E+01  0.15328896E+01  0.18942230E+01  0.10030744E+04  0.60879082E+04  0.12531018E+03  0.12531018E+03  0.10000000E+01  0.00000000E+00
  0.26575060E+01  0.77310324E+00 -0.15904174E+01  0.14578075E+01  0.10065859E+04  0.13179527E+05  0.12515567E+03  0.12515559E+03  0.10000000E+01  0.00000000E+00
  0.23593924E+01  0.19863827E+01 -0.12110597E+01  0.24771919E+01  0.10216019E+04  0.45230672E+05  0.12500000E+03  0.12500000E+03  0.10000000E+01  0.00000000E+00
  0.15663221E+01  0.13894134E+01 -0.17505569E+01  0.24943004E+01  0.10227650E+04  0.47833555E+05  0.12576698E+03  0.12576566E+03  0.10000000E+01  0.00000000E+00
  0.22508707E+01  0.13886127E+01  0.17309437E+01  0.38937244E+01  0.10254543E+04  0.53921207E+05  0.12561582E+03  0.12561221E+03  0.10000000E+01  0.00000000E+00
  0.28345947E+01  0.85837030E+00 -0.18955319E+01 -0.12606847E+01  0.96972388E+03 -0.54270543E+05  0.12546356E+03  0.12546202E+03  0.10000000E+01  0.00000000E+00
  0.28042612E+01  0.97391891E+00 -0.11773401E+01 -0.17457792E+01  0.96134119E+03 -0.67597289E+05  0.12531018E+03  0.12530890E+03  0.10000000E+01  0.00000000E+00
  0.27075629E+01  0.21139562E+01  0.47125262E+00  0.34856935E+01  0.10167143E+04  0.34484473E+05  0.12515567E+03  0.12515567E+03  0.10000000E+01  0.00000000E+00
  0.30107055E+01  0.14985921E+01 -0.97073335E-02 -0.91852677E+00  0.10195528E+04  0.40687727E+05  0.12500000E+03  0.12500012E+03  0.10000000E+01  0.00000000E+00
  0.15932851E+01  0.16893661E+01  0.55536896E+00  0.29002422E+00  0.10417312E+04  0.92870586E+05  0.12561582E+03  0.12561399E+03  0.10000000E+01  0.00000000E+00
  0.29373536E+01  0.18723949E+01  0.89837784E+00  0.23359058E+01  0.10275457E+04  0.58721516E+05  0.12531018E+03  0.12531004E+03  0.10000000E+01  0.00000000E+00
  0.15908270E+01  0.20117843E+01 -0.85335577E+00 -0.66883814E+00  0.10042605E+04  0.84667852E+04  0.12500000E+03  0.12500000E+03  0.10000000E+01  0.00000000E+00
