  0.00000000E+00  0.00000000E+00  0.00000000E+00  0.00000000E+00  0.10023330E+04  0.46095972E+04  0.12500000E+03  0.18961767E-02  0.69999999E+00  0.99999780E+03
  0.00000000E+00  0.50000000E+00  0.00000000E+00  0.00000000E+00  0.10244175E+04  0.51562852E+05  0.12500000E+03  0.14037406E-02  0.69999999E+00  0.99999835E+03
  0.00000000E+00  0.10000000E+01  0.00000000E+00  0.00000000E+00  0.10546456E+04  0.12648245E+06  0.12500000E+03  0.23417186E-02  0.69999999E+00  0.99999719E+03
  0.00000000E+00  0.15000000E+01  0.00000000E+00  0.00000000E+00  0.10622162E+04  0.14736706E+06  0.12500000E+03  0.87314856E-03  0.69999999E+00  0.99999896E+03
  0.00000000E+00  0.20000000E+01  0.00000000E+00  0.00000000E+00  0.10145590E+04  0.29842910E+05  0.12500000E+03 -0.66408480E-03  0.69999999E+00  0.10000008E+04
  0.00000000E+00  0.25000000E+01  0.00000000E+00  0.00000000E+00  0.10002484E+04  0.48778732E+03  0.12500000E+03  0.11101574E-03  0.69999999E+00  0.99999988E+03
  0.00000000E+00  0.30000000E+01  0.00000000E+00  0.00000000E+00  0.10000000E+04  0.00000000E+00  0.12500000E+03  0.00000000E+00  0.69999999E+00  0.10000000E+04
  0.00000000E+00  0.35000000E+01  0.00000000E+00  0.00000000E+00  0.10000000E+04  0.00000000E+00  0.12500000E+03  0.00000000E+00  0.69999999E+00  0.10000000E+04
  0.00000000E+00  0.40000000E+01  0.00000000E+00  0.00000000E+00  0.10000000E+04  0.00000000E+00  0.12500000E+03  0.00000000E+00  0.69999999E+00  0.10000000E+04
 -0.25000000E+00 -0.25000000E+00  0.00000000E+00  0.00000000E+00  0.10006414E+04  0.12607445E+04  0.12500000E+03  0.52005530E-03  0.69999999E+00  0.99999939E+03
 -0.25000000E+00  0.25000000E+00  0.00000000E+00  0.00000000E+00  0.10014755E+04  0.29076848E+04  0.12500000E+03  0.75225293E-03  0.69999999E+00  0.99999915E+03
 -0.25000000E+00  0.75000000E+00  0.00000000E+00  0.00000000E+00  0.10020725E+04  0.40915220E+04  0.12500000E+03 -0.39520310E-05  0.69999999E+00  0.10000000E+04
 -0.25000000E+00  0.12500000E+01  0.00000000E+00  0.00000000E+00  0.10062219E+04  0.12437585E+05  0.12500000E+03  0.76984387E-03  0.69999999E+00  0.99999908E+03
 -0.25000000E+00  0.17500000E+01  0.00000000E+00  0.00000000E+00  0.10023540E+04  0.46513438E+04  0.12500000E+03 -0.20181743E-03  0.69999999E+00  0.10000002E+04
 -0.25000000E+00  0.22500000E+01  0.00000000E+00  0.00000000E+00  0.10004747E+04  0.93267188E+03  0.12500000E+03 -0.78150333E-04  0.69999999E+00  0.10000001E+04
 -0.25000000E+00  0.27500000E+01  0.00000000E+00  0.00000000E+00  0.10000000E+04  0.00000000E+00  0.12500000E+03  0.00000000E+00  0.69999999E+00  0.10000000E+04
 -0.25000000E+00  0.32500000E+01  0.00000000E+00  0.00000000E+00  0.10000000E+04  0.00000000E+00  0.12500000E+03  0.00000000E+00  0.69999999E+00  0.10000000E+04
 -0.25000000E+00  0.37500000E+01  0.00000000E+00  0.00000000E+00  0.10000000E+04  0.00000000E+00  0.12500000E+03  0.00000000E+00  0.69999999E+00  0.10000000E+04
  0.80000000E+01  0.00000000E+00  0.00000000E+00  0.00000000E+00  0.10000000E+04  0.00000000E+00  0.12500000E+03  0.00000000E+00  0.69999999E+00  0.10000000E+04
  0.80000000E+01  0.50000000E+00  0.00000000E+00  0.00000000E+00  0.10000000E+04  0.00000000E+00  0.12500000E+03  0.00000000E+00  0.69999999E+00  0.10000000E+04
  0.80000000E+01  0.10000000E+01  0.00000000E+00  0.00000000E+00  0.10000000E+04  0.00000000E+00  0.12500000E+03  0.00000000E+00  0.69999999E+00  0.10000000E+04
  0.80000000E+01  0.15000000E+01  0.00000000E+00  0.00000000E+00  0.10000000E+04  0.00000000E+00  0.12500000E+03  0.00000000E+00  0.69999999E+00  0.10000000E+04
  0.80000000E+01  0.20000000E+01  0.00000000E+00  0.00000000E+00  0.10000000E+04  0.00000000E+00  0.12500000E+03  0.00000000E+00  0.69999999E+00  0.10000000E+04
  0.80000000E+01  0.25000000E+01  0.00000000E+00  0.00000000E+00  0.10000000E+04  0.00000000E+00  0.12500000E+03  0.00000000E+00  0.69999999E+00  0.10000000E+04
  0.80000000E+01  0.30000000E+01  0.00000000E+00  0.00000000E+00  0.10000000E+04  0.00000000E+00  0.12500000E+03  0.00000000E+00  0.69999999E+00  0.10000000E+04
  0.80000000E+01  0.35000000E+01  0.00000000E+00  0.00000000E+00  0.10000000E+04  0.00000000E+00  0.12500000E+03  0.00000000E+00  0.69999999E+00  0.10000000E+04
  0.80000000E+01  0.40000000E+01  0.00000000E+00  0.00000000E+00  0.10000000E+04  0.00000000E+00  0.12500000E+03  0.00000000E+00  0.69999999E+00  0.10000000E+04
  0.82500000E+01 -0.25000000E+00  0.00000000E+00  0.00000000E+00  0.10000000E+04  0.00000000E+00  0.12500000E+03  0.00000000E+00  0.69999999E+00  0.10000000E+04
  0.82500000E+01  0.25000000E+00  0.00000000E+00  0.00000000E+00  0.10000000E+04  0.00000000E+00  0.12500000E+03  0.00000000E+00  0.69999999E+00  0.10000000E+04
  0.82500000E+01  0.75000000E+00  0.00000000E+00  0.00000000E+00  0.10000000E+04  0.00000000E+00  0.12500000E+03  0.00000000E+00  0.69999999E+00  0.10000000E+04
  0.82500000E+01  0.12500000E+01  0.00000000E+00  0.00000000E+00  0.10000000E+04  0.00000000E+00  0.12500000E+03  0.00000000E+00  0.69999999E+00  0.10000000E+04
  0.82500000E+01  0.17500000E+01  0.00000000E+00  0.00000000E+00  0.10000000E+04  0.00000000E+00  0.12500000E+03  0.00000000E+00  0.69999999E+00  0.10000000E+04
  0.82500000E+01  0.22500000E+01  0.00000000E+00  0.00000000E+00  0.10000000E+04  0.00000000E+00  0.12500000E+03  0.00000000E+00  0.69999999E+00  0.10000000E+04
  0.82500000E+01  0.27500000E+01  0.00000000E+00  0.00000000E+00  0.10000000E+04  0.00000000E+00  0.12500000E+03  0.00000000E+00  0.69999999E+00  0.10000000E+04
  0.82500000E+01  0.32500000E+01  0.00000000E+00  0.00000000E+00  0.10000000E+04  0.00000000E+00  0.12500000E+03  0.00000000E+00  0.69999999E+00  0.10000000E+04
  0.82500000E+01  0.37500000E+01  0.00000000E+00  0.00000000E+00  0.10000000E+04  0.00000000E+00  0.12500000E+03  0.00000000E+00  0.69999999E+00  0.10000000E+04
  0.50000000E+00  0.00000000E+00  0.00000000E+00  0.00000000E+00  0.10512760E+04  0.11747155E+06  0.12500000E+03  0.90989042E-02  0.69999999E+00  0.99998907E+03
  0.10000000E+01  0.00000000E+00  0.00000000E+00  0.00000000E+00  0.10914578E+04  0.23690342E+06  0.12500000E+03  0.39892108E-02  0.69999999E+00  0.99999500E+03
  0.15000000E+01  0.00000000E+00  0.00000000E+00  0.00000000E+00  0.10489509E+04  0.11135435E+06  0.12500000E+03  0.16514767E-01  0.69999999E+00  0.99998022E+03
  0.20000000E+01  0.00000000E+00  0.00000000E+00  0.00000000E+00  0.11473579E+04  0.45337194E+06  0.12500000E+03  0.18369364E-01  0.69999999E+00  0.99997589E+03
  0.25000000E+01  0.00000000E+00  0.00000000E+00  0.00000000E+00  0.10218917E+04  0.45877594E+05  0.12500000E+03  0.22221804E-02  0.69999999E+00  0.99999744E+03
  0.30000000E+01  0.00000000E+00  0.00000000E+00  0.00000000E+00  0.10510220E+04  0.11679923E+06  0.12500000E+03  0.40200017E-02  0.69999999E+00  0.99999518E+03
  0.35000000E+01  0.00000000E+00  0.00000000E+00  0.00000000E+00  0.10114321E+04  0.23214014E+05  0.12500000E+03  0.15360827E-02  0.69999999E+00  0.99999823E+03
  0.40000000E+01  0.00000000E+00  0.00000000E+00  0.00000000E+00  0.10000135E+04  0.26664391E+02  0.12500000E+03 -0.53400072E-04  0.69999999E+00  0.10000001E+04
  0.45000000E+01  0.00000000E+00  0.00000000E+00  0.00000000E+00  0.10000000E+04  0.00000000E+00  0.12500000E+03  0.22420775E-43  0.69999999E+00  0.10000000E+04
  0.50000000E+01  0.00000000E+00  0.00000000E+00  0.00000000E+00  0.10000000E+04  0.00000000E+00  0.12500000E+03  0.00000000E+00  0.69999999E+00  0.10000000E+04
  0.55000000E+01  0.00000000E+00  0.00000000E+00  0.00000000E+00  0.10000000E+04  0.00000000E+00  0.12500000E+03  0.00000000E+00  0.69999999E+00  0.10000000E+04
  0.60000000E+01  0.00000000E+00  0.00000000E+00  0.00000000E+00  0.10000000E+04  0.00000000E+00  0.12500000E+03  0.00000000E+00  0.69999999E+00  0.10000000E+04
  0.65000000E+01  0.00000000E+00  0.00000000E+00  0.00000000E+00  0.10000000E+04  0.00000000E+00  0.12500000E+03  0.00000000E+00  0.69999999E+00  0.10000000E+04
  0.70000000E+01  0.00000000E+00  0.00000000E+00  0.00000000E+00  0.10000000E+04  0.00000000E+00  0.12500000E+03  0.00000000E+00  0.69999999E+00  0.10000000E+04
  0.75000000E+01  0.00000000E+00  0.00000000E+00  0.00000000E+00  0.10000000E+04  0.00000000E+00  0.12500000E+03  0.00000000E+00  0.69999999E+00  0.10000000E+04
  0.25000000E+00 -0.25000000E+00  0.00000000E+00  0.00000000E+00  0.10058044E+04  0.11588508E+05  0.12500000E+03  0.27691671E-02  0.69999999E+00  0.99999683E+03
  0.75000000E+00 -0.25000000E+00  0.00000000E+00  0.00000000E+00  0.10269714E+04  0.57397586E+05  0.12500000E+03  0.69173384E-02  0.69999999E+00  0.99999188E+03
  0.12500000E+01 -0.25000000E+00  0.00000000E+00  0.00000000E+00  0.10127791E+04  0.26054328E+05  0.12500000E+03  0.57024620E-02  0.69999999E+00  0.99999341E+03
  0.17500000E+01 -0.25000000E+00  0.00000000E+00  0.00000000E+00  0.10164508E+04  0.33913711E+05  0.12500000E+03  0.85831396E-02  0.69999999E+00  0.99999005E+03
  0.22500000E+01 -0.25000000E+00  0.00000000E+00  0.00000000E+00  0.10001771E+04  0.34774326E+03  0.12500000E+03  0.76365871E-02  0.69999999E+00  0.99999127E+03
  0.27500000E+01 -0.25000000E+00  0.00000000E+00  0.00000000E+00  0.10021648E+04  0.42751021E+04  0.12500000E+03  0.16766861E-02  0.69999999E+00  0.99999811E+03
  0.32500000E+01 -0.25000000E+00  0.00000000E+00  0.00000000E+00  0.10017373E+04  0.34265107E+04  0.12500000E+03  0.15943791E-02  0.69999999E+00  0.99999817E+03
  0.37500000E+01 -0.25000000E+00  0.00000000E+00  0.00000000E+00  0.10000071E+04  0.13799721E+02  0.12500000E+03 -0.13412535E-03  0.69999999E+00  0.10000002E+04
  0.42500000E+01 -0.25000000E+00  0.00000000E+00  0.00000000E+00  0.10000000E+04  0.00000000E+00  0.12500000E+03 -0.43799826E-39  0.69999999E+00  0.10000000E+04
  0.47500000E+01 -0.25000000E+00  0.00000000E+00  0.00000000E+00  0.10000000E+04  0.00000000E+00  0.12500000E+03  0.00000000E+00  0.69999999E+00  0.10000000E+04
  0.52500000E+01 -0.25000000E+00  0.00000000E+00  0.00000000E+00  0.10000000E+04  0.00000000E+00  0.12500000E+03  0.00000000E+00  0.69999999E+00  0.10000000E+04
  0.57500000E+01 -0.25000000E+00  0.00000000E+00  0.00000000E+00  0.10000000E+04  0.00000000E+00  0.12500000E+03  0.00000000E+00  0.69999999E+00  0.10000000E+04
  0.62500000E+01 -0.25000000E+00  0.00000000E+00  0.00000000E+00  0.10000000E+04  0.00000000E+00  0.12500000E+03  0.00000000E+00  0.69999999E+00  0.10000000E+04
  0.67500000E+01 -0.25000000E+00  0.00000000E+00  0.00000000E+00  0.10000000E+04  0.00000000E+00  0.12500000E+03  0.00000000E+00  0.69999999E+00  0.10000000E+04
  0.72500000E+01 -0.25000000E+00  0.00000000E+00  0.00000000E+00  0.10000000E+04  0.00000000E+00  0.12500000E+03  0.00000000E+00  0.69999999E+00  0.10000000E+04
  0.77500000E+01 -0.25000000E+00  0.00000000E+00  0.00000000E+00  0.10000000E+04  0.00000000E+00  0.12500000E+03  0.00000000E+00  0.69999999E+00  0.10000000E+04
  0.40000000E+01  0.50000000E+00  0.00000000E+00  0.00000000E+00  0.10037769E+04  0.74947881E+04  0.12500000E+03 -0.14370917E-03  0.69999999E+00  0.10000002E+04
  0.37500000E+01  0.25000000E+00  0.00000000E+00  0.00000000E+00  0.10131566E+04  0.26854842E+05  0.12500000E+03 -0.64026244E-03  0.69999999E+00  0.10000007E+04
  0.40000000E+01  0.10000000E+01  0.00000000E+00  0.00000000E+00  0.10086060E+04  0.17327127E+05  0.12500000E+03 -0.93318085E-04  0.69999999E+00  0.10000001E+04
  0.37500000E+01  0.75000000E+00  0.00000000E+00  0.00000000E+00  0.10920769E+04  0.23896070E+06  0.12500000E+03  0.67899341E-03  0.69999999E+00  0.99999915E+03
  0.40000000E+01  0.15000000E+01  0.00000000E+00  0.00000000E+00  0.10003683E+04  0.72328058E+03  0.12500000E+03  0.14543394E-03  0.69999999E+00  0.99999982E+03
  0.37500000E+01  0.12500000E+01  0.00000000E+00  0.00000000E+00  0.10619241E+04  0.14654464E+06  0.12500000E+03  0.22953827E-03  0.69999999E+00  0.99999969E+03
  0.40000000E+01  0.20000000E+01  0.00000000E+00  0.00000000E+00  0.10000914E+04  0.17944179E+03  0.12500000E+03  0.17073883E-03  0.69999999E+00  0.99999982E+03
  0.37500000E+01  0.17500000E+01  0.00000000E+00  0.00000000E+00  0.10209415E+04  0.43760504E+05  0.12500000E+03  0.83947025E-03  0.69999999E+00  0.99999902E+03
  0.45000000E+01  0.50000000E+00  0.00000000E+00  0.00000000E+00  0.10000000E+04  0.00000000E+00  0.12500000E+03  0.66982067E-42  0.69999999E+00  0.10000000E+04
  0.42500000E+01  0.25000000E+00  0.00000000E+00  0.00000000E+00  0.10000018E+04  0.35083482E+01  0.12500000E+03 -0.74084828E-05  0.69999999E+00  0.10000000E+04
  0.45000000E+01  0.10000000E+01  0.00000000E+00  0.00000000E+00  0.10000000E+04  0.00000000E+00  0.12500000E+03  0.00000000E+00  0.69999999E+00  0.10000000E+04
  0.42500000E+01  0.75000000E+00  0.00000000E+00  0.00000000E+00  0.10001034E+04  0.20284433E+03  0.12500000E+03 -0.72942526E-05  0.69999999E+00  0.10000000E+04
  0.45000000E+01  0.15000000E+01  0.00000000E+00  0.00000000E+00  0.10000000E+04  0.00000000E+00  0.12500000E+03 -0.00000000E+00  0.69999999E+00  0.10000000E+04
  0.42500000E+01  0.12500000E+01  0.00000000E+00  0.00000000E+00  0.10000066E+04  0.12864128E+02  0.12500000E+03  0.34267537E-05  0.69999999E+00  0.10000000E+04
  0.45000000E+01  0.20000000E+01  0.00000000E+00  0.00000000E+00  0.10000000E+04  0.00000000E+00  0.12500000E+03  0.00000000E+00  0.69999999E+00  0.10000000E+04
  0.42500000E+01  0.17500000E+01  0.00000000E+00  0.00000000E+00  0.10000031E+04  0.60811610E+01  0.12500000E+03  0.28991612E-05  0.69999999E+00  0.10000000E+04
  0.50000000E+01  0.50000000E+00  0.00000000E+00  0.00000000E+00  0.10000000E+04  0.00000000E+00  0.12500000E+03  0.00000000E+00  0.69999999E+00  0.10000000E+04
  0.47500000E+01  0.25000000E+00  0.00000000E+00  0.00000000E+00  0.10000000E+04  0.00000000E+00  0.12500000E+03  0.00000000E+00  0.69999999E+00  0.10000000E+04
  0.50000000E+01  0.10000000E+01  0.00000000E+00  0.00000000E+00  0.10000000E+04  0.00000000E+00  0.12500000E+03  0.00000000E+00  0.69999999E+00  0.10000000E+04
  0.47500000E+01  0.75000000E+00  0.00000000E+00  0.00000000E+00  0.10000000E+04  0.00000000E+00  0.12500000E+03  0.00000000E+00  0.69999999E+00  0.10000000E+04
  0.50000000E+01  0.15000000E+01  0.00000000E+00  0.00000000E+00  0.10000000E+04  0.00000000E+00  0.12500000E+03  0.00000000E+00  0.69999999E+00  0.10000000E+04
  0.47500000E+01  0.12500000E+01  0.00000000E+00  0.00000000E+00  0.10000000E+04  0.00000000E+00  0.12500000E+03  0.00000000E+00  0.69999999E+00  0.10000000E+04
  0.50000000E+01  0.20000000E+01  0.00000000E+00  0.00000000E+00  0.10000000E+04  0.00000000E+00  0.12500000E+03  0.00000000E+00  0.69999999E+00  0.10000000E+04
  0.47500000E+01  0.17500000E+01  0.00000000E+00  0.00000000E+00  0.10000000E+04  0.00000000E+00  0.12500000E+03  0.00000000E+00  0.69999999E+00  0.10000000E+04
  0.28324859E+01  0.12421832E+01 -0.14832184E+01 -0.10217310E+01  0.99569562E+03 -0.83369746E+04  0.12576698E+03  0.12576674E+03  0.10000000E+01  0.00000000E+00
  0.16380531E+01  0.98863888E+00  0.55662608E+00 -0.30707788E+00  0.10126359E+04  0.25751572E+05  0.12561582E+03  0.12561256E+03  0.10000000E+01  0.00000000E+00
  0.12545089E+01  0.88632965E+00 -0.13202685E+01 -0.48414123E+00  0.10150762E+04  0.30951387E+05  0.12546356E+03  0.12546333E+03  0.10000000E+01  0.00000000E+00
  0.96456087E+00  0.80562949E+00 -0.11370987E+01  0.83710349E+00  0.10076173E+04  0.15291148E+05  0.12531018E+03  0.12531018E+03  0.10000000E+01  0.00000000E+00
  0.89974689E+00  0.11833462E+01  0.26008909E+01  0.34662974E+01  0.99820557E+03 -0.35018289E+04  0.12515567E+03  0.12515567E+03  0.10000000E+01  0.00000000E+00
  0.24409566E+01  0.21070590E+01 -0.75961113E+00 -0.97579408E+00  0.99031860E+03 -0.18452039E+05  0.12500000E+03  0.12500000E+03  0.10000000E+01  0.00000000E+00
  0.27811484E+01  0.13560114E+01 -0.15207323E+01 -0.16896338E+01  0.99776324E+03 -0.43592300E+04  0.12576698E+03  0.12575494E+03  0.10000000E+01  0.00000000E+00
  0.17131461E+01  0.10831552E+01 -0.29406048E-01 -0.18921445E+00  0.10123079E+04  0.25058217E+05  0.12561582E+03  0.12560624E+03  0.10000000E+01  0.00000000E+00
  0.16586339E+01  0.12548609E+01 -0.58808208E+00  0.15001613E+00  0.10079392E+04  0.15952699E+05  0.12546356E+03  0.12546037E+03  0.10000000E+01  0.00000000E+00
  0.24188664E+01  0.15024883E+01 -0.43819493E+00  0.18835275E+01  0.10145883E+04  0.29905664E+05  0.12531018E+03  0.12531038E+03  0.10000000E+01  0.00000000E+00
  0.13655047E+01  0.11892728E+01 -0.17876694E+01 -0.38477838E+00  0.10131099E+04  0.26755691E+05  0.12515567E+03  0.12515567E+03  0.10000000E+01  0.00000000E+00
  0.78371632E+00  0.76055694E+00  0.11996685E+01  0.61986381E+00  0.10169803E+04  0.35061297E+05  0.12500000E+03  0.12500000E+03  0.10000000E+01  0.00000000E+00
  0.26185315E+01  0.17820101E+01 -0.22421374E+01 -0.83834505E+00  0.10000768E+04  0.15089297E+03  0.12576698E+03  0.12575644E+03  0.10000000E+01  0.00000000E+00
  0.26652267E+01  0.17142557E+01 -0.32038510E+00 -0.19823855E+01  0.10005499E+04  0.10807098E+04  0.12561582E+03  0.12561089E+03  0.10000000E+01  0.00000000E+00
  0.28807683E+01  0.96251261E+00  0.11468208E+01 -0.97325206E+00  0.99905096E+03 -0.18566946E+04  0.12546356E+03  0.12546005E+03  0.10000000E+01  0.00000000E+00
  0.29113095E+01  0.10196035E+01 -0.11324050E+01 -0.23449922E+01  0.99932587E+03 -0.13199683E+04  0.12531018E+03  0.12531018E+03  0.10000000E+01  0.00000000E+00
  0.30098271E+01  0.79753089E+00  0.83057463E-01 -0.15990038E+01  0.10123980E+04  0.25248555E+05  0.12515567E+03  0.12515553E+03  0.10000000E+01  0.00000000E+00
  0.20271385E+01  0.16235194E+01 -0.29263110E+01 -0.54672825E+00  0.10031005E+04  0.61400859E+04  0.12500000E+03  0.12500000E+03  0.10000000E+01  0.00000000E+00
  0.12224789E+01  0.78658783E+00  0.11915342E+01 -0.75218666E+00  0.10143306E+04  0.29354766E+05  0.12576698E+03  0.12576566E+03  0.10000000E+01  0.00000000E+00
  0.26702766E+01  0.17036552E+01 -0.46128404E+00 -0.19927745E+01  0.10009900E+04  0.19482239E+04  0.12561582E+03  0.12561221E+03  0.10000000E+01  0.00000000E+00
  0.27077103E+01  0.84019482E+00  0.16611345E+01 -0.23139615E+01  0.10083101E+04  0.16716525E+05  0.12546356E+03  0.12546202E+03  0.10000000E+01  0.00000000E+00
  0.18956699E+01  0.10459014E+01 -0.46890080E+00 -0.14172605E+01  0.10063516E+04  0.12701807E+05  0.12531018E+03  0.12530890E+03  0.10000000E+01  0.00000000E+00
  0.22660069E+01  0.21461685E+01 -0.17512257E+01 -0.14923927E+01  0.99445239E+03 -0.10704878E+05  0.12515567E+03  0.12515567E+03  0.10000000E+01  0.00000000E+00
  0.24654331E+01  0.85686505E+00 -0.64672559E+00  0.15259871E+00  0.10158440E+04  0.32603119E+05  0.12500000E+03  0.12500012E+03  0.10000000E+01  0.00000000E+00
  0.18106670E+01  0.14977102E+01  0.10473364E+00  0.65570080E+00  0.10081060E+04  0.16295979E+05  0.12561582E+03  0.12561399E+03  0.10000000E+01  0.00000000E+00
  0.28378177E+01  0.20790424E+01  0.65863013E-01 -0.24349144E+01  0.99755322E+03 -0.47654697E+04  0.12531018E+03  0.12531004E+03  0.10000000E+01  0.00000000E+00
  0.76138771E+00  0.13861821E+01 -0.12561421E+01  0.52483600E+00  0.99911932E+03 -0.17232939E+04  0.12500000E+03  0.12500000E+03  0.10000000E+01  0.00000000E+00
