  0.00000000E+00  0.00000000E+00  0.00000000E+00  0.00000000E+00  0.10008649E+04  0.17012710E+04  0.12500000E+03  0.18223706E-02  0.69999999E+00  0.99999792E+03
  0.00000000E+00  0.50000000E+00  0.00000000E+00  0.00000000E+00  0.10012952E+04  0.25510955E+04  0.12500000E+03  0.12439601E-02  0.69999999E+00  0.99999860E+03
  0.00000000E+00  0.10000000E+01  0.00000000E+00  0.00000000E+00  0.10051921E+04  0.10347077E+05  0.12500000E+03  0.22391558E-02  0.69999999E+00  0.99999744E+03
  0.00000000E+00  0.15000000E+01  0.00000000E+00  0.00000000E+00  0.10192729E+04  0.40071402E+05  0.12500000E+03  0.82837034E-03  0.69999999E+00  0.99999902E+03
  0.00000000E+00  0.20000000E+01  0.00000000E+00  0.00000000E+00  0.10084630E+04  0.17032023E+05  0.12500000E+03 -0.60623360E-03  0.69999999E+00  0.10000007E+04
  0.00000000E+00  0.25000000E+01  0.00000000E+00  0.00000000E+00  0.10002484E+04  0.48778732E+03  0.12500000E+03  0.11101574E-03  0.69999999E+00  0.99999988E+03
  0.00000000E+00  0.30000000E+01  0.00000000E+00  0.00000000E+00  0.10000000E+04  0.00000000E+00  0.12500000E+03  0.00000000E+00  0.69999999E+00  0.10000000E+04
  0.00000000E+00  0.35000000E+01  0.00000000E+00  0.00000000E+00  0.10000000E+04  0.00000000E+00  0.12500000E+03  0.00000000E+00  0.69999999E+00  0.10000000E+04
  0.00000000E+00  0.40000000E+01  0.00000000E+00  0.00000000E+00  0.10000000E+04  0.00000000E+00  0.12500000E+03  0.00000000E+00  0.69999999E+00  0.10000000E+04
 -0.25000000E+00 -0.25000000E+00  0.00000000E+00  0.00000000E+00  0.10006414E+04  0.12607445E+04  0.12500000E+03  0.52005530E-03  0.69999999E+00  0.99999939E+03
 -0.25000000E+00  0.25000000E+00  0.00000000E+00  0.00000000E+00  0.10011429E+04  0.22502283E+04  0.12500000E+03  0.72317623E-03  0.69999999E+00  0.99999915E+03
 -0.25000000E+00  0.75000000E+00  0.00000000E+00  0.00000000E+00  0.10006598E+04  0.12971389E+04  0.12500000E+03 -0.33976256E-04  0.69999999E+00  0.10000001E+04
 -0.25000000E+00  0.12500000E+01  0.00000000E+00  0.00000000E+00  0.10025751E+04  0.50914253E+04  0.12500000E+03  0.73933817E-03  0.69999999E+00  0.99999915E+03
 -0.25000000E+00  0.17500000E+01  0.00000000E+00  0.00000000E+00  0.10006367E+04  0.12515878E+04  0.12500000E+03 -0.18555304E-03  0.69999999E+00  0.10000002E+04
 -0.25000000E+00  0.22500000E+01  0.00000000E+00  0.00000000E+00  0.10004747E+04  0.93267188E+03  0.12500000E+03 -0.78150333E-04  0.69999999E+00  0.10000001E+04
 -0.25000000E+00  0.27500000E+01  0.00000000E+00  0.00000000E+00  0.10000000E+04  0.00000000E+00  0.12500000E+03  0.00000000E+00  0.69999999E+00  0.10000000E+04
 -0.25000000E+00  0.32500000E+01  0.00000000E+00  0.00000000E+00  0.10000000E+04  0.00000000E+00  0.12500000E+03  0.00000000E+00  0.69999999E+00  0.10000000E+04
 -0.25000000E+00  0.37500000E+01  0.00000000E+00  0.00000000E+00  0.10000000E+04  0.00000000E+00  0.12500000E+03  0.00000000E+00  0.69999999E+00  0.10000000E+04
  0.80000000E+01  0.00000000E+00  0.00000000E+00  0.00000000E+00  0.10000000E+04  0.00000000E+00  0.12500000E+03  0.00000000E+00  0.69999999E+00  0.10000000E+04
  0.80000000E+01  0.50000000E+00  0.00000000E+00  0.00000000E+00  0.10000000E+04  0.00000000E+00  0.12500000E+03  0.00000000E+00  0.69999999E+00  0.10000000E+04
  0.80000000E+01  0.10000000E+01  0.00000000E+00  0.00000000E+00  0.10000000E+04  0.00000000E+00  0.12500000E+03  0.00000000E+00  0.69999999E+00  0.10000000E+04
  0.80000000E+01  0.15000000E+01  0.00000000E+00  0.00000000E+00  0.10000000E+04  0.00000000E+00  0.12500000E+03  0.00000000E+00  0.69999999E+00  0.10000000E+04
  0.80000000E+01  0.20000000E+01  0.00000000E+00  0.00000000E+00  0.10000000E+04  0.00000000E+00  0.12500000E+03  0.00000000E+00  0.69999999E+00  0.10000000E+04
  0.80000000E+01  0.25000000E+01  0.00000000E+00  0.00000000E+00  0.10000000E+04  0.00000000E+00  0.12500000E+03  0.00000000E+00  0.69999999E+00  0.10000000E+04
  0.80000000E+01  0.30000000E+01  0.00000000E+00  0.00000000E+00  0.10000000E+04  0.00000000E+00  0.12500000E+03  0.00000000E+00  0.69999999E+00  0.10000000E+04
  0.80000000E+01  0.35000000E+01  0.00000000E+00  0.00000000E+00  0.10000000E+04  0.00000000E+00  0.12500000E+03  0.00000000E+00  0.69999999E+00  0.10000000E+04
  0.80000000E+01  0.40000000E+01  0.00000000E+00  0.00000000E+00  0.10000000E+04  0.00000000E+00  0.12500000E+03  0.00000000E+00  0.69999999E+00  0.10000000E+04
  0.82500000E+01 -0.25000000E+00  0.00000000E+00  0.00000000E+00  0.10000000E+04  0.00000000E+00  0.12500000E+03  0.00000000E+00  0.69999999E+00  0.10000000E+04
  0.82500000E+01  0.25000000E+00  0.00000000E+00  0.00000000E+00  0.10000000E+04  0.00000000E+00  0.12500000E+03  0.00000000E+00  0.69999999E+00  0.10000000E+04
  0.82500000E+01  0.75000000E+00  0.00000000E+00  0.00000000E+00  0.10000000E+04  0.00000000E+00  0.12500000E+03  0.00000000E+00  0.69999999E+00  0.10000000E+04
  0.82500000E+01  0.12500000E+01  0.00000000E+00  0.00000000E+00  0.10000000E+04  0.00000000E+00  0.12500000E+03  0.00000000E+00  0.69999999E+00  0.10000000E+04
  0.82500000E+01  0.17500000E+01  0.00000000E+00  0.00000000E+00  0.10000000E+04  0.00000000E+00  0.12500000E+03  0.00000000E+00  0.69999999E+00  0.10000000E+04
  0.82500000E+01  0.22500000E+01  0.00000000E+00  0.00000000E+00  0.10000000E+04  0.00000000E+00  0.12500000E+03  0.00000000E+00  0.69999999E+00  0.10000000E+04
  0.82500000E+01  0.27500000E+01  0.00000000E+00  0.00000000E+00  0.10000000E+04  0.00000000E+00  0.12500000E+03  0.00000000E+00  0.69999999E+00  0.10000000E+04
  0.82500000E+01  0.32500000E+01  0.00000000E+00  0.00000000E+00  0.10000000E+04  0.00000000E+00  0.12500000E+03  0.00000000E+00  0.69999999E+00  0.10000000E+04
  0.82500000E+01  0.37500000E+01  0.00000000E+00  0.00000000E+00  0.10000000E+04  0.00000000E+00  0.12500000E+03  0.00000000E+00  0.69999999E+00  0.10000000E+04
  0.50000000E+00  0.00000000E+00  0.00000000E+00  0.00000000E+00  0.10137964E+04  0.28214852E+05  0.12500000E+03  0.87236334E-02  0.69999999E+00  0.99998987E+03
  0.10000000E+01  0.00000000E+00  0.00000000E+00  0.00000000E+00  0.10016484E+04  0.32502500E+04  0.12500000E+03  0.34878608E-02  0.69999999E+00  0.99999603E+03
  0.15000000E+01  0.00000000E+00  0.00000000E+00  0.00000000E+00  0.10461282E+04  0.10403624E+06  0.12500000E+03  0.15615867E-01  0.69999999E+00  0.99998132E+03
  0.20000000E+01  0.00000000E+00  0.00000000E+00  0.00000000E+00  0.11572937E+04  0.49901672E+06  0.12500000E+03  0.17401943E-01  0.69999999E+00  0.99997699E+03
  0.25000000E+01  0.00000000E+00  0.00000000E+00  0.00000000E+00  0.10059656E+04  0.11916057E+05  0.12500000E+03  0.14562442E-02  0.69999999E+00  0.99999835E+03
  0.30000000E+01  0.00000000E+00  0.00000000E+00  0.00000000E+00  0.10031041E+04  0.61472344E+04  0.12500000E+03  0.34580778E-02  0.69999999E+00  0.99999603E+03
  0.35000000E+01  0.00000000E+00  0.00000000E+00  0.00000000E+00  0.10008701E+04  0.17116158E+04  0.12500000E+03  0.13885826E-02  0.69999999E+00  0.99999841E+03
  0.40000000E+01  0.00000000E+00  0.00000000E+00  0.00000000E+00  0.10000131E+04  0.25728762E+02  0.12500000E+03 -0.50405528E-04  0.69999999E+00  0.10000001E+04
  0.45000000E+01  0.00000000E+00  0.00000000E+00  0.00000000E+00  0.10000000E+04  0.00000000E+00  0.12500000E+03  0.00000000E+00  0.69999999E+00  0.10000000E+04
  0.50000000E+01  0.00000000E+00  0.00000000E+00  0.00000000E+00  0.10000000E+04  0.00000000E+00  0.12500000E+03  0.00000000E+00  0.69999999E+00  0.10000000E+04
  0.55000000E+01  0.00000000E+00  0.00000000E+00  0.00000000E+00  0.10000000E+04  0.00000000E+00  0.12500000E+03  0.00000000E+00  0.69999999E+00  0.10000000E+04
  0.60000000E+01  0.00000000E+00  0.00000000E+00  0.00000000E+00  0.10000000E+04  0.00000000E+00  0.12500000E+03  0.00000000E+00  0.69999999E+00  0.10000000E+04
  0.65000000E+01  0.00000000E+00  0.00000000E+00  0.00000000E+00  0.10000000E+04  0.00000000E+00  0.12500000E+03  0.00000000E+00  0.69999999E+00  0.10000000E+04
  0.70000000E+01  0.00000000E+00  0.00000000E+00  0.00000000E+00  0.10000000E+04  0.00000000E+00  0.12500000E+03  0.00000000E+00  0.69999999E+00  0.10000000E+04
  0.75000000E+01  0.00000000E+00  0.00000000E+00  0.00000000E+00  0.10000000E+04  0.00000000E+00  0.12500000E+03  0.00000000E+00  0.69999999E+00  0.10000000E+04
  0.25000000E+00 -0.25000000E+00  0.00000000E+00  0.00000000E+00  0.10052322E+04  0.10428154E+05  0.12500000E+03  0.27088579E-02  0.69999999E+00  0.99999689E+03
  0.75000000E+00 -0.25000000E+00  0.00000000E+00  0.00000000E+00  0.10212729E+04  0.44497527E+05  0.12500000E+03  0.66551999E-02  0.69999999E+00  0.99999225E+03
  0.12500000E+01 -0.25000000E+00  0.00000000E+00  0.00000000E+00  0.10093823E+04  0.18934521E+05  0.12500000E+03  0.54525388E-02  0.69999999E+00  0.99999371E+03
  0.17500000E+01 -0.25000000E+00  0.00000000E+00  0.00000000E+00  0.10174938E+04  0.36177430E+05  0.12500000E+03  0.82483944E-02  0.69999999E+00  0.99999042E+03
  0.22500000E+01 -0.25000000E+00  0.00000000E+00  0.00000000E+00  0.10001256E+04  0.24661156E+03  0.12500000E+03  0.73066223E-02  0.69999999E+00  0.99999164E+03
  0.27500000E+01 -0.25000000E+00  0.00000000E+00  0.00000000E+00  0.10003944E+04  0.77485394E+03  0.12500000E+03  0.13334693E-02  0.69999999E+00  0.99999847E+03
  0.32500000E+01 -0.25000000E+00  0.00000000E+00  0.00000000E+00  0.10002179E+04  0.42782803E+03  0.12500000E+03  0.15043542E-02  0.69999999E+00  0.99999829E+03
  0.37500000E+01 -0.25000000E+00  0.00000000E+00  0.00000000E+00  0.10000071E+04  0.13799721E+02  0.12500000E+03 -0.13200220E-03  0.69999999E+00  0.10000001E+04
  0.42500000E+01 -0.25000000E+00  0.00000000E+00  0.00000000E+00  0.10000000E+04  0.00000000E+00  0.12500000E+03 -0.96563477E-40  0.69999999E+00  0.10000000E+04
  0.47500000E+01 -0.25000000E+00  0.00000000E+00  0.00000000E+00  0.10000000E+04  0.00000000E+00  0.12500000E+03 -0.00000000E+00  0.69999999E+00  0.10000000E+04
  0.52500000E+01 -0.25000000E+00  0.00000000E+00  0.00000000E+00  0.10000000E+04  0.00000000E+00  0.12500000E+03  0.00000000E+00  0.69999999E+00  0.10000000E+04
  0.57500000E+01 -0.25000000E+00  0.00000000E+00  0.00000000E+00  0.10000000E+04  0.00000000E+00  0.12500000E+03  0.00000000E+00  0.69999999E+00  0.10000000E+04
  0.62500000E+01 -0.25000000E+00  0.00000000E+00  0.00000000E+00  0.10000000E+04  0.00000000E+00  0.12500000E+03  0.00000000E+00  0.69999999E+00  0.10000000E+04
  0.67500000E+01 -0.25000000E+00  0.00000000E+00  0.00000000E+00  0.10000000E+04  0.00000000E+00  0.12500000E+03  0.00000000E+00  0.69999999E+00  0.10000000E+04
  0.72500000E+01 -0.25000000E+00  0.00000000E+00  0.00000000E+00  0.10000000E+04  0.00000000E+00  0.12500000E+03  0.00000000E+00  0.69999999E+00  0.10000000E+04
  0.77500000E+01 -0.25000000E+00  0.00000000E+00  0.00000000E+00  0.10000000E+04  0.00000000E+00  0.12500000E+03  0.00000000E+00  0.69999999E+00  0.10000000E+04
  0.40000000E+01  0.50000000E+00  0.00000000E+00  0.00000000E+00  0.10004377E+04  0.85996771E+03  0.12500000E+03 -0.15408914E-03  0.69999999E+00  0.10000002E+04
  0.37500000E+01  0.25000000E+00  0.00000000E+00  0.00000000E+00  0.10001348E+04  0.26440097E+03  0.12500000E+03 -0.63211640E-03  0.69999999E+00  0.10000007E+04
  0.40000000E+01  0.10000000E+01  0.00000000E+00  0.00000000E+00  0.10029080E+04  0.57554956E+04  0.12500000E+03 -0.25867917E-04  0.69999999E+00  0.10000000E+04
  0.37500000E+01  0.75000000E+00  0.00000000E+00  0.00000000E+00  0.10071427E+04  0.14317795E+05  0.12500000E+03  0.51496725E-03  0.69999999E+00  0.99999939E+03
  0.40000000E+01  0.15000000E+01  0.00000000E+00  0.00000000E+00  0.10001207E+04  0.23701503E+03  0.12500000E+03  0.18650148E-03  0.69999999E+00  0.99999982E+03
  0.37500000E+01  0.12500000E+01  0.00000000E+00  0.00000000E+00  0.10172211E+04  0.35584348E+05  0.12500000E+03  0.48145698E-03  0.69999999E+00  0.99999945E+03
  0.40000000E+01  0.20000000E+01  0.00000000E+00  0.00000000E+00  0.10004615E+04  0.90687177E+03  0.12500000E+03  0.77895544E-04  0.69999999E+00  0.99999994E+03
  0.37500000E+01  0.17500000E+01  0.00000000E+00  0.00000000E+00  0.10066053E+04  0.13219428E+05  0.12500000E+03  0.66181534E-03  0.69999999E+00  0.99999927E+03
  0.45000000E+01  0.50000000E+00  0.00000000E+00  0.00000000E+00  0.10000000E+04  0.00000000E+00  0.12500000E+03  0.50446745E-43  0.69999999E+00  0.10000000E+04
  0.42500000E+01  0.25000000E+00  0.00000000E+00  0.00000000E+00  0.10000018E+04  0.35083482E+01  0.12500000E+03 -0.74084828E-05  0.69999999E+00  0.10000000E+04
  0.45000000E+01  0.10000000E+01  0.00000000E+00  0.00000000E+00  0.10000000E+04  0.00000000E+00  0.12500000E+03  0.00000000E+00  0.69999999E+00  0.10000000E+04
  0.42500000E+01  0.75000000E+00  0.00000000E+00  0.00000000E+00  0.10000934E+04  0.18318608E+03  0.12500000E+03 -0.62608265E-05  0.69999999E+00  0.10000000E+04
  0.45000000E+01  0.15000000E+01  0.00000000E+00  0.00000000E+00  0.10000000E+04  0.00000000E+00  0.12500000E+03  0.00000000E+00  0.69999999E+00  0.10000000E+04
  0.42500000E+01  0.12500000E+01  0.00000000E+00  0.00000000E+00  0.10000051E+04  0.10057365E+02  0.12500000E+03  0.34863647E-05  0.69999999E+00  0.10000000E+04
  0.45000000E+01  0.20000000E+01  0.00000000E+00  0.00000000E+00  0.10000000E+04  0.00000000E+00  0.12500000E+03  0.00000000E+00  0.69999999E+00  0.10000000E+04
  0.42500000E+01  0.17500000E+01  0.00000000E+00  0.00000000E+00  0.10000021E+04  0.39761310E+01  0.12500000E+03  0.68672739E-05  0.69999999E+00  0.10000000E+04
  0.50000000E+01  0.50000000E+00  0.00000000E+00  0.00000000E+00  0.10000000E+04  0.00000000E+00  0.12500000E+03  0.00000000E+00  0.69999999E+00  0.10000000E+04
  0.47500000E+01  0.25000000E+00  0.00000000E+00  0.00000000E+00  0.10000000E+04  0.00000000E+00  0.12500000E+03  0.00000000E+00  0.69999999E+00  0.10000000E+04
  0.50000000E+01  0.10000000E+01  0.00000000E+00  0.00000000E+00  0.10000000E+04  0.00000000E+00  0.12500000E+03  0.00000000E+00  0.69999999E+00  0.10000000E+04
  0.47500000E+01  0.75000000E+00  0.00000000E+00  0.00000000E+00  0.10000000E+04  0.00000000E+00  0.12500000E+03  0.00000000E+00  0.69999999E+00  0.10000000E+04
  0.50000000E+01  0.15000000E+01  0.00000000E+00  0.00000000E+00  0.10000000E+04  0.00000000E+00  0.12500000E+03  0.00000000E+00  0.69999999E+00  0.10000000E+04
  0.47500000E+01  0.12500000E+01  0.00000000E+00  0.00000000E+00  0.10000000E+04  0.00000000E+00  0.12500000E+03  0.00000000E+00  0.69999999E+00  0.10000000E+04
  0.50000000E+01  0.20000000E+01  0.00000000E+00  0.00000000E+00  0.10000000E+04  0.00000000E+00  0.12500000E+03  0.00000000E+00  0.69999999E+00  0.10000000E+04
  0.47500000E+01  0.17500000E+01  0.00000000E+00  0.00000000E+00  0.10000000E+04  0.00000000E+00  0.12500000E+03  0.00000000E+00  0.69999999E+00  0.10000000E+04
  0.24577463E+01  0.16699841E+01  0.22099800E+01 -0.30011314E+00  0.99507599E+03 -0.95193418E+04  0.12576698E+03  0.12576674E+03  0.10000000E+01  0.00000000E+00
  0.14994000E+01  0.96000922E+00  0.87844491E+00  0.25461888E+00  0.10036940E+04  0.73285581E+04  0.12561582E+03  0.12561256E+03  0.10000000E+01  0.00000000E+00
  0.15326260E+01  0.90903199E+00  0.17167863E+00  0.46446901E-02  0.10183873E+04  0.38128055E+05  0.12546356E+03  0.12546333E+03  0.10000000E+01  0.00000000E+00
  0.10968318E+01  0.13103806E+01  0.63131541E+00 -0.20311694E+01  0.98797491E+03 -0.22758893E+05  0.12531018E+03  0.12531018E+03  0.10000000E+01  0.00000000E+00
  0.11256911E+01  0.10641692E+01  0.17617764E+01 -0.27151551E+01  0.99654095E+03 -0.67166084E+04  0.12515567E+03  0.12515567E+03  0.10000000E+01  0.00000000E+00
  0.26708255E+01  0.23610697E+01 -0.37923071E+00  0.75978231E+00  0.10061835E+04  0.12359427E+05  0.12500000E+03  0.12500000E+03  0.10000000E+01  0.00000000E+00
  0.27571583E+01  0.18045745E+01  0.10488187E+01  0.10554922E+00  0.99929028E+03 -0.13894948E+04  0.12576698E+03  0.12575494E+03  0.10000000E+01  0.00000000E+00
  0.15264312E+01  0.10451274E+01  0.57969892E+00  0.14176327E+00  0.99444836E+03 -0.10712569E+05  0.12561582E+03  0.12560624E+03  0.10000000E+01  0.00000000E+00
  0.17168818E+01  0.13224680E+01  0.84513187E+00  0.67189753E+00  0.99730249E+03 -0.52499106E+04  0.12546356E+03  0.12546037E+03  0.10000000E+01  0.00000000E+00
  0.17925990E+01  0.10427214E+01  0.34887152E+01  0.14415970E+01  0.10053705E+04  0.10708210E+05  0.12531018E+03  0.12531038E+03  0.10000000E+01  0.00000000E+00
  0.15412161E+01  0.16132637E+01 -0.86466752E-01 -0.40161741E+00  0.97672784E+03 -0.42592961E+05  0.12515567E+03  0.12515567E+03  0.10000000E+01  0.00000000E+00
  0.10000799E+01  0.14317102E+01  0.14840093E+01 -0.16748698E+01  0.99727960E+03 -0.52940923E+04  0.12500000E+03  0.12500000E+03  0.10000000E+01  0.00000000E+00
  0.27385437E+01  0.19543722E+01  0.24096646E+01  0.21828443E-01  0.93416193E+03 -0.10628300E+06  0.12576698E+03  0.12575644E+03  0.10000000E+01  0.00000000E+00
  0.25489600E+01  0.17210189E+01  0.16957960E+01  0.26638947E+01  0.98351941E+03 -0.30779375E+05  0.12561582E+03  0.12561089E+03  0.10000000E+01  0.00000000E+00
  0.24634237E+01  0.12326450E+01  0.74786581E-01  0.13919222E+01  0.10088063E+04  0.17741037E+05  0.12546356E+03  0.12546005E+03  0.10000000E+01  0.00000000E+00
  0.26398928E+01  0.12804801E+01  0.71196079E+00  0.19406397E+01  0.96170996E+03 -0.67025516E+05  0.12531018E+03  0.12531018E+03  0.10000000E+01  0.00000000E+00
  0.25372443E+01  0.90810990E+00  0.16442388E+00  0.47077310E+00  0.10024760E+04  0.48941001E+04  0.12515567E+03  0.12515553E+03  0.10000000E+01  0.00000000E+00
  0.23452508E+01  0.21576903E+01 -0.21546489E+00 -0.58280420E+00  0.10091404E+04  0.18432973E+05  0.12500000E+03  0.12500000E+03  0.10000000E+01  0.00000000E+00
  0.14717891E+01  0.15385323E+01 -0.21682997E+01 -0.15523049E+00  0.95327374E+03 -0.79781141E+05  0.12576698E+03  0.12576566E+03  0.10000000E+01  0.00000000E+00
  0.25220051E+01  0.17881870E+01  0.27395296E+01  0.26278176E+01  0.10060009E+04  0.11987811E+05  0.12561582E+03  0.12561221E+03  0.10000000E+01  0.00000000E+00
  0.25159125E+01  0.89203012E+00 -0.21902115E+01  0.62063092E+00  0.99417340E+03 -0.11233879E+05  0.12546356E+03  0.12546202E+03  0.10000000E+01  0.00000000E+00
  0.24756641E+01  0.97026360E+00 -0.29767871E+01  0.78771597E+00  0.97498584E+03 -0.45544625E+05  0.12531018E+03  0.12530890E+03  0.10000000E+01  0.00000000E+00
  0.26919456E+01  0.24546115E+01 -0.69869602E+00  0.12637126E+01  0.10074597E+04  0.14967451E+05  0.12515567E+03  0.12515567E+03  0.10000000E+01  0.00000000E+00
  0.30027714E+01  0.12558703E+01 -0.12899632E+01 -0.33948412E+01  0.98134076E+03 -0.34622660E+05  0.12500000E+03  0.12500012E+03  0.10000000E+01  0.00000000E+00
  0.16744680E+01  0.17332990E+01  0.68997800E+00  0.26924971E+00  0.99493604E+03 -0.97858018E+04  0.12561582E+03  0.12561399E+03  0.10000000E+01  0.00000000E+00
  0.29965353E+01  0.22377439E+01  0.56389201E+00  0.22902277E+01  0.10146655E+04  0.30071021E+05  0.12531018E+03  0.12531004E+03  0.10000000E+01  0.00000000E+00
  0.14820848E+01  0.20501091E+01 -0.10189389E+01 -0.60466063E+00  0.98473645E+03 -0.28610160E+05  0.12500000E+03  0.12500000E+03  0.10000000E+01  0.00000000E+00
