  0.00000000E+00  0.00000000E+00  0.00000000E+00  0.00000000E+00  0.10014279E+04  0.28135474E+04  0.12500000E+03  0.25605496E-02  0.69999999E+00  0.99999707E+03
  0.00000000E+00  0.50000000E+00  0.00000000E+00  0.00000000E+00  0.10111941E+04  0.22714322E+05  0.12500000E+03  0.35664621E-02  0.69999999E+00  0.99999585E+03
  0.00000000E+00  0.10000000E+01  0.00000000E+00  0.00000000E+00  0.10087852E+04  0.17697406E+05  0.12500000E+03  0.39286427E-02  0.69999999E+00  0.99999548E+03
  0.00000000E+00  0.15000000E+01  0.00000000E+00  0.00000000E+00  0.10290248E+04  0.62152301E+05  0.12500000E+03  0.13939026E-02  0.69999999E+00  0.99999835E+03
  0.00000000E+00  0.20000000E+01  0.00000000E+00  0.00000000E+00  0.10199166E+04  0.41490359E+05  0.12500000E+03 -0.18970559E-02  0.69999999E+00  0.10000022E+04
  0.00000000E+00  0.25000000E+01  0.00000000E+00  0.00000000E+00  0.10034469E+04  0.68332266E+04  0.12500000E+03  0.51974104E-03  0.69999999E+00  0.99999939E+03
  0.00000000E+00  0.30000000E+01  0.00000000E+00  0.00000000E+00  0.10000026E+04  0.51455903E+01  0.12500000E+03  0.38292605E-04  0.69999999E+00  0.99999994E+03
  0.00000000E+00  0.35000000E+01  0.00000000E+00  0.00000000E+00  0.10000000E+04  0.00000000E+00  0.12500000E+03  0.00000000E+00  0.69999999E+00  0.10000000E+04
  0.00000000E+00  0.40000000E+01  0.00000000E+00  0.00000000E+00  0.10000000E+04  0.00000000E+00  0.12500000E+03  0.00000000E+00  0.69999999E+00  0.10000000E+04
 -0.25000000E+00 -0.25000000E+00  0.00000000E+00  0.00000000E+00  0.10006414E+04  0.12607445E+04  0.12500000E+03  0.52005530E-03  0.69999999E+00  0.99999939E+03
 -0.25000000E+00  0.25000000E+00  0.00000000E+00  0.00000000E+00  0.10005500E+04  0.10809445E+04  0.12500000E+03  0.11706532E-02  0.69999999E+00  0.99999866E+03
 -0.25000000E+00  0.75000000E+00  0.00000000E+00  0.00000000E+00  0.10015692E+04  0.30934429E+04  0.12500000E+03  0.57031319E-03  0.69999999E+00  0.99999933E+03
 -0.25000000E+00  0.12500000E+01  0.00000000E+00  0.00000000E+00  0.10020712E+04  0.40889172E+04  0.12500000E+03  0.12144542E-02  0.69999999E+00  0.99999860E+03
 -0.25000000E+00  0.17500000E+01  0.00000000E+00  0.00000000E+00  0.10013418E+04  0.26432717E+04  0.12500000E+03 -0.40938577E-03  0.69999999E+00  0.10000005E+04
 -0.25000000E+00  0.22500000E+01  0.00000000E+00  0.00000000E+00  0.10015139E+04  0.29839109E+04  0.12500000E+03 -0.18548567E-03  0.69999999E+00  0.10000002E+04
 -0.25000000E+00  0.27500000E+01  0.00000000E+00  0.00000000E+00  0.10000007E+04  0.14033347E+01  0.12500000E+03  0.17473474E-04  0.69999999E+00  0.10000000E+04
 -0.25000000E+00  0.32500000E+01  0.00000000E+00  0.00000000E+00  0.10000000E+04  0.00000000E+00  0.12500000E+03  0.65412612E-41  0.69999999E+00  0.10000000E+04
 -0.25000000E+00  0.37500000E+01  0.00000000E+00  0.00000000E+00  0.10000000E+04  0.00000000E+00  0.12500000E+03  0.00000000E+00  0.69999999E+00  0.10000000E+04
  0.80000000E+01  0.00000000E+00  0.00000000E+00  0.00000000E+00  0.10000000E+04  0.00000000E+00  0.12500000E+03  0.00000000E+00  0.69999999E+00  0.10000000E+04
  0.80000000E+01  0.50000000E+00  0.00000000E+00  0.00000000E+00  0.10000000E+04  0.00000000E+00  0.12500000E+03  0.00000000E+00  0.69999999E+00  0.10000000E+04
  0.80000000E+01  0.10000000E+01  0.00000000E+00  0.00000000E+00  0.10000000E+04  0.00000000E+00  0.12500000E+03  0.00000000E+00  0.69999999E+00  0.10000000E+04
  0.80000000E+01  0.15000000E+01  0.00000000E+00  0.00000000E+00  0.10000000E+04  0.00000000E+00  0.12500000E+03  0.00000000E+00  0.69999999E+00  0.10000000E+04
  0.80000000E+01  0.20000000E+01  0.00000000E+00  0.00000000E+00  0.10000000E+04  0.00000000E+00  0.12500000E+03  0.00000000E+00  0.69999999E+00  0.10000000E+04
  0.80000000E+01  0.25000000E+01  0.00000000E+00  0.00000000E+00  0.10000000E+04  0.00000000E+00  0.12500000E+03  0.00000000E+00  0.69999999E+00  0.10000000E+04
  0.80000000E+01  0.30000000E+01  0.00000000E+00  0.00000000E+00  0.10000000E+04  0.00000000E+00  0.12500000E+03  0.00000000E+00  0.69999999E+00  0.10000000E+04
  0.80000000E+01  0.35000000E+01  0.00000000E+00  0.00000000E+00  0.10000000E+04  0.00000000E+00  0.12500000E+03  0.00000000E+00  0.69999999E+00  0.10000000E+04
  0.80000000E+01  0.40000000E+01  0.00000000E+00  0.00000000E+00  0.10000000E+04  0.00000000E+00  0.12500000E+03  0.00000000E+00  0.69999999E+00  0.10000000E+04
  0.82500000E+01 -0.25000000E+00  0.00000000E+00  0.00000000E+00  0.10000000E+04  0.00000000E+00  0.12500000E+03  0.00000000E+00  0.69999999E+00  0.10000000E+04
  0.82500000E+01  0.25000000E+00  0.00000000E+00  0.00000000E+00  0.10000000E+04  0.00000000E+00  0.12500000E+03  0.00000000E+00  0.69999999E+00  0.10000000E+04
  0.82500000E+01  0.75000000E+00  0.00000000E+00  0.00000000E+00  0.10000000E+04  0.00000000E+00  0.12500000E+03  0.00000000E+00  0.69999999E+00  0.10000000E+04
  0.82500000E+01  0.12500000E+01  0.00000000E+00  0.00000000E+00  0.10000000E+04  0.00000000E+00  0.12500000E+03  0.00000000E+00  0.69999999E+00  0.10000000E+04
  0.82500000E+01  0.17500000E+01  0.00000000E+00  0.00000000E+00  0.10000000E+04  0.00000000E+00  0.12500000E+03  0.00000000E+00  0.69999999E+00  0.10000000E+04
  0.82500000E+01  0.22500000E+01  0.00000000E+00  0.00000000E+00  0.10000000E+04  0.00000000E+00  0.12500000E+03  0.00000000E+00  0.69999999E+00  0.10000000E+04
  0.82500000E+01  0.27500000E+01  0.00000000E+00  0.00000000E+00  0.10000000E+04  0.00000000E+00  0.12500000E+03  0.00000000E+00  0.69999999E+00  0.10000000E+04
  0.82500000E+01  0.32500000E+01  0.00000000E+00  0.00000000E+00  0.10000000E+04  0.00000000E+00  0.12500000E+03  0.00000000E+00  0.69999999E+00  0.10000000E+04
  0.82500000E+01  0.37500000E+01  0.00000000E+00  0.00000000E+00  0.10000000E+04  0.00000000E+00  0.12500000E+03  0.00000000E+00  0.69999999E+00  0.10000000E+04
  0.50000000E+00  0.00000000E+00  0.00000000E+00  0.00000000E+00  0.10501263E+04  0.11443667E+06  0.12500000E+03  0.13159653E-01  0.69999999E+00  0.99998419E+03
  0.10000000E+01  0.00000000E+00  0.00000000E+00  0.00000000E+00  0.10598611E+04  0.14077384E+06  0.12500000E+03  0.79372432E-02  0.69999999E+00  0.99999042E+03
  0.15000000E+01  0.00000000E+00  0.00000000E+00  0.00000000E+00  0.10182266E+04  0.37776258E+05  0.12500000E+03  0.22989359E-01  0.69999999E+00  0.99997327E+03
  0.20000000E+01  0.00000000E+00  0.00000000E+00  0.00000000E+00  0.11351035E+04  0.40024716E+06  0.12500000E+03  0.26443115E-01  0.69999999E+00  0.99996570E+03
  0.25000000E+01  0.00000000E+00  0.00000000E+00  0.00000000E+00  0.10414449E+04  0.92153188E+05  0.12500000E+03  0.85549224E-02  0.69999999E+00  0.99998981E+03
  0.30000000E+01  0.00000000E+00  0.00000000E+00  0.00000000E+00  0.10539236E+04  0.12453702E+06  0.12500000E+03  0.10186404E-01  0.69999999E+00  0.99998773E+03
  0.35000000E+01  0.00000000E+00  0.00000000E+00  0.00000000E+00  0.10062163E+04  0.12426176E+05  0.12500000E+03  0.42406181E-02  0.69999999E+00  0.99999512E+03
  0.40000000E+01  0.00000000E+00  0.00000000E+00  0.00000000E+00  0.10000137E+04  0.26898298E+02  0.12500000E+03 -0.68247195E-04  0.69999999E+00  0.10000001E+04
  0.45000000E+01  0.00000000E+00  0.00000000E+00  0.00000000E+00  0.10000000E+04  0.00000000E+00  0.12500000E+03  0.39767449E-39  0.69999999E+00  0.10000000E+04
  0.50000000E+01  0.00000000E+00  0.00000000E+00  0.00000000E+00  0.10000000E+04  0.00000000E+00  0.12500000E+03 -0.14012985E-41  0.69999999E+00  0.10000000E+04
  0.55000000E+01  0.00000000E+00  0.00000000E+00  0.00000000E+00  0.10000000E+04  0.00000000E+00  0.12500000E+03  0.00000000E+00  0.69999999E+00  0.10000000E+04
  0.60000000E+01  0.00000000E+00  0.00000000E+00  0.00000000E+00  0.10000000E+04  0.00000000E+00  0.12500000E+03  0.00000000E+00  0.69999999E+00  0.10000000E+04
  0.65000000E+01  0.00000000E+00  0.00000000E+00  0.00000000E+00  0.10000000E+04  0.00000000E+00  0.12500000E+03  0.00000000E+00  0.69999999E+00  0.10000000E+04
  0.70000000E+01  0.00000000E+00  0.00000000E+00  0.00000000E+00  0.10000000E+04  0.00000000E+00  0.12500000E+03  0.00000000E+00  0.69999999E+00  0.10000000E+04
  0.75000000E+01  0.00000000E+00  0.00000000E+00  0.00000000E+00  0.10000000E+04  0.00000000E+00  0.12500000E+03  0.00000000E+00  0.69999999E+00  0.10000000E+04
  0.25000000E+00 -0.25000000E+00  0.00000000E+00  0.00000000E+00  0.10058125E+04  0.11604975E+05  0.12500000E+03  0.34070802E-02  0.69999999E+00  0.99999609E+03
  0.75000000E+00 -0.25000000E+00  0.00000000E+00  0.00000000E+00  0.10271562E+04  0.57823113E+05  0.12500000E+03  0.93721803E-02  0.69999999E+00  0.99998901E+03
  0.12500000E+01 -0.25000000E+00  0.00000000E+00  0.00000000E+00  0.10085594E+04  0.17231111E+05  0.12500000E+03  0.74861124E-02  0.69999999E+00  0.99999139E+03
  0.17500000E+01 -0.25000000E+00  0.00000000E+00  0.00000000E+00  0.10145935E+04  0.29916891E+05  0.12500000E+03  0.11349045E-01  0.69999999E+00  0.99998682E+03
  0.22500000E+01 -0.25000000E+00  0.00000000E+00  0.00000000E+00  0.10010576E+04  0.20816555E+04  0.12500000E+03  0.11284748E-01  0.69999999E+00  0.99998706E+03
  0.27500000E+01 -0.25000000E+00  0.00000000E+00  0.00000000E+00  0.10049265E+04  0.98099531E+04  0.12500000E+03  0.55292994E-02  0.69999999E+00  0.99999365E+03
  0.32500000E+01 -0.25000000E+00  0.00000000E+00  0.00000000E+00  0.10016486E+04  0.32504863E+04  0.12500000E+03  0.38517816E-02  0.69999999E+00  0.99999561E+03
  0.37500000E+01 -0.25000000E+00  0.00000000E+00  0.00000000E+00  0.10000070E+04  0.13565822E+02  0.12500000E+03 -0.15635355E-03  0.69999999E+00  0.10000002E+04
  0.42500000E+01 -0.25000000E+00  0.00000000E+00  0.00000000E+00  0.10000000E+04  0.00000000E+00  0.12500000E+03 -0.14946293E-35  0.69999999E+00  0.10000000E+04
  0.47500000E+01 -0.25000000E+00  0.00000000E+00  0.00000000E+00  0.10000000E+04  0.00000000E+00  0.12500000E+03 -0.90891862E-39  0.69999999E+00  0.10000000E+04
  0.52500000E+01 -0.25000000E+00  0.00000000E+00  0.00000000E+00  0.10000000E+04  0.00000000E+00  0.12500000E+03  0.00000000E+00  0.69999999E+00  0.10000000E+04
  0.57500000E+01 -0.25000000E+00  0.00000000E+00  0.00000000E+00  0.10000000E+04  0.00000000E+00  0.12500000E+03  0.00000000E+00  0.69999999E+00  0.10000000E+04
  0.62500000E+01 -0.25000000E+00  0.00000000E+00  0.00000000E+00  0.10000000E+04  0.00000000E+00  0.12500000E+03  0.00000000E+00  0.69999999E+00  0.10000000E+04
  0.67500000E+01 -0.25000000E+00  0.00000000E+00  0.00000000E+00  0.10000000E+04  0.00000000E+00  0.12500000E+03  0.00000000E+00  0.69999999E+00  0.10000000E+04
  0.72500000E+01 -0.25000000E+00  0.00000000E+00  0.00000000E+00  0.10000000E+04  0.00000000E+00  0.12500000E+03  0.00000000E+00  0.69999999E+00  0.10000000E+04
  0.77500000E+01 -0.25000000E+00  0.00000000E+00  0.00000000E+00  0.10000000E+04  0.00000000E+00  0.12500000E+03  0.00000000E+00  0.69999999E+00  0.10000000E+04
  0.40000000E+01  0.50000000E+00  0.00000000E+00  0.00000000E+00  0.10012155E+04  0.23934417E+04  0.12500000E+03 -0.43731625E-03  0.69999999E+00  0.10000005E+04
  0.37500000E+01  0.25000000E+00  0.00000000E+00  0.00000000E+00  0.10053259E+04  0.10617891E+05  0.12500000E+03 -0.19897227E-02  0.69999999E+00  0.10000023E+04
  0.40000000E+01  0.10000000E+01  0.00000000E+00  0.00000000E+00  0.10022883E+04  0.45206660E+04  0.12500000E+03 -0.13236562E-03  0.69999999E+00  0.10000001E+04
  0.37500000E+01  0.75000000E+00  0.00000000E+00  0.00000000E+00  0.10448091E+04  0.10065694E+06  0.12500000E+03  0.10136911E-02  0.69999999E+00  0.99999878E+03
  0.40000000E+01  0.15000000E+01  0.00000000E+00  0.00000000E+00  0.10001421E+04  0.27891412E+03  0.12500000E+03  0.48197800E-03  0.69999999E+00  0.99999945E+03
  0.37500000E+01  0.12500000E+01  0.00000000E+00  0.00000000E+00  0.10293519E+04  0.62915016E+05  0.12500000E+03  0.11769801E-02  0.69999999E+00  0.99999860E+03
  0.40000000E+01  0.20000000E+01  0.00000000E+00  0.00000000E+00  0.10010588E+04  0.20840093E+04  0.12500000E+03  0.32330409E-03  0.69999999E+00  0.99999963E+03
  0.37500000E+01  0.17500000E+01  0.00000000E+00  0.00000000E+00  0.10220933E+04  0.46328246E+05  0.12500000E+03  0.22896996E-02  0.69999999E+00  0.99999731E+03
  0.45000000E+01  0.50000000E+00  0.00000000E+00  0.00000000E+00  0.10000000E+04  0.00000000E+00  0.12500000E+03  0.26784755E-38  0.69999999E+00  0.10000000E+04
  0.42500000E+01  0.25000000E+00  0.00000000E+00  0.00000000E+00  0.10000018E+04  0.35083482E+01  0.12500000E+03 -0.74084828E-05  0.69999999E+00  0.10000000E+04
  0.45000000E+01  0.10000000E+01  0.00000000E+00  0.00000000E+00  0.10000000E+04  0.00000000E+00  0.12500000E+03 -0.23093399E-41  0.69999999E+00  0.10000000E+04
  0.42500000E+01  0.75000000E+00  0.00000000E+00  0.00000000E+00  0.10000916E+04  0.17967581E+03  0.12500000E+03 -0.20551628E-04  0.69999999E+00  0.10000000E+04
  0.45000000E+01  0.15000000E+01  0.00000000E+00  0.00000000E+00  0.10000000E+04  0.00000000E+00  0.12500000E+03 -0.82284246E-41  0.69999999E+00  0.10000000E+04
  0.42500000E+01  0.12500000E+01  0.00000000E+00  0.00000000E+00  0.10000066E+04  0.12864128E+02  0.12500000E+03  0.64903998E-05  0.69999999E+00  0.10000000E+04
  0.45000000E+01  0.20000000E+01  0.00000000E+00  0.00000000E+00  0.10000000E+04  0.00000000E+00  0.12500000E+03  0.79761909E-41  0.69999999E+00  0.10000000E+04
  0.42500000E+01  0.17500000E+01  0.00000000E+00  0.00000000E+00  0.10000031E+04  0.60811610E+01  0.12500000E+03 -0.35628464E-05  0.69999999E+00  0.10000000E+04
  0.50000000E+01  0.50000000E+00  0.00000000E+00  0.00000000E+00  0.10000000E+04  0.00000000E+00  0.12500000E+03  0.12667738E-41  0.69999999E+00  0.10000000E+04
  0.47500000E+01  0.25000000E+00  0.00000000E+00  0.00000000E+00  0.10000000E+04  0.00000000E+00  0.12500000E+03  0.89916558E-39  0.69999999E+00  0.10000000E+04
  0.50000000E+01  0.10000000E+01  0.00000000E+00  0.00000000E+00  0.10000000E+04  0.00000000E+00  0.12500000E+03 -0.00000000E+00  0.69999999E+00  0.10000000E+04
  0.47500000E+01  0.75000000E+00  0.00000000E+00  0.00000000E+00  0.10000000E+04  0.00000000E+00  0.12500000E+03  0.14181140E-41  0.69999999E+00  0.10000000E+04
  0.50000000E+01  0.15000000E+01  0.00000000E+00  0.00000000E+00  0.10000000E+04  0.00000000E+00  0.12500000E+03 -0.58910587E-41  0.69999999E+00  0.10000000E+04
  0.47500000E+01  0.12500000E+01  0.00000000E+00  0.00000000E+00  0.10000000E+04  0.00000000E+00  0.12500000E+03 -0.57257055E-41  0.69999999E+00  0.10000000E+04
  0.50000000E+01  0.20000000E+01  0.00000000E+00  0.00000000E+00  0.10000000E+04  0.00000000E+00  0.12500000E+03  0.55967861E-41  0.69999999E+00  0.10000000E+04
  0.47500000E+01  0.17500000E+01  0.00000000E+00  0.00000000E+00  0.10000000E+04  0.00000000E+00  0.12500000E+03 -0.00000000E+00  0.69999999E+00  0.10000000E+04
  0.27533977E+01  0.83608544E+00  0.45379680E+00  0.24274886E+00  0.10027015E+04  0.53435352E+04  0.12576698E+03  0.12576656E+03  0.10000000E+01  0.00000000E+00
  0.82071686E+00  0.12804488E+01  0.40963924E+00  0.72825885E+00  0.10031472E+04  0.62332637E+04  0.12561582E+03  0.12561256E+03  0.10000000E+01  0.00000000E+00
  0.17227166E+01  0.95603704E+00  0.43804228E+00 -0.36467689E+00  0.10124179E+04  0.25290613E+05  0.12546356E+03  0.12546323E+03  0.10000000E+01  0.00000000E+00
  0.23286650E+01  0.17225215E+01  0.19511852E+01  0.75859022E+00  0.10028141E+04  0.55682427E+04  0.12531018E+03  0.12531027E+03  0.10000000E+01  0.00000000E+00
  0.27916822E+01  0.15071648E+01 -0.24254151E-01  0.87221062E+00  0.10008994E+04  0.17694585E+04  0.12515567E+03  0.12515567E+03  0.10000000E+01  0.00000000E+00
  0.24776807E+01  0.16770542E+01  0.11162472E+01  0.94784975E+00  0.10029662E+04  0.58718975E+04  0.12500000E+03  0.12500000E+03  0.10000000E+01  0.00000000E+00
  0.28147130E+01  0.91651046E+00 -0.27090192E+00  0.30706421E-01  0.10026420E+04  0.52249414E+04  0.12576698E+03  0.12575461E+03  0.10000000E+01  0.00000000E+00
  0.84975493E+00  0.99859428E+00  0.35669935E+00 -0.76701868E+00  0.10027651E+04  0.54702563E+04  0.12561582E+03  0.12560624E+03  0.10000000E+01  0.00000000E+00
  0.99433148E+00  0.90313423E+00 -0.67999440E+00 -0.84133379E-01  0.10040345E+04  0.80121821E+04  0.12546356E+03  0.12546037E+03  0.10000000E+01  0.00000000E+00
  0.28454144E+01  0.12227951E+01  0.62835209E-01 -0.26878709E+00  0.10031891E+04  0.63171699E+04  0.12531018E+03  0.12531038E+03  0.10000000E+01  0.00000000E+00
  0.12204889E+01  0.89702940E+00  0.35521239E+00 -0.29068738E+00  0.10057847E+04  0.11548312E+05  0.12515567E+03  0.12515535E+03  0.10000000E+01  0.00000000E+00
  0.73754406E+00  0.82638681E+00 -0.22083104E+00 -0.44715524E-01  0.10076841E+04  0.15428255E+05  0.12500000E+03  0.12500000E+03  0.10000000E+01  0.00000000E+00
  0.21330111E+01  0.10105575E+01 -0.21664873E-01 -0.13152961E-01  0.10082530E+04  0.16598809E+05  0.12576698E+03  0.12575644E+03  0.10000000E+01  0.00000000E+00
  0.27687533E+01  0.86371791E+00 -0.13169013E+00  0.13001448E+00  0.10027175E+04  0.53753896E+04  0.12561582E+03  0.12561059E+03  0.10000000E+01  0.00000000E+00
  0.26985664E+01  0.13971151E+01  0.18623221E+00  0.32668886E+00  0.10032183E+04  0.63755830E+04  0.12546356E+03  0.12546005E+03  0.10000000E+01  0.00000000E+00
  0.16811898E+01  0.95397389E+00 -0.52664769E+00 -0.83929694E+00  0.10134404E+04  0.27457416E+05  0.12531018E+03  0.12531018E+03  0.10000000E+01  0.00000000E+00
  0.29509277E+01  0.81819224E+00 -0.80702204E+00 -0.88395828E+00  0.10039085E+04  0.77590117E+04  0.12515567E+03  0.12515553E+03  0.10000000E+01  0.00000000E+00
  0.10525517E+01  0.15145473E+01 -0.15205526E+00  0.42549014E+00  0.10009441E+04  0.18576530E+04  0.12500000E+03  0.12500029E+03  0.10000000E+01  0.00000000E+00
  0.87329245E+00  0.14139956E+01 -0.21255013E+00  0.30130410E+00  0.10022891E+04  0.45223257E+04  0.12576698E+03  0.12576566E+03  0.10000000E+01  0.00000000E+00
  0.25151701E+01  0.93999422E+00 -0.10724007E+01  0.88476986E+00  0.10022856E+04  0.45152124E+04  0.12561582E+03  0.12561228E+03  0.10000000E+01  0.00000000E+00
  0.16702096E+01  0.12108920E+01 -0.30006427E+00 -0.33217680E+00  0.10040929E+04  0.81296104E+04  0.12546356E+03  0.12546202E+03  0.10000000E+01  0.00000000E+00
  0.22444093E+01  0.98156691E+00  0.24339268E+00 -0.72738600E+00  0.10065510E+04  0.13108495E+05  0.12531018E+03  0.12530890E+03  0.10000000E+01  0.00000000E+00
  0.19653727E+01  0.18262670E+01  0.10714145E+01 -0.75217927E+00  0.99946210E+03 -0.10537207E+04  0.12515567E+03  0.12515567E+03  0.10000000E+01  0.00000000E+00
  0.14945114E+01  0.87884533E+00  0.79186678E+00 -0.60463661E+00  0.10115542E+04  0.23470514E+05  0.12500000E+03  0.12500012E+03  0.10000000E+01  0.00000000E+00
  0.10488415E+01  0.15169253E+01  0.20180351E+00  0.41132692E+00  0.10007480E+04  0.14709489E+04  0.12561582E+03  0.12561359E+03  0.10000000E+01  0.00000000E+00
  0.17773484E+01  0.17857125E+01  0.82996428E+00 -0.15414388E+01  0.10008728E+04  0.17170234E+04  0.12531018E+03  0.12531004E+03  0.10000000E+01  0.00000000E+00
  0.20970447E+01  0.20663655E+01  0.33218443E+00 -0.35044688E+00  0.99678638E+03 -0.62447065E+04  0.12500000E+03  0.12500000E+03  0.10000000E+01  0.00000000E+00
