  0.00000000E+00  0.00000000E+00  0.00000000E+00  0.00000000E+00  0.10008452E+04  0.16624810E+04  0.12500000E+03  0.24820648E-02  0.69999999E+00  0.99999713E+03
  0.00000000E+00  0.50000000E+00  0.00000000E+00  0.00000000E+00  0.10131549E+04  0.26851047E+05  0.12500000E+03  0.32578683E-02  0.69999999E+00  0.99999622E+03
  0.00000000E+00  0.10000000E+01  0.00000000E+00  0.00000000E+00  0.10372197E+04  0.81704180E+05  0.12500000E+03  0.36948605E-02  0.69999999E+00  0.99999561E+03
  0.00000000E+00  0.15000000E+01  0.00000000E+00  0.00000000E+00  0.10168910E+04  0.34867539E+05  0.12500000E+03  0.13719641E-02  0.69999999E+00  0.99999841E+03
  0.00000000E+00  0.20000000E+01  0.00000000E+00  0.00000000E+00  0.10164003E+04  0.33804359E+05  0.12500000E+03 -0.16748249E-02  0.69999999E+00  0.10000020E+04
  0.00000000E+00  0.25000000E+01  0.00000000E+00  0.00000000E+00  0.10034469E+04  0.68332266E+04  0.12500000E+03  0.51974104E-03  0.69999999E+00  0.99999939E+03
  0.00000000E+00  0.30000000E+01  0.00000000E+00  0.00000000E+00  0.10000026E+04  0.51455903E+01  0.12500000E+03  0.38292605E-04  0.69999999E+00  0.99999994E+03
  0.00000000E+00  0.35000000E+01  0.00000000E+00  0.00000000E+00  0.10000000E+04  0.00000000E+00  0.12500000E+03  0.00000000E+00  0.69999999E+00  0.10000000E+04
  0.00000000E+00  0.40000000E+01  0.00000000E+00  0.00000000E+00  0.10000000E+04  0.00000000E+00  0.12500000E+03  0.00000000E+00  0.69999999E+00  0.10000000E+04
 -0.25000000E+00 -0.25000000E+00  0.00000000E+00  0.00000000E+00  0.10006414E+04  0.12607445E+04  0.12500000E+03  0.52005530E-03  0.69999999E+00  0.99999939E+03
 -0.25000000E+00  0.25000000E+00  0.00000000E+00  0.00000000E+00  0.10006742E+04  0.13255530E+04  0.12500000E+03  0.11169547E-02  0.69999999E+00  0.99999872E+03
 -0.25000000E+00  0.75000000E+00  0.00000000E+00  0.00000000E+00  0.10086036E+04  0.17322449E+05  0.12500000E+03  0.48516440E-03  0.69999999E+00  0.99999945E+03
 -0.25000000E+00  0.12500000E+01  0.00000000E+00  0.00000000E+00  0.10086230E+04  0.17362340E+05  0.12500000E+03  0.11768395E-02  0.69999999E+00  0.99999866E+03
 -0.25000000E+00  0.17500000E+01  0.00000000E+00  0.00000000E+00  0.10009093E+04  0.17889768E+04  0.12500000E+03 -0.34891540E-03  0.69999999E+00  0.10000004E+04
 -0.25000000E+00  0.22500000E+01  0.00000000E+00  0.00000000E+00  0.10015139E+04  0.29839109E+04  0.12500000E+03 -0.18548567E-03  0.69999999E+00  0.10000002E+04
 -0.25000000E+00  0.27500000E+01  0.00000000E+00  0.00000000E+00  0.10000007E+04  0.14033347E+01  0.12500000E+03  0.17473474E-04  0.69999999E+00  0.10000000E+04
 -0.25000000E+00  0.32500000E+01  0.00000000E+00  0.00000000E+00  0.10000000E+04  0.00000000E+00  0.12500000E+03  0.28418333E-41  0.69999999E+00  0.10000000E+04
 -0.25000000E+00  0.37500000E+01  0.00000000E+00  0.00000000E+00  0.10000000E+04  0.00000000E+00  0.12500000E+03  0.00000000E+00  0.69999999E+00  0.10000000E+04
  0.80000000E+01  0.00000000E+00  0.00000000E+00  0.00000000E+00  0.10000000E+04  0.00000000E+00  0.12500000E+03  0.00000000E+00  0.69999999E+00  0.10000000E+04
  0.80000000E+01  0.50000000E+00  0.00000000E+00  0.00000000E+00  0.10000000E+04  0.00000000E+00  0.12500000E+03  0.00000000E+00  0.69999999E+00  0.10000000E+04
  0.80000000E+01  0.10000000E+01  0.00000000E+00  0.00000000E+00  0.10000000E+04  0.00000000E+00  0.12500000E+03  0.00000000E+00  0.69999999E+00  0.10000000E+04
  0.80000000E+01  0.15000000E+01  0.00000000E+00  0.00000000E+00  0.10000000E+04  0.00000000E+00  0.12500000E+03  0.00000000E+00  0.69999999E+00  0.10000000E+04
  0.80000000E+01  0.20000000E+01  0.00000000E+00  0.00000000E+00  0.10000000E+04  0.00000000E+00  0.12500000E+03  0.00000000E+00  0.69999999E+00  0.10000000E+04
  0.80000000E+01  0.25000000E+01  0.00000000E+00  0.00000000E+00  0.10000000E+04  0.00000000E+00  0.12500000E+03  0.00000000E+00  0.69999999E+00  0.10000000E+04
  0.80000000E+01  0.30000000E+01  0.00000000E+00  0.00000000E+00  0.10000000E+04  0.00000000E+00  0.12500000E+03  0.00000000E+00  0.69999999E+00  0.10000000E+04
  0.80000000E+01  0.35000000E+01  0.00000000E+00  0.00000000E+00  0.10000000E+04  0.00000000E+00  0.12500000E+03  0.00000000E+00  0.69999999E+00  0.10000000E+04
  0.80000000E+01  0.40000000E+01  0.00000000E+00  0.00000000E+00  0.10000000E+04  0.00000000E+00  0.12500000E+03  0.00000000E+00  0.69999999E+00  0.10000000E+04
  0.82500000E+01 -0.25000000E+00  0.00000000E+00  0.00000000E+00  0.10000000E+04  0.00000000E+00  0.12500000E+03  0.00000000E+00  0.69999999E+00  0.10000000E+04
  0.82500000E+01  0.25000000E+00  0.00000000E+00  0.00000000E+00  0.10000000E+04  0.00000000E+00  0.12500000E+03  0.00000000E+00  0.69999999E+00  0.10000000E+04
  0.82500000E+01  0.75000000E+00  0.00000000E+00  0.00000000E+00  0.10000000E+04  0.00000000E+00  0.12500000E+03  0.00000000E+00  0.69999999E+00  0.10000000E+04
  0.82500000E+01  0.12500000E+01  0.00000000E+00  0.00000000E+00  0.10000000E+04  0.00000000E+00  0.12500000E+03  0.00000000E+00  0.69999999E+00  0.10000000E+04
  0.82500000E+01  0.17500000E+01  0.00000000E+00  0.00000000E+00  0.10000000E+04  0.00000000E+00  0.12500000E+03  0.00000000E+00  0.69999999E+00  0.10000000E+04
  0.82500000E+01  0.22500000E+01  0.00000000E+00  0.00000000E+00  0.10000000E+04  0.00000000E+00  0.12500000E+03  0.00000000E+00  0.69999999E+00  0.10000000E+04
  0.82500000E+01  0.27500000E+01  0.00000000E+00  0.00000000E+00  0.10000000E+04  0.00000000E+00  0.12500000E+03  0.00000000E+00  0.69999999E+00  0.10000000E+04
  0.82500000E+01  0.32500000E+01  0.00000000E+00  0.00000000E+00  0.10000000E+04  0.00000000E+00  0.12500000E+03  0.00000000E+00  0.69999999E+00  0.10000000E+04
  0.82500000E+01  0.37500000E+01  0.00000000E+00  0.00000000E+00  0.10000000E+04  0.00000000E+00  0.12500000E+03  0.00000000E+00  0.69999999E+00  0.10000000E+04
  0.50000000E+00  0.00000000E+00  0.00000000E+00  0.00000000E+00  0.10327784E+04  0.70992555E+05  0.12500000E+03  0.12612503E-01  0.69999999E+00  0.99998511E+03
  0.10000000E+01  0.00000000E+00  0.00000000E+00  0.00000000E+00  0.10634414E+04  0.15083203E+06  0.12500000E+03  0.73201167E-02  0.69999999E+00  0.99999109E+03
  0.15000000E+01  0.00000000E+00  0.00000000E+00  0.00000000E+00  0.10384777E+04  0.84788422E+05  0.12500000E+03  0.22115715E-01  0.69999999E+00  0.99997375E+03
  0.20000000E+01  0.00000000E+00  0.00000000E+00  0.00000000E+00  0.11401494E+04  0.42170794E+06  0.12500000E+03  0.25468374E-01  0.69999999E+00  0.99996680E+03
  0.25000000E+01  0.00000000E+00  0.00000000E+00  0.00000000E+00  0.10355804E+04  0.77718148E+05  0.12500000E+03  0.76956791E-02  0.69999999E+00  0.99999091E+03
  0.30000000E+01  0.00000000E+00  0.00000000E+00  0.00000000E+00  0.10330056E+04  0.71533602E+05  0.12500000E+03  0.94134230E-02  0.69999999E+00  0.99998889E+03
  0.35000000E+01  0.00000000E+00  0.00000000E+00  0.00000000E+00  0.10006903E+04  0.13572573E+04  0.12500000E+03  0.38760358E-02  0.69999999E+00  0.99999554E+03
  0.40000000E+01  0.00000000E+00  0.00000000E+00  0.00000000E+00  0.10000137E+04  0.26898298E+02  0.12500000E+03 -0.68247195E-04  0.69999999E+00  0.10000001E+04
  0.45000000E+01  0.00000000E+00  0.00000000E+00  0.00000000E+00  0.10000000E+04  0.00000000E+00  0.12500000E+03  0.17928213E-39  0.69999999E+00  0.10000000E+04
  0.50000000E+01  0.00000000E+00  0.00000000E+00  0.00000000E+00  0.10000000E+04  0.00000000E+00  0.12500000E+03 -0.35032462E-42  0.69999999E+00  0.10000000E+04
  0.55000000E+01  0.00000000E+00  0.00000000E+00  0.00000000E+00  0.10000000E+04  0.00000000E+00  0.12500000E+03  0.00000000E+00  0.69999999E+00  0.10000000E+04
  0.60000000E+01  0.00000000E+00  0.00000000E+00  0.00000000E+00  0.10000000E+04  0.00000000E+00  0.12500000E+03  0.00000000E+00  0.69999999E+00  0.10000000E+04
  0.65000000E+01  0.00000000E+00  0.00000000E+00  0.00000000E+00  0.10000000E+04  0.00000000E+00  0.12500000E+03  0.00000000E+00  0.69999999E+00  0.10000000E+04
  0.70000000E+01  0.00000000E+00  0.00000000E+00  0.00000000E+00  0.10000000E+04  0.00000000E+00  0.12500000E+03  0.00000000E+00  0.69999999E+00  0.10000000E+04
  0.75000000E+01  0.00000000E+00  0.00000000E+00  0.00000000E+00  0.10000000E+04  0.00000000E+00  0.12500000E+03  0.00000000E+00  0.69999999E+00  0.10000000E+04
  0.25000000E+00 -0.25000000E+00  0.00000000E+00  0.00000000E+00  0.10056365E+04  0.11247484E+05  0.12500000E+03  0.33251848E-02  0.69999999E+00  0.99999615E+03
  0.75000000E+00 -0.25000000E+00  0.00000000E+00  0.00000000E+00  0.10253201E+04  0.53614828E+05  0.12500000E+03  0.90260915E-02  0.69999999E+00  0.99998944E+03
  0.12500000E+01 -0.25000000E+00  0.00000000E+00  0.00000000E+00  0.10112350E+04  0.22800098E+05  0.12500000E+03  0.72259400E-02  0.69999999E+00  0.99999164E+03
  0.17500000E+01 -0.25000000E+00  0.00000000E+00  0.00000000E+00  0.10149407E+04  0.30660592E+05  0.12500000E+03  0.10984059E-01  0.69999999E+00  0.99998724E+03
  0.22500000E+01 -0.25000000E+00  0.00000000E+00  0.00000000E+00  0.10012620E+04  0.24853384E+04  0.12500000E+03  0.10863435E-01  0.69999999E+00  0.99998755E+03
  0.27500000E+01 -0.25000000E+00  0.00000000E+00  0.00000000E+00  0.10032391E+04  0.64173130E+04  0.12500000E+03  0.50509851E-02  0.69999999E+00  0.99999420E+03
  0.32500000E+01 -0.25000000E+00  0.00000000E+00  0.00000000E+00  0.10004817E+04  0.94651093E+03  0.12500000E+03  0.34966022E-02  0.69999999E+00  0.99999603E+03
  0.37500000E+01 -0.25000000E+00  0.00000000E+00  0.00000000E+00  0.10000070E+04  0.13565822E+02  0.12500000E+03 -0.15635355E-03  0.69999999E+00  0.10000002E+04
  0.42500000E+01 -0.25000000E+00  0.00000000E+00  0.00000000E+00  0.10000000E+04  0.00000000E+00  0.12500000E+03 -0.76543361E-36  0.69999999E+00  0.10000000E+04
  0.47500000E+01 -0.25000000E+00  0.00000000E+00  0.00000000E+00  0.10000000E+04  0.00000000E+00  0.12500000E+03 -0.41402764E-39  0.69999999E+00  0.10000000E+04
  0.52500000E+01 -0.25000000E+00  0.00000000E+00  0.00000000E+00  0.10000000E+04  0.00000000E+00  0.12500000E+03  0.00000000E+00  0.69999999E+00  0.10000000E+04
  0.57500000E+01 -0.25000000E+00  0.00000000E+00  0.00000000E+00  0.10000000E+04  0.00000000E+00  0.12500000E+03  0.00000000E+00  0.69999999E+00  0.10000000E+04
  0.62500000E+01 -0.25000000E+00  0.00000000E+00  0.00000000E+00  0.10000000E+04  0.00000000E+00  0.12500000E+03  0.00000000E+00  0.69999999E+00  0.10000000E+04
  0.67500000E+01 -0.25000000E+00  0.00000000E+00  0.00000000E+00  0.10000000E+04  0.00000000E+00  0.12500000E+03  0.00000000E+00  0.69999999E+00  0.10000000E+04
  0.72500000E+01 -0.25000000E+00  0.00000000E+00  0.00000000E+00  0.10000000E+04  0.00000000E+00  0.12500000E+03  0.00000000E+00  0.69999999E+00  0.10000000E+04
  0.77500000E+01 -0.25000000E+00  0.00000000E+00  0.00000000E+00  0.10000000E+04  0.00000000E+00  0.12500000E+03  0.00000000E+00  0.69999999E+00  0.10000000E+04
  0.40000000E+01  0.50000000E+00  0.00000000E+00  0.00000000E+00  0.10010397E+04  0.20461155E+04  0.12500000E+03 -0.35514653E-03  0.69999999E+00  0.10000004E+04
  0.37500000E+01  0.25000000E+00  0.00000000E+00  0.00000000E+00  0.10017162E+04  0.33844453E+04  0.12500000E+03 -0.17428142E-02  0.69999999E+00  0.10000020E+04
  0.40000000E+01  0.10000000E+01  0.00000000E+00  0.00000000E+00  0.10032996E+04  0.65382397E+04  0.12500000E+03 -0.12897825E-03  0.69999999E+00  0.10000001E+04
  0.37500000E+01  0.75000000E+00  0.00000000E+00  0.00000000E+00  0.10343284E+04  0.74699234E+05  0.12500000E+03  0.97513176E-03  0.69999999E+00  0.99999884E+03
  0.40000000E+01  0.15000000E+01  0.00000000E+00  0.00000000E+00  0.10001440E+04  0.28265955E+03  0.12500000E+03  0.42496220E-03  0.69999999E+00  0.99999951E+03
  0.37500000E+01  0.12500000E+01  0.00000000E+00  0.00000000E+00  0.10232286E+04  0.48876359E+05  0.12500000E+03  0.10141786E-02  0.69999999E+00  0.99999884E+03
  0.40000000E+01  0.20000000E+01  0.00000000E+00  0.00000000E+00  0.10010588E+04  0.20840093E+04  0.12500000E+03  0.32330409E-03  0.69999999E+00  0.99999963E+03
  0.37500000E+01  0.17500000E+01  0.00000000E+00  0.00000000E+00  0.10205890E+04  0.42978125E+05  0.12500000E+03  0.20590241E-02  0.69999999E+00  0.99999762E+03
  0.45000000E+01  0.50000000E+00  0.00000000E+00  0.00000000E+00  0.10000000E+04  0.00000000E+00  0.12500000E+03  0.12190540E-38  0.69999999E+00  0.10000000E+04
  0.42500000E+01  0.25000000E+00  0.00000000E+00  0.00000000E+00  0.10000018E+04  0.35083482E+01  0.12500000E+03 -0.74084828E-05  0.69999999E+00  0.10000000E+04
  0.45000000E+01  0.10000000E+01  0.00000000E+00  0.00000000E+00  0.10000000E+04  0.00000000E+00  0.12500000E+03 -0.97250113E-42  0.69999999E+00  0.10000000E+04
  0.42500000E+01  0.75000000E+00  0.00000000E+00  0.00000000E+00  0.10000944E+04  0.18529227E+03  0.12500000E+03 -0.12924058E-04  0.69999999E+00  0.10000000E+04
  0.45000000E+01  0.15000000E+01  0.00000000E+00  0.00000000E+00  0.10000000E+04  0.00000000E+00  0.12500000E+03 -0.29651476E-41  0.69999999E+00  0.10000000E+04
  0.42500000E+01  0.12500000E+01  0.00000000E+00  0.00000000E+00  0.10000066E+04  0.12864128E+02  0.12500000E+03  0.34267537E-05  0.69999999E+00  0.10000000E+04
  0.45000000E+01  0.20000000E+01  0.00000000E+00  0.00000000E+00  0.10000000E+04  0.00000000E+00  0.12500000E+03  0.28810696E-41  0.69999999E+00  0.10000000E+04
  0.42500000E+01  0.17500000E+01  0.00000000E+00  0.00000000E+00  0.10000031E+04  0.60811610E+01  0.12500000E+03 -0.35628464E-05  0.69999999E+00  0.10000000E+04
  0.50000000E+01  0.50000000E+00  0.00000000E+00  0.00000000E+00  0.10000000E+04  0.00000000E+00  0.12500000E+03  0.28306229E-42  0.69999999E+00  0.10000000E+04
  0.47500000E+01  0.25000000E+00  0.00000000E+00  0.00000000E+00  0.10000000E+04  0.00000000E+00  0.12500000E+03  0.40914552E-39  0.69999999E+00  0.10000000E+04
  0.50000000E+01  0.10000000E+01  0.00000000E+00  0.00000000E+00  0.10000000E+04  0.00000000E+00  0.12500000E+03  0.00000000E+00  0.69999999E+00  0.10000000E+04
  0.47500000E+01  0.75000000E+00  0.00000000E+00  0.00000000E+00  0.10000000E+04  0.00000000E+00  0.12500000E+03  0.35032462E-42  0.69999999E+00  0.10000000E+04
  0.50000000E+01  0.15000000E+01  0.00000000E+00  0.00000000E+00  0.10000000E+04  0.00000000E+00  0.12500000E+03 -0.20767243E-41  0.69999999E+00  0.10000000E+04
  0.47500000E+01  0.12500000E+01  0.00000000E+00  0.00000000E+00  0.10000000E+04  0.00000000E+00  0.12500000E+03 -0.19954490E-41  0.69999999E+00  0.10000000E+04
  0.50000000E+01  0.20000000E+01  0.00000000E+00  0.00000000E+00  0.10000000E+04  0.00000000E+00  0.12500000E+03  0.19702256E-41  0.69999999E+00  0.10000000E+04
  0.47500000E+01  0.17500000E+01  0.00000000E+00  0.00000000E+00  0.10000000E+04  0.00000000E+00  0.12500000E+03  0.00000000E+00  0.69999999E+00  0.10000000E+04
  0.26332610E+01  0.87082231E+00  0.30433941E+00 -0.43571839E+00  0.10043199E+04  0.85862930E+04  0.12576698E+03  0.12576674E+03  0.10000000E+01  0.00000000E+00
  0.84626317E+00  0.11229180E+01  0.51068466E-01  0.75752854E+00  0.10018081E+04  0.35666885E+04  0.12561582E+03  0.12561256E+03  0.10000000E+01  0.00000000E+00
  0.16347888E+01  0.91771328E+00  0.29947257E+00  0.39139980E+00  0.10072332E+04  0.14503355E+05  0.12546356E+03  0.12546333E+03  0.10000000E+01  0.00000000E+00
  0.17728653E+01  0.15797360E+01  0.11521026E+01  0.37594914E+00  0.10068544E+04  0.13728085E+05  0.12531018E+03  0.12531027E+03  0.10000000E+01  0.00000000E+00
  0.27761130E+01  0.14798311E+01  0.87953702E-01 -0.15961395E+00  0.99922211E+03 -0.15226831E+04  0.12515567E+03  0.12515567E+03  0.10000000E+01  0.00000000E+00
  0.23172431E+01  0.15146630E+01 -0.61767650E+00 -0.24341419E+00  0.10001576E+04  0.30934698E+03  0.12500000E+03  0.12500000E+03  0.10000000E+01  0.00000000E+00
  0.27968879E+01  0.96290171E+00 -0.21749052E+00 -0.18975602E+00  0.10036919E+04  0.73242539E+04  0.12576698E+03  0.12575461E+03  0.10000000E+01  0.00000000E+00
  0.88645315E+00  0.11125772E+01  0.19523432E-01 -0.41149801E+00  0.10013995E+04  0.27574080E+04  0.12561582E+03  0.12560624E+03  0.10000000E+01  0.00000000E+00
  0.10579517E+01  0.88169551E+00  0.49810243E+00 -0.51608300E+00  0.10026424E+04  0.52256543E+04  0.12546356E+03  0.12546037E+03  0.10000000E+01  0.00000000E+00
  0.26326835E+01  0.13291441E+01  0.11995008E+01 -0.14589229E+00  0.99635889E+03 -0.70663306E+04  0.12531018E+03  0.12531038E+03  0.10000000E+01  0.00000000E+00
  0.12155787E+01  0.86196542E+00 -0.31082988E+00 -0.14102808E+00  0.10059697E+04  0.11924298E+05  0.12515567E+03  0.12515535E+03  0.10000000E+01  0.00000000E+00
  0.66199613E+00  0.93894339E+00  0.30767217E+00 -0.48433453E+00  0.10123563E+04  0.25160422E+05  0.12500000E+03  0.12500000E+03  0.10000000E+01  0.00000000E+00
  0.20120118E+01  0.94950628E+00  0.22140372E+00  0.22192979E+00  0.10136011E+04  0.27799154E+05  0.12576698E+03  0.12575644E+03  0.10000000E+01  0.00000000E+00
  0.27513764E+01  0.90406179E+00 -0.28422883E+00 -0.23878041E+00  0.10032770E+04  0.64929170E+04  0.12561582E+03  0.12561059E+03  0.10000000E+01  0.00000000E+00
  0.27159729E+01  0.13672069E+01 -0.63630760E+00  0.17873293E+00  0.99814972E+03 -0.36102129E+04  0.12546356E+03  0.12546005E+03  0.10000000E+01  0.00000000E+00
  0.18633146E+01  0.97865057E+00 -0.10366848E+01 -0.24832737E+00  0.99571704E+03 -0.82959473E+04  0.12531018E+03  0.12531018E+03  0.10000000E+01  0.00000000E+00
  0.29536767E+01  0.89645660E+00 -0.28497063E-01  0.58050084E+00  0.10085470E+04  0.17205266E+05  0.12515567E+03  0.12515553E+03  0.10000000E+01  0.00000000E+00
  0.11440938E+01  0.17177958E+01  0.10492759E-01 -0.11979861E+01  0.99757697E+03 -0.47196021E+04  0.12500000E+03  0.12499989E+03  0.10000000E+01  0.00000000E+00
  0.10062497E+01  0.14986020E+01  0.72737440E-01 -0.67299622E+00  0.10020034E+04  0.39541995E+04  0.12576698E+03  0.12576566E+03  0.10000000E+01  0.00000000E+00
  0.26834774E+01  0.87354505E+00 -0.11277187E+01 -0.26542643E+00  0.10025862E+04  0.51135161E+04  0.12561582E+03  0.12561228E+03  0.10000000E+01  0.00000000E+00
  0.15708199E+01  0.12575657E+01  0.34916574E+00 -0.21493292E+00  0.10002351E+04  0.46155377E+03  0.12546356E+03  0.12546202E+03  0.10000000E+01  0.00000000E+00
  0.20813200E+01  0.10149682E+01  0.28346580E+00  0.76991111E-01  0.10080903E+04  0.16263820E+05  0.12531018E+03  0.12530890E+03  0.10000000E+01  0.00000000E+00
  0.13943011E+01  0.19697096E+01  0.14664335E+01 -0.61279911E+00  0.10076899E+04  0.15440009E+05  0.12515567E+03  0.12515567E+03  0.10000000E+01  0.00000000E+00
  0.13433392E+01  0.81804907E+00 -0.26201469E+00  0.66404358E-01  0.10103029E+04  0.20849930E+05  0.12500000E+03  0.12500012E+03  0.10000000E+01  0.00000000E+00
  0.10447793E+01  0.16506603E+01  0.67748111E+00 -0.69915551E+00  0.10029935E+04  0.59261846E+04  0.12561582E+03  0.12561399E+03  0.10000000E+01  0.00000000E+00
  0.12452396E+01  0.20466418E+01  0.20524018E+01 -0.57071757E+00  0.10061583E+04  0.12307978E+05  0.12531018E+03  0.12531004E+03  0.10000000E+01  0.00000000E+00
  0.19503496E+01  0.17889256E+01 -0.68986571E+00  0.13015521E+01  0.10082913E+04  0.16677691E+05  0.12500000E+03  0.12500000E+03  0.10000000E+01  0.00000000E+00
