  0.00000000E+00  0.00000000E+00  0.00000000E+00  0.00000000E+00  0.10045695E+04  0.90890225E+04  0.12500000E+03  0.74888236E-03  0.69999999E+00  0.99999915E+03
  0.00000000E+00  0.50000000E+00  0.00000000E+00  0.00000000E+00  0.10055857E+04  0.11144446E+05  0.12500000E+03  0.54991193E-03  0.69999999E+00  0.99999939E+03
  0.00000000E+00  0.10000000E+01  0.00000000E+00  0.00000000E+00  0.10056130E+04  0.11200073E+05  0.12500000E+03  0.99041057E-03  0.69999999E+00  0.99999884E+03
  0.00000000E+00  0.15000000E+01  0.00000000E+00  0.00000000E+00  0.10212377E+04  0.44418984E+05  0.12500000E+03  0.23694649E-03  0.69999999E+00  0.99999969E+03
  0.00000000E+00  0.20000000E+01  0.00000000E+00  0.00000000E+00  0.10059073E+04  0.11797550E+05  0.12500000E+03 -0.31668277E-03  0.69999999E+00  0.10000004E+04
  0.00000000E+00  0.25000000E+01  0.00000000E+00  0.00000000E+00  0.10002466E+04  0.48403955E+03  0.12500000E+03  0.71152863E-04  0.69999999E+00  0.99999994E+03
  0.00000000E+00  0.30000000E+01  0.00000000E+00  0.00000000E+00  0.10000000E+04  0.00000000E+00  0.12500000E+03  0.00000000E+00  0.69999999E+00  0.10000000E+04
  0.00000000E+00  0.35000000E+01  0.00000000E+00  0.00000000E+00  0.10000000E+04  0.00000000E+00  0.12500000E+03  0.00000000E+00  0.69999999E+00  0.10000000E+04
  0.00000000E+00  0.40000000E+01  0.00000000E+00  0.00000000E+00  0.10000000E+04  0.00000000E+00  0.12500000E+03  0.00000000E+00  0.69999999E+00  0.10000000E+04
 -0.25000000E+00 -0.25000000E+00  0.00000000E+00  0.00000000E+00  0.99999329E+03 -0.13214440E+02  0.12500000E+03  0.21134524E-03  0.69999999E+00  0.99999976E+03
 -0.25000000E+00  0.25000000E+00  0.00000000E+00  0.00000000E+00  0.10044554E+04  0.88593018E+04  0.12500000E+03  0.32584392E-03  0.69999999E+00  0.99999963E+03
 -0.25000000E+00  0.75000000E+00  0.00000000E+00  0.00000000E+00  0.10017167E+04  0.33856270E+04  0.12500000E+03  0.57327547E-04  0.69999999E+00  0.99999994E+03
 -0.25000000E+00  0.12500000E+01  0.00000000E+00  0.00000000E+00  0.10087830E+04  0.17692969E+05  0.12500000E+03  0.29501307E-03  0.69999999E+00  0.99999963E+03
 -0.25000000E+00  0.17500000E+01  0.00000000E+00  0.00000000E+00  0.10001616E+04  0.31730682E+03  0.12500000E+03 -0.10675416E-03  0.69999999E+00  0.10000001E+04
 -0.25000000E+00  0.22500000E+01  0.00000000E+00  0.00000000E+00  0.10004730E+04  0.92938812E+03  0.12500000E+03 -0.62706749E-04  0.69999999E+00  0.10000001E+04
 -0.25000000E+00  0.27500000E+01  0.00000000E+00  0.00000000E+00  0.10000000E+04  0.00000000E+00  0.12500000E+03  0.00000000E+00  0.69999999E+00  0.10000000E+04
 -0.25000000E+00  0.32500000E+01  0.00000000E+00  0.00000000E+00  0.10000000E+04  0.00000000E+00  0.12500000E+03  0.00000000E+00  0.69999999E+00  0.10000000E+04
 -0.25000000E+00  0.37500000E+01  0.00000000E+00  0.00000000E+00  0.10000000E+04  0.00000000E+00  0.12500000E+03  0.00000000E+00  0.69999999E+00  0.10000000E+04
  0.80000000E+01  0.00000000E+00  0.00000000E+00  0.00000000E+00  0.10000000E+04  0.00000000E+00  0.12500000E+03  0.00000000E+00  0.69999999E+00  0.10000000E+04
  0.80000000E+01  0.50000000E+00  0.00000000E+00  0.00000000E+00  0.10000000E+04  0.00000000E+00  0.12500000E+03  0.00000000E+00  0.69999999E+00  0.10000000E+04
  0.80000000E+01  0.10000000E+01  0.00000000E+00  0.00000000E+00  0.10000000E+04  0.00000000E+00  0.12500000E+03  0.00000000E+00  0.69999999E+00  0.10000000E+04
  0.80000000E+01  0.15000000E+01  0.00000000E+00  0.00000000E+00  0.10000000E+04  0.00000000E+00  0.12500000E+03  0.00000000E+00  0.69999999E+00  0.10000000E+04
  0.80000000E+01  0.20000000E+01  0.00000000E+00  0.00000000E+00  0.10000000E+04  0.00000000E+00  0.12500000E+03  0.00000000E+00  0.69999999E+00  0.10000000E+04
  0.80000000E+01  0.25000000E+01  0.00000000E+00  0.00000000E+00  0.10000000E+04  0.00000000E+00  0.12500000E+03  0.00000000E+00  0.69999999E+00  0.10000000E+04
  0.80000000E+01  0.30000000E+01  0.00000000E+00  0.00000000E+00  0.10000000E+04  0.00000000E+00  0.12500000E+03  0.00000000E+00  0.69999999E+00  0.10000000E+04
  0.80000000E+01  0.35000000E+01  0.00000000E+00  0.00000000E+00  0.10000000E+04  0.00000000E+00  0.12500000E+03  0.00000000E+00  0.69999999E+00  0.10000000E+04
  0.80000000E+01  0.40000000E+01  0.00000000E+00  0.00000000E+00  0.10000000E+04  0.00000000E+00  0.12500000E+03  0.00000000E+00  0.69999999E+00  0.10000000E+04
  0.82500000E+01 -0.25000000E+00  0.00000000E+00  0.00000000E+00  0.10000000E+04  0.00000000E+00  0.12500000E+03  0.00000000E+00  0.69999999E+00  0.10000000E+04
  0.82500000E+01  0.25000000E+00  0.00000000E+00  0.00000000E+00  0.10000000E+04  0.00000000E+00  0.12500000E+03  0.00000000E+00  0.69999999E+00  0.10000000E+04
  0.82500000E+01  0.75000000E+00  0.00000000E+00  0.00000000E+00  0.10000000E+04  0.00000000E+00  0.12500000E+03  0.00000000E+00  0.69999999E+00  0.10000000E+04
  0.82500000E+01  0.12500000E+01  0.00000000E+00  0.00000000E+00  0.10000000E+04  0.00000000E+00  0.12500000E+03  0.00000000E+00  0.69999999E+00  0.10000000E+04
  0.82500000E+01  0.17500000E+01  0.00000000E+00  0.00000000E+00  0.10000000E+04  0.00000000E+00  0.12500000E+03  0.00000000E+00  0.69999999E+00  0.10000000E+04
  0.82500000E+01  0.22500000E+01  0.00000000E+00  0.00000000E+00  0.10000000E+04  0.00000000E+00  0.12500000E+03  0.00000000E+00  0.69999999E+00  0.10000000E+04
  0.82500000E+01  0.27500000E+01  0.00000000E+00  0.00000000E+00  0.10000000E+04  0.00000000E+00  0.12500000E+03  0.00000000E+00  0.69999999E+00  0.10000000E+04
  0.82500000E+01  0.32500000E+01  0.00000000E+00  0.00000000E+00  0.10000000E+04  0.00000000E+00  0.12500000E+03  0.00000000E+00  0.69999999E+00  0.10000000E+04
  0.82500000E+01  0.37500000E+01  0.00000000E+00  0.00000000E+00  0.10000000E+04  0.00000000E+00  0.12500000E+03  0.00000000E+00  0.69999999E+00  0.10000000E+04
  0.50000000E+00  0.00000000E+00  0.00000000E+00  0.00000000E+00  0.10072113E+04  0.14458422E+05  0.12500000E+03  0.34923493E-02  0.69999999E+00  0.99999597E+03
  0.10000000E+01  0.00000000E+00  0.00000000E+00  0.00000000E+00  0.99619739E+03 -0.73761235E+04  0.12500000E+03  0.15557396E-02  0.69999999E+00  0.99999823E+03
  0.15000000E+01  0.00000000E+00  0.00000000E+00  0.00000000E+00  0.10008896E+04  0.17501765E+04  0.12500000E+03  0.51334230E-02  0.69999999E+00  0.99999414E+03
  0.20000000E+01  0.00000000E+00  0.00000000E+00  0.00000000E+00  0.10025023E+04  0.49465664E+04  0.12500000E+03  0.58689187E-02  0.69999999E+00  0.99999329E+03
  0.25000000E+01  0.00000000E+00  0.00000000E+00  0.00000000E+00  0.10163290E+04  0.33650188E+05  0.12500000E+03 -0.40154572E-03  0.69999999E+00  0.10000005E+04
  0.30000000E+01  0.00000000E+00  0.00000000E+00  0.00000000E+00  0.10151830E+04  0.31180709E+05  0.12500000E+03  0.71117375E-03  0.69999999E+00  0.99999921E+03
  0.35000000E+01  0.00000000E+00  0.00000000E+00  0.00000000E+00  0.10065729E+04  0.13153010E+05  0.12500000E+03  0.28327043E-03  0.69999999E+00  0.99999969E+03
  0.40000000E+01  0.00000000E+00  0.00000000E+00  0.00000000E+00  0.10000134E+04  0.26430483E+02  0.12500000E+03 -0.24179390E-04  0.69999999E+00  0.10000000E+04
  0.45000000E+01  0.00000000E+00  0.00000000E+00  0.00000000E+00  0.10000000E+04  0.00000000E+00  0.12500000E+03  0.00000000E+00  0.69999999E+00  0.10000000E+04
  0.50000000E+01  0.00000000E+00  0.00000000E+00  0.00000000E+00  0.10000000E+04  0.00000000E+00  0.12500000E+03  0.00000000E+00  0.69999999E+00  0.10000000E+04
  0.55000000E+01  0.00000000E+00  0.00000000E+00  0.00000000E+00  0.10000000E+04  0.00000000E+00  0.12500000E+03  0.00000000E+00  0.69999999E+00  0.10000000E+04
  0.60000000E+01  0.00000000E+00  0.00000000E+00  0.00000000E+00  0.10000000E+04  0.00000000E+00  0.12500000E+03  0.00000000E+00  0.69999999E+00  0.10000000E+04
  0.65000000E+01  0.00000000E+00  0.00000000E+00  0.00000000E+00  0.10000000E+04  0.00000000E+00  0.12500000E+03  0.00000000E+00  0.69999999E+00  0.10000000E+04
  0.70000000E+01  0.00000000E+00  0.00000000E+00  0.00000000E+00  0.10000000E+04  0.00000000E+00  0.12500000E+03  0.00000000E+00  0.69999999E+00  0.10000000E+04
  0.75000000E+01  0.00000000E+00  0.00000000E+00  0.00000000E+00  0.10000000E+04  0.00000000E+00  0.12500000E+03  0.00000000E+00  0.69999999E+00  0.10000000E+04
  0.25000000E+00 -0.25000000E+00  0.00000000E+00  0.00000000E+00  0.10017994E+04  0.35496655E+04  0.12500000E+03  0.11220027E-02  0.69999999E+00  0.99999872E+03
  0.75000000E+00 -0.25000000E+00  0.00000000E+00  0.00000000E+00  0.99879651E+03 -0.23527146E+04  0.12500000E+03  0.26009688E-02  0.69999999E+00  0.99999701E+03
  0.12500000E+01 -0.25000000E+00  0.00000000E+00  0.00000000E+00  0.10059951E+04  0.11976174E+05  0.12500000E+03  0.20463467E-02  0.69999999E+00  0.99999768E+03
  0.17500000E+01 -0.25000000E+00  0.00000000E+00  0.00000000E+00  0.10061962E+04  0.12385153E+05  0.12500000E+03  0.29919047E-02  0.69999999E+00  0.99999658E+03
  0.22500000E+01 -0.25000000E+00  0.00000000E+00  0.00000000E+00  0.10139583E+04  0.28559854E+05  0.12500000E+03  0.25790704E-02  0.69999999E+00  0.99999701E+03
  0.27500000E+01 -0.25000000E+00  0.00000000E+00  0.00000000E+00  0.10183568E+04  0.38061270E+05  0.12500000E+03  0.13337559E-03  0.69999999E+00  0.99999982E+03
  0.32500000E+01 -0.25000000E+00  0.00000000E+00  0.00000000E+00  0.10063693E+04  0.12737765E+05  0.12500000E+03  0.27380232E-03  0.69999999E+00  0.99999969E+03
  0.37500000E+01 -0.25000000E+00  0.00000000E+00  0.00000000E+00  0.10000066E+04  0.12864128E+02  0.12500000E+03 -0.31315314E-04  0.69999999E+00  0.10000001E+04
  0.42500000E+01 -0.25000000E+00  0.00000000E+00  0.00000000E+00  0.10000000E+04  0.00000000E+00  0.12500000E+03  0.00000000E+00  0.69999999E+00  0.10000000E+04
  0.47500000E+01 -0.25000000E+00  0.00000000E+00  0.00000000E+00  0.10000000E+04  0.00000000E+00  0.12500000E+03  0.00000000E+00  0.69999999E+00  0.10000000E+04
  0.52500000E+01 -0.25000000E+00  0.00000000E+00  0.00000000E+00  0.10000000E+04  0.00000000E+00  0.12500000E+03  0.00000000E+00  0.69999999E+00  0.10000000E+04
  0.57500000E+01 -0.25000000E+00  0.00000000E+00  0.00000000E+00  0.10000000E+04  0.00000000E+00  0.12500000E+03  0.00000000E+00  0.69999999E+00  0.10000000E+04
  0.62500000E+01 -0.25000000E+00  0.00000000E+00  0.00000000E+00  0.10000000E+04  0.00000000E+00  0.12500000E+03  0.00000000E+00  0.69999999E+00  0.10000000E+04
  0.67500000E+01 -0.25000000E+00  0.00000000E+00  0.00000000E+00  0.10000000E+04  0.00000000E+00  0.12500000E+03  0.00000000E+00  0.69999999E+00  0.10000000E+04
  0.72500000E+01 -0.25000000E+00  0.00000000E+00  0.00000000E+00  0.10000000E+04  0.00000000E+00  0.12500000E+03  0.00000000E+00  0.69999999E+00  0.10000000E+04
  0.77500000E+01 -0.25000000E+00  0.00000000E+00  0.00000000E+00  0.10000000E+04  0.00000000E+00  0.12500000E+03  0.00000000E+00  0.69999999E+00  0.10000000E+04
  0.40000000E+01  0.50000000E+00  0.00000000E+00  0.00000000E+00  0.10010214E+04  0.20101086E+04  0.12500000E+03 -0.34296510E-04  0.69999999E+00  0.10000001E+04
  0.37500000E+01  0.25000000E+00  0.00000000E+00  0.00000000E+00  0.10005081E+04  0.99835400E+03  0.12500000E+03 -0.14666776E-03  0.69999999E+00  0.10000002E+04
  0.40000000E+01  0.10000000E+01  0.00000000E+00  0.00000000E+00  0.99996985E+03 -0.59168468E+02  0.12500000E+03  0.11332270E-05  0.69999999E+00  0.10000000E+04
  0.37500000E+01  0.75000000E+00  0.00000000E+00  0.00000000E+00  0.10066530E+04  0.13316523E+05  0.12500000E+03  0.90085581E-04  0.69999999E+00  0.99999988E+03
  0.40000000E+01  0.15000000E+01  0.00000000E+00  0.00000000E+00  0.99992273E+03 -0.15152472E+03  0.12500000E+03  0.43393778E-04  0.69999999E+00  0.99999994E+03
  0.37500000E+01  0.12500000E+01  0.00000000E+00  0.00000000E+00  0.10126394E+04  0.25758885E+05  0.12500000E+03  0.13548404E-03  0.69999999E+00  0.99999982E+03
  0.40000000E+01  0.20000000E+01  0.00000000E+00  0.00000000E+00  0.10000315E+04  0.61752430E+02  0.12500000E+03  0.18745170E-04  0.69999999E+00  0.10000000E+04
  0.37500000E+01  0.17500000E+01  0.00000000E+00  0.00000000E+00  0.10055903E+04  0.11153878E+05  0.12500000E+03  0.13229744E-03  0.69999999E+00  0.99999988E+03
  0.45000000E+01  0.50000000E+00  0.00000000E+00  0.00000000E+00  0.10000000E+04  0.00000000E+00  0.12500000E+03  0.00000000E+00  0.69999999E+00  0.10000000E+04
  0.42500000E+01  0.25000000E+00  0.00000000E+00  0.00000000E+00  0.10000018E+04  0.35083482E+01  0.12500000E+03 -0.74084828E-05  0.69999999E+00  0.10000000E+04
  0.45000000E+01  0.10000000E+01  0.00000000E+00  0.00000000E+00  0.10000000E+04  0.00000000E+00  0.12500000E+03  0.00000000E+00  0.69999999E+00  0.10000000E+04
  0.42500000E+01  0.75000000E+00  0.00000000E+00  0.00000000E+00  0.10001102E+04  0.21641856E+03  0.12500000E+03 -0.17495760E-05  0.69999999E+00  0.10000000E+04
  0.45000000E+01  0.15000000E+01  0.00000000E+00  0.00000000E+00  0.10000000E+04  0.00000000E+00  0.12500000E+03  0.00000000E+00  0.69999999E+00  0.10000000E+04
  0.42500000E+01  0.12500000E+01  0.00000000E+00  0.00000000E+00  0.10000011E+04  0.21050045E+01  0.12500000E+03  0.48762436E-05  0.69999999E+00  0.10000000E+04
  0.45000000E+01  0.20000000E+01  0.00000000E+00  0.00000000E+00  0.10000000E+04  0.00000000E+00  0.12500000E+03  0.00000000E+00  0.69999999E+00  0.10000000E+04
  0.42500000E+01  0.17500000E+01  0.00000000E+00  0.00000000E+00  0.10000000E+04  0.00000000E+00  0.12500000E+03  0.00000000E+00  0.69999999E+00  0.10000000E+04
  0.50000000E+01  0.50000000E+00  0.00000000E+00  0.00000000E+00  0.10000000E+04  0.00000000E+00  0.12500000E+03  0.00000000E+00  0.69999999E+00  0.10000000E+04
  0.47500000E+01  0.25000000E+00  0.00000000E+00  0.00000000E+00  0.10000000E+04  0.00000000E+00  0.12500000E+03  0.00000000E+00  0.69999999E+00  0.10000000E+04
  0.50000000E+01  0.10000000E+01  0.00000000E+00  0.00000000E+00  0.10000000E+04  0.00000000E+00  0.12500000E+03  0.00000000E+00  0.69999999E+00  0.10000000E+04
  0.47500000E+01  0.75000000E+00  0.00000000E+00  0.00000000E+00  0.10000000E+04  0.00000000E+00  0.12500000E+03  0.00000000E+00  0.69999999E+00  0.10000000E+04
  0.50000000E+01  0.15000000E+01  0.00000000E+00  0.00000000E+00  0.10000000E+04  0.00000000E+00  0.12500000E+03  0.00000000E+00  0.69999999E+00  0.10000000E+04
  0.47500000E+01  0.12500000E+01  0.00000000E+00  0.00000000E+00  0.10000000E+04  0.00000000E+00  0.12500000E+03  0.00000000E+00  0.69999999E+00  0.10000000E+04
  0.50000000E+01  0.20000000E+01  0.00000000E+00  0.00000000E+00  0.10000000E+04  0.00000000E+00  0.12500000E+03  0.00000000E+00  0.69999999E+00  0.10000000E+04
  0.47500000E+01  0.17500000E+01  0.00000000E+00  0.00000000E+00  0.10000000E+04  0.00000000E+00  0.12500000E+03  0.00000000E+00  0.69999999E+00  0.10000000E+04
  0.74231076E+00  0.25552359E+00  0.31921566E+00  0.23749229E+00  0.99424091E+03 -0.11106033E+05  0.12576698E+03  0.12576698E+03  0.10000000E+01  0.00000000E+00
  0.51380336E+00  0.51205707E+00 -0.35762407E-01  0.80112100E-01  0.10066868E+04  0.13385650E+05  0.12561582E+03  0.12561321E+03  0.10000000E+01  0.00000000E+00
  0.70724785E+00  0.63988757E+00 -0.74180979E+00 -0.22432217E+00  0.10007802E+04  0.15343888E+04  0.12546356E+03  0.12546356E+03  0.10000000E+01  0.00000000E+00
  0.84304005E+00  0.82226896E+00  0.77781641E+00 -0.17061137E+00  0.10037872E+04  0.75156025E+04  0.12531018E+03  0.12531018E+03  0.10000000E+01  0.00000000E+00
  0.10897049E+01  0.11890104E+01  0.10074167E+01 -0.46418327E+00  0.10023528E+04  0.46489717E+04  0.12515567E+03  0.12515567E+03  0.10000000E+01  0.00000000E+00
  0.11921134E+01  0.14439945E+01  0.21440668E+01  0.87425423E+00  0.10012078E+04  0.23781282E+04  0.12500000E+03  0.12500000E+03  0.10000000E+01  0.00000000E+00
  0.13356073E+01  0.20656061E+00  0.44021755E+00 -0.17029434E+00  0.10012654E+04  0.24921726E+04  0.12576698E+03  0.12576323E+03  0.10000000E+01  0.00000000E+00
  0.10628480E+01  0.47565103E+00 -0.13892105E+00  0.37501913E+00  0.99386261E+03 -0.11822066E+05  0.12561582E+03  0.12561207E+03  0.10000000E+01  0.00000000E+00
  0.14166703E+01  0.63660026E+00  0.33828773E-01  0.65305173E-01  0.10021424E+04  0.42305601E+04  0.12546356E+03  0.12546356E+03  0.10000000E+01  0.00000000E+00
  0.11720597E+01  0.88503671E+00  0.78689128E-01 -0.58964479E+00  0.10002701E+04  0.53042133E+03  0.12531018E+03  0.12531018E+03  0.10000000E+01  0.00000000E+00
  0.15323510E+01  0.12076561E+01  0.49919826E+00  0.29215336E+00  0.10005215E+04  0.10248651E+04  0.12515567E+03  0.12515567E+03  0.10000000E+01  0.00000000E+00
  0.12564992E+01  0.15229440E+01  0.58422053E+00  0.17555009E+00  0.10042336E+04  0.84125654E+04  0.12500000E+03  0.12500000E+03  0.10000000E+01  0.00000000E+00
  0.19121509E+01  0.28413060E+00  0.23493579E+00  0.30436951E+00  0.99947833E+03 -0.10218963E+04  0.12576698E+03  0.12576323E+03  0.10000000E+01  0.00000000E+00
  0.16659515E+01  0.48522872E+00  0.55878973E+00  0.13361517E+00  0.10055530E+04  0.11078189E+05  0.12561582E+03  0.12561207E+03  0.10000000E+01  0.00000000E+00
  0.20812140E+01  0.71271098E+00  0.16030023E+01  0.17801186E+00  0.10055778E+04  0.11128485E+05  0.12546356E+03  0.12546356E+03  0.10000000E+01  0.00000000E+00
  0.17114921E+01  0.87220061E+00  0.43794912E+00 -0.44706351E+00  0.10049454E+04  0.98480156E+04  0.12531018E+03  0.12531018E+03  0.10000000E+01  0.00000000E+00
  0.19556291E+01  0.11028347E+01  0.74907827E+00  0.12382948E+00  0.10052827E+04  0.10530251E+05  0.12515567E+03  0.12515567E+03  0.10000000E+01  0.00000000E+00
  0.17388198E+01  0.14358742E+01  0.54961044E+00  0.55513787E+00  0.10048674E+04  0.96904941E+04  0.12500000E+03  0.12500000E+03  0.10000000E+01  0.00000000E+00
  0.21284199E+01  0.46239224E+00 -0.17848347E+01  0.14966072E+01  0.99651569E+03 -0.67651689E+04  0.12576698E+03  0.12576698E+03  0.10000000E+01  0.00000000E+00
  0.23674192E+01  0.50074941E+00  0.33412194E+00  0.72970062E-01  0.99614520E+03 -0.74762358E+04  0.12561582E+03  0.12561465E+03  0.10000000E+01  0.00000000E+00
  0.26836448E+01  0.52648807E+00  0.20363435E-01 -0.50187671E+00  0.10045634E+04  0.90770039E+04  0.12546356E+03  0.12546312E+03  0.10000000E+01  0.00000000E+00
  0.24424067E+01  0.87473798E+00  0.14184269E+01 -0.17589997E+00  0.99809332E+03 -0.37196011E+04  0.12531018E+03  0.12531018E+03  0.10000000E+01  0.00000000E+00
  0.27196760E+01  0.12060328E+01  0.48794025E+00  0.28239411E+00  0.10001752E+04  0.34376294E+03  0.12515567E+03  0.12515567E+03  0.10000000E+01  0.00000000E+00
  0.21753788E+01  0.13524270E+01  0.98307043E+00  0.16005557E+01  0.99950653E+03 -0.96674988E+03  0.12500000E+03  0.12500000E+03  0.10000000E+01  0.00000000E+00
  0.26018395E+01  0.11318760E+01 -0.18361602E+01  0.20267293E+01  0.10025010E+04  0.49439546E+04  0.12561582E+03  0.12561399E+03  0.10000000E+01  0.00000000E+00
  0.28782640E+01  0.90096903E+00 -0.74325645E+00  0.41991663E+00  0.10013320E+04  0.26239385E+04  0.12531018E+03  0.12531018E+03  0.10000000E+01  0.00000000E+00
  0.28050675E+01  0.15383730E+01 -0.14778737E+01  0.22002714E+01  0.10100768E+04  0.20378664E+05  0.12500000E+03  0.12500000E+03  0.10000000E+01  0.00000000E+00
