  0.00000000E+00  0.00000000E+00  0.00000000E+00  0.00000000E+00  0.10004601E+04  0.90382281E+03  0.12500000E+03  0.21319014E-02  0.69999999E+00  0.99999756E+03
  0.00000000E+00  0.50000000E+00  0.00000000E+00  0.00000000E+00  0.10069688E+04  0.13961849E+05  0.12500000E+03  0.21396410E-02  0.69999999E+00  0.99999756E+03
  0.00000000E+00  0.10000000E+01  0.00000000E+00  0.00000000E+00  0.10109460E+04  0.22194365E+05  0.12500000E+03  0.29318721E-02  0.69999999E+00  0.99999664E+03
  0.00000000E+00  0.15000000E+01  0.00000000E+00  0.00000000E+00  0.10121776E+04  0.24783215E+05  0.12500000E+03  0.10289829E-02  0.69999999E+00  0.99999884E+03
  0.00000000E+00  0.20000000E+01  0.00000000E+00  0.00000000E+00  0.10188168E+04  0.39069297E+05  0.12500000E+03 -0.10906933E-02  0.69999999E+00  0.10000013E+04
  0.00000000E+00  0.25000000E+01  0.00000000E+00  0.00000000E+00  0.10030736E+04  0.60862402E+04  0.12500000E+03  0.33517432E-03  0.69999999E+00  0.99999963E+03
  0.00000000E+00  0.30000000E+01  0.00000000E+00  0.00000000E+00  0.10000000E+04  0.00000000E+00  0.12500000E+03  0.60528782E-05  0.69999999E+00  0.10000000E+04
  0.00000000E+00  0.35000000E+01  0.00000000E+00  0.00000000E+00  0.10000000E+04  0.00000000E+00  0.12500000E+03  0.00000000E+00  0.69999999E+00  0.10000000E+04
  0.00000000E+00  0.40000000E+01  0.00000000E+00  0.00000000E+00  0.10000000E+04  0.00000000E+00  0.12500000E+03  0.00000000E+00  0.69999999E+00  0.10000000E+04
 -0.25000000E+00 -0.25000000E+00  0.00000000E+00  0.00000000E+00  0.10006414E+04  0.12607445E+04  0.12500000E+03  0.52005530E-03  0.69999999E+00  0.99999939E+03
 -0.25000000E+00  0.25000000E+00  0.00000000E+00  0.00000000E+00  0.10007863E+04  0.15463733E+04  0.12500000E+03  0.89295272E-03  0.69999999E+00  0.99999896E+03
 -0.25000000E+00  0.75000000E+00  0.00000000E+00  0.00000000E+00  0.10075558E+04  0.15164863E+05  0.12500000E+03  0.20756992E-03  0.69999999E+00  0.99999976E+03
 -0.25000000E+00  0.12500000E+01  0.00000000E+00  0.00000000E+00  0.10035529E+04  0.70455586E+04  0.12500000E+03  0.94167650E-03  0.69999999E+00  0.99999890E+03
 -0.25000000E+00  0.17500000E+01  0.00000000E+00  0.00000000E+00  0.10011863E+04  0.23357249E+04  0.12500000E+03 -0.26425504E-03  0.69999999E+00  0.10000003E+04
 -0.25000000E+00  0.22500000E+01  0.00000000E+00  0.00000000E+00  0.10012462E+04  0.24542319E+04  0.12500000E+03 -0.15003496E-03  0.69999999E+00  0.10000002E+04
 -0.25000000E+00  0.27500000E+01  0.00000000E+00  0.00000000E+00  0.10000000E+04  0.00000000E+00  0.12500000E+03  0.00000000E+00  0.69999999E+00  0.10000000E+04
 -0.25000000E+00  0.32500000E+01  0.00000000E+00  0.00000000E+00  0.10000000E+04  0.00000000E+00  0.12500000E+03  0.00000000E+00  0.69999999E+00  0.10000000E+04
 -0.25000000E+00  0.37500000E+01  0.00000000E+00  0.00000000E+00  0.10000000E+04  0.00000000E+00  0.12500000E+03  0.00000000E+00  0.69999999E+00  0.10000000E+04
  0.80000000E+01  0.00000000E+00  0.00000000E+00  0.00000000E+00  0.10000000E+04  0.00000000E+00  0.12500000E+03  0.00000000E+00  0.69999999E+00  0.10000000E+04
  0.80000000E+01  0.50000000E+00  0.00000000E+00  0.00000000E+00  0.10000000E+04  0.00000000E+00  0.12500000E+03  0.00000000E+00  0.69999999E+00  0.10000000E+04
  0.80000000E+01  0.10000000E+01  0.00000000E+00  0.00000000E+00  0.10000000E+04  0.00000000E+00  0.12500000E+03  0.00000000E+00  0.69999999E+00  0.10000000E+04
  0.80000000E+01  0.15000000E+01  0.00000000E+00  0.00000000E+00  0.10000000E+04  0.00000000E+00  0.12500000E+03  0.00000000E+00  0.69999999E+00  0.10000000E+04
  0.80000000E+01  0.20000000E+01  0.00000000E+00  0.00000000E+00  0.10000000E+04  0.00000000E+00  0.12500000E+03  0.00000000E+00  0.69999999E+00  0.10000000E+04
  0.80000000E+01  0.25000000E+01  0.00000000E+00  0.00000000E+00  0.10000000E+04  0.00000000E+00  0.12500000E+03  0.00000000E+00  0.69999999E+00  0.10000000E+04
  0.80000000E+01  0.30000000E+01  0.00000000E+00  0.00000000E+00  0.10000000E+04  0.00000000E+00  0.12500000E+03  0.00000000E+00  0.69999999E+00  0.10000000E+04
  0.80000000E+01  0.35000000E+01  0.00000000E+00  0.00000000E+00  0.10000000E+04  0.00000000E+00  0.12500000E+03  0.00000000E+00  0.69999999E+00  0.10000000E+04
  0.80000000E+01  0.40000000E+01  0.00000000E+00  0.00000000E+00  0.10000000E+04  0.00000000E+00  0.12500000E+03  0.00000000E+00  0.69999999E+00  0.10000000E+04
  0.82500000E+01 -0.25000000E+00  0.00000000E+00  0.00000000E+00  0.10000000E+04  0.00000000E+00  0.12500000E+03  0.00000000E+00  0.69999999E+00  0.10000000E+04
  0.82500000E+01  0.25000000E+00  0.00000000E+00  0.00000000E+00  0.10000000E+04  0.00000000E+00  0.12500000E+03  0.00000000E+00  0.69999999E+00  0.10000000E+04
  0.82500000E+01  0.75000000E+00  0.00000000E+00  0.00000000E+00  0.10000000E+04  0.00000000E+00  0.12500000E+03  0.00000000E+00  0.69999999E+00  0.10000000E+04
  0.82500000E+01  0.12500000E+01  0.00000000E+00  0.00000000E+00  0.10000000E+04  0.00000000E+00  0.12500000E+03  0.00000000E+00  0.69999999E+00  0.10000000E+04
  0.82500000E+01  0.17500000E+01  0.00000000E+00  0.00000000E+00  0.10000000E+04  0.00000000E+00  0.12500000E+03  0.00000000E+00  0.69999999E+00  0.10000000E+04
  0.82500000E+01  0.22500000E+01  0.00000000E+00  0.00000000E+00  0.10000000E+04  0.00000000E+00  0.12500000E+03  0.00000000E+00  0.69999999E+00  0.10000000E+04
  0.82500000E+01  0.27500000E+01  0.00000000E+00  0.00000000E+00  0.10000000E+04  0.00000000E+00  0.12500000E+03  0.00000000E+00  0.69999999E+00  0.10000000E+04
  0.82500000E+01  0.32500000E+01  0.00000000E+00  0.00000000E+00  0.10000000E+04  0.00000000E+00  0.12500000E+03  0.00000000E+00  0.69999999E+00  0.10000000E+04
  0.82500000E+01  0.37500000E+01  0.00000000E+00  0.00000000E+00  0.10000000E+04  0.00000000E+00  0.12500000E+03  0.00000000E+00  0.69999999E+00  0.10000000E+04
  0.50000000E+00  0.00000000E+00  0.00000000E+00  0.00000000E+00  0.10222137E+04  0.46597664E+05  0.12500000E+03  0.10449290E-01  0.69999999E+00  0.99998779E+03
  0.10000000E+01  0.00000000E+00  0.00000000E+00  0.00000000E+00  0.10425720E+04  0.94983922E+05  0.12500000E+03  0.52973148E-02  0.69999999E+00  0.99999371E+03
  0.15000000E+01  0.00000000E+00  0.00000000E+00  0.00000000E+00  0.10349209E+04  0.76125336E+05  0.12500000E+03  0.18713474E-01  0.69999999E+00  0.99997784E+03
  0.20000000E+01  0.00000000E+00  0.00000000E+00  0.00000000E+00  0.11526084E+04  0.47719819E+06  0.12500000E+03  0.21178408E-01  0.69999999E+00  0.99997211E+03
  0.25000000E+01  0.00000000E+00  0.00000000E+00  0.00000000E+00  0.10459977E+04  0.10370098E+06  0.12500000E+03  0.45227311E-02  0.69999999E+00  0.99999457E+03
  0.30000000E+01  0.00000000E+00  0.00000000E+00  0.00000000E+00  0.10452039E+04  0.10166545E+06  0.12500000E+03  0.62144520E-02  0.69999999E+00  0.99999255E+03
  0.35000000E+01  0.00000000E+00  0.00000000E+00  0.00000000E+00  0.10078921E+04  0.15855837E+05  0.12500000E+03  0.23828421E-02  0.69999999E+00  0.99999725E+03
  0.40000000E+01  0.00000000E+00  0.00000000E+00  0.00000000E+00  0.10000137E+04  0.26898298E+02  0.12500000E+03 -0.68247195E-04  0.69999999E+00  0.10000001E+04
  0.45000000E+01  0.00000000E+00  0.00000000E+00  0.00000000E+00  0.10000000E+04  0.00000000E+00  0.12500000E+03  0.57481263E-41  0.69999999E+00  0.10000000E+04
  0.50000000E+01  0.00000000E+00  0.00000000E+00  0.00000000E+00  0.10000000E+04  0.00000000E+00  0.12500000E+03  0.00000000E+00  0.69999999E+00  0.10000000E+04
  0.55000000E+01  0.00000000E+00  0.00000000E+00  0.00000000E+00  0.10000000E+04  0.00000000E+00  0.12500000E+03  0.00000000E+00  0.69999999E+00  0.10000000E+04
  0.60000000E+01  0.00000000E+00  0.00000000E+00  0.00000000E+00  0.10000000E+04  0.00000000E+00  0.12500000E+03  0.00000000E+00  0.69999999E+00  0.10000000E+04
  0.65000000E+01  0.00000000E+00  0.00000000E+00  0.00000000E+00  0.10000000E+04  0.00000000E+00  0.12500000E+03  0.00000000E+00  0.69999999E+00  0.10000000E+04
  0.70000000E+01  0.00000000E+00  0.00000000E+00  0.00000000E+00  0.10000000E+04  0.00000000E+00  0.12500000E+03  0.00000000E+00  0.69999999E+00  0.10000000E+04
  0.75000000E+01  0.00000000E+00  0.00000000E+00  0.00000000E+00  0.10000000E+04  0.00000000E+00  0.12500000E+03  0.00000000E+00  0.69999999E+00  0.10000000E+04
  0.25000000E+00 -0.25000000E+00  0.00000000E+00  0.00000000E+00  0.10053198E+04  0.10605576E+05  0.12500000E+03  0.29843189E-02  0.69999999E+00  0.99999658E+03
  0.75000000E+00 -0.25000000E+00  0.00000000E+00  0.00000000E+00  0.10233778E+04  0.49212324E+05  0.12500000E+03  0.76741935E-02  0.69999999E+00  0.99999103E+03
  0.12500000E+01 -0.25000000E+00  0.00000000E+00  0.00000000E+00  0.10110468E+04  0.22405404E+05  0.12500000E+03  0.61347941E-02  0.69999999E+00  0.99999292E+03
  0.17500000E+01 -0.25000000E+00  0.00000000E+00  0.00000000E+00  0.10164207E+04  0.33848457E+05  0.12500000E+03  0.94481353E-02  0.69999999E+00  0.99998901E+03
  0.22500000E+01 -0.25000000E+00  0.00000000E+00  0.00000000E+00  0.10023250E+04  0.45934692E+04  0.12500000E+03  0.88914502E-02  0.69999999E+00  0.99998981E+03
  0.27500000E+01 -0.25000000E+00  0.00000000E+00  0.00000000E+00  0.10053802E+04  0.10728016E+05  0.12500000E+03  0.30064161E-02  0.69999999E+00  0.99999652E+03
  0.32500000E+01 -0.25000000E+00  0.00000000E+00  0.00000000E+00  0.10008975E+04  0.17654609E+04  0.12500000E+03  0.22992035E-02  0.69999999E+00  0.99999738E+03
  0.37500000E+01 -0.25000000E+00  0.00000000E+00  0.00000000E+00  0.10000070E+04  0.13565822E+02  0.12500000E+03 -0.15635355E-03  0.69999999E+00  0.10000002E+04
  0.42500000E+01 -0.25000000E+00  0.00000000E+00  0.00000000E+00  0.10000000E+04  0.00000000E+00  0.12500000E+03 -0.17728455E-37  0.69999999E+00  0.10000000E+04
  0.47500000E+01 -0.25000000E+00  0.00000000E+00  0.00000000E+00  0.10000000E+04  0.00000000E+00  0.12500000E+03 -0.62077522E-41  0.69999999E+00  0.10000000E+04
  0.52500000E+01 -0.25000000E+00  0.00000000E+00  0.00000000E+00  0.10000000E+04  0.00000000E+00  0.12500000E+03  0.00000000E+00  0.69999999E+00  0.10000000E+04
  0.57500000E+01 -0.25000000E+00  0.00000000E+00  0.00000000E+00  0.10000000E+04  0.00000000E+00  0.12500000E+03  0.00000000E+00  0.69999999E+00  0.10000000E+04
  0.62500000E+01 -0.25000000E+00  0.00000000E+00  0.00000000E+00  0.10000000E+04  0.00000000E+00  0.12500000E+03  0.00000000E+00  0.69999999E+00  0.10000000E+04
  0.67500000E+01 -0.25000000E+00  0.00000000E+00  0.00000000E+00  0.10000000E+04  0.00000000E+00  0.12500000E+03  0.00000000E+00  0.69999999E+00  0.10000000E+04
  0.72500000E+01 -0.25000000E+00  0.00000000E+00  0.00000000E+00  0.10000000E+04  0.00000000E+00  0.12500000E+03  0.00000000E+00  0.69999999E+00  0.10000000E+04
  0.77500000E+01 -0.25000000E+00  0.00000000E+00  0.00000000E+00  0.10000000E+04  0.00000000E+00  0.12500000E+03  0.00000000E+00  0.69999999E+00  0.10000000E+04
  0.40000000E+01  0.50000000E+00  0.00000000E+00  0.00000000E+00  0.10024089E+04  0.47607163E+04  0.12500000E+03 -0.22622281E-03  0.69999999E+00  0.10000002E+04
  0.37500000E+01  0.25000000E+00  0.00000000E+00  0.00000000E+00  0.10087261E+04  0.17575414E+05  0.12500000E+03 -0.10455400E-02  0.69999999E+00  0.10000012E+04
  0.40000000E+01  0.10000000E+01  0.00000000E+00  0.00000000E+00  0.10062256E+04  0.12445110E+05  0.12500000E+03 -0.86472530E-04  0.69999999E+00  0.10000001E+04
  0.37500000E+01  0.75000000E+00  0.00000000E+00  0.00000000E+00  0.10701504E+04  0.17023486E+06  0.12500000E+03  0.78962941E-03  0.69999999E+00  0.99999902E+03
  0.40000000E+01  0.15000000E+01  0.00000000E+00  0.00000000E+00  0.10016990E+04  0.33504189E+04  0.12500000E+03  0.26310014E-03  0.69999999E+00  0.99999969E+03
  0.37500000E+01  0.12500000E+01  0.00000000E+00  0.00000000E+00  0.10650602E+04  0.15544672E+06  0.12500000E+03  0.57269383E-03  0.69999999E+00  0.99999933E+03
  0.40000000E+01  0.20000000E+01  0.00000000E+00  0.00000000E+00  0.10001813E+04  0.35593817E+03  0.12500000E+03  0.23027034E-03  0.69999999E+00  0.99999976E+03
  0.37500000E+01  0.17500000E+01  0.00000000E+00  0.00000000E+00  0.10313491E+04  0.67603297E+05  0.12500000E+03  0.12756998E-02  0.69999999E+00  0.99999847E+03
  0.45000000E+01  0.50000000E+00  0.00000000E+00  0.00000000E+00  0.10000000E+04  0.00000000E+00  0.12500000E+03  0.18867083E-40  0.69999999E+00  0.10000000E+04
  0.42500000E+01  0.25000000E+00  0.00000000E+00  0.00000000E+00  0.10000018E+04  0.35083482E+01  0.12500000E+03 -0.74084828E-05  0.69999999E+00  0.10000000E+04
  0.45000000E+01  0.10000000E+01  0.00000000E+00  0.00000000E+00  0.10000000E+04  0.00000000E+00  0.12500000E+03  0.00000000E+00  0.69999999E+00  0.10000000E+04
  0.42500000E+01  0.75000000E+00  0.00000000E+00  0.00000000E+00  0.10000944E+04  0.18529227E+03  0.12500000E+03 -0.89969271E-05  0.69999999E+00  0.10000000E+04
  0.45000000E+01  0.15000000E+01  0.00000000E+00  0.00000000E+00  0.10000000E+04  0.00000000E+00  0.12500000E+03 -0.00000000E+00  0.69999999E+00  0.10000000E+04
  0.42500000E+01  0.12500000E+01  0.00000000E+00  0.00000000E+00  0.10000066E+04  0.12864128E+02  0.12500000E+03  0.34267537E-05  0.69999999E+00  0.10000000E+04
  0.45000000E+01  0.20000000E+01  0.00000000E+00  0.00000000E+00  0.10000000E+04  0.00000000E+00  0.12500000E+03  0.00000000E+00  0.69999999E+00  0.10000000E+04
  0.42500000E+01  0.17500000E+01  0.00000000E+00  0.00000000E+00  0.10000031E+04  0.60811610E+01  0.12500000E+03  0.28991612E-05  0.69999999E+00  0.10000000E+04
  0.50000000E+01  0.50000000E+00  0.00000000E+00  0.00000000E+00  0.10000000E+04  0.00000000E+00  0.12500000E+03  0.00000000E+00  0.69999999E+00  0.10000000E+04
  0.47500000E+01  0.25000000E+00  0.00000000E+00  0.00000000E+00  0.10000000E+04  0.00000000E+00  0.12500000E+03  0.61376873E-41  0.69999999E+00  0.10000000E+04
  0.50000000E+01  0.10000000E+01  0.00000000E+00  0.00000000E+00  0.10000000E+04  0.00000000E+00  0.12500000E+03  0.00000000E+00  0.69999999E+00  0.10000000E+04
  0.47500000E+01  0.75000000E+00  0.00000000E+00  0.00000000E+00  0.10000000E+04  0.00000000E+00  0.12500000E+03  0.00000000E+00  0.69999999E+00  0.10000000E+04
  0.50000000E+01  0.15000000E+01  0.00000000E+00  0.00000000E+00  0.10000000E+04  0.00000000E+00  0.12500000E+03  0.00000000E+00  0.69999999E+00  0.10000000E+04
  0.47500000E+01  0.12500000E+01  0.00000000E+00  0.00000000E+00  0.10000000E+04  0.00000000E+00  0.12500000E+03  0.00000000E+00  0.69999999E+00  0.10000000E+04
  0.50000000E+01  0.20000000E+01  0.00000000E+00  0.00000000E+00  0.10000000E+04  0.00000000E+00  0.12500000E+03  0.00000000E+00  0.69999999E+00  0.10000000E+04
  0.47500000E+01  0.17500000E+01  0.00000000E+00  0.00000000E+00  0.10000000E+04  0.00000000E+00  0.12500000E+03 -0.00000000E+00  0.69999999E+00  0.10000000E+04
  0.27858713E+01  0.94829166E+00 -0.14169908E+00 -0.33540094E+00  0.10027825E+04  0.55049766E+04  0.12576698E+03  0.12576674E+03  0.10000000E+01  0.00000000E+00
  0.14177171E+01  0.10440365E+01  0.60172504E+00 -0.26836756E+00  0.10044426E+04  0.88333604E+04  0.12561582E+03  0.12561256E+03  0.10000000E+01  0.00000000E+00
  0.13747895E+01  0.15132040E+01  0.17207806E+01 -0.11325660E+01  0.10015575E+04  0.30700698E+04  0.12546356E+03  0.12546333E+03  0.10000000E+01  0.00000000E+00
  0.19155093E+01  0.15624985E+01  0.21945686E+01  0.47620703E-01  0.10183975E+04  0.38150234E+05  0.12531018E+03  0.12531027E+03  0.10000000E+01  0.00000000E+00
  0.24260726E+01  0.15890323E+01  0.11530181E+01  0.53833336E-01  0.10048455E+04  0.96461895E+04  0.12515567E+03  0.12515567E+03  0.10000000E+01  0.00000000E+00
  0.29039869E+01  0.14440072E+01  0.58836031E+00 -0.48078775E+00  0.10126086E+04  0.25693824E+05  0.12500000E+03  0.12500000E+03  0.10000000E+01  0.00000000E+00
  0.26478395E+01  0.89077878E+00 -0.90076171E-01 -0.15810683E+00  0.99918085E+03 -0.16032216E+04  0.12576698E+03  0.12575494E+03  0.10000000E+01  0.00000000E+00
  0.11751696E+01  0.10132005E+01 -0.65005310E-01 -0.26875392E+00  0.10022535E+04  0.44514346E+04  0.12561582E+03  0.12560624E+03  0.10000000E+01  0.00000000E+00
  0.10899208E+01  0.13444300E+01 -0.12831151E+00 -0.97532701E+00  0.10124271E+04  0.25310008E+05  0.12546356E+03  0.12546037E+03  0.10000000E+01  0.00000000E+00
  0.24873049E+01  0.13191801E+01  0.19637585E-01  0.15368621E+00  0.10084885E+04  0.17084676E+05  0.12531018E+03  0.12531038E+03  0.10000000E+01  0.00000000E+00
  0.11073788E+01  0.94033122E+00  0.52847755E+00 -0.38466677E+00  0.10047788E+04  0.95116250E+04  0.12515567E+03  0.12515567E+03  0.10000000E+01  0.00000000E+00
  0.72483063E+00  0.97177756E+00  0.16247812E+00 -0.44294637E-01  0.10102087E+04  0.20653492E+05  0.12500000E+03  0.12500000E+03  0.10000000E+01  0.00000000E+00
  0.20243838E+01  0.96415746E+00  0.30145681E+00 -0.14919075E+00  0.10054349E+04  0.10838659E+05  0.12576698E+03  0.12575644E+03  0.10000000E+01  0.00000000E+00
  0.24409392E+01  0.89139700E+00  0.74389875E+00 -0.21054560E+00  0.10086161E+04  0.17348057E+05  0.12561582E+03  0.12561089E+03  0.10000000E+01  0.00000000E+00
  0.27935572E+01  0.76301229E+00  0.86544764E+00  0.45909125E+00  0.10041378E+04  0.82199863E+04  0.12546356E+03  0.12546005E+03  0.10000000E+01  0.00000000E+00
  0.21116230E+01  0.11922826E+01  0.57606930E+00  0.14635990E+01  0.97906152E+03 -0.38588910E+05  0.12531018E+03  0.12531018E+03  0.10000000E+01  0.00000000E+00
  0.29800301E+01  0.83506370E+00 -0.77810198E-01 -0.33195585E+00  0.10198356E+04  0.41311379E+05  0.12515567E+03  0.12515553E+03  0.10000000E+01  0.00000000E+00
  0.15136249E+01  0.16690526E+01  0.16241407E+01 -0.17001784E+01  0.10087000E+04  0.17521455E+05  0.12500000E+03  0.12499989E+03  0.10000000E+01  0.00000000E+00
  0.92378557E+00  0.10638734E+01  0.63910469E-01  0.15274385E+00  0.10060858E+04  0.12160712E+05  0.12576698E+03  0.12576566E+03  0.10000000E+01  0.00000000E+00
  0.24120569E+01  0.88918757E+00  0.39547360E+00  0.44960953E-01  0.10082250E+04  0.16541072E+05  0.12561582E+03  0.12561221E+03  0.10000000E+01  0.00000000E+00
  0.28919759E+01  0.12550673E+01 -0.11919830E+01  0.20132723E+01  0.10117701E+04  0.23924602E+05  0.12546356E+03  0.12546202E+03  0.10000000E+01  0.00000000E+00
  0.19215276E+01  0.98970163E+00  0.11345308E+01 -0.87462115E+00  0.10004463E+04  0.87685242E+03  0.12531018E+03  0.12530890E+03  0.10000000E+01  0.00000000E+00
  0.10015628E+01  0.16592898E+01  0.13709560E+00 -0.78166914E+00  0.10098936E+04  0.19996848E+05  0.12515567E+03  0.12515567E+03  0.10000000E+01  0.00000000E+00
  0.14202416E+01  0.81619346E+00  0.14709072E+01 -0.70075117E-01  0.10155942E+04  0.32065055E+05  0.12500000E+03  0.12500012E+03  0.10000000E+01  0.00000000E+00
  0.13977242E+01  0.16558220E+01 -0.79259825E+00 -0.10459355E+01  0.10049005E+04  0.97572031E+04  0.12561582E+03  0.12561399E+03  0.10000000E+01  0.00000000E+00
  0.26537628E+01  0.18211787E+01 -0.10824744E+01  0.12369251E+01  0.10071127E+04  0.14256289E+05  0.12531018E+03  0.12531004E+03  0.10000000E+01  0.00000000E+00
  0.25475347E+01  0.19538608E+01  0.22401333E+01  0.10485569E+01  0.10023099E+04  0.45635874E+04  0.12500000E+03  0.12500000E+03  0.10000000E+01  0.00000000E+00
