  0.00000000E+00  0.00000000E+00  0.00000000E+00  0.00000000E+00  0.10005121E+04  0.10063306E+04  0.12500000E+03  0.21217975E-02  0.69999999E+00  0.99999756E+03
  0.00000000E+00  0.50000000E+00  0.00000000E+00  0.00000000E+00  0.10108787E+04  0.22053326E+05  0.12500000E+03  0.21078084E-02  0.69999999E+00  0.99999756E+03
  0.00000000E+00  0.10000000E+01  0.00000000E+00  0.00000000E+00  0.10168459E+04  0.34769797E+05  0.12500000E+03  0.29172434E-02  0.69999999E+00  0.99999658E+03
  0.00000000E+00  0.15000000E+01  0.00000000E+00  0.00000000E+00  0.10131719E+04  0.26887223E+05  0.12500000E+03  0.10209142E-02  0.69999999E+00  0.99999884E+03
  0.00000000E+00  0.20000000E+01  0.00000000E+00  0.00000000E+00  0.10199840E+04  0.41639133E+05  0.12500000E+03 -0.10891233E-02  0.69999999E+00  0.10000013E+04
  0.00000000E+00  0.25000000E+01  0.00000000E+00  0.00000000E+00  0.10030753E+04  0.60898140E+04  0.12500000E+03  0.32932003E-03  0.69999999E+00  0.99999963E+03
  0.00000000E+00  0.30000000E+01  0.00000000E+00  0.00000000E+00  0.10000000E+04  0.00000000E+00  0.12500000E+03  0.60528782E-05  0.69999999E+00  0.10000000E+04
  0.00000000E+00  0.35000000E+01  0.00000000E+00  0.00000000E+00  0.10000000E+04  0.00000000E+00  0.12500000E+03  0.00000000E+00  0.69999999E+00  0.10000000E+04
  0.00000000E+00  0.40000000E+01  0.00000000E+00  0.00000000E+00  0.10000000E+04  0.00000000E+00  0.12500000E+03  0.00000000E+00  0.69999999E+00  0.10000000E+04
 -0.25000000E+00 -0.25000000E+00  0.00000000E+00  0.00000000E+00  0.10006414E+04  0.12607445E+04  0.12500000E+03  0.52005530E-03  0.69999999E+00  0.99999939E+03
 -0.25000000E+00  0.25000000E+00  0.00000000E+00  0.00000000E+00  0.10008400E+04  0.16521378E+04  0.12500000E+03  0.88525476E-03  0.69999999E+00  0.99999896E+03
 -0.25000000E+00  0.75000000E+00  0.00000000E+00  0.00000000E+00  0.10088141E+04  0.17757309E+05  0.12500000E+03  0.19966468E-03  0.69999999E+00  0.99999976E+03
 -0.25000000E+00  0.12500000E+01  0.00000000E+00  0.00000000E+00  0.10042318E+04  0.84089668E+04  0.12500000E+03  0.93926239E-03  0.69999999E+00  0.99999890E+03
 -0.25000000E+00  0.17500000E+01  0.00000000E+00  0.00000000E+00  0.10011984E+04  0.23597527E+04  0.12500000E+03 -0.27072628E-03  0.69999999E+00  0.10000003E+04
 -0.25000000E+00  0.22500000E+01  0.00000000E+00  0.00000000E+00  0.10012462E+04  0.24542319E+04  0.12500000E+03 -0.15003496E-03  0.69999999E+00  0.10000002E+04
 -0.25000000E+00  0.27500000E+01  0.00000000E+00  0.00000000E+00  0.10000000E+04  0.00000000E+00  0.12500000E+03  0.00000000E+00  0.69999999E+00  0.10000000E+04
 -0.25000000E+00  0.32500000E+01  0.00000000E+00  0.00000000E+00  0.10000000E+04  0.00000000E+00  0.12500000E+03  0.00000000E+00  0.69999999E+00  0.10000000E+04
 -0.25000000E+00  0.37500000E+01  0.00000000E+00  0.00000000E+00  0.10000000E+04  0.00000000E+00  0.12500000E+03  0.00000000E+00  0.69999999E+00  0.10000000E+04
  0.80000000E+01  0.00000000E+00  0.00000000E+00  0.00000000E+00  0.10000000E+04  0.00000000E+00  0.12500000E+03  0.00000000E+00  0.69999999E+00  0.10000000E+04
  0.80000000E+01  0.50000000E+00  0.00000000E+00  0.00000000E+00  0.10000000E+04  0.00000000E+00  0.12500000E+03  0.00000000E+00  0.69999999E+00  0.10000000E+04
  0.80000000E+01  0.10000000E+01  0.00000000E+00  0.00000000E+00  0.10000000E+04  0.00000000E+00  0.12500000E+03  0.00000000E+00  0.69999999E+00  0.10000000E+04
  0.80000000E+01  0.15000000E+01  0.00000000E+00  0.00000000E+00  0.10000000E+04  0.00000000E+00  0.12500000E+03  0.00000000E+00  0.69999999E+00  0.10000000E+04
  0.80000000E+01  0.20000000E+01  0.00000000E+00  0.00000000E+00  0.10000000E+04  0.00000000E+00  0.12500000E+03  0.00000000E+00  0.69999999E+00  0.10000000E+04
  0.80000000E+01  0.25000000E+01  0.00000000E+00  0.00000000E+00  0.10000000E+04  0.00000000E+00  0.12500000E+03  0.00000000E+00  0.69999999E+00  0.10000000E+04
  0.80000000E+01  0.30000000E+01  0.00000000E+00  0.00000000E+00  0.10000000E+04  0.00000000E+00  0.12500000E+03  0.00000000E+00  0.69999999E+00  0.10000000E+04
  0.80000000E+01  0.35000000E+01  0.00000000E+00  0.00000000E+00  0.10000000E+04  0.00000000E+00  0.12500000E+03  0.00000000E+00  0.69999999E+00  0.10000000E+04
  0.80000000E+01  0.40000000E+01  0.00000000E+00  0.00000000E+00  0.10000000E+04  0.00000000E+00  0.12500000E+03  0.00000000E+00  0.69999999E+00  0.10000000E+04
  0.82500000E+01 -0.25000000E+00  0.00000000E+00  0.00000000E+00  0.10000000E+04  0.00000000E+00  0.12500000E+03  0.00000000E+00  0.69999999E+00  0.10000000E+04
  0.82500000E+01  0.25000000E+00  0.00000000E+00  0.00000000E+00  0.10000000E+04  0.00000000E+00  0.12500000E+03  0.00000000E+00  0.69999999E+00  0.10000000E+04
  0.82500000E+01  0.75000000E+00  0.00000000E+00  0.00000000E+00  0.10000000E+04  0.00000000E+00  0.12500000E+03  0.00000000E+00  0.69999999E+00  0.10000000E+04
  0.82500000E+01  0.12500000E+01  0.00000000E+00  0.00000000E+00  0.10000000E+04  0.00000000E+00  0.12500000E+03  0.00000000E+00  0.69999999E+00  0.10000000E+04
  0.82500000E+01  0.17500000E+01  0.00000000E+00  0.00000000E+00  0.10000000E+04  0.00000000E+00  0.12500000E+03  0.00000000E+00  0.69999999E+00  0.10000000E+04
  0.82500000E+01  0.22500000E+01  0.00000000E+00  0.00000000E+00  0.10000000E+04  0.00000000E+00  0.12500000E+03  0.00000000E+00  0.69999999E+00  0.10000000E+04
  0.82500000E+01  0.27500000E+01  0.00000000E+00  0.00000000E+00  0.10000000E+04  0.00000000E+00  0.12500000E+03  0.00000000E+00  0.69999999E+00  0.10000000E+04
  0.82500000E+01  0.32500000E+01  0.00000000E+00  0.00000000E+00  0.10000000E+04  0.00000000E+00  0.12500000E+03  0.00000000E+00  0.69999999E+00  0.10000000E+04
  0.82500000E+01  0.37500000E+01  0.00000000E+00  0.00000000E+00  0.10000000E+04  0.00000000E+00  0.12500000E+03  0.00000000E+00  0.69999999E+00  0.10000000E+04
  0.50000000E+00  0.00000000E+00  0.00000000E+00  0.00000000E+00  0.10235984E+04  0.49709961E+05  0.12500000E+03  0.10387363E-01  0.69999999E+00  0.99998785E+03
  0.10000000E+01  0.00000000E+00  0.00000000E+00  0.00000000E+00  0.10461741E+04  0.10415428E+06  0.12500000E+03  0.52281269E-02  0.69999999E+00  0.99999377E+03
  0.15000000E+01  0.00000000E+00  0.00000000E+00  0.00000000E+00  0.10317566E+04  0.68566812E+05  0.12500000E+03  0.18591210E-01  0.69999999E+00  0.99997809E+03
  0.20000000E+01  0.00000000E+00  0.00000000E+00  0.00000000E+00  0.11472102E+04  0.45271106E+06  0.12500000E+03  0.21028725E-01  0.69999999E+00  0.99997241E+03
  0.25000000E+01  0.00000000E+00  0.00000000E+00  0.00000000E+00  0.10406163E+04  0.90083820E+05  0.12500000E+03  0.43777707E-02  0.69999999E+00  0.99999481E+03
  0.30000000E+01  0.00000000E+00  0.00000000E+00  0.00000000E+00  0.10384128E+04  0.84628867E+05  0.12500000E+03  0.60845204E-02  0.69999999E+00  0.99999280E+03
  0.35000000E+01  0.00000000E+00  0.00000000E+00  0.00000000E+00  0.10066287E+04  0.13266877E+05  0.12500000E+03  0.23356273E-02  0.69999999E+00  0.99999731E+03
  0.40000000E+01  0.00000000E+00  0.00000000E+00  0.00000000E+00  0.10000137E+04  0.26898298E+02  0.12500000E+03 -0.68247195E-04  0.69999999E+00  0.10000001E+04
  0.45000000E+01  0.00000000E+00  0.00000000E+00  0.00000000E+00  0.10000000E+04  0.00000000E+00  0.12500000E+03  0.50783056E-41  0.69999999E+00  0.10000000E+04
  0.50000000E+01  0.00000000E+00  0.00000000E+00  0.00000000E+00  0.10000000E+04  0.00000000E+00  0.12500000E+03 -0.00000000E+00  0.69999999E+00  0.10000000E+04
  0.55000000E+01  0.00000000E+00  0.00000000E+00  0.00000000E+00  0.10000000E+04  0.00000000E+00  0.12500000E+03  0.00000000E+00  0.69999999E+00  0.10000000E+04
  0.60000000E+01  0.00000000E+00  0.00000000E+00  0.00000000E+00  0.10000000E+04  0.00000000E+00  0.12500000E+03  0.00000000E+00  0.69999999E+00  0.10000000E+04
  0.65000000E+01  0.00000000E+00  0.00000000E+00  0.00000000E+00  0.10000000E+04  0.00000000E+00  0.12500000E+03  0.00000000E+00  0.69999999E+00  0.10000000E+04
  0.70000000E+01  0.00000000E+00  0.00000000E+00  0.00000000E+00  0.10000000E+04  0.00000000E+00  0.12500000E+03  0.00000000E+00  0.69999999E+00  0.10000000E+04
  0.75000000E+01  0.00000000E+00  0.00000000E+00  0.00000000E+00  0.10000000E+04  0.00000000E+00  0.12500000E+03  0.00000000E+00  0.69999999E+00  0.10000000E+04
  0.25000000E+00 -0.25000000E+00  0.00000000E+00  0.00000000E+00  0.10053198E+04  0.10605576E+05  0.12500000E+03  0.29809605E-02  0.69999999E+00  0.99999658E+03
  0.75000000E+00 -0.25000000E+00  0.00000000E+00  0.00000000E+00  0.10234181E+04  0.49303148E+05  0.12500000E+03  0.76409425E-02  0.69999999E+00  0.99999109E+03
  0.12500000E+01 -0.25000000E+00  0.00000000E+00  0.00000000E+00  0.10114436E+04  0.23238053E+05  0.12500000E+03  0.60956199E-02  0.69999999E+00  0.99999298E+03
  0.17500000E+01 -0.25000000E+00  0.00000000E+00  0.00000000E+00  0.10162172E+04  0.33408488E+05  0.12500000E+03  0.94119981E-02  0.69999999E+00  0.99998907E+03
  0.22500000E+01 -0.25000000E+00  0.00000000E+00  0.00000000E+00  0.10023770E+04  0.46968916E+04  0.12500000E+03  0.88245682E-02  0.69999999E+00  0.99998987E+03
  0.27500000E+01 -0.25000000E+00  0.00000000E+00  0.00000000E+00  0.10054314E+04  0.10831652E+05  0.12500000E+03  0.29226572E-02  0.69999999E+00  0.99999664E+03
  0.32500000E+01 -0.25000000E+00  0.00000000E+00  0.00000000E+00  0.10006707E+04  0.13185079E+04  0.12500000E+03  0.22542975E-02  0.69999999E+00  0.99999744E+03
  0.37500000E+01 -0.25000000E+00  0.00000000E+00  0.00000000E+00  0.10000070E+04  0.13565822E+02  0.12500000E+03 -0.15635355E-03  0.69999999E+00  0.10000002E+04
  0.42500000E+01 -0.25000000E+00  0.00000000E+00  0.00000000E+00  0.10000000E+04  0.00000000E+00  0.12500000E+03 -0.15153123E-37  0.69999999E+00  0.10000000E+04
  0.47500000E+01 -0.25000000E+00  0.00000000E+00  0.00000000E+00  0.10000000E+04  0.00000000E+00  0.12500000E+03 -0.52604744E-41  0.69999999E+00  0.10000000E+04
  0.52500000E+01 -0.25000000E+00  0.00000000E+00  0.00000000E+00  0.10000000E+04  0.00000000E+00  0.12500000E+03  0.00000000E+00  0.69999999E+00  0.10000000E+04
  0.57500000E+01 -0.25000000E+00  0.00000000E+00  0.00000000E+00  0.10000000E+04  0.00000000E+00  0.12500000E+03  0.00000000E+00  0.69999999E+00  0.10000000E+04
  0.62500000E+01 -0.25000000E+00  0.00000000E+00  0.00000000E+00  0.10000000E+04  0.00000000E+00  0.12500000E+03  0.00000000E+00  0.69999999E+00  0.10000000E+04
  0.67500000E+01 -0.25000000E+00  0.00000000E+00  0.00000000E+00  0.10000000E+04  0.00000000E+00  0.12500000E+03  0.00000000E+00  0.69999999E+00  0.10000000E+04
  0.72500000E+01 -0.25000000E+00  0.00000000E+00  0.00000000E+00  0.10000000E+04  0.00000000E+00  0.12500000E+03  0.00000000E+00  0.69999999E+00  0.10000000E+04
  0.77500000E+01 -0.25000000E+00  0.00000000E+00  0.00000000E+00  0.10000000E+04  0.00000000E+00  0.12500000E+03  0.00000000E+00  0.69999999E+00  0.10000000E+04
  0.40000000E+01  0.50000000E+00  0.00000000E+00  0.00000000E+00  0.10022567E+04  0.44578354E+04  0.12500000E+03 -0.21831757E-03  0.69999999E+00  0.10000002E+04
  0.37500000E+01  0.25000000E+00  0.00000000E+00  0.00000000E+00  0.10075853E+04  0.15225308E+05  0.12500000E+03 -0.10195996E-02  0.69999999E+00  0.10000012E+04
  0.40000000E+01  0.10000000E+01  0.00000000E+00  0.00000000E+00  0.10065642E+04  0.13135495E+05  0.12500000E+03 -0.83485982E-04  0.69999999E+00  0.10000001E+04
  0.37500000E+01  0.75000000E+00  0.00000000E+00  0.00000000E+00  0.10689231E+04  0.16663064E+06  0.12500000E+03  0.78092900E-03  0.69999999E+00  0.99999902E+03
  0.40000000E+01  0.15000000E+01  0.00000000E+00  0.00000000E+00  0.10010930E+04  0.21515698E+04  0.12500000E+03  0.25292544E-03  0.69999999E+00  0.99999969E+03
  0.37500000E+01  0.12500000E+01  0.00000000E+00  0.00000000E+00  0.10609554E+04  0.14382659E+06  0.12500000E+03  0.55749010E-03  0.69999999E+00  0.99999933E+03
  0.40000000E+01  0.20000000E+01  0.00000000E+00  0.00000000E+00  0.10001656E+04  0.32526685E+03  0.12500000E+03  0.22524105E-03  0.69999999E+00  0.99999976E+03
  0.37500000E+01  0.17500000E+01  0.00000000E+00  0.00000000E+00  0.10275256E+04  0.58675266E+05  0.12500000E+03  0.12449797E-02  0.69999999E+00  0.99999854E+03
  0.45000000E+01  0.50000000E+00  0.00000000E+00  0.00000000E+00  0.10000000E+04  0.00000000E+00  0.12500000E+03  0.16061683E-40  0.69999999E+00  0.10000000E+04
  0.42500000E+01  0.25000000E+00  0.00000000E+00  0.00000000E+00  0.10000018E+04  0.35083482E+01  0.12500000E+03 -0.74084828E-05  0.69999999E+00  0.10000000E+04
  0.45000000E+01  0.10000000E+01  0.00000000E+00  0.00000000E+00  0.10000000E+04  0.00000000E+00  0.12500000E+03 -0.00000000E+00  0.69999999E+00  0.10000000E+04
  0.42500000E+01  0.75000000E+00  0.00000000E+00  0.00000000E+00  0.10000944E+04  0.18529227E+03  0.12500000E+03 -0.80372993E-05  0.69999999E+00  0.10000000E+04
  0.45000000E+01  0.15000000E+01  0.00000000E+00  0.00000000E+00  0.10000000E+04  0.00000000E+00  0.12500000E+03  0.00000000E+00  0.69999999E+00  0.10000000E+04
  0.42500000E+01  0.12500000E+01  0.00000000E+00  0.00000000E+00  0.10000066E+04  0.12864128E+02  0.12500000E+03  0.34267537E-05  0.69999999E+00  0.10000000E+04
  0.45000000E+01  0.20000000E+01  0.00000000E+00  0.00000000E+00  0.10000000E+04  0.00000000E+00  0.12500000E+03  0.00000000E+00  0.69999999E+00  0.10000000E+04
  0.42500000E+01  0.17500000E+01  0.00000000E+00  0.00000000E+00  0.10000031E+04  0.60811610E+01  0.12500000E+03  0.28991612E-05  0.69999999E+00  0.10000000E+04
  0.50000000E+01  0.50000000E+00  0.00000000E+00  0.00000000E+00  0.10000000E+04  0.00000000E+00  0.12500000E+03  0.00000000E+00  0.69999999E+00  0.10000000E+04
  0.47500000E+01  0.25000000E+00  0.00000000E+00  0.00000000E+00  0.10000000E+04  0.00000000E+00  0.12500000E+03  0.52016199E-41  0.69999999E+00  0.10000000E+04
  0.50000000E+01  0.10000000E+01  0.00000000E+00  0.00000000E+00  0.10000000E+04  0.00000000E+00  0.12500000E+03  0.00000000E+00  0.69999999E+00  0.10000000E+04
  0.47500000E+01  0.75000000E+00  0.00000000E+00  0.00000000E+00  0.10000000E+04  0.00000000E+00  0.12500000E+03  0.00000000E+00  0.69999999E+00  0.10000000E+04
  0.50000000E+01  0.15000000E+01  0.00000000E+00  0.00000000E+00  0.10000000E+04  0.00000000E+00  0.12500000E+03 -0.00000000E+00  0.69999999E+00  0.10000000E+04
  0.47500000E+01  0.12500000E+01  0.00000000E+00  0.00000000E+00  0.10000000E+04  0.00000000E+00  0.12500000E+03 -0.00000000E+00  0.69999999E+00  0.10000000E+04
  0.50000000E+01  0.20000000E+01  0.00000000E+00  0.00000000E+00  0.10000000E+04  0.00000000E+00  0.12500000E+03  0.00000000E+00  0.69999999E+00  0.10000000E+04
  0.47500000E+01  0.17500000E+01  0.00000000E+00  0.00000000E+00  0.10000000E+04  0.00000000E+00  0.12500000E+03  0.00000000E+00  0.69999999E+00  0.10000000E+04
  0.27695591E+01  0.95796287E+00  0.76776393E-01 -0.40395057E+00  0.10052314E+04  0.10426706E+05  0.12576698E+03  0.12576674E+03  0.10000000E+01  0.00000000E+00
  0.13799275E+01  0.10619036E+01  0.95256722E+00 -0.44775724E+00  0.10057894E+04  0.11557998E+05  0.12561582E+03  0.12561256E+03  0.10000000E+01  0.00000000E+00
  0.13003142E+01  0.15584773E+01  0.19008439E+01 -0.49127740E+00  0.10017477E+04  0.34470728E+04  0.12546356E+03  0.12546333E+03  0.10000000E+01  0.00000000E+00
  0.18156587E+01  0.15846306E+01  0.21290543E+01 -0.10025984E+01  0.10085870E+04  0.17287979E+05  0.12531018E+03  0.12531027E+03  0.10000000E+01  0.00000000E+00
  0.23715391E+01  0.15614420E+01  0.93631649E+00  0.69574481E+00  0.10019765E+04  0.39009431E+04  0.12515567E+03  0.12515567E+03  0.10000000E+01  0.00000000E+00
  0.28593554E+01  0.14632027E+01  0.14839499E+01 -0.85649741E+00  0.10025458E+04  0.50332368E+04  0.12500000E+03  0.12500000E+03  0.10000000E+01  0.00000000E+00
  0.26330166E+01  0.90335119E+00 -0.23147643E+00 -0.52838981E+00  0.10053179E+04  0.10601713E+05  0.12576698E+03  0.12575494E+03  0.10000000E+01  0.00000000E+00
  0.11616300E+01  0.10291872E+01  0.59759617E-01 -0.42208058E+00  0.10067709E+04  0.13557312E+05  0.12561582E+03  0.12560624E+03  0.10000000E+01  0.00000000E+00
  0.10780995E+01  0.13877320E+01 -0.21329899E+00 -0.81577051E+00  0.10048582E+04  0.96717119E+04  0.12546356E+03  0.12546037E+03  0.10000000E+01  0.00000000E+00
  0.24646542E+01  0.13134819E+01  0.19799432E+00 -0.54440540E+00  0.10081073E+04  0.16298680E+05  0.12531018E+03  0.12531038E+03  0.10000000E+01  0.00000000E+00
  0.10756756E+01  0.95633459E+00  0.73180330E+00 -0.41864821E+00  0.10082490E+04  0.16590701E+05  0.12515567E+03  0.12515567E+03  0.10000000E+01  0.00000000E+00
  0.70644701E+00  0.96235931E+00  0.27154052E+00  0.45784026E+00  0.10063373E+04  0.12672655E+05  0.12500000E+03  0.12500000E+03  0.10000000E+01  0.00000000E+00
  0.19860282E+01  0.98062027E+00  0.12045730E+01 -0.37354070E+00  0.10114844E+04  0.23323705E+05  0.12576698E+03  0.12575644E+03  0.10000000E+01  0.00000000E+00
  0.23979757E+01  0.90641582E+00  0.10701556E+01 -0.49577534E+00  0.10091210E+04  0.18392465E+05  0.12561582E+03  0.12561089E+03  0.10000000E+01  0.00000000E+00
  0.27539539E+01  0.75978959E+00  0.69677842E+00 -0.32455541E-01  0.10046134E+04  0.91777324E+04  0.12546356E+03  0.12546005E+03  0.10000000E+01  0.00000000E+00
  0.20846617E+01  0.11385592E+01  0.24795827E+00  0.17213891E+01  0.10053879E+04  0.10743475E+05  0.12531018E+03  0.12531018E+03  0.10000000E+01  0.00000000E+00
  0.29691920E+01  0.83422315E+00  0.45737952E+00  0.18426818E+00  0.10040656E+04  0.80747256E+04  0.12515567E+03  0.12515553E+03  0.10000000E+01  0.00000000E+00
  0.14319925E+01  0.17424433E+01  0.20596323E+01 -0.98094809E+00  0.99886798E+03 -0.22134780E+04  0.12500000E+03  0.12499989E+03  0.10000000E+01  0.00000000E+00
  0.91215777E+00  0.10587820E+01 -0.73330924E-01  0.33329171E+00  0.10060642E+04  0.12116568E+05  0.12576698E+03  0.12576566E+03  0.10000000E+01  0.00000000E+00
  0.23771048E+01  0.89909482E+00  0.81739032E+00 -0.30594534E+00  0.10094452E+04  0.19064908E+05  0.12561582E+03  0.12561221E+03  0.10000000E+01  0.00000000E+00
  0.29079089E+01  0.11932213E+01 -0.33828849E+00  0.15459948E+01  0.10044246E+04  0.87970928E+04  0.12546356E+03  0.12546202E+03  0.10000000E+01  0.00000000E+00
  0.18602505E+01  0.10319822E+01  0.17495186E+01 -0.12163514E+01  0.10083927E+04  0.16886902E+05  0.12531018E+03  0.12530890E+03  0.10000000E+01  0.00000000E+00
  0.97978222E+00  0.17102602E+01  0.21228856E+00 -0.76381552E+00  0.10076200E+04  0.15296534E+05  0.12515567E+03  0.12515567E+03  0.10000000E+01  0.00000000E+00
  0.13567939E+01  0.81568086E+00  0.14475143E+01  0.30843216E+00  0.10154161E+04  0.31681830E+05  0.12500000E+03  0.12500012E+03  0.10000000E+01  0.00000000E+00
  0.14033859E+01  0.17040169E+01 -0.47130990E+00 -0.37060386E+00  0.10006309E+04  0.12403184E+04  0.12561582E+03  0.12561399E+03  0.10000000E+01  0.00000000E+00
  0.26877756E+01  0.17580535E+01 -0.11446556E+01  0.13246911E+01  0.10035938E+04  0.71275176E+04  0.12531018E+03  0.12531004E+03  0.10000000E+01  0.00000000E+00
  0.24363606E+01  0.18937473E+01  0.22519774E+01  0.11011139E+01  0.10051657E+04  0.10293520E+05  0.12500000E+03  0.12500000E+03  0.10000000E+01  0.00000000E+00
