  0.00000000E+00  0.00000000E+00  0.00000000E+00  0.00000000E+00  0.10016647E+04  0.32823765E+04  0.12500000E+03  0.21645140E-02  0.69999999E+00  0.99999750E+03
  0.00000000E+00  0.50000000E+00  0.00000000E+00  0.00000000E+00  0.10300405E+04  0.64525258E+05  0.12500000E+03  0.22417256E-02  0.69999999E+00  0.99999738E+03
  0.00000000E+00  0.10000000E+01  0.00000000E+00  0.00000000E+00  0.10306483E+04  0.65952141E+05  0.12500000E+03  0.29794702E-02  0.69999999E+00  0.99999652E+03
  0.00000000E+00  0.15000000E+01  0.00000000E+00  0.00000000E+00  0.10107390E+04  0.21760943E+05  0.12500000E+03  0.10605361E-02  0.69999999E+00  0.99999878E+03
  0.00000000E+00  0.20000000E+01  0.00000000E+00  0.00000000E+00  0.10176595E+04  0.36538625E+05  0.12500000E+03 -0.10966524E-02  0.69999999E+00  0.10000013E+04
  0.00000000E+00  0.25000000E+01  0.00000000E+00  0.00000000E+00  0.10030736E+04  0.60862402E+04  0.12500000E+03  0.33517432E-03  0.69999999E+00  0.99999963E+03
  0.00000000E+00  0.30000000E+01  0.00000000E+00  0.00000000E+00  0.10000000E+04  0.00000000E+00  0.12500000E+03  0.60528782E-05  0.69999999E+00  0.10000000E+04
  0.00000000E+00  0.35000000E+01  0.00000000E+00  0.00000000E+00  0.10000000E+04  0.00000000E+00  0.12500000E+03  0.00000000E+00  0.69999999E+00  0.10000000E+04
  0.00000000E+00  0.40000000E+01  0.00000000E+00  0.00000000E+00  0.10000000E+04  0.00000000E+00  0.12500000E+03  0.00000000E+00  0.69999999E+00  0.10000000E+04
 -0.25000000E+00 -0.25000000E+00  0.00000000E+00  0.00000000E+00  0.10006414E+04  0.12607445E+04  0.12500000E+03  0.52005530E-03  0.69999999E+00  0.99999939E+03
 -0.25000000E+00  0.25000000E+00  0.00000000E+00  0.00000000E+00  0.10016508E+04  0.32549744E+04  0.12500000E+03  0.91688224E-03  0.69999999E+00  0.99999896E+03
 -0.25000000E+00  0.75000000E+00  0.00000000E+00  0.00000000E+00  0.10130490E+04  0.26626482E+05  0.12500000E+03  0.22915873E-03  0.69999999E+00  0.99999976E+03
 -0.25000000E+00  0.12500000E+01  0.00000000E+00  0.00000000E+00  0.10040834E+04  0.81104355E+04  0.12500000E+03  0.95379708E-03  0.69999999E+00  0.99999890E+03
 -0.25000000E+00  0.17500000E+01  0.00000000E+00  0.00000000E+00  0.10011799E+04  0.23232405E+04  0.12500000E+03 -0.24741539E-03  0.69999999E+00  0.10000003E+04
 -0.25000000E+00  0.22500000E+01  0.00000000E+00  0.00000000E+00  0.10012462E+04  0.24542319E+04  0.12500000E+03 -0.15003496E-03  0.69999999E+00  0.10000002E+04
 -0.25000000E+00  0.27500000E+01  0.00000000E+00  0.00000000E+00  0.10000000E+04  0.00000000E+00  0.12500000E+03  0.84077908E-43  0.69999999E+00  0.10000000E+04
 -0.25000000E+00  0.32500000E+01  0.00000000E+00  0.00000000E+00  0.10000000E+04  0.00000000E+00  0.12500000E+03  0.00000000E+00  0.69999999E+00  0.10000000E+04
 -0.25000000E+00  0.37500000E+01  0.00000000E+00  0.00000000E+00  0.10000000E+04  0.00000000E+00  0.12500000E+03  0.00000000E+00  0.69999999E+00  0.10000000E+04
  0.80000000E+01  0.00000000E+00  0.00000000E+00  0.00000000E+00  0.10000000E+04  0.00000000E+00  0.12500000E+03  0.00000000E+00  0.69999999E+00  0.10000000E+04
  0.80000000E+01  0.50000000E+00  0.00000000E+00  0.00000000E+00  0.10000000E+04  0.00000000E+00  0.12500000E+03  0.00000000E+00  0.69999999E+00  0.10000000E+04
  0.80000000E+01  0.10000000E+01  0.00000000E+00  0.00000000E+00  0.10000000E+04  0.00000000E+00  0.12500000E+03  0.00000000E+00  0.69999999E+00  0.10000000E+04
  0.80000000E+01  0.15000000E+01  0.00000000E+00  0.00000000E+00  0.10000000E+04  0.00000000E+00  0.12500000E+03  0.00000000E+00  0.69999999E+00  0.10000000E+04
  0.80000000E+01  0.20000000E+01  0.00000000E+00  0.00000000E+00  0.10000000E+04  0.00000000E+00  0.12500000E+03  0.00000000E+00  0.69999999E+00  0.10000000E+04
  0.80000000E+01  0.25000000E+01  0.00000000E+00  0.00000000E+00  0.10000000E+04  0.00000000E+00  0.12500000E+03  0.00000000E+00  0.69999999E+00  0.10000000E+04
  0.80000000E+01  0.30000000E+01  0.00000000E+00  0.00000000E+00  0.10000000E+04  0.00000000E+00  0.12500000E+03  0.00000000E+00  0.69999999E+00  0.10000000E+04
  0.80000000E+01  0.35000000E+01  0.00000000E+00  0.00000000E+00  0.10000000E+04  0.00000000E+00  0.12500000E+03  0.00000000E+00  0.69999999E+00  0.10000000E+04
  0.80000000E+01  0.40000000E+01  0.00000000E+00  0.00000000E+00  0.10000000E+04  0.00000000E+00  0.12500000E+03  0.00000000E+00  0.69999999E+00  0.10000000E+04
  0.82500000E+01 -0.25000000E+00  0.00000000E+00  0.00000000E+00  0.10000000E+04  0.00000000E+00  0.12500000E+03  0.00000000E+00  0.69999999E+00  0.10000000E+04
  0.82500000E+01  0.25000000E+00  0.00000000E+00  0.00000000E+00  0.10000000E+04  0.00000000E+00  0.12500000E+03  0.00000000E+00  0.69999999E+00  0.10000000E+04
  0.82500000E+01  0.75000000E+00  0.00000000E+00  0.00000000E+00  0.10000000E+04  0.00000000E+00  0.12500000E+03  0.00000000E+00  0.69999999E+00  0.10000000E+04
  0.82500000E+01  0.12500000E+01  0.00000000E+00  0.00000000E+00  0.10000000E+04  0.00000000E+00  0.12500000E+03  0.00000000E+00  0.69999999E+00  0.10000000E+04
  0.82500000E+01  0.17500000E+01  0.00000000E+00  0.00000000E+00  0.10000000E+04  0.00000000E+00  0.12500000E+03  0.00000000E+00  0.69999999E+00  0.10000000E+04
  0.82500000E+01  0.22500000E+01  0.00000000E+00  0.00000000E+00  0.10000000E+04  0.00000000E+00  0.12500000E+03  0.00000000E+00  0.69999999E+00  0.10000000E+04
  0.82500000E+01  0.27500000E+01  0.00000000E+00  0.00000000E+00  0.10000000E+04  0.00000000E+00  0.12500000E+03  0.00000000E+00  0.69999999E+00  0.10000000E+04
  0.82500000E+01  0.32500000E+01  0.00000000E+00  0.00000000E+00  0.10000000E+04  0.00000000E+00  0.12500000E+03  0.00000000E+00  0.69999999E+00  0.10000000E+04
  0.82500000E+01  0.37500000E+01  0.00000000E+00  0.00000000E+00  0.10000000E+04  0.00000000E+00  0.12500000E+03  0.00000000E+00  0.69999999E+00  0.10000000E+04
  0.50000000E+00  0.00000000E+00  0.00000000E+00  0.00000000E+00  0.10379869E+04  0.83582688E+05  0.12500000E+03  0.10638777E-01  0.69999999E+00  0.99998737E+03
  0.10000000E+01  0.00000000E+00  0.00000000E+00  0.00000000E+00  0.10561824E+04  0.13064954E+06  0.12500000E+03  0.55387844E-02  0.69999999E+00  0.99999335E+03
  0.15000000E+01  0.00000000E+00  0.00000000E+00  0.00000000E+00  0.10407695E+04  0.90465930E+05  0.12500000E+03  0.19074261E-01  0.69999999E+00  0.99997729E+03
  0.20000000E+01  0.00000000E+00  0.00000000E+00  0.00000000E+00  0.11517197E+04  0.47311931E+06  0.12500000E+03  0.21681389E-01  0.69999999E+00  0.99997144E+03
  0.25000000E+01  0.00000000E+00  0.00000000E+00  0.00000000E+00  0.10310765E+04  0.66960352E+05  0.12500000E+03  0.48539476E-02  0.69999999E+00  0.99999426E+03
  0.30000000E+01  0.00000000E+00  0.00000000E+00  0.00000000E+00  0.10467380E+04  0.10560736E+06  0.12500000E+03  0.65903887E-02  0.69999999E+00  0.99999213E+03
  0.35000000E+01  0.00000000E+00  0.00000000E+00  0.00000000E+00  0.10084415E+04  0.16987744E+05  0.12500000E+03  0.25309997E-02  0.69999999E+00  0.99999707E+03
  0.40000000E+01  0.00000000E+00  0.00000000E+00  0.00000000E+00  0.10000137E+04  0.26898298E+02  0.12500000E+03 -0.68247195E-04  0.69999999E+00  0.10000001E+04
  0.45000000E+01  0.00000000E+00  0.00000000E+00  0.00000000E+00  0.10000000E+04  0.00000000E+00  0.12500000E+03  0.86656297E-41  0.69999999E+00  0.10000000E+04
  0.50000000E+01  0.00000000E+00  0.00000000E+00  0.00000000E+00  0.10000000E+04  0.00000000E+00  0.12500000E+03 -0.00000000E+00  0.69999999E+00  0.10000000E+04
  0.55000000E+01  0.00000000E+00  0.00000000E+00  0.00000000E+00  0.10000000E+04  0.00000000E+00  0.12500000E+03  0.00000000E+00  0.69999999E+00  0.10000000E+04
  0.60000000E+01  0.00000000E+00  0.00000000E+00  0.00000000E+00  0.10000000E+04  0.00000000E+00  0.12500000E+03  0.00000000E+00  0.69999999E+00  0.10000000E+04
  0.65000000E+01  0.00000000E+00  0.00000000E+00  0.00000000E+00  0.10000000E+04  0.00000000E+00  0.12500000E+03  0.00000000E+00  0.69999999E+00  0.10000000E+04
  0.70000000E+01  0.00000000E+00  0.00000000E+00  0.00000000E+00  0.10000000E+04  0.00000000E+00  0.12500000E+03  0.00000000E+00  0.69999999E+00  0.10000000E+04
  0.75000000E+01  0.00000000E+00  0.00000000E+00  0.00000000E+00  0.10000000E+04  0.00000000E+00  0.12500000E+03  0.00000000E+00  0.69999999E+00  0.10000000E+04
  0.25000000E+00 -0.25000000E+00  0.00000000E+00  0.00000000E+00  0.10054508E+04  0.10871038E+05  0.12500000E+03  0.30108807E-02  0.69999999E+00  0.99999652E+03
  0.75000000E+00 -0.25000000E+00  0.00000000E+00  0.00000000E+00  0.10244688E+04  0.51679105E+05  0.12500000E+03  0.78036436E-02  0.69999999E+00  0.99999084E+03
  0.12500000E+01 -0.25000000E+00  0.00000000E+00  0.00000000E+00  0.10103564E+04  0.20961625E+05  0.12500000E+03  0.62789079E-02  0.69999999E+00  0.99999274E+03
  0.17500000E+01 -0.25000000E+00  0.00000000E+00  0.00000000E+00  0.10169497E+04  0.34994801E+05  0.12500000E+03  0.96023921E-02  0.69999999E+00  0.99998883E+03
  0.22500000E+01 -0.25000000E+00  0.00000000E+00  0.00000000E+00  0.10013708E+04  0.27008066E+04  0.12500000E+03  0.91733336E-02  0.69999999E+00  0.99998950E+03
  0.27500000E+01 -0.25000000E+00  0.00000000E+00  0.00000000E+00  0.10041320E+04  0.82079990E+04  0.12500000E+03  0.32642495E-02  0.69999999E+00  0.99999628E+03
  0.32500000E+01 -0.25000000E+00  0.00000000E+00  0.00000000E+00  0.10014371E+04  0.28319480E+04  0.12500000E+03  0.24360609E-02  0.69999999E+00  0.99999719E+03
  0.37500000E+01 -0.25000000E+00  0.00000000E+00  0.00000000E+00  0.10000070E+04  0.13565822E+02  0.12500000E+03 -0.15635355E-03  0.69999999E+00  0.10000002E+04
  0.42500000E+01 -0.25000000E+00  0.00000000E+00  0.00000000E+00  0.10000000E+04  0.00000000E+00  0.12500000E+03 -0.29185051E-37  0.69999999E+00  0.10000000E+04
  0.47500000E+01 -0.25000000E+00  0.00000000E+00  0.00000000E+00  0.10000000E+04  0.00000000E+00  0.12500000E+03 -0.10375214E-40  0.69999999E+00  0.10000000E+04
  0.52500000E+01 -0.25000000E+00  0.00000000E+00  0.00000000E+00  0.10000000E+04  0.00000000E+00  0.12500000E+03  0.00000000E+00  0.69999999E+00  0.10000000E+04
  0.57500000E+01 -0.25000000E+00  0.00000000E+00  0.00000000E+00  0.10000000E+04  0.00000000E+00  0.12500000E+03  0.00000000E+00  0.69999999E+00  0.10000000E+04
  0.62500000E+01 -0.25000000E+00  0.00000000E+00  0.00000000E+00  0.10000000E+04  0.00000000E+00  0.12500000E+03  0.00000000E+00  0.69999999E+00  0.10000000E+04
  0.67500000E+01 -0.25000000E+00  0.00000000E+00  0.00000000E+00  0.10000000E+04  0.00000000E+00  0.12500000E+03  0.00000000E+00  0.69999999E+00  0.10000000E+04
  0.72500000E+01 -0.25000000E+00  0.00000000E+00  0.00000000E+00  0.10000000E+04  0.00000000E+00  0.12500000E+03  0.00000000E+00  0.69999999E+00  0.10000000E+04
  0.77500000E+01 -0.25000000E+00  0.00000000E+00  0.00000000E+00  0.10000000E+04  0.00000000E+00  0.12500000E+03  0.00000000E+00  0.69999999E+00  0.10000000E+04
  0.40000000E+01  0.50000000E+00  0.00000000E+00  0.00000000E+00  0.10011300E+04  0.22245601E+04  0.12500000E+03 -0.25482470E-03  0.69999999E+00  0.10000003E+04
  0.37500000E+01  0.25000000E+00  0.00000000E+00  0.00000000E+00  0.10071981E+04  0.14431317E+05  0.12500000E+03 -0.11457880E-02  0.69999999E+00  0.10000013E+04
  0.40000000E+01  0.10000000E+01  0.00000000E+00  0.00000000E+00  0.10025306E+04  0.50030776E+04  0.12500000E+03 -0.95242940E-04  0.69999999E+00  0.10000001E+04
  0.37500000E+01  0.75000000E+00  0.00000000E+00  0.00000000E+00  0.10485076E+04  0.11019713E+06  0.12500000E+03  0.81066519E-03  0.69999999E+00  0.99999902E+03
  0.40000000E+01  0.15000000E+01  0.00000000E+00  0.00000000E+00  0.10010934E+04  0.21522761E+04  0.12500000E+03  0.28251694E-03  0.69999999E+00  0.99999969E+03
  0.37500000E+01  0.12500000E+01  0.00000000E+00  0.00000000E+00  0.10270656E+04  0.57614137E+05  0.12500000E+03  0.60842180E-03  0.69999999E+00  0.99999927E+03
  0.40000000E+01  0.20000000E+01  0.00000000E+00  0.00000000E+00  0.10007821E+04  0.15381487E+04  0.12500000E+03  0.24522317E-03  0.69999999E+00  0.99999969E+03
  0.37500000E+01  0.17500000E+01  0.00000000E+00  0.00000000E+00  0.10381885E+04  0.84077344E+05  0.12500000E+03  0.13562362E-02  0.69999999E+00  0.99999841E+03
  0.45000000E+01  0.50000000E+00  0.00000000E+00  0.00000000E+00  0.10000000E+04  0.00000000E+00  0.12500000E+03  0.31103221E-40  0.69999999E+00  0.10000000E+04
  0.42500000E+01  0.25000000E+00  0.00000000E+00  0.00000000E+00  0.10000018E+04  0.35083482E+01  0.12500000E+03 -0.74084828E-05  0.69999999E+00  0.10000000E+04
  0.45000000E+01  0.10000000E+01  0.00000000E+00  0.00000000E+00  0.10000000E+04  0.00000000E+00  0.12500000E+03 -0.00000000E+00  0.69999999E+00  0.10000000E+04
  0.42500000E+01  0.75000000E+00  0.00000000E+00  0.00000000E+00  0.10000944E+04  0.18529227E+03  0.12500000E+03 -0.10442676E-04  0.69999999E+00  0.10000000E+04
  0.45000000E+01  0.15000000E+01  0.00000000E+00  0.00000000E+00  0.10000000E+04  0.00000000E+00  0.12500000E+03  0.00000000E+00  0.69999999E+00  0.10000000E+04
  0.42500000E+01  0.12500000E+01  0.00000000E+00  0.00000000E+00  0.10000066E+04  0.12864128E+02  0.12500000E+03  0.34267537E-05  0.69999999E+00  0.10000000E+04
  0.45000000E+01  0.20000000E+01  0.00000000E+00  0.00000000E+00  0.10000000E+04  0.00000000E+00  0.12500000E+03  0.00000000E+00  0.69999999E+00  0.10000000E+04
  0.42500000E+01  0.17500000E+01  0.00000000E+00  0.00000000E+00  0.10000031E+04  0.60811610E+01  0.12500000E+03  0.28991612E-05  0.69999999E+00  0.10000000E+04
  0.50000000E+01  0.50000000E+00  0.00000000E+00  0.00000000E+00  0.10000000E+04  0.00000000E+00  0.12500000E+03  0.00000000E+00  0.69999999E+00  0.10000000E+04
  0.47500000E+01  0.25000000E+00  0.00000000E+00  0.00000000E+00  0.10000000E+04  0.00000000E+00  0.12500000E+03  0.10235084E-40  0.69999999E+00  0.10000000E+04
  0.50000000E+01  0.10000000E+01  0.00000000E+00  0.00000000E+00  0.10000000E+04  0.00000000E+00  0.12500000E+03  0.00000000E+00  0.69999999E+00  0.10000000E+04
  0.47500000E+01  0.75000000E+00  0.00000000E+00  0.00000000E+00  0.10000000E+04  0.00000000E+00  0.12500000E+03  0.00000000E+00  0.69999999E+00  0.10000000E+04
  0.50000000E+01  0.15000000E+01  0.00000000E+00  0.00000000E+00  0.10000000E+04  0.00000000E+00  0.12500000E+03 -0.00000000E+00  0.69999999E+00  0.10000000E+04
  0.47500000E+01  0.12500000E+01  0.00000000E+00  0.00000000E+00  0.10000000E+04  0.00000000E+00  0.12500000E+03 -0.00000000E+00  0.69999999E+00  0.10000000E+04
  0.50000000E+01  0.20000000E+01  0.00000000E+00  0.00000000E+00  0.10000000E+04  0.00000000E+00  0.12500000E+03  0.00000000E+00  0.69999999E+00  0.10000000E+04
  0.47500000E+01  0.17500000E+01  0.00000000E+00  0.00000000E+00  0.10000000E+04  0.00000000E+00  0.12500000E+03  0.00000000E+00  0.69999999E+00  0.10000000E+04
  0.27442300E+01  0.93488300E+00 -0.70788854E+00 -0.44308823E+00  0.99727325E+03 -0.53062871E+04  0.12576698E+03  0.12576674E+03  0.10000000E+01  0.00000000E+00
  0.14751011E+01  0.96504736E+00  0.56252107E-01 -0.54130405E-01  0.10019002E+04  0.37495051E+04  0.12561582E+03  0.12561256E+03  0.10000000E+01  0.00000000E+00
  0.15296361E+01  0.13088814E+01  0.87190402E+00 -0.15270958E+01  0.10018117E+04  0.35740181E+04  0.12546356E+03  0.12546333E+03  0.10000000E+01  0.00000000E+00
  0.21564503E+01  0.16935717E+01  0.13794591E+01  0.12175756E+01  0.10068101E+04  0.13637450E+05  0.12531018E+03  0.12531027E+03  0.10000000E+01  0.00000000E+00
  0.25456009E+01  0.17960685E+01  0.86379182E+00  0.13074630E+01  0.10076270E+04  0.15310977E+05  0.12515567E+03  0.12515567E+03  0.10000000E+01  0.00000000E+00
  0.29015570E+01  0.15270290E+01 -0.74961776E+00  0.48871005E+00  0.99807831E+03 -0.37487341E+04  0.12500000E+03  0.12500000E+03  0.10000000E+01  0.00000000E+00
  0.26545758E+01  0.93493104E+00  0.11508457E+00  0.66051519E+00  0.99585229E+03 -0.80372412E+04  0.12576698E+03  0.12575494E+03  0.10000000E+01  0.00000000E+00
  0.11305796E+01  0.93395805E+00 -0.73956382E+00  0.47544241E-01  0.99884485E+03 -0.22585420E+04  0.12561582E+03  0.12560624E+03  0.10000000E+01  0.00000000E+00
  0.10439868E+01  0.11768732E+01 -0.36331135E+00 -0.94647133E+00  0.99977917E+03 -0.43299173E+03  0.12546356E+03  0.12546037E+03  0.10000000E+01  0.00000000E+00
  0.24933140E+01  0.14230081E+01 -0.78277081E-01  0.58095670E+00  0.99515869E+03 -0.93618340E+04  0.12531018E+03  0.12531038E+03  0.10000000E+01  0.00000000E+00
  0.11020945E+01  0.85479152E+00 -0.40110904E+00 -0.82214847E-01  0.10007625E+04  0.14993778E+04  0.12515567E+03  0.12515567E+03  0.10000000E+01  0.00000000E+00
  0.67552209E+00  0.85290062E+00 -0.64881265E+00 -0.12191385E+01  0.10187710E+04  0.38968867E+05  0.12500000E+03  0.12500000E+03  0.10000000E+01  0.00000000E+00
  0.20180933E+01  0.10144891E+01 -0.60107678E+00  0.89232194E+00  0.10092271E+04  0.18612596E+05  0.12576698E+03  0.12575644E+03  0.10000000E+01  0.00000000E+00
  0.25222752E+01  0.93144655E+00  0.11985133E+01  0.50949270E+00  0.99990924E+03 -0.17805769E+03  0.12561582E+03  0.12561089E+03  0.10000000E+01  0.00000000E+00
  0.28524227E+01  0.87412417E+00  0.28822255E+00  0.14772053E+01  0.10006359E+04  0.12499443E+04  0.12546356E+03  0.12546005E+03  0.10000000E+01  0.00000000E+00
  0.21708333E+01  0.13319191E+01  0.52262604E+00  0.10947694E+01  0.99446783E+03 -0.10675583E+05  0.12531018E+03  0.12531018E+03  0.10000000E+01  0.00000000E+00
  0.29054327E+01  0.77581143E+00 -0.90166485E+00 -0.62519062E+00  0.10020241E+04  0.39953904E+04  0.12515567E+03  0.12515553E+03  0.10000000E+01  0.00000000E+00
  0.17100234E+01  0.14661033E+01  0.11767395E+01 -0.10968702E+01  0.10046546E+04  0.92609336E+04  0.12500000E+03  0.12499989E+03  0.10000000E+01  0.00000000E+00
  0.87920678E+00  0.99265850E+00 -0.42940104E+00 -0.23927462E+00  0.10045792E+04  0.91087334E+04  0.12576698E+03  0.12576566E+03  0.10000000E+01  0.00000000E+00
  0.24551883E+01  0.95475435E+00  0.61233902E+00  0.84318388E+00  0.10011498E+04  0.22638875E+04  0.12561582E+03  0.12561221E+03  0.10000000E+01  0.00000000E+00
  0.27390032E+01  0.15398052E+01 -0.15728481E+01  0.23624547E+01  0.99853015E+03 -0.28711614E+04  0.12546356E+03  0.12546202E+03  0.10000000E+01  0.00000000E+00
  0.19887826E+01  0.96338224E+00  0.10214763E-01  0.38301083E+00  0.10095894E+04  0.19364463E+05  0.12531018E+03  0.12530890E+03  0.10000000E+01  0.00000000E+00
  0.99207771E+00  0.14926324E+01  0.62892154E-01 -0.10427209E+01  0.10000928E+04  0.18225002E+03  0.12515567E+03  0.12515567E+03  0.10000000E+01  0.00000000E+00
  0.15644603E+01  0.80624366E+00  0.77898443E+00  0.64742440E+00  0.10142901E+04  0.29268166E+05  0.12500000E+03  0.12500012E+03  0.10000000E+01  0.00000000E+00
  0.13027210E+01  0.14402447E+01 -0.11538726E+01 -0.16813339E+01  0.99894952E+03 -0.20545427E+04  0.12561582E+03  0.12561399E+03  0.10000000E+01  0.00000000E+00
  0.25720105E+01  0.20436201E+01 -0.75217295E+00  0.70467496E+00  0.10016819E+04  0.33166321E+04  0.12531018E+03  0.12531004E+03  0.10000000E+01  0.00000000E+00
  0.28726170E+01  0.20799050E+01  0.17720528E+01 -0.27413666E+00  0.99726660E+03 -0.53191719E+04  0.12500000E+03  0.12500000E+03  0.10000000E+01  0.00000000E+00
