  0.00000000E+00  0.00000000E+00  0.00000000E+00  0.00000000E+00  0.10013616E+04  0.26824133E+04  0.12500000E+03  0.23720155E-02  0.69999999E+00  0.99999731E+03
  0.00000000E+00  0.50000000E+00  0.00000000E+00  0.00000000E+00  0.10172823E+04  0.35717559E+05  0.12500000E+03  0.29111686E-02  0.69999999E+00  0.99999664E+03
  0.00000000E+00  0.10000000E+01  0.00000000E+00  0.00000000E+00  0.10204552E+04  0.42681688E+05  0.12500000E+03  0.34276715E-02  0.69999999E+00  0.99999603E+03
  0.00000000E+00  0.15000000E+01  0.00000000E+00  0.00000000E+00  0.10171036E+04  0.35329203E+05  0.12500000E+03  0.11070259E-02  0.69999999E+00  0.99999872E+03
  0.00000000E+00  0.20000000E+01  0.00000000E+00  0.00000000E+00  0.10215565E+04  0.45129379E+05  0.12500000E+03 -0.14781319E-02  0.69999999E+00  0.10000017E+04
  0.00000000E+00  0.25000000E+01  0.00000000E+00  0.00000000E+00  0.10030890E+04  0.61169741E+04  0.12500000E+03  0.34485792E-03  0.69999999E+00  0.99999963E+03
  0.00000000E+00  0.30000000E+01  0.00000000E+00  0.00000000E+00  0.10000000E+04  0.00000000E+00  0.12500000E+03  0.60528782E-05  0.69999999E+00  0.10000000E+04
  0.00000000E+00  0.35000000E+01  0.00000000E+00  0.00000000E+00  0.10000000E+04  0.00000000E+00  0.12500000E+03  0.00000000E+00  0.69999999E+00  0.10000000E+04
  0.00000000E+00  0.40000000E+01  0.00000000E+00  0.00000000E+00  0.10000000E+04  0.00000000E+00  0.12500000E+03  0.00000000E+00  0.69999999E+00  0.10000000E+04
 -0.25000000E+00 -0.25000000E+00  0.00000000E+00  0.00000000E+00  0.10006414E+04  0.12607445E+04  0.12500000E+03  0.52005530E-03  0.69999999E+00  0.99999939E+03
 -0.25000000E+00  0.25000000E+00  0.00000000E+00  0.00000000E+00  0.10010253E+04  0.20178745E+04  0.12500000E+03  0.10439171E-02  0.69999999E+00  0.99999878E+03
 -0.25000000E+00  0.75000000E+00  0.00000000E+00  0.00000000E+00  0.10075856E+04  0.15225797E+05  0.12500000E+03  0.38362877E-03  0.69999999E+00  0.99999957E+03
 -0.25000000E+00  0.12500000E+01  0.00000000E+00  0.00000000E+00  0.10019139E+04  0.37767114E+04  0.12500000E+03  0.10651504E-02  0.69999999E+00  0.99999878E+03
 -0.25000000E+00  0.17500000E+01  0.00000000E+00  0.00000000E+00  0.10012264E+04  0.24151177E+04  0.12500000E+03 -0.36455912E-03  0.69999999E+00  0.10000004E+04
 -0.25000000E+00  0.22500000E+01  0.00000000E+00  0.00000000E+00  0.10012462E+04  0.24542319E+04  0.12500000E+03 -0.15003496E-03  0.69999999E+00  0.10000002E+04
 -0.25000000E+00  0.27500000E+01  0.00000000E+00  0.00000000E+00  0.10000000E+04  0.00000000E+00  0.12500000E+03  0.22869191E-41  0.69999999E+00  0.10000000E+04
 -0.25000000E+00  0.32500000E+01  0.00000000E+00  0.00000000E+00  0.10000000E+04  0.00000000E+00  0.12500000E+03  0.72307001E-42  0.69999999E+00  0.10000000E+04
 -0.25000000E+00  0.37500000E+01  0.00000000E+00  0.00000000E+00  0.10000000E+04  0.00000000E+00  0.12500000E+03  0.00000000E+00  0.69999999E+00  0.10000000E+04
  0.80000000E+01  0.00000000E+00  0.00000000E+00  0.00000000E+00  0.10000000E+04  0.00000000E+00  0.12500000E+03  0.00000000E+00  0.69999999E+00  0.10000000E+04
  0.80000000E+01  0.50000000E+00  0.00000000E+00  0.00000000E+00  0.10000000E+04  0.00000000E+00  0.12500000E+03  0.00000000E+00  0.69999999E+00  0.10000000E+04
  0.80000000E+01  0.10000000E+01  0.00000000E+00  0.00000000E+00  0.10000000E+04  0.00000000E+00  0.12500000E+03  0.00000000E+00  0.69999999E+00  0.10000000E+04
  0.80000000E+01  0.15000000E+01  0.00000000E+00  0.00000000E+00  0.10000000E+04  0.00000000E+00  0.12500000E+03  0.00000000E+00  0.69999999E+00  0.10000000E+04
  0.80000000E+01  0.20000000E+01  0.00000000E+00  0.00000000E+00  0.10000000E+04  0.00000000E+00  0.12500000E+03  0.00000000E+00  0.69999999E+00  0.10000000E+04
  0.80000000E+01  0.25000000E+01  0.00000000E+00  0.00000000E+00  0.10000000E+04  0.00000000E+00  0.12500000E+03  0.00000000E+00  0.69999999E+00  0.10000000E+04
  0.80000000E+01  0.30000000E+01  0.00000000E+00  0.00000000E+00  0.10000000E+04  0.00000000E+00  0.12500000E+03  0.00000000E+00  0.69999999E+00  0.10000000E+04
  0.80000000E+01  0.35000000E+01  0.00000000E+00  0.00000000E+00  0.10000000E+04  0.00000000E+00  0.12500000E+03  0.00000000E+00  0.69999999E+00  0.10000000E+04
  0.80000000E+01  0.40000000E+01  0.00000000E+00  0.00000000E+00  0.10000000E+04  0.00000000E+00  0.12500000E+03  0.00000000E+00  0.69999999E+00  0.10000000E+04
  0.82500000E+01 -0.25000000E+00  0.00000000E+00  0.00000000E+00  0.10000000E+04  0.00000000E+00  0.12500000E+03  0.00000000E+00  0.69999999E+00  0.10000000E+04
  0.82500000E+01  0.25000000E+00  0.00000000E+00  0.00000000E+00  0.10000000E+04  0.00000000E+00  0.12500000E+03  0.00000000E+00  0.69999999E+00  0.10000000E+04
  0.82500000E+01  0.75000000E+00  0.00000000E+00  0.00000000E+00  0.10000000E+04  0.00000000E+00  0.12500000E+03  0.00000000E+00  0.69999999E+00  0.10000000E+04
  0.82500000E+01  0.12500000E+01  0.00000000E+00  0.00000000E+00  0.10000000E+04  0.00000000E+00  0.12500000E+03  0.00000000E+00  0.69999999E+00  0.10000000E+04
  0.82500000E+01  0.17500000E+01  0.00000000E+00  0.00000000E+00  0.10000000E+04  0.00000000E+00  0.12500000E+03  0.00000000E+00  0.69999999E+00  0.10000000E+04
  0.82500000E+01  0.22500000E+01  0.00000000E+00  0.00000000E+00  0.10000000E+04  0.00000000E+00  0.12500000E+03  0.00000000E+00  0.69999999E+00  0.10000000E+04
  0.82500000E+01  0.27500000E+01  0.00000000E+00  0.00000000E+00  0.10000000E+04  0.00000000E+00  0.12500000E+03  0.00000000E+00  0.69999999E+00  0.10000000E+04
  0.82500000E+01  0.32500000E+01  0.00000000E+00  0.00000000E+00  0.10000000E+04  0.00000000E+00  0.12500000E+03  0.00000000E+00  0.69999999E+00  0.10000000E+04
  0.82500000E+01  0.37500000E+01  0.00000000E+00  0.00000000E+00  0.10000000E+04  0.00000000E+00  0.12500000E+03  0.00000000E+00  0.69999999E+00  0.10000000E+04
  0.50000000E+00  0.00000000E+00  0.00000000E+00  0.00000000E+00  0.10371559E+04  0.81548109E+05  0.12500000E+03  0.11883777E-01  0.69999999E+00  0.99998590E+03
  0.10000000E+01  0.00000000E+00  0.00000000E+00  0.00000000E+00  0.10506599E+04  0.11584275E+06  0.12500000E+03  0.68544797E-02  0.69999999E+00  0.99999176E+03
  0.15000000E+01  0.00000000E+00  0.00000000E+00  0.00000000E+00  0.10435728E+04  0.97512734E+05  0.12500000E+03  0.21063283E-01  0.69999999E+00  0.99997485E+03
  0.20000000E+01  0.00000000E+00  0.00000000E+00  0.00000000E+00  0.11472075E+04  0.45269881E+06  0.12500000E+03  0.24215201E-01  0.69999999E+00  0.99996826E+03
  0.25000000E+01  0.00000000E+00  0.00000000E+00  0.00000000E+00  0.10347101E+04  0.75617273E+05  0.12500000E+03  0.67229788E-02  0.69999999E+00  0.99999207E+03
  0.30000000E+01  0.00000000E+00  0.00000000E+00  0.00000000E+00  0.10378379E+04  0.83216898E+05  0.12500000E+03  0.84605813E-02  0.69999999E+00  0.99998999E+03
  0.35000000E+01  0.00000000E+00  0.00000000E+00  0.00000000E+00  0.10039340E+04  0.78100137E+04  0.12500000E+03  0.34157198E-02  0.69999999E+00  0.99999609E+03
  0.40000000E+01  0.00000000E+00  0.00000000E+00  0.00000000E+00  0.10000137E+04  0.26898298E+02  0.12500000E+03 -0.68247195E-04  0.69999999E+00  0.10000001E+04
  0.45000000E+01  0.00000000E+00  0.00000000E+00  0.00000000E+00  0.10000000E+04  0.00000000E+00  0.12500000E+03  0.66012368E-40  0.69999999E+00  0.10000000E+04
  0.50000000E+01  0.00000000E+00  0.00000000E+00  0.00000000E+00  0.10000000E+04  0.00000000E+00  0.12500000E+03  0.00000000E+00  0.69999999E+00  0.10000000E+04
  0.55000000E+01  0.00000000E+00  0.00000000E+00  0.00000000E+00  0.10000000E+04  0.00000000E+00  0.12500000E+03  0.00000000E+00  0.69999999E+00  0.10000000E+04
  0.60000000E+01  0.00000000E+00  0.00000000E+00  0.00000000E+00  0.10000000E+04  0.00000000E+00  0.12500000E+03  0.00000000E+00  0.69999999E+00  0.10000000E+04
  0.65000000E+01  0.00000000E+00  0.00000000E+00  0.00000000E+00  0.10000000E+04  0.00000000E+00  0.12500000E+03  0.00000000E+00  0.69999999E+00  0.10000000E+04
  0.70000000E+01  0.00000000E+00  0.00000000E+00  0.00000000E+00  0.10000000E+04  0.00000000E+00  0.12500000E+03  0.00000000E+00  0.69999999E+00  0.10000000E+04
  0.75000000E+01  0.00000000E+00  0.00000000E+00  0.00000000E+00  0.10000000E+04  0.00000000E+00  0.12500000E+03  0.00000000E+00  0.69999999E+00  0.10000000E+04
  0.25000000E+00 -0.25000000E+00  0.00000000E+00  0.00000000E+00  0.10056285E+04  0.11231519E+05  0.12500000E+03  0.32186541E-02  0.69999999E+00  0.99999628E+03
  0.75000000E+00 -0.25000000E+00  0.00000000E+00  0.00000000E+00  0.10253308E+04  0.53639285E+05  0.12500000E+03  0.85502807E-02  0.69999999E+00  0.99998999E+03
  0.12500000E+01 -0.25000000E+00  0.00000000E+00  0.00000000E+00  0.10098721E+04  0.19952189E+05  0.12500000E+03  0.69495952E-02  0.69999999E+00  0.99999200E+03
  0.17500000E+01 -0.25000000E+00  0.00000000E+00  0.00000000E+00  0.10157386E+04  0.32375982E+05  0.12500000E+03  0.10505624E-01  0.69999999E+00  0.99998779E+03
  0.22500000E+01 -0.25000000E+00  0.00000000E+00  0.00000000E+00  0.10014381E+04  0.28338354E+04  0.12500000E+03  0.10325653E-01  0.69999999E+00  0.99998816E+03
  0.27500000E+01 -0.25000000E+00  0.00000000E+00  0.00000000E+00  0.10054585E+04  0.10886504E+05  0.12500000E+03  0.44414336E-02  0.69999999E+00  0.99999487E+03
  0.32500000E+01 -0.25000000E+00  0.00000000E+00  0.00000000E+00  0.10010626E+04  0.20915415E+04  0.12500000E+03  0.30839895E-02  0.69999999E+00  0.99999646E+03
  0.37500000E+01 -0.25000000E+00  0.00000000E+00  0.00000000E+00  0.10000070E+04  0.13565822E+02  0.12500000E+03 -0.15635355E-03  0.69999999E+00  0.10000002E+04
  0.42500000E+01 -0.25000000E+00  0.00000000E+00  0.00000000E+00  0.10000000E+04  0.00000000E+00  0.12500000E+03 -0.28720807E-36  0.69999999E+00  0.10000000E+04
  0.47500000E+01 -0.25000000E+00  0.00000000E+00  0.00000000E+00  0.10000000E+04  0.00000000E+00  0.12500000E+03 -0.13817924E-39  0.69999999E+00  0.10000000E+04
  0.52500000E+01 -0.25000000E+00  0.00000000E+00  0.00000000E+00  0.10000000E+04  0.00000000E+00  0.12500000E+03  0.00000000E+00  0.69999999E+00  0.10000000E+04
  0.57500000E+01 -0.25000000E+00  0.00000000E+00  0.00000000E+00  0.10000000E+04  0.00000000E+00  0.12500000E+03  0.00000000E+00  0.69999999E+00  0.10000000E+04
  0.62500000E+01 -0.25000000E+00  0.00000000E+00  0.00000000E+00  0.10000000E+04  0.00000000E+00  0.12500000E+03  0.00000000E+00  0.69999999E+00  0.10000000E+04
  0.67500000E+01 -0.25000000E+00  0.00000000E+00  0.00000000E+00  0.10000000E+04  0.00000000E+00  0.12500000E+03  0.00000000E+00  0.69999999E+00  0.10000000E+04
  0.72500000E+01 -0.25000000E+00  0.00000000E+00  0.00000000E+00  0.10000000E+04  0.00000000E+00  0.12500000E+03  0.00000000E+00  0.69999999E+00  0.10000000E+04
  0.77500000E+01 -0.25000000E+00  0.00000000E+00  0.00000000E+00  0.10000000E+04  0.00000000E+00  0.12500000E+03  0.00000000E+00  0.69999999E+00  0.10000000E+04
  0.40000000E+01  0.50000000E+00  0.00000000E+00  0.00000000E+00  0.10001141E+04  0.22390804E+03  0.12500000E+03 -0.25701791E-03  0.69999999E+00  0.10000003E+04
  0.37500000E+01  0.25000000E+00  0.00000000E+00  0.00000000E+00  0.10014357E+04  0.28288811E+04  0.12500000E+03 -0.14664372E-02  0.69999999E+00  0.10000016E+04
  0.40000000E+01  0.10000000E+01  0.00000000E+00  0.00000000E+00  0.10013700E+04  0.26989202E+04  0.12500000E+03 -0.12813415E-03  0.69999999E+00  0.10000001E+04
  0.37500000E+01  0.75000000E+00  0.00000000E+00  0.00000000E+00  0.10312947E+04  0.67474969E+05  0.12500000E+03  0.93579944E-03  0.69999999E+00  0.99999890E+03
  0.40000000E+01  0.15000000E+01  0.00000000E+00  0.00000000E+00  0.10009037E+04  0.17779242E+04  0.12500000E+03  0.35742793E-03  0.69999999E+00  0.99999957E+03
  0.37500000E+01  0.12500000E+01  0.00000000E+00  0.00000000E+00  0.10408729E+04  0.90723734E+05  0.12500000E+03  0.83682622E-03  0.69999999E+00  0.99999902E+03
  0.40000000E+01  0.20000000E+01  0.00000000E+00  0.00000000E+00  0.10010588E+04  0.20840093E+04  0.12500000E+03  0.30894758E-03  0.69999999E+00  0.99999963E+03
  0.37500000E+01  0.17500000E+01  0.00000000E+00  0.00000000E+00  0.10311650E+04  0.67168930E+05  0.12500000E+03  0.17126116E-02  0.69999999E+00  0.99999799E+03
  0.45000000E+01  0.50000000E+00  0.00000000E+00  0.00000000E+00  0.10000000E+04  0.00000000E+00  0.12500000E+03  0.40725657E-39  0.69999999E+00  0.10000000E+04
  0.42500000E+01  0.25000000E+00  0.00000000E+00  0.00000000E+00  0.10000018E+04  0.35083482E+01  0.12500000E+03 -0.74084828E-05  0.69999999E+00  0.10000000E+04
  0.45000000E+01  0.10000000E+01  0.00000000E+00  0.00000000E+00  0.10000000E+04  0.00000000E+00  0.12500000E+03 -0.28025969E-43  0.69999999E+00  0.10000000E+04
  0.42500000E+01  0.75000000E+00  0.00000000E+00  0.00000000E+00  0.10000944E+04  0.18529227E+03  0.12500000E+03 -0.10442676E-04  0.69999999E+00  0.10000000E+04
  0.45000000E+01  0.15000000E+01  0.00000000E+00  0.00000000E+00  0.10000000E+04  0.00000000E+00  0.12500000E+03 -0.66141288E-42  0.69999999E+00  0.10000000E+04
  0.42500000E+01  0.12500000E+01  0.00000000E+00  0.00000000E+00  0.10000066E+04  0.12864128E+02  0.12500000E+03  0.34267537E-05  0.69999999E+00  0.10000000E+04
  0.45000000E+01  0.20000000E+01  0.00000000E+00  0.00000000E+00  0.10000000E+04  0.00000000E+00  0.12500000E+03  0.63338691E-42  0.69999999E+00  0.10000000E+04
  0.42500000E+01  0.17500000E+01  0.00000000E+00  0.00000000E+00  0.10000031E+04  0.60811610E+01  0.12500000E+03 -0.35628464E-05  0.69999999E+00  0.10000000E+04
  0.50000000E+01  0.50000000E+00  0.00000000E+00  0.00000000E+00  0.10000000E+04  0.00000000E+00  0.12500000E+03  0.00000000E+00  0.69999999E+00  0.10000000E+04
  0.47500000E+01  0.25000000E+00  0.00000000E+00  0.00000000E+00  0.10000000E+04  0.00000000E+00  0.12500000E+03  0.13655934E-39  0.69999999E+00  0.10000000E+04
  0.50000000E+01  0.10000000E+01  0.00000000E+00  0.00000000E+00  0.10000000E+04  0.00000000E+00  0.12500000E+03  0.00000000E+00  0.69999999E+00  0.10000000E+04
  0.47500000E+01  0.75000000E+00  0.00000000E+00  0.00000000E+00  0.10000000E+04  0.00000000E+00  0.12500000E+03  0.00000000E+00  0.69999999E+00  0.10000000E+04
  0.50000000E+01  0.15000000E+01  0.00000000E+00  0.00000000E+00  0.10000000E+04  0.00000000E+00  0.12500000E+03 -0.43159993E-42  0.69999999E+00  0.10000000E+04
  0.47500000E+01  0.12500000E+01  0.00000000E+00  0.00000000E+00  0.10000000E+04  0.00000000E+00  0.12500000E+03 -0.40077136E-42  0.69999999E+00  0.10000000E+04
  0.50000000E+01  0.20000000E+01  0.00000000E+00  0.00000000E+00  0.10000000E+04  0.00000000E+00  0.12500000E+03  0.39796876E-42  0.69999999E+00  0.10000000E+04
  0.47500000E+01  0.17500000E+01  0.00000000E+00  0.00000000E+00  0.10000000E+04  0.00000000E+00  0.12500000E+03 -0.00000000E+00  0.69999999E+00  0.10000000E+04
  0.24819343E+01  0.94170976E+00  0.31814027E+00  0.27307928E+00  0.10054713E+04  0.10912604E+05  0.12576698E+03  0.12576674E+03  0.10000000E+01  0.00000000E+00
  0.11012758E+01  0.88197017E+00 -0.13457144E+01  0.61256438E-01  0.10063616E+04  0.12722215E+05  0.12561582E+03  0.12561256E+03  0.10000000E+01  0.00000000E+00
  0.15969887E+01  0.89501286E+00 -0.65690178E+00 -0.84966905E-01  0.10125035E+04  0.25471498E+05  0.12546356E+03  0.12546333E+03  0.10000000E+01  0.00000000E+00
  0.15511556E+01  0.16060474E+01 -0.56690347E+00 -0.98664606E+00  0.10079497E+04  0.15974282E+05  0.12531018E+03  0.12531027E+03  0.10000000E+01  0.00000000E+00
  0.27912521E+01  0.15529498E+01  0.65350175E+00 -0.40015590E+00  0.99993823E+03 -0.12113187E+03  0.12515567E+03  0.12515567E+03  0.10000000E+01  0.00000000E+00
  0.27493620E+01  0.15987480E+01 -0.12224302E+01  0.23288730E+00  0.99814758E+03 -0.36142607E+04  0.12500000E+03  0.12500000E+03  0.10000000E+01  0.00000000E+00
  0.27733197E+01  0.94216275E+00  0.61195165E+00  0.50286812E+00  0.99705957E+03 -0.57184551E+04  0.12576698E+03  0.12575461E+03  0.10000000E+01  0.00000000E+00
  0.93533909E+00  0.10356085E+01 -0.82288963E+00  0.33527029E+00  0.99908075E+03 -0.17985493E+04  0.12561582E+03  0.12560624E+03  0.10000000E+01  0.00000000E+00
  0.90905857E+00  0.10494440E+01 -0.74371733E-01 -0.12939126E+01  0.10005379E+04  0.10570099E+04  0.12546356E+03  0.12546037E+03  0.10000000E+01  0.00000000E+00
  0.24946630E+01  0.13303221E+01  0.21433079E+00  0.10311878E+00  0.10053214E+04  0.10608715E+05  0.12531018E+03  0.12531038E+03  0.10000000E+01  0.00000000E+00
  0.13477956E+01  0.86404657E+00 -0.13380635E+00 -0.15330943E+00  0.10102061E+04  0.20648023E+05  0.12515567E+03  0.12515535E+03  0.10000000E+01  0.00000000E+00
  0.69741118E+00  0.86668432E+00 -0.67425025E+00 -0.25336200E+00  0.10100703E+04  0.20364756E+05  0.12500000E+03  0.12500000E+03  0.10000000E+01  0.00000000E+00
  0.20228550E+01  0.10115792E+01  0.45842868E+00 -0.41860044E+00  0.10039378E+04  0.78179165E+04  0.12576698E+03  0.12575644E+03  0.10000000E+01  0.00000000E+00
  0.27401292E+01  0.91504467E+00  0.14767340E+00  0.18350160E+00  0.99906659E+03 -0.18262278E+04  0.12561582E+03  0.12561059E+03  0.10000000E+01  0.00000000E+00
  0.29140811E+01  0.12466902E+01 -0.23181733E+00  0.33023566E+00  0.10077610E+04  0.15586239E+05  0.12546356E+03  0.12546005E+03  0.10000000E+01  0.00000000E+00
  0.21279809E+01  0.11943966E+01 -0.65092444E+00 -0.94803798E+00  0.10084933E+04  0.17094520E+05  0.12531018E+03  0.12531018E+03  0.10000000E+01  0.00000000E+00
  0.28638940E+01  0.78368187E+00 -0.25280535E+00  0.19834352E+00  0.10043071E+04  0.85606113E+04  0.12515567E+03  0.12515553E+03  0.10000000E+01  0.00000000E+00
  0.13027000E+01  0.16158152E+01 -0.17284236E+01  0.20927334E+00  0.10069601E+04  0.13944292E+05  0.12500000E+03  0.12499989E+03  0.10000000E+01  0.00000000E+00
  0.91505420E+00  0.14488851E+01  0.14875598E-01  0.88595617E+00  0.10043563E+04  0.86595059E+04  0.12576698E+03  0.12576566E+03  0.10000000E+01  0.00000000E+00
  0.28300400E+01  0.10092077E+01  0.84974751E-01  0.14971480E-01  0.10010170E+04  0.20014017E+04  0.12561582E+03  0.12561245E+03  0.10000000E+01  0.00000000E+00
  0.15277462E+01  0.12761638E+01 -0.61088467E+00 -0.82022071E+00  0.10179786E+04  0.37234480E+05  0.12546356E+03  0.12546202E+03  0.10000000E+01  0.00000000E+00
  0.21954925E+01  0.92155087E+00 -0.47391564E+00  0.69897556E+00  0.10152872E+04  0.31404539E+05  0.12531018E+03  0.12530890E+03  0.10000000E+01  0.00000000E+00
  0.10808753E+01  0.19198809E+01 -0.17428637E+00  0.11019211E+01  0.99654840E+03 -0.67022910E+04  0.12515567E+03  0.12515567E+03  0.10000000E+01  0.00000000E+00
  0.15413470E+01  0.83965361E+00 -0.11028469E+01 -0.20364973E+00  0.10223225E+04  0.46841371E+05  0.12500000E+03  0.12500012E+03  0.10000000E+01  0.00000000E+00
  0.91128743E+00  0.15406961E+01 -0.28139144E+00  0.80248821E+00  0.10030419E+04  0.60231143E+04  0.12561582E+03  0.12561399E+03  0.10000000E+01  0.00000000E+00
  0.11534979E+01  0.19852936E+01 -0.26426690E+01  0.65719336E+00  0.10013132E+04  0.25866899E+04  0.12531018E+03  0.12531004E+03  0.10000000E+01  0.00000000E+00
  0.23732388E+01  0.17469690E+01 -0.68218648E+00 -0.35936356E+00  0.10064642E+04  0.12931224E+05  0.12500000E+03  0.12500000E+03  0.10000000E+01  0.00000000E+00
