  0.00000000E+00  0.00000000E+00  0.00000000E+00  0.00000000E+00  0.10011501E+04  0.22643584E+04  0.12500000E+03  0.28238094E-02  0.69999999E+00  0.99999677E+03
  0.00000000E+00  0.50000000E+00  0.00000000E+00  0.00000000E+00  0.10112078E+04  0.22743080E+05  0.12500000E+03  0.43127504E-02  0.69999999E+00  0.99999500E+03
  0.00000000E+00  0.10000000E+01  0.00000000E+00  0.00000000E+00  0.10164536E+04  0.33919902E+05  0.12500000E+03  0.45090057E-02  0.69999999E+00  0.99999475E+03
  0.00000000E+00  0.15000000E+01  0.00000000E+00  0.00000000E+00  0.10192089E+04  0.39930590E+05  0.12500000E+03  0.17293068E-02  0.69999999E+00  0.99999799E+03
  0.00000000E+00  0.20000000E+01  0.00000000E+00  0.00000000E+00  0.10216960E+04  0.45440781E+05  0.12500000E+03 -0.23267684E-02  0.69999999E+00  0.10000027E+04
  0.00000000E+00  0.25000000E+01  0.00000000E+00  0.00000000E+00  0.10034697E+04  0.68788345E+04  0.12500000E+03  0.55345503E-03  0.69999999E+00  0.99999939E+03
  0.00000000E+00  0.30000000E+01  0.00000000E+00  0.00000000E+00  0.10000026E+04  0.51455903E+01  0.12500000E+03  0.38292605E-04  0.69999999E+00  0.99999994E+03
  0.00000000E+00  0.35000000E+01  0.00000000E+00  0.00000000E+00  0.10000000E+04  0.00000000E+00  0.12500000E+03  0.00000000E+00  0.69999999E+00  0.10000000E+04
  0.00000000E+00  0.40000000E+01  0.00000000E+00  0.00000000E+00  0.10000000E+04  0.00000000E+00  0.12500000E+03  0.00000000E+00  0.69999999E+00  0.10000000E+04
 -0.25000000E+00 -0.25000000E+00  0.00000000E+00  0.00000000E+00  0.10006414E+04  0.12607445E+04  0.12500000E+03  0.52005530E-03  0.69999999E+00  0.99999939E+03
 -0.25000000E+00  0.25000000E+00  0.00000000E+00  0.00000000E+00  0.10004222E+04  0.82948364E+03  0.12500000E+03  0.13052840E-02  0.69999999E+00  0.99999854E+03
 -0.25000000E+00  0.75000000E+00  0.00000000E+00  0.00000000E+00  0.10019346E+04  0.38176436E+04  0.12500000E+03  0.76757651E-03  0.69999999E+00  0.99999915E+03
 -0.25000000E+00  0.12500000E+01  0.00000000E+00  0.00000000E+00  0.10023951E+04  0.47331919E+04  0.12500000E+03  0.14120876E-02  0.69999999E+00  0.99999835E+03
 -0.25000000E+00  0.17500000E+01  0.00000000E+00  0.00000000E+00  0.10009197E+04  0.18094371E+04  0.12500000E+03 -0.46479900E-03  0.69999999E+00  0.10000005E+04
 -0.25000000E+00  0.22500000E+01  0.00000000E+00  0.00000000E+00  0.10015139E+04  0.29839109E+04  0.12500000E+03 -0.18548567E-03  0.69999999E+00  0.10000002E+04
 -0.25000000E+00  0.27500000E+01  0.00000000E+00  0.00000000E+00  0.10000007E+04  0.14033347E+01  0.12500000E+03  0.17473474E-04  0.69999999E+00  0.10000000E+04
 -0.25000000E+00  0.32500000E+01  0.00000000E+00  0.00000000E+00  0.10000000E+04  0.00000000E+00  0.12500000E+03  0.42271569E-40  0.69999999E+00  0.10000000E+04
 -0.25000000E+00  0.37500000E+01  0.00000000E+00  0.00000000E+00  0.10000000E+04  0.00000000E+00  0.12500000E+03  0.00000000E+00  0.69999999E+00  0.10000000E+04
  0.80000000E+01  0.00000000E+00  0.00000000E+00  0.00000000E+00  0.10000000E+04  0.00000000E+00  0.12500000E+03  0.00000000E+00  0.69999999E+00  0.10000000E+04
  0.80000000E+01  0.50000000E+00  0.00000000E+00  0.00000000E+00  0.10000000E+04  0.00000000E+00  0.12500000E+03  0.00000000E+00  0.69999999E+00  0.10000000E+04
  0.80000000E+01  0.10000000E+01  0.00000000E+00  0.00000000E+00  0.10000000E+04  0.00000000E+00  0.12500000E+03  0.00000000E+00  0.69999999E+00  0.10000000E+04
  0.80000000E+01  0.15000000E+01  0.00000000E+00  0.00000000E+00  0.10000000E+04  0.00000000E+00  0.12500000E+03  0.00000000E+00  0.69999999E+00  0.10000000E+04
  0.80000000E+01  0.20000000E+01  0.00000000E+00  0.00000000E+00  0.10000000E+04  0.00000000E+00  0.12500000E+03  0.00000000E+00  0.69999999E+00  0.10000000E+04
  0.80000000E+01  0.25000000E+01  0.00000000E+00  0.00000000E+00  0.10000000E+04  0.00000000E+00  0.12500000E+03  0.00000000E+00  0.69999999E+00  0.10000000E+04
  0.80000000E+01  0.30000000E+01  0.00000000E+00  0.00000000E+00  0.10000000E+04  0.00000000E+00  0.12500000E+03  0.00000000E+00  0.69999999E+00  0.10000000E+04
  0.80000000E+01  0.35000000E+01  0.00000000E+00  0.00000000E+00  0.10000000E+04  0.00000000E+00  0.12500000E+03  0.00000000E+00  0.69999999E+00  0.10000000E+04
  0.80000000E+01  0.40000000E+01  0.00000000E+00  0.00000000E+00  0.10000000E+04  0.00000000E+00  0.12500000E+03  0.00000000E+00  0.69999999E+00  0.10000000E+04
  0.82500000E+01 -0.25000000E+00  0.00000000E+00  0.00000000E+00  0.10000000E+04  0.00000000E+00  0.12500000E+03  0.00000000E+00  0.69999999E+00  0.10000000E+04
  0.82500000E+01  0.25000000E+00  0.00000000E+00  0.00000000E+00  0.10000000E+04  0.00000000E+00  0.12500000E+03  0.00000000E+00  0.69999999E+00  0.10000000E+04
  0.82500000E+01  0.75000000E+00  0.00000000E+00  0.00000000E+00  0.10000000E+04  0.00000000E+00  0.12500000E+03  0.00000000E+00  0.69999999E+00  0.10000000E+04
  0.82500000E+01  0.12500000E+01  0.00000000E+00  0.00000000E+00  0.10000000E+04  0.00000000E+00  0.12500000E+03  0.00000000E+00  0.69999999E+00  0.10000000E+04
  0.82500000E+01  0.17500000E+01  0.00000000E+00  0.00000000E+00  0.10000000E+04  0.00000000E+00  0.12500000E+03  0.00000000E+00  0.69999999E+00  0.10000000E+04
  0.82500000E+01  0.22500000E+01  0.00000000E+00  0.00000000E+00  0.10000000E+04  0.00000000E+00  0.12500000E+03  0.00000000E+00  0.69999999E+00  0.10000000E+04
  0.82500000E+01  0.27500000E+01  0.00000000E+00  0.00000000E+00  0.10000000E+04  0.00000000E+00  0.12500000E+03  0.00000000E+00  0.69999999E+00  0.10000000E+04
  0.82500000E+01  0.32500000E+01  0.00000000E+00  0.00000000E+00  0.10000000E+04  0.00000000E+00  0.12500000E+03  0.00000000E+00  0.69999999E+00  0.10000000E+04
  0.82500000E+01  0.37500000E+01  0.00000000E+00  0.00000000E+00  0.10000000E+04  0.00000000E+00  0.12500000E+03  0.00000000E+00  0.69999999E+00  0.10000000E+04
  0.50000000E+00  0.00000000E+00  0.00000000E+00  0.00000000E+00  0.10443583E+04  0.99507750E+05  0.12500000E+03  0.14406580E-01  0.69999999E+00  0.99998279E+03
  0.10000000E+01  0.00000000E+00  0.00000000E+00  0.00000000E+00  0.10657917E+04  0.15754616E+06  0.12500000E+03  0.85820947E-02  0.69999999E+00  0.99998956E+03
  0.15000000E+01  0.00000000E+00  0.00000000E+00  0.00000000E+00  0.10249608E+04  0.52796641E+05  0.12500000E+03  0.24672855E-01  0.69999999E+00  0.99997107E+03
  0.20000000E+01  0.00000000E+00  0.00000000E+00  0.00000000E+00  0.11271389E+04  0.36751769E+06  0.12500000E+03  0.28980995E-01  0.69999999E+00  0.99996265E+03
  0.25000000E+01  0.00000000E+00  0.00000000E+00  0.00000000E+00  0.10418275E+04  0.93112172E+05  0.12500000E+03  0.10271328E-01  0.69999999E+00  0.99998779E+03
  0.30000000E+01  0.00000000E+00  0.00000000E+00  0.00000000E+00  0.10302876E+04  0.65104750E+05  0.12500000E+03  0.11978880E-01  0.69999999E+00  0.99998590E+03
  0.35000000E+01  0.00000000E+00  0.00000000E+00  0.00000000E+00  0.10000038E+04  0.74845219E+01  0.12500000E+03  0.50970558E-02  0.69999999E+00  0.99999420E+03
  0.40000000E+01  0.00000000E+00  0.00000000E+00  0.00000000E+00  0.10000137E+04  0.26898298E+02  0.12500000E+03 -0.68247195E-04  0.69999999E+00  0.10000001E+04
  0.45000000E+01  0.00000000E+00  0.00000000E+00  0.00000000E+00  0.10000000E+04  0.00000000E+00  0.12500000E+03  0.21969641E-38  0.69999999E+00  0.10000000E+04
  0.50000000E+01  0.00000000E+00  0.00000000E+00  0.00000000E+00  0.10000000E+04  0.00000000E+00  0.12500000E+03 -0.12238941E-40  0.69999999E+00  0.10000000E+04
  0.55000000E+01  0.00000000E+00  0.00000000E+00  0.00000000E+00  0.10000000E+04  0.00000000E+00  0.12500000E+03  0.00000000E+00  0.69999999E+00  0.10000000E+04
  0.60000000E+01  0.00000000E+00  0.00000000E+00  0.00000000E+00  0.10000000E+04  0.00000000E+00  0.12500000E+03  0.00000000E+00  0.69999999E+00  0.10000000E+04
  0.65000000E+01  0.00000000E+00  0.00000000E+00  0.00000000E+00  0.10000000E+04  0.00000000E+00  0.12500000E+03  0.00000000E+00  0.69999999E+00  0.10000000E+04
  0.70000000E+01  0.00000000E+00  0.00000000E+00  0.00000000E+00  0.10000000E+04  0.00000000E+00  0.12500000E+03  0.00000000E+00  0.69999999E+00  0.10000000E+04
  0.75000000E+01  0.00000000E+00  0.00000000E+00  0.00000000E+00  0.10000000E+04  0.00000000E+00  0.12500000E+03  0.00000000E+00  0.69999999E+00  0.10000000E+04
  0.25000000E+00 -0.25000000E+00  0.00000000E+00  0.00000000E+00  0.10057269E+04  0.11431145E+05  0.12500000E+03  0.35963850E-02  0.69999999E+00  0.99999585E+03
  0.75000000E+00 -0.25000000E+00  0.00000000E+00  0.00000000E+00  0.10263589E+04  0.55990047E+05  0.12500000E+03  0.10308355E-01  0.69999999E+00  0.99998792E+03
  0.12500000E+01 -0.25000000E+00  0.00000000E+00  0.00000000E+00  0.10101722E+04  0.20577434E+05  0.12500000E+03  0.78691393E-02  0.69999999E+00  0.99999091E+03
  0.17500000E+01 -0.25000000E+00  0.00000000E+00  0.00000000E+00  0.10146006E+04  0.29932197E+05  0.12500000E+03  0.12118239E-01  0.69999999E+00  0.99998596E+03
  0.22500000E+01 -0.25000000E+00  0.00000000E+00  0.00000000E+00  0.10014637E+04  0.28845608E+04  0.12500000E+03  0.12456179E-01  0.69999999E+00  0.99998572E+03
  0.27500000E+01 -0.25000000E+00  0.00000000E+00  0.00000000E+00  0.10041436E+04  0.82314951E+04  0.12500000E+03  0.65970877E-02  0.69999999E+00  0.99999243E+03
  0.32500000E+01 -0.25000000E+00  0.00000000E+00  0.00000000E+00  0.10004338E+04  0.85222919E+03  0.12500000E+03  0.46921433E-02  0.69999999E+00  0.99999463E+03
  0.37500000E+01 -0.25000000E+00  0.00000000E+00  0.00000000E+00  0.10000070E+04  0.13565822E+02  0.12500000E+03 -0.15635355E-03  0.69999999E+00  0.10000002E+04
  0.42500000E+01 -0.25000000E+00  0.00000000E+00  0.00000000E+00  0.10000000E+04  0.00000000E+00  0.12500000E+03 -0.63496719E-35  0.69999999E+00  0.10000000E+04
  0.47500000E+01 -0.25000000E+00  0.00000000E+00  0.00000000E+00  0.10000000E+04  0.00000000E+00  0.12500000E+03 -0.46926066E-38  0.69999999E+00  0.10000000E+04
  0.52500000E+01 -0.25000000E+00  0.00000000E+00  0.00000000E+00  0.10000000E+04  0.00000000E+00  0.12500000E+03  0.00000000E+00  0.69999999E+00  0.10000000E+04
  0.57500000E+01 -0.25000000E+00  0.00000000E+00  0.00000000E+00  0.10000000E+04  0.00000000E+00  0.12500000E+03  0.00000000E+00  0.69999999E+00  0.10000000E+04
  0.62500000E+01 -0.25000000E+00  0.00000000E+00  0.00000000E+00  0.10000000E+04  0.00000000E+00  0.12500000E+03  0.00000000E+00  0.69999999E+00  0.10000000E+04
  0.67500000E+01 -0.25000000E+00  0.00000000E+00  0.00000000E+00  0.10000000E+04  0.00000000E+00  0.12500000E+03  0.00000000E+00  0.69999999E+00  0.10000000E+04
  0.72500000E+01 -0.25000000E+00  0.00000000E+00  0.00000000E+00  0.10000000E+04  0.00000000E+00  0.12500000E+03  0.00000000E+00  0.69999999E+00  0.10000000E+04
  0.77500000E+01 -0.25000000E+00  0.00000000E+00  0.00000000E+00  0.10000000E+04  0.00000000E+00  0.12500000E+03  0.00000000E+00  0.69999999E+00  0.10000000E+04
  0.40000000E+01  0.50000000E+00  0.00000000E+00  0.00000000E+00  0.10006123E+04  0.12034607E+04  0.12500000E+03 -0.58773335E-03  0.69999999E+00  0.10000007E+04
  0.37500000E+01  0.25000000E+00  0.00000000E+00  0.00000000E+00  0.10005992E+04  0.11778740E+04  0.12500000E+03 -0.24885037E-02  0.69999999E+00  0.10000029E+04
  0.40000000E+01  0.10000000E+01  0.00000000E+00  0.00000000E+00  0.10037646E+04  0.74701475E+04  0.12500000E+03 -0.11355682E-03  0.69999999E+00  0.10000001E+04
  0.37500000E+01  0.75000000E+00  0.00000000E+00  0.00000000E+00  0.10436515E+04  0.97712164E+05  0.12500000E+03  0.10838227E-02  0.69999999E+00  0.99999872E+03
  0.40000000E+01  0.15000000E+01  0.00000000E+00  0.00000000E+00  0.10002994E+04  0.58805634E+03  0.12500000E+03  0.54561032E-03  0.69999999E+00  0.99999939E+03
  0.37500000E+01  0.12500000E+01  0.00000000E+00  0.00000000E+00  0.10231642E+04  0.48731164E+05  0.12500000E+03  0.13787372E-02  0.69999999E+00  0.99999841E+03
  0.40000000E+01  0.20000000E+01  0.00000000E+00  0.00000000E+00  0.10013503E+04  0.26600125E+04  0.12500000E+03  0.38575369E-03  0.69999999E+00  0.99999957E+03
  0.37500000E+01  0.17500000E+01  0.00000000E+00  0.00000000E+00  0.10118116E+04  0.24011926E+05  0.12500000E+03  0.27920383E-02  0.69999999E+00  0.99999677E+03
  0.45000000E+01  0.50000000E+00  0.00000000E+00  0.00000000E+00  0.10000000E+04  0.00000000E+00  0.12500000E+03  0.13842606E-37  0.69999999E+00  0.10000000E+04
  0.42500000E+01  0.25000000E+00  0.00000000E+00  0.00000000E+00  0.10000018E+04  0.35083482E+01  0.12500000E+03 -0.74084828E-05  0.69999999E+00  0.10000000E+04
  0.45000000E+01  0.10000000E+01  0.00000000E+00  0.00000000E+00  0.10000000E+04  0.00000000E+00  0.12500000E+03 -0.68691651E-41  0.69999999E+00  0.10000000E+04
  0.42500000E+01  0.75000000E+00  0.00000000E+00  0.00000000E+00  0.10000916E+04  0.17967581E+03  0.12500000E+03 -0.21151425E-04  0.69999999E+00  0.10000000E+04
  0.45000000E+01  0.15000000E+01  0.00000000E+00  0.00000000E+00  0.10000000E+04  0.00000000E+00  0.12500000E+03 -0.57442027E-40  0.69999999E+00  0.10000000E+04
  0.42500000E+01  0.12500000E+01  0.00000000E+00  0.00000000E+00  0.10000066E+04  0.12864128E+02  0.12500000E+03  0.64903998E-05  0.69999999E+00  0.10000000E+04
  0.45000000E+01  0.20000000E+01  0.00000000E+00  0.00000000E+00  0.10000000E+04  0.00000000E+00  0.12500000E+03  0.53504378E-40  0.69999999E+00  0.10000000E+04
  0.42500000E+01  0.17500000E+01  0.00000000E+00  0.00000000E+00  0.10000031E+04  0.60811610E+01  0.12500000E+03 -0.35628464E-05  0.69999999E+00  0.10000000E+04
  0.50000000E+01  0.50000000E+00  0.00000000E+00  0.00000000E+00  0.10000000E+04  0.00000000E+00  0.12500000E+03  0.11714855E-40  0.69999999E+00  0.10000000E+04
  0.47500000E+01  0.25000000E+00  0.00000000E+00  0.00000000E+00  0.10000000E+04  0.00000000E+00  0.12500000E+03  0.46455034E-38  0.69999999E+00  0.10000000E+04
  0.50000000E+01  0.10000000E+01  0.00000000E+00  0.00000000E+00  0.10000000E+04  0.00000000E+00  0.12500000E+03  0.00000000E+00  0.69999999E+00  0.10000000E+04
  0.47500000E+01  0.75000000E+00  0.00000000E+00  0.00000000E+00  0.10000000E+04  0.00000000E+00  0.12500000E+03  0.12219323E-40  0.69999999E+00  0.10000000E+04
  0.50000000E+01  0.15000000E+01  0.00000000E+00  0.00000000E+00  0.10000000E+04  0.00000000E+00  0.12500000E+03 -0.41461619E-40  0.69999999E+00  0.10000000E+04
  0.47500000E+01  0.12500000E+01  0.00000000E+00  0.00000000E+00  0.10000000E+04  0.00000000E+00  0.12500000E+03 -0.40180832E-40  0.69999999E+00  0.10000000E+04
  0.50000000E+01  0.20000000E+01  0.00000000E+00  0.00000000E+00  0.10000000E+04  0.00000000E+00  0.12500000E+03  0.37877097E-40  0.69999999E+00  0.10000000E+04
  0.47500000E+01  0.17500000E+01  0.00000000E+00  0.00000000E+00  0.10000000E+04  0.00000000E+00  0.12500000E+03 -0.12527608E-41  0.69999999E+00  0.10000000E+04
  0.28161108E+01  0.97459912E+00  0.13255216E+00  0.29203808E+00  0.10028765E+04  0.56926699E+04  0.12576698E+03  0.12576656E+03  0.10000000E+01  0.00000000E+00
  0.92091513E+00  0.14704279E+01  0.35062861E+00  0.33117914E+00  0.10015154E+04  0.29867432E+04  0.12561582E+03  0.12561256E+03  0.10000000E+01  0.00000000E+00
  0.18397870E+01  0.11456451E+01  0.82041287E+00 -0.26202384E+00  0.10077088E+04  0.15478949E+05  0.12546356E+03  0.12546323E+03  0.10000000E+01  0.00000000E+00
  0.26634676E+01  0.14741938E+01  0.32573217E+00 -0.19537675E+00  0.99958765E+03 -0.80802069E+03  0.12531018E+03  0.12531044E+03  0.10000000E+01  0.00000000E+00
  0.19392149E+01  0.14741296E+01 -0.16481326E+01 -0.55652440E+00  0.99816412E+03 -0.35822239E+04  0.12515567E+03  0.12515567E+03  0.10000000E+01  0.00000000E+00
  0.25153589E+01  0.15214169E+01 -0.22543129E+00 -0.19531137E+00  0.99882428E+03 -0.22986064E+04  0.12500000E+03  0.12499985E+03  0.10000000E+01  0.00000000E+00
  0.26877842E+01  0.84704101E+00  0.62370276E+00  0.23570874E+00  0.10012825E+04  0.25258752E+04  0.12576698E+03  0.12575461E+03  0.10000000E+01  0.00000000E+00
  0.83319521E+00  0.10187795E+01 -0.34490263E+00  0.58611995E+00  0.10012348E+04  0.24316111E+04  0.12561582E+03  0.12560609E+03  0.10000000E+01  0.00000000E+00
  0.77840281E+00  0.11701356E+01  0.16822244E+00  0.19067392E+00  0.10062035E+04  0.12400203E+05  0.12546356E+03  0.12546051E+03  0.10000000E+01  0.00000000E+00
  0.27605212E+01  0.79267550E+00 -0.51050812E+00 -0.14284939E+00  0.10008737E+04  0.17186692E+04  0.12531018E+03  0.12531038E+03  0.10000000E+01  0.00000000E+00
  0.10297006E+01  0.94475734E+00 -0.20974100E+00  0.21894416E+00  0.10054982E+04  0.10966984E+05  0.12515567E+03  0.12515535E+03  0.10000000E+01  0.00000000E+00
  0.71014380E+00  0.88650417E+00  0.29254350E+00 -0.83517261E-01  0.10076610E+04  0.15380751E+05  0.12500000E+03  0.12500000E+03  0.10000000E+01  0.00000000E+00
  0.17008462E+01  0.95156014E+00 -0.94056630E+00 -0.32772529E+00  0.10008536E+04  0.16789368E+04  0.12576698E+03  0.12575644E+03  0.10000000E+01  0.00000000E+00
  0.25891907E+01  0.85833454E+00 -0.55622481E-01  0.20522334E+00  0.10050374E+04  0.10034054E+05  0.12561582E+03  0.12561059E+03  0.10000000E+01  0.00000000E+00
  0.26275091E+01  0.12986418E+01  0.26913130E+00  0.21303045E-01  0.10024371E+04  0.48167217E+04  0.12546356E+03  0.12546005E+03  0.10000000E+01  0.00000000E+00
  0.12788041E+01  0.86170661E+00 -0.37999296E+00  0.14291741E-01  0.10078224E+04  0.15712434E+05  0.12531018E+03  0.12530966E+03  0.10000000E+01  0.00000000E+00
  0.29277177E+01  0.96669030E+00  0.19114071E+00  0.44747359E+00  0.10075935E+04  0.15242195E+05  0.12515567E+03  0.12515553E+03  0.10000000E+01  0.00000000E+00
  0.98742700E+00  0.17783842E+01 -0.80735311E-02  0.83567291E-01  0.10015259E+04  0.30075137E+04  0.12500000E+03  0.12500612E+03  0.10000000E+01  0.00000000E+00
  0.99996686E+00  0.16784400E+01  0.26261723E+00  0.26966679E+00  0.10015300E+04  0.30157751E+04  0.12576698E+03  0.12576566E+03  0.10000000E+01  0.00000000E+00
  0.23549461E+01  0.94658649E+00  0.73771954E-01 -0.15850838E-01  0.99967499E+03 -0.63707587E+03  0.12561582E+03  0.12561228E+03  0.10000000E+01  0.00000000E+00
  0.15233033E+01  0.11366327E+01 -0.28734428E+00 -0.20357692E+00  0.10169189E+04  0.34928062E+05  0.12546356E+03  0.12546202E+03  0.10000000E+01  0.00000000E+00
  0.20654662E+01  0.10211771E+01  0.16530637E+00 -0.13285403E+00  0.99916907E+03 -0.16262622E+04  0.12531018E+03  0.12530890E+03  0.10000000E+01  0.00000000E+00
  0.19253933E+01  0.17133100E+01  0.39818246E-01 -0.12661755E+00  0.99524872E+03 -0.91901553E+04  0.12515567E+03  0.12515567E+03  0.10000000E+01  0.00000000E+00
  0.13166966E+01  0.88413966E+00  0.13802037E+00  0.65623567E-01  0.10057876E+04  0.11554366E+05  0.12500000E+03  0.12500012E+03  0.10000000E+01  0.00000000E+00
  0.11941221E+01  0.17745628E+01  0.35373634E+00 -0.19144416E-01  0.10006890E+04  0.13546740E+04  0.12561582E+03  0.12560780E+03  0.10000000E+01  0.00000000E+00
  0.12029551E+01  0.19961157E+01 -0.56903684E+00  0.31097490E+00  0.10007571E+04  0.14888048E+04  0.12531018E+03  0.12531004E+03  0.10000000E+01  0.00000000E+00
  0.21513255E+01  0.18308842E+01 -0.44502428E+00 -0.37478426E+00  0.10011780E+04  0.23194717E+04  0.12500000E+03  0.12500000E+03  0.10000000E+01  0.00000000E+00
