  0.00000000E+00  0.00000000E+00  0.00000000E+00  0.00000000E+00  0.10020570E+04  0.40607380E+04  0.12500000E+03  0.25213796E-02  0.69999999E+00  0.99999713E+03
  0.00000000E+00  0.50000000E+00  0.00000000E+00  0.00000000E+00  0.10195165E+04  0.40607609E+05  0.12500000E+03  0.34010685E-02  0.69999999E+00  0.99999603E+03
  0.00000000E+00  0.10000000E+01  0.00000000E+00  0.00000000E+00  0.10248793E+04  0.52611199E+05  0.12500000E+03  0.37986974E-02  0.69999999E+00  0.99999554E+03
  0.00000000E+00  0.15000000E+01  0.00000000E+00  0.00000000E+00  0.10196492E+04  0.40900051E+05  0.12500000E+03  0.13908856E-02  0.69999999E+00  0.99999835E+03
  0.00000000E+00  0.20000000E+01  0.00000000E+00  0.00000000E+00  0.10165743E+04  0.34181297E+05  0.12500000E+03 -0.17731760E-02  0.69999999E+00  0.10000021E+04
  0.00000000E+00  0.25000000E+01  0.00000000E+00  0.00000000E+00  0.10034469E+04  0.68332266E+04  0.12500000E+03  0.51974104E-03  0.69999999E+00  0.99999939E+03
  0.00000000E+00  0.30000000E+01  0.00000000E+00  0.00000000E+00  0.10000026E+04  0.51455903E+01  0.12500000E+03  0.38292605E-04  0.69999999E+00  0.99999994E+03
  0.00000000E+00  0.35000000E+01  0.00000000E+00  0.00000000E+00  0.10000000E+04  0.00000000E+00  0.12500000E+03  0.00000000E+00  0.69999999E+00  0.10000000E+04
  0.00000000E+00  0.40000000E+01  0.00000000E+00  0.00000000E+00  0.10000000E+04  0.00000000E+00  0.12500000E+03  0.00000000E+00  0.69999999E+00  0.10000000E+04
 -0.25000000E+00 -0.25000000E+00  0.00000000E+00  0.00000000E+00  0.10006414E+04  0.12607445E+04  0.12500000E+03  0.52005530E-03  0.69999999E+00  0.99999939E+03
 -0.25000000E+00  0.25000000E+00  0.00000000E+00  0.00000000E+00  0.10010409E+04  0.20487043E+04  0.12500000E+03  0.11449242E-02  0.69999999E+00  0.99999872E+03
 -0.25000000E+00  0.75000000E+00  0.00000000E+00  0.00000000E+00  0.10052416E+04  0.10447220E+05  0.12500000E+03  0.52674604E-03  0.69999999E+00  0.99999939E+03
 -0.25000000E+00  0.12500000E+01  0.00000000E+00  0.00000000E+00  0.10042802E+04  0.85063760E+04  0.12500000E+03  0.11935821E-02  0.69999999E+00  0.99999866E+03
 -0.25000000E+00  0.17500000E+01  0.00000000E+00  0.00000000E+00  0.10009874E+04  0.19430477E+04  0.12500000E+03 -0.36654086E-03  0.69999999E+00  0.10000004E+04
 -0.25000000E+00  0.22500000E+01  0.00000000E+00  0.00000000E+00  0.10015139E+04  0.29839109E+04  0.12500000E+03 -0.18548567E-03  0.69999999E+00  0.10000002E+04
 -0.25000000E+00  0.27500000E+01  0.00000000E+00  0.00000000E+00  0.10000007E+04  0.14033347E+01  0.12500000E+03  0.17473474E-04  0.69999999E+00  0.10000000E+04
 -0.25000000E+00  0.32500000E+01  0.00000000E+00  0.00000000E+00  0.10000000E+04  0.00000000E+00  0.12500000E+03  0.41954876E-41  0.69999999E+00  0.10000000E+04
 -0.25000000E+00  0.37500000E+01  0.00000000E+00  0.00000000E+00  0.10000000E+04  0.00000000E+00  0.12500000E+03  0.00000000E+00  0.69999999E+00  0.10000000E+04
  0.80000000E+01  0.00000000E+00  0.00000000E+00  0.00000000E+00  0.10000000E+04  0.00000000E+00  0.12500000E+03  0.00000000E+00  0.69999999E+00  0.10000000E+04
  0.80000000E+01  0.50000000E+00  0.00000000E+00  0.00000000E+00  0.10000000E+04  0.00000000E+00  0.12500000E+03  0.00000000E+00  0.69999999E+00  0.10000000E+04
  0.80000000E+01  0.10000000E+01  0.00000000E+00  0.00000000E+00  0.10000000E+04  0.00000000E+00  0.12500000E+03  0.00000000E+00  0.69999999E+00  0.10000000E+04
  0.80000000E+01  0.15000000E+01  0.00000000E+00  0.00000000E+00  0.10000000E+04  0.00000000E+00  0.12500000E+03  0.00000000E+00  0.69999999E+00  0.10000000E+04
  0.80000000E+01  0.20000000E+01  0.00000000E+00  0.00000000E+00  0.10000000E+04  0.00000000E+00  0.12500000E+03  0.00000000E+00  0.69999999E+00  0.10000000E+04
  0.80000000E+01  0.25000000E+01  0.00000000E+00  0.00000000E+00  0.10000000E+04  0.00000000E+00  0.12500000E+03  0.00000000E+00  0.69999999E+00  0.10000000E+04
  0.80000000E+01  0.30000000E+01  0.00000000E+00  0.00000000E+00  0.10000000E+04  0.00000000E+00  0.12500000E+03  0.00000000E+00  0.69999999E+00  0.10000000E+04
  0.80000000E+01  0.35000000E+01  0.00000000E+00  0.00000000E+00  0.10000000E+04  0.00000000E+00  0.12500000E+03  0.00000000E+00  0.69999999E+00  0.10000000E+04
  0.80000000E+01  0.40000000E+01  0.00000000E+00  0.00000000E+00  0.10000000E+04  0.00000000E+00  0.12500000E+03  0.00000000E+00  0.69999999E+00  0.10000000E+04
  0.82500000E+01 -0.25000000E+00  0.00000000E+00  0.00000000E+00  0.10000000E+04  0.00000000E+00  0.12500000E+03  0.00000000E+00  0.69999999E+00  0.10000000E+04
  0.82500000E+01  0.25000000E+00  0.00000000E+00  0.00000000E+00  0.10000000E+04  0.00000000E+00  0.12500000E+03  0.00000000E+00  0.69999999E+00  0.10000000E+04
  0.82500000E+01  0.75000000E+00  0.00000000E+00  0.00000000E+00  0.10000000E+04  0.00000000E+00  0.12500000E+03  0.00000000E+00  0.69999999E+00  0.10000000E+04
  0.82500000E+01  0.12500000E+01  0.00000000E+00  0.00000000E+00  0.10000000E+04  0.00000000E+00  0.12500000E+03  0.00000000E+00  0.69999999E+00  0.10000000E+04
  0.82500000E+01  0.17500000E+01  0.00000000E+00  0.00000000E+00  0.10000000E+04  0.00000000E+00  0.12500000E+03  0.00000000E+00  0.69999999E+00  0.10000000E+04
  0.82500000E+01  0.22500000E+01  0.00000000E+00  0.00000000E+00  0.10000000E+04  0.00000000E+00  0.12500000E+03  0.00000000E+00  0.69999999E+00  0.10000000E+04
  0.82500000E+01  0.27500000E+01  0.00000000E+00  0.00000000E+00  0.10000000E+04  0.00000000E+00  0.12500000E+03  0.00000000E+00  0.69999999E+00  0.10000000E+04
  0.82500000E+01  0.32500000E+01  0.00000000E+00  0.00000000E+00  0.10000000E+04  0.00000000E+00  0.12500000E+03  0.00000000E+00  0.69999999E+00  0.10000000E+04
  0.82500000E+01  0.37500000E+01  0.00000000E+00  0.00000000E+00  0.10000000E+04  0.00000000E+00  0.12500000E+03  0.00000000E+00  0.69999999E+00  0.10000000E+04
  0.50000000E+00  0.00000000E+00  0.00000000E+00  0.00000000E+00  0.10516991E+04  0.11859341E+06  0.12500000E+03  0.12893552E-01  0.69999999E+00  0.99998450E+03
  0.10000000E+01  0.00000000E+00  0.00000000E+00  0.00000000E+00  0.10742373E+04  0.18241769E+06  0.12500000E+03  0.76466599E-02  0.69999999E+00  0.99999060E+03
  0.15000000E+01  0.00000000E+00  0.00000000E+00  0.00000000E+00  0.10176121E+04  0.36435242E+05  0.12500000E+03  0.22570778E-01  0.69999999E+00  0.99997375E+03
  0.20000000E+01  0.00000000E+00  0.00000000E+00  0.00000000E+00  0.11266958E+04  0.36573666E+06  0.12500000E+03  0.25957940E-01  0.69999999E+00  0.99996655E+03
  0.25000000E+01  0.00000000E+00  0.00000000E+00  0.00000000E+00  0.10444432E+04  0.99724172E+05  0.12500000E+03  0.80600586E-02  0.69999999E+00  0.99999036E+03
  0.30000000E+01  0.00000000E+00  0.00000000E+00  0.00000000E+00  0.10412681E+04  0.91710859E+05  0.12500000E+03  0.97650327E-02  0.69999999E+00  0.99998840E+03
  0.35000000E+01  0.00000000E+00  0.00000000E+00  0.00000000E+00  0.10016743E+04  0.33015120E+04  0.12500000E+03  0.40580770E-02  0.69999999E+00  0.99999536E+03
  0.40000000E+01  0.00000000E+00  0.00000000E+00  0.00000000E+00  0.10000137E+04  0.26898298E+02  0.12500000E+03 -0.68247195E-04  0.69999999E+00  0.10000001E+04
  0.45000000E+01  0.00000000E+00  0.00000000E+00  0.00000000E+00  0.10000000E+04  0.00000000E+00  0.12500000E+03  0.26770126E-39  0.69999999E+00  0.10000000E+04
  0.50000000E+01  0.00000000E+00  0.00000000E+00  0.00000000E+00  0.10000000E+04  0.00000000E+00  0.12500000E+03 -0.73988559E-42  0.69999999E+00  0.10000000E+04
  0.55000000E+01  0.00000000E+00  0.00000000E+00  0.00000000E+00  0.10000000E+04  0.00000000E+00  0.12500000E+03  0.00000000E+00  0.69999999E+00  0.10000000E+04
  0.60000000E+01  0.00000000E+00  0.00000000E+00  0.00000000E+00  0.10000000E+04  0.00000000E+00  0.12500000E+03  0.00000000E+00  0.69999999E+00  0.10000000E+04
  0.65000000E+01  0.00000000E+00  0.00000000E+00  0.00000000E+00  0.10000000E+04  0.00000000E+00  0.12500000E+03  0.00000000E+00  0.69999999E+00  0.10000000E+04
  0.70000000E+01  0.00000000E+00  0.00000000E+00  0.00000000E+00  0.10000000E+04  0.00000000E+00  0.12500000E+03  0.00000000E+00  0.69999999E+00  0.10000000E+04
  0.75000000E+01  0.00000000E+00  0.00000000E+00  0.00000000E+00  0.10000000E+04  0.00000000E+00  0.12500000E+03  0.00000000E+00  0.69999999E+00  0.10000000E+04
  0.25000000E+00 -0.25000000E+00  0.00000000E+00  0.00000000E+00  0.10059182E+04  0.11819843E+05  0.12500000E+03  0.33651241E-02  0.69999999E+00  0.99999615E+03
  0.75000000E+00 -0.25000000E+00  0.00000000E+00  0.00000000E+00  0.10275115E+04  0.58642512E+05  0.12500000E+03  0.91948677E-02  0.69999999E+00  0.99998920E+03
  0.12500000E+01 -0.25000000E+00  0.00000000E+00  0.00000000E+00  0.10098477E+04  0.19901334E+05  0.12500000E+03  0.73784171E-02  0.69999999E+00  0.99999146E+03
  0.17500000E+01 -0.25000000E+00  0.00000000E+00  0.00000000E+00  0.10143251E+04  0.29342793E+05  0.12500000E+03  0.11193374E-01  0.69999999E+00  0.99998700E+03
  0.22500000E+01 -0.25000000E+00  0.00000000E+00  0.00000000E+00  0.10014086E+04  0.27753337E+04  0.12500000E+03  0.11072904E-01  0.69999999E+00  0.99998730E+03
  0.27500000E+01 -0.25000000E+00  0.00000000E+00  0.00000000E+00  0.10042142E+04  0.83737051E+04  0.12500000E+03  0.52876556E-02  0.69999999E+00  0.99999396E+03
  0.32500000E+01 -0.25000000E+00  0.00000000E+00  0.00000000E+00  0.10005190E+04  0.10199382E+04  0.12500000E+03  0.36819526E-02  0.69999999E+00  0.99999579E+03
  0.37500000E+01 -0.25000000E+00  0.00000000E+00  0.00000000E+00  0.10000070E+04  0.13565822E+02  0.12500000E+03 -0.15635355E-03  0.69999999E+00  0.10000002E+04
  0.42500000E+01 -0.25000000E+00  0.00000000E+00  0.00000000E+00  0.10000000E+04  0.00000000E+00  0.12500000E+03 -0.10607601E-35  0.69999999E+00  0.10000000E+04
  0.47500000E+01 -0.25000000E+00  0.00000000E+00  0.00000000E+00  0.10000000E+04  0.00000000E+00  0.12500000E+03 -0.61333713E-39  0.69999999E+00  0.10000000E+04
  0.52500000E+01 -0.25000000E+00  0.00000000E+00  0.00000000E+00  0.10000000E+04  0.00000000E+00  0.12500000E+03  0.00000000E+00  0.69999999E+00  0.10000000E+04
  0.57500000E+01 -0.25000000E+00  0.00000000E+00  0.00000000E+00  0.10000000E+04  0.00000000E+00  0.12500000E+03  0.00000000E+00  0.69999999E+00  0.10000000E+04
  0.62500000E+01 -0.25000000E+00  0.00000000E+00  0.00000000E+00  0.10000000E+04  0.00000000E+00  0.12500000E+03  0.00000000E+00  0.69999999E+00  0.10000000E+04
  0.67500000E+01 -0.25000000E+00  0.00000000E+00  0.00000000E+00  0.10000000E+04  0.00000000E+00  0.12500000E+03  0.00000000E+00  0.69999999E+00  0.10000000E+04
  0.72500000E+01 -0.25000000E+00  0.00000000E+00  0.00000000E+00  0.10000000E+04  0.00000000E+00  0.12500000E+03  0.00000000E+00  0.69999999E+00  0.10000000E+04
  0.77500000E+01 -0.25000000E+00  0.00000000E+00  0.00000000E+00  0.10000000E+04  0.00000000E+00  0.12500000E+03  0.00000000E+00  0.69999999E+00  0.10000000E+04
  0.40000000E+01  0.50000000E+00  0.00000000E+00  0.00000000E+00  0.10017516E+04  0.34546360E+04  0.12500000E+03 -0.39042649E-03  0.69999999E+00  0.10000004E+04
  0.37500000E+01  0.25000000E+00  0.00000000E+00  0.00000000E+00  0.10033981E+04  0.67353462E+04  0.12500000E+03 -0.18700710E-02  0.69999999E+00  0.10000021E+04
  0.40000000E+01  0.10000000E+01  0.00000000E+00  0.00000000E+00  0.10055676E+04  0.11107931E+05  0.12500000E+03 -0.13036054E-03  0.69999999E+00  0.10000001E+04
  0.37500000E+01  0.75000000E+00  0.00000000E+00  0.00000000E+00  0.10490405E+04  0.11158870E+06  0.12500000E+03  0.98952162E-03  0.69999999E+00  0.99999884E+03
  0.40000000E+01  0.15000000E+01  0.00000000E+00  0.00000000E+00  0.10003768E+04  0.74015826E+03  0.12500000E+03  0.45015849E-03  0.69999999E+00  0.99999951E+03
  0.37500000E+01  0.12500000E+01  0.00000000E+00  0.00000000E+00  0.10407543E+04  0.90427883E+05  0.12500000E+03  0.10901790E-02  0.69999999E+00  0.99999872E+03
  0.40000000E+01  0.20000000E+01  0.00000000E+00  0.00000000E+00  0.10010588E+04  0.20840093E+04  0.12500000E+03  0.32330409E-03  0.69999999E+00  0.99999963E+03
  0.37500000E+01  0.17500000E+01  0.00000000E+00  0.00000000E+00  0.10226807E+04  0.47644328E+05  0.12500000E+03  0.21698831E-02  0.69999999E+00  0.99999744E+03
  0.45000000E+01  0.50000000E+00  0.00000000E+00  0.00000000E+00  0.10000000E+04  0.00000000E+00  0.12500000E+03  0.18081599E-38  0.69999999E+00  0.10000000E+04
  0.42500000E+01  0.25000000E+00  0.00000000E+00  0.00000000E+00  0.10000018E+04  0.35083482E+01  0.12500000E+03 -0.74084828E-05  0.69999999E+00  0.10000000E+04
  0.45000000E+01  0.10000000E+01  0.00000000E+00  0.00000000E+00  0.10000000E+04  0.00000000E+00  0.12500000E+03 -0.16367166E-41  0.69999999E+00  0.10000000E+04
  0.42500000E+01  0.75000000E+00  0.00000000E+00  0.00000000E+00  0.10000956E+04  0.18763249E+03  0.12500000E+03 -0.16268523E-04  0.69999999E+00  0.10000000E+04
  0.45000000E+01  0.15000000E+01  0.00000000E+00  0.00000000E+00  0.10000000E+04  0.00000000E+00  0.12500000E+03 -0.50194511E-41  0.69999999E+00  0.10000000E+04
  0.42500000E+01  0.12500000E+01  0.00000000E+00  0.00000000E+00  0.10000066E+04  0.12864128E+02  0.12500000E+03  0.34267537E-05  0.69999999E+00  0.10000000E+04
  0.45000000E+01  0.20000000E+01  0.00000000E+00  0.00000000E+00  0.10000000E+04  0.00000000E+00  0.12500000E+03  0.48877290E-41  0.69999999E+00  0.10000000E+04
  0.42500000E+01  0.17500000E+01  0.00000000E+00  0.00000000E+00  0.10000031E+04  0.60811610E+01  0.12500000E+03 -0.35628464E-05  0.69999999E+00  0.10000000E+04
  0.50000000E+01  0.50000000E+00  0.00000000E+00  0.00000000E+00  0.10000000E+04  0.00000000E+00  0.12500000E+03  0.65580768E-42  0.69999999E+00  0.10000000E+04
  0.47500000E+01  0.25000000E+00  0.00000000E+00  0.00000000E+00  0.10000000E+04  0.00000000E+00  0.12500000E+03  0.60718543E-39  0.69999999E+00  0.10000000E+04
  0.50000000E+01  0.10000000E+01  0.00000000E+00  0.00000000E+00  0.10000000E+04  0.00000000E+00  0.12500000E+03 -0.00000000E+00  0.69999999E+00  0.10000000E+04
  0.47500000E+01  0.75000000E+00  0.00000000E+00  0.00000000E+00  0.10000000E+04  0.00000000E+00  0.12500000E+03  0.74549078E-42  0.69999999E+00  0.10000000E+04
  0.50000000E+01  0.15000000E+01  0.00000000E+00  0.00000000E+00  0.10000000E+04  0.00000000E+00  0.12500000E+03 -0.35789163E-41  0.69999999E+00  0.10000000E+04
  0.47500000E+01  0.12500000E+01  0.00000000E+00  0.00000000E+00  0.10000000E+04  0.00000000E+00  0.12500000E+03 -0.34556020E-41  0.69999999E+00  0.10000000E+04
  0.50000000E+01  0.20000000E+01  0.00000000E+00  0.00000000E+00  0.10000000E+04  0.00000000E+00  0.12500000E+03  0.33995501E-41  0.69999999E+00  0.10000000E+04
  0.47500000E+01  0.17500000E+01  0.00000000E+00  0.00000000E+00  0.10000000E+04  0.00000000E+00  0.12500000E+03 -0.00000000E+00  0.69999999E+00  0.10000000E+04
  0.27031233E+01  0.83629823E+00  0.73433638E+00 -0.87868594E-01  0.10055188E+04  0.11008803E+05  0.12576698E+03  0.12576656E+03  0.10000000E+01  0.00000000E+00
  0.81116164E+00  0.11980265E+01 -0.44117802E+00  0.81665897E+00  0.99810852E+03 -0.36901184E+04  0.12561582E+03  0.12561256E+03  0.10000000E+01  0.00000000E+00
  0.16870708E+01  0.99612105E+00  0.39155853E+00  0.31993270E+00  0.10061537E+04  0.12298757E+05  0.12546356E+03  0.12546333E+03  0.10000000E+01  0.00000000E+00
  0.20078776E+01  0.16432049E+01  0.17456559E+01  0.39809552E+00  0.10073973E+04  0.14839573E+05  0.12531018E+03  0.12531027E+03  0.10000000E+01  0.00000000E+00
  0.28005652E+01  0.14598118E+01 -0.52151680E-01  0.37365653E-01  0.99802185E+03 -0.38581912E+04  0.12515567E+03  0.12515567E+03  0.10000000E+01  0.00000000E+00
  0.23232017E+01  0.15450904E+01  0.26503465E+00  0.59047347E+00  0.10044151E+04  0.87781201E+04  0.12500000E+03  0.12500000E+03  0.10000000E+01  0.00000000E+00
  0.28233337E+01  0.92839193E+00  0.27189326E+00 -0.23409778E+00  0.10031486E+04  0.62361240E+04  0.12576698E+03  0.12575461E+03  0.10000000E+01  0.00000000E+00
  0.83312988E+00  0.10505507E+01 -0.59338719E+00 -0.49825871E+00  0.99497705E+03 -0.97077480E+04  0.12561582E+03  0.12560624E+03  0.10000000E+01  0.00000000E+00
  0.10391860E+01  0.86228502E+00 -0.45485705E+00  0.33173776E+00  0.10013347E+04  0.26291255E+04  0.12546356E+03  0.12546037E+03  0.10000000E+01  0.00000000E+00
  0.27908561E+01  0.12722107E+01  0.12598510E+01 -0.56718159E+00  0.99732642E+03 -0.52036514E+04  0.12531018E+03  0.12531038E+03  0.10000000E+01  0.00000000E+00
  0.11799709E+01  0.87040985E+00  0.49018748E-01  0.34476757E+00  0.10004396E+04  0.86371979E+03  0.12515567E+03  0.12515535E+03  0.10000000E+01  0.00000000E+00
  0.70399141E+00  0.82074010E+00  0.97235560E-01 -0.38526338E+00  0.10055767E+04  0.11126309E+05  0.12500000E+03  0.12500000E+03  0.10000000E+01  0.00000000E+00
  0.20937579E+01  0.10137731E+01  0.57701397E+00  0.39929962E+00  0.10072759E+04  0.14590555E+05  0.12576698E+03  0.12575644E+03  0.10000000E+01  0.00000000E+00
  0.27701814E+01  0.87044990E+00  0.24448481E+00 -0.16578551E+00  0.10034814E+04  0.69022378E+04  0.12561582E+03  0.12561059E+03  0.10000000E+01  0.00000000E+00
  0.26842551E+01  0.13641435E+01 -0.29264605E+00  0.14189240E+00  0.99989331E+03 -0.20926334E+03  0.12546356E+03  0.12546005E+03  0.10000000E+01  0.00000000E+00
  0.17693155E+01  0.10249097E+01 -0.89952338E+00  0.13481823E+00  0.10081777E+04  0.16443799E+05  0.12531018E+03  0.12531018E+03  0.10000000E+01  0.00000000E+00
  0.29961610E+01  0.90239775E+00  0.27668875E+00 -0.28662097E+00  0.10073921E+04  0.14828817E+05  0.12515567E+03  0.12515553E+03  0.10000000E+01  0.00000000E+00
  0.11241739E+01  0.15535014E+01 -0.53873849E+00 -0.63724804E+00  0.10028050E+04  0.55499277E+04  0.12500000E+03  0.12499989E+03  0.10000000E+01  0.00000000E+00
  0.95386457E+00  0.14249140E+01 -0.87934244E+00 -0.14556073E+00  0.99881097E+03 -0.23246167E+04  0.12576698E+03  0.12576566E+03  0.10000000E+01  0.00000000E+00
  0.26170063E+01  0.86970270E+00 -0.81600642E+00  0.44293576E+00  0.10032541E+04  0.64471230E+04  0.12561582E+03  0.12561228E+03  0.10000000E+01  0.00000000E+00
  0.16464856E+01  0.12667675E+01  0.52846938E+00  0.19870091E-01  0.99855487E+03 -0.28230525E+04  0.12546356E+03  0.12546202E+03  0.10000000E+01  0.00000000E+00
  0.21798499E+01  0.10409329E+01  0.75648606E+00 -0.85092127E-01  0.10067618E+04  0.13538803E+05  0.12531018E+03  0.12530890E+03  0.10000000E+01  0.00000000E+00
  0.16933354E+01  0.19007959E+01  0.18260467E+01 -0.50615883E+00  0.10079766E+04  0.16029717E+05  0.12515567E+03  0.12515567E+03  0.10000000E+01  0.00000000E+00
  0.13682785E+01  0.87166309E+00  0.92639077E+00  0.69378269E+00  0.10025256E+04  0.49928667E+04  0.12500000E+03  0.12500012E+03  0.10000000E+01  0.00000000E+00
  0.10770218E+01  0.15462132E+01 -0.14591712E+00 -0.34609795E+00  0.10014790E+04  0.29147639E+04  0.12561582E+03  0.12561399E+03  0.10000000E+01  0.00000000E+00
  0.15608371E+01  0.19466584E+01  0.16686871E+01 -0.73940992E+00  0.10035598E+04  0.70591772E+04  0.12531018E+03  0.12531004E+03  0.10000000E+01  0.00000000E+00
  0.19815931E+01  0.20098879E+01  0.25356823E+00  0.97170818E+00  0.10016740E+04  0.33008032E+04  0.12500000E+03  0.12500000E+03  0.10000000E+01  0.00000000E+00
