  0.00000000E+00  0.00000000E+00  0.00000000E+00  0.00000000E+00  0.10003981E+04  0.78188733E+03  0.12500000E+03  0.36372273E-03  0.69999999E+00  0.99999957E+03
  0.00000000E+00  0.50000000E+00  0.00000000E+00  0.00000000E+00  0.10077560E+04  0.15575950E+05  0.12500000E+03  0.31567155E-03  0.69999999E+00  0.99999963E+03
  0.00000000E+00  0.10000000E+01  0.00000000E+00  0.00000000E+00  0.10202639E+04  0.42258039E+05  0.12500000E+03  0.52573072E-03  0.69999999E+00  0.99999939E+03
  0.00000000E+00  0.15000000E+01  0.00000000E+00  0.00000000E+00  0.10009783E+04  0.19249318E+04  0.12500000E+03  0.39512855E-04  0.69999999E+00  0.99999994E+03
  0.00000000E+00  0.20000000E+01  0.00000000E+00  0.00000000E+00  0.10082236E+04  0.16538369E+05  0.12500000E+03 -0.22281797E-03  0.69999999E+00  0.10000002E+04
  0.00000000E+00  0.25000000E+01  0.00000000E+00  0.00000000E+00  0.10002660E+04  0.52222205E+03  0.12500000E+03  0.60317834E-04  0.69999999E+00  0.99999994E+03
  0.00000000E+00  0.30000000E+01  0.00000000E+00  0.00000000E+00  0.10000000E+04  0.00000000E+00  0.12500000E+03  0.00000000E+00  0.69999999E+00  0.10000000E+04
  0.00000000E+00  0.35000000E+01  0.00000000E+00  0.00000000E+00  0.10000000E+04  0.00000000E+00  0.12500000E+03  0.00000000E+00  0.69999999E+00  0.10000000E+04
  0.00000000E+00  0.40000000E+01  0.00000000E+00  0.00000000E+00  0.10000000E+04  0.00000000E+00  0.12500000E+03  0.00000000E+00  0.69999999E+00  0.10000000E+04
 -0.25000000E+00 -0.25000000E+00  0.00000000E+00  0.00000000E+00  0.10002657E+04  0.52175354E+03  0.12500000E+03  0.10007216E-03  0.69999999E+00  0.99999988E+03
 -0.25000000E+00  0.25000000E+00  0.00000000E+00  0.00000000E+00  0.10020566E+04  0.40600276E+04  0.12500000E+03  0.16724900E-03  0.69999999E+00  0.99999982E+03
 -0.25000000E+00  0.75000000E+00  0.00000000E+00  0.00000000E+00  0.10002797E+04  0.54916327E+03  0.12500000E+03  0.70706905E-04  0.69999999E+00  0.99999994E+03
 -0.25000000E+00  0.12500000E+01  0.00000000E+00  0.00000000E+00  0.99746326E+03 -0.49393169E+04  0.12500000E+03  0.14299748E-03  0.69999999E+00  0.99999982E+03
 -0.25000000E+00  0.17500000E+01  0.00000000E+00  0.00000000E+00  0.99971021E+03 -0.56808917E+03  0.12500000E+03 -0.94311603E-04  0.69999999E+00  0.10000001E+04
 -0.25000000E+00  0.22500000E+01  0.00000000E+00  0.00000000E+00  0.99993225E+03 -0.13293866E+03  0.12500000E+03 -0.50125545E-04  0.69999999E+00  0.10000001E+04
 -0.25000000E+00  0.27500000E+01  0.00000000E+00  0.00000000E+00  0.10000000E+04  0.00000000E+00  0.12500000E+03  0.00000000E+00  0.69999999E+00  0.10000000E+04
 -0.25000000E+00  0.32500000E+01  0.00000000E+00  0.00000000E+00  0.10000000E+04  0.00000000E+00  0.12500000E+03  0.00000000E+00  0.69999999E+00  0.10000000E+04
 -0.25000000E+00  0.37500000E+01  0.00000000E+00  0.00000000E+00  0.10000000E+04  0.00000000E+00  0.12500000E+03  0.00000000E+00  0.69999999E+00  0.10000000E+04
  0.80000000E+01  0.00000000E+00  0.00000000E+00  0.00000000E+00  0.10000000E+04  0.00000000E+00  0.12500000E+03  0.00000000E+00  0.69999999E+00  0.10000000E+04
  0.80000000E+01  0.50000000E+00  0.00000000E+00  0.00000000E+00  0.10000000E+04  0.00000000E+00  0.12500000E+03  0.00000000E+00  0.69999999E+00  0.10000000E+04
  0.80000000E+01  0.10000000E+01  0.00000000E+00  0.00000000E+00  0.10000000E+04  0.00000000E+00  0.12500000E+03  0.00000000E+00  0.69999999E+00  0.10000000E+04
  0.80000000E+01  0.15000000E+01  0.00000000E+00  0.00000000E+00  0.10000000E+04  0.00000000E+00  0.12500000E+03  0.00000000E+00  0.69999999E+00  0.10000000E+04
  0.80000000E+01  0.20000000E+01  0.00000000E+00  0.00000000E+00  0.10000000E+04  0.00000000E+00  0.12500000E+03  0.00000000E+00  0.69999999E+00  0.10000000E+04
  0.80000000E+01  0.25000000E+01  0.00000000E+00  0.00000000E+00  0.10000000E+04  0.00000000E+00  0.12500000E+03  0.00000000E+00  0.69999999E+00  0.10000000E+04
  0.80000000E+01  0.30000000E+01  0.00000000E+00  0.00000000E+00  0.10000000E+04  0.00000000E+00  0.12500000E+03  0.00000000E+00  0.69999999E+00  0.10000000E+04
  0.80000000E+01  0.35000000E+01  0.00000000E+00  0.00000000E+00  0.10000000E+04  0.00000000E+00  0.12500000E+03  0.00000000E+00  0.69999999E+00  0.10000000E+04
  0.80000000E+01  0.40000000E+01  0.00000000E+00  0.00000000E+00  0.10000000E+04  0.00000000E+00  0.12500000E+03  0.00000000E+00  0.69999999E+00  0.10000000E+04
  0.82500000E+01 -0.25000000E+00  0.00000000E+00  0.00000000E+00  0.10000000E+04  0.00000000E+00  0.12500000E+03  0.00000000E+00  0.69999999E+00  0.10000000E+04
  0.82500000E+01  0.25000000E+00  0.00000000E+00  0.00000000E+00  0.10000000E+04  0.00000000E+00  0.12500000E+03  0.00000000E+00  0.69999999E+00  0.10000000E+04
  0.82500000E+01  0.75000000E+00  0.00000000E+00  0.00000000E+00  0.10000000E+04  0.00000000E+00  0.12500000E+03  0.00000000E+00  0.69999999E+00  0.10000000E+04
  0.82500000E+01  0.12500000E+01  0.00000000E+00  0.00000000E+00  0.10000000E+04  0.00000000E+00  0.12500000E+03  0.00000000E+00  0.69999999E+00  0.10000000E+04
  0.82500000E+01  0.17500000E+01  0.00000000E+00  0.00000000E+00  0.10000000E+04  0.00000000E+00  0.12500000E+03  0.00000000E+00  0.69999999E+00  0.10000000E+04
  0.82500000E+01  0.22500000E+01  0.00000000E+00  0.00000000E+00  0.10000000E+04  0.00000000E+00  0.12500000E+03  0.00000000E+00  0.69999999E+00  0.10000000E+04
  0.82500000E+01  0.27500000E+01  0.00000000E+00  0.00000000E+00  0.10000000E+04  0.00000000E+00  0.12500000E+03  0.00000000E+00  0.69999999E+00  0.10000000E+04
  0.82500000E+01  0.32500000E+01  0.00000000E+00  0.00000000E+00  0.10000000E+04  0.00000000E+00  0.12500000E+03  0.00000000E+00  0.69999999E+00  0.10000000E+04
  0.82500000E+01  0.37500000E+01  0.00000000E+00  0.00000000E+00  0.10000000E+04  0.00000000E+00  0.12500000E+03  0.00000000E+00  0.69999999E+00  0.10000000E+04
  0.50000000E+00  0.00000000E+00  0.00000000E+00  0.00000000E+00  0.10072567E+04  0.14551472E+05  0.12500000E+03  0.16536493E-02  0.69999999E+00  0.99999811E+03
  0.10000000E+01  0.00000000E+00  0.00000000E+00  0.00000000E+00  0.10012529E+04  0.24674282E+04  0.12500000E+03  0.88323315E-03  0.69999999E+00  0.99999902E+03
  0.15000000E+01  0.00000000E+00  0.00000000E+00  0.00000000E+00  0.99970129E+03 -0.58548315E+03  0.12500000E+03  0.24352067E-02  0.69999999E+00  0.99999725E+03
  0.20000000E+01  0.00000000E+00  0.00000000E+00  0.00000000E+00  0.10035308E+04  0.70011226E+04  0.12500000E+03  0.26071439E-02  0.69999999E+00  0.99999701E+03
  0.25000000E+01  0.00000000E+00  0.00000000E+00  0.00000000E+00  0.99815540E+03 -0.35991101E+04  0.12500000E+03 -0.39272575E-03  0.69999999E+00  0.10000004E+04
  0.30000000E+01  0.00000000E+00  0.00000000E+00  0.00000000E+00  0.10347422E+04  0.75694781E+05  0.12500000E+03  0.17199237E-03  0.69999999E+00  0.99999982E+03
  0.35000000E+01  0.00000000E+00  0.00000000E+00  0.00000000E+00  0.10048593E+04  0.96738789E+04  0.12500000E+03  0.61395098E-04  0.69999999E+00  0.99999994E+03
  0.40000000E+01  0.00000000E+00  0.00000000E+00  0.00000000E+00  0.10000000E+04  0.00000000E+00  0.12500000E+03  0.00000000E+00  0.69999999E+00  0.10000000E+04
  0.45000000E+01  0.00000000E+00  0.00000000E+00  0.00000000E+00  0.10000000E+04  0.00000000E+00  0.12500000E+03  0.00000000E+00  0.69999999E+00  0.10000000E+04
  0.50000000E+01  0.00000000E+00  0.00000000E+00  0.00000000E+00  0.10000000E+04  0.00000000E+00  0.12500000E+03  0.00000000E+00  0.69999999E+00  0.10000000E+04
  0.55000000E+01  0.00000000E+00  0.00000000E+00  0.00000000E+00  0.10000000E+04  0.00000000E+00  0.12500000E+03  0.00000000E+00  0.69999999E+00  0.10000000E+04
  0.60000000E+01  0.00000000E+00  0.00000000E+00  0.00000000E+00  0.10000000E+04  0.00000000E+00  0.12500000E+03  0.00000000E+00  0.69999999E+00  0.10000000E+04
  0.65000000E+01  0.00000000E+00  0.00000000E+00  0.00000000E+00  0.10000000E+04  0.00000000E+00  0.12500000E+03  0.00000000E+00  0.69999999E+00  0.10000000E+04
  0.70000000E+01  0.00000000E+00  0.00000000E+00  0.00000000E+00  0.10000000E+04  0.00000000E+00  0.12500000E+03  0.00000000E+00  0.69999999E+00  0.10000000E+04
  0.75000000E+01  0.00000000E+00  0.00000000E+00  0.00000000E+00  0.10000000E+04  0.00000000E+00  0.12500000E+03  0.00000000E+00  0.69999999E+00  0.10000000E+04
  0.25000000E+00 -0.25000000E+00  0.00000000E+00  0.00000000E+00  0.10023903E+04  0.47234639E+04  0.12500000E+03  0.52857836E-03  0.69999999E+00  0.99999939E+03
  0.75000000E+00 -0.25000000E+00  0.00000000E+00  0.00000000E+00  0.10041365E+04  0.82171094E+04  0.12500000E+03  0.12258088E-02  0.69999999E+00  0.99999860E+03
  0.12500000E+01 -0.25000000E+00  0.00000000E+00  0.00000000E+00  0.10067301E+04  0.13474027E+05  0.12500000E+03  0.98734966E-03  0.69999999E+00  0.99999884E+03
  0.17500000E+01 -0.25000000E+00  0.00000000E+00  0.00000000E+00  0.10063658E+04  0.12730962E+05  0.12500000E+03  0.14559745E-02  0.69999999E+00  0.99999835E+03
  0.22500000E+01 -0.25000000E+00  0.00000000E+00  0.00000000E+00  0.10180337E+04  0.37355008E+05  0.12500000E+03  0.12388232E-02  0.69999999E+00  0.99999854E+03
  0.27500000E+01 -0.25000000E+00  0.00000000E+00  0.00000000E+00  0.10012949E+04  0.25506240E+04  0.12500000E+03 -0.12545946E-04  0.69999999E+00  0.10000000E+04
  0.32500000E+01 -0.25000000E+00  0.00000000E+00  0.00000000E+00  0.10000881E+04  0.17288939E+03  0.12500000E+03  0.67016415E-04  0.69999999E+00  0.99999994E+03
  0.37500000E+01 -0.25000000E+00  0.00000000E+00  0.00000000E+00  0.10000000E+04  0.00000000E+00  0.12500000E+03  0.00000000E+00  0.69999999E+00  0.10000000E+04
  0.42500000E+01 -0.25000000E+00  0.00000000E+00  0.00000000E+00  0.10000000E+04  0.00000000E+00  0.12500000E+03  0.00000000E+00  0.69999999E+00  0.10000000E+04
  0.47500000E+01 -0.25000000E+00  0.00000000E+00  0.00000000E+00  0.10000000E+04  0.00000000E+00  0.12500000E+03  0.00000000E+00  0.69999999E+00  0.10000000E+04
  0.52500000E+01 -0.25000000E+00  0.00000000E+00  0.00000000E+00  0.10000000E+04  0.00000000E+00  0.12500000E+03  0.00000000E+00  0.69999999E+00  0.10000000E+04
  0.57500000E+01 -0.25000000E+00  0.00000000E+00  0.00000000E+00  0.10000000E+04  0.00000000E+00  0.12500000E+03  0.00000000E+00  0.69999999E+00  0.10000000E+04
  0.62500000E+01 -0.25000000E+00  0.00000000E+00  0.00000000E+00  0.10000000E+04  0.00000000E+00  0.12500000E+03  0.00000000E+00  0.69999999E+00  0.10000000E+04
  0.67500000E+01 -0.25000000E+00  0.00000000E+00  0.00000000E+00  0.10000000E+04  0.00000000E+00  0.12500000E+03  0.00000000E+00  0.69999999E+00  0.10000000E+04
  0.72500000E+01 -0.25000000E+00  0.00000000E+00  0.00000000E+00  0.10000000E+04  0.00000000E+00  0.12500000E+03  0.00000000E+00  0.69999999E+00  0.10000000E+04
  0.77500000E+01 -0.25000000E+00  0.00000000E+00  0.00000000E+00  0.10000000E+04  0.00000000E+00  0.12500000E+03  0.00000000E+00  0.69999999E+00  0.10000000E+04
  0.40000000E+01  0.50000000E+00  0.00000000E+00  0.00000000E+00  0.10000591E+04  0.11602934E+03  0.12500000E+03 -0.22052598E-05  0.69999999E+00  0.10000000E+04
  0.37500000E+01  0.25000000E+00  0.00000000E+00  0.00000000E+00  0.10023169E+04  0.45775791E+04  0.12500000E+03 -0.27462753E-04  0.69999999E+00  0.10000001E+04
  0.40000000E+01  0.10000000E+01  0.00000000E+00  0.00000000E+00  0.10001199E+04  0.23537663E+03  0.12500000E+03  0.16931601E-05  0.69999999E+00  0.10000000E+04
  0.37500000E+01  0.75000000E+00  0.00000000E+00  0.00000000E+00  0.10131410E+04  0.26821705E+05  0.12500000E+03  0.15357457E-04  0.69999999E+00  0.10000000E+04
  0.40000000E+01  0.15000000E+01  0.00000000E+00  0.00000000E+00  0.10000000E+04  0.00000000E+00  0.12500000E+03  0.00000000E+00  0.69999999E+00  0.10000000E+04
  0.37500000E+01  0.12500000E+01  0.00000000E+00  0.00000000E+00  0.10049415E+04  0.98403066E+04  0.12500000E+03  0.14493146E-04  0.69999999E+00  0.10000000E+04
  0.40000000E+01  0.20000000E+01  0.00000000E+00  0.00000000E+00  0.10000000E+04  0.00000000E+00  0.12500000E+03  0.00000000E+00  0.69999999E+00  0.10000000E+04
  0.37500000E+01  0.17500000E+01  0.00000000E+00  0.00000000E+00  0.10002061E+04  0.40464359E+03  0.12500000E+03  0.16076865E-04  0.69999999E+00  0.10000000E+04
  0.45000000E+01  0.50000000E+00  0.00000000E+00  0.00000000E+00  0.10000000E+04  0.00000000E+00  0.12500000E+03  0.00000000E+00  0.69999999E+00  0.10000000E+04
  0.42500000E+01  0.25000000E+00  0.00000000E+00  0.00000000E+00  0.10000000E+04  0.00000000E+00  0.12500000E+03  0.00000000E+00  0.69999999E+00  0.10000000E+04
  0.45000000E+01  0.10000000E+01  0.00000000E+00  0.00000000E+00  0.10000000E+04  0.00000000E+00  0.12500000E+03  0.00000000E+00  0.69999999E+00  0.10000000E+04
  0.42500000E+01  0.75000000E+00  0.00000000E+00  0.00000000E+00  0.10000000E+04  0.00000000E+00  0.12500000E+03  0.00000000E+00  0.69999999E+00  0.10000000E+04
  0.45000000E+01  0.15000000E+01  0.00000000E+00  0.00000000E+00  0.10000000E+04  0.00000000E+00  0.12500000E+03  0.00000000E+00  0.69999999E+00  0.10000000E+04
  0.42500000E+01  0.12500000E+01  0.00000000E+00  0.00000000E+00  0.10000000E+04  0.00000000E+00  0.12500000E+03  0.00000000E+00  0.69999999E+00  0.10000000E+04
  0.45000000E+01  0.20000000E+01  0.00000000E+00  0.00000000E+00  0.10000000E+04  0.00000000E+00  0.12500000E+03  0.00000000E+00  0.69999999E+00  0.10000000E+04
  0.42500000E+01  0.17500000E+01  0.00000000E+00  0.00000000E+00  0.10000000E+04  0.00000000E+00  0.12500000E+03  0.00000000E+00  0.69999999E+00  0.10000000E+04
  0.50000000E+01  0.50000000E+00  0.00000000E+00  0.00000000E+00  0.10000000E+04  0.00000000E+00  0.12500000E+03  0.00000000E+00  0.69999999E+00  0.10000000E+04
  0.47500000E+01  0.25000000E+00  0.00000000E+00  0.00000000E+00  0.10000000E+04  0.00000000E+00  0.12500000E+03  0.00000000E+00  0.69999999E+00  0.10000000E+04
  0.50000000E+01  0.10000000E+01  0.00000000E+00  0.00000000E+00  0.10000000E+04  0.00000000E+00  0.12500000E+03  0.00000000E+00  0.69999999E+00  0.10000000E+04
  0.47500000E+01  0.75000000E+00  0.00000000E+00  0.00000000E+00  0.10000000E+04  0.00000000E+00  0.12500000E+03  0.00000000E+00  0.69999999E+00  0.10000000E+04
  0.50000000E+01  0.15000000E+01  0.00000000E+00  0.00000000E+00  0.10000000E+04  0.00000000E+00  0.12500000E+03  0.00000000E+00  0.69999999E+00  0.10000000E+04
  0.47500000E+01  0.12500000E+01  0.00000000E+00  0.00000000E+00  0.10000000E+04  0.00000000E+00  0.12500000E+03  0.00000000E+00  0.69999999E+00  0.10000000E+04
  0.50000000E+01  0.20000000E+01  0.00000000E+00  0.00000000E+00  0.10000000E+04  0.00000000E+00  0.12500000E+03  0.00000000E+00  0.69999999E+00  0.10000000E+04
  0.47500000E+01  0.17500000E+01  0.00000000E+00  0.00000000E+00  0.10000000E+04  0.00000000E+00  0.12500000E+03  0.00000000E+00  0.69999999E+00  0.10000000E+04
  0.73773146E+00  0.24132705E+00 -0.23940418E-01 -0.12433273E+00  0.10060090E+04  0.12004297E+05  0.12576698E+03  0.12576698E+03  0.10000000E+01  0.00000000E+00
  0.50159371E+00  0.51685071E+00  0.10889740E+00  0.26005425E-01  0.10042458E+04  0.84370352E+04  0.12561582E+03  0.12561417E+03  0.10000000E+01  0.00000000E+00
  0.73634076E+00  0.72317553E+00 -0.29904151E+00 -0.19923718E+00  0.10081739E+04  0.16435939E+05  0.12546356E+03  0.12546356E+03  0.10000000E+01  0.00000000E+00
  0.54337186E+00  0.96952701E+00  0.54466665E+00 -0.31151104E+00  0.10069328E+04  0.13888460E+05  0.12531018E+03  0.12531018E+03  0.10000000E+01  0.00000000E+00
  0.77511597E+00  0.12243559E+01  0.29819405E+00 -0.23553148E-01  0.10034335E+04  0.68062471E+04  0.12515567E+03  0.12515567E+03  0.10000000E+01  0.00000000E+00
  0.57644331E+00  0.14140754E+01  0.11932824E+01 -0.73739398E+00  0.99727472E+03 -0.53035259E+04  0.12500000E+03  0.12500000E+03  0.10000000E+01  0.00000000E+00
  0.12718723E+01  0.22887975E+00  0.78341559E-01 -0.12870918E+00  0.10081161E+04  0.16316847E+05  0.12576698E+03  0.12576534E+03  0.10000000E+01  0.00000000E+00
  0.10159208E+01  0.47778308E+00  0.12771869E-01 -0.11949186E+00  0.10052154E+04  0.10394129E+05  0.12561582E+03  0.12561417E+03  0.10000000E+01  0.00000000E+00
  0.13010778E+01  0.69939888E+00  0.27787170E+00 -0.33218598E+00  0.10050883E+04  0.10136755E+05  0.12546356E+03  0.12546356E+03  0.10000000E+01  0.00000000E+00
  0.10388504E+01  0.95105219E+00  0.26530454E+00 -0.27671760E+00  0.10042172E+04  0.83794619E+04  0.12531018E+03  0.12531018E+03  0.10000000E+01  0.00000000E+00
  0.13073776E+01  0.11858072E+01  0.42819816E+00 -0.27030832E+00  0.10013939E+04  0.27463228E+04  0.12515567E+03  0.12515567E+03  0.10000000E+01  0.00000000E+00
  0.10335337E+01  0.14457037E+01  0.26417834E+00 -0.89379922E-01  0.10041982E+04  0.83413242E+04  0.12500000E+03  0.12500000E+03  0.10000000E+01  0.00000000E+00
  0.18041565E+01  0.23903444E+00  0.64354670E+00 -0.71642362E-02  0.10094265E+04  0.19026059E+05  0.12576698E+03  0.12576534E+03  0.10000000E+01  0.00000000E+00
  0.15540435E+01  0.47771609E+00  0.32452780E+00  0.12373292E-01  0.10062382E+04  0.12470602E+05  0.12561582E+03  0.12561417E+03  0.10000000E+01  0.00000000E+00
  0.18428195E+01  0.70096374E+00  0.73096383E+00 -0.13285945E+00  0.10088992E+04  0.17933377E+05  0.12546356E+03  0.12546356E+03  0.10000000E+01  0.00000000E+00
  0.15595529E+01  0.93356013E+00  0.33123082E+00 -0.25946212E+00  0.10015336E+04  0.30228567E+04  0.12531018E+03  0.12531018E+03  0.10000000E+01  0.00000000E+00
  0.18062611E+01  0.11348526E+01  0.29601824E+00 -0.55175865E+00  0.99871814E+03 -0.25053535E+04  0.12515567E+03  0.12515567E+03  0.10000000E+01  0.00000000E+00
  0.15448964E+01  0.14066374E+01  0.29760051E+00 -0.37575620E+00  0.10004065E+04  0.79853351E+03  0.12500000E+03  0.12500000E+03  0.10000000E+01  0.00000000E+00
  0.22679634E+01  0.29238984E+00 -0.55418599E+00  0.62460154E+00  0.99882410E+03 -0.22989548E+04  0.12576698E+03  0.12576698E+03  0.10000000E+01  0.00000000E+00
  0.21309309E+01  0.50012684E+00  0.12378149E+01  0.76725349E-01  0.10064427E+04  0.12887710E+05  0.12561582E+03  0.12561582E+03  0.10000000E+01  0.00000000E+00
  0.25188341E+01  0.68428397E+00  0.19467425E+01 -0.47059250E+00  0.10030896E+04  0.61181655E+04  0.12546356E+03  0.12546356E+03  0.10000000E+01  0.00000000E+00
  0.21343970E+01  0.88965583E+00  0.99420738E+00 -0.75876790E+00  0.10047373E+04  0.94276396E+04  0.12531018E+03  0.12531018E+03  0.10000000E+01  0.00000000E+00
  0.24075108E+01  0.10802228E+01  0.11207445E+01 -0.98746967E+00  0.10062971E+04  0.12590799E+05  0.12515567E+03  0.12515567E+03  0.10000000E+01  0.00000000E+00
  0.20442319E+01  0.13318081E+01  0.15946925E+00 -0.91301501E+00  0.99875360E+03 -0.24362976E+04  0.12500000E+03  0.12500000E+03  0.10000000E+01  0.00000000E+00
  0.26807008E+01  0.59809458E+00  0.89517283E+00  0.14928832E+01  0.99561835E+03 -0.84846270E+04  0.12561582E+03  0.12561417E+03  0.10000000E+01  0.00000000E+00
  0.28323917E+01  0.79685783E+00  0.25970054E+01 -0.12332987E+01  0.10043351E+04  0.86167764E+04  0.12531018E+03  0.12531018E+03  0.10000000E+01  0.00000000E+00
  0.26816931E+01  0.12921648E+01  0.14722865E+01 -0.10198892E+01  0.10050365E+04  0.10032125E+05  0.12500000E+03  0.12500000E+03  0.10000000E+01  0.00000000E+00
