  0.00000000E+00  0.00000000E+00  0.00000000E+00  0.00000000E+00  0.10013687E+04  0.26963262E+04  0.12500000E+03  0.25720557E-02  0.69999999E+00  0.99999707E+03
  0.00000000E+00  0.50000000E+00  0.00000000E+00  0.00000000E+00  0.10122437E+04  0.24922576E+05  0.12500000E+03  0.36169211E-02  0.69999999E+00  0.99999579E+03
  0.00000000E+00  0.10000000E+01  0.00000000E+00  0.00000000E+00  0.10047249E+04  0.94026162E+04  0.12500000E+03  0.39673084E-02  0.69999999E+00  0.99999542E+03
  0.00000000E+00  0.15000000E+01  0.00000000E+00  0.00000000E+00  0.10233998E+04  0.49262031E+05  0.12500000E+03  0.14041695E-02  0.69999999E+00  0.99999835E+03
  0.00000000E+00  0.20000000E+01  0.00000000E+00  0.00000000E+00  0.10196898E+04  0.40989695E+05  0.12500000E+03 -0.19277337E-02  0.69999999E+00  0.10000023E+04
  0.00000000E+00  0.25000000E+01  0.00000000E+00  0.00000000E+00  0.10034469E+04  0.68332266E+04  0.12500000E+03  0.51974104E-03  0.69999999E+00  0.99999939E+03
  0.00000000E+00  0.30000000E+01  0.00000000E+00  0.00000000E+00  0.10000026E+04  0.51455903E+01  0.12500000E+03  0.38292605E-04  0.69999999E+00  0.99999994E+03
  0.00000000E+00  0.35000000E+01  0.00000000E+00  0.00000000E+00  0.10000000E+04  0.00000000E+00  0.12500000E+03  0.00000000E+00  0.69999999E+00  0.10000000E+04
  0.00000000E+00  0.40000000E+01  0.00000000E+00  0.00000000E+00  0.10000000E+04  0.00000000E+00  0.12500000E+03  0.00000000E+00  0.69999999E+00  0.10000000E+04
 -0.25000000E+00 -0.25000000E+00  0.00000000E+00  0.00000000E+00  0.10006414E+04  0.12607445E+04  0.12500000E+03  0.52005530E-03  0.69999999E+00  0.99999939E+03
 -0.25000000E+00  0.25000000E+00  0.00000000E+00  0.00000000E+00  0.10005773E+04  0.11344517E+04  0.12500000E+03  0.11782395E-02  0.69999999E+00  0.99999866E+03
 -0.25000000E+00  0.75000000E+00  0.00000000E+00  0.00000000E+00  0.10020082E+04  0.39639050E+04  0.12500000E+03  0.58303971E-03  0.69999999E+00  0.99999933E+03
 -0.25000000E+00  0.12500000E+01  0.00000000E+00  0.00000000E+00  0.10012842E+04  0.25291750E+04  0.12500000E+03  0.12259986E-02  0.69999999E+00  0.99999860E+03
 -0.25000000E+00  0.17500000E+01  0.00000000E+00  0.00000000E+00  0.10012147E+04  0.23920281E+04  0.12500000E+03 -0.41806250E-03  0.69999999E+00  0.10000005E+04
 -0.25000000E+00  0.22500000E+01  0.00000000E+00  0.00000000E+00  0.10015139E+04  0.29839109E+04  0.12500000E+03 -0.18548567E-03  0.69999999E+00  0.10000002E+04
 -0.25000000E+00  0.27500000E+01  0.00000000E+00  0.00000000E+00  0.10000007E+04  0.14033347E+01  0.12500000E+03  0.17473474E-04  0.69999999E+00  0.10000000E+04
 -0.25000000E+00  0.32500000E+01  0.00000000E+00  0.00000000E+00  0.10000000E+04  0.00000000E+00  0.12500000E+03  0.75193676E-41  0.69999999E+00  0.10000000E+04
 -0.25000000E+00  0.37500000E+01  0.00000000E+00  0.00000000E+00  0.10000000E+04  0.00000000E+00  0.12500000E+03  0.00000000E+00  0.69999999E+00  0.10000000E+04
  0.80000000E+01  0.00000000E+00  0.00000000E+00  0.00000000E+00  0.10000000E+04  0.00000000E+00  0.12500000E+03  0.00000000E+00  0.69999999E+00  0.10000000E+04
  0.80000000E+01  0.50000000E+00  0.00000000E+00  0.00000000E+00  0.10000000E+04  0.00000000E+00  0.12500000E+03  0.00000000E+00  0.69999999E+00  0.10000000E+04
  0.80000000E+01  0.10000000E+01  0.00000000E+00  0.00000000E+00  0.10000000E+04  0.00000000E+00  0.12500000E+03  0.00000000E+00  0.69999999E+00  0.10000000E+04
  0.80000000E+01  0.15000000E+01  0.00000000E+00  0.00000000E+00  0.10000000E+04  0.00000000E+00  0.12500000E+03  0.00000000E+00  0.69999999E+00  0.10000000E+04
  0.80000000E+01  0.20000000E+01  0.00000000E+00  0.00000000E+00  0.10000000E+04  0.00000000E+00  0.12500000E+03  0.00000000E+00  0.69999999E+00  0.10000000E+04
  0.80000000E+01  0.25000000E+01  0.00000000E+00  0.00000000E+00  0.10000000E+04  0.00000000E+00  0.12500000E+03  0.00000000E+00  0.69999999E+00  0.10000000E+04
  0.80000000E+01  0.30000000E+01  0.00000000E+00  0.00000000E+00  0.10000000E+04  0.00000000E+00  0.12500000E+03  0.00000000E+00  0.69999999E+00  0.10000000E+04
  0.80000000E+01  0.35000000E+01  0.00000000E+00  0.00000000E+00  0.10000000E+04  0.00000000E+00  0.12500000E+03  0.00000000E+00  0.69999999E+00  0.10000000E+04
  0.80000000E+01  0.40000000E+01  0.00000000E+00  0.00000000E+00  0.10000000E+04  0.00000000E+00  0.12500000E+03  0.00000000E+00  0.69999999E+00  0.10000000E+04
  0.82500000E+01 -0.25000000E+00  0.00000000E+00  0.00000000E+00  0.10000000E+04  0.00000000E+00  0.12500000E+03  0.00000000E+00  0.69999999E+00  0.10000000E+04
  0.82500000E+01  0.25000000E+00  0.00000000E+00  0.00000000E+00  0.10000000E+04  0.00000000E+00  0.12500000E+03  0.00000000E+00  0.69999999E+00  0.10000000E+04
  0.82500000E+01  0.75000000E+00  0.00000000E+00  0.00000000E+00  0.10000000E+04  0.00000000E+00  0.12500000E+03  0.00000000E+00  0.69999999E+00  0.10000000E+04
  0.82500000E+01  0.12500000E+01  0.00000000E+00  0.00000000E+00  0.10000000E+04  0.00000000E+00  0.12500000E+03  0.00000000E+00  0.69999999E+00  0.10000000E+04
  0.82500000E+01  0.17500000E+01  0.00000000E+00  0.00000000E+00  0.10000000E+04  0.00000000E+00  0.12500000E+03  0.00000000E+00  0.69999999E+00  0.10000000E+04
  0.82500000E+01  0.22500000E+01  0.00000000E+00  0.00000000E+00  0.10000000E+04  0.00000000E+00  0.12500000E+03  0.00000000E+00  0.69999999E+00  0.10000000E+04
  0.82500000E+01  0.27500000E+01  0.00000000E+00  0.00000000E+00  0.10000000E+04  0.00000000E+00  0.12500000E+03  0.00000000E+00  0.69999999E+00  0.10000000E+04
  0.82500000E+01  0.32500000E+01  0.00000000E+00  0.00000000E+00  0.10000000E+04  0.00000000E+00  0.12500000E+03  0.00000000E+00  0.69999999E+00  0.10000000E+04
  0.82500000E+01  0.37500000E+01  0.00000000E+00  0.00000000E+00  0.10000000E+04  0.00000000E+00  0.12500000E+03  0.00000000E+00  0.69999999E+00  0.10000000E+04
  0.50000000E+00  0.00000000E+00  0.00000000E+00  0.00000000E+00  0.10493102E+04  0.11229436E+06  0.12500000E+03  0.13227042E-01  0.69999999E+00  0.99998413E+03
  0.10000000E+01  0.00000000E+00  0.00000000E+00  0.00000000E+00  0.10592136E+04  0.13897669E+06  0.12500000E+03  0.79743546E-02  0.69999999E+00  0.99999036E+03
  0.15000000E+01  0.00000000E+00  0.00000000E+00  0.00000000E+00  0.10264114E+04  0.56110637E+05  0.12500000E+03  0.23095377E-01  0.69999999E+00  0.99997290E+03
  0.20000000E+01  0.00000000E+00  0.00000000E+00  0.00000000E+00  0.11406038E+04  0.42366881E+06  0.12500000E+03  0.26606718E-01  0.69999999E+00  0.99996533E+03
  0.25000000E+01  0.00000000E+00  0.00000000E+00  0.00000000E+00  0.10401649E+04  0.88960852E+05  0.12500000E+03  0.86491145E-02  0.69999999E+00  0.99998975E+03
  0.30000000E+01  0.00000000E+00  0.00000000E+00  0.00000000E+00  0.10541624E+04  0.12517947E+06  0.12500000E+03  0.10299470E-01  0.69999999E+00  0.99998761E+03
  0.35000000E+01  0.00000000E+00  0.00000000E+00  0.00000000E+00  0.10061420E+04  0.12274977E+05  0.12500000E+03  0.42908154E-02  0.69999999E+00  0.99999506E+03
  0.40000000E+01  0.00000000E+00  0.00000000E+00  0.00000000E+00  0.10000137E+04  0.26898298E+02  0.12500000E+03 -0.68247195E-04  0.69999999E+00  0.10000001E+04
  0.45000000E+01  0.00000000E+00  0.00000000E+00  0.00000000E+00  0.10000000E+04  0.00000000E+00  0.12500000E+03  0.44693574E-39  0.69999999E+00  0.10000000E+04
  0.50000000E+01  0.00000000E+00  0.00000000E+00  0.00000000E+00  0.10000000E+04  0.00000000E+00  0.12500000E+03 -0.16703478E-41  0.69999999E+00  0.10000000E+04
  0.55000000E+01  0.00000000E+00  0.00000000E+00  0.00000000E+00  0.10000000E+04  0.00000000E+00  0.12500000E+03  0.00000000E+00  0.69999999E+00  0.10000000E+04
  0.60000000E+01  0.00000000E+00  0.00000000E+00  0.00000000E+00  0.10000000E+04  0.00000000E+00  0.12500000E+03  0.00000000E+00  0.69999999E+00  0.10000000E+04
  0.65000000E+01  0.00000000E+00  0.00000000E+00  0.00000000E+00  0.10000000E+04  0.00000000E+00  0.12500000E+03  0.00000000E+00  0.69999999E+00  0.10000000E+04
  0.70000000E+01  0.00000000E+00  0.00000000E+00  0.00000000E+00  0.10000000E+04  0.00000000E+00  0.12500000E+03  0.00000000E+00  0.69999999E+00  0.10000000E+04
  0.75000000E+01  0.00000000E+00  0.00000000E+00  0.00000000E+00  0.10000000E+04  0.00000000E+00  0.12500000E+03  0.00000000E+00  0.69999999E+00  0.10000000E+04
  0.25000000E+00 -0.25000000E+00  0.00000000E+00  0.00000000E+00  0.10057758E+04  0.11530396E+05  0.12500000E+03  0.34194482E-02  0.69999999E+00  0.99999609E+03
  0.75000000E+00 -0.25000000E+00  0.00000000E+00  0.00000000E+00  0.10267593E+04  0.56909484E+05  0.12500000E+03  0.94249807E-02  0.69999999E+00  0.99998895E+03
  0.12500000E+01 -0.25000000E+00  0.00000000E+00  0.00000000E+00  0.10086967E+04  0.17514557E+05  0.12500000E+03  0.75189443E-02  0.69999999E+00  0.99999133E+03
  0.17500000E+01 -0.25000000E+00  0.00000000E+00  0.00000000E+00  0.10150698E+04  0.30937826E+05  0.12500000E+03  0.11400172E-01  0.69999999E+00  0.99998676E+03
  0.22500000E+01 -0.25000000E+00  0.00000000E+00  0.00000000E+00  0.10010071E+04  0.19818708E+04  0.12500000E+03  0.11368379E-01  0.69999999E+00  0.99998700E+03
  0.27500000E+01 -0.25000000E+00  0.00000000E+00  0.00000000E+00  0.10053633E+04  0.10693477E+05  0.12500000E+03  0.56026671E-02  0.69999999E+00  0.99999359E+03
  0.32500000E+01 -0.25000000E+00  0.00000000E+00  0.00000000E+00  0.10019857E+04  0.39191677E+04  0.12500000E+03  0.39020204E-02  0.69999999E+00  0.99999554E+03
  0.37500000E+01 -0.25000000E+00  0.00000000E+00  0.00000000E+00  0.10000070E+04  0.13565822E+02  0.12500000E+03 -0.15635355E-03  0.69999999E+00  0.10000002E+04
  0.42500000E+01 -0.25000000E+00  0.00000000E+00  0.00000000E+00  0.10000000E+04  0.00000000E+00  0.12500000E+03 -0.16633396E-35  0.69999999E+00  0.10000000E+04
  0.47500000E+01 -0.25000000E+00  0.00000000E+00  0.00000000E+00  0.10000000E+04  0.00000000E+00  0.12500000E+03 -0.10210421E-38  0.69999999E+00  0.10000000E+04
  0.52500000E+01 -0.25000000E+00  0.00000000E+00  0.00000000E+00  0.10000000E+04  0.00000000E+00  0.12500000E+03  0.00000000E+00  0.69999999E+00  0.10000000E+04
  0.57500000E+01 -0.25000000E+00  0.00000000E+00  0.00000000E+00  0.10000000E+04  0.00000000E+00  0.12500000E+03  0.00000000E+00  0.69999999E+00  0.10000000E+04
  0.62500000E+01 -0.25000000E+00  0.00000000E+00  0.00000000E+00  0.10000000E+04  0.00000000E+00  0.12500000E+03  0.00000000E+00  0.69999999E+00  0.10000000E+04
  0.67500000E+01 -0.25000000E+00  0.00000000E+00  0.00000000E+00  0.10000000E+04  0.00000000E+00  0.12500000E+03  0.00000000E+00  0.69999999E+00  0.10000000E+04
  0.72500000E+01 -0.25000000E+00  0.00000000E+00  0.00000000E+00  0.10000000E+04  0.00000000E+00  0.12500000E+03  0.00000000E+00  0.69999999E+00  0.10000000E+04
  0.77500000E+01 -0.25000000E+00  0.00000000E+00  0.00000000E+00  0.10000000E+04  0.00000000E+00  0.12500000E+03  0.00000000E+00  0.69999999E+00  0.10000000E+04
  0.40000000E+01  0.50000000E+00  0.00000000E+00  0.00000000E+00  0.10006378E+04  0.12537008E+04  0.12500000E+03 -0.45189337E-03  0.69999999E+00  0.10000005E+04
  0.37500000E+01  0.25000000E+00  0.00000000E+00  0.00000000E+00  0.10040427E+04  0.80287153E+04  0.12500000E+03 -0.20236992E-02  0.69999999E+00  0.10000023E+04
  0.40000000E+01  0.10000000E+01  0.00000000E+00  0.00000000E+00  0.10010394E+04  0.20456448E+04  0.12500000E+03 -0.12906551E-03  0.69999999E+00  0.10000001E+04
  0.37500000E+01  0.75000000E+00  0.00000000E+00  0.00000000E+00  0.10361934E+04  0.79204133E+05  0.12500000E+03  0.10240253E-02  0.69999999E+00  0.99999878E+03
  0.40000000E+01  0.15000000E+01  0.00000000E+00  0.00000000E+00  0.10001346E+04  0.26416690E+03  0.12500000E+03  0.49134140E-03  0.69999999E+00  0.99999945E+03
  0.37500000E+01  0.12500000E+01  0.00000000E+00  0.00000000E+00  0.10236333E+04  0.49788523E+05  0.12500000E+03  0.12000054E-02  0.69999999E+00  0.99999860E+03
  0.40000000E+01  0.20000000E+01  0.00000000E+00  0.00000000E+00  0.10010588E+04  0.20840093E+04  0.12500000E+03  0.32662303E-03  0.69999999E+00  0.99999963E+03
  0.37500000E+01  0.17500000E+01  0.00000000E+00  0.00000000E+00  0.10228204E+04  0.47958324E+05  0.12500000E+03  0.23243634E-02  0.69999999E+00  0.99999725E+03
  0.45000000E+01  0.50000000E+00  0.00000000E+00  0.00000000E+00  0.10000000E+04  0.00000000E+00  0.12500000E+03  0.30082375E-38  0.69999999E+00  0.10000000E+04
  0.42500000E+01  0.25000000E+00  0.00000000E+00  0.00000000E+00  0.10000018E+04  0.35083482E+01  0.12500000E+03 -0.74084828E-05  0.69999999E+00  0.10000000E+04
  0.45000000E+01  0.10000000E+01  0.00000000E+00  0.00000000E+00  0.10000000E+04  0.00000000E+00  0.12500000E+03 -0.25111268E-41  0.69999999E+00  0.10000000E+04
  0.42500000E+01  0.75000000E+00  0.00000000E+00  0.00000000E+00  0.10000916E+04  0.17967581E+03  0.12500000E+03 -0.20551628E-04  0.69999999E+00  0.10000000E+04
  0.45000000E+01  0.15000000E+01  0.00000000E+00  0.00000000E+00  0.10000000E+04  0.00000000E+00  0.12500000E+03 -0.94980010E-41  0.69999999E+00  0.10000000E+04
  0.42500000E+01  0.12500000E+01  0.00000000E+00  0.00000000E+00  0.10000066E+04  0.12864128E+02  0.12500000E+03  0.64903998E-05  0.69999999E+00  0.10000000E+04
  0.45000000E+01  0.20000000E+01  0.00000000E+00  0.00000000E+00  0.10000000E+04  0.00000000E+00  0.12500000E+03  0.91953205E-41  0.69999999E+00  0.10000000E+04
  0.42500000E+01  0.17500000E+01  0.00000000E+00  0.00000000E+00  0.10000031E+04  0.60811610E+01  0.12500000E+03 -0.35628464E-05  0.69999999E+00  0.10000000E+04
  0.50000000E+01  0.50000000E+00  0.00000000E+00  0.00000000E+00  0.10000000E+04  0.00000000E+00  0.12500000E+03  0.15358231E-41  0.69999999E+00  0.10000000E+04
  0.47500000E+01  0.25000000E+00  0.00000000E+00  0.00000000E+00  0.10000000E+04  0.00000000E+00  0.12500000E+03  0.10097168E-38  0.69999999E+00  0.10000000E+04
  0.50000000E+01  0.10000000E+01  0.00000000E+00  0.00000000E+00  0.10000000E+04  0.00000000E+00  0.12500000E+03 -0.00000000E+00  0.69999999E+00  0.10000000E+04
  0.47500000E+01  0.75000000E+00  0.00000000E+00  0.00000000E+00  0.10000000E+04  0.00000000E+00  0.12500000E+03  0.16871634E-41  0.69999999E+00  0.10000000E+04
  0.50000000E+01  0.15000000E+01  0.00000000E+00  0.00000000E+00  0.10000000E+04  0.00000000E+00  0.12500000E+03 -0.68075079E-41  0.69999999E+00  0.10000000E+04
  0.47500000E+01  0.12500000E+01  0.00000000E+00  0.00000000E+00  0.10000000E+04  0.00000000E+00  0.12500000E+03 -0.66253391E-41  0.69999999E+00  0.10000000E+04
  0.50000000E+01  0.20000000E+01  0.00000000E+00  0.00000000E+00  0.10000000E+04  0.00000000E+00  0.12500000E+03  0.64571833E-41  0.69999999E+00  0.10000000E+04
  0.47500000E+01  0.17500000E+01  0.00000000E+00  0.00000000E+00  0.10000000E+04  0.00000000E+00  0.12500000E+03 -0.00000000E+00  0.69999999E+00  0.10000000E+04
  0.27622507E+01  0.85264421E+00  0.43613636E+00  0.50770158E+00  0.10051031E+04  0.10166896E+05  0.12576698E+03  0.12576656E+03  0.10000000E+01  0.00000000E+00
  0.84676182E+00  0.13018056E+01  0.53848428E+00  0.60965103E+00  0.10138696E+04  0.28370799E+05  0.12561582E+03  0.12561256E+03  0.10000000E+01  0.00000000E+00
  0.17340479E+01  0.93807435E+00  0.39914751E+00 -0.30431390E-01  0.10021772E+04  0.42997451E+04  0.12546356E+03  0.12546323E+03  0.10000000E+01  0.00000000E+00
  0.24239571E+01  0.17568777E+01  0.20099401E+01  0.77567613E+00  0.10013286E+04  0.26171016E+04  0.12531018E+03  0.12531027E+03  0.10000000E+01  0.00000000E+00
  0.27978711E+01  0.15432066E+01 -0.43277796E-02  0.80049920E+00  0.10062933E+04  0.12583027E+05  0.12515567E+03  0.12515567E+03  0.10000000E+01  0.00000000E+00
  0.25419598E+01  0.17201691E+01  0.12820656E+01  0.85932839E+00  0.99882135E+03 -0.23042964E+04  0.12500000E+03  0.12500000E+03  0.10000000E+01  0.00000000E+00
  0.28014412E+01  0.92307961E+00 -0.33381885E+00  0.11013136E+00  0.10036216E+04  0.71834429E+04  0.12576698E+03  0.12575461E+03  0.10000000E+01  0.00000000E+00
  0.86776960E+00  0.97943974E+00  0.50630230E+00 -0.76354343E+00  0.10058646E+04  0.11710817E+05  0.12561582E+03  0.12560624E+03  0.10000000E+01  0.00000000E+00
  0.96817994E+00  0.91134024E+00 -0.76837224E+00  0.12361574E+00  0.10093563E+04  0.18880352E+05  0.12546356E+03  0.12546037E+03  0.10000000E+01  0.00000000E+00
  0.28492243E+01  0.12206532E+01  0.21144560E+00 -0.19363439E+00  0.10054730E+04  0.10915986E+05  0.12531018E+03  0.12531038E+03  0.10000000E+01  0.00000000E+00
  0.12193772E+01  0.89053261E+00  0.11440555E+00 -0.16935396E+00  0.10075657E+04  0.15184929E+05  0.12515567E+03  0.12515535E+03  0.10000000E+01  0.00000000E+00
  0.72788012E+00  0.83853400E+00 -0.60935193E+00  0.18051741E+00  0.10136105E+04  0.27819193E+05  0.12500000E+03  0.12500000E+03  0.10000000E+01  0.00000000E+00
  0.21331451E+01  0.10095834E+01 -0.85201040E-01  0.13377240E+00  0.10047031E+04  0.93585898E+04  0.12576698E+03  0.12575644E+03  0.10000000E+01  0.00000000E+00
  0.27601922E+01  0.87532616E+00 -0.17427164E+00  0.31235519E+00  0.10047427E+04  0.94384678E+04  0.12561582E+03  0.12561059E+03  0.10000000E+01  0.00000000E+00
  0.27159791E+01  0.14175390E+01  0.35157421E+00  0.41608182E+00  0.10030458E+04  0.60307363E+04  0.12546356E+03  0.12546005E+03  0.10000000E+01  0.00000000E+00
  0.16558626E+01  0.91639876E+00 -0.65355039E+00 -0.76012444E+00  0.10098776E+04  0.19963602E+05  0.12531018E+03  0.12531018E+03  0.10000000E+01  0.00000000E+00
  0.29161434E+01  0.79675412E+00 -0.78715223E+00 -0.61329681E+00  0.10066854E+04  0.13382729E+05  0.12515567E+03  0.12515553E+03  0.10000000E+01  0.00000000E+00
  0.10461390E+01  0.15167203E+01 -0.61984628E-01  0.29090512E+00  0.10099038E+04  0.20018186E+05  0.12500000E+03  0.12500612E+03  0.10000000E+01  0.00000000E+00
  0.87951076E+00  0.14174908E+01  0.10745730E+00  0.22233076E+00  0.10102541E+04  0.20748217E+05  0.12576698E+03  0.12576566E+03  0.10000000E+01  0.00000000E+00
  0.24871159E+01  0.97245920E+00 -0.83970308E+00  0.10338919E+01  0.99676178E+03 -0.62919624E+04  0.12561582E+03  0.12561228E+03  0.10000000E+01  0.00000000E+00
  0.16500340E+01  0.11954505E+01 -0.54626691E+00 -0.25271857E+00  0.10000215E+04  0.42102665E+02  0.12546356E+03  0.12546202E+03  0.10000000E+01  0.00000000E+00
  0.22553270E+01  0.95886958E+00  0.29810610E+00 -0.57418704E+00  0.10036892E+04  0.73187539E+04  0.12531018E+03  0.12530890E+03  0.10000000E+01  0.00000000E+00
  0.20222135E+01  0.17829216E+01  0.95458269E+00 -0.94754100E+00  0.10023317E+04  0.46069883E+04  0.12515567E+03  0.12515567E+03  0.10000000E+01  0.00000000E+00
  0.15022845E+01  0.85308802E+00  0.10779715E+00 -0.33142650E+00  0.10039655E+04  0.78734775E+04  0.12500000E+03  0.12500012E+03  0.10000000E+01  0.00000000E+00
  0.10555184E+01  0.15173693E+01  0.30521321E+00  0.22102590E+00  0.10099885E+04  0.20194406E+05  0.12561582E+03  0.12560780E+03  0.10000000E+01  0.00000000E+00
  0.18129190E+01  0.17062933E+01  0.34865195E+00 -0.15918391E+01  0.10074324E+04  0.14911453E+05  0.12531018E+03  0.12531004E+03  0.10000000E+01  0.00000000E+00
  0.21253426E+01  0.20351288E+01  0.34681451E+00 -0.69059974E+00  0.10008722E+04  0.17156128E+04  0.12500000E+03  0.12500000E+03  0.10000000E+01  0.00000000E+00
