  0.00000000E+00  0.00000000E+00  0.00000000E+00  0.00000000E+00  0.10008101E+04  0.15931405E+04  0.12500000E+03  0.26795019E-02  0.69999999E+00  0.99999695E+03
  0.00000000E+00  0.50000000E+00  0.00000000E+00  0.00000000E+00  0.10121140E+04  0.24649186E+05  0.12500000E+03  0.38712895E-02  0.69999999E+00  0.99999554E+03
  0.00000000E+00  0.10000000E+01  0.00000000E+00  0.00000000E+00  0.10090707E+04  0.18288252E+05  0.12500000E+03  0.41642003E-02  0.69999999E+00  0.99999518E+03
  0.00000000E+00  0.15000000E+01  0.00000000E+00  0.00000000E+00  0.10174282E+04  0.36034973E+05  0.12500000E+03  0.15451971E-02  0.69999999E+00  0.99999823E+03
  0.00000000E+00  0.20000000E+01  0.00000000E+00  0.00000000E+00  0.10195988E+04  0.40788879E+05  0.12500000E+03 -0.20509721E-02  0.69999999E+00  0.10000024E+04
  0.00000000E+00  0.25000000E+01  0.00000000E+00  0.00000000E+00  0.10034469E+04  0.68332266E+04  0.12500000E+03  0.51974104E-03  0.69999999E+00  0.99999939E+03
  0.00000000E+00  0.30000000E+01  0.00000000E+00  0.00000000E+00  0.10000026E+04  0.51455903E+01  0.12500000E+03  0.38292605E-04  0.69999999E+00  0.99999994E+03
  0.00000000E+00  0.35000000E+01  0.00000000E+00  0.00000000E+00  0.10000000E+04  0.00000000E+00  0.12500000E+03  0.00000000E+00  0.69999999E+00  0.10000000E+04
  0.00000000E+00  0.40000000E+01  0.00000000E+00  0.00000000E+00  0.10000000E+04  0.00000000E+00  0.12500000E+03  0.00000000E+00  0.69999999E+00  0.10000000E+04
 -0.25000000E+00 -0.25000000E+00  0.00000000E+00  0.00000000E+00  0.10006414E+04  0.12607445E+04  0.12500000E+03  0.52005530E-03  0.69999999E+00  0.99999939E+03
 -0.25000000E+00  0.25000000E+00  0.00000000E+00  0.00000000E+00  0.10004944E+04  0.97137585E+03  0.12500000E+03  0.12233902E-02  0.69999999E+00  0.99999860E+03
 -0.25000000E+00  0.75000000E+00  0.00000000E+00  0.00000000E+00  0.10051815E+04  0.10325605E+05  0.12500000E+03  0.64917444E-03  0.69999999E+00  0.99999927E+03
 -0.25000000E+00  0.12500000E+01  0.00000000E+00  0.00000000E+00  0.10037291E+04  0.73988667E+04  0.12500000E+03  0.13106356E-02  0.69999999E+00  0.99999847E+03
 -0.25000000E+00  0.17500000E+01  0.00000000E+00  0.00000000E+00  0.10009459E+04  0.18611813E+04  0.12500000E+03 -0.43006317E-03  0.69999999E+00  0.10000005E+04
 -0.25000000E+00  0.22500000E+01  0.00000000E+00  0.00000000E+00  0.10015139E+04  0.29839109E+04  0.12500000E+03 -0.18548567E-03  0.69999999E+00  0.10000002E+04
 -0.25000000E+00  0.27500000E+01  0.00000000E+00  0.00000000E+00  0.10000007E+04  0.14033347E+01  0.12500000E+03  0.17473474E-04  0.69999999E+00  0.10000000E+04
 -0.25000000E+00  0.32500000E+01  0.00000000E+00  0.00000000E+00  0.10000000E+04  0.00000000E+00  0.12500000E+03  0.14870579E-40  0.69999999E+00  0.10000000E+04
 -0.25000000E+00  0.37500000E+01  0.00000000E+00  0.00000000E+00  0.10000000E+04  0.00000000E+00  0.12500000E+03  0.00000000E+00  0.69999999E+00  0.10000000E+04
  0.80000000E+01  0.00000000E+00  0.00000000E+00  0.00000000E+00  0.10000000E+04  0.00000000E+00  0.12500000E+03  0.00000000E+00  0.69999999E+00  0.10000000E+04
  0.80000000E+01  0.50000000E+00  0.00000000E+00  0.00000000E+00  0.10000000E+04  0.00000000E+00  0.12500000E+03  0.00000000E+00  0.69999999E+00  0.10000000E+04
  0.80000000E+01  0.10000000E+01  0.00000000E+00  0.00000000E+00  0.10000000E+04  0.00000000E+00  0.12500000E+03  0.00000000E+00  0.69999999E+00  0.10000000E+04
  0.80000000E+01  0.15000000E+01  0.00000000E+00  0.00000000E+00  0.10000000E+04  0.00000000E+00  0.12500000E+03  0.00000000E+00  0.69999999E+00  0.10000000E+04
  0.80000000E+01  0.20000000E+01  0.00000000E+00  0.00000000E+00  0.10000000E+04  0.00000000E+00  0.12500000E+03  0.00000000E+00  0.69999999E+00  0.10000000E+04
  0.80000000E+01  0.25000000E+01  0.00000000E+00  0.00000000E+00  0.10000000E+04  0.00000000E+00  0.12500000E+03  0.00000000E+00  0.69999999E+00  0.10000000E+04
  0.80000000E+01  0.30000000E+01  0.00000000E+00  0.00000000E+00  0.10000000E+04  0.00000000E+00  0.12500000E+03  0.00000000E+00  0.69999999E+00  0.10000000E+04
  0.80000000E+01  0.35000000E+01  0.00000000E+00  0.00000000E+00  0.10000000E+04  0.00000000E+00  0.12500000E+03  0.00000000E+00  0.69999999E+00  0.10000000E+04
  0.80000000E+01  0.40000000E+01  0.00000000E+00  0.00000000E+00  0.10000000E+04  0.00000000E+00  0.12500000E+03  0.00000000E+00  0.69999999E+00  0.10000000E+04
  0.82500000E+01 -0.25000000E+00  0.00000000E+00  0.00000000E+00  0.10000000E+04  0.00000000E+00  0.12500000E+03  0.00000000E+00  0.69999999E+00  0.10000000E+04
  0.82500000E+01  0.25000000E+00  0.00000000E+00  0.00000000E+00  0.10000000E+04  0.00000000E+00  0.12500000E+03  0.00000000E+00  0.69999999E+00  0.10000000E+04
  0.82500000E+01  0.75000000E+00  0.00000000E+00  0.00000000E+00  0.10000000E+04  0.00000000E+00  0.12500000E+03  0.00000000E+00  0.69999999E+00  0.10000000E+04
  0.82500000E+01  0.12500000E+01  0.00000000E+00  0.00000000E+00  0.10000000E+04  0.00000000E+00  0.12500000E+03  0.00000000E+00  0.69999999E+00  0.10000000E+04
  0.82500000E+01  0.17500000E+01  0.00000000E+00  0.00000000E+00  0.10000000E+04  0.00000000E+00  0.12500000E+03  0.00000000E+00  0.69999999E+00  0.10000000E+04
  0.82500000E+01  0.22500000E+01  0.00000000E+00  0.00000000E+00  0.10000000E+04  0.00000000E+00  0.12500000E+03  0.00000000E+00  0.69999999E+00  0.10000000E+04
  0.82500000E+01  0.27500000E+01  0.00000000E+00  0.00000000E+00  0.10000000E+04  0.00000000E+00  0.12500000E+03  0.00000000E+00  0.69999999E+00  0.10000000E+04
  0.82500000E+01  0.32500000E+01  0.00000000E+00  0.00000000E+00  0.10000000E+04  0.00000000E+00  0.12500000E+03  0.00000000E+00  0.69999999E+00  0.10000000E+04
  0.82500000E+01  0.37500000E+01  0.00000000E+00  0.00000000E+00  0.10000000E+04  0.00000000E+00  0.12500000E+03  0.00000000E+00  0.69999999E+00  0.10000000E+04
  0.50000000E+00  0.00000000E+00  0.00000000E+00  0.00000000E+00  0.10422106E+04  0.94074172E+05  0.12500000E+03  0.13615280E-01  0.69999999E+00  0.99998376E+03
  0.10000000E+01  0.00000000E+00  0.00000000E+00  0.00000000E+00  0.10689478E+04  0.16670286E+06  0.12500000E+03  0.79877656E-02  0.69999999E+00  0.99999023E+03
  0.15000000E+01  0.00000000E+00  0.00000000E+00  0.00000000E+00  0.10222882E+04  0.46764477E+05  0.12500000E+03  0.23548353E-01  0.69999999E+00  0.99997247E+03
  0.20000000E+01  0.00000000E+00  0.00000000E+00  0.00000000E+00  0.11288672E+04  0.37450244E+06  0.12500000E+03  0.27454210E-01  0.69999999E+00  0.99996460E+03
  0.25000000E+01  0.00000000E+00  0.00000000E+00  0.00000000E+00  0.10362762E+04  0.79405391E+05  0.12500000E+03  0.91798678E-02  0.69999999E+00  0.99998914E+03
  0.30000000E+01  0.00000000E+00  0.00000000E+00  0.00000000E+00  0.10460276E+04  0.10377758E+06  0.12500000E+03  0.10854278E-01  0.69999999E+00  0.99998700E+03
  0.35000000E+01  0.00000000E+00  0.00000000E+00  0.00000000E+00  0.10045952E+04  0.91409473E+04  0.12500000E+03  0.45429477E-02  0.69999999E+00  0.99999481E+03
  0.40000000E+01  0.00000000E+00  0.00000000E+00  0.00000000E+00  0.10000137E+04  0.26898298E+02  0.12500000E+03 -0.68247195E-04  0.69999999E+00  0.10000001E+04
  0.45000000E+01  0.00000000E+00  0.00000000E+00  0.00000000E+00  0.10000000E+04  0.00000000E+00  0.12500000E+03  0.80595401E-39  0.69999999E+00  0.10000000E+04
  0.50000000E+01  0.00000000E+00  0.00000000E+00  0.00000000E+00  0.10000000E+04  0.00000000E+00  0.12500000E+03 -0.37162435E-41  0.69999999E+00  0.10000000E+04
  0.55000000E+01  0.00000000E+00  0.00000000E+00  0.00000000E+00  0.10000000E+04  0.00000000E+00  0.12500000E+03  0.00000000E+00  0.69999999E+00  0.10000000E+04
  0.60000000E+01  0.00000000E+00  0.00000000E+00  0.00000000E+00  0.10000000E+04  0.00000000E+00  0.12500000E+03  0.00000000E+00  0.69999999E+00  0.10000000E+04
  0.65000000E+01  0.00000000E+00  0.00000000E+00  0.00000000E+00  0.10000000E+04  0.00000000E+00  0.12500000E+03  0.00000000E+00  0.69999999E+00  0.10000000E+04
  0.70000000E+01  0.00000000E+00  0.00000000E+00  0.00000000E+00  0.10000000E+04  0.00000000E+00  0.12500000E+03  0.00000000E+00  0.69999999E+00  0.10000000E+04
  0.75000000E+01  0.00000000E+00  0.00000000E+00  0.00000000E+00  0.10000000E+04  0.00000000E+00  0.12500000E+03  0.00000000E+00  0.69999999E+00  0.10000000E+04
  0.25000000E+00 -0.25000000E+00  0.00000000E+00  0.00000000E+00  0.10056464E+04  0.11267563E+05  0.12500000E+03  0.34824787E-02  0.69999999E+00  0.99999597E+03
  0.75000000E+00 -0.25000000E+00  0.00000000E+00  0.00000000E+00  0.10259006E+04  0.54940488E+05  0.12500000E+03  0.97152311E-02  0.69999999E+00  0.99998859E+03
  0.12500000E+01 -0.25000000E+00  0.00000000E+00  0.00000000E+00  0.10096958E+04  0.19585457E+05  0.12500000E+03  0.75853430E-02  0.69999999E+00  0.99999127E+03
  0.17500000E+01 -0.25000000E+00  0.00000000E+00  0.00000000E+00  0.10144688E+04  0.29650123E+05  0.12500000E+03  0.11664204E-01  0.69999999E+00  0.99998645E+03
  0.22500000E+01 -0.25000000E+00  0.00000000E+00  0.00000000E+00  0.10011365E+04  0.22372761E+04  0.12500000E+03  0.11758663E-01  0.69999999E+00  0.99998657E+03
  0.27500000E+01 -0.25000000E+00  0.00000000E+00  0.00000000E+00  0.10054647E+04  0.10899070E+05  0.12500000E+03  0.58772676E-02  0.69999999E+00  0.99999323E+03
  0.32500000E+01 -0.25000000E+00  0.00000000E+00  0.00000000E+00  0.10020216E+04  0.39904187E+04  0.12500000E+03  0.41528386E-02  0.69999999E+00  0.99999524E+03
  0.37500000E+01 -0.25000000E+00  0.00000000E+00  0.00000000E+00  0.10000070E+04  0.13565822E+02  0.12500000E+03 -0.15635355E-03  0.69999999E+00  0.10000002E+04
  0.42500000E+01 -0.25000000E+00  0.00000000E+00  0.00000000E+00  0.10000000E+04  0.00000000E+00  0.12500000E+03 -0.27578271E-35  0.69999999E+00  0.10000000E+04
  0.47500000E+01 -0.25000000E+00  0.00000000E+00  0.00000000E+00  0.10000000E+04  0.00000000E+00  0.12500000E+03 -0.17924457E-38  0.69999999E+00  0.10000000E+04
  0.52500000E+01 -0.25000000E+00  0.00000000E+00  0.00000000E+00  0.10000000E+04  0.00000000E+00  0.12500000E+03  0.00000000E+00  0.69999999E+00  0.10000000E+04
  0.57500000E+01 -0.25000000E+00  0.00000000E+00  0.00000000E+00  0.10000000E+04  0.00000000E+00  0.12500000E+03  0.00000000E+00  0.69999999E+00  0.10000000E+04
  0.62500000E+01 -0.25000000E+00  0.00000000E+00  0.00000000E+00  0.10000000E+04  0.00000000E+00  0.12500000E+03  0.00000000E+00  0.69999999E+00  0.10000000E+04
  0.67500000E+01 -0.25000000E+00  0.00000000E+00  0.00000000E+00  0.10000000E+04  0.00000000E+00  0.12500000E+03  0.00000000E+00  0.69999999E+00  0.10000000E+04
  0.72500000E+01 -0.25000000E+00  0.00000000E+00  0.00000000E+00  0.10000000E+04  0.00000000E+00  0.12500000E+03  0.00000000E+00  0.69999999E+00  0.10000000E+04
  0.77500000E+01 -0.25000000E+00  0.00000000E+00  0.00000000E+00  0.10000000E+04  0.00000000E+00  0.12500000E+03  0.00000000E+00  0.69999999E+00  0.10000000E+04
  0.40000000E+01  0.50000000E+00  0.00000000E+00  0.00000000E+00  0.10001809E+04  0.35523575E+03  0.12500000E+03 -0.49069698E-03  0.69999999E+00  0.10000005E+04
  0.37500000E+01  0.25000000E+00  0.00000000E+00  0.00000000E+00  0.10020287E+04  0.40046235E+04  0.12500000E+03 -0.21643969E-02  0.69999999E+00  0.10000025E+04
  0.40000000E+01  0.10000000E+01  0.00000000E+00  0.00000000E+00  0.10010638E+04  0.20938953E+04  0.12500000E+03 -0.12755918E-03  0.69999999E+00  0.10000001E+04
  0.37500000E+01  0.75000000E+00  0.00000000E+00  0.00000000E+00  0.10333234E+04  0.72291984E+05  0.12500000E+03  0.10900628E-02  0.69999999E+00  0.99999872E+03
  0.40000000E+01  0.15000000E+01  0.00000000E+00  0.00000000E+00  0.10012400E+04  0.24419788E+04  0.12500000E+03  0.48762333E-03  0.69999999E+00  0.99999945E+03
  0.37500000E+01  0.12500000E+01  0.00000000E+00  0.00000000E+00  0.10329517E+04  0.71405164E+05  0.12500000E+03  0.12120453E-02  0.69999999E+00  0.99999860E+03
  0.40000000E+01  0.20000000E+01  0.00000000E+00  0.00000000E+00  0.10026256E+04  0.51921514E+04  0.12500000E+03  0.35798585E-03  0.69999999E+00  0.99999957E+03
  0.37500000E+01  0.17500000E+01  0.00000000E+00  0.00000000E+00  0.10697720E+04  0.16912102E+06  0.12500000E+03  0.24739115E-02  0.69999999E+00  0.99999695E+03
  0.45000000E+01  0.50000000E+00  0.00000000E+00  0.00000000E+00  0.10000000E+04  0.00000000E+00  0.12500000E+03  0.52847365E-38  0.69999999E+00  0.10000000E+04
  0.42500000E+01  0.25000000E+00  0.00000000E+00  0.00000000E+00  0.10000018E+04  0.35083482E+01  0.12500000E+03 -0.74084828E-05  0.69999999E+00  0.10000000E+04
  0.45000000E+01  0.10000000E+01  0.00000000E+00  0.00000000E+00  0.10000000E+04  0.00000000E+00  0.12500000E+03 -0.55575497E-41  0.69999999E+00  0.10000000E+04
  0.42500000E+01  0.75000000E+00  0.00000000E+00  0.00000000E+00  0.10000916E+04  0.17967581E+03  0.12500000E+03 -0.20551628E-04  0.69999999E+00  0.10000000E+04
  0.45000000E+01  0.15000000E+01  0.00000000E+00  0.00000000E+00  0.10000000E+04  0.00000000E+00  0.12500000E+03 -0.20812085E-40  0.69999999E+00  0.10000000E+04
  0.42500000E+01  0.12500000E+01  0.00000000E+00  0.00000000E+00  0.10000066E+04  0.12864128E+02  0.12500000E+03  0.64903998E-05  0.69999999E+00  0.10000000E+04
  0.45000000E+01  0.20000000E+01  0.00000000E+00  0.00000000E+00  0.10000000E+04  0.00000000E+00  0.12500000E+03  0.18749373E-40  0.69999999E+00  0.10000000E+04
  0.42500000E+01  0.17500000E+01  0.00000000E+00  0.00000000E+00  0.10000031E+04  0.60811610E+01  0.12500000E+03 -0.35628464E-05  0.69999999E+00  0.10000000E+04
  0.50000000E+01  0.50000000E+00  0.00000000E+00  0.00000000E+00  0.10000000E+04  0.00000000E+00  0.12500000E+03  0.34808254E-41  0.69999999E+00  0.10000000E+04
  0.47500000E+01  0.25000000E+00  0.00000000E+00  0.00000000E+00  0.10000000E+04  0.00000000E+00  0.12500000E+03  0.17738897E-38  0.69999999E+00  0.10000000E+04
  0.50000000E+01  0.10000000E+01  0.00000000E+00  0.00000000E+00  0.10000000E+04  0.00000000E+00  0.12500000E+03 -0.00000000E+00  0.69999999E+00  0.10000000E+04
  0.47500000E+01  0.75000000E+00  0.00000000E+00  0.00000000E+00  0.10000000E+04  0.00000000E+00  0.12500000E+03  0.37722955E-41  0.69999999E+00  0.10000000E+04
  0.50000000E+01  0.15000000E+01  0.00000000E+00  0.00000000E+00  0.10000000E+04  0.00000000E+00  0.12500000E+03 -0.15033130E-40  0.69999999E+00  0.10000000E+04
  0.47500000E+01  0.12500000E+01  0.00000000E+00  0.00000000E+00  0.10000000E+04  0.00000000E+00  0.12500000E+03 -0.14436177E-40  0.69999999E+00  0.10000000E+04
  0.50000000E+01  0.20000000E+01  0.00000000E+00  0.00000000E+00  0.10000000E+04  0.00000000E+00  0.12500000E+03  0.13169403E-40  0.69999999E+00  0.10000000E+04
  0.47500000E+01  0.17500000E+01  0.00000000E+00  0.00000000E+00  0.10000000E+04  0.00000000E+00  0.12500000E+03 -0.61376873E-42  0.69999999E+00  0.10000000E+04
  0.28162682E+01  0.92323637E+00  0.51840520E+00  0.27886610E-01  0.10017975E+04  0.35456462E+04  0.12576698E+03  0.12576656E+03  0.10000000E+01  0.00000000E+00
  0.90939426E+00  0.13708462E+01  0.38383309E-01  0.83696008E-01  0.99804987E+03 -0.38038718E+04  0.12561582E+03  0.12561256E+03  0.10000000E+01  0.00000000E+00
  0.17929387E+01  0.10579879E+01  0.56888586E+00  0.61331582E+00  0.10074136E+04  0.14873066E+05  0.12546356E+03  0.12546323E+03  0.10000000E+01  0.00000000E+00
  0.29324701E+01  0.17471125E+01  0.71611679E+00 -0.10186207E+01  0.99629639E+03 -0.71862124E+04  0.12531018E+03  0.12531044E+03  0.10000000E+01  0.00000000E+00
  0.28471608E+01  0.17222532E+01 -0.15312440E+01  0.11541176E+00  0.99602753E+03 -0.77017163E+04  0.12515567E+03  0.12515567E+03  0.10000000E+01  0.00000000E+00
  0.28808250E+01  0.17558358E+01  0.31191117E+00 -0.61016560E+00  0.99722473E+03 -0.53999194E+04  0.12500000E+03  0.12499985E+03  0.10000000E+01  0.00000000E+00
  0.27401142E+01  0.89903855E+00 -0.29653138E+00 -0.62349248E+00  0.10011737E+04  0.23109922E+04  0.12576698E+03  0.12575461E+03  0.10000000E+01  0.00000000E+00
  0.98604238E+00  0.88201106E+00  0.55933797E+00 -0.28600687E+00  0.99797546E+03 -0.39480867E+04  0.12561582E+03  0.12560609E+03  0.10000000E+01  0.00000000E+00
  0.85766363E+00  0.99141836E+00 -0.37964085E+00  0.42780179E+00  0.99570465E+03 -0.83196523E+04  0.12546356E+03  0.12546051E+03  0.10000000E+01  0.00000000E+00
  0.28945944E+01  0.11246656E+01  0.29500490E+00 -0.99289143E+00  0.10017440E+04  0.34397458E+04  0.12531018E+03  0.12531038E+03  0.10000000E+01  0.00000000E+00
  0.11575173E+01  0.86550212E+00 -0.30224711E+00 -0.83419979E-02  0.99895148E+03 -0.20507080E+04  0.12515567E+03  0.12515535E+03  0.10000000E+01  0.00000000E+00
  0.68717206E+00  0.91749775E+00  0.36381993E-01 -0.14277527E+00  0.99992877E+03 -0.13971860E+03  0.12500000E+03  0.12500000E+03  0.10000000E+01  0.00000000E+00
  0.21144254E+01  0.99952018E+00 -0.50370973E+00 -0.40144786E+00  0.10059532E+04  0.11890850E+05  0.12576698E+03  0.12575644E+03  0.10000000E+01  0.00000000E+00
  0.26982105E+01  0.88634932E+00 -0.39890578E+00 -0.43431476E+00  0.10014729E+04  0.29027295E+04  0.12561582E+03  0.12561059E+03  0.10000000E+01  0.00000000E+00
  0.28060412E+01  0.14313201E+01 -0.24237248E+00 -0.31259733E+00  0.10021207E+04  0.41872080E+04  0.12546356E+03  0.12546005E+03  0.10000000E+01  0.00000000E+00
  0.14962580E+01  0.91422927E+00 -0.30299708E+00  0.90435714E-01  0.10032075E+04  0.63541240E+04  0.12531018E+03  0.12531018E+03  0.10000000E+01  0.00000000E+00
  0.28699350E+01  0.78375280E+00  0.61052644E+00 -0.48907422E-01  0.10022804E+04  0.45047793E+04  0.12515567E+03  0.12515553E+03  0.10000000E+01  0.00000000E+00
  0.10243027E+01  0.15983992E+01 -0.58754303E-01  0.54395318E+00  0.99700763E+03 -0.58186289E+04  0.12500000E+03  0.12500612E+03  0.10000000E+01  0.00000000E+00
  0.92548835E+00  0.14871863E+01  0.21059802E+00  0.42497581E+00  0.99828052E+03 -0.33562568E+04  0.12576698E+03  0.12576566E+03  0.10000000E+01  0.00000000E+00
  0.24154248E+01  0.10813314E+01 -0.23466724E+00 -0.12266889E+00  0.10030505E+04  0.60400259E+04  0.12561582E+03  0.12561228E+03  0.10000000E+01  0.00000000E+00
  0.16590953E+01  0.12001021E+01  0.54328346E+00 -0.35387257E+00  0.10032921E+04  0.65232109E+04  0.12546356E+03  0.12546202E+03  0.10000000E+01  0.00000000E+00
  0.22717803E+01  0.94273233E+00 -0.41625977E+00 -0.92435971E-01  0.10049018E+04  0.97598525E+04  0.12531018E+03  0.12530890E+03  0.10000000E+01  0.00000000E+00
  0.22176566E+01  0.15968788E+01 -0.15494829E+00 -0.27456987E+00  0.10065078E+04  0.13020213E+05  0.12515567E+03  0.12515567E+03  0.10000000E+01  0.00000000E+00
  0.14038875E+01  0.87162638E+00 -0.20962673E+00  0.91364965E-01  0.10019304E+04  0.38095986E+04  0.12500000E+03  0.12500012E+03  0.10000000E+01  0.00000000E+00
  0.10978522E+01  0.15953646E+01  0.35833806E+00  0.53796148E+00  0.99670990E+03 -0.63918423E+04  0.12561582E+03  0.12560780E+03  0.10000000E+01  0.00000000E+00
  0.16647974E+01  0.15791204E+01 -0.12507893E+01  0.31398594E+00  0.10062601E+04  0.12515276E+05  0.12531018E+03  0.12531004E+03  0.10000000E+01  0.00000000E+00
  0.23413208E+01  0.18366261E+01  0.53483385E+00  0.44299770E-01  0.10085321E+04  0.17174498E+05  0.12500000E+03  0.12500000E+03  0.10000000E+01  0.00000000E+00
