  0.00000000E+00  0.00000000E+00  0.00000000E+00  0.00000000E+00  0.10012085E+04  0.23797773E+04  0.12500000E+03  0.19449727E-02  0.69999999E+00  0.99999780E+03
  0.00000000E+00  0.50000000E+00  0.00000000E+00  0.00000000E+00  0.10119224E+04  0.24245146E+05  0.12500000E+03  0.15321798E-02  0.69999999E+00  0.99999823E+03
  0.00000000E+00  0.10000000E+01  0.00000000E+00  0.00000000E+00  0.10462443E+04  0.10433493E+06  0.12500000E+03  0.24346279E-02  0.69999999E+00  0.99999707E+03
  0.00000000E+00  0.15000000E+01  0.00000000E+00  0.00000000E+00  0.10342081E+04  0.74410648E+05  0.12500000E+03  0.90642495E-03  0.69999999E+00  0.99999890E+03
  0.00000000E+00  0.20000000E+01  0.00000000E+00  0.00000000E+00  0.10102117E+04  0.20659707E+05  0.12500000E+03 -0.72877249E-03  0.69999999E+00  0.10000009E+04
  0.00000000E+00  0.25000000E+01  0.00000000E+00  0.00000000E+00  0.10002698E+04  0.52971851E+03  0.12500000E+03  0.13563436E-03  0.69999999E+00  0.99999982E+03
  0.00000000E+00  0.30000000E+01  0.00000000E+00  0.00000000E+00  0.10000000E+04  0.00000000E+00  0.12500000E+03  0.00000000E+00  0.69999999E+00  0.10000000E+04
  0.00000000E+00  0.35000000E+01  0.00000000E+00  0.00000000E+00  0.10000000E+04  0.00000000E+00  0.12500000E+03  0.00000000E+00  0.69999999E+00  0.10000000E+04
  0.00000000E+00  0.40000000E+01  0.00000000E+00  0.00000000E+00  0.10000000E+04  0.00000000E+00  0.12500000E+03  0.00000000E+00  0.69999999E+00  0.10000000E+04
 -0.25000000E+00 -0.25000000E+00  0.00000000E+00  0.00000000E+00  0.10006414E+04  0.12607445E+04  0.12500000E+03  0.52005530E-03  0.69999999E+00  0.99999939E+03
 -0.25000000E+00  0.25000000E+00  0.00000000E+00  0.00000000E+00  0.10011780E+04  0.23194717E+04  0.12500000E+03  0.77909516E-03  0.69999999E+00  0.99999908E+03
 -0.25000000E+00  0.75000000E+00  0.00000000E+00  0.00000000E+00  0.10025179E+04  0.49776699E+04  0.12500000E+03  0.31700882E-04  0.69999999E+00  0.99999994E+03
 -0.25000000E+00  0.12500000E+01  0.00000000E+00  0.00000000E+00  0.10046987E+04  0.93499297E+04  0.12500000E+03  0.80516987E-03  0.69999999E+00  0.99999908E+03
 -0.25000000E+00  0.17500000E+01  0.00000000E+00  0.00000000E+00  0.10008176E+04  0.16081826E+04  0.12500000E+03 -0.21844453E-03  0.69999999E+00  0.10000002E+04
 -0.25000000E+00  0.22500000E+01  0.00000000E+00  0.00000000E+00  0.10004747E+04  0.93267188E+03  0.12500000E+03 -0.90573652E-04  0.69999999E+00  0.10000001E+04
 -0.25000000E+00  0.27500000E+01  0.00000000E+00  0.00000000E+00  0.10000000E+04  0.00000000E+00  0.12500000E+03  0.00000000E+00  0.69999999E+00  0.10000000E+04
 -0.25000000E+00  0.32500000E+01  0.00000000E+00  0.00000000E+00  0.10000000E+04  0.00000000E+00  0.12500000E+03  0.00000000E+00  0.69999999E+00  0.10000000E+04
 -0.25000000E+00  0.37500000E+01  0.00000000E+00  0.00000000E+00  0.10000000E+04  0.00000000E+00  0.12500000E+03  0.00000000E+00  0.69999999E+00  0.10000000E+04
  0.80000000E+01  0.00000000E+00  0.00000000E+00  0.00000000E+00  0.10000000E+04  0.00000000E+00  0.12500000E+03  0.00000000E+00  0.69999999E+00  0.10000000E+04
  0.80000000E+01  0.50000000E+00  0.00000000E+00  0.00000000E+00  0.10000000E+04  0.00000000E+00  0.12500000E+03  0.00000000E+00  0.69999999E+00  0.10000000E+04
  0.80000000E+01  0.10000000E+01  0.00000000E+00  0.00000000E+00  0.10000000E+04  0.00000000E+00  0.12500000E+03  0.00000000E+00  0.69999999E+00  0.10000000E+04
  0.80000000E+01  0.15000000E+01  0.00000000E+00  0.00000000E+00  0.10000000E+04  0.00000000E+00  0.12500000E+03  0.00000000E+00  0.69999999E+00  0.10000000E+04
  0.80000000E+01  0.20000000E+01  0.00000000E+00  0.00000000E+00  0.10000000E+04  0.00000000E+00  0.12500000E+03  0.00000000E+00  0.69999999E+00  0.10000000E+04
  0.80000000E+01  0.25000000E+01  0.00000000E+00  0.00000000E+00  0.10000000E+04  0.00000000E+00  0.12500000E+03  0.00000000E+00  0.69999999E+00  0.10000000E+04
  0.80000000E+01  0.30000000E+01  0.00000000E+00  0.00000000E+00  0.10000000E+04  0.00000000E+00  0.12500000E+03  0.00000000E+00  0.69999999E+00  0.10000000E+04
  0.80000000E+01  0.35000000E+01  0.00000000E+00  0.00000000E+00  0.10000000E+04  0.00000000E+00  0.12500000E+03  0.00000000E+00  0.69999999E+00  0.10000000E+04
  0.80000000E+01  0.40000000E+01  0.00000000E+00  0.00000000E+00  0.10000000E+04  0.00000000E+00  0.12500000E+03  0.00000000E+00  0.69999999E+00  0.10000000E+04
  0.82500000E+01 -0.25000000E+00  0.00000000E+00  0.00000000E+00  0.10000000E+04  0.00000000E+00  0.12500000E+03  0.00000000E+00  0.69999999E+00  0.10000000E+04
  0.82500000E+01  0.25000000E+00  0.00000000E+00  0.00000000E+00  0.10000000E+04  0.00000000E+00  0.12500000E+03  0.00000000E+00  0.69999999E+00  0.10000000E+04
  0.82500000E+01  0.75000000E+00  0.00000000E+00  0.00000000E+00  0.10000000E+04  0.00000000E+00  0.12500000E+03  0.00000000E+00  0.69999999E+00  0.10000000E+04
  0.82500000E+01  0.12500000E+01  0.00000000E+00  0.00000000E+00  0.10000000E+04  0.00000000E+00  0.12500000E+03  0.00000000E+00  0.69999999E+00  0.10000000E+04
  0.82500000E+01  0.17500000E+01  0.00000000E+00  0.00000000E+00  0.10000000E+04  0.00000000E+00  0.12500000E+03  0.00000000E+00  0.69999999E+00  0.10000000E+04
  0.82500000E+01  0.22500000E+01  0.00000000E+00  0.00000000E+00  0.10000000E+04  0.00000000E+00  0.12500000E+03  0.00000000E+00  0.69999999E+00  0.10000000E+04
  0.82500000E+01  0.27500000E+01  0.00000000E+00  0.00000000E+00  0.10000000E+04  0.00000000E+00  0.12500000E+03  0.00000000E+00  0.69999999E+00  0.10000000E+04
  0.82500000E+01  0.32500000E+01  0.00000000E+00  0.00000000E+00  0.10000000E+04  0.00000000E+00  0.12500000E+03  0.00000000E+00  0.69999999E+00  0.10000000E+04
  0.82500000E+01  0.37500000E+01  0.00000000E+00  0.00000000E+00  0.10000000E+04  0.00000000E+00  0.12500000E+03  0.00000000E+00  0.69999999E+00  0.10000000E+04
  0.50000000E+00  0.00000000E+00  0.00000000E+00  0.00000000E+00  0.10203167E+04  0.42374660E+05  0.12500000E+03  0.93486216E-02  0.69999999E+00  0.99998907E+03
  0.10000000E+01  0.00000000E+00  0.00000000E+00  0.00000000E+00  0.10229579E+04  0.48267219E+05  0.12500000E+03  0.42624553E-02  0.69999999E+00  0.99999500E+03
  0.15000000E+01  0.00000000E+00  0.00000000E+00  0.00000000E+00  0.10476895E+04  0.10806930E+06  0.12500000E+03  0.17030075E-01  0.69999999E+00  0.99997961E+03
  0.20000000E+01  0.00000000E+00  0.00000000E+00  0.00000000E+00  0.11573369E+04  0.49922072E+06  0.12500000E+03  0.18937064E-01  0.69999999E+00  0.99997498E+03
  0.25000000E+01  0.00000000E+00  0.00000000E+00  0.00000000E+00  0.10111865E+04  0.22698320E+05  0.12500000E+03  0.26577073E-02  0.69999999E+00  0.99999695E+03
  0.30000000E+01  0.00000000E+00  0.00000000E+00  0.00000000E+00  0.10286116E+04  0.61190699E+05  0.12500000E+03  0.45492034E-02  0.69999999E+00  0.99999463E+03
  0.35000000E+01  0.00000000E+00  0.00000000E+00  0.00000000E+00  0.10043287E+04  0.86040547E+04  0.12500000E+03  0.17520713E-02  0.69999999E+00  0.99999799E+03
  0.40000000E+01  0.00000000E+00  0.00000000E+00  0.00000000E+00  0.10000137E+04  0.26898298E+02  0.12500000E+03 -0.68247195E-04  0.69999999E+00  0.10000001E+04
  0.45000000E+01  0.00000000E+00  0.00000000E+00  0.00000000E+00  0.10000000E+04  0.00000000E+00  0.12500000E+03  0.36153500E-42  0.69999999E+00  0.10000000E+04
  0.50000000E+01  0.00000000E+00  0.00000000E+00  0.00000000E+00  0.10000000E+04  0.00000000E+00  0.12500000E+03  0.00000000E+00  0.69999999E+00  0.10000000E+04
  0.55000000E+01  0.00000000E+00  0.00000000E+00  0.00000000E+00  0.10000000E+04  0.00000000E+00  0.12500000E+03  0.00000000E+00  0.69999999E+00  0.10000000E+04
  0.60000000E+01  0.00000000E+00  0.00000000E+00  0.00000000E+00  0.10000000E+04  0.00000000E+00  0.12500000E+03  0.00000000E+00  0.69999999E+00  0.10000000E+04
  0.65000000E+01  0.00000000E+00  0.00000000E+00  0.00000000E+00  0.10000000E+04  0.00000000E+00  0.12500000E+03  0.00000000E+00  0.69999999E+00  0.10000000E+04
  0.70000000E+01  0.00000000E+00  0.00000000E+00  0.00000000E+00  0.10000000E+04  0.00000000E+00  0.12500000E+03  0.00000000E+00  0.69999999E+00  0.10000000E+04
  0.75000000E+01  0.00000000E+00  0.00000000E+00  0.00000000E+00  0.10000000E+04  0.00000000E+00  0.12500000E+03  0.00000000E+00  0.69999999E+00  0.10000000E+04
  0.25000000E+00 -0.25000000E+00  0.00000000E+00  0.00000000E+00  0.10054065E+04  0.10781159E+05  0.12500000E+03  0.28002877E-02  0.69999999E+00  0.99999677E+03
  0.75000000E+00 -0.25000000E+00  0.00000000E+00  0.00000000E+00  0.10213286E+04  0.44621477E+05  0.12500000E+03  0.71114521E-02  0.69999999E+00  0.99999170E+03
  0.12500000E+01 -0.25000000E+00  0.00000000E+00  0.00000000E+00  0.10090472E+04  0.18239861E+05  0.12500000E+03  0.58454871E-02  0.69999999E+00  0.99999329E+03
  0.17500000E+01 -0.25000000E+00  0.00000000E+00  0.00000000E+00  0.10171384E+04  0.35404820E+05  0.12500000E+03  0.88496283E-02  0.69999999E+00  0.99998969E+03
  0.22500000E+01 -0.25000000E+00  0.00000000E+00  0.00000000E+00  0.10002910E+04  0.57142078E+03  0.12500000E+03  0.78671724E-02  0.69999999E+00  0.99999103E+03
  0.27500000E+01 -0.25000000E+00  0.00000000E+00  0.00000000E+00  0.10015713E+04  0.30974565E+04  0.12500000E+03  0.19609004E-02  0.69999999E+00  0.99999774E+03
  0.32500000E+01 -0.25000000E+00  0.00000000E+00  0.00000000E+00  0.10000044E+04  0.86539936E+01  0.12500000E+03  0.18000682E-02  0.69999999E+00  0.99999792E+03
  0.37500000E+01 -0.25000000E+00  0.00000000E+00  0.00000000E+00  0.10000070E+04  0.13565822E+02  0.12500000E+03 -0.15635355E-03  0.69999999E+00  0.10000002E+04
  0.42500000E+01 -0.25000000E+00  0.00000000E+00  0.00000000E+00  0.10000000E+04  0.00000000E+00  0.12500000E+03 -0.12193511E-38  0.69999999E+00  0.10000000E+04
  0.47500000E+01 -0.25000000E+00  0.00000000E+00  0.00000000E+00  0.10000000E+04  0.00000000E+00  0.12500000E+03 -0.29707527E-42  0.69999999E+00  0.10000000E+04
  0.52500000E+01 -0.25000000E+00  0.00000000E+00  0.00000000E+00  0.10000000E+04  0.00000000E+00  0.12500000E+03  0.00000000E+00  0.69999999E+00  0.10000000E+04
  0.57500000E+01 -0.25000000E+00  0.00000000E+00  0.00000000E+00  0.10000000E+04  0.00000000E+00  0.12500000E+03  0.00000000E+00  0.69999999E+00  0.10000000E+04
  0.62500000E+01 -0.25000000E+00  0.00000000E+00  0.00000000E+00  0.10000000E+04  0.00000000E+00  0.12500000E+03  0.00000000E+00  0.69999999E+00  0.10000000E+04
  0.67500000E+01 -0.25000000E+00  0.00000000E+00  0.00000000E+00  0.10000000E+04  0.00000000E+00  0.12500000E+03  0.00000000E+00  0.69999999E+00  0.10000000E+04
  0.72500000E+01 -0.25000000E+00  0.00000000E+00  0.00000000E+00  0.10000000E+04  0.00000000E+00  0.12500000E+03  0.00000000E+00  0.69999999E+00  0.10000000E+04
  0.77500000E+01 -0.25000000E+00  0.00000000E+00  0.00000000E+00  0.10000000E+04  0.00000000E+00  0.12500000E+03  0.00000000E+00  0.69999999E+00  0.10000000E+04
  0.40000000E+01  0.50000000E+00  0.00000000E+00  0.00000000E+00  0.10013505E+04  0.26604841E+04  0.12500000E+03 -0.18408884E-03  0.69999999E+00  0.10000002E+04
  0.37500000E+01  0.25000000E+00  0.00000000E+00  0.00000000E+00  0.10049720E+04  0.99019854E+04  0.12500000E+03 -0.76722022E-03  0.69999999E+00  0.10000009E+04
  0.40000000E+01  0.10000000E+01  0.00000000E+00  0.00000000E+00  0.10051182E+04  0.10197282E+05  0.12500000E+03 -0.77540040E-04  0.69999999E+00  0.10000001E+04
  0.37500000E+01  0.75000000E+00  0.00000000E+00  0.00000000E+00  0.10597654E+04  0.14050770E+06  0.12500000E+03  0.70162723E-03  0.69999999E+00  0.99999915E+03
  0.40000000E+01  0.15000000E+01  0.00000000E+00  0.00000000E+00  0.10008925E+04  0.17555847E+04  0.12500000E+03  0.17627928E-03  0.69999999E+00  0.99999982E+03
  0.37500000E+01  0.12500000E+01  0.00000000E+00  0.00000000E+00  0.10378273E+04  0.83190891E+05  0.12500000E+03  0.28488319E-03  0.69999999E+00  0.99999963E+03
  0.40000000E+01  0.20000000E+01  0.00000000E+00  0.00000000E+00  0.10002512E+04  0.49317484E+03  0.12500000E+03  0.17893266E-03  0.69999999E+00  0.99999982E+03
  0.37500000E+01  0.17500000E+01  0.00000000E+00  0.00000000E+00  0.10288571E+04  0.61761777E+05  0.12500000E+03  0.97374310E-03  0.69999999E+00  0.99999884E+03
  0.45000000E+01  0.50000000E+00  0.00000000E+00  0.00000000E+00  0.10000000E+04  0.00000000E+00  0.12500000E+03  0.14069037E-41  0.69999999E+00  0.10000000E+04
  0.42500000E+01  0.25000000E+00  0.00000000E+00  0.00000000E+00  0.10000018E+04  0.35083482E+01  0.12500000E+03 -0.74084828E-05  0.69999999E+00  0.10000000E+04
  0.45000000E+01  0.10000000E+01  0.00000000E+00  0.00000000E+00  0.10000000E+04  0.00000000E+00  0.12500000E+03 -0.00000000E+00  0.69999999E+00  0.10000000E+04
  0.42500000E+01  0.75000000E+00  0.00000000E+00  0.00000000E+00  0.10000944E+04  0.18529227E+03  0.12500000E+03 -0.75637886E-05  0.69999999E+00  0.10000000E+04
  0.45000000E+01  0.15000000E+01  0.00000000E+00  0.00000000E+00  0.10000000E+04  0.00000000E+00  0.12500000E+03  0.00000000E+00  0.69999999E+00  0.10000000E+04
  0.42500000E+01  0.12500000E+01  0.00000000E+00  0.00000000E+00  0.10000066E+04  0.12864128E+02  0.12500000E+03  0.34267537E-05  0.69999999E+00  0.10000000E+04
  0.45000000E+01  0.20000000E+01  0.00000000E+00  0.00000000E+00  0.10000000E+04  0.00000000E+00  0.12500000E+03  0.00000000E+00  0.69999999E+00  0.10000000E+04
  0.42500000E+01  0.17500000E+01  0.00000000E+00  0.00000000E+00  0.10000031E+04  0.60811610E+01  0.12500000E+03  0.28991612E-05  0.69999999E+00  0.10000000E+04
  0.50000000E+01  0.50000000E+00  0.00000000E+00  0.00000000E+00  0.10000000E+04  0.00000000E+00  0.12500000E+03  0.00000000E+00  0.69999999E+00  0.10000000E+04
  0.47500000E+01  0.25000000E+00  0.00000000E+00  0.00000000E+00  0.10000000E+04  0.00000000E+00  0.12500000E+03  0.29147008E-42  0.69999999E+00  0.10000000E+04
  0.50000000E+01  0.10000000E+01  0.00000000E+00  0.00000000E+00  0.10000000E+04  0.00000000E+00  0.12500000E+03  0.00000000E+00  0.69999999E+00  0.10000000E+04
  0.47500000E+01  0.75000000E+00  0.00000000E+00  0.00000000E+00  0.10000000E+04  0.00000000E+00  0.12500000E+03  0.00000000E+00  0.69999999E+00  0.10000000E+04
  0.50000000E+01  0.15000000E+01  0.00000000E+00  0.00000000E+00  0.10000000E+04  0.00000000E+00  0.12500000E+03 -0.00000000E+00  0.69999999E+00  0.10000000E+04
  0.47500000E+01  0.12500000E+01  0.00000000E+00  0.00000000E+00  0.10000000E+04  0.00000000E+00  0.12500000E+03 -0.00000000E+00  0.69999999E+00  0.10000000E+04
  0.50000000E+01  0.20000000E+01  0.00000000E+00  0.00000000E+00  0.10000000E+04  0.00000000E+00  0.12500000E+03  0.00000000E+00  0.69999999E+00  0.10000000E+04
  0.47500000E+01  0.17500000E+01  0.00000000E+00  0.00000000E+00  0.10000000E+04  0.00000000E+00  0.12500000E+03  0.00000000E+00  0.69999999E+00  0.10000000E+04
  0.26212580E+01  0.11039853E+01 -0.11421022E+00 -0.10694135E+01  0.99831769E+03 -0.32841409E+04  0.12576698E+03  0.12576674E+03  0.10000000E+01  0.00000000E+00
  0.15403565E+01  0.97197044E+00 -0.13805449E+01  0.74905229E+00  0.10178429E+04  0.36938398E+05  0.12561582E+03  0.12561256E+03  0.10000000E+01  0.00000000E+00
  0.10411388E+01  0.10183181E+01 -0.20620363E+01  0.76467383E+00  0.10128755E+04  0.26258836E+05  0.12546356E+03  0.12546333E+03  0.10000000E+01  0.00000000E+00
  0.85621035E+00  0.11576523E+01 -0.81038678E+00  0.15833659E+01  0.10099549E+04  0.20124652E+05  0.12531018E+03  0.12531018E+03  0.10000000E+01  0.00000000E+00
  0.13477941E+01  0.18029224E+01  0.21763408E+01  0.31998031E+01  0.99864893E+03 -0.26400569E+04  0.12515567E+03  0.12515567E+03  0.10000000E+01  0.00000000E+00
  0.23026228E+01  0.18695645E+01 -0.11938465E+00 -0.54828125E+00  0.10009333E+04  0.18362489E+04  0.12500000E+03  0.12500000E+03  0.10000000E+01  0.00000000E+00
  0.25617280E+01  0.12062659E+01 -0.67840981E+00  0.16375219E-01  0.10025496E+04  0.50405986E+04  0.12576698E+03  0.12575494E+03  0.10000000E+01  0.00000000E+00
  0.15361367E+01  0.98928487E+00 -0.19550335E+01  0.37930840E+00  0.10173756E+04  0.35920320E+05  0.12561582E+03  0.12560624E+03  0.10000000E+01  0.00000000E+00
  0.14722717E+01  0.12917552E+01 -0.16747993E+01  0.56869400E+00  0.10004724E+04  0.92821533E+03  0.12546356E+03  0.12546037E+03  0.10000000E+01  0.00000000E+00
  0.21937506E+01  0.16239945E+01  0.57171577E+00  0.41587287E+00  0.10022911E+04  0.45261196E+04  0.12531018E+03  0.12531038E+03  0.10000000E+01  0.00000000E+00
  0.10516746E+01  0.11615385E+01 -0.95777631E+00 -0.16983902E+01  0.10177968E+04  0.36837766E+05  0.12515567E+03  0.12515567E+03  0.10000000E+01  0.00000000E+00
  0.76278722E+00  0.92926264E+00 -0.12349739E+01 -0.12814726E+01  0.10143466E+04  0.29388900E+05  0.12500000E+03  0.12500000E+03  0.10000000E+01  0.00000000E+00
  0.22449467E+01  0.15619254E+01 -0.23630297E+01 -0.15704890E+01  0.99725562E+03 -0.53403384E+04  0.12576698E+03  0.12575644E+03  0.10000000E+01  0.00000000E+00
  0.25105731E+01  0.15078701E+01 -0.12111044E+01  0.20374799E+00  0.99765625E+03 -0.45662769E+04  0.12561582E+03  0.12561089E+03  0.10000000E+01  0.00000000E+00
  0.28295159E+01  0.99328113E+00  0.34933093E+00  0.17850626E+00  0.99947028E+03 -0.10376340E+04  0.12546356E+03  0.12546005E+03  0.10000000E+01  0.00000000E+00
  0.25816228E+01  0.90518832E+00 -0.12929785E+01  0.10681596E+01  0.10112013E+04  0.22729326E+05  0.12531018E+03  0.12531018E+03  0.10000000E+01  0.00000000E+00
  0.29259925E+01  0.87330651E+00  0.87642884E+00  0.63012600E+00  0.99798376E+03 -0.39320276E+04  0.12515567E+03  0.12515553E+03  0.10000000E+01  0.00000000E+00
  0.13839409E+01  0.17287986E+01 -0.30918403E+01  0.47521007E+00  0.99950983E+03 -0.96033691E+03  0.12500000E+03  0.12500000E+03  0.10000000E+01  0.00000000E+00
  0.12052205E+01  0.85794938E+00 -0.19177309E+01 -0.37294224E+00  0.10157949E+04  0.32497242E+05  0.12576698E+03  0.12576566E+03  0.10000000E+01  0.00000000E+00
  0.25071259E+01  0.15065176E+01 -0.13122852E+01  0.25630373E+00  0.99757593E+03 -0.47215610E+04  0.12561582E+03  0.12561221E+03  0.10000000E+01  0.00000000E+00
  0.27379069E+01  0.82966352E+00  0.43035656E+00  0.11777700E+00  0.99823401E+03 -0.34465237E+04  0.12546356E+03  0.12546202E+03  0.10000000E+01  0.00000000E+00
  0.16843166E+01  0.89925289E+00 -0.84777224E+00  0.71427059E+00  0.10187910E+04  0.39012539E+05  0.12531018E+03  0.12530890E+03  0.10000000E+01  0.00000000E+00
  0.17995398E+01  0.19971151E+01 -0.23386943E+01  0.35625717E+00  0.10128420E+04  0.26187877E+05  0.12515567E+03  0.12515567E+03  0.10000000E+01  0.00000000E+00
  0.18850694E+01  0.96978188E+00 -0.10548916E+01  0.32842803E+00  0.10114512E+04  0.23253828E+05  0.12500000E+03  0.12500012E+03  0.10000000E+01  0.00000000E+00
  0.16738229E+01  0.17207692E+01  0.14075875E+00  0.35605484E+00  0.10021672E+04  0.42798413E+04  0.12561582E+03  0.12561399E+03  0.10000000E+01  0.00000000E+00
  0.28762398E+01  0.16244559E+01  0.53653234E+00 -0.15009730E+01  0.99708185E+03 -0.56754810E+04  0.12531018E+03  0.12531004E+03  0.10000000E+01  0.00000000E+00
  0.10048482E+01  0.18108773E+01  0.90773690E+00  0.27161984E+01  0.10058185E+04  0.11617083E+05  0.12500000E+03  0.12500000E+03  0.10000000E+01  0.00000000E+00
