  0.00000000E+00  0.00000000E+00  0.00000000E+00  0.00000000E+00  0.10008649E+04  0.17012710E+04  0.12500000E+03  0.18223706E-02  0.69999999E+00  0.99999792E+03
  0.00000000E+00  0.50000000E+00  0.00000000E+00  0.00000000E+00  0.10012869E+04  0.25345959E+04  0.12500000E+03  0.12284680E-02  0.69999999E+00  0.99999860E+03
  0.00000000E+00  0.10000000E+01  0.00000000E+00  0.00000000E+00  0.10088174E+04  0.17764211E+05  0.12500000E+03  0.22014480E-02  0.69999999E+00  0.99999744E+03
  0.00000000E+00  0.15000000E+01  0.00000000E+00  0.00000000E+00  0.10368425E+04  0.80783734E+05  0.12500000E+03  0.84069988E-03  0.69999999E+00  0.99999902E+03
  0.00000000E+00  0.20000000E+01  0.00000000E+00  0.00000000E+00  0.10129238E+04  0.26361133E+05  0.12500000E+03 -0.56580734E-03  0.69999999E+00  0.10000007E+04
  0.00000000E+00  0.25000000E+01  0.00000000E+00  0.00000000E+00  0.10002484E+04  0.48778732E+03  0.12500000E+03  0.11101574E-03  0.69999999E+00  0.99999988E+03
  0.00000000E+00  0.30000000E+01  0.00000000E+00  0.00000000E+00  0.10000000E+04  0.00000000E+00  0.12500000E+03  0.00000000E+00  0.69999999E+00  0.10000000E+04
  0.00000000E+00  0.35000000E+01  0.00000000E+00  0.00000000E+00  0.10000000E+04  0.00000000E+00  0.12500000E+03  0.00000000E+00  0.69999999E+00  0.10000000E+04
  0.00000000E+00  0.40000000E+01  0.00000000E+00  0.00000000E+00  0.10000000E+04  0.00000000E+00  0.12500000E+03  0.00000000E+00  0.69999999E+00  0.10000000E+04
 -0.25000000E+00 -0.25000000E+00  0.00000000E+00  0.00000000E+00  0.10006414E+04  0.12607445E+04  0.12500000E+03  0.52005530E-03  0.69999999E+00  0.99999939E+03
 -0.25000000E+00  0.25000000E+00  0.00000000E+00  0.00000000E+00  0.10011429E+04  0.22502283E+04  0.12500000E+03  0.72317623E-03  0.69999999E+00  0.99999915E+03
 -0.25000000E+00  0.75000000E+00  0.00000000E+00  0.00000000E+00  0.10006598E+04  0.12971389E+04  0.12500000E+03 -0.33976256E-04  0.69999999E+00  0.10000001E+04
 -0.25000000E+00  0.12500000E+01  0.00000000E+00  0.00000000E+00  0.10027322E+04  0.54046313E+04  0.12500000E+03  0.73188072E-03  0.69999999E+00  0.99999915E+03
 -0.25000000E+00  0.17500000E+01  0.00000000E+00  0.00000000E+00  0.10008611E+04  0.16937478E+04  0.12500000E+03 -0.17891161E-03  0.69999999E+00  0.10000002E+04
 -0.25000000E+00  0.22500000E+01  0.00000000E+00  0.00000000E+00  0.10004747E+04  0.93267188E+03  0.12500000E+03 -0.78150333E-04  0.69999999E+00  0.10000001E+04
 -0.25000000E+00  0.27500000E+01  0.00000000E+00  0.00000000E+00  0.10000000E+04  0.00000000E+00  0.12500000E+03  0.00000000E+00  0.69999999E+00  0.10000000E+04
 -0.25000000E+00  0.32500000E+01  0.00000000E+00  0.00000000E+00  0.10000000E+04  0.00000000E+00  0.12500000E+03  0.00000000E+00  0.69999999E+00  0.10000000E+04
 -0.25000000E+00  0.37500000E+01  0.00000000E+00  0.00000000E+00  0.10000000E+04  0.00000000E+00  0.12500000E+03  0.00000000E+00  0.69999999E+00  0.10000000E+04
  0.80000000E+01  0.00000000E+00  0.00000000E+00  0.00000000E+00  0.10000000E+04  0.00000000E+00  0.12500000E+03  0.00000000E+00  0.69999999E+00  0.10000000E+04
  0.80000000E+01  0.50000000E+00  0.00000000E+00  0.00000000E+00  0.10000000E+04  0.00000000E+00  0.12500000E+03  0.00000000E+00  0.69999999E+00  0.10000000E+04
  0.80000000E+01  0.10000000E+01  0.00000000E+00  0.00000000E+00  0.10000000E+04  0.00000000E+00  0.12500000E+03  0.00000000E+00  0.69999999E+00  0.10000000E+04
  0.80000000E+01  0.15000000E+01  0.00000000E+00  0.00000000E+00  0.10000000E+04  0.00000000E+00  0.12500000E+03  0.00000000E+00  0.69999999E+00  0.10000000E+04
  0.80000000E+01  0.20000000E+01  0.00000000E+00  0.00000000E+00  0.10000000E+04  0.00000000E+00  0.12500000E+03  0.00000000E+00  0.69999999E+00  0.10000000E+04
  0.80000000E+01  0.25000000E+01  0.00000000E+00  0.00000000E+00  0.10000000E+04  0.00000000E+00  0.12500000E+03  0.00000000E+00  0.69999999E+00  0.10000000E+04
  0.80000000E+01  0.30000000E+01  0.00000000E+00  0.00000000E+00  0.10000000E+04  0.00000000E+00  0.12500000E+03  0.00000000E+00  0.69999999E+00  0.10000000E+04
  0.80000000E+01  0.35000000E+01  0.00000000E+00  0.00000000E+00  0.10000000E+04  0.00000000E+00  0.12500000E+03  0.00000000E+00  0.69999999E+00  0.10000000E+04
  0.80000000E+01  0.40000000E+01  0.00000000E+00  0.00000000E+00  0.10000000E+04  0.00000000E+00  0.12500000E+03  0.00000000E+00  0.69999999E+00  0.10000000E+04
  0.82500000E+01 -0.25000000E+00  0.00000000E+00  0.00000000E+00  0.10000000E+04  0.00000000E+00  0.12500000E+03  0.00000000E+00  0.69999999E+00  0.10000000E+04
  0.82500000E+01  0.25000000E+00  0.00000000E+00  0.00000000E+00  0.10000000E+04  0.00000000E+00  0.12500000E+03  0.00000000E+00  0.69999999E+00  0.10000000E+04
  0.82500000E+01  0.75000000E+00  0.00000000E+00  0.00000000E+00  0.10000000E+04  0.00000000E+00  0.12500000E+03  0.00000000E+00  0.69999999E+00  0.10000000E+04
  0.82500000E+01  0.12500000E+01  0.00000000E+00  0.00000000E+00  0.10000000E+04  0.00000000E+00  0.12500000E+03  0.00000000E+00  0.69999999E+00  0.10000000E+04
  0.82500000E+01  0.17500000E+01  0.00000000E+00  0.00000000E+00  0.10000000E+04  0.00000000E+00  0.12500000E+03  0.00000000E+00  0.69999999E+00  0.10000000E+04
  0.82500000E+01  0.22500000E+01  0.00000000E+00  0.00000000E+00  0.10000000E+04  0.00000000E+00  0.12500000E+03  0.00000000E+00  0.69999999E+00  0.10000000E+04
  0.82500000E+01  0.27500000E+01  0.00000000E+00  0.00000000E+00  0.10000000E+04  0.00000000E+00  0.12500000E+03  0.00000000E+00  0.69999999E+00  0.10000000E+04
  0.82500000E+01  0.32500000E+01  0.00000000E+00  0.00000000E+00  0.10000000E+04  0.00000000E+00  0.12500000E+03  0.00000000E+00  0.69999999E+00  0.10000000E+04
  0.82500000E+01  0.37500000E+01  0.00000000E+00  0.00000000E+00  0.10000000E+04  0.00000000E+00  0.12500000E+03  0.00000000E+00  0.69999999E+00  0.10000000E+04
  0.50000000E+00  0.00000000E+00  0.00000000E+00  0.00000000E+00  0.10138076E+04  0.28238977E+05  0.12500000E+03  0.87000746E-02  0.69999999E+00  0.99998993E+03
  0.10000000E+01  0.00000000E+00  0.00000000E+00  0.00000000E+00  0.99936414E+03 -0.12451847E+04  0.12500000E+03  0.33280510E-02  0.69999999E+00  0.99999622E+03
  0.15000000E+01  0.00000000E+00  0.00000000E+00  0.00000000E+00  0.10650425E+04  0.15539619E+06  0.12500000E+03  0.15402072E-01  0.69999999E+00  0.99998126E+03
  0.20000000E+01  0.00000000E+00  0.00000000E+00  0.00000000E+00  0.11531711E+04  0.47979100E+06  0.12500000E+03  0.17145464E-01  0.69999999E+00  0.99997742E+03
  0.25000000E+01  0.00000000E+00  0.00000000E+00  0.00000000E+00  0.10026648E+04  0.52703301E+04  0.12500000E+03  0.12274347E-02  0.69999999E+00  0.99999860E+03
  0.30000000E+01  0.00000000E+00  0.00000000E+00  0.00000000E+00  0.10288217E+04  0.61679395E+05  0.12500000E+03  0.32834208E-02  0.69999999E+00  0.99999615E+03
  0.35000000E+01  0.00000000E+00  0.00000000E+00  0.00000000E+00  0.10003862E+04  0.75867780E+03  0.12500000E+03  0.13409548E-02  0.69999999E+00  0.99999847E+03
  0.40000000E+01  0.00000000E+00  0.00000000E+00  0.00000000E+00  0.10000131E+04  0.25728762E+02  0.12500000E+03 -0.50405528E-04  0.69999999E+00  0.10000001E+04
  0.45000000E+01  0.00000000E+00  0.00000000E+00  0.00000000E+00  0.10000000E+04  0.00000000E+00  0.12500000E+03  0.00000000E+00  0.69999999E+00  0.10000000E+04
  0.50000000E+01  0.00000000E+00  0.00000000E+00  0.00000000E+00  0.10000000E+04  0.00000000E+00  0.12500000E+03  0.00000000E+00  0.69999999E+00  0.10000000E+04
  0.55000000E+01  0.00000000E+00  0.00000000E+00  0.00000000E+00  0.10000000E+04  0.00000000E+00  0.12500000E+03  0.00000000E+00  0.69999999E+00  0.10000000E+04
  0.60000000E+01  0.00000000E+00  0.00000000E+00  0.00000000E+00  0.10000000E+04  0.00000000E+00  0.12500000E+03  0.00000000E+00  0.69999999E+00  0.10000000E+04
  0.65000000E+01  0.00000000E+00  0.00000000E+00  0.00000000E+00  0.10000000E+04  0.00000000E+00  0.12500000E+03  0.00000000E+00  0.69999999E+00  0.10000000E+04
  0.70000000E+01  0.00000000E+00  0.00000000E+00  0.00000000E+00  0.10000000E+04  0.00000000E+00  0.12500000E+03  0.00000000E+00  0.69999999E+00  0.10000000E+04
  0.75000000E+01  0.00000000E+00  0.00000000E+00  0.00000000E+00  0.10000000E+04  0.00000000E+00  0.12500000E+03  0.00000000E+00  0.69999999E+00  0.10000000E+04
  0.25000000E+00 -0.25000000E+00  0.00000000E+00  0.00000000E+00  0.10052322E+04  0.10428154E+05  0.12500000E+03  0.27088579E-02  0.69999999E+00  0.99999689E+03
  0.75000000E+00 -0.25000000E+00  0.00000000E+00  0.00000000E+00  0.10212732E+04  0.44498059E+05  0.12500000E+03  0.66518863E-02  0.69999999E+00  0.99999225E+03
  0.12500000E+01 -0.25000000E+00  0.00000000E+00  0.00000000E+00  0.10102655E+04  0.20771840E+05  0.12500000E+03  0.53653391E-02  0.69999999E+00  0.99999384E+03
  0.17500000E+01 -0.25000000E+00  0.00000000E+00  0.00000000E+00  0.10178092E+04  0.36864805E+05  0.12500000E+03  0.81627369E-02  0.69999999E+00  0.99999048E+03
  0.22500000E+01 -0.25000000E+00  0.00000000E+00  0.00000000E+00  0.10004333E+04  0.85129120E+03  0.12500000E+03  0.72228005E-02  0.69999999E+00  0.99999176E+03
  0.27500000E+01 -0.25000000E+00  0.00000000E+00  0.00000000E+00  0.10024208E+04  0.47842090E+04  0.12500000E+03  0.12325386E-02  0.69999999E+00  0.99999860E+03
  0.32500000E+01 -0.25000000E+00  0.00000000E+00  0.00000000E+00  0.10003312E+04  0.65038849E+03  0.12500000E+03  0.14732440E-02  0.69999999E+00  0.99999829E+03
  0.37500000E+01 -0.25000000E+00  0.00000000E+00  0.00000000E+00  0.10000071E+04  0.13799721E+02  0.12500000E+03 -0.13200220E-03  0.69999999E+00  0.10000001E+04
  0.42500000E+01 -0.25000000E+00  0.00000000E+00  0.00000000E+00  0.10000000E+04  0.00000000E+00  0.12500000E+03 -0.53271762E-40  0.69999999E+00  0.10000000E+04
  0.47500000E+01 -0.25000000E+00  0.00000000E+00  0.00000000E+00  0.10000000E+04  0.00000000E+00  0.12500000E+03  0.00000000E+00  0.69999999E+00  0.10000000E+04
  0.52500000E+01 -0.25000000E+00  0.00000000E+00  0.00000000E+00  0.10000000E+04  0.00000000E+00  0.12500000E+03  0.00000000E+00  0.69999999E+00  0.10000000E+04
  0.57500000E+01 -0.25000000E+00  0.00000000E+00  0.00000000E+00  0.10000000E+04  0.00000000E+00  0.12500000E+03  0.00000000E+00  0.69999999E+00  0.10000000E+04
  0.62500000E+01 -0.25000000E+00  0.00000000E+00  0.00000000E+00  0.10000000E+04  0.00000000E+00  0.12500000E+03  0.00000000E+00  0.69999999E+00  0.10000000E+04
  0.67500000E+01 -0.25000000E+00  0.00000000E+00  0.00000000E+00  0.10000000E+04  0.00000000E+00  0.12500000E+03  0.00000000E+00  0.69999999E+00  0.10000000E+04
  0.72500000E+01 -0.25000000E+00  0.00000000E+00  0.00000000E+00  0.10000000E+04  0.00000000E+00  0.12500000E+03  0.00000000E+00  0.69999999E+00  0.10000000E+04
  0.77500000E+01 -0.25000000E+00  0.00000000E+00  0.00000000E+00  0.10000000E+04  0.00000000E+00  0.12500000E+03  0.00000000E+00  0.69999999E+00  0.10000000E+04
  0.40000000E+01  0.50000000E+00  0.00000000E+00  0.00000000E+00  0.10004376E+04  0.85973322E+03  0.12500000E+03 -0.15727767E-03  0.69999999E+00  0.10000002E+04
  0.37500000E+01  0.25000000E+00  0.00000000E+00  0.00000000E+00  0.10008394E+04  0.16509624E+04  0.12500000E+03 -0.61318540E-03  0.69999999E+00  0.10000007E+04
  0.40000000E+01  0.10000000E+01  0.00000000E+00  0.00000000E+00  0.10002745E+04  0.53908936E+03  0.12500000E+03 -0.12582723E-04  0.69999999E+00  0.10000000E+04
  0.37500000E+01  0.75000000E+00  0.00000000E+00  0.00000000E+00  0.10022416E+04  0.44277285E+04  0.12500000E+03  0.48689725E-03  0.69999999E+00  0.99999945E+03
  0.40000000E+01  0.15000000E+01  0.00000000E+00  0.00000000E+00  0.10045436E+04  0.90368652E+04  0.12500000E+03  0.19910003E-03  0.69999999E+00  0.99999976E+03
  0.37500000E+01  0.12500000E+01  0.00000000E+00  0.00000000E+00  0.10202667E+04  0.42264371E+05  0.12500000E+03  0.50973741E-03  0.69999999E+00  0.99999939E+03
  0.40000000E+01  0.20000000E+01  0.00000000E+00  0.00000000E+00  0.10022311E+04  0.44068687E+04  0.12500000E+03  0.65140164E-04  0.69999999E+00  0.99999994E+03
  0.37500000E+01  0.17500000E+01  0.00000000E+00  0.00000000E+00  0.10476212E+04  0.10789241E+06  0.12500000E+03  0.64646424E-03  0.69999999E+00  0.99999921E+03
  0.45000000E+01  0.50000000E+00  0.00000000E+00  0.00000000E+00  0.10000000E+04  0.00000000E+00  0.12500000E+03  0.00000000E+00  0.69999999E+00  0.10000000E+04
  0.42500000E+01  0.25000000E+00  0.00000000E+00  0.00000000E+00  0.10000018E+04  0.35083482E+01  0.12500000E+03 -0.74084828E-05  0.69999999E+00  0.10000000E+04
  0.45000000E+01  0.10000000E+01  0.00000000E+00  0.00000000E+00  0.10000000E+04  0.00000000E+00  0.12500000E+03 -0.00000000E+00  0.69999999E+00  0.10000000E+04
  0.42500000E+01  0.75000000E+00  0.00000000E+00  0.00000000E+00  0.10000934E+04  0.18318608E+03  0.12500000E+03 -0.62608265E-05  0.69999999E+00  0.10000000E+04
  0.45000000E+01  0.15000000E+01  0.00000000E+00  0.00000000E+00  0.10000000E+04  0.00000000E+00  0.12500000E+03 -0.00000000E+00  0.69999999E+00  0.10000000E+04
  0.42500000E+01  0.12500000E+01  0.00000000E+00  0.00000000E+00  0.10000048E+04  0.93556786E+01  0.12500000E+03  0.77524473E-05  0.69999999E+00  0.10000000E+04
  0.45000000E+01  0.20000000E+01  0.00000000E+00  0.00000000E+00  0.10000000E+04  0.00000000E+00  0.12500000E+03  0.00000000E+00  0.69999999E+00  0.10000000E+04
  0.42500000E+01  0.17500000E+01  0.00000000E+00  0.00000000E+00  0.99999939E+03 -0.11694411E+01  0.12500000E+03  0.31890313E-05  0.69999999E+00  0.10000000E+04
  0.50000000E+01  0.50000000E+00  0.00000000E+00  0.00000000E+00  0.10000000E+04  0.00000000E+00  0.12500000E+03  0.00000000E+00  0.69999999E+00  0.10000000E+04
  0.47500000E+01  0.25000000E+00  0.00000000E+00  0.00000000E+00  0.10000000E+04  0.00000000E+00  0.12500000E+03  0.00000000E+00  0.69999999E+00  0.10000000E+04
  0.50000000E+01  0.10000000E+01  0.00000000E+00  0.00000000E+00  0.10000000E+04  0.00000000E+00  0.12500000E+03  0.00000000E+00  0.69999999E+00  0.10000000E+04
  0.47500000E+01  0.75000000E+00  0.00000000E+00  0.00000000E+00  0.10000000E+04  0.00000000E+00  0.12500000E+03  0.00000000E+00  0.69999999E+00  0.10000000E+04
  0.50000000E+01  0.15000000E+01  0.00000000E+00  0.00000000E+00  0.10000000E+04  0.00000000E+00  0.12500000E+03  0.00000000E+00  0.69999999E+00  0.10000000E+04
  0.47500000E+01  0.12500000E+01  0.00000000E+00  0.00000000E+00  0.10000000E+04  0.00000000E+00  0.12500000E+03  0.00000000E+00  0.69999999E+00  0.10000000E+04
  0.50000000E+01  0.20000000E+01  0.00000000E+00  0.00000000E+00  0.10000000E+04  0.00000000E+00  0.12500000E+03  0.00000000E+00  0.69999999E+00  0.10000000E+04
  0.47500000E+01  0.17500000E+01  0.00000000E+00  0.00000000E+00  0.10000000E+04  0.00000000E+00  0.12500000E+03  0.00000000E+00  0.69999999E+00  0.10000000E+04
  0.22215121E+01  0.15241907E+01  0.27970102E+01  0.54124737E+00  0.10106147E+04  0.21500947E+05  0.12576698E+03  0.12576674E+03  0.10000000E+01  0.00000000E+00
  0.12894717E+01  0.95977986E+00  0.22123218E+01 -0.48509169E+00  0.98447931E+03 -0.29069822E+05  0.12561582E+03  0.12561256E+03  0.10000000E+01  0.00000000E+00
  0.13713697E+01  0.86508071E+00  0.16785421E+01  0.65420794E+00  0.10010364E+04  0.20397611E+04  0.12546356E+03  0.12546333E+03  0.10000000E+01  0.00000000E+00
  0.10257370E+01  0.14748598E+01 -0.62165819E-01 -0.67918271E+00  0.99889026E+03 -0.21700342E+04  0.12531018E+03  0.12531018E+03  0.10000000E+01  0.00000000E+00
  0.95786870E+00  0.13379405E+01  0.61601919E+00 -0.23382368E+01  0.98738531E+03 -0.23832785E+05  0.12515567E+03  0.12515567E+03  0.10000000E+01  0.00000000E+00
  0.26533141E+01  0.20955138E+01  0.44874662E+00  0.28916316E+01  0.99679303E+03 -0.62318589E+04  0.12500000E+03  0.12500000E+03  0.10000000E+01  0.00000000E+00
  0.25757146E+01  0.16269829E+01  0.32152638E+01  0.19641047E+01  0.93650470E+03 -0.10320520E+06  0.12576698E+03  0.12575494E+03  0.10000000E+01  0.00000000E+00
  0.13566064E+01  0.10394073E+01  0.15080247E+01 -0.69054663E+00  0.98003906E+03 -0.36894633E+05  0.12561582E+03  0.12560624E+03  0.10000000E+01  0.00000000E+00
  0.16093862E+01  0.12301457E+01  0.98261523E+00  0.81535172E+00  0.10039150E+04  0.77719414E+04  0.12546356E+03  0.12546037E+03  0.10000000E+01  0.00000000E+00
  0.14768581E+01  0.88521147E+00  0.26914682E+01  0.12447542E+01  0.10035695E+04  0.70787700E+04  0.12531018E+03  0.12531038E+03  0.10000000E+01  0.00000000E+00
  0.14810424E+01  0.15785695E+01  0.53751659E+00  0.68178487E+00  0.10029106E+04  0.57607314E+04  0.12515567E+03  0.12515567E+03  0.10000000E+01  0.00000000E+00
  0.89567029E+00  0.15526993E+01  0.50781536E+00 -0.23834506E+00  0.99744165E+03 -0.49811230E+04  0.12500000E+03  0.12500000E+03  0.10000000E+01  0.00000000E+00
  0.23621385E+01  0.16702828E+01  0.39683568E+01  0.35186682E+01  0.95423230E+03 -0.78365555E+05  0.12576698E+03  0.12575644E+03  0.10000000E+01  0.00000000E+00
  0.24081070E+01  0.13868357E+01  0.28749967E+00  0.33563347E+01  0.98414197E+03 -0.29671811E+05  0.12561582E+03  0.12561089E+03  0.10000000E+01  0.00000000E+00
  0.25016999E+01  0.10069656E+01 -0.60942566E+00  0.26060152E+01  0.10039625E+04  0.78674902E+04  0.12546356E+03  0.12546005E+03  0.10000000E+01  0.00000000E+00
  0.25425894E+01  0.10921173E+01  0.19947054E+01  0.17689364E+01  0.10128046E+04  0.26108600E+05  0.12531018E+03  0.12531018E+03  0.10000000E+01  0.00000000E+00
  0.26361585E+01  0.79837370E+00 -0.10873592E+01  0.16394200E+01  0.10227470E+04  0.47793398E+05  0.12515567E+03  0.12515559E+03  0.10000000E+01  0.00000000E+00
  0.23502200E+01  0.20356033E+01 -0.11968282E+01  0.21355457E+01  0.99431689E+03 -0.10961975E+05  0.12500000E+03  0.12500000E+03  0.10000000E+01  0.00000000E+00
  0.15573380E+01  0.14191685E+01 -0.15482535E+01  0.18498542E+01  0.10215522E+04  0.45119812E+05  0.12576698E+03  0.12576566E+03  0.10000000E+01  0.00000000E+00
  0.22824540E+01  0.14460251E+01  0.22074080E+01  0.36633120E+01  0.10266733E+04  0.56711949E+05  0.12561582E+03  0.12561221E+03  0.10000000E+01  0.00000000E+00
  0.27998466E+01  0.85347426E+00 -0.27825873E+01 -0.35116422E+00  0.98073181E+03 -0.35687816E+05  0.12546356E+03  0.12546202E+03  0.10000000E+01  0.00000000E+00
  0.27786617E+01  0.96344721E+00 -0.24829173E+01 -0.12909895E+01  0.96898157E+03 -0.55478855E+05  0.12531018E+03  0.12530890E+03  0.10000000E+01  0.00000000E+00
  0.27177253E+01  0.21782024E+01  0.24524862E+00  0.33213172E+01  0.99396930E+03 -0.11620262E+05  0.12515567E+03  0.12515567E+03  0.10000000E+01  0.00000000E+00
  0.30113959E+01  0.14876344E+01 -0.40777412E+00 -0.15964597E+01  0.10274573E+04  0.58517289E+05  0.12500000E+03  0.12500012E+03  0.10000000E+01  0.00000000E+00
  0.16049030E+01  0.17105217E+01  0.89307851E+00  0.18746111E+01  0.10304231E+04  0.65422664E+05  0.12561582E+03  0.12561399E+03  0.10000000E+01  0.00000000E+00
  0.29559112E+01  0.19163016E+01  0.82442391E+00  0.22798207E+01  0.10110798E+04  0.22474613E+05  0.12531018E+03  0.12531004E+03  0.10000000E+01  0.00000000E+00
  0.15781288E+01  0.20138123E+01 -0.87710452E+00  0.57398504E+00  0.10237124E+04  0.49967230E+05  0.12500000E+03  0.12500000E+03  0.10000000E+01  0.00000000E+00
