  0.00000000E+00  0.00000000E+00  0.00000000E+00  0.00000000E+00  0.10008425E+04  0.16573093E+04  0.12500000E+03  0.24392975E-04  0.69999999E+00  0.10000000E+04
  0.00000000E+00  0.50000000E+00  0.00000000E+00  0.00000000E+00  0.10014211E+04  0.28001013E+04  0.12500000E+03  0.21541106E-04  0.69999999E+00  0.10000000E+04
  0.00000000E+00  0.10000000E+01  0.00000000E+00  0.00000000E+00  0.10010476E+04  0.20618843E+04  0.12500000E+03  0.36942234E-04  0.69999999E+00  0.99999994E+03
  0.00000000E+00  0.15000000E+01  0.00000000E+00  0.00000000E+00  0.10001769E+04  0.34727499E+03  0.12500000E+03 -0.37740479E-05  0.69999999E+00  0.10000000E+04
  0.00000000E+00  0.20000000E+01  0.00000000E+00  0.00000000E+00  0.99979150E+03 -0.40881543E+03  0.12500000E+03 -0.18387105E-04  0.69999999E+00  0.10000000E+04
  0.00000000E+00  0.25000000E+01  0.00000000E+00  0.00000000E+00  0.99998730E+03 -0.24908190E+02  0.12500000E+03  0.42957854E-05  0.69999999E+00  0.10000000E+04
  0.00000000E+00  0.30000000E+01  0.00000000E+00  0.00000000E+00  0.10000000E+04  0.00000000E+00  0.12500000E+03  0.00000000E+00  0.69999999E+00  0.10000000E+04
  0.00000000E+00  0.35000000E+01  0.00000000E+00  0.00000000E+00  0.10000000E+04  0.00000000E+00  0.12500000E+03  0.00000000E+00  0.69999999E+00  0.10000000E+04
  0.00000000E+00  0.40000000E+01  0.00000000E+00  0.00000000E+00  0.10000000E+04  0.00000000E+00  0.12500000E+03  0.00000000E+00  0.69999999E+00  0.10000000E+04
 -0.25000000E+00 -0.25000000E+00  0.00000000E+00  0.00000000E+00  0.10000687E+04  0.13498160E+03  0.12500000E+03  0.66736388E-05  0.69999999E+00  0.10000000E+04
 -0.25000000E+00  0.25000000E+00  0.00000000E+00  0.00000000E+00  0.10004332E+04  0.85105670E+03  0.12500000E+03  0.11258320E-04  0.69999999E+00  0.10000000E+04
 -0.25000000E+00  0.75000000E+00  0.00000000E+00  0.00000000E+00  0.10004980E+04  0.97864801E+03  0.12500000E+03  0.52913720E-05  0.69999999E+00  0.10000000E+04
 -0.25000000E+00  0.12500000E+01  0.00000000E+00  0.00000000E+00  0.10002592E+04  0.50886938E+03  0.12500000E+03  0.80321115E-05  0.69999999E+00  0.10000000E+04
 -0.25000000E+00  0.17500000E+01  0.00000000E+00  0.00000000E+00  0.99996863E+03 -0.61506924E+02  0.12500000E+03 -0.86261807E-05  0.69999999E+00  0.10000000E+04
 -0.25000000E+00  0.22500000E+01  0.00000000E+00  0.00000000E+00  0.99998022E+03 -0.38823208E+02  0.12500000E+03 -0.35314338E-05  0.69999999E+00  0.10000000E+04
 -0.25000000E+00  0.27500000E+01  0.00000000E+00  0.00000000E+00  0.10000000E+04  0.00000000E+00  0.12500000E+03  0.00000000E+00  0.69999999E+00  0.10000000E+04
 -0.25000000E+00  0.32500000E+01  0.00000000E+00  0.00000000E+00  0.10000000E+04  0.00000000E+00  0.12500000E+03  0.00000000E+00  0.69999999E+00  0.10000000E+04
 -0.25000000E+00  0.37500000E+01  0.00000000E+00  0.00000000E+00  0.10000000E+04  0.00000000E+00  0.12500000E+03  0.00000000E+00  0.69999999E+00  0.10000000E+04
  0.80000000E+01  0.00000000E+00  0.00000000E+00  0.00000000E+00  0.10000000E+04  0.00000000E+00  0.12500000E+03  0.00000000E+00  0.69999999E+00  0.10000000E+04
  0.80000000E+01  0.50000000E+00  0.00000000E+00  0.00000000E+00  0.10000000E+04  0.00000000E+00  0.12500000E+03  0.00000000E+00  0.69999999E+00  0.10000000E+04
  0.80000000E+01  0.10000000E+01  0.00000000E+00  0.00000000E+00  0.10000000E+04  0.00000000E+00  0.12500000E+03  0.00000000E+00  0.69999999E+00  0.10000000E+04
  0.80000000E+01  0.15000000E+01  0.00000000E+00  0.00000000E+00  0.10000000E+04  0.00000000E+00  0.12500000E+03  0.00000000E+00  0.69999999E+00  0.10000000E+04
  0.80000000E+01  0.20000000E+01  0.00000000E+00  0.00000000E+00  0.10000000E+04  0.00000000E+00  0.12500000E+03  0.00000000E+00  0.69999999E+00  0.10000000E+04
  0.80000000E+01  0.25000000E+01  0.00000000E+00  0.00000000E+00  0.10000000E+04  0.00000000E+00  0.12500000E+03  0.00000000E+00  0.69999999E+00  0.10000000E+04
  0.80000000E+01  0.30000000E+01  0.00000000E+00  0.00000000E+00  0.10000000E+04  0.00000000E+00  0.12500000E+03  0.00000000E+00  0.69999999E+00  0.10000000E+04
  0.80000000E+01  0.35000000E+01  0.00000000E+00  0.00000000E+00  0.10000000E+04  0.00000000E+00  0.12500000E+03  0.00000000E+00  0.69999999E+00  0.10000000E+04
  0.80000000E+01  0.40000000E+01  0.00000000E+00  0.00000000E+00  0.10000000E+04  0.00000000E+00  0.12500000E+03  0.00000000E+00  0.69999999E+00  0.10000000E+04
  0.82500000E+01 -0.25000000E+00  0.00000000E+00  0.00000000E+00  0.10000000E+04  0.00000000E+00  0.12500000E+03  0.00000000E+00  0.69999999E+00  0.10000000E+04
  0.82500000E+01  0.25000000E+00  0.00000000E+00  0.00000000E+00  0.10000000E+04  0.00000000E+00  0.12500000E+03  0.00000000E+00  0.69999999E+00  0.10000000E+04
  0.82500000E+01  0.75000000E+00  0.00000000E+00  0.00000000E+00  0.10000000E+04  0.00000000E+00  0.12500000E+03  0.00000000E+00  0.69999999E+00  0.10000000E+04
  0.82500000E+01  0.12500000E+01  0.00000000E+00  0.00000000E+00  0.10000000E+04  0.00000000E+00  0.12500000E+03  0.00000000E+00  0.69999999E+00  0.10000000E+04
  0.82500000E+01  0.17500000E+01  0.00000000E+00  0.00000000E+00  0.10000000E+04  0.00000000E+00  0.12500000E+03  0.00000000E+00  0.69999999E+00  0.10000000E+04
  0.82500000E+01  0.22500000E+01  0.00000000E+00  0.00000000E+00  0.10000000E+04  0.00000000E+00  0.12500000E+03  0.00000000E+00  0.69999999E+00  0.10000000E+04
  0.82500000E+01  0.27500000E+01  0.00000000E+00  0.00000000E+00  0.10000000E+04  0.00000000E+00  0.12500000E+03  0.00000000E+00  0.69999999E+00  0.10000000E+04
  0.82500000E+01  0.32500000E+01  0.00000000E+00  0.00000000E+00  0.10000000E+04  0.00000000E+00  0.12500000E+03  0.00000000E+00  0.69999999E+00  0.10000000E+04
  0.82500000E+01  0.37500000E+01  0.00000000E+00  0.00000000E+00  0.10000000E+04  0.00000000E+00  0.12500000E+03  0.00000000E+00  0.69999999E+00  0.10000000E+04
  0.50000000E+00  0.00000000E+00  0.00000000E+00  0.00000000E+00  0.10021107E+04  0.41675474E+04  0.12500000E+03  0.10952331E-03  0.69999999E+00  0.99999988E+03
  0.10000000E+01  0.00000000E+00  0.00000000E+00  0.00000000E+00  0.10013365E+04  0.26328977E+04  0.12500000E+03  0.61349121E-04  0.69999999E+00  0.99999994E+03
  0.15000000E+01  0.00000000E+00  0.00000000E+00  0.00000000E+00  0.10012891E+04  0.25388386E+04  0.12500000E+03  0.16370644E-03  0.69999999E+00  0.99999982E+03
  0.20000000E+01  0.00000000E+00  0.00000000E+00  0.00000000E+00  0.10006593E+04  0.12961997E+04  0.12500000E+03  0.17304157E-03  0.69999999E+00  0.99999982E+03
  0.25000000E+01  0.00000000E+00  0.00000000E+00  0.00000000E+00  0.10022126E+04  0.43701299E+04  0.12500000E+03 -0.27063181E-04  0.69999999E+00  0.10000000E+04
  0.30000000E+01  0.00000000E+00  0.00000000E+00  0.00000000E+00  0.10012526E+04  0.24667212E+04  0.12500000E+03  0.32084752E-05  0.69999999E+00  0.10000000E+04
  0.35000000E+01  0.00000000E+00  0.00000000E+00  0.00000000E+00  0.10000410E+04  0.80467590E+02  0.12500000E+03  0.15464921E-05  0.69999999E+00  0.10000000E+04
  0.40000000E+01  0.00000000E+00  0.00000000E+00  0.00000000E+00  0.10000000E+04  0.00000000E+00  0.12500000E+03  0.00000000E+00  0.69999999E+00  0.10000000E+04
  0.45000000E+01  0.00000000E+00  0.00000000E+00  0.00000000E+00  0.10000000E+04  0.00000000E+00  0.12500000E+03  0.00000000E+00  0.69999999E+00  0.10000000E+04
  0.50000000E+01  0.00000000E+00  0.00000000E+00  0.00000000E+00  0.10000000E+04  0.00000000E+00  0.12500000E+03  0.00000000E+00  0.69999999E+00  0.10000000E+04
  0.55000000E+01  0.00000000E+00  0.00000000E+00  0.00000000E+00  0.10000000E+04  0.00000000E+00  0.12500000E+03  0.00000000E+00  0.69999999E+00  0.10000000E+04
  0.60000000E+01  0.00000000E+00  0.00000000E+00  0.00000000E+00  0.10000000E+04  0.00000000E+00  0.12500000E+03  0.00000000E+00  0.69999999E+00  0.10000000E+04
  0.65000000E+01  0.00000000E+00  0.00000000E+00  0.00000000E+00  0.10000000E+04  0.00000000E+00  0.12500000E+03  0.00000000E+00  0.69999999E+00  0.10000000E+04
  0.70000000E+01  0.00000000E+00  0.00000000E+00  0.00000000E+00  0.10000000E+04  0.00000000E+00  0.12500000E+03  0.00000000E+00  0.69999999E+00  0.10000000E+04
  0.75000000E+01  0.00000000E+00  0.00000000E+00  0.00000000E+00  0.10000000E+04  0.00000000E+00  0.12500000E+03  0.00000000E+00  0.69999999E+00  0.10000000E+04
  0.25000000E+00 -0.25000000E+00  0.00000000E+00  0.00000000E+00  0.10008496E+04  0.16711790E+04  0.12500000E+03  0.35282028E-04  0.69999999E+00  0.99999994E+03
  0.75000000E+00 -0.25000000E+00  0.00000000E+00  0.00000000E+00  0.10013723E+04  0.27036365E+04  0.12500000E+03  0.81951301E-04  0.69999999E+00  0.99999994E+03
  0.12500000E+01 -0.25000000E+00  0.00000000E+00  0.00000000E+00  0.10014302E+04  0.28180295E+04  0.12500000E+03  0.65242588E-04  0.69999999E+00  0.99999994E+03
  0.17500000E+01 -0.25000000E+00  0.00000000E+00  0.00000000E+00  0.10012572E+04  0.24759119E+04  0.12500000E+03  0.97322074E-04  0.69999999E+00  0.99999988E+03
  0.22500000E+01 -0.25000000E+00  0.00000000E+00  0.00000000E+00  0.10011343E+04  0.22330374E+04  0.12500000E+03  0.83346080E-04  0.69999999E+00  0.99999994E+03
  0.27500000E+01 -0.25000000E+00  0.00000000E+00  0.00000000E+00  0.10009847E+04  0.19378716E+04  0.12500000E+03 -0.70218930E-05  0.69999999E+00  0.10000000E+04
  0.32500000E+01 -0.25000000E+00  0.00000000E+00  0.00000000E+00  0.10001038E+04  0.20354643E+03  0.12500000E+03  0.17444219E-05  0.69999999E+00  0.10000000E+04
  0.37500000E+01 -0.25000000E+00  0.00000000E+00  0.00000000E+00  0.10000000E+04  0.00000000E+00  0.12500000E+03  0.00000000E+00  0.69999999E+00  0.10000000E+04
  0.42500000E+01 -0.25000000E+00  0.00000000E+00  0.00000000E+00  0.10000000E+04  0.00000000E+00  0.12500000E+03  0.00000000E+00  0.69999999E+00  0.10000000E+04
  0.47500000E+01 -0.25000000E+00  0.00000000E+00  0.00000000E+00  0.10000000E+04  0.00000000E+00  0.12500000E+03  0.00000000E+00  0.69999999E+00  0.10000000E+04
  0.52500000E+01 -0.25000000E+00  0.00000000E+00  0.00000000E+00  0.10000000E+04  0.00000000E+00  0.12500000E+03  0.00000000E+00  0.69999999E+00  0.10000000E+04
  0.57500000E+01 -0.25000000E+00  0.00000000E+00  0.00000000E+00  0.10000000E+04  0.00000000E+00  0.12500000E+03  0.00000000E+00  0.69999999E+00  0.10000000E+04
  0.62500000E+01 -0.25000000E+00  0.00000000E+00  0.00000000E+00  0.10000000E+04  0.00000000E+00  0.12500000E+03  0.00000000E+00  0.69999999E+00  0.10000000E+04
  0.67500000E+01 -0.25000000E+00  0.00000000E+00  0.00000000E+00  0.10000000E+04  0.00000000E+00  0.12500000E+03  0.00000000E+00  0.69999999E+00  0.10000000E+04
  0.72500000E+01 -0.25000000E+00  0.00000000E+00  0.00000000E+00  0.10000000E+04  0.00000000E+00  0.12500000E+03  0.00000000E+00  0.69999999E+00  0.10000000E+04
  0.77500000E+01 -0.25000000E+00  0.00000000E+00  0.00000000E+00  0.10000000E+04  0.00000000E+00  0.12500000E+03  0.00000000E+00  0.69999999E+00  0.10000000E+04
  0.40000000E+01  0.50000000E+00  0.00000000E+00  0.00000000E+00  0.10000000E+04  0.00000000E+00  0.12500000E+03  0.00000000E+00  0.69999999E+00  0.10000000E+04
  0.37500000E+01  0.25000000E+00  0.00000000E+00  0.00000000E+00  0.10000000E+04  0.00000000E+00  0.12500000E+03 -0.76247392E-06  0.69999999E+00  0.10000000E+04
  0.40000000E+01  0.10000000E+01  0.00000000E+00  0.00000000E+00  0.10000000E+04  0.00000000E+00  0.12500000E+03  0.00000000E+00  0.69999999E+00  0.10000000E+04
  0.37500000E+01  0.75000000E+00  0.00000000E+00  0.00000000E+00  0.10000001E+04  0.23388872E+00  0.12500000E+03  0.16226466E-05  0.69999999E+00  0.10000000E+04
  0.40000000E+01  0.15000000E+01  0.00000000E+00  0.00000000E+00  0.10000000E+04  0.00000000E+00  0.12500000E+03  0.00000000E+00  0.69999999E+00  0.10000000E+04
  0.37500000E+01  0.12500000E+01  0.00000000E+00  0.00000000E+00  0.10000000E+04  0.00000000E+00  0.12500000E+03  0.10204445E-07  0.69999999E+00  0.10000000E+04
  0.40000000E+01  0.20000000E+01  0.00000000E+00  0.00000000E+00  0.10000000E+04  0.00000000E+00  0.12500000E+03  0.00000000E+00  0.69999999E+00  0.10000000E+04
  0.37500000E+01  0.17500000E+01  0.00000000E+00  0.00000000E+00  0.10000000E+04  0.00000000E+00  0.12500000E+03  0.74909008E-06  0.69999999E+00  0.10000000E+04
  0.45000000E+01  0.50000000E+00  0.00000000E+00  0.00000000E+00  0.10000000E+04  0.00000000E+00  0.12500000E+03  0.00000000E+00  0.69999999E+00  0.10000000E+04
  0.42500000E+01  0.25000000E+00  0.00000000E+00  0.00000000E+00  0.10000000E+04  0.00000000E+00  0.12500000E+03  0.00000000E+00  0.69999999E+00  0.10000000E+04
  0.45000000E+01  0.10000000E+01  0.00000000E+00  0.00000000E+00  0.10000000E+04  0.00000000E+00  0.12500000E+03  0.00000000E+00  0.69999999E+00  0.10000000E+04
  0.42500000E+01  0.75000000E+00  0.00000000E+00  0.00000000E+00  0.10000000E+04  0.00000000E+00  0.12500000E+03  0.00000000E+00  0.69999999E+00  0.10000000E+04
  0.45000000E+01  0.15000000E+01  0.00000000E+00  0.00000000E+00  0.10000000E+04  0.00000000E+00  0.12500000E+03  0.00000000E+00  0.69999999E+00  0.10000000E+04
  0.42500000E+01  0.12500000E+01  0.00000000E+00  0.00000000E+00  0.10000000E+04  0.00000000E+00  0.12500000E+03  0.00000000E+00  0.69999999E+00  0.10000000E+04
  0.45000000E+01  0.20000000E+01  0.00000000E+00  0.00000000E+00  0.10000000E+04  0.00000000E+00  0.12500000E+03  0.00000000E+00  0.69999999E+00  0.10000000E+04
  0.42500000E+01  0.17500000E+01  0.00000000E+00  0.00000000E+00  0.10000000E+04  0.00000000E+00  0.12500000E+03  0.00000000E+00  0.69999999E+00  0.10000000E+04
  0.50000000E+01  0.50000000E+00  0.00000000E+00  0.00000000E+00  0.10000000E+04  0.00000000E+00  0.12500000E+03  0.00000000E+00  0.69999999E+00  0.10000000E+04
  0.47500000E+01  0.25000000E+00  0.00000000E+00  0.00000000E+00  0.10000000E+04  0.00000000E+00  0.12500000E+03  0.00000000E+00  0.69999999E+00  0.10000000E+04
  0.50000000E+01  0.10000000E+01  0.00000000E+00  0.00000000E+00  0.10000000E+04  0.00000000E+00  0.12500000E+03  0.00000000E+00  0.69999999E+00  0.10000000E+04
  0.47500000E+01  0.75000000E+00  0.00000000E+00  0.00000000E+00  0.10000000E+04  0.00000000E+00  0.12500000E+03  0.00000000E+00  0.69999999E+00  0.10000000E+04
  0.50000000E+01  0.15000000E+01  0.00000000E+00  0.00000000E+00  0.10000000E+04  0.00000000E+00  0.12500000E+03  0.00000000E+00  0.69999999E+00  0.10000000E+04
  0.47500000E+01  0.12500000E+01  0.00000000E+00  0.00000000E+00  0.10000000E+04  0.00000000E+00  0.12500000E+03  0.00000000E+00  0.69999999E+00  0.10000000E+04
  0.50000000E+01  0.20000000E+01  0.00000000E+00  0.00000000E+00  0.10000000E+04  0.00000000E+00  0.12500000E+03  0.00000000E+00  0.69999999E+00  0.10000000E+04
  0.47500000E+01  0.17500000E+01  0.00000000E+00  0.00000000E+00  0.10000000E+04  0.00000000E+00  0.12500000E+03  0.00000000E+00  0.69999999E+00  0.10000000E+04
  0.74919581E+00  0.24909472E+00 -0.13436119E+00 -0.13061790E+00  0.10073128E+04  0.14666292E+05  0.12576698E+03  0.12576698E+03  0.10000000E+01  0.00000000E+00
  0.49896973E+00  0.49933881E+00 -0.14183292E+00 -0.67786902E-01  0.10061655E+04  0.12322780E+05  0.12561582E+03  0.12561572E+03  0.10000000E+01  0.00000000E+00
  0.74912918E+00  0.74945641E+00 -0.93982317E-01 -0.43489076E-01  0.10029877E+04  0.59145171E+04  0.12546356E+03  0.12546356E+03  0.10000000E+01  0.00000000E+00
  0.49934053E+00  0.99939358E+00 -0.68747595E-01 -0.68566069E-01  0.10031379E+04  0.62146738E+04  0.12531018E+03  0.12531018E+03  0.10000000E+01  0.00000000E+00
  0.74964464E+00  0.12494984E+01 -0.28280569E-01 -0.47789566E-01  0.10012587E+04  0.24789753E+04  0.12515567E+03  0.12515567E+03  0.10000000E+01  0.00000000E+00
  0.49976677E+00  0.14989555E+01 -0.18680893E-01 -0.12461323E+00  0.10008123E+04  0.15976061E+04  0.12500000E+03  0.12500000E+03  0.10000000E+01  0.00000000E+00
  0.12498848E+01  0.24896991E+00 -0.16185488E-02 -0.15650018E+00  0.10069384E+04  0.13899918E+05  0.12576698E+03  0.12576688E+03  0.10000000E+01  0.00000000E+00
  0.99948740E+00  0.49930054E+00 -0.50128393E-01 -0.59296295E-01  0.10039955E+04  0.79338394E+04  0.12561582E+03  0.12561572E+03  0.10000000E+01  0.00000000E+00
  0.12498899E+01  0.74957156E+00  0.46735704E-02 -0.26652537E-01  0.10020735E+04  0.40936533E+04  0.12546356E+03  0.12546356E+03  0.10000000E+01  0.00000000E+00
  0.99968326E+00  0.99970603E+00 -0.18897355E-01 -0.17059809E-01  0.10015508E+04  0.30568494E+04  0.12531018E+03  0.12531018E+03  0.10000000E+01  0.00000000E+00
  0.12499604E+01  0.12496388E+01  0.40991036E-02 -0.38136881E-01  0.10009744E+04  0.19174034E+04  0.12515567E+03  0.12515567E+03  0.10000000E+01  0.00000000E+00
  0.99992204E+00  0.14990695E+01 -0.12321423E-02 -0.10442032E+00  0.10004969E+04  0.97653668E+03  0.12500000E+03  0.12500000E+03  0.10000000E+01  0.00000000E+00
  0.17502220E+01  0.24897429E+00  0.21428678E-01 -0.15774061E+00  0.10066143E+04  0.13237677E+05  0.12576698E+03  0.12576688E+03  0.10000000E+01  0.00000000E+00
  0.15000567E+01  0.49930507E+00  0.10818504E-01 -0.58752451E-01  0.10037051E+04  0.73507969E+04  0.12561582E+03  0.12561572E+03  0.10000000E+01  0.00000000E+00
  0.17502511E+01  0.74955666E+00  0.14641401E-01 -0.31429835E-01  0.10016947E+04  0.33419128E+04  0.12546356E+03  0.12546356E+03  0.10000000E+01  0.00000000E+00
  0.15000455E+01  0.99974453E+00  0.74787918E-02 -0.18473389E-01  0.10014394E+04  0.28361946E+04  0.12531018E+03  0.12531018E+03  0.10000000E+01  0.00000000E+00
  0.17501175E+01  0.12496088E+01  0.60206875E-02 -0.44872381E-01  0.10007822E+04  0.15381487E+04  0.12515567E+03  0.12515567E+03  0.10000000E+01  0.00000000E+00
  0.15000193E+01  0.14990964E+01  0.27842238E-02 -0.10586193E+00  0.10006071E+04  0.11931318E+04  0.12500000E+03  0.12500000E+03  0.10000000E+01  0.00000000E+00
  0.22512679E+01  0.24919194E+00  0.19759889E+00 -0.10599759E+00  0.10062863E+04  0.12568699E+05  0.12576698E+03  0.12576698E+03  0.10000000E+01  0.00000000E+00
  0.20007672E+01  0.49930465E+00  0.76649740E-01 -0.63750654E-01  0.10033239E+04  0.65869092E+04  0.12561582E+03  0.12561582E+03  0.10000000E+01  0.00000000E+00
  0.22515087E+01  0.74943280E+00  0.15705171E+00 -0.52414946E-01  0.10018315E+04  0.36132700E+04  0.12546356E+03  0.12546356E+03  0.10000000E+01  0.00000000E+00
  0.20005193E+01  0.99966204E+00  0.37867606E-01 -0.28671471E-01  0.10010445E+04  0.20557651E+04  0.12531018E+03  0.12531018E+03  0.10000000E+01  0.00000000E+00
  0.22506433E+01  0.12494066E+01  0.54365471E-01 -0.66321328E-01  0.10008168E+04  0.16065374E+04  0.12515567E+03  0.12515567E+03  0.10000000E+01  0.00000000E+00
  0.20001383E+01  0.14990168E+01  0.61823004E-02 -0.11463667E+00  0.10003384E+04  0.66468439E+03  0.12500000E+03  0.12500000E+03  0.10000000E+01  0.00000000E+00
  0.25025806E+01  0.49948084E+00  0.31824660E+00 -0.43037407E-01  0.10031867E+04  0.63124019E+04  0.12561582E+03  0.12561572E+03  0.10000000E+01  0.00000000E+00
  0.25017681E+01  0.99923074E+00  0.17786427E+00 -0.87487146E-01  0.10013577E+04  0.26746318E+04  0.12531018E+03  0.12531018E+03  0.10000000E+01  0.00000000E+00
  0.25003734E+01  0.14987016E+01  0.31001048E-01 -0.14054969E+00  0.10005763E+04  0.11325741E+04  0.12500000E+03  0.12500000E+03  0.10000000E+01  0.00000000E+00
