  0.00000000E+00  0.00000000E+00  0.00000000E+00  0.00000000E+00  0.10034253E+04  0.67897739E+04  0.12500000E+03  0.22135784E-02  0.69999999E+00  0.99999744E+03
  0.00000000E+00  0.50000000E+00  0.00000000E+00  0.00000000E+00  0.10333660E+04  0.72393641E+05  0.12500000E+03  0.23496929E-02  0.69999999E+00  0.99999725E+03
  0.00000000E+00  0.10000000E+01  0.00000000E+00  0.00000000E+00  0.10218829E+04  0.45857887E+05  0.12500000E+03  0.30447610E-02  0.69999999E+00  0.99999646E+03
  0.00000000E+00  0.15000000E+01  0.00000000E+00  0.00000000E+00  0.10100205E+04  0.20261195E+05  0.12500000E+03  0.11148967E-02  0.69999999E+00  0.99999872E+03
  0.00000000E+00  0.20000000E+01  0.00000000E+00  0.00000000E+00  0.10177767E+04  0.36794086E+05  0.12500000E+03 -0.11178991E-02  0.69999999E+00  0.10000013E+04
  0.00000000E+00  0.25000000E+01  0.00000000E+00  0.00000000E+00  0.10030736E+04  0.60862402E+04  0.12500000E+03  0.33517432E-03  0.69999999E+00  0.99999963E+03
  0.00000000E+00  0.30000000E+01  0.00000000E+00  0.00000000E+00  0.10000000E+04  0.00000000E+00  0.12500000E+03  0.60528782E-05  0.69999999E+00  0.10000000E+04
  0.00000000E+00  0.35000000E+01  0.00000000E+00  0.00000000E+00  0.10000000E+04  0.00000000E+00  0.12500000E+03  0.00000000E+00  0.69999999E+00  0.10000000E+04
  0.00000000E+00  0.40000000E+01  0.00000000E+00  0.00000000E+00  0.10000000E+04  0.00000000E+00  0.12500000E+03  0.00000000E+00  0.69999999E+00  0.10000000E+04
 -0.25000000E+00 -0.25000000E+00  0.00000000E+00  0.00000000E+00  0.10006414E+04  0.12607445E+04  0.12500000E+03  0.52005530E-03  0.69999999E+00  0.99999939E+03
 -0.25000000E+00  0.25000000E+00  0.00000000E+00  0.00000000E+00  0.10020642E+04  0.40751824E+04  0.12500000E+03  0.94001001E-03  0.69999999E+00  0.99999890E+03
 -0.25000000E+00  0.75000000E+00  0.00000000E+00  0.00000000E+00  0.10103569E+04  0.20962621E+05  0.12500000E+03  0.24259998E-03  0.69999999E+00  0.99999969E+03
 -0.25000000E+00  0.12500000E+01  0.00000000E+00  0.00000000E+00  0.10014580E+04  0.28732354E+04  0.12500000E+03  0.97856764E-03  0.69999999E+00  0.99999890E+03
 -0.25000000E+00  0.17500000E+01  0.00000000E+00  0.00000000E+00  0.10011837E+04  0.23307783E+04  0.12500000E+03 -0.24973595E-03  0.69999999E+00  0.10000003E+04
 -0.25000000E+00  0.22500000E+01  0.00000000E+00  0.00000000E+00  0.10012462E+04  0.24542319E+04  0.12500000E+03 -0.15003496E-03  0.69999999E+00  0.10000002E+04
 -0.25000000E+00  0.27500000E+01  0.00000000E+00  0.00000000E+00  0.10000000E+04  0.00000000E+00  0.12500000E+03  0.26624671E-42  0.69999999E+00  0.10000000E+04
 -0.25000000E+00  0.32500000E+01  0.00000000E+00  0.00000000E+00  0.10000000E+04  0.00000000E+00  0.12500000E+03  0.00000000E+00  0.69999999E+00  0.10000000E+04
 -0.25000000E+00  0.37500000E+01  0.00000000E+00  0.00000000E+00  0.10000000E+04  0.00000000E+00  0.12500000E+03  0.00000000E+00  0.69999999E+00  0.10000000E+04
  0.80000000E+01  0.00000000E+00  0.00000000E+00  0.00000000E+00  0.10000000E+04  0.00000000E+00  0.12500000E+03  0.00000000E+00  0.69999999E+00  0.10000000E+04
  0.80000000E+01  0.50000000E+00  0.00000000E+00  0.00000000E+00  0.10000000E+04  0.00000000E+00  0.12500000E+03  0.00000000E+00  0.69999999E+00  0.10000000E+04
  0.80000000E+01  0.10000000E+01  0.00000000E+00  0.00000000E+00  0.10000000E+04  0.00000000E+00  0.12500000E+03  0.00000000E+00  0.69999999E+00  0.10000000E+04
  0.80000000E+01  0.15000000E+01  0.00000000E+00  0.00000000E+00  0.10000000E+04  0.00000000E+00  0.12500000E+03  0.00000000E+00  0.69999999E+00  0.10000000E+04
  0.80000000E+01  0.20000000E+01  0.00000000E+00  0.00000000E+00  0.10000000E+04  0.00000000E+00  0.12500000E+03  0.00000000E+00  0.69999999E+00  0.10000000E+04
  0.80000000E+01  0.25000000E+01  0.00000000E+00  0.00000000E+00  0.10000000E+04  0.00000000E+00  0.12500000E+03  0.00000000E+00  0.69999999E+00  0.10000000E+04
  0.80000000E+01  0.30000000E+01  0.00000000E+00  0.00000000E+00  0.10000000E+04  0.00000000E+00  0.12500000E+03  0.00000000E+00  0.69999999E+00  0.10000000E+04
  0.80000000E+01  0.35000000E+01  0.00000000E+00  0.00000000E+00  0.10000000E+04  0.00000000E+00  0.12500000E+03  0.00000000E+00  0.69999999E+00  0.10000000E+04
  0.80000000E+01  0.40000000E+01  0.00000000E+00  0.00000000E+00  0.10000000E+04  0.00000000E+00  0.12500000E+03  0.00000000E+00  0.69999999E+00  0.10000000E+04
  0.82500000E+01 -0.25000000E+00  0.00000000E+00  0.00000000E+00  0.10000000E+04  0.00000000E+00  0.12500000E+03  0.00000000E+00  0.69999999E+00  0.10000000E+04
  0.82500000E+01  0.25000000E+00  0.00000000E+00  0.00000000E+00  0.10000000E+04  0.00000000E+00  0.12500000E+03  0.00000000E+00  0.69999999E+00  0.10000000E+04
  0.82500000E+01  0.75000000E+00  0.00000000E+00  0.00000000E+00  0.10000000E+04  0.00000000E+00  0.12500000E+03  0.00000000E+00  0.69999999E+00  0.10000000E+04
  0.82500000E+01  0.12500000E+01  0.00000000E+00  0.00000000E+00  0.10000000E+04  0.00000000E+00  0.12500000E+03  0.00000000E+00  0.69999999E+00  0.10000000E+04
  0.82500000E+01  0.17500000E+01  0.00000000E+00  0.00000000E+00  0.10000000E+04  0.00000000E+00  0.12500000E+03  0.00000000E+00  0.69999999E+00  0.10000000E+04
  0.82500000E+01  0.22500000E+01  0.00000000E+00  0.00000000E+00  0.10000000E+04  0.00000000E+00  0.12500000E+03  0.00000000E+00  0.69999999E+00  0.10000000E+04
  0.82500000E+01  0.27500000E+01  0.00000000E+00  0.00000000E+00  0.10000000E+04  0.00000000E+00  0.12500000E+03  0.00000000E+00  0.69999999E+00  0.10000000E+04
  0.82500000E+01  0.32500000E+01  0.00000000E+00  0.00000000E+00  0.10000000E+04  0.00000000E+00  0.12500000E+03  0.00000000E+00  0.69999999E+00  0.10000000E+04
  0.82500000E+01  0.37500000E+01  0.00000000E+00  0.00000000E+00  0.10000000E+04  0.00000000E+00  0.12500000E+03  0.00000000E+00  0.69999999E+00  0.10000000E+04
  0.50000000E+00  0.00000000E+00  0.00000000E+00  0.00000000E+00  0.10540734E+04  0.12493977E+06  0.12500000E+03  0.10855807E-01  0.69999999E+00  0.99998694E+03
  0.10000000E+01  0.00000000E+00  0.00000000E+00  0.00000000E+00  0.10604216E+04  0.14233509E+06  0.12500000E+03  0.57013179E-02  0.69999999E+00  0.99999310E+03
  0.15000000E+01  0.00000000E+00  0.00000000E+00  0.00000000E+00  0.10204414E+04  0.42651051E+05  0.12500000E+03  0.19385397E-01  0.69999999E+00  0.99997742E+03
  0.20000000E+01  0.00000000E+00  0.00000000E+00  0.00000000E+00  0.11402014E+04  0.42193250E+06  0.12500000E+03  0.22082223E-01  0.69999999E+00  0.99997125E+03
  0.25000000E+01  0.00000000E+00  0.00000000E+00  0.00000000E+00  0.10306981E+04  0.66069062E+05  0.12500000E+03  0.51826048E-02  0.69999999E+00  0.99999390E+03
  0.30000000E+01  0.00000000E+00  0.00000000E+00  0.00000000E+00  0.10459204E+04  0.10350222E+06  0.12500000E+03  0.69007268E-02  0.69999999E+00  0.99999176E+03
  0.35000000E+01  0.00000000E+00  0.00000000E+00  0.00000000E+00  0.10063699E+04  0.12738979E+05  0.12500000E+03  0.26559287E-02  0.69999999E+00  0.99999695E+03
  0.40000000E+01  0.00000000E+00  0.00000000E+00  0.00000000E+00  0.10000137E+04  0.26898298E+02  0.12500000E+03 -0.68247195E-04  0.69999999E+00  0.10000001E+04
  0.45000000E+01  0.00000000E+00  0.00000000E+00  0.00000000E+00  0.10000000E+04  0.00000000E+00  0.12500000E+03  0.12404294E-40  0.69999999E+00  0.10000000E+04
  0.50000000E+01  0.00000000E+00  0.00000000E+00  0.00000000E+00  0.10000000E+04  0.00000000E+00  0.12500000E+03  0.00000000E+00  0.69999999E+00  0.10000000E+04
  0.55000000E+01  0.00000000E+00  0.00000000E+00  0.00000000E+00  0.10000000E+04  0.00000000E+00  0.12500000E+03  0.00000000E+00  0.69999999E+00  0.10000000E+04
  0.60000000E+01  0.00000000E+00  0.00000000E+00  0.00000000E+00  0.10000000E+04  0.00000000E+00  0.12500000E+03  0.00000000E+00  0.69999999E+00  0.10000000E+04
  0.65000000E+01  0.00000000E+00  0.00000000E+00  0.00000000E+00  0.10000000E+04  0.00000000E+00  0.12500000E+03  0.00000000E+00  0.69999999E+00  0.10000000E+04
  0.70000000E+01  0.00000000E+00  0.00000000E+00  0.00000000E+00  0.10000000E+04  0.00000000E+00  0.12500000E+03  0.00000000E+00  0.69999999E+00  0.10000000E+04
  0.75000000E+01  0.00000000E+00  0.00000000E+00  0.00000000E+00  0.10000000E+04  0.00000000E+00  0.12500000E+03  0.00000000E+00  0.69999999E+00  0.10000000E+04
  0.25000000E+00 -0.25000000E+00  0.00000000E+00  0.00000000E+00  0.10062849E+04  0.12566027E+05  0.12500000E+03  0.30477610E-02  0.69999999E+00  0.99999652E+03
  0.75000000E+00 -0.25000000E+00  0.00000000E+00  0.00000000E+00  0.10279241E+04  0.59596301E+05  0.12500000E+03  0.79471488E-02  0.69999999E+00  0.99999066E+03
  0.12500000E+01 -0.25000000E+00  0.00000000E+00  0.00000000E+00  0.10093265E+04  0.18818771E+05  0.12500000E+03  0.63785100E-02  0.69999999E+00  0.99999261E+03
  0.17500000E+01 -0.25000000E+00  0.00000000E+00  0.00000000E+00  0.10156117E+04  0.32102527E+05  0.12500000E+03  0.97331945E-02  0.69999999E+00  0.99998871E+03
  0.22500000E+01 -0.25000000E+00  0.00000000E+00  0.00000000E+00  0.10016238E+04  0.32013579E+04  0.12500000E+03  0.93753897E-02  0.69999999E+00  0.99998926E+03
  0.27500000E+01 -0.25000000E+00  0.00000000E+00  0.00000000E+00  0.10070099E+04  0.14045983E+05  0.12500000E+03  0.34788151E-02  0.69999999E+00  0.99999597E+03
  0.32500000E+01 -0.25000000E+00  0.00000000E+00  0.00000000E+00  0.10019833E+04  0.39144338E+04  0.12500000E+03  0.25320635E-02  0.69999999E+00  0.99999713E+03
  0.37500000E+01 -0.25000000E+00  0.00000000E+00  0.00000000E+00  0.10000070E+04  0.13565822E+02  0.12500000E+03 -0.15635355E-03  0.69999999E+00  0.10000002E+04
  0.42500000E+01 -0.25000000E+00  0.00000000E+00  0.00000000E+00  0.10000000E+04  0.00000000E+00  0.12500000E+03 -0.44043752E-37  0.69999999E+00  0.10000000E+04
  0.47500000E+01 -0.25000000E+00  0.00000000E+00  0.00000000E+00  0.10000000E+04  0.00000000E+00  0.12500000E+03 -0.15901935E-40  0.69999999E+00  0.10000000E+04
  0.52500000E+01 -0.25000000E+00  0.00000000E+00  0.00000000E+00  0.10000000E+04  0.00000000E+00  0.12500000E+03  0.00000000E+00  0.69999999E+00  0.10000000E+04
  0.57500000E+01 -0.25000000E+00  0.00000000E+00  0.00000000E+00  0.10000000E+04  0.00000000E+00  0.12500000E+03  0.00000000E+00  0.69999999E+00  0.10000000E+04
  0.62500000E+01 -0.25000000E+00  0.00000000E+00  0.00000000E+00  0.10000000E+04  0.00000000E+00  0.12500000E+03  0.00000000E+00  0.69999999E+00  0.10000000E+04
  0.67500000E+01 -0.25000000E+00  0.00000000E+00  0.00000000E+00  0.10000000E+04  0.00000000E+00  0.12500000E+03  0.00000000E+00  0.69999999E+00  0.10000000E+04
  0.72500000E+01 -0.25000000E+00  0.00000000E+00  0.00000000E+00  0.10000000E+04  0.00000000E+00  0.12500000E+03  0.00000000E+00  0.69999999E+00  0.10000000E+04
  0.77500000E+01 -0.25000000E+00  0.00000000E+00  0.00000000E+00  0.10000000E+04  0.00000000E+00  0.12500000E+03  0.00000000E+00  0.69999999E+00  0.10000000E+04
  0.40000000E+01  0.50000000E+00  0.00000000E+00  0.00000000E+00  0.10005028E+04  0.98803168E+03  0.12500000E+03 -0.27053972E-03  0.69999999E+00  0.10000003E+04
  0.37500000E+01  0.25000000E+00  0.00000000E+00  0.00000000E+00  0.10037119E+04  0.73644277E+04  0.12500000E+03 -0.12152530E-02  0.69999999E+00  0.10000014E+04
  0.40000000E+01  0.10000000E+01  0.00000000E+00  0.00000000E+00  0.10021711E+04  0.42876606E+04  0.12500000E+03 -0.99099387E-04  0.69999999E+00  0.10000001E+04
  0.37500000E+01  0.75000000E+00  0.00000000E+00  0.00000000E+00  0.10346731E+04  0.75528305E+05  0.12500000E+03  0.80936530E-03  0.69999999E+00  0.99999902E+03
  0.40000000E+01  0.15000000E+01  0.00000000E+00  0.00000000E+00  0.10009929E+04  0.19538706E+04  0.12500000E+03  0.27493550E-03  0.69999999E+00  0.99999969E+03
  0.37500000E+01  0.12500000E+01  0.00000000E+00  0.00000000E+00  0.10214609E+04  0.44916254E+05  0.12500000E+03  0.61872992E-03  0.69999999E+00  0.99999927E+03
  0.40000000E+01  0.20000000E+01  0.00000000E+00  0.00000000E+00  0.10062084E+04  0.12410155E+05  0.12500000E+03  0.25373657E-03  0.69999999E+00  0.99999969E+03
  0.37500000E+01  0.17500000E+01  0.00000000E+00  0.00000000E+00  0.10543311E+04  0.12563385E+06  0.12500000E+03  0.13707599E-02  0.69999999E+00  0.99999835E+03
  0.45000000E+01  0.50000000E+00  0.00000000E+00  0.00000000E+00  0.10000000E+04  0.00000000E+00  0.12500000E+03  0.47369493E-40  0.69999999E+00  0.10000000E+04
  0.42500000E+01  0.25000000E+00  0.00000000E+00  0.00000000E+00  0.10000018E+04  0.35083482E+01  0.12500000E+03 -0.74084828E-05  0.69999999E+00  0.10000000E+04
  0.45000000E+01  0.10000000E+01  0.00000000E+00  0.00000000E+00  0.10000000E+04  0.00000000E+00  0.12500000E+03  0.00000000E+00  0.69999999E+00  0.10000000E+04
  0.42500000E+01  0.75000000E+00  0.00000000E+00  0.00000000E+00  0.10000944E+04  0.18529227E+03  0.12500000E+03 -0.10442676E-04  0.69999999E+00  0.10000000E+04
  0.45000000E+01  0.15000000E+01  0.00000000E+00  0.00000000E+00  0.10000000E+04  0.00000000E+00  0.12500000E+03 -0.00000000E+00  0.69999999E+00  0.10000000E+04
  0.42500000E+01  0.12500000E+01  0.00000000E+00  0.00000000E+00  0.10000066E+04  0.12864128E+02  0.12500000E+03  0.34267537E-05  0.69999999E+00  0.10000000E+04
  0.45000000E+01  0.20000000E+01  0.00000000E+00  0.00000000E+00  0.10000000E+04  0.00000000E+00  0.12500000E+03  0.00000000E+00  0.69999999E+00  0.10000000E+04
  0.42500000E+01  0.17500000E+01  0.00000000E+00  0.00000000E+00  0.10000031E+04  0.60811610E+01  0.12500000E+03 -0.89942510E-07  0.69999999E+00  0.10000000E+04
  0.50000000E+01  0.50000000E+00  0.00000000E+00  0.00000000E+00  0.10000000E+04  0.00000000E+00  0.12500000E+03  0.00000000E+00  0.69999999E+00  0.10000000E+04
  0.47500000E+01  0.25000000E+00  0.00000000E+00  0.00000000E+00  0.10000000E+04  0.00000000E+00  0.12500000E+03  0.15691740E-40  0.69999999E+00  0.10000000E+04
  0.50000000E+01  0.10000000E+01  0.00000000E+00  0.00000000E+00  0.10000000E+04  0.00000000E+00  0.12500000E+03  0.00000000E+00  0.69999999E+00  0.10000000E+04
  0.47500000E+01  0.75000000E+00  0.00000000E+00  0.00000000E+00  0.10000000E+04  0.00000000E+00  0.12500000E+03  0.00000000E+00  0.69999999E+00  0.10000000E+04
  0.50000000E+01  0.15000000E+01  0.00000000E+00  0.00000000E+00  0.10000000E+04  0.00000000E+00  0.12500000E+03  0.00000000E+00  0.69999999E+00  0.10000000E+04
  0.47500000E+01  0.12500000E+01  0.00000000E+00  0.00000000E+00  0.10000000E+04  0.00000000E+00  0.12500000E+03  0.00000000E+00  0.69999999E+00  0.10000000E+04
  0.50000000E+01  0.20000000E+01  0.00000000E+00  0.00000000E+00  0.10000000E+04  0.00000000E+00  0.12500000E+03  0.00000000E+00  0.69999999E+00  0.10000000E+04
  0.47500000E+01  0.17500000E+01  0.00000000E+00  0.00000000E+00  0.10000000E+04  0.00000000E+00  0.12500000E+03 -0.00000000E+00  0.69999999E+00  0.10000000E+04
  0.27167795E+01  0.91289043E+00 -0.77698910E+00 -0.44792104E+00  0.10014411E+04  0.28397332E+04  0.12576698E+03  0.12576674E+03  0.10000000E+01  0.00000000E+00
  0.14873282E+01  0.97237515E+00 -0.45958534E-01  0.32473388E+00  0.10020614E+04  0.40694993E+04  0.12561582E+03  0.12561256E+03  0.10000000E+01  0.00000000E+00
  0.16284175E+01  0.12078763E+01  0.89908338E+00 -0.83605671E+00  0.10046212E+04  0.91933613E+04  0.12546356E+03  0.12546333E+03  0.10000000E+01  0.00000000E+00
  0.22435017E+01  0.18896102E+01  0.67310488E+00  0.10165143E+01  0.10042784E+04  0.85027773E+04  0.12531018E+03  0.12531027E+03  0.10000000E+01  0.00000000E+00
  0.26175594E+01  0.19656457E+01  0.55805302E+00  0.26574409E+00  0.10031212E+04  0.61815479E+04  0.12515567E+03  0.12515567E+03  0.10000000E+01  0.00000000E+00
  0.28587565E+01  0.15868173E+01 -0.82727647E+00 -0.16405421E+00  0.10108690E+04  0.22032861E+05  0.12500000E+03  0.12500000E+03  0.10000000E+01  0.00000000E+00
  0.26965871E+01  0.99261487E+00  0.22021678E+00  0.33675113E+00  0.10034064E+04  0.67520557E+04  0.12576698E+03  0.12575494E+03  0.10000000E+01  0.00000000E+00
  0.11059624E+01  0.94727981E+00  0.39828241E+00  0.51101226E+00  0.10077089E+04  0.15479193E+05  0.12561582E+03  0.12560624E+03  0.10000000E+01  0.00000000E+00
  0.10009876E+01  0.11460524E+01 -0.18652188E-01  0.34874856E+00  0.10024313E+04  0.48050928E+04  0.12546356E+03  0.12546037E+03  0.10000000E+01  0.00000000E+00
  0.24959276E+01  0.14851273E+01 -0.53992733E-01 -0.26593763E+00  0.10048525E+04  0.96603955E+04  0.12531018E+03  0.12531038E+03  0.10000000E+01  0.00000000E+00
  0.11108662E+01  0.85726309E+00  0.93506730E+00  0.55370426E+00  0.10044399E+04  0.88278359E+04  0.12515567E+03  0.12515567E+03  0.10000000E+01  0.00000000E+00
  0.70146048E+00  0.76636374E+00  0.13717734E+01  0.50005740E+00  0.10180072E+04  0.37296953E+05  0.12500000E+03  0.12500000E+03  0.10000000E+01  0.00000000E+00
  0.20043290E+01  0.10983232E+01 -0.22827372E+00  0.55373406E+00  0.10055952E+04  0.11163794E+05  0.12576698E+03  0.12575644E+03  0.10000000E+01  0.00000000E+00
  0.26461127E+01  0.97011542E+00  0.13647907E+01  0.16284670E+00  0.99908569E+03 -0.17890126E+04  0.12561582E+03  0.12561089E+03  0.10000000E+01  0.00000000E+00
  0.28870878E+01  0.10097851E+01  0.24573648E+00  0.13357151E+01  0.10066721E+04  0.13355710E+05  0.12546356E+03  0.12546005E+03  0.10000000E+01  0.00000000E+00
  0.22655165E+01  0.14454771E+01  0.11115119E+01  0.79360914E+00  0.10076045E+04  0.15264713E+05  0.12531018E+03  0.12531018E+03  0.10000000E+01  0.00000000E+00
  0.28564186E+01  0.74972308E+00 -0.24353784E+00 -0.15088937E+00  0.10087170E+04  0.17556441E+05  0.12515567E+03  0.12515553E+03  0.10000000E+01  0.00000000E+00
  0.18549500E+01  0.14407930E+01  0.11903019E+01  0.66041507E-01  0.10031121E+04  0.61631992E+04  0.12500000E+03  0.12499989E+03  0.10000000E+01  0.00000000E+00
  0.83617330E+00  0.10148176E+01  0.81631243E-01  0.11617675E+01  0.10040236E+04  0.79901387E+04  0.12576698E+03  0.12576566E+03  0.10000000E+01  0.00000000E+00
  0.25297279E+01  0.10146273E+01  0.71890247E+00  0.24302706E+00  0.10049029E+04  0.97620205E+04  0.12561582E+03  0.12561221E+03  0.10000000E+01  0.00000000E+00
  0.26100831E+01  0.17758651E+01 -0.17355945E+01  0.14137051E+01  0.99698389E+03 -0.58643398E+04  0.12546356E+03  0.12546202E+03  0.10000000E+01  0.00000000E+00
  0.20287611E+01  0.10109196E+01  0.45534879E+00  0.29815418E+00  0.10066951E+04  0.13402691E+05  0.12531018E+03  0.12530890E+03  0.10000000E+01  0.00000000E+00
  0.96376824E+00  0.14654627E+01 -0.14707539E-02  0.28964469E+00  0.10056749E+04  0.11325631E+05  0.12515567E+03  0.12515567E+03  0.10000000E+01  0.00000000E+00
  0.16688118E+01  0.86669612E+00  0.97474504E+00  0.77766919E+00  0.10129723E+04  0.26463711E+05  0.12500000E+03  0.12500012E+03  0.10000000E+01  0.00000000E+00
  0.11841581E+01  0.13605964E+01 -0.11126882E+01 -0.31269047E+00  0.10071365E+04  0.14305103E+05  0.12561582E+03  0.12561399E+03  0.10000000E+01  0.00000000E+00
  0.24830470E+01  0.21796832E+01 -0.86124694E+00  0.24380878E+00  0.10007670E+04  0.15083065E+04  0.12531018E+03  0.12531004E+03  0.10000000E+01  0.00000000E+00
  0.30133541E+01  0.20539012E+01 -0.83145469E-01 -0.35641158E+00  0.10031665E+04  0.62721157E+04  0.12500000E+03  0.12500000E+03  0.10000000E+01  0.00000000E+00
