  0.00000000E+00  0.00000000E+00  0.00000000E+00  0.00000000E+00  0.10008649E+04  0.17012710E+04  0.12500000E+03  0.18223706E-02  0.69999999E+00  0.99999792E+03
  0.00000000E+00  0.50000000E+00  0.00000000E+00  0.00000000E+00  0.10012932E+04  0.25470884E+04  0.12500000E+03  0.12497497E-02  0.69999999E+00  0.99999860E+03
  0.00000000E+00  0.10000000E+01  0.00000000E+00  0.00000000E+00  0.10047273E+04  0.94074287E+04  0.12500000E+03  0.22509282E-02  0.69999999E+00  0.99999744E+03
  0.00000000E+00  0.15000000E+01  0.00000000E+00  0.00000000E+00  0.10168430E+04  0.34763332E+05  0.12500000E+03  0.81983441E-03  0.69999999E+00  0.99999902E+03
  0.00000000E+00  0.20000000E+01  0.00000000E+00  0.00000000E+00  0.10081627E+04  0.16412855E+05  0.12500000E+03 -0.61532576E-03  0.69999999E+00  0.10000007E+04
  0.00000000E+00  0.25000000E+01  0.00000000E+00  0.00000000E+00  0.10002484E+04  0.48778732E+03  0.12500000E+03  0.11101574E-03  0.69999999E+00  0.99999988E+03
  0.00000000E+00  0.30000000E+01  0.00000000E+00  0.00000000E+00  0.10000000E+04  0.00000000E+00  0.12500000E+03  0.00000000E+00  0.69999999E+00  0.10000000E+04
  0.00000000E+00  0.35000000E+01  0.00000000E+00  0.00000000E+00  0.10000000E+04  0.00000000E+00  0.12500000E+03  0.00000000E+00  0.69999999E+00  0.10000000E+04
  0.00000000E+00  0.40000000E+01  0.00000000E+00  0.00000000E+00  0.10000000E+04  0.00000000E+00  0.12500000E+03  0.00000000E+00  0.69999999E+00  0.10000000E+04
 -0.25000000E+00 -0.25000000E+00  0.00000000E+00  0.00000000E+00  0.10006414E+04  0.12607445E+04  0.12500000E+03  0.52005530E-03  0.69999999E+00  0.99999939E+03
 -0.25000000E+00  0.25000000E+00  0.00000000E+00  0.00000000E+00  0.10011429E+04  0.22502283E+04  0.12500000E+03  0.72317623E-03  0.69999999E+00  0.99999915E+03
 -0.25000000E+00  0.75000000E+00  0.00000000E+00  0.00000000E+00  0.10006598E+04  0.12971389E+04  0.12500000E+03 -0.33976256E-04  0.69999999E+00  0.10000001E+04
 -0.25000000E+00  0.12500000E+01  0.00000000E+00  0.00000000E+00  0.10025736E+04  0.50885752E+04  0.12500000E+03  0.74091024E-03  0.69999999E+00  0.99999915E+03
 -0.25000000E+00  0.17500000E+01  0.00000000E+00  0.00000000E+00  0.10006367E+04  0.12515878E+04  0.12500000E+03 -0.18585019E-03  0.69999999E+00  0.10000002E+04
 -0.25000000E+00  0.22500000E+01  0.00000000E+00  0.00000000E+00  0.10004747E+04  0.93267188E+03  0.12500000E+03 -0.78150333E-04  0.69999999E+00  0.10000001E+04
 -0.25000000E+00  0.27500000E+01  0.00000000E+00  0.00000000E+00  0.10000000E+04  0.00000000E+00  0.12500000E+03  0.00000000E+00  0.69999999E+00  0.10000000E+04
 -0.25000000E+00  0.32500000E+01  0.00000000E+00  0.00000000E+00  0.10000000E+04  0.00000000E+00  0.12500000E+03  0.00000000E+00  0.69999999E+00  0.10000000E+04
 -0.25000000E+00  0.37500000E+01  0.00000000E+00  0.00000000E+00  0.10000000E+04  0.00000000E+00  0.12500000E+03  0.00000000E+00  0.69999999E+00  0.10000000E+04
  0.80000000E+01  0.00000000E+00  0.00000000E+00  0.00000000E+00  0.10000000E+04  0.00000000E+00  0.12500000E+03  0.00000000E+00  0.69999999E+00  0.10000000E+04
  0.80000000E+01  0.50000000E+00  0.00000000E+00  0.00000000E+00  0.10000000E+04  0.00000000E+00  0.12500000E+03  0.00000000E+00  0.69999999E+00  0.10000000E+04
  0.80000000E+01  0.10000000E+01  0.00000000E+00  0.00000000E+00  0.10000000E+04  0.00000000E+00  0.12500000E+03  0.00000000E+00  0.69999999E+00  0.10000000E+04
  0.80000000E+01  0.15000000E+01  0.00000000E+00  0.00000000E+00  0.10000000E+04  0.00000000E+00  0.12500000E+03  0.00000000E+00  0.69999999E+00  0.10000000E+04
  0.80000000E+01  0.20000000E+01  0.00000000E+00  0.00000000E+00  0.10000000E+04  0.00000000E+00  0.12500000E+03  0.00000000E+00  0.69999999E+00  0.10000000E+04
  0.80000000E+01  0.25000000E+01  0.00000000E+00  0.00000000E+00  0.10000000E+04  0.00000000E+00  0.12500000E+03  0.00000000E+00  0.69999999E+00  0.10000000E+04
  0.80000000E+01  0.30000000E+01  0.00000000E+00  0.00000000E+00  0.10000000E+04  0.00000000E+00  0.12500000E+03  0.00000000E+00  0.69999999E+00  0.10000000E+04
  0.80000000E+01  0.35000000E+01  0.00000000E+00  0.00000000E+00  0.10000000E+04  0.00000000E+00  0.12500000E+03  0.00000000E+00  0.69999999E+00  0.10000000E+04
  0.80000000E+01  0.40000000E+01  0.00000000E+00  0.00000000E+00  0.10000000E+04  0.00000000E+00  0.12500000E+03  0.00000000E+00  0.69999999E+00  0.10000000E+04
  0.82500000E+01 -0.25000000E+00  0.00000000E+00  0.00000000E+00  0.10000000E+04  0.00000000E+00  0.12500000E+03  0.00000000E+00  0.69999999E+00  0.10000000E+04
  0.82500000E+01  0.25000000E+00  0.00000000E+00  0.00000000E+00  0.10000000E+04  0.00000000E+00  0.12500000E+03  0.00000000E+00  0.69999999E+00  0.10000000E+04
  0.82500000E+01  0.75000000E+00  0.00000000E+00  0.00000000E+00  0.10000000E+04  0.00000000E+00  0.12500000E+03  0.00000000E+00  0.69999999E+00  0.10000000E+04
  0.82500000E+01  0.12500000E+01  0.00000000E+00  0.00000000E+00  0.10000000E+04  0.00000000E+00  0.12500000E+03  0.00000000E+00  0.69999999E+00  0.10000000E+04
  0.82500000E+01  0.17500000E+01  0.00000000E+00  0.00000000E+00  0.10000000E+04  0.00000000E+00  0.12500000E+03  0.00000000E+00  0.69999999E+00  0.10000000E+04
  0.82500000E+01  0.22500000E+01  0.00000000E+00  0.00000000E+00  0.10000000E+04  0.00000000E+00  0.12500000E+03  0.00000000E+00  0.69999999E+00  0.10000000E+04
  0.82500000E+01  0.27500000E+01  0.00000000E+00  0.00000000E+00  0.10000000E+04  0.00000000E+00  0.12500000E+03  0.00000000E+00  0.69999999E+00  0.10000000E+04
  0.82500000E+01  0.32500000E+01  0.00000000E+00  0.00000000E+00  0.10000000E+04  0.00000000E+00  0.12500000E+03  0.00000000E+00  0.69999999E+00  0.10000000E+04
  0.82500000E+01  0.37500000E+01  0.00000000E+00  0.00000000E+00  0.10000000E+04  0.00000000E+00  0.12500000E+03  0.00000000E+00  0.69999999E+00  0.10000000E+04
  0.50000000E+00  0.00000000E+00  0.00000000E+00  0.00000000E+00  0.10140371E+04  0.28728154E+05  0.12500000E+03  0.87380111E-02  0.69999999E+00  0.99998987E+03
  0.10000000E+01  0.00000000E+00  0.00000000E+00  0.00000000E+00  0.10112612E+04  0.22855125E+05  0.12500000E+03  0.35787569E-02  0.69999999E+00  0.99999585E+03
  0.15000000E+01  0.00000000E+00  0.00000000E+00  0.00000000E+00  0.10558623E+04  0.12977859E+06  0.12500000E+03  0.15742030E-01  0.69999999E+00  0.99998102E+03
  0.20000000E+01  0.00000000E+00  0.00000000E+00  0.00000000E+00  0.11579858E+04  0.50228506E+06  0.12500000E+03  0.17547404E-01  0.69999999E+00  0.99997681E+03
  0.25000000E+01  0.00000000E+00  0.00000000E+00  0.00000000E+00  0.10096038E+04  0.19394186E+05  0.12500000E+03  0.15765252E-02  0.69999999E+00  0.99999817E+03
  0.30000000E+01  0.00000000E+00  0.00000000E+00  0.00000000E+00  0.10032614E+04  0.64616714E+04  0.12500000E+03  0.35316607E-02  0.69999999E+00  0.99999597E+03
  0.35000000E+01  0.00000000E+00  0.00000000E+00  0.00000000E+00  0.10008966E+04  0.17638149E+04  0.12500000E+03  0.13966700E-02  0.69999999E+00  0.99999841E+03
  0.40000000E+01  0.00000000E+00  0.00000000E+00  0.00000000E+00  0.10000131E+04  0.25728762E+02  0.12500000E+03 -0.50405528E-04  0.69999999E+00  0.10000001E+04
  0.45000000E+01  0.00000000E+00  0.00000000E+00  0.00000000E+00  0.10000000E+04  0.00000000E+00  0.12500000E+03  0.00000000E+00  0.69999999E+00  0.10000000E+04
  0.50000000E+01  0.00000000E+00  0.00000000E+00  0.00000000E+00  0.10000000E+04  0.00000000E+00  0.12500000E+03  0.00000000E+00  0.69999999E+00  0.10000000E+04
  0.55000000E+01  0.00000000E+00  0.00000000E+00  0.00000000E+00  0.10000000E+04  0.00000000E+00  0.12500000E+03  0.00000000E+00  0.69999999E+00  0.10000000E+04
  0.60000000E+01  0.00000000E+00  0.00000000E+00  0.00000000E+00  0.10000000E+04  0.00000000E+00  0.12500000E+03  0.00000000E+00  0.69999999E+00  0.10000000E+04
  0.65000000E+01  0.00000000E+00  0.00000000E+00  0.00000000E+00  0.10000000E+04  0.00000000E+00  0.12500000E+03  0.00000000E+00  0.69999999E+00  0.10000000E+04
  0.70000000E+01  0.00000000E+00  0.00000000E+00  0.00000000E+00  0.10000000E+04  0.00000000E+00  0.12500000E+03  0.00000000E+00  0.69999999E+00  0.10000000E+04
  0.75000000E+01  0.00000000E+00  0.00000000E+00  0.00000000E+00  0.10000000E+04  0.00000000E+00  0.12500000E+03  0.00000000E+00  0.69999999E+00  0.10000000E+04
  0.25000000E+00 -0.25000000E+00  0.00000000E+00  0.00000000E+00  0.10052322E+04  0.10428154E+05  0.12500000E+03  0.27088579E-02  0.69999999E+00  0.99999689E+03
  0.75000000E+00 -0.25000000E+00  0.00000000E+00  0.00000000E+00  0.10212783E+04  0.44509469E+05  0.12500000E+03  0.66625359E-02  0.69999999E+00  0.99999225E+03
  0.12500000E+01 -0.25000000E+00  0.00000000E+00  0.00000000E+00  0.10097889E+04  0.19779312E+05  0.12500000E+03  0.55000158E-02  0.69999999E+00  0.99999365E+03
  0.17500000E+01 -0.25000000E+00  0.00000000E+00  0.00000000E+00  0.10175706E+04  0.36344871E+05  0.12500000E+03  0.82868226E-02  0.69999999E+00  0.99999036E+03
  0.22500000E+01 -0.25000000E+00  0.00000000E+00  0.00000000E+00  0.10000927E+04  0.18178197E+03  0.12500000E+03  0.73552448E-02  0.69999999E+00  0.99999158E+03
  0.27500000E+01 -0.25000000E+00  0.00000000E+00  0.00000000E+00  0.10001157E+04  0.22718474E+03  0.12500000E+03  0.13736165E-02  0.69999999E+00  0.99999841E+03
  0.32500000E+01 -0.25000000E+00  0.00000000E+00  0.00000000E+00  0.10002179E+04  0.42782803E+03  0.12500000E+03  0.15043542E-02  0.69999999E+00  0.99999829E+03
  0.37500000E+01 -0.25000000E+00  0.00000000E+00  0.00000000E+00  0.10000071E+04  0.13799721E+02  0.12500000E+03 -0.13200220E-03  0.69999999E+00  0.10000001E+04
  0.42500000E+01 -0.25000000E+00  0.00000000E+00  0.00000000E+00  0.10000000E+04  0.00000000E+00  0.12500000E+03 -0.12582819E-39  0.69999999E+00  0.10000000E+04
  0.47500000E+01 -0.25000000E+00  0.00000000E+00  0.00000000E+00  0.10000000E+04  0.00000000E+00  0.12500000E+03 -0.00000000E+00  0.69999999E+00  0.10000000E+04
  0.52500000E+01 -0.25000000E+00  0.00000000E+00  0.00000000E+00  0.10000000E+04  0.00000000E+00  0.12500000E+03  0.00000000E+00  0.69999999E+00  0.10000000E+04
  0.57500000E+01 -0.25000000E+00  0.00000000E+00  0.00000000E+00  0.10000000E+04  0.00000000E+00  0.12500000E+03  0.00000000E+00  0.69999999E+00  0.10000000E+04
  0.62500000E+01 -0.25000000E+00  0.00000000E+00  0.00000000E+00  0.10000000E+04  0.00000000E+00  0.12500000E+03  0.00000000E+00  0.69999999E+00  0.10000000E+04
  0.67500000E+01 -0.25000000E+00  0.00000000E+00  0.00000000E+00  0.10000000E+04  0.00000000E+00  0.12500000E+03  0.00000000E+00  0.69999999E+00  0.10000000E+04
  0.72500000E+01 -0.25000000E+00  0.00000000E+00  0.00000000E+00  0.10000000E+04  0.00000000E+00  0.12500000E+03  0.00000000E+00  0.69999999E+00  0.10000000E+04
  0.77500000E+01 -0.25000000E+00  0.00000000E+00  0.00000000E+00  0.10000000E+04  0.00000000E+00  0.12500000E+03  0.00000000E+00  0.69999999E+00  0.10000000E+04
  0.40000000E+01  0.50000000E+00  0.00000000E+00  0.00000000E+00  0.10004398E+04  0.86395428E+03  0.12500000E+03 -0.14561346E-03  0.69999999E+00  0.10000002E+04
  0.37500000E+01  0.25000000E+00  0.00000000E+00  0.00000000E+00  0.10002721E+04  0.53416962E+03  0.12500000E+03 -0.61959267E-03  0.69999999E+00  0.10000007E+04
  0.40000000E+01  0.10000000E+01  0.00000000E+00  0.00000000E+00  0.99993689E+03 -0.12382058E+03  0.12500000E+03 -0.29579791E-04  0.69999999E+00  0.10000001E+04
  0.37500000E+01  0.75000000E+00  0.00000000E+00  0.00000000E+00  0.10050159E+04  0.99904268E+04  0.12500000E+03  0.53296890E-03  0.69999999E+00  0.99999939E+03
  0.40000000E+01  0.15000000E+01  0.00000000E+00  0.00000000E+00  0.10019014E+04  0.37518708E+04  0.12500000E+03  0.18601248E-03  0.69999999E+00  0.99999982E+03
  0.37500000E+01  0.12500000E+01  0.00000000E+00  0.00000000E+00  0.10200614E+04  0.41810102E+05  0.12500000E+03  0.45102683E-03  0.69999999E+00  0.99999945E+03
  0.40000000E+01  0.20000000E+01  0.00000000E+00  0.00000000E+00  0.10002247E+04  0.44117740E+03  0.12500000E+03  0.85141291E-04  0.69999999E+00  0.99999988E+03
  0.37500000E+01  0.17500000E+01  0.00000000E+00  0.00000000E+00  0.10111733E+04  0.22670818E+05  0.12500000E+03  0.68828958E-03  0.69999999E+00  0.99999921E+03
  0.45000000E+01  0.50000000E+00  0.00000000E+00  0.00000000E+00  0.10000000E+04  0.00000000E+00  0.12500000E+03  0.15134023E-42  0.69999999E+00  0.10000000E+04
  0.42500000E+01  0.25000000E+00  0.00000000E+00  0.00000000E+00  0.10000018E+04  0.35083482E+01  0.12500000E+03 -0.74084828E-05  0.69999999E+00  0.10000000E+04
  0.45000000E+01  0.10000000E+01  0.00000000E+00  0.00000000E+00  0.10000000E+04  0.00000000E+00  0.12500000E+03 -0.00000000E+00  0.69999999E+00  0.10000000E+04
  0.42500000E+01  0.75000000E+00  0.00000000E+00  0.00000000E+00  0.10000934E+04  0.18318608E+03  0.12500000E+03 -0.62608265E-05  0.69999999E+00  0.10000000E+04
  0.45000000E+01  0.15000000E+01  0.00000000E+00  0.00000000E+00  0.10000000E+04  0.00000000E+00  0.12500000E+03  0.00000000E+00  0.69999999E+00  0.10000000E+04
  0.42500000E+01  0.12500000E+01  0.00000000E+00  0.00000000E+00  0.10000066E+04  0.12864128E+02  0.12500000E+03  0.34267537E-05  0.69999999E+00  0.10000000E+04
  0.45000000E+01  0.20000000E+01  0.00000000E+00  0.00000000E+00  0.10000000E+04  0.00000000E+00  0.12500000E+03  0.00000000E+00  0.69999999E+00  0.10000000E+04
  0.42500000E+01  0.17500000E+01  0.00000000E+00  0.00000000E+00  0.10000021E+04  0.39761310E+01  0.12500000E+03  0.68672739E-05  0.69999999E+00  0.10000000E+04
  0.50000000E+01  0.50000000E+00  0.00000000E+00  0.00000000E+00  0.10000000E+04  0.00000000E+00  0.12500000E+03  0.00000000E+00  0.69999999E+00  0.10000000E+04
  0.47500000E+01  0.25000000E+00  0.00000000E+00  0.00000000E+00  0.10000000E+04  0.00000000E+00  0.12500000E+03  0.00000000E+00  0.69999999E+00  0.10000000E+04
  0.50000000E+01  0.10000000E+01  0.00000000E+00  0.00000000E+00  0.10000000E+04  0.00000000E+00  0.12500000E+03  0.00000000E+00  0.69999999E+00  0.10000000E+04
  0.47500000E+01  0.75000000E+00  0.00000000E+00  0.00000000E+00  0.10000000E+04  0.00000000E+00  0.12500000E+03  0.00000000E+00  0.69999999E+00  0.10000000E+04
  0.50000000E+01  0.15000000E+01  0.00000000E+00  0.00000000E+00  0.10000000E+04  0.00000000E+00  0.12500000E+03  0.00000000E+00  0.69999999E+00  0.10000000E+04
  0.47500000E+01  0.12500000E+01  0.00000000E+00  0.00000000E+00  0.10000000E+04  0.00000000E+00  0.12500000E+03 -0.00000000E+00  0.69999999E+00  0.10000000E+04
  0.50000000E+01  0.20000000E+01  0.00000000E+00  0.00000000E+00  0.10000000E+04  0.00000000E+00  0.12500000E+03  0.00000000E+00  0.69999999E+00  0.10000000E+04
  0.47500000E+01  0.17500000E+01  0.00000000E+00  0.00000000E+00  0.10000000E+04  0.00000000E+00  0.12500000E+03  0.00000000E+00  0.69999999E+00  0.10000000E+04
  0.25922415E+01  0.16720667E+01  0.21135442E+01 -0.10906632E+01  0.98942352E+03 -0.20104131E+05  0.12576698E+03  0.12576674E+03  0.10000000E+01  0.00000000E+00
  0.15608841E+01  0.94381142E+00  0.11922529E+00 -0.54492527E+00  0.10118466E+04  0.24085717E+05  0.12561582E+03  0.12561256E+03  0.10000000E+01  0.00000000E+00
  0.15626718E+01  0.89499986E+00 -0.67359775E+00  0.42317837E-01  0.10165989E+04  0.34234477E+05  0.12546356E+03  0.12546333E+03  0.10000000E+01  0.00000000E+00
  0.11376388E+01  0.11733576E+01  0.46176988E+00 -0.25482917E+01  0.99155420E+03 -0.16156661E+05  0.12531018E+03  0.12531018E+03  0.10000000E+01  0.00000000E+00
  0.12366012E+01  0.89876676E+00  0.24079804E+01 -0.18311992E+01  0.10074523E+04  0.14952534E+05  0.12515567E+03  0.12515567E+03  0.10000000E+01  0.00000000E+00
  0.26732745E+01  0.24052978E+01 -0.40001330E+00  0.46310455E+00  0.10037132E+04  0.73670586E+04  0.12500000E+03  0.12500000E+03  0.10000000E+01  0.00000000E+00
  0.28663707E+01  0.18247683E+01  0.12232757E+01 -0.62535453E+00  0.99459326E+03 -0.10437497E+05  0.12576698E+03  0.12575494E+03  0.10000000E+01  0.00000000E+00
  0.15865206E+01  0.10434144E+01  0.39993989E+00 -0.34035653E+00  0.10096823E+04  0.19557453E+05  0.12561582E+03  0.12560624E+03  0.10000000E+01  0.00000000E+00
  0.17592373E+01  0.13646545E+01  0.10803020E+00  0.76567328E+00  0.10027090E+04  0.53585112E+04  0.12546356E+03  0.12546037E+03  0.10000000E+01  0.00000000E+00
  0.19786646E+01  0.11429762E+01  0.36417327E+01  0.20220742E+01  0.10034243E+04  0.67878638E+04  0.12531018E+03  0.12531038E+03  0.10000000E+01  0.00000000E+00
  0.15506022E+01  0.15552293E+01 -0.32922566E-01 -0.93192971E+00  0.10040757E+04  0.80950967E+04  0.12515567E+03  0.12515567E+03  0.10000000E+01  0.00000000E+00
  0.10280242E+01  0.13324368E+01  0.69273278E-01 -0.16975840E+01  0.98279614E+03 -0.32060992E+05  0.12500000E+03  0.12500000E+03  0.10000000E+01  0.00000000E+00
  0.28708498E+01  0.19545777E+01  0.19948826E+01 -0.10849702E+01  0.99876672E+03 -0.24107607E+04  0.12576698E+03  0.12575644E+03  0.10000000E+01  0.00000000E+00
  0.26849892E+01  0.18403736E+01  0.20468571E+01  0.19393849E+01  0.99296875E+03 -0.13507727E+05  0.12561582E+03  0.12561089E+03  0.10000000E+01  0.00000000E+00
  0.24826112E+01  0.12919481E+01  0.75089145E+00  0.79062212E+00  0.99049646E+03 -0.18122686E+05  0.12546356E+03  0.12546005E+03  0.10000000E+01  0.00000000E+00
  0.26876867E+01  0.13667912E+01  0.75943649E+00  0.16526880E+01  0.98262701E+03 -0.32359801E+05  0.12531018E+03  0.12531018E+03  0.10000000E+01  0.00000000E+00
  0.25515962E+01  0.94920707E+00  0.14075568E+01  0.89184070E+00  0.99692493E+03 -0.59779004E+04  0.12515567E+03  0.12515553E+03  0.10000000E+01  0.00000000E+00
  0.23742301E+01  0.21191375E+01  0.10015382E+01 -0.17863245E+01  0.10010529E+04  0.20724758E+04  0.12500000E+03  0.12500000E+03  0.10000000E+01  0.00000000E+00
  0.14278131E+01  0.14663301E+01 -0.10864540E+01 -0.24491940E+01  0.10025739E+04  0.50890498E+04  0.12576698E+03  0.12576566E+03  0.10000000E+01  0.00000000E+00
  0.26878924E+01  0.19148815E+01  0.26071124E+01  0.22973537E+01  0.99401306E+03 -0.11537474E+05  0.12561582E+03  0.12561221E+03  0.10000000E+01  0.00000000E+00
  0.24201264E+01  0.91998410E+00 -0.87469518E+00 -0.49615610E+00  0.10010977E+04  0.21607515E+04  0.12546356E+03  0.12546202E+03  0.10000000E+01  0.00000000E+00
  0.23434997E+01  0.10169190E+01 -0.23009839E+01  0.81811264E-01  0.10004189E+04  0.82291821E+03  0.12531018E+03  0.12530890E+03  0.10000000E+01  0.00000000E+00
  0.26691298E+01  0.24992583E+01 -0.64342725E+00 -0.32145914E-01  0.10080294E+04  0.16138405E+05  0.12515567E+03  0.12515567E+03  0.10000000E+01  0.00000000E+00
  0.28844175E+01  0.10604117E+01 -0.27209356E+01 -0.30932326E+01  0.97663287E+03 -0.42754660E+05  0.12500000E+03  0.12500012E+03  0.10000000E+01  0.00000000E+00
  0.16893141E+01  0.16742103E+01  0.48567888E+00 -0.10254390E+01  0.10055302E+04  0.11031769E+05  0.12561582E+03  0.12561399E+03  0.10000000E+01  0.00000000E+00
  0.30140018E+01  0.23377385E+01 -0.21255426E-01  0.11608117E+01  0.10150259E+04  0.30843686E+05  0.12531018E+03  0.12531004E+03  0.10000000E+01  0.00000000E+00
  0.14208400E+01  0.19548445E+01 -0.12487705E+01 -0.48128867E+00  0.10032426E+04  0.64242285E+04  0.12500000E+03  0.12500000E+03  0.10000000E+01  0.00000000E+00
