  0.00000000E+00  0.00000000E+00  0.00000000E+00  0.00000000E+00  0.10041027E+04  0.81492656E+04  0.12500000E+03  0.11839322E-02  0.69999999E+00  0.99999866E+03
  0.00000000E+00  0.50000000E+00  0.00000000E+00  0.00000000E+00  0.10009088E+04  0.17880361E+04  0.12500000E+03  0.66678267E-03  0.69999999E+00  0.99999927E+03
  0.00000000E+00  0.10000000E+01  0.00000000E+00  0.00000000E+00  0.10235223E+04  0.49538363E+05  0.12500000E+03  0.14422792E-02  0.69999999E+00  0.99999829E+03
  0.00000000E+00  0.15000000E+01  0.00000000E+00  0.00000000E+00  0.10230468E+04  0.48466941E+05  0.12500000E+03  0.45889243E-03  0.69999999E+00  0.99999945E+03
  0.00000000E+00  0.20000000E+01  0.00000000E+00  0.00000000E+00  0.10059073E+04  0.11797550E+05  0.12500000E+03 -0.31668277E-03  0.69999999E+00  0.10000004E+04
  0.00000000E+00  0.25000000E+01  0.00000000E+00  0.00000000E+00  0.10002466E+04  0.48403955E+03  0.12500000E+03  0.71152863E-04  0.69999999E+00  0.99999994E+03
  0.00000000E+00  0.30000000E+01  0.00000000E+00  0.00000000E+00  0.10000000E+04  0.00000000E+00  0.12500000E+03  0.00000000E+00  0.69999999E+00  0.10000000E+04
  0.00000000E+00  0.35000000E+01  0.00000000E+00  0.00000000E+00  0.10000000E+04  0.00000000E+00  0.12500000E+03  0.00000000E+00  0.69999999E+00  0.10000000E+04
  0.00000000E+00  0.40000000E+01  0.00000000E+00  0.00000000E+00  0.10000000E+04  0.00000000E+00  0.12500000E+03  0.00000000E+00  0.69999999E+00  0.10000000E+04
 -0.25000000E+00 -0.25000000E+00  0.00000000E+00  0.00000000E+00  0.10005275E+04  0.10365964E+04  0.12500000E+03  0.39160429E-03  0.69999999E+00  0.99999957E+03
 -0.25000000E+00  0.25000000E+00  0.00000000E+00  0.00000000E+00  0.10014651E+04  0.28871562E+04  0.12500000E+03  0.48799213E-03  0.69999999E+00  0.99999945E+03
 -0.25000000E+00  0.75000000E+00  0.00000000E+00  0.00000000E+00  0.10002135E+04  0.41916293E+03  0.12500000E+03 -0.35338744E-04  0.69999999E+00  0.10000001E+04
 -0.25000000E+00  0.12500000E+01  0.00000000E+00  0.00000000E+00  0.10106226E+04  0.21517395E+05  0.12500000E+03  0.45589817E-03  0.69999999E+00  0.99999945E+03
 -0.25000000E+00  0.17500000E+01  0.00000000E+00  0.00000000E+00  0.10001616E+04  0.31730682E+03  0.12500000E+03 -0.10675416E-03  0.69999999E+00  0.10000001E+04
 -0.25000000E+00  0.22500000E+01  0.00000000E+00  0.00000000E+00  0.10004730E+04  0.92938812E+03  0.12500000E+03 -0.62706749E-04  0.69999999E+00  0.10000001E+04
 -0.25000000E+00  0.27500000E+01  0.00000000E+00  0.00000000E+00  0.10000000E+04  0.00000000E+00  0.12500000E+03  0.00000000E+00  0.69999999E+00  0.10000000E+04
 -0.25000000E+00  0.32500000E+01  0.00000000E+00  0.00000000E+00  0.10000000E+04  0.00000000E+00  0.12500000E+03  0.00000000E+00  0.69999999E+00  0.10000000E+04
 -0.25000000E+00  0.37500000E+01  0.00000000E+00  0.00000000E+00  0.10000000E+04  0.00000000E+00  0.12500000E+03  0.00000000E+00  0.69999999E+00  0.10000000E+04
  0.80000000E+01  0.00000000E+00  0.00000000E+00  0.00000000E+00  0.10000000E+04  0.00000000E+00  0.12500000E+03  0.00000000E+00  0.69999999E+00  0.10000000E+04
  0.80000000E+01  0.50000000E+00  0.00000000E+00  0.00000000E+00  0.10000000E+04  0.00000000E+00  0.12500000E+03  0.00000000E+00  0.69999999E+00  0.10000000E+04
  0.80000000E+01  0.10000000E+01  0.00000000E+00  0.00000000E+00  0.10000000E+04  0.00000000E+00  0.12500000E+03  0.00000000E+00  0.69999999E+00  0.10000000E+04
  0.80000000E+01  0.15000000E+01  0.00000000E+00  0.00000000E+00  0.10000000E+04  0.00000000E+00  0.12500000E+03  0.00000000E+00  0.69999999E+00  0.10000000E+04
  0.80000000E+01  0.20000000E+01  0.00000000E+00  0.00000000E+00  0.10000000E+04  0.00000000E+00  0.12500000E+03  0.00000000E+00  0.69999999E+00  0.10000000E+04
  0.80000000E+01  0.25000000E+01  0.00000000E+00  0.00000000E+00  0.10000000E+04  0.00000000E+00  0.12500000E+03  0.00000000E+00  0.69999999E+00  0.10000000E+04
  0.80000000E+01  0.30000000E+01  0.00000000E+00  0.00000000E+00  0.10000000E+04  0.00000000E+00  0.12500000E+03  0.00000000E+00  0.69999999E+00  0.10000000E+04
  0.80000000E+01  0.35000000E+01  0.00000000E+00  0.00000000E+00  0.10000000E+04  0.00000000E+00  0.12500000E+03  0.00000000E+00  0.69999999E+00  0.10000000E+04
  0.80000000E+01  0.40000000E+01  0.00000000E+00  0.00000000E+00  0.10000000E+04  0.00000000E+00  0.12500000E+03  0.00000000E+00  0.69999999E+00  0.10000000E+04
  0.82500000E+01 -0.25000000E+00  0.00000000E+00  0.00000000E+00  0.10000000E+04  0.00000000E+00  0.12500000E+03  0.00000000E+00  0.69999999E+00  0.10000000E+04
  0.82500000E+01  0.25000000E+00  0.00000000E+00  0.00000000E+00  0.10000000E+04  0.00000000E+00  0.12500000E+03  0.00000000E+00  0.69999999E+00  0.10000000E+04
  0.82500000E+01  0.75000000E+00  0.00000000E+00  0.00000000E+00  0.10000000E+04  0.00000000E+00  0.12500000E+03  0.00000000E+00  0.69999999E+00  0.10000000E+04
  0.82500000E+01  0.12500000E+01  0.00000000E+00  0.00000000E+00  0.10000000E+04  0.00000000E+00  0.12500000E+03  0.00000000E+00  0.69999999E+00  0.10000000E+04
  0.82500000E+01  0.17500000E+01  0.00000000E+00  0.00000000E+00  0.10000000E+04  0.00000000E+00  0.12500000E+03  0.00000000E+00  0.69999999E+00  0.10000000E+04
  0.82500000E+01  0.22500000E+01  0.00000000E+00  0.00000000E+00  0.10000000E+04  0.00000000E+00  0.12500000E+03  0.00000000E+00  0.69999999E+00  0.10000000E+04
  0.82500000E+01  0.27500000E+01  0.00000000E+00  0.00000000E+00  0.10000000E+04  0.00000000E+00  0.12500000E+03  0.00000000E+00  0.69999999E+00  0.10000000E+04
  0.82500000E+01  0.32500000E+01  0.00000000E+00  0.00000000E+00  0.10000000E+04  0.00000000E+00  0.12500000E+03  0.00000000E+00  0.69999999E+00  0.10000000E+04
  0.82500000E+01  0.37500000E+01  0.00000000E+00  0.00000000E+00  0.10000000E+04  0.00000000E+00  0.12500000E+03  0.00000000E+00  0.69999999E+00  0.10000000E+04
  0.50000000E+00  0.00000000E+00  0.00000000E+00  0.00000000E+00  0.10080474E+04  0.16175215E+05  0.12500000E+03  0.55343336E-02  0.69999999E+00  0.99999365E+03
  0.10000000E+01  0.00000000E+00  0.00000000E+00  0.00000000E+00  0.10062227E+04  0.12439042E+05  0.12500000E+03  0.19441087E-02  0.69999999E+00  0.99999780E+03
  0.15000000E+01  0.00000000E+00  0.00000000E+00  0.00000000E+00  0.10007013E+04  0.13788651E+04  0.12500000E+03  0.87868376E-02  0.69999999E+00  0.99998999E+03
  0.20000000E+01  0.00000000E+00  0.00000000E+00  0.00000000E+00  0.10101508E+04  0.20532701E+05  0.12500000E+03  0.95474329E-02  0.69999999E+00  0.99998901E+03
  0.25000000E+01  0.00000000E+00  0.00000000E+00  0.00000000E+00  0.10204958E+04  0.42771758E+05  0.12500000E+03  0.30205405E-03  0.69999999E+00  0.99999963E+03
  0.30000000E+01  0.00000000E+00  0.00000000E+00  0.00000000E+00  0.10212861E+04  0.44526984E+05  0.12500000E+03  0.14925017E-02  0.69999999E+00  0.99999823E+03
  0.35000000E+01  0.00000000E+00  0.00000000E+00  0.00000000E+00  0.10073674E+04  0.14778219E+05  0.12500000E+03  0.57493901E-03  0.69999999E+00  0.99999933E+03
  0.40000000E+01  0.00000000E+00  0.00000000E+00  0.00000000E+00  0.10000134E+04  0.26430483E+02  0.12500000E+03 -0.27363869E-04  0.69999999E+00  0.10000001E+04
  0.45000000E+01  0.00000000E+00  0.00000000E+00  0.00000000E+00  0.10000000E+04  0.00000000E+00  0.12500000E+03  0.00000000E+00  0.69999999E+00  0.10000000E+04
  0.50000000E+01  0.00000000E+00  0.00000000E+00  0.00000000E+00  0.10000000E+04  0.00000000E+00  0.12500000E+03  0.00000000E+00  0.69999999E+00  0.10000000E+04
  0.55000000E+01  0.00000000E+00  0.00000000E+00  0.00000000E+00  0.10000000E+04  0.00000000E+00  0.12500000E+03  0.00000000E+00  0.69999999E+00  0.10000000E+04
  0.60000000E+01  0.00000000E+00  0.00000000E+00  0.00000000E+00  0.10000000E+04  0.00000000E+00  0.12500000E+03  0.00000000E+00  0.69999999E+00  0.10000000E+04
  0.65000000E+01  0.00000000E+00  0.00000000E+00  0.00000000E+00  0.10000000E+04  0.00000000E+00  0.12500000E+03  0.00000000E+00  0.69999999E+00  0.10000000E+04
  0.70000000E+01  0.00000000E+00  0.00000000E+00  0.00000000E+00  0.10000000E+04  0.00000000E+00  0.12500000E+03  0.00000000E+00  0.69999999E+00  0.10000000E+04
  0.75000000E+01  0.00000000E+00  0.00000000E+00  0.00000000E+00  0.10000000E+04  0.00000000E+00  0.12500000E+03  0.00000000E+00  0.69999999E+00  0.10000000E+04
  0.25000000E+00 -0.25000000E+00  0.00000000E+00  0.00000000E+00  0.10039050E+04  0.77520688E+04  0.12500000E+03  0.18076275E-02  0.69999999E+00  0.99999792E+03
  0.75000000E+00 -0.25000000E+00  0.00000000E+00  0.00000000E+00  0.10068344E+04  0.13687150E+05  0.12500000E+03  0.41499776E-02  0.69999999E+00  0.99999524E+03
  0.12500000E+01 -0.25000000E+00  0.00000000E+00  0.00000000E+00  0.10147947E+04  0.30347807E+05  0.12500000E+03  0.31494717E-02  0.69999999E+00  0.99999634E+03
  0.17500000E+01 -0.25000000E+00  0.00000000E+00  0.00000000E+00  0.10081364E+04  0.16358586E+05  0.12500000E+03  0.46842219E-02  0.69999999E+00  0.99999463E+03
  0.22500000E+01 -0.25000000E+00  0.00000000E+00  0.00000000E+00  0.10116490E+04  0.23669779E+05  0.12500000E+03  0.40121973E-02  0.69999999E+00  0.99999536E+03
  0.27500000E+01 -0.25000000E+00  0.00000000E+00  0.00000000E+00  0.10031086E+04  0.61562891E+04  0.12500000E+03  0.50449884E-03  0.69999999E+00  0.99999945E+03
  0.32500000E+01 -0.25000000E+00  0.00000000E+00  0.00000000E+00  0.10009221E+04  0.18141407E+04  0.12500000E+03  0.62975736E-03  0.69999999E+00  0.99999927E+03
  0.37500000E+01 -0.25000000E+00  0.00000000E+00  0.00000000E+00  0.10000013E+04  0.25727851E+01  0.12500000E+03 -0.59664068E-04  0.69999999E+00  0.10000001E+04
  0.42500000E+01 -0.25000000E+00  0.00000000E+00  0.00000000E+00  0.10000000E+04  0.00000000E+00  0.12500000E+03  0.00000000E+00  0.69999999E+00  0.10000000E+04
  0.47500000E+01 -0.25000000E+00  0.00000000E+00  0.00000000E+00  0.10000000E+04  0.00000000E+00  0.12500000E+03  0.00000000E+00  0.69999999E+00  0.10000000E+04
  0.52500000E+01 -0.25000000E+00  0.00000000E+00  0.00000000E+00  0.10000000E+04  0.00000000E+00  0.12500000E+03  0.00000000E+00  0.69999999E+00  0.10000000E+04
  0.57500000E+01 -0.25000000E+00  0.00000000E+00  0.00000000E+00  0.10000000E+04  0.00000000E+00  0.12500000E+03  0.00000000E+00  0.69999999E+00  0.10000000E+04
  0.62500000E+01 -0.25000000E+00  0.00000000E+00  0.00000000E+00  0.10000000E+04  0.00000000E+00  0.12500000E+03  0.00000000E+00  0.69999999E+00  0.10000000E+04
  0.67500000E+01 -0.25000000E+00  0.00000000E+00  0.00000000E+00  0.10000000E+04  0.00000000E+00  0.12500000E+03  0.00000000E+00  0.69999999E+00  0.10000000E+04
  0.72500000E+01 -0.25000000E+00  0.00000000E+00  0.00000000E+00  0.10000000E+04  0.00000000E+00  0.12500000E+03  0.00000000E+00  0.69999999E+00  0.10000000E+04
  0.77500000E+01 -0.25000000E+00  0.00000000E+00  0.00000000E+00  0.10000000E+04  0.00000000E+00  0.12500000E+03  0.00000000E+00  0.69999999E+00  0.10000000E+04
  0.40000000E+01  0.50000000E+00  0.00000000E+00  0.00000000E+00  0.10023704E+04  0.46838438E+04  0.12500000E+03 -0.78920202E-04  0.69999999E+00  0.10000001E+04
  0.37500000E+01  0.25000000E+00  0.00000000E+00  0.00000000E+00  0.10059777E+04  0.11940538E+05  0.12500000E+03 -0.27010485E-03  0.69999999E+00  0.10000003E+04
  0.40000000E+01  0.10000000E+01  0.00000000E+00  0.00000000E+00  0.10069203E+04  0.13862863E+05  0.12500000E+03  0.12538309E-04  0.69999999E+00  0.10000000E+04
  0.37500000E+01  0.75000000E+00  0.00000000E+00  0.00000000E+00  0.10527340E+04  0.12134930E+06  0.12500000E+03  0.11710805E-03  0.69999999E+00  0.99999988E+03
  0.40000000E+01  0.15000000E+01  0.00000000E+00  0.00000000E+00  0.10013083E+04  0.25770249E+04  0.12500000E+03  0.89298192E-04  0.69999999E+00  0.99999988E+03
  0.37500000E+01  0.12500000E+01  0.00000000E+00  0.00000000E+00  0.10423726E+04  0.94481703E+05  0.12500000E+03  0.26864078E-03  0.69999999E+00  0.99999969E+03
  0.40000000E+01  0.20000000E+01  0.00000000E+00  0.00000000E+00  0.10000315E+04  0.61752430E+02  0.12500000E+03  0.20776821E-04  0.69999999E+00  0.10000000E+04
  0.37500000E+01  0.17500000E+01  0.00000000E+00  0.00000000E+00  0.10036494E+04  0.72391387E+04  0.12500000E+03  0.24730066E-03  0.69999999E+00  0.99999969E+03
  0.45000000E+01  0.50000000E+00  0.00000000E+00  0.00000000E+00  0.10000000E+04  0.00000000E+00  0.12500000E+03  0.00000000E+00  0.69999999E+00  0.10000000E+04
  0.42500000E+01  0.25000000E+00  0.00000000E+00  0.00000000E+00  0.10000018E+04  0.35083482E+01  0.12500000E+03 -0.74084828E-05  0.69999999E+00  0.10000000E+04
  0.45000000E+01  0.10000000E+01  0.00000000E+00  0.00000000E+00  0.10000000E+04  0.00000000E+00  0.12500000E+03  0.00000000E+00  0.69999999E+00  0.10000000E+04
  0.42500000E+01  0.75000000E+00  0.00000000E+00  0.00000000E+00  0.10001117E+04  0.21922710E+03  0.12500000E+03 -0.67202759E-05  0.69999999E+00  0.10000000E+04
  0.45000000E+01  0.15000000E+01  0.00000000E+00  0.00000000E+00  0.10000000E+04  0.00000000E+00  0.12500000E+03  0.00000000E+00  0.69999999E+00  0.10000000E+04
  0.42500000E+01  0.12500000E+01  0.00000000E+00  0.00000000E+00  0.10000045E+04  0.88878889E+01  0.12500000E+03  0.10310183E-04  0.69999999E+00  0.10000000E+04
  0.45000000E+01  0.20000000E+01  0.00000000E+00  0.00000000E+00  0.10000000E+04  0.00000000E+00  0.12500000E+03  0.00000000E+00  0.69999999E+00  0.10000000E+04
  0.42500000E+01  0.17500000E+01  0.00000000E+00  0.00000000E+00  0.10000000E+04  0.00000000E+00  0.12500000E+03  0.00000000E+00  0.69999999E+00  0.10000000E+04
  0.50000000E+01  0.50000000E+00  0.00000000E+00  0.00000000E+00  0.10000000E+04  0.00000000E+00  0.12500000E+03  0.00000000E+00  0.69999999E+00  0.10000000E+04
  0.47500000E+01  0.25000000E+00  0.00000000E+00  0.00000000E+00  0.10000000E+04  0.00000000E+00  0.12500000E+03  0.00000000E+00  0.69999999E+00  0.10000000E+04
  0.50000000E+01  0.10000000E+01  0.00000000E+00  0.00000000E+00  0.10000000E+04  0.00000000E+00  0.12500000E+03  0.00000000E+00  0.69999999E+00  0.10000000E+04
  0.47500000E+01  0.75000000E+00  0.00000000E+00  0.00000000E+00  0.10000000E+04  0.00000000E+00  0.12500000E+03  0.00000000E+00  0.69999999E+00  0.10000000E+04
  0.50000000E+01  0.15000000E+01  0.00000000E+00  0.00000000E+00  0.10000000E+04  0.00000000E+00  0.12500000E+03  0.00000000E+00  0.69999999E+00  0.10000000E+04
  0.47500000E+01  0.12500000E+01  0.00000000E+00  0.00000000E+00  0.10000000E+04  0.00000000E+00  0.12500000E+03  0.00000000E+00  0.69999999E+00  0.10000000E+04
  0.50000000E+01  0.20000000E+01  0.00000000E+00  0.00000000E+00  0.10000000E+04  0.00000000E+00  0.12500000E+03  0.00000000E+00  0.69999999E+00  0.10000000E+04
  0.47500000E+01  0.17500000E+01  0.00000000E+00  0.00000000E+00  0.10000000E+04  0.00000000E+00  0.12500000E+03  0.00000000E+00  0.69999999E+00  0.10000000E+04
  0.71981275E+00  0.26284483E+00 -0.57255661E+00 -0.91856852E-01  0.99438062E+03 -0.10841141E+05  0.12576698E+03  0.12576698E+03  0.10000000E+01  0.00000000E+00
  0.58288527E+00  0.56200933E+00  0.62427711E+00  0.78426197E-01  0.10084183E+04  0.16939779E+05  0.12561582E+03  0.12561256E+03  0.10000000E+01  0.00000000E+00
  0.60030282E+00  0.65795565E+00  0.10254308E+00  0.15758891E+00  0.10121418E+04  0.24707770E+05  0.12546356E+03  0.12546356E+03  0.10000000E+01  0.00000000E+00
  0.90117890E+00  0.86052215E+00 -0.20877290E+00  0.56486309E+00  0.10030432E+04  0.60254961E+04  0.12531018E+03  0.12531018E+03  0.10000000E+01  0.00000000E+00
  0.12107340E+01  0.10195310E+01 -0.68550676E+00 -0.11149409E+00  0.10029415E+04  0.58223804E+04  0.12515567E+03  0.12515567E+03  0.10000000E+01  0.00000000E+00
  0.17948799E+01  0.14025803E+01  0.13004260E+01 -0.48315808E-01  0.10041452E+04  0.82346113E+04  0.12500000E+03  0.12500000E+03  0.10000000E+01  0.00000000E+00
  0.13574607E+01  0.16872707E+00 -0.28514796E+00 -0.19656315E+00  0.10019200E+04  0.37887776E+04  0.12576698E+03  0.12575972E+03  0.10000000E+01  0.00000000E+00
  0.10144154E+01  0.46696806E+00 -0.23218223E+00 -0.97301759E-01  0.10007723E+04  0.15186451E+04  0.12561582E+03  0.12560966E+03  0.10000000E+01  0.00000000E+00
  0.14195664E+01  0.54869223E+00 -0.19617480E+00 -0.69613111E+00  0.10111711E+04  0.22666068E+05  0.12546356E+03  0.12546298E+03  0.10000000E+01  0.00000000E+00
  0.10900682E+01  0.76342773E+00 -0.10013809E+01 -0.17523346E-02  0.10081325E+04  0.16350483E+05  0.12531018E+03  0.12531018E+03  0.10000000E+01  0.00000000E+00
  0.16490450E+01  0.10055914E+01 -0.17396832E+00 -0.13544784E+01  0.10011396E+04  0.22436345E+04  0.12515567E+03  0.12515567E+03  0.10000000E+01  0.00000000E+00
  0.14179560E+01  0.12566903E+01 -0.53079093E+00 -0.97524583E+00  0.10021117E+04  0.41694424E+04  0.12500000E+03  0.12500000E+03  0.10000000E+01  0.00000000E+00
  0.20267613E+01  0.28562513E+00 -0.11891231E+00 -0.41873023E-01  0.10029625E+04  0.58642788E+04  0.12576698E+03  0.12576082E+03  0.10000000E+01  0.00000000E+00
  0.18737359E+01  0.51511407E+00  0.66348243E+00  0.20907864E+00  0.10072343E+04  0.14505554E+05  0.12561582E+03  0.12561089E+03  0.10000000E+01  0.00000000E+00
  0.25108724E+01  0.60229599E+00  0.63685775E+00 -0.86993134E+00  0.10011276E+04  0.22198506E+04  0.12546356E+03  0.12546335E+03  0.10000000E+01  0.00000000E+00
  0.19213288E+01  0.77440715E+00  0.64454097E+00  0.31916983E-01  0.10023477E+04  0.46387720E+04  0.12531018E+03  0.12531018E+03  0.10000000E+01  0.00000000E+00
  0.23192024E+01  0.10581584E+01  0.10896289E+01 -0.58773088E+00  0.10027185E+04  0.53772910E+04  0.12515567E+03  0.12515567E+03  0.10000000E+01  0.00000000E+00
  0.19585950E+01  0.14876664E+01  0.46549356E+00  0.25110930E+00  0.99830743E+03 -0.33040525E+04  0.12500000E+03  0.12500000E+03  0.10000000E+01  0.00000000E+00
  0.19205112E+01  0.54343522E+00 -0.13639678E+01  0.27443013E+00  0.10021899E+04  0.43251011E+04  0.12576698E+03  0.12576698E+03  0.10000000E+01  0.00000000E+00
  0.23845639E+01  0.58436614E+00 -0.13642447E+01  0.10053475E+01  0.10016055E+04  0.31652249E+04  0.12561582E+03  0.12561224E+03  0.10000000E+01  0.00000000E+00
  0.28592496E+01  0.71221471E+00 -0.54407907E+00  0.11720408E+01  0.10138857E+04  0.28405350E+05  0.12546356E+03  0.12546202E+03  0.10000000E+01  0.00000000E+00
  0.27464294E+01  0.67329443E+00  0.28419089E+00 -0.10448301E+01  0.10024435E+04  0.48293003E+04  0.12531018E+03  0.12531018E+03  0.10000000E+01  0.00000000E+00
  0.28040366E+01  0.11297688E+01  0.24469358E+00  0.12689350E+01  0.10029282E+04  0.57957197E+04  0.12515567E+03  0.12515567E+03  0.10000000E+01  0.00000000E+00
  0.25116620E+01  0.14307544E+01  0.10596980E+01 -0.69178081E+00  0.10060676E+04  0.12123603E+05  0.12500000E+03  0.12500000E+03  0.10000000E+01  0.00000000E+00
  0.22238970E+01  0.13629532E+01 -0.16563716E+01  0.66023153E+00  0.99327441E+03 -0.12932364E+05  0.12561582E+03  0.12561399E+03  0.10000000E+01  0.00000000E+00
  0.30380502E+01  0.96211064E+00 -0.11061549E+01  0.16504544E+01  0.10205942E+04  0.42989758E+05  0.12531018E+03  0.12531018E+03  0.10000000E+01  0.00000000E+00
  0.23486886E+01  0.18112652E+01 -0.94520330E+00  0.32714570E+00  0.10069478E+04  0.13918936E+05  0.12500000E+03  0.12500000E+03  0.10000000E+01  0.00000000E+00
