  0.00000000E+00  0.00000000E+00  0.00000000E+00  0.00000000E+00  0.10108136E+04  0.21917084E+05  0.12500000E+03  0.16801690E-02  0.69999999E+00  0.99999805E+03
  0.00000000E+00  0.50000000E+00  0.00000000E+00  0.00000000E+00  0.10049701E+04  0.98978887E+04  0.12500000E+03  0.96443383E-03  0.69999999E+00  0.99999890E+03
  0.00000000E+00  0.10000000E+01  0.00000000E+00  0.00000000E+00  0.10080593E+04  0.16200003E+05  0.12500000E+03  0.19362452E-02  0.69999999E+00  0.99999774E+03
  0.00000000E+00  0.15000000E+01  0.00000000E+00  0.00000000E+00  0.10437859E+04  0.98053219E+05  0.12500000E+03  0.67883125E-03  0.69999999E+00  0.99999921E+03
  0.00000000E+00  0.20000000E+01  0.00000000E+00  0.00000000E+00  0.10062563E+04  0.12507749E+05  0.12500000E+03 -0.39309132E-03  0.69999999E+00  0.10000004E+04
  0.00000000E+00  0.25000000E+01  0.00000000E+00  0.00000000E+00  0.10002466E+04  0.48403955E+03  0.12500000E+03  0.71152863E-04  0.69999999E+00  0.99999994E+03
  0.00000000E+00  0.30000000E+01  0.00000000E+00  0.00000000E+00  0.10000000E+04  0.00000000E+00  0.12500000E+03  0.00000000E+00  0.69999999E+00  0.10000000E+04
  0.00000000E+00  0.35000000E+01  0.00000000E+00  0.00000000E+00  0.10000000E+04  0.00000000E+00  0.12500000E+03  0.00000000E+00  0.69999999E+00  0.10000000E+04
  0.00000000E+00  0.40000000E+01  0.00000000E+00  0.00000000E+00  0.10000000E+04  0.00000000E+00  0.12500000E+03  0.00000000E+00  0.69999999E+00  0.10000000E+04
 -0.25000000E+00 -0.25000000E+00  0.00000000E+00  0.00000000E+00  0.10006414E+04  0.12607445E+04  0.12500000E+03  0.52005530E-03  0.69999999E+00  0.99999939E+03
 -0.25000000E+00  0.25000000E+00  0.00000000E+00  0.00000000E+00  0.10015615E+04  0.30780967E+04  0.12500000E+03  0.65523194E-03  0.69999999E+00  0.99999927E+03
 -0.25000000E+00  0.75000000E+00  0.00000000E+00  0.00000000E+00  0.10053512E+04  0.10669085E+05  0.12500000E+03 -0.70992770E-04  0.69999999E+00  0.10000001E+04
 -0.25000000E+00  0.12500000E+01  0.00000000E+00  0.00000000E+00  0.10060994E+04  0.12188122E+05  0.12500000E+03  0.61579858E-03  0.69999999E+00  0.99999927E+03
 -0.25000000E+00  0.17500000E+01  0.00000000E+00  0.00000000E+00  0.10001617E+04  0.31754095E+03  0.12500000E+03 -0.13722232E-03  0.69999999E+00  0.10000002E+04
 -0.25000000E+00  0.22500000E+01  0.00000000E+00  0.00000000E+00  0.10004730E+04  0.92938812E+03  0.12500000E+03 -0.62706749E-04  0.69999999E+00  0.10000001E+04
 -0.25000000E+00  0.27500000E+01  0.00000000E+00  0.00000000E+00  0.10000000E+04  0.00000000E+00  0.12500000E+03  0.00000000E+00  0.69999999E+00  0.10000000E+04
 -0.25000000E+00  0.32500000E+01  0.00000000E+00  0.00000000E+00  0.10000000E+04  0.00000000E+00  0.12500000E+03  0.00000000E+00  0.69999999E+00  0.10000000E+04
 -0.25000000E+00  0.37500000E+01  0.00000000E+00  0.00000000E+00  0.10000000E+04  0.00000000E+00  0.12500000E+03  0.00000000E+00  0.69999999E+00  0.10000000E+04
  0.80000000E+01  0.00000000E+00  0.00000000E+00  0.00000000E+00  0.10000000E+04  0.00000000E+00  0.12500000E+03  0.00000000E+00  0.69999999E+00  0.10000000E+04
  0.80000000E+01  0.50000000E+00  0.00000000E+00  0.00000000E+00  0.10000000E+04  0.00000000E+00  0.12500000E+03  0.00000000E+00  0.69999999E+00  0.10000000E+04
  0.80000000E+01  0.10000000E+01  0.00000000E+00  0.00000000E+00  0.10000000E+04  0.00000000E+00  0.12500000E+03  0.00000000E+00  0.69999999E+00  0.10000000E+04
  0.80000000E+01  0.15000000E+01  0.00000000E+00  0.00000000E+00  0.10000000E+04  0.00000000E+00  0.12500000E+03  0.00000000E+00  0.69999999E+00  0.10000000E+04
  0.80000000E+01  0.20000000E+01  0.00000000E+00  0.00000000E+00  0.10000000E+04  0.00000000E+00  0.12500000E+03  0.00000000E+00  0.69999999E+00  0.10000000E+04
  0.80000000E+01  0.25000000E+01  0.00000000E+00  0.00000000E+00  0.10000000E+04  0.00000000E+00  0.12500000E+03  0.00000000E+00  0.69999999E+00  0.10000000E+04
  0.80000000E+01  0.30000000E+01  0.00000000E+00  0.00000000E+00  0.10000000E+04  0.00000000E+00  0.12500000E+03  0.00000000E+00  0.69999999E+00  0.10000000E+04
  0.80000000E+01  0.35000000E+01  0.00000000E+00  0.00000000E+00  0.10000000E+04  0.00000000E+00  0.12500000E+03  0.00000000E+00  0.69999999E+00  0.10000000E+04
  0.80000000E+01  0.40000000E+01  0.00000000E+00  0.00000000E+00  0.10000000E+04  0.00000000E+00  0.12500000E+03  0.00000000E+00  0.69999999E+00  0.10000000E+04
  0.82500000E+01 -0.25000000E+00  0.00000000E+00  0.00000000E+00  0.10000000E+04  0.00000000E+00  0.12500000E+03  0.00000000E+00  0.69999999E+00  0.10000000E+04
  0.82500000E+01  0.25000000E+00  0.00000000E+00  0.00000000E+00  0.10000000E+04  0.00000000E+00  0.12500000E+03  0.00000000E+00  0.69999999E+00  0.10000000E+04
  0.82500000E+01  0.75000000E+00  0.00000000E+00  0.00000000E+00  0.10000000E+04  0.00000000E+00  0.12500000E+03  0.00000000E+00  0.69999999E+00  0.10000000E+04
  0.82500000E+01  0.12500000E+01  0.00000000E+00  0.00000000E+00  0.10000000E+04  0.00000000E+00  0.12500000E+03  0.00000000E+00  0.69999999E+00  0.10000000E+04
  0.82500000E+01  0.17500000E+01  0.00000000E+00  0.00000000E+00  0.10000000E+04  0.00000000E+00  0.12500000E+03  0.00000000E+00  0.69999999E+00  0.10000000E+04
  0.82500000E+01  0.22500000E+01  0.00000000E+00  0.00000000E+00  0.10000000E+04  0.00000000E+00  0.12500000E+03  0.00000000E+00  0.69999999E+00  0.10000000E+04
  0.82500000E+01  0.27500000E+01  0.00000000E+00  0.00000000E+00  0.10000000E+04  0.00000000E+00  0.12500000E+03  0.00000000E+00  0.69999999E+00  0.10000000E+04
  0.82500000E+01  0.32500000E+01  0.00000000E+00  0.00000000E+00  0.10000000E+04  0.00000000E+00  0.12500000E+03  0.00000000E+00  0.69999999E+00  0.10000000E+04
  0.82500000E+01  0.37500000E+01  0.00000000E+00  0.00000000E+00  0.10000000E+04  0.00000000E+00  0.12500000E+03  0.00000000E+00  0.69999999E+00  0.10000000E+04
  0.50000000E+00  0.00000000E+00  0.00000000E+00  0.00000000E+00  0.10720154E+04  0.17575977E+06  0.12500000E+03  0.80801137E-02  0.69999999E+00  0.99999005E+03
  0.10000000E+01  0.00000000E+00  0.00000000E+00  0.00000000E+00  0.99493762E+03 -0.97828516E+04  0.12500000E+03  0.25877859E-02  0.69999999E+00  0.99999707E+03
  0.15000000E+01  0.00000000E+00  0.00000000E+00  0.00000000E+00  0.10167263E+04  0.34510566E+05  0.12500000E+03  0.13311884E-01  0.69999999E+00  0.99998456E+03
  0.20000000E+01  0.00000000E+00  0.00000000E+00  0.00000000E+00  0.10172612E+04  0.35671680E+05  0.12500000E+03  0.14382640E-01  0.69999999E+00  0.99998328E+03
  0.25000000E+01  0.00000000E+00  0.00000000E+00  0.00000000E+00  0.99904358E+03 -0.18711129E+04  0.12500000E+03  0.77501743E-03  0.69999999E+00  0.99999915E+03
  0.30000000E+01  0.00000000E+00  0.00000000E+00  0.00000000E+00  0.10281862E+04  0.60203504E+05  0.12500000E+03  0.24124442E-02  0.69999999E+00  0.99999719E+03
  0.35000000E+01  0.00000000E+00  0.00000000E+00  0.00000000E+00  0.10152688E+04  0.31365090E+05  0.12500000E+03  0.93726913E-03  0.69999999E+00  0.99999890E+03
  0.40000000E+01  0.00000000E+00  0.00000000E+00  0.00000000E+00  0.10000134E+04  0.26430483E+02  0.12500000E+03 -0.30377229E-04  0.69999999E+00  0.10000001E+04
  0.45000000E+01  0.00000000E+00  0.00000000E+00  0.00000000E+00  0.10000000E+04  0.00000000E+00  0.12500000E+03  0.00000000E+00  0.69999999E+00  0.10000000E+04
  0.50000000E+01  0.00000000E+00  0.00000000E+00  0.00000000E+00  0.10000000E+04  0.00000000E+00  0.12500000E+03  0.00000000E+00  0.69999999E+00  0.10000000E+04
  0.55000000E+01  0.00000000E+00  0.00000000E+00  0.00000000E+00  0.10000000E+04  0.00000000E+00  0.12500000E+03  0.00000000E+00  0.69999999E+00  0.10000000E+04
  0.60000000E+01  0.00000000E+00  0.00000000E+00  0.00000000E+00  0.10000000E+04  0.00000000E+00  0.12500000E+03  0.00000000E+00  0.69999999E+00  0.10000000E+04
  0.65000000E+01  0.00000000E+00  0.00000000E+00  0.00000000E+00  0.10000000E+04  0.00000000E+00  0.12500000E+03  0.00000000E+00  0.69999999E+00  0.10000000E+04
  0.70000000E+01  0.00000000E+00  0.00000000E+00  0.00000000E+00  0.10000000E+04  0.00000000E+00  0.12500000E+03  0.00000000E+00  0.69999999E+00  0.10000000E+04
  0.75000000E+01  0.00000000E+00  0.00000000E+00  0.00000000E+00  0.10000000E+04  0.00000000E+00  0.12500000E+03  0.00000000E+00  0.69999999E+00  0.10000000E+04
  0.25000000E+00 -0.25000000E+00  0.00000000E+00  0.00000000E+00  0.10275966E+04  0.58839090E+05  0.12500000E+03  0.25620344E-02  0.69999999E+00  0.99999701E+03
  0.75000000E+00 -0.25000000E+00  0.00000000E+00  0.00000000E+00  0.10038671E+04  0.76757017E+04  0.12500000E+03  0.60608615E-02  0.69999999E+00  0.99999304E+03
  0.12500000E+01 -0.25000000E+00  0.00000000E+00  0.00000000E+00  0.98692419E+03 -0.24670051E+05  0.12500000E+03  0.45934785E-02  0.69999999E+00  0.99999481E+03
  0.17500000E+01 -0.25000000E+00  0.00000000E+00  0.00000000E+00  0.10063718E+04  0.12743110E+05  0.12500000E+03  0.69574676E-02  0.69999999E+00  0.99999200E+03
  0.22500000E+01 -0.25000000E+00  0.00000000E+00  0.00000000E+00  0.10196044E+04  0.40801230E+05  0.12500000E+03  0.60271630E-02  0.69999999E+00  0.99999298E+03
  0.27500000E+01 -0.25000000E+00  0.00000000E+00  0.00000000E+00  0.99906580E+03 -0.18277395E+04  0.12500000E+03  0.84341306E-03  0.69999999E+00  0.99999902E+03
  0.32500000E+01 -0.25000000E+00  0.00000000E+00  0.00000000E+00  0.10034213E+04  0.67818955E+04  0.12500000E+03  0.10728317E-02  0.69999999E+00  0.99999878E+03
  0.37500000E+01 -0.25000000E+00  0.00000000E+00  0.00000000E+00  0.10000022E+04  0.42100224E+01  0.12500000E+03 -0.67961366E-04  0.69999999E+00  0.10000001E+04
  0.42500000E+01 -0.25000000E+00  0.00000000E+00  0.00000000E+00  0.10000000E+04  0.00000000E+00  0.12500000E+03 -0.39880954E-41  0.69999999E+00  0.10000000E+04
  0.47500000E+01 -0.25000000E+00  0.00000000E+00  0.00000000E+00  0.10000000E+04  0.00000000E+00  0.12500000E+03  0.00000000E+00  0.69999999E+00  0.10000000E+04
  0.52500000E+01 -0.25000000E+00  0.00000000E+00  0.00000000E+00  0.10000000E+04  0.00000000E+00  0.12500000E+03  0.00000000E+00  0.69999999E+00  0.10000000E+04
  0.57500000E+01 -0.25000000E+00  0.00000000E+00  0.00000000E+00  0.10000000E+04  0.00000000E+00  0.12500000E+03  0.00000000E+00  0.69999999E+00  0.10000000E+04
  0.62500000E+01 -0.25000000E+00  0.00000000E+00  0.00000000E+00  0.10000000E+04  0.00000000E+00  0.12500000E+03  0.00000000E+00  0.69999999E+00  0.10000000E+04
  0.67500000E+01 -0.25000000E+00  0.00000000E+00  0.00000000E+00  0.10000000E+04  0.00000000E+00  0.12500000E+03  0.00000000E+00  0.69999999E+00  0.10000000E+04
  0.72500000E+01 -0.25000000E+00  0.00000000E+00  0.00000000E+00  0.10000000E+04  0.00000000E+00  0.12500000E+03  0.00000000E+00  0.69999999E+00  0.10000000E+04
  0.77500000E+01 -0.25000000E+00  0.00000000E+00  0.00000000E+00  0.10000000E+04  0.00000000E+00  0.12500000E+03  0.00000000E+00  0.69999999E+00  0.10000000E+04
  0.40000000E+01  0.50000000E+00  0.00000000E+00  0.00000000E+00  0.10017832E+04  0.35175132E+04  0.12500000E+03 -0.95658470E-04  0.69999999E+00  0.10000001E+04
  0.37500000E+01  0.25000000E+00  0.00000000E+00  0.00000000E+00  0.10147233E+04  0.30194834E+05  0.12500000E+03 -0.39920531E-03  0.69999999E+00  0.10000005E+04
  0.40000000E+01  0.10000000E+01  0.00000000E+00  0.00000000E+00  0.10019520E+04  0.38524280E+04  0.12500000E+03 -0.17900631E-04  0.69999999E+00  0.10000000E+04
  0.37500000E+01  0.75000000E+00  0.00000000E+00  0.00000000E+00  0.10465424E+04  0.10510281E+06  0.12500000E+03  0.34576876E-03  0.69999999E+00  0.99999957E+03
  0.40000000E+01  0.15000000E+01  0.00000000E+00  0.00000000E+00  0.10010861E+04  0.21379153E+04  0.12500000E+03  0.14423090E-03  0.69999999E+00  0.99999982E+03
  0.37500000E+01  0.12500000E+01  0.00000000E+00  0.00000000E+00  0.10345637E+04  0.75265242E+05  0.12500000E+03  0.39779834E-03  0.69999999E+00  0.99999951E+03
  0.40000000E+01  0.20000000E+01  0.00000000E+00  0.00000000E+00  0.10000315E+04  0.61752430E+02  0.12500000E+03  0.31563177E-04  0.69999999E+00  0.99999994E+03
  0.37500000E+01  0.17500000E+01  0.00000000E+00  0.00000000E+00  0.10139623E+04  0.28568496E+05  0.12500000E+03  0.44060283E-03  0.69999999E+00  0.99999951E+03
  0.45000000E+01  0.50000000E+00  0.00000000E+00  0.00000000E+00  0.10000000E+04  0.00000000E+00  0.12500000E+03  0.00000000E+00  0.69999999E+00  0.10000000E+04
  0.42500000E+01  0.25000000E+00  0.00000000E+00  0.00000000E+00  0.10000018E+04  0.35083482E+01  0.12500000E+03 -0.74084828E-05  0.69999999E+00  0.10000000E+04
  0.45000000E+01  0.10000000E+01  0.00000000E+00  0.00000000E+00  0.10000000E+04  0.00000000E+00  0.12500000E+03  0.00000000E+00  0.69999999E+00  0.10000000E+04
  0.42500000E+01  0.75000000E+00  0.00000000E+00  0.00000000E+00  0.10000936E+04  0.18365413E+03  0.12500000E+03 -0.58616174E-05  0.69999999E+00  0.10000000E+04
  0.45000000E+01  0.15000000E+01  0.00000000E+00  0.00000000E+00  0.10000000E+04  0.00000000E+00  0.12500000E+03  0.00000000E+00  0.69999999E+00  0.10000000E+04
  0.42500000E+01  0.12500000E+01  0.00000000E+00  0.00000000E+00  0.10000045E+04  0.88878889E+01  0.12500000E+03  0.12300108E-04  0.69999999E+00  0.10000000E+04
  0.45000000E+01  0.20000000E+01  0.00000000E+00  0.00000000E+00  0.10000000E+04  0.00000000E+00  0.12500000E+03  0.00000000E+00  0.69999999E+00  0.10000000E+04
  0.42500000E+01  0.17500000E+01  0.00000000E+00  0.00000000E+00  0.10000000E+04  0.00000000E+00  0.12500000E+03  0.00000000E+00  0.69999999E+00  0.10000000E+04
  0.50000000E+01  0.50000000E+00  0.00000000E+00  0.00000000E+00  0.10000000E+04  0.00000000E+00  0.12500000E+03  0.00000000E+00  0.69999999E+00  0.10000000E+04
  0.47500000E+01  0.25000000E+00  0.00000000E+00  0.00000000E+00  0.10000000E+04  0.00000000E+00  0.12500000E+03  0.00000000E+00  0.69999999E+00  0.10000000E+04
  0.50000000E+01  0.10000000E+01  0.00000000E+00  0.00000000E+00  0.10000000E+04  0.00000000E+00  0.12500000E+03  0.00000000E+00  0.69999999E+00  0.10000000E+04
  0.47500000E+01  0.75000000E+00  0.00000000E+00  0.00000000E+00  0.10000000E+04  0.00000000E+00  0.12500000E+03  0.00000000E+00  0.69999999E+00  0.10000000E+04
  0.50000000E+01  0.15000000E+01  0.00000000E+00  0.00000000E+00  0.10000000E+04  0.00000000E+00  0.12500000E+03  0.00000000E+00  0.69999999E+00  0.10000000E+04
  0.47500000E+01  0.12500000E+01  0.00000000E+00  0.00000000E+00  0.10000000E+04  0.00000000E+00  0.12500000E+03  0.00000000E+00  0.69999999E+00  0.10000000E+04
  0.50000000E+01  0.20000000E+01  0.00000000E+00  0.00000000E+00  0.10000000E+04  0.00000000E+00  0.12500000E+03  0.00000000E+00  0.69999999E+00  0.10000000E+04
  0.47500000E+01  0.17500000E+01  0.00000000E+00  0.00000000E+00  0.10000000E+04  0.00000000E+00  0.12500000E+03  0.00000000E+00  0.69999999E+00  0.10000000E+04
  0.93642199E+00  0.34139580E+00  0.40956488E+01  0.33062348E+01  0.98734247E+03 -0.23910691E+05  0.12576698E+03  0.12576698E+03  0.10000000E+01  0.00000000E+00
  0.80777800E+00  0.67688942E+00 -0.13692263E+00  0.11844358E+01  0.10025701E+04  0.50816870E+04  0.12561582E+03  0.12561256E+03  0.10000000E+01  0.00000000E+00
  0.74748147E+00  0.88642800E+00 -0.39226121E+00  0.45196807E+00  0.10058468E+04  0.11674726E+05  0.12546356E+03  0.12546356E+03  0.10000000E+01  0.00000000E+00
  0.92718476E+00  0.12670423E+01  0.91382748E+00  0.10059923E+01  0.10027020E+04  0.53444863E+04  0.12531018E+03  0.12531018E+03  0.10000000E+01  0.00000000E+00
  0.91683316E+00  0.13038955E+01 -0.14362094E+00  0.57315612E+00  0.10006107E+04  0.12004089E+04  0.12515567E+03  0.12515567E+03  0.10000000E+01  0.00000000E+00
  0.20708575E+01  0.12356646E+01  0.10264670E+01 -0.58709335E+00  0.10019015E+04  0.37521072E+04  0.12500000E+03  0.12500000E+03  0.10000000E+01  0.00000000E+00
  0.13613667E+01  0.25747460E+00  0.79001904E+00  0.37853199E+00  0.98448132E+03 -0.29066201E+05  0.12576698E+03  0.12575620E+03  0.10000000E+01  0.00000000E+00
  0.10430361E+01  0.60212451E+00  0.55378211E+00  0.18044574E+01  0.10164246E+04  0.33856969E+05  0.12561582E+03  0.12560630E+03  0.10000000E+01  0.00000000E+00
  0.13561716E+01  0.64101636E+00  0.16022933E+00  0.85911858E+00  0.10174682E+04  0.36121895E+05  0.12546356E+03  0.12546065E+03  0.10000000E+01  0.00000000E+00
  0.82056248E+00  0.96153867E+00 -0.73732525E+00  0.20064181E+00  0.10018920E+04  0.37331824E+04  0.12531018E+03  0.12531018E+03  0.10000000E+01  0.00000000E+00
  0.14374762E+01  0.90132463E+00 -0.65194219E+00  0.10976337E+01  0.10163214E+04  0.33633691E+05  0.12515567E+03  0.12515567E+03  0.10000000E+01  0.00000000E+00
  0.11125726E+01  0.13903015E+01 -0.90096283E+00  0.73078883E+00  0.10000540E+04  0.10596871E+03  0.12500000E+03  0.12500000E+03  0.10000000E+01  0.00000000E+00
  0.19634421E+01  0.31414321E+00 -0.53353749E-01  0.18652481E+00  0.98464679E+03 -0.28770494E+05  0.12576698E+03  0.12575746E+03  0.10000000E+01  0.00000000E+00
  0.20835402E+01  0.48121738E+00  0.11417030E+01 -0.59095615E+00  0.10075446E+04  0.15141618E+05  0.12561582E+03  0.12561089E+03  0.10000000E+01  0.00000000E+00
  0.25184579E+01  0.58361387E+00 -0.30216914E+00  0.46809095E+00  0.10032591E+04  0.64571401E+04  0.12546356E+03  0.12546022E+03  0.10000000E+01  0.00000000E+00
  0.21502125E+01  0.75054431E+00  0.88264692E+00 -0.50991404E+00  0.10114263E+04  0.23201744E+05  0.12531018E+03  0.12531018E+03  0.10000000E+01  0.00000000E+00
  0.27688050E+01  0.77232122E+00  0.18833199E+01 -0.13258358E+01  0.99981354E+03 -0.36559729E+03  0.12515567E+03  0.12515567E+03  0.10000000E+01  0.00000000E+00
  0.20786669E+01  0.12374134E+01  0.58724785E+00 -0.54560983E+00  0.10031267E+04  0.61925103E+04  0.12500000E+03  0.12500000E+03  0.10000000E+01  0.00000000E+00
  0.17063611E+01  0.48934859E+00 -0.18327275E-01 -0.39430362E+00  0.10033535E+04  0.66460850E+04  0.12576698E+03  0.12576605E+03  0.10000000E+01  0.00000000E+00
  0.21454682E+01  0.69649190E+00 -0.68000066E+00 -0.23707399E+00  0.10138088E+04  0.28241262E+05  0.12561582E+03  0.12561221E+03  0.10000000E+01  0.00000000E+00
  0.29470587E+01  0.72803295E+00  0.10580869E+01 -0.11167800E+00  0.10063587E+04  0.12716384E+05  0.12546356E+03  0.12546202E+03  0.10000000E+01  0.00000000E+00
  0.28105750E+01  0.65781927E+00  0.61693513E+00  0.11786383E+01  0.10061313E+04  0.12253140E+05  0.12531018E+03  0.12530896E+03  0.10000000E+01  0.00000000E+00
  0.26816735E+01  0.13237934E+01 -0.11269544E+01  0.17315228E+00  0.10048836E+04  0.97232451E+04  0.12515567E+03  0.12515567E+03  0.10000000E+01  0.00000000E+00
  0.28964515E+01  0.12866361E+01  0.44978476E+00 -0.22197458E+00  0.10074560E+04  0.14959870E+05  0.12500000E+03  0.12500012E+03  0.10000000E+01  0.00000000E+00
  0.16181238E+01  0.10312560E+01 -0.18622711E+01 -0.33995831E+00  0.10152088E+04  0.31236270E+05  0.12561582E+03  0.12561399E+03  0.10000000E+01  0.00000000E+00
  0.28890595E+01  0.13030027E+01 -0.55714053E+00  0.27881709E+00  0.10036038E+04  0.71475923E+04  0.12531018E+03  0.12531004E+03  0.10000000E+01  0.00000000E+00
  0.19016047E+01  0.15468616E+01 -0.10606233E+01 -0.10036484E+01  0.10003374E+04  0.66257513E+03  0.12500000E+03  0.12500000E+03  0.10000000E+01  0.00000000E+00
