  0.00000000E+00  0.00000000E+00  0.00000000E+00  0.00000000E+00  0.10018993E+04  0.37476125E+04  0.12500000E+03  0.25174266E-02  0.69999999E+00  0.99999713E+03
  0.00000000E+00  0.50000000E+00  0.00000000E+00  0.00000000E+00  0.10178755E+04  0.37009406E+05  0.12500000E+03  0.33869776E-02  0.69999999E+00  0.99999603E+03
  0.00000000E+00  0.10000000E+01  0.00000000E+00  0.00000000E+00  0.10217916E+04  0.45653934E+05  0.12500000E+03  0.37864430E-02  0.69999999E+00  0.99999561E+03
  0.00000000E+00  0.15000000E+01  0.00000000E+00  0.00000000E+00  0.10160824E+04  0.33117527E+05  0.12500000E+03  0.13901857E-02  0.69999999E+00  0.99999841E+03
  0.00000000E+00  0.20000000E+01  0.00000000E+00  0.00000000E+00  0.10162269E+04  0.33429609E+05  0.12500000E+03 -0.17615799E-02  0.69999999E+00  0.10000021E+04
  0.00000000E+00  0.25000000E+01  0.00000000E+00  0.00000000E+00  0.10034469E+04  0.68332266E+04  0.12500000E+03  0.51974104E-03  0.69999999E+00  0.99999939E+03
  0.00000000E+00  0.30000000E+01  0.00000000E+00  0.00000000E+00  0.10000026E+04  0.51455903E+01  0.12500000E+03  0.38292605E-04  0.69999999E+00  0.99999994E+03
  0.00000000E+00  0.35000000E+01  0.00000000E+00  0.00000000E+00  0.10000000E+04  0.00000000E+00  0.12500000E+03  0.00000000E+00  0.69999999E+00  0.10000000E+04
  0.00000000E+00  0.40000000E+01  0.00000000E+00  0.00000000E+00  0.10000000E+04  0.00000000E+00  0.12500000E+03  0.00000000E+00  0.69999999E+00  0.10000000E+04
 -0.25000000E+00 -0.25000000E+00  0.00000000E+00  0.00000000E+00  0.10006414E+04  0.12607445E+04  0.12500000E+03  0.52005530E-03  0.69999999E+00  0.99999939E+03
 -0.25000000E+00  0.25000000E+00  0.00000000E+00  0.00000000E+00  0.10009756E+04  0.19197560E+04  0.12500000E+03  0.11422914E-02  0.69999999E+00  0.99999872E+03
 -0.25000000E+00  0.75000000E+00  0.00000000E+00  0.00000000E+00  0.10050551E+04  0.10069730E+05  0.12500000E+03  0.52259897E-03  0.69999999E+00  0.99999939E+03
 -0.25000000E+00  0.12500000E+01  0.00000000E+00  0.00000000E+00  0.10039578E+04  0.78579102E+04  0.12500000E+03  0.11918221E-02  0.69999999E+00  0.99999866E+03
 -0.25000000E+00  0.17500000E+01  0.00000000E+00  0.00000000E+00  0.10009438E+04  0.18571825E+04  0.12500000E+03 -0.36181574E-03  0.69999999E+00  0.10000004E+04
 -0.25000000E+00  0.22500000E+01  0.00000000E+00  0.00000000E+00  0.10015139E+04  0.29839109E+04  0.12500000E+03 -0.18548567E-03  0.69999999E+00  0.10000002E+04
 -0.25000000E+00  0.27500000E+01  0.00000000E+00  0.00000000E+00  0.10000007E+04  0.14033347E+01  0.12500000E+03  0.17473474E-04  0.69999999E+00  0.10000000E+04
 -0.25000000E+00  0.32500000E+01  0.00000000E+00  0.00000000E+00  0.10000000E+04  0.00000000E+00  0.12500000E+03  0.40329370E-41  0.69999999E+00  0.10000000E+04
 -0.25000000E+00  0.37500000E+01  0.00000000E+00  0.00000000E+00  0.10000000E+04  0.00000000E+00  0.12500000E+03  0.00000000E+00  0.69999999E+00  0.10000000E+04
  0.80000000E+01  0.00000000E+00  0.00000000E+00  0.00000000E+00  0.10000000E+04  0.00000000E+00  0.12500000E+03  0.00000000E+00  0.69999999E+00  0.10000000E+04
  0.80000000E+01  0.50000000E+00  0.00000000E+00  0.00000000E+00  0.10000000E+04  0.00000000E+00  0.12500000E+03  0.00000000E+00  0.69999999E+00  0.10000000E+04
  0.80000000E+01  0.10000000E+01  0.00000000E+00  0.00000000E+00  0.10000000E+04  0.00000000E+00  0.12500000E+03  0.00000000E+00  0.69999999E+00  0.10000000E+04
  0.80000000E+01  0.15000000E+01  0.00000000E+00  0.00000000E+00  0.10000000E+04  0.00000000E+00  0.12500000E+03  0.00000000E+00  0.69999999E+00  0.10000000E+04
  0.80000000E+01  0.20000000E+01  0.00000000E+00  0.00000000E+00  0.10000000E+04  0.00000000E+00  0.12500000E+03  0.00000000E+00  0.69999999E+00  0.10000000E+04
  0.80000000E+01  0.25000000E+01  0.00000000E+00  0.00000000E+00  0.10000000E+04  0.00000000E+00  0.12500000E+03  0.00000000E+00  0.69999999E+00  0.10000000E+04
  0.80000000E+01  0.30000000E+01  0.00000000E+00  0.00000000E+00  0.10000000E+04  0.00000000E+00  0.12500000E+03  0.00000000E+00  0.69999999E+00  0.10000000E+04
  0.80000000E+01  0.35000000E+01  0.00000000E+00  0.00000000E+00  0.10000000E+04  0.00000000E+00  0.12500000E+03  0.00000000E+00  0.69999999E+00  0.10000000E+04
  0.80000000E+01  0.40000000E+01  0.00000000E+00  0.00000000E+00  0.10000000E+04  0.00000000E+00  0.12500000E+03  0.00000000E+00  0.69999999E+00  0.10000000E+04
  0.82500000E+01 -0.25000000E+00  0.00000000E+00  0.00000000E+00  0.10000000E+04  0.00000000E+00  0.12500000E+03  0.00000000E+00  0.69999999E+00  0.10000000E+04
  0.82500000E+01  0.25000000E+00  0.00000000E+00  0.00000000E+00  0.10000000E+04  0.00000000E+00  0.12500000E+03  0.00000000E+00  0.69999999E+00  0.10000000E+04
  0.82500000E+01  0.75000000E+00  0.00000000E+00  0.00000000E+00  0.10000000E+04  0.00000000E+00  0.12500000E+03  0.00000000E+00  0.69999999E+00  0.10000000E+04
  0.82500000E+01  0.12500000E+01  0.00000000E+00  0.00000000E+00  0.10000000E+04  0.00000000E+00  0.12500000E+03  0.00000000E+00  0.69999999E+00  0.10000000E+04
  0.82500000E+01  0.17500000E+01  0.00000000E+00  0.00000000E+00  0.10000000E+04  0.00000000E+00  0.12500000E+03  0.00000000E+00  0.69999999E+00  0.10000000E+04
  0.82500000E+01  0.22500000E+01  0.00000000E+00  0.00000000E+00  0.10000000E+04  0.00000000E+00  0.12500000E+03  0.00000000E+00  0.69999999E+00  0.10000000E+04
  0.82500000E+01  0.27500000E+01  0.00000000E+00  0.00000000E+00  0.10000000E+04  0.00000000E+00  0.12500000E+03  0.00000000E+00  0.69999999E+00  0.10000000E+04
  0.82500000E+01  0.32500000E+01  0.00000000E+00  0.00000000E+00  0.10000000E+04  0.00000000E+00  0.12500000E+03  0.00000000E+00  0.69999999E+00  0.10000000E+04
  0.82500000E+01  0.37500000E+01  0.00000000E+00  0.00000000E+00  0.10000000E+04  0.00000000E+00  0.12500000E+03  0.00000000E+00  0.69999999E+00  0.10000000E+04
  0.50000000E+00  0.00000000E+00  0.00000000E+00  0.00000000E+00  0.10500824E+04  0.11432126E+06  0.12500000E+03  0.12864992E-01  0.69999999E+00  0.99998456E+03
  0.10000000E+01  0.00000000E+00  0.00000000E+00  0.00000000E+00  0.10758713E+04  0.18736689E+06  0.12500000E+03  0.76163453E-02  0.69999999E+00  0.99999066E+03
  0.15000000E+01  0.00000000E+00  0.00000000E+00  0.00000000E+00  0.10205106E+04  0.42804516E+05  0.12500000E+03  0.22528883E-01  0.69999999E+00  0.99997369E+03
  0.20000000E+01  0.00000000E+00  0.00000000E+00  0.00000000E+00  0.11277542E+04  0.36999647E+06  0.12500000E+03  0.25911732E-01  0.69999999E+00  0.99996661E+03
  0.25000000E+01  0.00000000E+00  0.00000000E+00  0.00000000E+00  0.10450160E+04  0.10118543E+06  0.12500000E+03  0.80108028E-02  0.69999999E+00  0.99999042E+03
  0.30000000E+01  0.00000000E+00  0.00000000E+00  0.00000000E+00  0.10400305E+04  0.88626836E+05  0.12500000E+03  0.97265635E-02  0.69999999E+00  0.99998846E+03
  0.35000000E+01  0.00000000E+00  0.00000000E+00  0.00000000E+00  0.10012152E+04  0.23929705E+04  0.12500000E+03  0.40396126E-02  0.69999999E+00  0.99999536E+03
  0.40000000E+01  0.00000000E+00  0.00000000E+00  0.00000000E+00  0.10000137E+04  0.26898298E+02  0.12500000E+03 -0.68247195E-04  0.69999999E+00  0.10000001E+04
  0.45000000E+01  0.00000000E+00  0.00000000E+00  0.00000000E+00  0.10000000E+04  0.00000000E+00  0.12500000E+03  0.25735967E-39  0.69999999E+00  0.10000000E+04
  0.50000000E+01  0.00000000E+00  0.00000000E+00  0.00000000E+00  0.10000000E+04  0.00000000E+00  0.12500000E+03 -0.69504404E-42  0.69999999E+00  0.10000000E+04
  0.55000000E+01  0.00000000E+00  0.00000000E+00  0.00000000E+00  0.10000000E+04  0.00000000E+00  0.12500000E+03  0.00000000E+00  0.69999999E+00  0.10000000E+04
  0.60000000E+01  0.00000000E+00  0.00000000E+00  0.00000000E+00  0.10000000E+04  0.00000000E+00  0.12500000E+03  0.00000000E+00  0.69999999E+00  0.10000000E+04
  0.65000000E+01  0.00000000E+00  0.00000000E+00  0.00000000E+00  0.10000000E+04  0.00000000E+00  0.12500000E+03  0.00000000E+00  0.69999999E+00  0.10000000E+04
  0.70000000E+01  0.00000000E+00  0.00000000E+00  0.00000000E+00  0.10000000E+04  0.00000000E+00  0.12500000E+03  0.00000000E+00  0.69999999E+00  0.10000000E+04
  0.75000000E+01  0.00000000E+00  0.00000000E+00  0.00000000E+00  0.10000000E+04  0.00000000E+00  0.12500000E+03  0.00000000E+00  0.69999999E+00  0.10000000E+04
  0.25000000E+00 -0.25000000E+00  0.00000000E+00  0.00000000E+00  0.10058668E+04  0.11715178E+05  0.12500000E+03  0.33609499E-02  0.69999999E+00  0.99999615E+03
  0.75000000E+00 -0.25000000E+00  0.00000000E+00  0.00000000E+00  0.10272966E+04  0.58146816E+05  0.12500000E+03  0.91780070E-02  0.69999999E+00  0.99998920E+03
  0.12500000E+01 -0.25000000E+00  0.00000000E+00  0.00000000E+00  0.10101677E+04  0.20567990E+05  0.12500000E+03  0.73678019E-02  0.69999999E+00  0.99999152E+03
  0.17500000E+01 -0.25000000E+00  0.00000000E+00  0.00000000E+00  0.10143566E+04  0.29410301E+05  0.12500000E+03  0.11178235E-01  0.69999999E+00  0.99998706E+03
  0.22500000E+01 -0.25000000E+00  0.00000000E+00  0.00000000E+00  0.10014385E+04  0.28345432E+04  0.12500000E+03  0.11053758E-01  0.69999999E+00  0.99998737E+03
  0.27500000E+01 -0.25000000E+00  0.00000000E+00  0.00000000E+00  0.10042067E+04  0.83583535E+04  0.12500000E+03  0.52641928E-02  0.69999999E+00  0.99999396E+03
  0.32500000E+01 -0.25000000E+00  0.00000000E+00  0.00000000E+00  0.10004760E+04  0.93525201E+03  0.12500000E+03  0.36633350E-02  0.69999999E+00  0.99999579E+03
  0.37500000E+01 -0.25000000E+00  0.00000000E+00  0.00000000E+00  0.10000070E+04  0.13565822E+02  0.12500000E+03 -0.15635355E-03  0.69999999E+00  0.10000002E+04
  0.42500000E+01 -0.25000000E+00  0.00000000E+00  0.00000000E+00  0.10000000E+04  0.00000000E+00  0.12500000E+03 -0.10269843E-35  0.69999999E+00  0.10000000E+04
  0.47500000E+01 -0.25000000E+00  0.00000000E+00  0.00000000E+00  0.10000000E+04  0.00000000E+00  0.12500000E+03 -0.59024933E-39  0.69999999E+00  0.10000000E+04
  0.52500000E+01 -0.25000000E+00  0.00000000E+00  0.00000000E+00  0.10000000E+04  0.00000000E+00  0.12500000E+03  0.00000000E+00  0.69999999E+00  0.10000000E+04
  0.57500000E+01 -0.25000000E+00  0.00000000E+00  0.00000000E+00  0.10000000E+04  0.00000000E+00  0.12500000E+03  0.00000000E+00  0.69999999E+00  0.10000000E+04
  0.62500000E+01 -0.25000000E+00  0.00000000E+00  0.00000000E+00  0.10000000E+04  0.00000000E+00  0.12500000E+03  0.00000000E+00  0.69999999E+00  0.10000000E+04
  0.67500000E+01 -0.25000000E+00  0.00000000E+00  0.00000000E+00  0.10000000E+04  0.00000000E+00  0.12500000E+03  0.00000000E+00  0.69999999E+00  0.10000000E+04
  0.72500000E+01 -0.25000000E+00  0.00000000E+00  0.00000000E+00  0.10000000E+04  0.00000000E+00  0.12500000E+03  0.00000000E+00  0.69999999E+00  0.10000000E+04
  0.77500000E+01 -0.25000000E+00  0.00000000E+00  0.00000000E+00  0.10000000E+04  0.00000000E+00  0.12500000E+03  0.00000000E+00  0.69999999E+00  0.10000000E+04
  0.40000000E+01  0.50000000E+00  0.00000000E+00  0.00000000E+00  0.10015808E+04  0.31163452E+04  0.12500000E+03 -0.38608286E-03  0.69999999E+00  0.10000004E+04
  0.37500000E+01  0.25000000E+00  0.00000000E+00  0.00000000E+00  0.10028398E+04  0.56193877E+04  0.12500000E+03 -0.18571154E-02  0.69999999E+00  0.10000021E+04
  0.40000000E+01  0.10000000E+01  0.00000000E+00  0.00000000E+00  0.10052469E+04  0.10458080E+05  0.12500000E+03 -0.12916067E-03  0.69999999E+00  0.10000001E+04
  0.37500000E+01  0.75000000E+00  0.00000000E+00  0.00000000E+00  0.10457844E+04  0.10315330E+06  0.12500000E+03  0.98786736E-03  0.69999999E+00  0.99999884E+03
  0.40000000E+01  0.15000000E+01  0.00000000E+00  0.00000000E+00  0.10003468E+04  0.68109027E+03  0.12500000E+03  0.44719467E-03  0.69999999E+00  0.99999951E+03
  0.37500000E+01  0.12500000E+01  0.00000000E+00  0.00000000E+00  0.10380433E+04  0.83721078E+05  0.12500000E+03  0.10820075E-02  0.69999999E+00  0.99999872E+03
  0.40000000E+01  0.20000000E+01  0.00000000E+00  0.00000000E+00  0.10010588E+04  0.20840093E+04  0.12500000E+03  0.32330409E-03  0.69999999E+00  0.99999963E+03
  0.37500000E+01  0.17500000E+01  0.00000000E+00  0.00000000E+00  0.10222949E+04  0.46779430E+05  0.12500000E+03  0.21583398E-02  0.69999999E+00  0.99999750E+03
  0.45000000E+01  0.50000000E+00  0.00000000E+00  0.00000000E+00  0.10000000E+04  0.00000000E+00  0.12500000E+03  0.17400035E-38  0.69999999E+00  0.10000000E+04
  0.42500000E+01  0.25000000E+00  0.00000000E+00  0.00000000E+00  0.10000018E+04  0.35083482E+01  0.12500000E+03 -0.74084828E-05  0.69999999E+00  0.10000000E+04
  0.45000000E+01  0.10000000E+01  0.00000000E+00  0.00000000E+00  0.10000000E+04  0.00000000E+00  0.12500000E+03 -0.15694543E-41  0.69999999E+00  0.10000000E+04
  0.42500000E+01  0.75000000E+00  0.00000000E+00  0.00000000E+00  0.10000945E+04  0.18552629E+03  0.12500000E+03 -0.15739201E-04  0.69999999E+00  0.10000000E+04
  0.45000000E+01  0.15000000E+01  0.00000000E+00  0.00000000E+00  0.10000000E+04  0.00000000E+00  0.12500000E+03 -0.47728226E-41  0.69999999E+00  0.10000000E+04
  0.42500000E+01  0.12500000E+01  0.00000000E+00  0.00000000E+00  0.10000066E+04  0.12864128E+02  0.12500000E+03  0.34267537E-05  0.69999999E+00  0.10000000E+04
  0.45000000E+01  0.20000000E+01  0.00000000E+00  0.00000000E+00  0.10000000E+04  0.00000000E+00  0.12500000E+03  0.46495083E-41  0.69999999E+00  0.10000000E+04
  0.42500000E+01  0.17500000E+01  0.00000000E+00  0.00000000E+00  0.10000031E+04  0.60811610E+01  0.12500000E+03 -0.35628464E-05  0.69999999E+00  0.10000000E+04
  0.50000000E+01  0.50000000E+00  0.00000000E+00  0.00000000E+00  0.10000000E+04  0.00000000E+00  0.12500000E+03  0.61096613E-42  0.69999999E+00  0.10000000E+04
  0.47500000E+01  0.25000000E+00  0.00000000E+00  0.00000000E+00  0.10000000E+04  0.00000000E+00  0.12500000E+03  0.58429382E-39  0.69999999E+00  0.10000000E+04
  0.50000000E+01  0.10000000E+01  0.00000000E+00  0.00000000E+00  0.10000000E+04  0.00000000E+00  0.12500000E+03 -0.00000000E+00  0.69999999E+00  0.10000000E+04
  0.47500000E+01  0.75000000E+00  0.00000000E+00  0.00000000E+00  0.10000000E+04  0.00000000E+00  0.12500000E+03  0.70064923E-42  0.69999999E+00  0.10000000E+04
  0.50000000E+01  0.15000000E+01  0.00000000E+00  0.00000000E+00  0.10000000E+04  0.00000000E+00  0.12500000E+03 -0.33995501E-41  0.69999999E+00  0.10000000E+04
  0.47500000E+01  0.12500000E+01  0.00000000E+00  0.00000000E+00  0.10000000E+04  0.00000000E+00  0.12500000E+03 -0.32762358E-41  0.69999999E+00  0.10000000E+04
  0.50000000E+01  0.20000000E+01  0.00000000E+00  0.00000000E+00  0.10000000E+04  0.00000000E+00  0.12500000E+03  0.32313943E-41  0.69999999E+00  0.10000000E+04
  0.47500000E+01  0.17500000E+01  0.00000000E+00  0.00000000E+00  0.10000000E+04  0.00000000E+00  0.12500000E+03 -0.00000000E+00  0.69999999E+00  0.10000000E+04
  0.26937177E+01  0.83766818E+00  0.75199091E+00 -0.70065238E-01  0.10063932E+04  0.12786605E+05  0.12576698E+03  0.12576656E+03  0.10000000E+01  0.00000000E+00
  0.81960762E+00  0.11884347E+01 -0.46765819E+00  0.89469969E+00  0.10056349E+04  0.11244340E+05  0.12561582E+03  0.12561256E+03  0.10000000E+01  0.00000000E+00
  0.16802409E+01  0.98936152E+00  0.42123991E+00  0.48660201E+00  0.10068654E+04  0.13750504E+05  0.12546356E+03  0.12546333E+03  0.10000000E+01  0.00000000E+00
  0.19805815E+01  0.16368830E+01  0.16582798E+01  0.36288533E+00  0.10032759E+04  0.64910088E+04  0.12531018E+03  0.12531027E+03  0.10000000E+01  0.00000000E+00
  0.27985845E+01  0.14592041E+01  0.26050463E-01  0.74232787E-01  0.99989905E+03 -0.19804367E+03  0.12515567E+03  0.12515567E+03  0.10000000E+01  0.00000000E+00
  0.23172436E+01  0.15366991E+01  0.14957929E+00  0.50405270E+00  0.10023710E+04  0.46852671E+04  0.12500000E+03  0.12500000E+03  0.10000000E+01  0.00000000E+00
  0.28180447E+01  0.93157911E+00  0.27749240E+00 -0.24292126E+00  0.10051276E+04  0.10216334E+05  0.12576698E+03  0.12575461E+03  0.10000000E+01  0.00000000E+00
  0.84287870E+00  0.10554900E+01 -0.65180749E+00 -0.46543002E+00  0.10049576E+04  0.98728311E+04  0.12561582E+03  0.12560624E+03  0.10000000E+01  0.00000000E+00
  0.10450475E+01  0.85864818E+00 -0.40569371E+00  0.22839215E+00  0.10092568E+04  0.18674141E+05  0.12546356E+03  0.12546037E+03  0.10000000E+01  0.00000000E+00
  0.27751529E+01  0.12786666E+01  0.13118532E+01 -0.63506830E+00  0.10018667E+04  0.36830361E+04  0.12531018E+03  0.12531038E+03  0.10000000E+01  0.00000000E+00
  0.11797994E+01  0.86569548E+00  0.23113472E-01  0.31110615E+00  0.10089150E+04  0.17965938E+05  0.12515567E+03  0.12515535E+03  0.10000000E+01  0.00000000E+00
  0.70509517E+00  0.82748210E+00  0.55556789E-01 -0.61952209E+00  0.10091902E+04  0.18535992E+05  0.12500000E+03  0.12500000E+03  0.10000000E+01  0.00000000E+00
  0.20843475E+01  0.10070430E+01  0.59337723E+00  0.47902071E+00  0.10050299E+04  0.10018868E+05  0.12576698E+03  0.12575644E+03  0.10000000E+01  0.00000000E+00
  0.27653687E+01  0.87280548E+00  0.23918599E+00 -0.15610947E+00  0.10054325E+04  0.10833827E+05  0.12561582E+03  0.12561059E+03  0.10000000E+01  0.00000000E+00
  0.26850095E+01  0.13631772E+01 -0.34722990E+00  0.34085415E-01  0.10026069E+04  0.51550884E+04  0.12546356E+03  0.12546005E+03  0.10000000E+01  0.00000000E+00
  0.17768445E+01  0.10202501E+01 -0.91738081E+00  0.29082108E+00  0.10066851E+04  0.13381999E+05  0.12531018E+03  0.12531018E+03  0.10000000E+01  0.00000000E+00
  0.29903665E+01  0.90611053E+00  0.34948206E+00 -0.19987634E+00  0.10076135E+04  0.15283315E+05  0.12515567E+03  0.12515553E+03  0.10000000E+01  0.00000000E+00
  0.11309006E+01  0.15625408E+01 -0.47433257E+00 -0.72794211E+00  0.10058045E+04  0.11588750E+05  0.12500000E+03  0.12499989E+03  0.10000000E+01  0.00000000E+00
  0.96614718E+00  0.14266120E+01 -0.79650021E+00 -0.12316418E+00  0.10056091E+04  0.11191850E+05  0.12576698E+03  0.12576566E+03  0.10000000E+01  0.00000000E+00
  0.26220708E+01  0.86615050E+00 -0.74777162E+00  0.39150524E+00  0.10053702E+04  0.10707485E+05  0.12561582E+03  0.12561228E+03  0.10000000E+01  0.00000000E+00
  0.16371727E+01  0.12648098E+01  0.56518680E+00  0.55181865E-01  0.10028228E+04  0.55853696E+04  0.12546356E+03  0.12546202E+03  0.10000000E+01  0.00000000E+00
  0.21686332E+01  0.10398395E+01  0.76548386E+00 -0.58646575E-02  0.10048860E+04  0.97280615E+04  0.12531018E+03  0.12530890E+03  0.10000000E+01  0.00000000E+00
  0.16615223E+01  0.19086564E+01  0.18510387E+01 -0.54719400E+00  0.10023749E+04  0.46928584E+04  0.12515567E+03  0.12515567E+03  0.10000000E+01  0.00000000E+00
  0.13572567E+01  0.86187780E+00  0.86727285E+00  0.74529994E+00  0.10091644E+04  0.18482379E+05  0.12500000E+03  0.12500012E+03  0.10000000E+01  0.00000000E+00
  0.10795324E+01  0.15515668E+01 -0.50101250E-01 -0.41948020E+00  0.10059714E+04  0.11927934E+05  0.12561582E+03  0.12561399E+03  0.10000000E+01  0.00000000E+00
  0.15305809E+01  0.19582500E+01  0.17337086E+01 -0.71569979E+00  0.10000903E+04  0.17710164E+03  0.12531018E+03  0.12531004E+03  0.10000000E+01  0.00000000E+00
  0.19732969E+01  0.19945018E+01  0.18408990E+00  0.10228577E+01  0.99904358E+03 -0.18711129E+04  0.12500000E+03  0.12500000E+03  0.10000000E+01  0.00000000E+00
