  0.00000000E+00  0.00000000E+00  0.00000000E+00  0.00000000E+00  0.10014260E+04  0.28097729E+04  0.12500000E+03  0.25566875E-02  0.69999999E+00  0.99999707E+03
  0.00000000E+00  0.50000000E+00  0.00000000E+00  0.00000000E+00  0.10111538E+04  0.22629818E+05  0.12500000E+03  0.35494119E-02  0.69999999E+00  0.99999591E+03
  0.00000000E+00  0.10000000E+01  0.00000000E+00  0.00000000E+00  0.10115248E+04  0.23408625E+05  0.12500000E+03  0.39155167E-02  0.69999999E+00  0.99999548E+03
  0.00000000E+00  0.15000000E+01  0.00000000E+00  0.00000000E+00  0.10303932E+04  0.65352680E+05  0.12500000E+03  0.13932723E-02  0.69999999E+00  0.99999835E+03
  0.00000000E+00  0.20000000E+01  0.00000000E+00  0.00000000E+00  0.10197106E+04  0.41035445E+05  0.12500000E+03 -0.18866316E-02  0.69999999E+00  0.10000022E+04
  0.00000000E+00  0.25000000E+01  0.00000000E+00  0.00000000E+00  0.10034469E+04  0.68332266E+04  0.12500000E+03  0.51974104E-03  0.69999999E+00  0.99999939E+03
  0.00000000E+00  0.30000000E+01  0.00000000E+00  0.00000000E+00  0.10000026E+04  0.51455903E+01  0.12500000E+03  0.38292605E-04  0.69999999E+00  0.99999994E+03
  0.00000000E+00  0.35000000E+01  0.00000000E+00  0.00000000E+00  0.10000000E+04  0.00000000E+00  0.12500000E+03  0.00000000E+00  0.69999999E+00  0.10000000E+04
  0.00000000E+00  0.40000000E+01  0.00000000E+00  0.00000000E+00  0.10000000E+04  0.00000000E+00  0.12500000E+03  0.00000000E+00  0.69999999E+00  0.10000000E+04
 -0.25000000E+00 -0.25000000E+00  0.00000000E+00  0.00000000E+00  0.10006414E+04  0.12607445E+04  0.12500000E+03  0.52005530E-03  0.69999999E+00  0.99999939E+03
 -0.25000000E+00  0.25000000E+00  0.00000000E+00  0.00000000E+00  0.10005460E+04  0.10729661E+04  0.12500000E+03  0.11681255E-02  0.69999999E+00  0.99999866E+03
 -0.25000000E+00  0.75000000E+00  0.00000000E+00  0.00000000E+00  0.10016559E+04  0.32651318E+04  0.12500000E+03  0.56598010E-03  0.69999999E+00  0.99999933E+03
 -0.25000000E+00  0.12500000E+01  0.00000000E+00  0.00000000E+00  0.10024712E+04  0.48846050E+04  0.12500000E+03  0.12114304E-02  0.69999999E+00  0.99999860E+03
 -0.25000000E+00  0.17500000E+01  0.00000000E+00  0.00000000E+00  0.10013429E+04  0.26453938E+04  0.12500000E+03 -0.40636258E-03  0.69999999E+00  0.10000005E+04
 -0.25000000E+00  0.22500000E+01  0.00000000E+00  0.00000000E+00  0.10015139E+04  0.29839109E+04  0.12500000E+03 -0.18548567E-03  0.69999999E+00  0.10000002E+04
 -0.25000000E+00  0.27500000E+01  0.00000000E+00  0.00000000E+00  0.10000007E+04  0.14033347E+01  0.12500000E+03  0.17473474E-04  0.69999999E+00  0.10000000E+04
 -0.25000000E+00  0.32500000E+01  0.00000000E+00  0.00000000E+00  0.10000000E+04  0.00000000E+00  0.12500000E+03  0.62385808E-41  0.69999999E+00  0.10000000E+04
 -0.25000000E+00  0.37500000E+01  0.00000000E+00  0.00000000E+00  0.10000000E+04  0.00000000E+00  0.12500000E+03  0.00000000E+00  0.69999999E+00  0.10000000E+04
  0.80000000E+01  0.00000000E+00  0.00000000E+00  0.00000000E+00  0.10000000E+04  0.00000000E+00  0.12500000E+03  0.00000000E+00  0.69999999E+00  0.10000000E+04
  0.80000000E+01  0.50000000E+00  0.00000000E+00  0.00000000E+00  0.10000000E+04  0.00000000E+00  0.12500000E+03  0.00000000E+00  0.69999999E+00  0.10000000E+04
  0.80000000E+01  0.10000000E+01  0.00000000E+00  0.00000000E+00  0.10000000E+04  0.00000000E+00  0.12500000E+03  0.00000000E+00  0.69999999E+00  0.10000000E+04
  0.80000000E+01  0.15000000E+01  0.00000000E+00  0.00000000E+00  0.10000000E+04  0.00000000E+00  0.12500000E+03  0.00000000E+00  0.69999999E+00  0.10000000E+04
  0.80000000E+01  0.20000000E+01  0.00000000E+00  0.00000000E+00  0.10000000E+04  0.00000000E+00  0.12500000E+03  0.00000000E+00  0.69999999E+00  0.10000000E+04
  0.80000000E+01  0.25000000E+01  0.00000000E+00  0.00000000E+00  0.10000000E+04  0.00000000E+00  0.12500000E+03  0.00000000E+00  0.69999999E+00  0.10000000E+04
  0.80000000E+01  0.30000000E+01  0.00000000E+00  0.00000000E+00  0.10000000E+04  0.00000000E+00  0.12500000E+03  0.00000000E+00  0.69999999E+00  0.10000000E+04
  0.80000000E+01  0.35000000E+01  0.00000000E+00  0.00000000E+00  0.10000000E+04  0.00000000E+00  0.12500000E+03  0.00000000E+00  0.69999999E+00  0.10000000E+04
  0.80000000E+01  0.40000000E+01  0.00000000E+00  0.00000000E+00  0.10000000E+04  0.00000000E+00  0.12500000E+03  0.00000000E+00  0.69999999E+00  0.10000000E+04
  0.82500000E+01 -0.25000000E+00  0.00000000E+00  0.00000000E+00  0.10000000E+04  0.00000000E+00  0.12500000E+03  0.00000000E+00  0.69999999E+00  0.10000000E+04
  0.82500000E+01  0.25000000E+00  0.00000000E+00  0.00000000E+00  0.10000000E+04  0.00000000E+00  0.12500000E+03  0.00000000E+00  0.69999999E+00  0.10000000E+04
  0.82500000E+01  0.75000000E+00  0.00000000E+00  0.00000000E+00  0.10000000E+04  0.00000000E+00  0.12500000E+03  0.00000000E+00  0.69999999E+00  0.10000000E+04
  0.82500000E+01  0.12500000E+01  0.00000000E+00  0.00000000E+00  0.10000000E+04  0.00000000E+00  0.12500000E+03  0.00000000E+00  0.69999999E+00  0.10000000E+04
  0.82500000E+01  0.17500000E+01  0.00000000E+00  0.00000000E+00  0.10000000E+04  0.00000000E+00  0.12500000E+03  0.00000000E+00  0.69999999E+00  0.10000000E+04
  0.82500000E+01  0.22500000E+01  0.00000000E+00  0.00000000E+00  0.10000000E+04  0.00000000E+00  0.12500000E+03  0.00000000E+00  0.69999999E+00  0.10000000E+04
  0.82500000E+01  0.27500000E+01  0.00000000E+00  0.00000000E+00  0.10000000E+04  0.00000000E+00  0.12500000E+03  0.00000000E+00  0.69999999E+00  0.10000000E+04
  0.82500000E+01  0.32500000E+01  0.00000000E+00  0.00000000E+00  0.10000000E+04  0.00000000E+00  0.12500000E+03  0.00000000E+00  0.69999999E+00  0.10000000E+04
  0.82500000E+01  0.37500000E+01  0.00000000E+00  0.00000000E+00  0.10000000E+04  0.00000000E+00  0.12500000E+03  0.00000000E+00  0.69999999E+00  0.10000000E+04
  0.50000000E+00  0.00000000E+00  0.00000000E+00  0.00000000E+00  0.10497272E+04  0.11338773E+06  0.12500000E+03  0.13137145E-01  0.69999999E+00  0.99998425E+03
  0.10000000E+01  0.00000000E+00  0.00000000E+00  0.00000000E+00  0.10592307E+04  0.13902392E+06  0.12500000E+03  0.79080258E-02  0.69999999E+00  0.99999042E+03
  0.15000000E+01  0.00000000E+00  0.00000000E+00  0.00000000E+00  0.10152706E+04  0.31368934E+05  0.12500000E+03  0.22945374E-01  0.69999999E+00  0.99997339E+03
  0.20000000E+01  0.00000000E+00  0.00000000E+00  0.00000000E+00  0.11328958E+04  0.39103569E+06  0.12500000E+03  0.26388990E-01  0.69999999E+00  0.99996582E+03
  0.25000000E+01  0.00000000E+00  0.00000000E+00  0.00000000E+00  0.10413473E+04  0.91908852E+05  0.12500000E+03  0.85169356E-02  0.69999999E+00  0.99998987E+03
  0.30000000E+01  0.00000000E+00  0.00000000E+00  0.00000000E+00  0.10524817E+04  0.12067580E+06  0.12500000E+03  0.10144694E-01  0.69999999E+00  0.99998779E+03
  0.35000000E+01  0.00000000E+00  0.00000000E+00  0.00000000E+00  0.10058616E+04  0.11704519E+05  0.12500000E+03  0.42234408E-02  0.69999999E+00  0.99999512E+03
  0.40000000E+01  0.00000000E+00  0.00000000E+00  0.00000000E+00  0.10000137E+04  0.26898298E+02  0.12500000E+03 -0.68247195E-04  0.69999999E+00  0.10000001E+04
  0.45000000E+01  0.00000000E+00  0.00000000E+00  0.00000000E+00  0.10000000E+04  0.00000000E+00  0.12500000E+03  0.38218174E-39  0.69999999E+00  0.10000000E+04
  0.50000000E+01  0.00000000E+00  0.00000000E+00  0.00000000E+00  0.10000000E+04  0.00000000E+00  0.12500000E+03 -0.13116154E-41  0.69999999E+00  0.10000000E+04
  0.55000000E+01  0.00000000E+00  0.00000000E+00  0.00000000E+00  0.10000000E+04  0.00000000E+00  0.12500000E+03  0.00000000E+00  0.69999999E+00  0.10000000E+04
  0.60000000E+01  0.00000000E+00  0.00000000E+00  0.00000000E+00  0.10000000E+04  0.00000000E+00  0.12500000E+03  0.00000000E+00  0.69999999E+00  0.10000000E+04
  0.65000000E+01  0.00000000E+00  0.00000000E+00  0.00000000E+00  0.10000000E+04  0.00000000E+00  0.12500000E+03  0.00000000E+00  0.69999999E+00  0.10000000E+04
  0.70000000E+01  0.00000000E+00  0.00000000E+00  0.00000000E+00  0.10000000E+04  0.00000000E+00  0.12500000E+03  0.00000000E+00  0.69999999E+00  0.10000000E+04
  0.75000000E+01  0.00000000E+00  0.00000000E+00  0.00000000E+00  0.10000000E+04  0.00000000E+00  0.12500000E+03  0.00000000E+00  0.69999999E+00  0.10000000E+04
  0.25000000E+00 -0.25000000E+00  0.00000000E+00  0.00000000E+00  0.10058134E+04  0.11606670E+05  0.12500000E+03  0.34029032E-02  0.69999999E+00  0.99999609E+03
  0.75000000E+00 -0.25000000E+00  0.00000000E+00  0.00000000E+00  0.10271624E+04  0.57837121E+05  0.12500000E+03  0.93545187E-02  0.69999999E+00  0.99998901E+03
  0.12500000E+01 -0.25000000E+00  0.00000000E+00  0.00000000E+00  0.10085167E+04  0.17142750E+05  0.12500000E+03  0.74692713E-02  0.69999999E+00  0.99999139E+03
  0.17500000E+01 -0.25000000E+00  0.00000000E+00  0.00000000E+00  0.10144761E+04  0.29665674E+05  0.12500000E+03  0.11332389E-01  0.69999999E+00  0.99998688E+03
  0.22500000E+01 -0.25000000E+00  0.00000000E+00  0.00000000E+00  0.10010903E+04  0.21461550E+04  0.12500000E+03  0.11258058E-01  0.69999999E+00  0.99998712E+03
  0.27500000E+01 -0.25000000E+00  0.00000000E+00  0.00000000E+00  0.10046984E+04  0.93492080E+04  0.12500000E+03  0.55044070E-02  0.69999999E+00  0.99999365E+03
  0.32500000E+01 -0.25000000E+00  0.00000000E+00  0.00000000E+00  0.10014575E+04  0.28722915E+04  0.12500000E+03  0.38347365E-02  0.69999999E+00  0.99999561E+03
  0.37500000E+01 -0.25000000E+00  0.00000000E+00  0.00000000E+00  0.10000070E+04  0.13565822E+02  0.12500000E+03 -0.15635355E-03  0.69999999E+00  0.10000002E+04
  0.42500000E+01 -0.25000000E+00  0.00000000E+00  0.00000000E+00  0.10000000E+04  0.00000000E+00  0.12500000E+03 -0.14413475E-35  0.69999999E+00  0.10000000E+04
  0.47500000E+01 -0.25000000E+00  0.00000000E+00  0.00000000E+00  0.10000000E+04  0.00000000E+00  0.12500000E+03 -0.87339850E-39  0.69999999E+00  0.10000000E+04
  0.52500000E+01 -0.25000000E+00  0.00000000E+00  0.00000000E+00  0.10000000E+04  0.00000000E+00  0.12500000E+03  0.00000000E+00  0.69999999E+00  0.10000000E+04
  0.57500000E+01 -0.25000000E+00  0.00000000E+00  0.00000000E+00  0.10000000E+04  0.00000000E+00  0.12500000E+03  0.00000000E+00  0.69999999E+00  0.10000000E+04
  0.62500000E+01 -0.25000000E+00  0.00000000E+00  0.00000000E+00  0.10000000E+04  0.00000000E+00  0.12500000E+03  0.00000000E+00  0.69999999E+00  0.10000000E+04
  0.67500000E+01 -0.25000000E+00  0.00000000E+00  0.00000000E+00  0.10000000E+04  0.00000000E+00  0.12500000E+03  0.00000000E+00  0.69999999E+00  0.10000000E+04
  0.72500000E+01 -0.25000000E+00  0.00000000E+00  0.00000000E+00  0.10000000E+04  0.00000000E+00  0.12500000E+03  0.00000000E+00  0.69999999E+00  0.10000000E+04
  0.77500000E+01 -0.25000000E+00  0.00000000E+00  0.00000000E+00  0.10000000E+04  0.00000000E+00  0.12500000E+03  0.00000000E+00  0.69999999E+00  0.10000000E+04
  0.40000000E+01  0.50000000E+00  0.00000000E+00  0.00000000E+00  0.10014114E+04  0.27807590E+04  0.12500000E+03 -0.43224450E-03  0.69999999E+00  0.10000005E+04
  0.37500000E+01  0.25000000E+00  0.00000000E+00  0.00000000E+00  0.10055002E+04  0.10971093E+05  0.12500000E+03 -0.19779713E-02  0.69999999E+00  0.10000023E+04
  0.40000000E+01  0.10000000E+01  0.00000000E+00  0.00000000E+00  0.10028701E+04  0.56798203E+04  0.12500000E+03 -0.13349179E-03  0.69999999E+00  0.10000002E+04
  0.37500000E+01  0.75000000E+00  0.00000000E+00  0.00000000E+00  0.10477871E+04  0.10832271E+06  0.12500000E+03  0.10104629E-02  0.69999999E+00  0.99999878E+03
  0.40000000E+01  0.15000000E+01  0.00000000E+00  0.00000000E+00  0.10001589E+04  0.31192221E+03  0.12500000E+03  0.47883717E-03  0.69999999E+00  0.99999945E+03
  0.37500000E+01  0.12500000E+01  0.00000000E+00  0.00000000E+00  0.10323011E+04  0.69857695E+05  0.12500000E+03  0.11685123E-02  0.69999999E+00  0.99999860E+03
  0.40000000E+01  0.20000000E+01  0.00000000E+00  0.00000000E+00  0.10010588E+04  0.20840093E+04  0.12500000E+03  0.32330409E-03  0.69999999E+00  0.99999963E+03
  0.37500000E+01  0.17500000E+01  0.00000000E+00  0.00000000E+00  0.10219741E+04  0.46061680E+05  0.12500000E+03  0.22776283E-02  0.69999999E+00  0.99999731E+03
  0.45000000E+01  0.50000000E+00  0.00000000E+00  0.00000000E+00  0.10000000E+04  0.00000000E+00  0.12500000E+03  0.25740283E-38  0.69999999E+00  0.10000000E+04
  0.42500000E+01  0.25000000E+00  0.00000000E+00  0.00000000E+00  0.10000018E+04  0.35083482E+01  0.12500000E+03 -0.74084828E-05  0.69999999E+00  0.10000000E+04
  0.45000000E+01  0.10000000E+01  0.00000000E+00  0.00000000E+00  0.10000000E+04  0.00000000E+00  0.12500000E+03 -0.22420775E-41  0.69999999E+00  0.10000000E+04
  0.42500000E+01  0.75000000E+00  0.00000000E+00  0.00000000E+00  0.10000916E+04  0.17967581E+03  0.12500000E+03 -0.20269325E-04  0.69999999E+00  0.10000000E+04
  0.45000000E+01  0.15000000E+01  0.00000000E+00  0.00000000E+00  0.10000000E+04  0.00000000E+00  0.12500000E+03 -0.78360610E-41  0.69999999E+00  0.10000000E+04
  0.42500000E+01  0.12500000E+01  0.00000000E+00  0.00000000E+00  0.10000066E+04  0.12864128E+02  0.12500000E+03  0.64903998E-05  0.69999999E+00  0.10000000E+04
  0.45000000E+01  0.20000000E+01  0.00000000E+00  0.00000000E+00  0.10000000E+04  0.00000000E+00  0.12500000E+03  0.76006429E-41  0.69999999E+00  0.10000000E+04
  0.42500000E+01  0.17500000E+01  0.00000000E+00  0.00000000E+00  0.10000031E+04  0.60811610E+01  0.12500000E+03 -0.35628464E-05  0.69999999E+00  0.10000000E+04
  0.50000000E+01  0.50000000E+00  0.00000000E+00  0.00000000E+00  0.10000000E+04  0.00000000E+00  0.12500000E+03  0.11883011E-41  0.69999999E+00  0.10000000E+04
  0.47500000E+01  0.25000000E+00  0.00000000E+00  0.00000000E+00  0.10000000E+04  0.00000000E+00  0.12500000E+03  0.86414993E-39  0.69999999E+00  0.10000000E+04
  0.50000000E+01  0.10000000E+01  0.00000000E+00  0.00000000E+00  0.10000000E+04  0.00000000E+00  0.12500000E+03 -0.00000000E+00  0.69999999E+00  0.10000000E+04
  0.47500000E+01  0.75000000E+00  0.00000000E+00  0.00000000E+00  0.10000000E+04  0.00000000E+00  0.12500000E+03  0.13284309E-41  0.69999999E+00  0.10000000E+04
  0.50000000E+01  0.15000000E+01  0.00000000E+00  0.00000000E+00  0.10000000E+04  0.00000000E+00  0.12500000E+03 -0.56107991E-41  0.69999999E+00  0.10000000E+04
  0.47500000E+01  0.12500000E+01  0.00000000E+00  0.00000000E+00  0.10000000E+04  0.00000000E+00  0.12500000E+03 -0.54454458E-41  0.69999999E+00  0.10000000E+04
  0.50000000E+01  0.20000000E+01  0.00000000E+00  0.00000000E+00  0.10000000E+04  0.00000000E+00  0.12500000E+03  0.53277368E-41  0.69999999E+00  0.10000000E+04
  0.47500000E+01  0.17500000E+01  0.00000000E+00  0.00000000E+00  0.10000000E+04  0.00000000E+00  0.12500000E+03 -0.00000000E+00  0.69999999E+00  0.10000000E+04
  0.27510068E+01  0.83360815E+00  0.46041691E+00  0.21312729E+00  0.10044850E+04  0.89188799E+04  0.12576698E+03  0.12576656E+03  0.10000000E+01  0.00000000E+00
  0.81408465E+00  0.12717270E+01  0.66777283E+00  0.63585830E+00  0.10110814E+04  0.22478111E+05  0.12561582E+03  0.12561256E+03  0.10000000E+01  0.00000000E+00
  0.17186584E+01  0.96375811E+00  0.17865039E+00 -0.36692679E+00  0.10119597E+04  0.24323758E+05  0.12546356E+03  0.12546323E+03  0.10000000E+01  0.00000000E+00
  0.22962220E+01  0.17118404E+01  0.20662899E+01  0.66575181E+00  0.10068609E+04  0.13741244E+05  0.12531018E+03  0.12531027E+03  0.10000000E+01  0.00000000E+00
  0.27906060E+01  0.14944874E+01 -0.13948876E+00  0.65896153E+00  0.10080875E+04  0.16257929E+05  0.12515567E+03  0.12515567E+03  0.10000000E+01  0.00000000E+00
  0.24575663E+01  0.16628718E+01  0.11704857E+01  0.88114440E+00  0.99999292E+03 -0.13916078E+02  0.12500000E+03  0.12500000E+03  0.10000000E+01  0.00000000E+00
  0.28193736E+01  0.91575003E+00 -0.27255929E+00  0.69396958E-01  0.10039679E+04  0.78782681E+04  0.12576698E+03  0.12575461E+03  0.10000000E+01  0.00000000E+00
  0.84338355E+00  0.10062528E+01  0.63309568E+00 -0.53441513E+00  0.10044865E+04  0.89220029E+04  0.12561582E+03  0.12560624E+03  0.10000000E+01  0.00000000E+00
  0.10001574E+01  0.90342677E+00 -0.52375644E+00  0.25343949E+00  0.10104017E+04  0.21056184E+05  0.12546356E+03  0.12546037E+03  0.10000000E+01  0.00000000E+00
  0.28455184E+01  0.12243584E+01 -0.13222691E-01 -0.31514525E+00  0.10047460E+04  0.94452051E+04  0.12531018E+03  0.12531038E+03  0.10000000E+01  0.00000000E+00
  0.12153636E+01  0.90032303E+00  0.32455909E+00  0.46847358E-01  0.10090447E+04  0.18234678E+05  0.12515567E+03  0.12515535E+03  0.10000000E+01  0.00000000E+00
  0.73765528E+00  0.82644808E+00  0.16667521E+00  0.17259640E+00  0.10140397E+04  0.28733750E+05  0.12500000E+03  0.12500000E+03  0.10000000E+01  0.00000000E+00
  0.21338027E+01  0.10124239E+01 -0.77511087E-01 -0.72449073E-01  0.10069327E+04  0.13888217E+05  0.12576698E+03  0.12575644E+03  0.10000000E+01  0.00000000E+00
  0.27721193E+01  0.86217153E+00 -0.12246121E+00  0.13144389E+00  0.10036872E+04  0.73146890E+04  0.12561582E+03  0.12561059E+03  0.10000000E+01  0.00000000E+00
  0.26951141E+01  0.13914648E+01  0.15094355E+00  0.22420031E+00  0.10024641E+04  0.48703623E+04  0.12546356E+03  0.12546005E+03  0.10000000E+01  0.00000000E+00
  0.16880524E+01  0.96694863E+00 -0.76744080E+00 -0.77105236E+00  0.10209596E+04  0.43800762E+05  0.12531018E+03  0.12531018E+03  0.10000000E+01  0.00000000E+00
  0.29617147E+01  0.82867813E+00 -0.79204077E+00 -0.87827021E+00  0.10084781E+04  0.17063270E+05  0.12515567E+03  0.12515553E+03  0.10000000E+01  0.00000000E+00
  0.10545809E+01  0.15108707E+01 -0.30833119E+00 -0.62741324E-01  0.10092829E+04  0.18728277E+05  0.12500000E+03  0.12499995E+03  0.10000000E+01  0.00000000E+00
  0.87464523E+00  0.14109179E+01 -0.10738856E+00 -0.29775247E-01  0.10076484E+04  0.15354798E+05  0.12576698E+03  0.12576566E+03  0.10000000E+01  0.00000000E+00
  0.25274191E+01  0.93038177E+00 -0.10809213E+01  0.90510219E+00  0.10013419E+04  0.26432717E+04  0.12561582E+03  0.12561228E+03  0.10000000E+01  0.00000000E+00
  0.16737211E+01  0.12203388E+01 -0.41829401E+00 -0.57113218E+00  0.98381848E+03 -0.30247857E+05  0.12546356E+03  0.12546202E+03  0.10000000E+01  0.00000000E+00
  0.22424529E+01  0.99044335E+00  0.21629459E+00 -0.73133123E+00  0.10078785E+04  0.15827888E+05  0.12531018E+03  0.12530890E+03  0.10000000E+01  0.00000000E+00
  0.19445540E+01  0.18390574E+01  0.11135113E+01 -0.68579984E+00  0.10004720E+04  0.92751172E+03  0.12515567E+03  0.12515567E+03  0.10000000E+01  0.00000000E+00
  0.14841778E+01  0.88722980E+00  0.78698683E+00 -0.32944459E+00  0.10100569E+04  0.20336938E+05  0.12500000E+03  0.12500012E+03  0.10000000E+01  0.00000000E+00
  0.10463965E+01  0.15133300E+01  0.60120575E-01 -0.55484667E-01  0.10080606E+04  0.16202457E+05  0.12561582E+03  0.12561393E+03  0.10000000E+01  0.00000000E+00
  0.17612590E+01  0.18116994E+01  0.75443578E+00 -0.14807274E+01  0.99627820E+03 -0.72210933E+04  0.12531018E+03  0.12531004E+03  0.10000000E+01  0.00000000E+00
  0.20868280E+01  0.20710223E+01  0.39254069E+00 -0.71941108E-01  0.99675647E+03 -0.63021699E+04  0.12500000E+03  0.12500000E+03  0.10000000E+01  0.00000000E+00
