  0.00000000E+00  0.00000000E+00  0.00000000E+00  0.00000000E+00  0.10008649E+04  0.17012710E+04  0.12500000E+03  0.18223706E-02  0.69999999E+00  0.99999792E+03
  0.00000000E+00  0.50000000E+00  0.00000000E+00  0.00000000E+00  0.10022548E+04  0.44538052E+04  0.12500000E+03  0.11935921E-02  0.69999999E+00  0.99999866E+03
  0.00000000E+00  0.10000000E+01  0.00000000E+00  0.00000000E+00  0.10154983E+04  0.31858516E+05  0.12500000E+03  0.21382675E-02  0.69999999E+00  0.99999750E+03
  0.00000000E+00  0.15000000E+01  0.00000000E+00  0.00000000E+00  0.10585305E+04  0.13708772E+06  0.12500000E+03  0.83422929E-03  0.69999999E+00  0.99999896E+03
  0.00000000E+00  0.20000000E+01  0.00000000E+00  0.00000000E+00  0.10223059E+04  0.46804258E+05  0.12500000E+03 -0.50992612E-03  0.69999999E+00  0.10000006E+04
  0.00000000E+00  0.25000000E+01  0.00000000E+00  0.00000000E+00  0.10002655E+04  0.52128497E+03  0.12500000E+03  0.91784554E-04  0.69999999E+00  0.99999988E+03
  0.00000000E+00  0.30000000E+01  0.00000000E+00  0.00000000E+00  0.10000000E+04  0.00000000E+00  0.12500000E+03  0.00000000E+00  0.69999999E+00  0.10000000E+04
  0.00000000E+00  0.35000000E+01  0.00000000E+00  0.00000000E+00  0.10000000E+04  0.00000000E+00  0.12500000E+03  0.00000000E+00  0.69999999E+00  0.10000000E+04
  0.00000000E+00  0.40000000E+01  0.00000000E+00  0.00000000E+00  0.10000000E+04  0.00000000E+00  0.12500000E+03  0.00000000E+00  0.69999999E+00  0.10000000E+04
 -0.25000000E+00 -0.25000000E+00  0.00000000E+00  0.00000000E+00  0.10006414E+04  0.12607445E+04  0.12500000E+03  0.52005530E-03  0.69999999E+00  0.99999939E+03
 -0.25000000E+00  0.25000000E+00  0.00000000E+00  0.00000000E+00  0.10011429E+04  0.22502283E+04  0.12500000E+03  0.72317623E-03  0.69999999E+00  0.99999915E+03
 -0.25000000E+00  0.75000000E+00  0.00000000E+00  0.00000000E+00  0.10006598E+04  0.12971389E+04  0.12500000E+03 -0.33976256E-04  0.69999999E+00  0.10000001E+04
 -0.25000000E+00  0.12500000E+01  0.00000000E+00  0.00000000E+00  0.10035408E+04  0.70211895E+04  0.12500000E+03  0.71250537E-03  0.69999999E+00  0.99999921E+03
 -0.25000000E+00  0.17500000E+01  0.00000000E+00  0.00000000E+00  0.10022303E+04  0.44054463E+04  0.12500000E+03 -0.16094794E-03  0.69999999E+00  0.10000002E+04
 -0.25000000E+00  0.22500000E+01  0.00000000E+00  0.00000000E+00  0.10004763E+04  0.93595569E+03  0.12500000E+03 -0.70078677E-04  0.69999999E+00  0.10000001E+04
 -0.25000000E+00  0.27500000E+01  0.00000000E+00  0.00000000E+00  0.10000000E+04  0.00000000E+00  0.12500000E+03  0.00000000E+00  0.69999999E+00  0.10000000E+04
 -0.25000000E+00  0.32500000E+01  0.00000000E+00  0.00000000E+00  0.10000000E+04  0.00000000E+00  0.12500000E+03  0.00000000E+00  0.69999999E+00  0.10000000E+04
 -0.25000000E+00  0.37500000E+01  0.00000000E+00  0.00000000E+00  0.10000000E+04  0.00000000E+00  0.12500000E+03  0.00000000E+00  0.69999999E+00  0.10000000E+04
  0.80000000E+01  0.00000000E+00  0.00000000E+00  0.00000000E+00  0.10000000E+04  0.00000000E+00  0.12500000E+03  0.00000000E+00  0.69999999E+00  0.10000000E+04
  0.80000000E+01  0.50000000E+00  0.00000000E+00  0.00000000E+00  0.10000000E+04  0.00000000E+00  0.12500000E+03  0.00000000E+00  0.69999999E+00  0.10000000E+04
  0.80000000E+01  0.10000000E+01  0.00000000E+00  0.00000000E+00  0.10000000E+04  0.00000000E+00  0.12500000E+03  0.00000000E+00  0.69999999E+00  0.10000000E+04
  0.80000000E+01  0.15000000E+01  0.00000000E+00  0.00000000E+00  0.10000000E+04  0.00000000E+00  0.12500000E+03  0.00000000E+00  0.69999999E+00  0.10000000E+04
  0.80000000E+01  0.20000000E+01  0.00000000E+00  0.00000000E+00  0.10000000E+04  0.00000000E+00  0.12500000E+03  0.00000000E+00  0.69999999E+00  0.10000000E+04
  0.80000000E+01  0.25000000E+01  0.00000000E+00  0.00000000E+00  0.10000000E+04  0.00000000E+00  0.12500000E+03  0.00000000E+00  0.69999999E+00  0.10000000E+04
  0.80000000E+01  0.30000000E+01  0.00000000E+00  0.00000000E+00  0.10000000E+04  0.00000000E+00  0.12500000E+03  0.00000000E+00  0.69999999E+00  0.10000000E+04
  0.80000000E+01  0.35000000E+01  0.00000000E+00  0.00000000E+00  0.10000000E+04  0.00000000E+00  0.12500000E+03  0.00000000E+00  0.69999999E+00  0.10000000E+04
  0.80000000E+01  0.40000000E+01  0.00000000E+00  0.00000000E+00  0.10000000E+04  0.00000000E+00  0.12500000E+03  0.00000000E+00  0.69999999E+00  0.10000000E+04
  0.82500000E+01 -0.25000000E+00  0.00000000E+00  0.00000000E+00  0.10000000E+04  0.00000000E+00  0.12500000E+03  0.00000000E+00  0.69999999E+00  0.10000000E+04
  0.82500000E+01  0.25000000E+00  0.00000000E+00  0.00000000E+00  0.10000000E+04  0.00000000E+00  0.12500000E+03  0.00000000E+00  0.69999999E+00  0.10000000E+04
  0.82500000E+01  0.75000000E+00  0.00000000E+00  0.00000000E+00  0.10000000E+04  0.00000000E+00  0.12500000E+03  0.00000000E+00  0.69999999E+00  0.10000000E+04
  0.82500000E+01  0.12500000E+01  0.00000000E+00  0.00000000E+00  0.10000000E+04  0.00000000E+00  0.12500000E+03  0.00000000E+00  0.69999999E+00  0.10000000E+04
  0.82500000E+01  0.17500000E+01  0.00000000E+00  0.00000000E+00  0.10000000E+04  0.00000000E+00  0.12500000E+03  0.00000000E+00  0.69999999E+00  0.10000000E+04
  0.82500000E+01  0.22500000E+01  0.00000000E+00  0.00000000E+00  0.10000000E+04  0.00000000E+00  0.12500000E+03  0.00000000E+00  0.69999999E+00  0.10000000E+04
  0.82500000E+01  0.27500000E+01  0.00000000E+00  0.00000000E+00  0.10000000E+04  0.00000000E+00  0.12500000E+03  0.00000000E+00  0.69999999E+00  0.10000000E+04
  0.82500000E+01  0.32500000E+01  0.00000000E+00  0.00000000E+00  0.10000000E+04  0.00000000E+00  0.12500000E+03  0.00000000E+00  0.69999999E+00  0.10000000E+04
  0.82500000E+01  0.37500000E+01  0.00000000E+00  0.00000000E+00  0.10000000E+04  0.00000000E+00  0.12500000E+03  0.00000000E+00  0.69999999E+00  0.10000000E+04
  0.50000000E+00  0.00000000E+00  0.00000000E+00  0.00000000E+00  0.10215707E+04  0.45161016E+05  0.12500000E+03  0.86082108E-02  0.69999999E+00  0.99998993E+03
  0.10000000E+01  0.00000000E+00  0.00000000E+00  0.00000000E+00  0.10352137E+04  0.76831734E+05  0.12500000E+03  0.31160899E-02  0.69999999E+00  0.99999634E+03
  0.15000000E+01  0.00000000E+00  0.00000000E+00  0.00000000E+00  0.10540725E+04  0.12493752E+06  0.12500000E+03  0.15142473E-01  0.69999999E+00  0.99998175E+03
  0.20000000E+01  0.00000000E+00  0.00000000E+00  0.00000000E+00  0.11835461E+04  0.63150975E+06  0.12500000E+03  0.16823398E-01  0.69999999E+00  0.99997723E+03
  0.25000000E+01  0.00000000E+00  0.00000000E+00  0.00000000E+00  0.10458934E+04  0.10343302E+06  0.12500000E+03  0.90156368E-03  0.69999999E+00  0.99999890E+03
  0.30000000E+01  0.00000000E+00  0.00000000E+00  0.00000000E+00  0.10201478E+04  0.42001180E+05  0.12500000E+03  0.30231255E-02  0.69999999E+00  0.99999646E+03
  0.35000000E+01  0.00000000E+00  0.00000000E+00  0.00000000E+00  0.10119045E+04  0.24207730E+05  0.12500000E+03  0.12444456E-02  0.69999999E+00  0.99999854E+03
  0.40000000E+01  0.00000000E+00  0.00000000E+00  0.00000000E+00  0.10000131E+04  0.25728762E+02  0.12500000E+03 -0.50405528E-04  0.69999999E+00  0.10000001E+04
  0.45000000E+01  0.00000000E+00  0.00000000E+00  0.00000000E+00  0.10000000E+04  0.00000000E+00  0.12500000E+03  0.00000000E+00  0.69999999E+00  0.10000000E+04
  0.50000000E+01  0.00000000E+00  0.00000000E+00  0.00000000E+00  0.10000000E+04  0.00000000E+00  0.12500000E+03  0.00000000E+00  0.69999999E+00  0.10000000E+04
  0.55000000E+01  0.00000000E+00  0.00000000E+00  0.00000000E+00  0.10000000E+04  0.00000000E+00  0.12500000E+03  0.00000000E+00  0.69999999E+00  0.10000000E+04
  0.60000000E+01  0.00000000E+00  0.00000000E+00  0.00000000E+00  0.10000000E+04  0.00000000E+00  0.12500000E+03  0.00000000E+00  0.69999999E+00  0.10000000E+04
  0.65000000E+01  0.00000000E+00  0.00000000E+00  0.00000000E+00  0.10000000E+04  0.00000000E+00  0.12500000E+03  0.00000000E+00  0.69999999E+00  0.10000000E+04
  0.70000000E+01  0.00000000E+00  0.00000000E+00  0.00000000E+00  0.10000000E+04  0.00000000E+00  0.12500000E+03  0.00000000E+00  0.69999999E+00  0.10000000E+04
  0.75000000E+01  0.00000000E+00  0.00000000E+00  0.00000000E+00  0.10000000E+04  0.00000000E+00  0.12500000E+03  0.00000000E+00  0.69999999E+00  0.10000000E+04
  0.25000000E+00 -0.25000000E+00  0.00000000E+00  0.00000000E+00  0.10052322E+04  0.10428154E+05  0.12500000E+03  0.27088579E-02  0.69999999E+00  0.99999689E+03
  0.75000000E+00 -0.25000000E+00  0.00000000E+00  0.00000000E+00  0.10223309E+04  0.46860062E+05  0.12500000E+03  0.65820194E-02  0.69999999E+00  0.99999231E+03
  0.12500000E+01 -0.25000000E+00  0.00000000E+00  0.00000000E+00  0.10118029E+04  0.23993605E+05  0.12500000E+03  0.52326415E-02  0.69999999E+00  0.99999396E+03
  0.17500000E+01 -0.25000000E+00  0.00000000E+00  0.00000000E+00  0.10174624E+04  0.36109180E+05  0.12500000E+03  0.80956630E-02  0.69999999E+00  0.99999060E+03
  0.22500000E+01 -0.25000000E+00  0.00000000E+00  0.00000000E+00  0.10031216E+04  0.61822632E+04  0.12500000E+03  0.71113445E-02  0.69999999E+00  0.99999182E+03
  0.27500000E+01 -0.25000000E+00  0.00000000E+00  0.00000000E+00  0.10038390E+04  0.76194546E+04  0.12500000E+03  0.10591077E-02  0.69999999E+00  0.99999878E+03
  0.32500000E+01 -0.25000000E+00  0.00000000E+00  0.00000000E+00  0.10067397E+04  0.13493751E+05  0.12500000E+03  0.13931529E-02  0.69999999E+00  0.99999841E+03
  0.37500000E+01 -0.25000000E+00  0.00000000E+00  0.00000000E+00  0.10000087E+04  0.17074316E+02  0.12500000E+03 -0.12900142E-03  0.69999999E+00  0.10000001E+04
  0.42500000E+01 -0.25000000E+00  0.00000000E+00  0.00000000E+00  0.10000000E+04  0.00000000E+00  0.12500000E+03 -0.26669512E-40  0.69999999E+00  0.10000000E+04
  0.47500000E+01 -0.25000000E+00  0.00000000E+00  0.00000000E+00  0.10000000E+04  0.00000000E+00  0.12500000E+03  0.00000000E+00  0.69999999E+00  0.10000000E+04
  0.52500000E+01 -0.25000000E+00  0.00000000E+00  0.00000000E+00  0.10000000E+04  0.00000000E+00  0.12500000E+03  0.00000000E+00  0.69999999E+00  0.10000000E+04
  0.57500000E+01 -0.25000000E+00  0.00000000E+00  0.00000000E+00  0.10000000E+04  0.00000000E+00  0.12500000E+03  0.00000000E+00  0.69999999E+00  0.10000000E+04
  0.62500000E+01 -0.25000000E+00  0.00000000E+00  0.00000000E+00  0.10000000E+04  0.00000000E+00  0.12500000E+03  0.00000000E+00  0.69999999E+00  0.10000000E+04
  0.67500000E+01 -0.25000000E+00  0.00000000E+00  0.00000000E+00  0.10000000E+04  0.00000000E+00  0.12500000E+03  0.00000000E+00  0.69999999E+00  0.10000000E+04
  0.72500000E+01 -0.25000000E+00  0.00000000E+00  0.00000000E+00  0.10000000E+04  0.00000000E+00  0.12500000E+03  0.00000000E+00  0.69999999E+00  0.10000000E+04
  0.77500000E+01 -0.25000000E+00  0.00000000E+00  0.00000000E+00  0.10000000E+04  0.00000000E+00  0.12500000E+03  0.00000000E+00  0.69999999E+00  0.10000000E+04
  0.40000000E+01  0.50000000E+00  0.00000000E+00  0.00000000E+00  0.10000620E+04  0.12164471E+03  0.12500000E+03 -0.14673309E-03  0.69999999E+00  0.10000002E+04
  0.37500000E+01  0.25000000E+00  0.00000000E+00  0.00000000E+00  0.10080333E+04  0.16146258E+05  0.12500000E+03 -0.57497906E-03  0.69999999E+00  0.10000007E+04
  0.40000000E+01  0.10000000E+01  0.00000000E+00  0.00000000E+00  0.10011646E+04  0.22928560E+04  0.12500000E+03 -0.46061477E-05  0.69999999E+00  0.10000000E+04
  0.37500000E+01  0.75000000E+00  0.00000000E+00  0.00000000E+00  0.10304427E+04  0.65468859E+05  0.12500000E+03  0.45822893E-03  0.69999999E+00  0.99999945E+03
  0.40000000E+01  0.15000000E+01  0.00000000E+00  0.00000000E+00  0.10022050E+04  0.43549614E+04  0.12500000E+03  0.18941768E-03  0.69999999E+00  0.99999976E+03
  0.37500000E+01  0.12500000E+01  0.00000000E+00  0.00000000E+00  0.10320645E+04  0.69295961E+05  0.12500000E+03  0.50560257E-03  0.69999999E+00  0.99999939E+03
  0.40000000E+01  0.20000000E+01  0.00000000E+00  0.00000000E+00  0.10001263E+04  0.24801595E+03  0.12500000E+03  0.44587992E-04  0.69999999E+00  0.99999994E+03
  0.37500000E+01  0.17500000E+01  0.00000000E+00  0.00000000E+00  0.10269655E+04  0.57383867E+05  0.12500000E+03  0.60030707E-03  0.69999999E+00  0.99999927E+03
  0.45000000E+01  0.50000000E+00  0.00000000E+00  0.00000000E+00  0.10000000E+04  0.00000000E+00  0.12500000E+03  0.00000000E+00  0.69999999E+00  0.10000000E+04
  0.42500000E+01  0.25000000E+00  0.00000000E+00  0.00000000E+00  0.10000018E+04  0.35083482E+01  0.12500000E+03 -0.74084828E-05  0.69999999E+00  0.10000000E+04
  0.45000000E+01  0.10000000E+01  0.00000000E+00  0.00000000E+00  0.10000000E+04  0.00000000E+00  0.12500000E+03  0.00000000E+00  0.69999999E+00  0.10000000E+04
  0.42500000E+01  0.75000000E+00  0.00000000E+00  0.00000000E+00  0.10000934E+04  0.18318608E+03  0.12500000E+03 -0.62608265E-05  0.69999999E+00  0.10000000E+04
  0.45000000E+01  0.15000000E+01  0.00000000E+00  0.00000000E+00  0.10000000E+04  0.00000000E+00  0.12500000E+03  0.00000000E+00  0.69999999E+00  0.10000000E+04
  0.42500000E+01  0.12500000E+01  0.00000000E+00  0.00000000E+00  0.10000045E+04  0.88878889E+01  0.12500000E+03  0.12300108E-04  0.69999999E+00  0.10000000E+04
  0.45000000E+01  0.20000000E+01  0.00000000E+00  0.00000000E+00  0.10000000E+04  0.00000000E+00  0.12500000E+03  0.00000000E+00  0.69999999E+00  0.10000000E+04
  0.42500000E+01  0.17500000E+01  0.00000000E+00  0.00000000E+00  0.10000000E+04  0.00000000E+00  0.12500000E+03  0.00000000E+00  0.69999999E+00  0.10000000E+04
  0.50000000E+01  0.50000000E+00  0.00000000E+00  0.00000000E+00  0.10000000E+04  0.00000000E+00  0.12500000E+03  0.00000000E+00  0.69999999E+00  0.10000000E+04
  0.47500000E+01  0.25000000E+00  0.00000000E+00  0.00000000E+00  0.10000000E+04  0.00000000E+00  0.12500000E+03  0.00000000E+00  0.69999999E+00  0.10000000E+04
  0.50000000E+01  0.10000000E+01  0.00000000E+00  0.00000000E+00  0.10000000E+04  0.00000000E+00  0.12500000E+03  0.00000000E+00  0.69999999E+00  0.10000000E+04
  0.47500000E+01  0.75000000E+00  0.00000000E+00  0.00000000E+00  0.10000000E+04  0.00000000E+00  0.12500000E+03  0.00000000E+00  0.69999999E+00  0.10000000E+04
  0.50000000E+01  0.15000000E+01  0.00000000E+00  0.00000000E+00  0.10000000E+04  0.00000000E+00  0.12500000E+03  0.00000000E+00  0.69999999E+00  0.10000000E+04
  0.47500000E+01  0.12500000E+01  0.00000000E+00  0.00000000E+00  0.10000000E+04  0.00000000E+00  0.12500000E+03  0.00000000E+00  0.69999999E+00  0.10000000E+04
  0.50000000E+01  0.20000000E+01  0.00000000E+00  0.00000000E+00  0.10000000E+04  0.00000000E+00  0.12500000E+03  0.00000000E+00  0.69999999E+00  0.10000000E+04
  0.47500000E+01  0.17500000E+01  0.00000000E+00  0.00000000E+00  0.10000000E+04  0.00000000E+00  0.12500000E+03  0.00000000E+00  0.69999999E+00  0.10000000E+04
  0.19118440E+01  0.12652621E+01  0.36328068E+01  0.17552235E+01  0.97025470E+03 -0.53403055E+05  0.12576698E+03  0.12576674E+03  0.10000000E+01  0.00000000E+00
  0.10511552E+01  0.97417104E+00  0.13180971E+01 -0.35147634E+00  0.10174161E+04  0.36008512E+05  0.12561582E+03  0.12561256E+03  0.10000000E+01  0.00000000E+00
  0.10887278E+01  0.82603359E+00  0.23556156E+01 -0.88543034E+00  0.10167867E+04  0.34641320E+05  0.12546356E+03  0.12546333E+03  0.10000000E+01  0.00000000E+00
  0.96553105E+00  0.14760481E+01  0.36824763E+00  0.80220103E+00  0.10108042E+04  0.21897375E+05  0.12531018E+03  0.12531018E+03  0.10000000E+01  0.00000000E+00
  0.88349581E+00  0.14353092E+01 -0.19360618E+00  0.16303346E+00  0.10098279E+04  0.19860160E+05  0.12515567E+03  0.12515567E+03  0.10000000E+01  0.00000000E+00
  0.24906626E+01  0.16562970E+01  0.19584153E+01  0.33749418E+01  0.99000916E+03 -0.19024250E+05  0.12500000E+03  0.12500000E+03  0.10000000E+01  0.00000000E+00
  0.21422763E+01  0.11307638E+01  0.58953495E+01  0.56963367E+01  0.96256927E+03 -0.65688047E+05  0.12576698E+03  0.12575494E+03  0.10000000E+01  0.00000000E+00
  0.11684839E+01  0.10282722E+01  0.93736190E+00  0.91893654E-02  0.10053655E+04  0.10698065E+05  0.12561582E+03  0.12560624E+03  0.10000000E+01  0.00000000E+00
  0.14696126E+01  0.98811281E+00  0.10075799E+01  0.30765758E+01  0.10008651E+04  0.17017412E+04  0.12546356E+03  0.12546037E+03  0.10000000E+01  0.00000000E+00
  0.11238909E+01  0.80802834E+00  0.32839942E+01 -0.10081505E+01  0.10148881E+04  0.30548121E+05  0.12531018E+03  0.12531038E+03  0.10000000E+01  0.00000000E+00
  0.14072521E+01  0.14291631E+01  0.73177004E+00  0.14926343E+01  0.10004168E+04  0.81869769E+03  0.12515567E+03  0.12515567E+03  0.10000000E+01  0.00000000E+00
  0.80941117E+00  0.15763233E+01 -0.34575051E+00  0.44619930E+00  0.10084126E+04  0.16927973E+05  0.12500000E+03  0.12500000E+03  0.10000000E+01  0.00000000E+00
  0.20721672E+01  0.10276160E+01  0.30751624E+01  0.86377945E+01  0.98849670E+03 -0.21805328E+05  0.12576698E+03  0.12575644E+03  0.10000000E+01  0.00000000E+00
  0.23161032E+01  0.83291841E+00  0.15622866E+01  0.87539082E+01  0.99378162E+03 -0.11975193E+05  0.12561582E+03  0.12561089E+03  0.10000000E+01  0.00000000E+00
  0.26315503E+01  0.73980045E+00 -0.13939947E+01  0.13073018E+01  0.98790887E+03 -0.22879369E+05  0.12546356E+03  0.12546005E+03  0.10000000E+01  0.00000000E+00
  0.24569104E+01  0.80335462E+00  0.44037843E+00 -0.13614267E+00  0.95070990E+03 -0.83525625E+05  0.12531018E+03  0.12531018E+03  0.10000000E+01  0.00000000E+00
  0.28339372E+01  0.61833835E+00 -0.12196387E+01  0.12148952E+01  0.10014986E+04  0.29534656E+04  0.12515567E+03  0.12515559E+03  0.10000000E+01  0.00000000E+00
  0.23336961E+01  0.16381941E+01 -0.63456580E-01  0.33092885E+01  0.97865021E+03 -0.39298820E+05  0.12500000E+03  0.12500000E+03  0.10000000E+01  0.00000000E+00
  0.16164269E+01  0.11002736E+01 -0.17775993E+01  0.46629696E+01  0.98061597E+03 -0.35889934E+05  0.12576698E+03  0.12576566E+03  0.10000000E+01  0.00000000E+00
  0.20789518E+01  0.98102325E+00 -0.59397566E+00  0.95003402E+00  0.90900378E+03 -0.13655128E+06  0.12561582E+03  0.12561221E+03  0.10000000E+01  0.00000000E+00
  0.29163780E+01  0.87826765E+00 -0.64028490E+00  0.88374341E+00  0.10123773E+04  0.25204736E+05  0.12546356E+03  0.12546202E+03  0.10000000E+01  0.00000000E+00
  0.28336067E+01  0.96171665E+00 -0.61821014E+00  0.83645880E+00  0.10111418E+04  0.22604820E+05  0.12531018E+03  0.12530890E+03  0.10000000E+01  0.00000000E+00
  0.26118169E+01  0.17708576E+01  0.10914210E+01  0.23055286E+01  0.10035932E+04  0.71263228E+04  0.12515567E+03  0.12515567E+03  0.10000000E+01  0.00000000E+00
  0.29516368E+01  0.14321203E+01  0.30660188E+00  0.24540025E+00  0.10077465E+04  0.15556597E+05  0.12500000E+03  0.12500012E+03  0.10000000E+01  0.00000000E+00
  0.15505323E+01  0.15587997E+01  0.27407223E+00  0.10064504E+01  0.99902625E+03 -0.19049471E+04  0.12561582E+03  0.12561399E+03  0.10000000E+01  0.00000000E+00
  0.28411617E+01  0.16329380E+01  0.86505711E+00  0.11028666E+01  0.10068034E+04  0.13623809E+05  0.12531018E+03  0.12531004E+03  0.10000000E+01  0.00000000E+00
  0.16898501E+01  0.18789868E+01 -0.11954892E+01  0.34873408E+00  0.97716473E+03 -0.41847703E+05  0.12500000E+03  0.12500000E+03  0.10000000E+01  0.00000000E+00
