  0.00000000E+00  0.00000000E+00  0.00000000E+00  0.00000000E+00  0.10019557E+04  0.38597639E+04  0.12500000E+03  0.20605640E-02  0.69999999E+00  0.99999762E+03
  0.00000000E+00  0.50000000E+00  0.00000000E+00  0.00000000E+00  0.10262881E+04  0.55827680E+05  0.12500000E+03  0.19131287E-02  0.69999999E+00  0.99999774E+03
  0.00000000E+00  0.10000000E+01  0.00000000E+00  0.00000000E+00  0.10198127E+04  0.41260859E+05  0.12500000E+03  0.27673480E-02  0.69999999E+00  0.99999677E+03
  0.00000000E+00  0.15000000E+01  0.00000000E+00  0.00000000E+00  0.10242462E+04  0.51174602E+05  0.12500000E+03  0.95863442E-03  0.69999999E+00  0.99999890E+03
  0.00000000E+00  0.20000000E+01  0.00000000E+00  0.00000000E+00  0.10532869E+04  0.12282819E+06  0.12500000E+03 -0.10223507E-02  0.69999999E+00  0.10000012E+04
  0.00000000E+00  0.25000000E+01  0.00000000E+00  0.00000000E+00  0.10099620E+04  0.20139545E+05  0.12500000E+03  0.27061341E-03  0.69999999E+00  0.99999969E+03
  0.00000000E+00  0.30000000E+01  0.00000000E+00  0.00000000E+00  0.10000000E+04  0.00000000E+00  0.12500000E+03  0.60528782E-05  0.69999999E+00  0.10000000E+04
  0.00000000E+00  0.35000000E+01  0.00000000E+00  0.00000000E+00  0.10000000E+04  0.00000000E+00  0.12500000E+03  0.00000000E+00  0.69999999E+00  0.10000000E+04
  0.00000000E+00  0.40000000E+01  0.00000000E+00  0.00000000E+00  0.10000000E+04  0.00000000E+00  0.12500000E+03  0.00000000E+00  0.69999999E+00  0.10000000E+04
 -0.25000000E+00 -0.25000000E+00  0.00000000E+00  0.00000000E+00  0.10006414E+04  0.12607445E+04  0.12500000E+03  0.52005530E-03  0.69999999E+00  0.99999939E+03
 -0.25000000E+00  0.25000000E+00  0.00000000E+00  0.00000000E+00  0.10013417E+04  0.26430359E+04  0.12500000E+03  0.84228878E-03  0.69999999E+00  0.99999902E+03
 -0.25000000E+00  0.75000000E+00  0.00000000E+00  0.00000000E+00  0.10080028E+04  0.16083443E+05  0.12500000E+03  0.15632305E-03  0.69999999E+00  0.99999982E+03
 -0.25000000E+00  0.12500000E+01  0.00000000E+00  0.00000000E+00  0.10002665E+04  0.52315912E+03  0.12500000E+03  0.88805362E-03  0.69999999E+00  0.99999896E+03
 -0.25000000E+00  0.17500000E+01  0.00000000E+00  0.00000000E+00  0.10022069E+04  0.43587539E+04  0.12500000E+03 -0.29470585E-03  0.69999999E+00  0.10000004E+04
 -0.25000000E+00  0.22500000E+01  0.00000000E+00  0.00000000E+00  0.10021636E+04  0.42724956E+04  0.12500000E+03 -0.13019747E-03  0.69999999E+00  0.10000001E+04
 -0.25000000E+00  0.27500000E+01  0.00000000E+00  0.00000000E+00  0.10000000E+04  0.00000000E+00  0.12500000E+03  0.00000000E+00  0.69999999E+00  0.10000000E+04
 -0.25000000E+00  0.32500000E+01  0.00000000E+00  0.00000000E+00  0.10000000E+04  0.00000000E+00  0.12500000E+03  0.00000000E+00  0.69999999E+00  0.10000000E+04
 -0.25000000E+00  0.37500000E+01  0.00000000E+00  0.00000000E+00  0.10000000E+04  0.00000000E+00  0.12500000E+03  0.00000000E+00  0.69999999E+00  0.10000000E+04
  0.80000000E+01  0.00000000E+00  0.00000000E+00  0.00000000E+00  0.10000000E+04  0.00000000E+00  0.12500000E+03  0.00000000E+00  0.69999999E+00  0.10000000E+04
  0.80000000E+01  0.50000000E+00  0.00000000E+00  0.00000000E+00  0.10000000E+04  0.00000000E+00  0.12500000E+03  0.00000000E+00  0.69999999E+00  0.10000000E+04
  0.80000000E+01  0.10000000E+01  0.00000000E+00  0.00000000E+00  0.10000000E+04  0.00000000E+00  0.12500000E+03  0.00000000E+00  0.69999999E+00  0.10000000E+04
  0.80000000E+01  0.15000000E+01  0.00000000E+00  0.00000000E+00  0.10000000E+04  0.00000000E+00  0.12500000E+03  0.00000000E+00  0.69999999E+00  0.10000000E+04
  0.80000000E+01  0.20000000E+01  0.00000000E+00  0.00000000E+00  0.10000000E+04  0.00000000E+00  0.12500000E+03  0.00000000E+00  0.69999999E+00  0.10000000E+04
  0.80000000E+01  0.25000000E+01  0.00000000E+00  0.00000000E+00  0.10000000E+04  0.00000000E+00  0.12500000E+03  0.00000000E+00  0.69999999E+00  0.10000000E+04
  0.80000000E+01  0.30000000E+01  0.00000000E+00  0.00000000E+00  0.10000000E+04  0.00000000E+00  0.12500000E+03  0.00000000E+00  0.69999999E+00  0.10000000E+04
  0.80000000E+01  0.35000000E+01  0.00000000E+00  0.00000000E+00  0.10000000E+04  0.00000000E+00  0.12500000E+03  0.00000000E+00  0.69999999E+00  0.10000000E+04
  0.80000000E+01  0.40000000E+01  0.00000000E+00  0.00000000E+00  0.10000000E+04  0.00000000E+00  0.12500000E+03  0.00000000E+00  0.69999999E+00  0.10000000E+04
  0.82500000E+01 -0.25000000E+00  0.00000000E+00  0.00000000E+00  0.10000000E+04  0.00000000E+00  0.12500000E+03  0.00000000E+00  0.69999999E+00  0.10000000E+04
  0.82500000E+01  0.25000000E+00  0.00000000E+00  0.00000000E+00  0.10000000E+04  0.00000000E+00  0.12500000E+03  0.00000000E+00  0.69999999E+00  0.10000000E+04
  0.82500000E+01  0.75000000E+00  0.00000000E+00  0.00000000E+00  0.10000000E+04  0.00000000E+00  0.12500000E+03  0.00000000E+00  0.69999999E+00  0.10000000E+04
  0.82500000E+01  0.12500000E+01  0.00000000E+00  0.00000000E+00  0.10000000E+04  0.00000000E+00  0.12500000E+03  0.00000000E+00  0.69999999E+00  0.10000000E+04
  0.82500000E+01  0.17500000E+01  0.00000000E+00  0.00000000E+00  0.10000000E+04  0.00000000E+00  0.12500000E+03  0.00000000E+00  0.69999999E+00  0.10000000E+04
  0.82500000E+01  0.22500000E+01  0.00000000E+00  0.00000000E+00  0.10000000E+04  0.00000000E+00  0.12500000E+03  0.00000000E+00  0.69999999E+00  0.10000000E+04
  0.82500000E+01  0.27500000E+01  0.00000000E+00  0.00000000E+00  0.10000000E+04  0.00000000E+00  0.12500000E+03  0.00000000E+00  0.69999999E+00  0.10000000E+04
  0.82500000E+01  0.32500000E+01  0.00000000E+00  0.00000000E+00  0.10000000E+04  0.00000000E+00  0.12500000E+03  0.00000000E+00  0.69999999E+00  0.10000000E+04
  0.82500000E+01  0.37500000E+01  0.00000000E+00  0.00000000E+00  0.10000000E+04  0.00000000E+00  0.12500000E+03  0.00000000E+00  0.69999999E+00  0.10000000E+04
  0.50000000E+00  0.00000000E+00  0.00000000E+00  0.00000000E+00  0.10438754E+04  0.98280125E+05  0.12500000E+03  0.10010535E-01  0.69999999E+00  0.99998804E+03
  0.10000000E+01  0.00000000E+00  0.00000000E+00  0.00000000E+00  0.10649741E+04  0.15520028E+06  0.12500000E+03  0.48540724E-02  0.69999999E+00  0.99999408E+03
  0.15000000E+01  0.00000000E+00  0.00000000E+00  0.00000000E+00  0.10440349E+04  0.98685523E+05  0.12500000E+03  0.17957374E-01  0.69999999E+00  0.99997858E+03
  0.20000000E+01  0.00000000E+00  0.00000000E+00  0.00000000E+00  0.11397185E+04  0.41985325E+06  0.12500000E+03  0.20300312E-01  0.69999999E+00  0.99997357E+03
  0.25000000E+01  0.00000000E+00  0.00000000E+00  0.00000000E+00  0.10385131E+04  0.84875562E+05  0.12500000E+03  0.37344187E-02  0.69999999E+00  0.99999554E+03
  0.30000000E+01  0.00000000E+00  0.00000000E+00  0.00000000E+00  0.10556367E+04  0.12916583E+06  0.12500000E+03  0.55476092E-02  0.69999999E+00  0.99999329E+03
  0.35000000E+01  0.00000000E+00  0.00000000E+00  0.00000000E+00  0.10062906E+04  0.12577685E+05  0.12500000E+03  0.21040414E-02  0.69999999E+00  0.99999756E+03
  0.40000000E+01  0.00000000E+00  0.00000000E+00  0.00000000E+00  0.10000137E+04  0.26898298E+02  0.12500000E+03 -0.68247195E-04  0.69999999E+00  0.10000001E+04
  0.45000000E+01  0.00000000E+00  0.00000000E+00  0.00000000E+00  0.10000000E+04  0.00000000E+00  0.12500000E+03  0.25419554E-41  0.69999999E+00  0.10000000E+04
  0.50000000E+01  0.00000000E+00  0.00000000E+00  0.00000000E+00  0.10000000E+04  0.00000000E+00  0.12500000E+03 -0.00000000E+00  0.69999999E+00  0.10000000E+04
  0.55000000E+01  0.00000000E+00  0.00000000E+00  0.00000000E+00  0.10000000E+04  0.00000000E+00  0.12500000E+03  0.00000000E+00  0.69999999E+00  0.10000000E+04
  0.60000000E+01  0.00000000E+00  0.00000000E+00  0.00000000E+00  0.10000000E+04  0.00000000E+00  0.12500000E+03  0.00000000E+00  0.69999999E+00  0.10000000E+04
  0.65000000E+01  0.00000000E+00  0.00000000E+00  0.00000000E+00  0.10000000E+04  0.00000000E+00  0.12500000E+03  0.00000000E+00  0.69999999E+00  0.10000000E+04
  0.70000000E+01  0.00000000E+00  0.00000000E+00  0.00000000E+00  0.10000000E+04  0.00000000E+00  0.12500000E+03  0.00000000E+00  0.69999999E+00  0.10000000E+04
  0.75000000E+01  0.00000000E+00  0.00000000E+00  0.00000000E+00  0.10000000E+04  0.00000000E+00  0.12500000E+03  0.00000000E+00  0.69999999E+00  0.10000000E+04
  0.25000000E+00 -0.25000000E+00  0.00000000E+00  0.00000000E+00  0.10056669E+04  0.11309178E+05  0.12500000E+03  0.29187063E-02  0.69999999E+00  0.99999664E+03
  0.75000000E+00 -0.25000000E+00  0.00000000E+00  0.00000000E+00  0.10258484E+04  0.54821078E+05  0.12500000E+03  0.74018710E-02  0.69999999E+00  0.99999133E+03
  0.12500000E+01 -0.25000000E+00  0.00000000E+00  0.00000000E+00  0.10128651E+04  0.26236611E+05  0.12500000E+03  0.59572756E-02  0.69999999E+00  0.99999310E+03
  0.17500000E+01 -0.25000000E+00  0.00000000E+00  0.00000000E+00  0.10165439E+04  0.34115480E+05  0.12500000E+03  0.92489012E-02  0.69999999E+00  0.99998926E+03
  0.22500000E+01 -0.25000000E+00  0.00000000E+00  0.00000000E+00  0.10026497E+04  0.52401494E+04  0.12500000E+03  0.84712375E-02  0.69999999E+00  0.99999030E+03
  0.27500000E+01 -0.25000000E+00  0.00000000E+00  0.00000000E+00  0.10118629E+04  0.24119855E+05  0.12500000E+03  0.25724389E-02  0.69999999E+00  0.99999701E+03
  0.32500000E+01 -0.25000000E+00  0.00000000E+00  0.00000000E+00  0.10024127E+04  0.47680728E+04  0.12500000E+03  0.21169428E-02  0.69999999E+00  0.99999756E+03
  0.37500000E+01 -0.25000000E+00  0.00000000E+00  0.00000000E+00  0.10000070E+04  0.13565822E+02  0.12500000E+03 -0.15635355E-03  0.69999999E+00  0.10000002E+04
  0.42500000E+01 -0.25000000E+00  0.00000000E+00  0.00000000E+00  0.10000000E+04  0.00000000E+00  0.12500000E+03 -0.68156691E-38  0.69999999E+00  0.10000000E+04
  0.47500000E+01 -0.25000000E+00  0.00000000E+00  0.00000000E+00  0.10000000E+04  0.00000000E+00  0.12500000E+03 -0.22644983E-41  0.69999999E+00  0.10000000E+04
  0.52500000E+01 -0.25000000E+00  0.00000000E+00  0.00000000E+00  0.10000000E+04  0.00000000E+00  0.12500000E+03  0.00000000E+00  0.69999999E+00  0.10000000E+04
  0.57500000E+01 -0.25000000E+00  0.00000000E+00  0.00000000E+00  0.10000000E+04  0.00000000E+00  0.12500000E+03  0.00000000E+00  0.69999999E+00  0.10000000E+04
  0.62500000E+01 -0.25000000E+00  0.00000000E+00  0.00000000E+00  0.10000000E+04  0.00000000E+00  0.12500000E+03  0.00000000E+00  0.69999999E+00  0.10000000E+04
  0.67500000E+01 -0.25000000E+00  0.00000000E+00  0.00000000E+00  0.10000000E+04  0.00000000E+00  0.12500000E+03  0.00000000E+00  0.69999999E+00  0.10000000E+04
  0.72500000E+01 -0.25000000E+00  0.00000000E+00  0.00000000E+00  0.10000000E+04  0.00000000E+00  0.12500000E+03  0.00000000E+00  0.69999999E+00  0.10000000E+04
  0.77500000E+01 -0.25000000E+00  0.00000000E+00  0.00000000E+00  0.10000000E+04  0.00000000E+00  0.12500000E+03  0.00000000E+00  0.69999999E+00  0.10000000E+04
  0.40000000E+01  0.50000000E+00  0.00000000E+00  0.00000000E+00  0.10008522E+04  0.16763508E+04  0.12500000E+03 -0.22652982E-03  0.69999999E+00  0.10000002E+04
  0.37500000E+01  0.25000000E+00  0.00000000E+00  0.00000000E+00  0.10032544E+04  0.64478389E+04  0.12500000E+03 -0.95063756E-03  0.69999999E+00  0.10000011E+04
  0.40000000E+01  0.10000000E+01  0.00000000E+00  0.00000000E+00  0.10038766E+04  0.76948516E+04  0.12500000E+03 -0.79521589E-04  0.69999999E+00  0.10000001E+04
  0.37500000E+01  0.75000000E+00  0.00000000E+00  0.00000000E+00  0.10435078E+04  0.97348125E+05  0.12500000E+03  0.73936034E-03  0.69999999E+00  0.99999915E+03
  0.40000000E+01  0.15000000E+01  0.00000000E+00  0.00000000E+00  0.10011241E+04  0.22130220E+04  0.12500000E+03  0.22399303E-03  0.69999999E+00  0.99999976E+03
  0.37500000E+01  0.12500000E+01  0.00000000E+00  0.00000000E+00  0.10406351E+04  0.90130750E+05  0.12500000E+03  0.47485944E-03  0.69999999E+00  0.99999945E+03
  0.40000000E+01  0.20000000E+01  0.00000000E+00  0.00000000E+00  0.10001676E+04  0.32901282E+03  0.12500000E+03  0.20560385E-03  0.69999999E+00  0.99999976E+03
  0.37500000E+01  0.17500000E+01  0.00000000E+00  0.00000000E+00  0.10247925E+04  0.52413926E+05  0.12500000E+03  0.11313455E-02  0.69999999E+00  0.99999866E+03
  0.45000000E+01  0.50000000E+00  0.00000000E+00  0.00000000E+00  0.10000000E+04  0.00000000E+00  0.12500000E+03  0.72082793E-41  0.69999999E+00  0.10000000E+04
  0.42500000E+01  0.25000000E+00  0.00000000E+00  0.00000000E+00  0.10000018E+04  0.35083482E+01  0.12500000E+03 -0.74084828E-05  0.69999999E+00  0.10000000E+04
  0.45000000E+01  0.10000000E+01  0.00000000E+00  0.00000000E+00  0.10000000E+04  0.00000000E+00  0.12500000E+03 -0.00000000E+00  0.69999999E+00  0.10000000E+04
  0.42500000E+01  0.75000000E+00  0.00000000E+00  0.00000000E+00  0.10000944E+04  0.18529227E+03  0.12500000E+03 -0.75637886E-05  0.69999999E+00  0.10000000E+04
  0.45000000E+01  0.15000000E+01  0.00000000E+00  0.00000000E+00  0.10000000E+04  0.00000000E+00  0.12500000E+03  0.00000000E+00  0.69999999E+00  0.10000000E+04
  0.42500000E+01  0.12500000E+01  0.00000000E+00  0.00000000E+00  0.10000066E+04  0.12864128E+02  0.12500000E+03  0.34267537E-05  0.69999999E+00  0.10000000E+04
  0.45000000E+01  0.20000000E+01  0.00000000E+00  0.00000000E+00  0.10000000E+04  0.00000000E+00  0.12500000E+03  0.00000000E+00  0.69999999E+00  0.10000000E+04
  0.42500000E+01  0.17500000E+01  0.00000000E+00  0.00000000E+00  0.10000031E+04  0.60811610E+01  0.12500000E+03  0.28991612E-05  0.69999999E+00  0.10000000E+04
  0.50000000E+01  0.50000000E+00  0.00000000E+00  0.00000000E+00  0.10000000E+04  0.00000000E+00  0.12500000E+03  0.00000000E+00  0.69999999E+00  0.10000000E+04
  0.47500000E+01  0.25000000E+00  0.00000000E+00  0.00000000E+00  0.10000000E+04  0.00000000E+00  0.12500000E+03  0.22280646E-41  0.69999999E+00  0.10000000E+04
  0.50000000E+01  0.10000000E+01  0.00000000E+00  0.00000000E+00  0.10000000E+04  0.00000000E+00  0.12500000E+03  0.00000000E+00  0.69999999E+00  0.10000000E+04
  0.47500000E+01  0.75000000E+00  0.00000000E+00  0.00000000E+00  0.10000000E+04  0.00000000E+00  0.12500000E+03  0.00000000E+00  0.69999999E+00  0.10000000E+04
  0.50000000E+01  0.15000000E+01  0.00000000E+00  0.00000000E+00  0.10000000E+04  0.00000000E+00  0.12500000E+03 -0.00000000E+00  0.69999999E+00  0.10000000E+04
  0.47500000E+01  0.12500000E+01  0.00000000E+00  0.00000000E+00  0.10000000E+04  0.00000000E+00  0.12500000E+03 -0.00000000E+00  0.69999999E+00  0.10000000E+04
  0.50000000E+01  0.20000000E+01  0.00000000E+00  0.00000000E+00  0.10000000E+04  0.00000000E+00  0.12500000E+03  0.00000000E+00  0.69999999E+00  0.10000000E+04
  0.47500000E+01  0.17500000E+01  0.00000000E+00  0.00000000E+00  0.10000000E+04  0.00000000E+00  0.12500000E+03  0.00000000E+00  0.69999999E+00  0.10000000E+04
  0.26677077E+01  0.96653593E+00  0.26522106E+00  0.24096649E-01  0.99593158E+03 -0.78855000E+04  0.12576698E+03  0.12576674E+03  0.10000000E+01  0.00000000E+00
  0.12572583E+01  0.11021847E+01  0.33503477E-01 -0.64881402E+00  0.98241022E+03 -0.32742527E+05  0.12561582E+03  0.12561256E+03  0.10000000E+01  0.00000000E+00
  0.93012404E+00  0.15061871E+01  0.12249184E+01  0.14190323E+01  0.10048500E+04  0.96553389E+04  0.12546356E+03  0.12546333E+03  0.10000000E+01  0.00000000E+00
  0.12998861E+01  0.18612283E+01  0.22342839E+01 -0.80197477E+00  0.10044965E+04  0.89421855E+04  0.12531018E+03  0.12531027E+03  0.10000000E+01  0.00000000E+00
  0.20262909E+01  0.15212723E+01  0.18562448E+01  0.20488520E+00  0.10078232E+04  0.15714149E+05  0.12515567E+03  0.12515567E+03  0.10000000E+01  0.00000000E+00
  0.24494710E+01  0.15192358E+01  0.14999667E+01 -0.44687578E+00  0.10019887E+04  0.39250850E+04  0.12500000E+03  0.12500000E+03  0.10000000E+01  0.00000000E+00
  0.25573864E+01  0.96583366E+00  0.13438220E+01 -0.11811137E+00  0.99958813E+03 -0.80708740E+03  0.12576698E+03  0.12575494E+03  0.10000000E+01  0.00000000E+00
  0.10951258E+01  0.10446339E+01 -0.86254776E+00 -0.10706279E+01  0.98914246E+03 -0.20621004E+05  0.12561582E+03  0.12560624E+03  0.10000000E+01  0.00000000E+00
  0.98801553E+00  0.16186056E+01 -0.52287984E+00 -0.56221795E+00  0.99318683E+03 -0.13097295E+05  0.12546356E+03  0.12546037E+03  0.10000000E+01  0.00000000E+00
  0.23102438E+01  0.13528761E+01  0.10408852E+01 -0.65491527E+00  0.10089795E+04  0.18099418E+05  0.12531018E+03  0.12531038E+03  0.10000000E+01  0.00000000E+00
  0.90102339E+00  0.10663668E+01  0.39631641E+00 -0.14254506E+01  0.10094162E+04  0.19004781E+05  0.12515567E+03  0.12515567E+03  0.10000000E+01  0.00000000E+00
  0.71644020E+00  0.81719100E+00 -0.10127734E+01 -0.53639400E+00  0.10152988E+04  0.31429646E+05  0.12500000E+03  0.12500000E+03  0.10000000E+01  0.00000000E+00
  0.17908678E+01  0.10872236E+01  0.68795705E+00  0.95509541E+00  0.10064914E+04  0.12986900E+05  0.12576698E+03  0.12575644E+03  0.10000000E+01  0.00000000E+00
  0.21837022E+01  0.11280864E+01 -0.12791178E+00 -0.19359002E+01  0.98890680E+03 -0.21053775E+05  0.12561582E+03  0.12561089E+03  0.10000000E+01  0.00000000E+00
  0.26975875E+01  0.79322529E+00 -0.45896041E+00 -0.25347733E+00  0.10141361E+04  0.28939279E+05  0.12546356E+03  0.12546005E+03  0.10000000E+01  0.00000000E+00
  0.21553538E+01  0.92644107E+00 -0.11887500E+01  0.47632110E+00  0.10182830E+04  0.37899832E+05  0.12531018E+03  0.12531018E+03  0.10000000E+01  0.00000000E+00
  0.27937226E+01  0.70093119E+00 -0.40774554E+00 -0.15964562E+00  0.10141435E+04  0.28955055E+05  0.12515567E+03  0.12515553E+03  0.10000000E+01  0.00000000E+00
  0.92838752E+00  0.18604693E+01  0.16719528E+01  0.72349846E+00  0.10059375E+04  0.11858858E+05  0.12500000E+03  0.12499989E+03  0.10000000E+01  0.00000000E+00
  0.84026420E+00  0.10297810E+01 -0.74641667E-01 -0.72209227E+00  0.10045143E+04  0.89779873E+04  0.12576698E+03  0.12576566E+03  0.10000000E+01  0.00000000E+00
  0.21360869E+01  0.10915082E+01  0.59736371E+00 -0.19884884E+01  0.98041425E+03 -0.36241602E+05  0.12561582E+03  0.12561221E+03  0.10000000E+01  0.00000000E+00
  0.28422675E+01  0.10011969E+01 -0.15271235E+00  0.40941453E+00  0.10087072E+04  0.17536238E+05  0.12546356E+03  0.12546202E+03  0.10000000E+01  0.00000000E+00
  0.15113552E+01  0.95083833E+00  0.38983679E+00  0.10817369E+01  0.99648651E+03 -0.68212793E+04  0.12531018E+03  0.12530890E+03  0.10000000E+01  0.00000000E+00
  0.80253923E+00  0.19654763E+01 -0.42275393E+00 -0.94261134E+00  0.10011191E+04  0.22031323E+04  0.12515567E+03  0.12515567E+03  0.10000000E+01  0.00000000E+00
  0.13004441E+01  0.79009092E+00 -0.24494040E+01 -0.68448329E+00  0.10157091E+04  0.32312543E+05  0.12500000E+03  0.12500012E+03  0.10000000E+01  0.00000000E+00
  0.13188100E+01  0.16917460E+01 -0.31055194E+00  0.95636666E+00  0.10171364E+04  0.35400156E+05  0.12561582E+03  0.12561399E+03  0.10000000E+01  0.00000000E+00
  0.28858614E+01  0.13727300E+01 -0.80160236E+00  0.17142413E+01  0.10042108E+04  0.83665088E+04  0.12531018E+03  0.12531004E+03  0.10000000E+01  0.00000000E+00
  0.18225892E+01  0.18087194E+01  0.23472276E+01 -0.90098631E+00  0.10057997E+04  0.11579063E+05  0.12500000E+03  0.12500000E+03  0.10000000E+01  0.00000000E+00
