  0.00000000E+00  0.00000000E+00  0.00000000E+00  0.00000000E+00  0.99337756E+03 -0.12737905E+05  0.12500000E+03  0.15079908E-02  0.69999999E+00  0.99999829E+03
  0.00000000E+00  0.50000000E+00  0.00000000E+00  0.00000000E+00  0.10160802E+04  0.33112637E+05  0.12500000E+03  0.82757947E-03  0.69999999E+00  0.99999902E+03
  0.00000000E+00  0.10000000E+01  0.00000000E+00  0.00000000E+00  0.10008320E+04  0.16366235E+04  0.12500000E+03  0.17565682E-02  0.69999999E+00  0.99999799E+03
  0.00000000E+00  0.15000000E+01  0.00000000E+00  0.00000000E+00  0.10335762E+04  0.72896047E+05  0.12500000E+03  0.61112514E-03  0.69999999E+00  0.99999927E+03
  0.00000000E+00  0.20000000E+01  0.00000000E+00  0.00000000E+00  0.10059136E+04  0.11810393E+05  0.12500000E+03 -0.33078218E-03  0.69999999E+00  0.10000004E+04
  0.00000000E+00  0.25000000E+01  0.00000000E+00  0.00000000E+00  0.10002466E+04  0.48403955E+03  0.12500000E+03  0.71152863E-04  0.69999999E+00  0.99999994E+03
  0.00000000E+00  0.30000000E+01  0.00000000E+00  0.00000000E+00  0.10000000E+04  0.00000000E+00  0.12500000E+03  0.00000000E+00  0.69999999E+00  0.10000000E+04
  0.00000000E+00  0.35000000E+01  0.00000000E+00  0.00000000E+00  0.10000000E+04  0.00000000E+00  0.12500000E+03  0.00000000E+00  0.69999999E+00  0.10000000E+04
  0.00000000E+00  0.40000000E+01  0.00000000E+00  0.00000000E+00  0.10000000E+04  0.00000000E+00  0.12500000E+03  0.00000000E+00  0.69999999E+00  0.10000000E+04
 -0.25000000E+00 -0.25000000E+00  0.00000000E+00  0.00000000E+00  0.10010704E+04  0.21068418E+04  0.12500000E+03  0.49739541E-03  0.69999999E+00  0.99999945E+03
 -0.25000000E+00  0.25000000E+00  0.00000000E+00  0.00000000E+00  0.10047831E+04  0.95200488E+04  0.12500000E+03  0.59382856E-03  0.69999999E+00  0.99999933E+03
 -0.25000000E+00  0.75000000E+00  0.00000000E+00  0.00000000E+00  0.10008022E+04  0.15778641E+04  0.12500000E+03 -0.83597814E-04  0.69999999E+00  0.10000001E+04
 -0.25000000E+00  0.12500000E+01  0.00000000E+00  0.00000000E+00  0.10061099E+04  0.12209470E+05  0.12500000E+03  0.55980060E-03  0.69999999E+00  0.99999933E+03
 -0.25000000E+00  0.17500000E+01  0.00000000E+00  0.00000000E+00  0.10001616E+04  0.31730682E+03  0.12500000E+03 -0.11159344E-03  0.69999999E+00  0.10000001E+04
 -0.25000000E+00  0.22500000E+01  0.00000000E+00  0.00000000E+00  0.10004730E+04  0.92938812E+03  0.12500000E+03 -0.62706749E-04  0.69999999E+00  0.10000001E+04
 -0.25000000E+00  0.27500000E+01  0.00000000E+00  0.00000000E+00  0.10000000E+04  0.00000000E+00  0.12500000E+03  0.00000000E+00  0.69999999E+00  0.10000000E+04
 -0.25000000E+00  0.32500000E+01  0.00000000E+00  0.00000000E+00  0.10000000E+04  0.00000000E+00  0.12500000E+03  0.00000000E+00  0.69999999E+00  0.10000000E+04
 -0.25000000E+00  0.37500000E+01  0.00000000E+00  0.00000000E+00  0.10000000E+04  0.00000000E+00  0.12500000E+03  0.00000000E+00  0.69999999E+00  0.10000000E+04
  0.80000000E+01  0.00000000E+00  0.00000000E+00  0.00000000E+00  0.10000000E+04  0.00000000E+00  0.12500000E+03  0.00000000E+00  0.69999999E+00  0.10000000E+04
  0.80000000E+01  0.50000000E+00  0.00000000E+00  0.00000000E+00  0.10000000E+04  0.00000000E+00  0.12500000E+03  0.00000000E+00  0.69999999E+00  0.10000000E+04
  0.80000000E+01  0.10000000E+01  0.00000000E+00  0.00000000E+00  0.10000000E+04  0.00000000E+00  0.12500000E+03  0.00000000E+00  0.69999999E+00  0.10000000E+04
  0.80000000E+01  0.15000000E+01  0.00000000E+00  0.00000000E+00  0.10000000E+04  0.00000000E+00  0.12500000E+03  0.00000000E+00  0.69999999E+00  0.10000000E+04
  0.80000000E+01  0.20000000E+01  0.00000000E+00  0.00000000E+00  0.10000000E+04  0.00000000E+00  0.12500000E+03  0.00000000E+00  0.69999999E+00  0.10000000E+04
  0.80000000E+01  0.25000000E+01  0.00000000E+00  0.00000000E+00  0.10000000E+04  0.00000000E+00  0.12500000E+03  0.00000000E+00  0.69999999E+00  0.10000000E+04
  0.80000000E+01  0.30000000E+01  0.00000000E+00  0.00000000E+00  0.10000000E+04  0.00000000E+00  0.12500000E+03  0.00000000E+00  0.69999999E+00  0.10000000E+04
  0.80000000E+01  0.35000000E+01  0.00000000E+00  0.00000000E+00  0.10000000E+04  0.00000000E+00  0.12500000E+03  0.00000000E+00  0.69999999E+00  0.10000000E+04
  0.80000000E+01  0.40000000E+01  0.00000000E+00  0.00000000E+00  0.10000000E+04  0.00000000E+00  0.12500000E+03  0.00000000E+00  0.69999999E+00  0.10000000E+04
  0.82500000E+01 -0.25000000E+00  0.00000000E+00  0.00000000E+00  0.10000000E+04  0.00000000E+00  0.12500000E+03  0.00000000E+00  0.69999999E+00  0.10000000E+04
  0.82500000E+01  0.25000000E+00  0.00000000E+00  0.00000000E+00  0.10000000E+04  0.00000000E+00  0.12500000E+03  0.00000000E+00  0.69999999E+00  0.10000000E+04
  0.82500000E+01  0.75000000E+00  0.00000000E+00  0.00000000E+00  0.10000000E+04  0.00000000E+00  0.12500000E+03  0.00000000E+00  0.69999999E+00  0.10000000E+04
  0.82500000E+01  0.12500000E+01  0.00000000E+00  0.00000000E+00  0.10000000E+04  0.00000000E+00  0.12500000E+03  0.00000000E+00  0.69999999E+00  0.10000000E+04
  0.82500000E+01  0.17500000E+01  0.00000000E+00  0.00000000E+00  0.10000000E+04  0.00000000E+00  0.12500000E+03  0.00000000E+00  0.69999999E+00  0.10000000E+04
  0.82500000E+01  0.22500000E+01  0.00000000E+00  0.00000000E+00  0.10000000E+04  0.00000000E+00  0.12500000E+03  0.00000000E+00  0.69999999E+00  0.10000000E+04
  0.82500000E+01  0.27500000E+01  0.00000000E+00  0.00000000E+00  0.10000000E+04  0.00000000E+00  0.12500000E+03  0.00000000E+00  0.69999999E+00  0.10000000E+04
  0.82500000E+01  0.32500000E+01  0.00000000E+00  0.00000000E+00  0.10000000E+04  0.00000000E+00  0.12500000E+03  0.00000000E+00  0.69999999E+00  0.10000000E+04
  0.82500000E+01  0.37500000E+01  0.00000000E+00  0.00000000E+00  0.10000000E+04  0.00000000E+00  0.12500000E+03  0.00000000E+00  0.69999999E+00  0.10000000E+04
  0.50000000E+00  0.00000000E+00  0.00000000E+00  0.00000000E+00  0.10131266E+04  0.26791100E+05  0.12500000E+03  0.72664977E-02  0.69999999E+00  0.99999158E+03
  0.10000000E+01  0.00000000E+00  0.00000000E+00  0.00000000E+00  0.10180643E+04  0.37421930E+05  0.12500000E+03  0.25190450E-02  0.69999999E+00  0.99999707E+03
  0.15000000E+01  0.00000000E+00  0.00000000E+00  0.00000000E+00  0.10261504E+04  0.55512152E+05  0.12500000E+03  0.11637514E-01  0.69999999E+00  0.99998639E+03
  0.20000000E+01  0.00000000E+00  0.00000000E+00  0.00000000E+00  0.10064194E+04  0.12840070E+05  0.12500000E+03  0.12419378E-01  0.69999999E+00  0.99998572E+03
  0.25000000E+01  0.00000000E+00  0.00000000E+00  0.00000000E+00  0.10052633E+04  0.10491146E+05  0.12500000E+03  0.67685649E-03  0.69999999E+00  0.99999921E+03
  0.30000000E+01  0.00000000E+00  0.00000000E+00  0.00000000E+00  0.10158936E+04  0.32710057E+05  0.12500000E+03  0.20743001E-02  0.69999999E+00  0.99999762E+03
  0.35000000E+01  0.00000000E+00  0.00000000E+00  0.00000000E+00  0.10016211E+04  0.31961621E+04  0.12500000E+03  0.77912438E-03  0.69999999E+00  0.99999908E+03
  0.40000000E+01  0.00000000E+00  0.00000000E+00  0.00000000E+00  0.10000134E+04  0.26430483E+02  0.12500000E+03 -0.27363869E-04  0.69999999E+00  0.10000001E+04
  0.45000000E+01  0.00000000E+00  0.00000000E+00  0.00000000E+00  0.10000000E+04  0.00000000E+00  0.12500000E+03  0.00000000E+00  0.69999999E+00  0.10000000E+04
  0.50000000E+01  0.00000000E+00  0.00000000E+00  0.00000000E+00  0.10000000E+04  0.00000000E+00  0.12500000E+03  0.00000000E+00  0.69999999E+00  0.10000000E+04
  0.55000000E+01  0.00000000E+00  0.00000000E+00  0.00000000E+00  0.10000000E+04  0.00000000E+00  0.12500000E+03  0.00000000E+00  0.69999999E+00  0.10000000E+04
  0.60000000E+01  0.00000000E+00  0.00000000E+00  0.00000000E+00  0.10000000E+04  0.00000000E+00  0.12500000E+03  0.00000000E+00  0.69999999E+00  0.10000000E+04
  0.65000000E+01  0.00000000E+00  0.00000000E+00  0.00000000E+00  0.10000000E+04  0.00000000E+00  0.12500000E+03  0.00000000E+00  0.69999999E+00  0.10000000E+04
  0.70000000E+01  0.00000000E+00  0.00000000E+00  0.00000000E+00  0.10000000E+04  0.00000000E+00  0.12500000E+03  0.00000000E+00  0.69999999E+00  0.10000000E+04
  0.75000000E+01  0.00000000E+00  0.00000000E+00  0.00000000E+00  0.10000000E+04  0.00000000E+00  0.12500000E+03  0.00000000E+00  0.69999999E+00  0.10000000E+04
  0.25000000E+00 -0.25000000E+00  0.00000000E+00  0.00000000E+00  0.99897461E+03 -0.20056151E+04  0.12500000E+03  0.23064669E-02  0.69999999E+00  0.99999738E+03
  0.75000000E+00 -0.25000000E+00  0.00000000E+00  0.00000000E+00  0.10158016E+04  0.32511889E+05  0.12500000E+03  0.53326306E-02  0.69999999E+00  0.99999384E+03
  0.12500000E+01 -0.25000000E+00  0.00000000E+00  0.00000000E+00  0.99832825E+03 -0.32635334E+04  0.12500000E+03  0.41077295E-02  0.69999999E+00  0.99999530E+03
  0.17500000E+01 -0.25000000E+00  0.00000000E+00  0.00000000E+00  0.10030599E+04  0.60590825E+04  0.12500000E+03  0.60443887E-02  0.69999999E+00  0.99999310E+03
  0.22500000E+01 -0.25000000E+00  0.00000000E+00  0.00000000E+00  0.10143993E+04  0.29501521E+05  0.12500000E+03  0.52170781E-02  0.69999999E+00  0.99999396E+03
  0.27500000E+01 -0.25000000E+00  0.00000000E+00  0.00000000E+00  0.10068751E+04  0.13770487E+05  0.12500000E+03  0.72800287E-03  0.69999999E+00  0.99999915E+03
  0.32500000E+01 -0.25000000E+00  0.00000000E+00  0.00000000E+00  0.10040159E+04  0.79748052E+04  0.12500000E+03  0.88178046E-03  0.69999999E+00  0.99999896E+03
  0.37500000E+01 -0.25000000E+00  0.00000000E+00  0.00000000E+00  0.10000013E+04  0.25727851E+01  0.12500000E+03 -0.59664068E-04  0.69999999E+00  0.10000001E+04
  0.42500000E+01 -0.25000000E+00  0.00000000E+00  0.00000000E+00  0.10000000E+04  0.00000000E+00  0.12500000E+03 -0.92765958E-42  0.69999999E+00  0.10000000E+04
  0.47500000E+01 -0.25000000E+00  0.00000000E+00  0.00000000E+00  0.10000000E+04  0.00000000E+00  0.12500000E+03 -0.00000000E+00  0.69999999E+00  0.10000000E+04
  0.52500000E+01 -0.25000000E+00  0.00000000E+00  0.00000000E+00  0.10000000E+04  0.00000000E+00  0.12500000E+03  0.00000000E+00  0.69999999E+00  0.10000000E+04
  0.57500000E+01 -0.25000000E+00  0.00000000E+00  0.00000000E+00  0.10000000E+04  0.00000000E+00  0.12500000E+03  0.00000000E+00  0.69999999E+00  0.10000000E+04
  0.62500000E+01 -0.25000000E+00  0.00000000E+00  0.00000000E+00  0.10000000E+04  0.00000000E+00  0.12500000E+03  0.00000000E+00  0.69999999E+00  0.10000000E+04
  0.67500000E+01 -0.25000000E+00  0.00000000E+00  0.00000000E+00  0.10000000E+04  0.00000000E+00  0.12500000E+03  0.00000000E+00  0.69999999E+00  0.10000000E+04
  0.72500000E+01 -0.25000000E+00  0.00000000E+00  0.00000000E+00  0.10000000E+04  0.00000000E+00  0.12500000E+03  0.00000000E+00  0.69999999E+00  0.10000000E+04
  0.77500000E+01 -0.25000000E+00  0.00000000E+00  0.00000000E+00  0.10000000E+04  0.00000000E+00  0.12500000E+03  0.00000000E+00  0.69999999E+00  0.10000000E+04
  0.40000000E+01  0.50000000E+00  0.00000000E+00  0.00000000E+00  0.10001036E+04  0.20331239E+03  0.12500000E+03 -0.80708371E-04  0.69999999E+00  0.10000001E+04
  0.37500000E+01  0.25000000E+00  0.00000000E+00  0.00000000E+00  0.10018337E+04  0.36177629E+04  0.12500000E+03 -0.32212940E-03  0.69999999E+00  0.10000004E+04
  0.40000000E+01  0.10000000E+01  0.00000000E+00  0.00000000E+00  0.10005604E+04  0.11013607E+04  0.12500000E+03 -0.13502367E-05  0.69999999E+00  0.10000000E+04
  0.37500000E+01  0.75000000E+00  0.00000000E+00  0.00000000E+00  0.10032808E+04  0.65005498E+04  0.12500000E+03  0.24065711E-03  0.69999999E+00  0.99999969E+03
  0.40000000E+01  0.15000000E+01  0.00000000E+00  0.00000000E+00  0.10008250E+04  0.16225203E+04  0.12500000E+03  0.12422560E-03  0.69999999E+00  0.99999988E+03
  0.37500000E+01  0.12500000E+01  0.00000000E+00  0.00000000E+00  0.10207814E+04  0.43404965E+05  0.12500000E+03  0.34513298E-03  0.69999999E+00  0.99999957E+03
  0.40000000E+01  0.20000000E+01  0.00000000E+00  0.00000000E+00  0.10000315E+04  0.61752430E+02  0.12500000E+03  0.20776821E-04  0.69999999E+00  0.10000000E+04
  0.37500000E+01  0.17500000E+01  0.00000000E+00  0.00000000E+00  0.10133453E+04  0.27255518E+05  0.12500000E+03  0.35852118E-03  0.69999999E+00  0.99999957E+03
  0.45000000E+01  0.50000000E+00  0.00000000E+00  0.00000000E+00  0.10000000E+04  0.00000000E+00  0.12500000E+03  0.00000000E+00  0.69999999E+00  0.10000000E+04
  0.42500000E+01  0.25000000E+00  0.00000000E+00  0.00000000E+00  0.10000018E+04  0.35083482E+01  0.12500000E+03 -0.74084828E-05  0.69999999E+00  0.10000000E+04
  0.45000000E+01  0.10000000E+01  0.00000000E+00  0.00000000E+00  0.10000000E+04  0.00000000E+00  0.12500000E+03  0.00000000E+00  0.69999999E+00  0.10000000E+04
  0.42500000E+01  0.75000000E+00  0.00000000E+00  0.00000000E+00  0.10000936E+04  0.18365413E+03  0.12500000E+03 -0.58616174E-05  0.69999999E+00  0.10000000E+04
  0.45000000E+01  0.15000000E+01  0.00000000E+00  0.00000000E+00  0.10000000E+04  0.00000000E+00  0.12500000E+03  0.00000000E+00  0.69999999E+00  0.10000000E+04
  0.42500000E+01  0.12500000E+01  0.00000000E+00  0.00000000E+00  0.10000045E+04  0.88878889E+01  0.12500000E+03  0.12300108E-04  0.69999999E+00  0.10000000E+04
  0.45000000E+01  0.20000000E+01  0.00000000E+00  0.00000000E+00  0.10000000E+04  0.00000000E+00  0.12500000E+03  0.00000000E+00  0.69999999E+00  0.10000000E+04
  0.42500000E+01  0.17500000E+01  0.00000000E+00  0.00000000E+00  0.10000000E+04  0.00000000E+00  0.12500000E+03  0.00000000E+00  0.69999999E+00  0.10000000E+04
  0.50000000E+01  0.50000000E+00  0.00000000E+00  0.00000000E+00  0.10000000E+04  0.00000000E+00  0.12500000E+03  0.00000000E+00  0.69999999E+00  0.10000000E+04
  0.47500000E+01  0.25000000E+00  0.00000000E+00  0.00000000E+00  0.10000000E+04  0.00000000E+00  0.12500000E+03  0.00000000E+00  0.69999999E+00  0.10000000E+04
  0.50000000E+01  0.10000000E+01  0.00000000E+00  0.00000000E+00  0.10000000E+04  0.00000000E+00  0.12500000E+03  0.00000000E+00  0.69999999E+00  0.10000000E+04
  0.47500000E+01  0.75000000E+00  0.00000000E+00  0.00000000E+00  0.10000000E+04  0.00000000E+00  0.12500000E+03  0.00000000E+00  0.69999999E+00  0.10000000E+04
  0.50000000E+01  0.15000000E+01  0.00000000E+00  0.00000000E+00  0.10000000E+04  0.00000000E+00  0.12500000E+03  0.00000000E+00  0.69999999E+00  0.10000000E+04
  0.47500000E+01  0.12500000E+01  0.00000000E+00  0.00000000E+00  0.10000000E+04  0.00000000E+00  0.12500000E+03  0.00000000E+00  0.69999999E+00  0.10000000E+04
  0.50000000E+01  0.20000000E+01  0.00000000E+00  0.00000000E+00  0.10000000E+04  0.00000000E+00  0.12500000E+03  0.00000000E+00  0.69999999E+00  0.10000000E+04
  0.47500000E+01  0.17500000E+01  0.00000000E+00  0.00000000E+00  0.10000000E+04  0.00000000E+00  0.12500000E+03  0.00000000E+00  0.69999999E+00  0.10000000E+04
  0.72883356E+00  0.24893975E+00  0.89099181E+00 -0.71931360E-02  0.98808887E+03 -0.22550986E+05  0.12576698E+03  0.12576698E+03  0.10000000E+01  0.00000000E+00
  0.74029350E+00  0.62800050E+00  0.97619903E+00  0.26343241E+00  0.10117566E+04  0.23896000E+05  0.12561582E+03  0.12561256E+03  0.10000000E+01  0.00000000E+00
  0.72256136E+00  0.80786991E+00  0.74556005E+00  0.88283300E+00  0.10125450E+04  0.25559203E+05  0.12546356E+03  0.12546356E+03  0.10000000E+01  0.00000000E+00
  0.85887939E+00  0.11015264E+01  0.29524511E+00  0.79660451E+00  0.10041611E+04  0.82667422E+04  0.12531018E+03  0.12531018E+03  0.10000000E+01  0.00000000E+00
  0.99796176E+00  0.11582093E+01 -0.83029586E+00  0.79112363E+00  0.10068964E+04  0.13813869E+05  0.12515567E+03  0.12515567E+03  0.10000000E+01  0.00000000E+00
  0.19466412E+01  0.13967218E+01  0.79046988E+00 -0.41898012E+00  0.99687305E+03 -0.60778784E+04  0.12500000E+03  0.12500000E+03  0.10000000E+01  0.00000000E+00
  0.13407314E+01  0.20774511E+00 -0.23990218E-01  0.48183453E+00  0.97913489E+03 -0.38462086E+05  0.12576698E+03  0.12575755E+03  0.10000000E+01  0.00000000E+00
  0.99221182E+00  0.49152392E+00  0.13648105E+00  0.53446198E+00  0.10039284E+04  0.77989985E+04  0.12561582E+03  0.12560766E+03  0.10000000E+01  0.00000000E+00
  0.13739665E+01  0.55206037E+00 -0.96349463E-01  0.51444316E+00  0.10027821E+04  0.55042632E+04  0.12546356E+03  0.12546098E+03  0.10000000E+01  0.00000000E+00
  0.89857304E+00  0.89799058E+00 -0.70227909E+00  0.58429068E+00  0.10089708E+04  0.18081650E+05  0.12531018E+03  0.12531018E+03  0.10000000E+01  0.00000000E+00
  0.15491097E+01  0.84192562E+00 -0.55606657E+00  0.55681702E-01  0.10167839E+04  0.34635375E+05  0.12515567E+03  0.12515567E+03  0.10000000E+01  0.00000000E+00
  0.12230452E+01  0.12294981E+01 -0.54117072E+00  0.81946427E+00  0.10086785E+04  0.17476865E+05  0.12500000E+03  0.12500000E+03  0.10000000E+01  0.00000000E+00
  0.19587901E+01  0.31094483E+00 -0.18866268E+00 -0.86831242E-01  0.99249628E+03 -0.14395049E+05  0.12576698E+03  0.12575882E+03  0.10000000E+01  0.00000000E+00
  0.19613655E+01  0.54197097E+00  0.11442677E+01 -0.17308414E+00  0.10058011E+04  0.11581970E+05  0.12561582E+03  0.12561089E+03  0.10000000E+01  0.00000000E+00
  0.24941726E+01  0.55158174E+00  0.57656456E-01  0.11797005E+00  0.10136157E+04  0.27830354E+05  0.12546356E+03  0.12546158E+03  0.10000000E+01  0.00000000E+00
  0.20423424E+01  0.81421041E+00  0.91536397E+00  0.41791561E+00  0.10050461E+04  0.10051650E+05  0.12531018E+03  0.12531018E+03  0.10000000E+01  0.00000000E+00
  0.25373979E+01  0.94686687E+00  0.11703470E+01 -0.10138454E+01  0.99040686E+03 -0.18288621E+05  0.12515567E+03  0.12515567E+03  0.10000000E+01  0.00000000E+00
  0.20134122E+01  0.14201434E+01  0.32933465E+00 -0.89260399E+00  0.10009601E+04  0.18891735E+04  0.12500000E+03  0.12500000E+03  0.10000000E+01  0.00000000E+00
  0.17456834E+01  0.51996505E+00 -0.73821247E+00 -0.33752000E+00  0.10054741E+04  0.10918162E+05  0.12576698E+03  0.12576698E+03  0.10000000E+01  0.00000000E+00
  0.22095366E+01  0.72546977E+00 -0.70532763E+00  0.59833002E+00  0.10057030E+04  0.11382498E+05  0.12561582E+03  0.12561221E+03  0.10000000E+01  0.00000000E+00
  0.27531614E+01  0.76403916E+00  0.48923725E+00 -0.15458468E+00  0.10059984E+04  0.11982719E+05  0.12546356E+03  0.12546202E+03  0.10000000E+01  0.00000000E+00
  0.26795344E+01  0.57603478E+00  0.39597788E+00  0.17004380E+00  0.10061503E+04  0.12291962E+05  0.12531018E+03  0.12530934E+03  0.10000000E+01  0.00000000E+00
  0.27766604E+01  0.13699775E+01 -0.40689793E+00  0.74294865E-01  0.99209320E+03 -0.15149965E+05  0.12515567E+03  0.12515567E+03  0.10000000E+01  0.00000000E+00
  0.27709122E+01  0.13937278E+01  0.89778972E+00 -0.71643853E+00  0.99338171E+03 -0.12730039E+05  0.12500000E+03  0.12500000E+03  0.10000000E+01  0.00000000E+00
  0.18679895E+01  0.12293577E+01 -0.14080541E+01 -0.15190032E+01  0.10025787E+04  0.50985513E+04  0.12561582E+03  0.12561399E+03  0.10000000E+01  0.00000000E+00
  0.29020448E+01  0.12910281E+01 -0.16299303E+00  0.44370788E+00  0.10011075E+04  0.21802930E+04  0.12531018E+03  0.12531018E+03  0.10000000E+01  0.00000000E+00
  0.20832076E+01  0.17651751E+01 -0.99667907E+00 -0.97098058E+00  0.99820538E+03 -0.35021758E+04  0.12500000E+03  0.12500000E+03  0.10000000E+01  0.00000000E+00
