  0.00000000E+00  0.00000000E+00  0.00000000E+00  0.00000000E+00  0.10022783E+04  0.45007485E+04  0.12500000E+03  0.19941961E-02  0.69999999E+00  0.99999774E+03
  0.00000000E+00  0.50000000E+00  0.00000000E+00  0.00000000E+00  0.10172727E+04  0.35696562E+05  0.12500000E+03  0.16856280E-02  0.69999999E+00  0.99999805E+03
  0.00000000E+00  0.10000000E+01  0.00000000E+00  0.00000000E+00  0.10270504E+04  0.57579270E+05  0.12500000E+03  0.25235212E-02  0.69999999E+00  0.99999707E+03
  0.00000000E+00  0.15000000E+01  0.00000000E+00  0.00000000E+00  0.10337780E+04  0.73379078E+05  0.12500000E+03  0.91259729E-03  0.69999999E+00  0.99999890E+03
  0.00000000E+00  0.20000000E+01  0.00000000E+00  0.00000000E+00  0.10114174E+04  0.23182965E+05  0.12500000E+03 -0.80558402E-03  0.69999999E+00  0.10000009E+04
  0.00000000E+00  0.25000000E+01  0.00000000E+00  0.00000000E+00  0.10001794E+04  0.35219189E+03  0.12500000E+03  0.15382053E-03  0.69999999E+00  0.99999982E+03
  0.00000000E+00  0.30000000E+01  0.00000000E+00  0.00000000E+00  0.10000000E+04  0.00000000E+00  0.12500000E+03  0.00000000E+00  0.69999999E+00  0.10000000E+04
  0.00000000E+00  0.35000000E+01  0.00000000E+00  0.00000000E+00  0.10000000E+04  0.00000000E+00  0.12500000E+03  0.00000000E+00  0.69999999E+00  0.10000000E+04
  0.00000000E+00  0.40000000E+01  0.00000000E+00  0.00000000E+00  0.10000000E+04  0.00000000E+00  0.12500000E+03  0.00000000E+00  0.69999999E+00  0.10000000E+04
 -0.25000000E+00 -0.25000000E+00  0.00000000E+00  0.00000000E+00  0.10006414E+04  0.12607445E+04  0.12500000E+03  0.52005530E-03  0.69999999E+00  0.99999939E+03
 -0.25000000E+00  0.25000000E+00  0.00000000E+00  0.00000000E+00  0.10008973E+04  0.17652258E+04  0.12500000E+03  0.80443668E-03  0.69999999E+00  0.99999908E+03
 -0.25000000E+00  0.75000000E+00  0.00000000E+00  0.00000000E+00  0.10028763E+04  0.56924316E+04  0.12500000E+03  0.78097168E-04  0.69999999E+00  0.99999994E+03
 -0.25000000E+00  0.12500000E+01  0.00000000E+00  0.00000000E+00  0.10001782E+04  0.34985049E+03  0.12500000E+03  0.82127441E-03  0.69999999E+00  0.99999908E+03
 -0.25000000E+00  0.17500000E+01  0.00000000E+00  0.00000000E+00  0.10008005E+04  0.15743389E+04  0.12500000E+03 -0.23639217E-03  0.69999999E+00  0.10000002E+04
 -0.25000000E+00  0.22500000E+01  0.00000000E+00  0.00000000E+00  0.10004747E+04  0.93267188E+03  0.12500000E+03 -0.90573652E-04  0.69999999E+00  0.10000001E+04
 -0.25000000E+00  0.27500000E+01  0.00000000E+00  0.00000000E+00  0.10000000E+04  0.00000000E+00  0.12500000E+03  0.00000000E+00  0.69999999E+00  0.10000000E+04
 -0.25000000E+00  0.32500000E+01  0.00000000E+00  0.00000000E+00  0.10000000E+04  0.00000000E+00  0.12500000E+03  0.00000000E+00  0.69999999E+00  0.10000000E+04
 -0.25000000E+00  0.37500000E+01  0.00000000E+00  0.00000000E+00  0.10000000E+04  0.00000000E+00  0.12500000E+03  0.00000000E+00  0.69999999E+00  0.10000000E+04
  0.80000000E+01  0.00000000E+00  0.00000000E+00  0.00000000E+00  0.10000000E+04  0.00000000E+00  0.12500000E+03  0.00000000E+00  0.69999999E+00  0.10000000E+04
  0.80000000E+01  0.50000000E+00  0.00000000E+00  0.00000000E+00  0.10000000E+04  0.00000000E+00  0.12500000E+03  0.00000000E+00  0.69999999E+00  0.10000000E+04
  0.80000000E+01  0.10000000E+01  0.00000000E+00  0.00000000E+00  0.10000000E+04  0.00000000E+00  0.12500000E+03  0.00000000E+00  0.69999999E+00  0.10000000E+04
  0.80000000E+01  0.15000000E+01  0.00000000E+00  0.00000000E+00  0.10000000E+04  0.00000000E+00  0.12500000E+03  0.00000000E+00  0.69999999E+00  0.10000000E+04
  0.80000000E+01  0.20000000E+01  0.00000000E+00  0.00000000E+00  0.10000000E+04  0.00000000E+00  0.12500000E+03  0.00000000E+00  0.69999999E+00  0.10000000E+04
  0.80000000E+01  0.25000000E+01  0.00000000E+00  0.00000000E+00  0.10000000E+04  0.00000000E+00  0.12500000E+03  0.00000000E+00  0.69999999E+00  0.10000000E+04
  0.80000000E+01  0.30000000E+01  0.00000000E+00  0.00000000E+00  0.10000000E+04  0.00000000E+00  0.12500000E+03  0.00000000E+00  0.69999999E+00  0.10000000E+04
  0.80000000E+01  0.35000000E+01  0.00000000E+00  0.00000000E+00  0.10000000E+04  0.00000000E+00  0.12500000E+03  0.00000000E+00  0.69999999E+00  0.10000000E+04
  0.80000000E+01  0.40000000E+01  0.00000000E+00  0.00000000E+00  0.10000000E+04  0.00000000E+00  0.12500000E+03  0.00000000E+00  0.69999999E+00  0.10000000E+04
  0.82500000E+01 -0.25000000E+00  0.00000000E+00  0.00000000E+00  0.10000000E+04  0.00000000E+00  0.12500000E+03  0.00000000E+00  0.69999999E+00  0.10000000E+04
  0.82500000E+01  0.25000000E+00  0.00000000E+00  0.00000000E+00  0.10000000E+04  0.00000000E+00  0.12500000E+03  0.00000000E+00  0.69999999E+00  0.10000000E+04
  0.82500000E+01  0.75000000E+00  0.00000000E+00  0.00000000E+00  0.10000000E+04  0.00000000E+00  0.12500000E+03  0.00000000E+00  0.69999999E+00  0.10000000E+04
  0.82500000E+01  0.12500000E+01  0.00000000E+00  0.00000000E+00  0.10000000E+04  0.00000000E+00  0.12500000E+03  0.00000000E+00  0.69999999E+00  0.10000000E+04
  0.82500000E+01  0.17500000E+01  0.00000000E+00  0.00000000E+00  0.10000000E+04  0.00000000E+00  0.12500000E+03  0.00000000E+00  0.69999999E+00  0.10000000E+04
  0.82500000E+01  0.22500000E+01  0.00000000E+00  0.00000000E+00  0.10000000E+04  0.00000000E+00  0.12500000E+03  0.00000000E+00  0.69999999E+00  0.10000000E+04
  0.82500000E+01  0.27500000E+01  0.00000000E+00  0.00000000E+00  0.10000000E+04  0.00000000E+00  0.12500000E+03  0.00000000E+00  0.69999999E+00  0.10000000E+04
  0.82500000E+01  0.32500000E+01  0.00000000E+00  0.00000000E+00  0.10000000E+04  0.00000000E+00  0.12500000E+03  0.00000000E+00  0.69999999E+00  0.10000000E+04
  0.82500000E+01  0.37500000E+01  0.00000000E+00  0.00000000E+00  0.10000000E+04  0.00000000E+00  0.12500000E+03  0.00000000E+00  0.69999999E+00  0.10000000E+04
  0.50000000E+00  0.00000000E+00  0.00000000E+00  0.00000000E+00  0.10660258E+04  0.15821953E+06  0.12500000E+03  0.96244738E-02  0.69999999E+00  0.99998828E+03
  0.10000000E+01  0.00000000E+00  0.00000000E+00  0.00000000E+00  0.10861899E+04  0.21968150E+06  0.12500000E+03  0.44970023E-02  0.69999999E+00  0.99999445E+03
  0.15000000E+01  0.00000000E+00  0.00000000E+00  0.00000000E+00  0.10275469E+04  0.58724270E+05  0.12500000E+03  0.17369702E-01  0.69999999E+00  0.99997961E+03
  0.20000000E+01  0.00000000E+00  0.00000000E+00  0.00000000E+00  0.11624011E+04  0.52341250E+06  0.12500000E+03  0.19412728E-01  0.69999999E+00  0.99997424E+03
  0.25000000E+01  0.00000000E+00  0.00000000E+00  0.00000000E+00  0.10443672E+04  0.99530508E+05  0.12500000E+03  0.30948604E-02  0.69999999E+00  0.99999634E+03
  0.30000000E+01  0.00000000E+00  0.00000000E+00  0.00000000E+00  0.10454430E+04  0.10227758E+06  0.12500000E+03  0.49456526E-02  0.69999999E+00  0.99999408E+03
  0.35000000E+01  0.00000000E+00  0.00000000E+00  0.00000000E+00  0.10052246E+04  0.10412709E+05  0.12500000E+03  0.18840430E-02  0.69999999E+00  0.99999786E+03
  0.40000000E+01  0.00000000E+00  0.00000000E+00  0.00000000E+00  0.10000137E+04  0.26898298E+02  0.12500000E+03 -0.68247195E-04  0.69999999E+00  0.10000001E+04
  0.45000000E+01  0.00000000E+00  0.00000000E+00  0.00000000E+00  0.10000000E+04  0.00000000E+00  0.12500000E+03  0.85759466E-42  0.69999999E+00  0.10000000E+04
  0.50000000E+01  0.00000000E+00  0.00000000E+00  0.00000000E+00  0.10000000E+04  0.00000000E+00  0.12500000E+03  0.00000000E+00  0.69999999E+00  0.10000000E+04
  0.55000000E+01  0.00000000E+00  0.00000000E+00  0.00000000E+00  0.10000000E+04  0.00000000E+00  0.12500000E+03  0.00000000E+00  0.69999999E+00  0.10000000E+04
  0.60000000E+01  0.00000000E+00  0.00000000E+00  0.00000000E+00  0.10000000E+04  0.00000000E+00  0.12500000E+03  0.00000000E+00  0.69999999E+00  0.10000000E+04
  0.65000000E+01  0.00000000E+00  0.00000000E+00  0.00000000E+00  0.10000000E+04  0.00000000E+00  0.12500000E+03  0.00000000E+00  0.69999999E+00  0.10000000E+04
  0.70000000E+01  0.00000000E+00  0.00000000E+00  0.00000000E+00  0.10000000E+04  0.00000000E+00  0.12500000E+03  0.00000000E+00  0.69999999E+00  0.10000000E+04
  0.75000000E+01  0.00000000E+00  0.00000000E+00  0.00000000E+00  0.10000000E+04  0.00000000E+00  0.12500000E+03  0.00000000E+00  0.69999999E+00  0.10000000E+04
  0.25000000E+00 -0.25000000E+00  0.00000000E+00  0.00000000E+00  0.10064940E+04  0.12992249E+05  0.12500000E+03  0.28480566E-02  0.69999999E+00  0.99999670E+03
  0.75000000E+00 -0.25000000E+00  0.00000000E+00  0.00000000E+00  0.10336467E+04  0.73064883E+05  0.12500000E+03  0.72439830E-02  0.69999999E+00  0.99999146E+03
  0.12500000E+01 -0.25000000E+00  0.00000000E+00  0.00000000E+00  0.10130503E+04  0.26629264E+05  0.12500000E+03  0.59148921E-02  0.69999999E+00  0.99999316E+03
  0.17500000E+01 -0.25000000E+00  0.00000000E+00  0.00000000E+00  0.10168370E+04  0.34750406E+05  0.12500000E+03  0.89833774E-02  0.69999999E+00  0.99998956E+03
  0.22500000E+01 -0.25000000E+00  0.00000000E+00  0.00000000E+00  0.10014291E+04  0.28159065E+04  0.12500000E+03  0.80263671E-02  0.69999999E+00  0.99999084E+03
  0.27500000E+01 -0.25000000E+00  0.00000000E+00  0.00000000E+00  0.10042957E+04  0.85375723E+04  0.12500000E+03  0.21971085E-02  0.69999999E+00  0.99999750E+03
  0.32500000E+01 -0.25000000E+00  0.00000000E+00  0.00000000E+00  0.10007356E+04  0.14465160E+04  0.12500000E+03  0.19105179E-02  0.69999999E+00  0.99999780E+03
  0.37500000E+01 -0.25000000E+00  0.00000000E+00  0.00000000E+00  0.10000070E+04  0.13565822E+02  0.12500000E+03 -0.15635355E-03  0.69999999E+00  0.10000002E+04
  0.42500000E+01 -0.25000000E+00  0.00000000E+00  0.00000000E+00  0.10000000E+04  0.00000000E+00  0.12500000E+03 -0.23658795E-38  0.69999999E+00  0.10000000E+04
  0.47500000E+01 -0.25000000E+00  0.00000000E+00  0.00000000E+00  0.10000000E+04  0.00000000E+00  0.12500000E+03 -0.74268819E-42  0.69999999E+00  0.10000000E+04
  0.52500000E+01 -0.25000000E+00  0.00000000E+00  0.00000000E+00  0.10000000E+04  0.00000000E+00  0.12500000E+03  0.00000000E+00  0.69999999E+00  0.10000000E+04
  0.57500000E+01 -0.25000000E+00  0.00000000E+00  0.00000000E+00  0.10000000E+04  0.00000000E+00  0.12500000E+03  0.00000000E+00  0.69999999E+00  0.10000000E+04
  0.62500000E+01 -0.25000000E+00  0.00000000E+00  0.00000000E+00  0.10000000E+04  0.00000000E+00  0.12500000E+03  0.00000000E+00  0.69999999E+00  0.10000000E+04
  0.67500000E+01 -0.25000000E+00  0.00000000E+00  0.00000000E+00  0.10000000E+04  0.00000000E+00  0.12500000E+03  0.00000000E+00  0.69999999E+00  0.10000000E+04
  0.72500000E+01 -0.25000000E+00  0.00000000E+00  0.00000000E+00  0.10000000E+04  0.00000000E+00  0.12500000E+03  0.00000000E+00  0.69999999E+00  0.10000000E+04
  0.77500000E+01 -0.25000000E+00  0.00000000E+00  0.00000000E+00  0.10000000E+04  0.00000000E+00  0.12500000E+03  0.00000000E+00  0.69999999E+00  0.10000000E+04
  0.40000000E+01  0.50000000E+00  0.00000000E+00  0.00000000E+00  0.10009967E+04  0.19613999E+04  0.12500000E+03 -0.19759421E-03  0.69999999E+00  0.10000002E+04
  0.37500000E+01  0.25000000E+00  0.00000000E+00  0.00000000E+00  0.10040823E+04  0.81082783E+04  0.12500000E+03 -0.83320116E-03  0.69999999E+00  0.10000010E+04
  0.40000000E+01  0.10000000E+01  0.00000000E+00  0.00000000E+00  0.10040394E+04  0.80220063E+04  0.12500000E+03 -0.82196784E-04  0.69999999E+00  0.10000001E+04
  0.37500000E+01  0.75000000E+00  0.00000000E+00  0.00000000E+00  0.10486194E+04  0.11048873E+06  0.12500000E+03  0.72234590E-03  0.69999999E+00  0.99999915E+03
  0.40000000E+01  0.15000000E+01  0.00000000E+00  0.00000000E+00  0.10008248E+04  0.16222853E+04  0.12500000E+03  0.19801635E-03  0.69999999E+00  0.99999976E+03
  0.37500000E+01  0.12500000E+01  0.00000000E+00  0.00000000E+00  0.10308370E+04  0.66396156E+05  0.12500000E+03  0.34779037E-03  0.69999999E+00  0.99999957E+03
  0.40000000E+01  0.20000000E+01  0.00000000E+00  0.00000000E+00  0.10001676E+04  0.32901282E+03  0.12500000E+03  0.19164399E-03  0.69999999E+00  0.99999976E+03
  0.37500000E+01  0.17500000E+01  0.00000000E+00  0.00000000E+00  0.10198499E+04  0.41342957E+05  0.12500000E+03  0.10494250E-02  0.69999999E+00  0.99999878E+03
  0.45000000E+01  0.50000000E+00  0.00000000E+00  0.00000000E+00  0.10000000E+04  0.00000000E+00  0.12500000E+03  0.27325320E-41  0.69999999E+00  0.10000000E+04
  0.42500000E+01  0.25000000E+00  0.00000000E+00  0.00000000E+00  0.10000018E+04  0.35083482E+01  0.12500000E+03 -0.74084828E-05  0.69999999E+00  0.10000000E+04
  0.45000000E+01  0.10000000E+01  0.00000000E+00  0.00000000E+00  0.10000000E+04  0.00000000E+00  0.12500000E+03  0.00000000E+00  0.69999999E+00  0.10000000E+04
  0.42500000E+01  0.75000000E+00  0.00000000E+00  0.00000000E+00  0.10000944E+04  0.18529227E+03  0.12500000E+03 -0.75637886E-05  0.69999999E+00  0.10000000E+04
  0.45000000E+01  0.15000000E+01  0.00000000E+00  0.00000000E+00  0.10000000E+04  0.00000000E+00  0.12500000E+03 -0.00000000E+00  0.69999999E+00  0.10000000E+04
  0.42500000E+01  0.12500000E+01  0.00000000E+00  0.00000000E+00  0.10000066E+04  0.12864128E+02  0.12500000E+03  0.34267537E-05  0.69999999E+00  0.10000000E+04
  0.45000000E+01  0.20000000E+01  0.00000000E+00  0.00000000E+00  0.10000000E+04  0.00000000E+00  0.12500000E+03  0.00000000E+00  0.69999999E+00  0.10000000E+04
  0.42500000E+01  0.17500000E+01  0.00000000E+00  0.00000000E+00  0.10000031E+04  0.60811610E+01  0.12500000E+03  0.28991612E-05  0.69999999E+00  0.10000000E+04
  0.50000000E+01  0.50000000E+00  0.00000000E+00  0.00000000E+00  0.10000000E+04  0.00000000E+00  0.12500000E+03  0.00000000E+00  0.69999999E+00  0.10000000E+04
  0.47500000E+01  0.25000000E+00  0.00000000E+00  0.00000000E+00  0.10000000E+04  0.00000000E+00  0.12500000E+03  0.73428040E-42  0.69999999E+00  0.10000000E+04
  0.50000000E+01  0.10000000E+01  0.00000000E+00  0.00000000E+00  0.10000000E+04  0.00000000E+00  0.12500000E+03  0.00000000E+00  0.69999999E+00  0.10000000E+04
  0.47500000E+01  0.75000000E+00  0.00000000E+00  0.00000000E+00  0.10000000E+04  0.00000000E+00  0.12500000E+03  0.00000000E+00  0.69999999E+00  0.10000000E+04
  0.50000000E+01  0.15000000E+01  0.00000000E+00  0.00000000E+00  0.10000000E+04  0.00000000E+00  0.12500000E+03  0.00000000E+00  0.69999999E+00  0.10000000E+04
  0.47500000E+01  0.12500000E+01  0.00000000E+00  0.00000000E+00  0.10000000E+04  0.00000000E+00  0.12500000E+03  0.00000000E+00  0.69999999E+00  0.10000000E+04
  0.50000000E+01  0.20000000E+01  0.00000000E+00  0.00000000E+00  0.10000000E+04  0.00000000E+00  0.12500000E+03  0.00000000E+00  0.69999999E+00  0.10000000E+04
  0.47500000E+01  0.17500000E+01  0.00000000E+00  0.00000000E+00  0.10000000E+04  0.00000000E+00  0.12500000E+03  0.00000000E+00  0.69999999E+00  0.10000000E+04
  0.25256455E+01  0.93492353E+00 -0.13142367E+00 -0.41694438E+00  0.10033173E+04  0.65735479E+04  0.12576698E+03  0.12576674E+03  0.10000000E+01  0.00000000E+00
  0.13199409E+01  0.10671386E+01 -0.51660862E-01  0.38072562E+00  0.99362207E+03 -0.12276607E+05  0.12561582E+03  0.12561256E+03  0.10000000E+01  0.00000000E+00
  0.82690823E+00  0.10795058E+01 -0.73919153E+00  0.11087387E+01  0.99633966E+03 -0.71031694E+04  0.12546356E+03  0.12546333E+03  0.10000000E+01  0.00000000E+00
  0.87519944E+00  0.14933506E+01  0.64510548E+00  0.38362079E+01  0.10098157E+04  0.19834861E+05  0.12531018E+03  0.12531018E+03  0.10000000E+01  0.00000000E+00
  0.15911031E+01  0.18303612E+01  0.14526079E+01 -0.24332108E+01  0.10024290E+04  0.48005835E+04  0.12515567E+03  0.12515567E+03  0.10000000E+01  0.00000000E+00
  0.22514410E+01  0.16747003E+01 -0.21051085E+00 -0.90569413E+00  0.10065016E+04  0.13007568E+05  0.12500000E+03  0.12500000E+03  0.10000000E+01  0.00000000E+00
  0.24003668E+01  0.10600641E+01 -0.69670689E+00 -0.97717321E+00  0.10040846E+04  0.81128325E+04  0.12576698E+03  0.12575494E+03  0.10000000E+01  0.00000000E+00
  0.12560576E+01  0.10409689E+01 -0.53446448E+00 -0.25211088E-02  0.99176324E+03 -0.15766641E+05  0.12561582E+03  0.12560624E+03  0.10000000E+01  0.00000000E+00
  0.11721218E+01  0.14231684E+01 -0.98491967E+00  0.14642994E+01  0.99083691E+03 -0.17491244E+05  0.12546356E+03  0.12546037E+03  0.10000000E+01  0.00000000E+00
  0.21646664E+01  0.15095278E+01  0.16390382E+00 -0.48310089E+00  0.10031626E+04  0.62642495E+04  0.12531018E+03  0.12531038E+03  0.10000000E+01  0.00000000E+00
  0.85114777E+00  0.10559133E+01 -0.49465811E+00 -0.21054560E+00  0.99672931E+03 -0.63544629E+04  0.12515567E+03  0.12515567E+03  0.10000000E+01  0.00000000E+00
  0.82973242E+00  0.68171990E+00  0.48085994E+00  0.14724159E+00  0.10373301E+04  0.81973648E+05  0.12500000E+03  0.12500000E+03  0.10000000E+01  0.00000000E+00
  0.19572546E+01  0.12253098E+01 -0.15519729E+01 -0.20817485E+01  0.10103144E+04  0.20873809E+05  0.12576698E+03  0.12575644E+03  0.10000000E+01  0.00000000E+00
  0.22823584E+01  0.13651644E+01 -0.13447306E+01 -0.67741007E+00  0.10081499E+04  0.16386334E+05  0.12561582E+03  0.12561089E+03  0.10000000E+01  0.00000000E+00
  0.27247543E+01  0.89032650E+00 -0.36706740E+00 -0.58563471E+00  0.10084891E+04  0.17085906E+05  0.12546356E+03  0.12546005E+03  0.10000000E+01  0.00000000E+00
  0.23371103E+01  0.83099449E+00 -0.16671588E+01 -0.14145866E+00  0.10049919E+04  0.99419854E+04  0.12531018E+03  0.12531018E+03  0.10000000E+01  0.00000000E+00
  0.28376799E+01  0.79697704E+00 -0.67378685E-01 -0.75138837E+00  0.10128827E+04  0.26273988E+05  0.12515567E+03  0.12515553E+03  0.10000000E+01  0.00000000E+00
  0.10239589E+01  0.16734118E+01 -0.22054036E+01  0.66463423E+00  0.98638593E+03 -0.25644275E+05  0.12500000E+03  0.12500000E+03  0.10000000E+01  0.00000000E+00
  0.93157470E+00  0.88744760E+00 -0.11184061E+01  0.49718320E+00  0.10080280E+04  0.16135216E+05  0.12576698E+03  0.12576566E+03  0.10000000E+01  0.00000000E+00
  0.22678676E+01  0.13662784E+01 -0.14526465E+01 -0.66067779E+00  0.10074324E+04  0.14911453E+05  0.12561582E+03  0.12561221E+03  0.10000000E+01  0.00000000E+00
  0.27246227E+01  0.77275610E+00  0.68080783E+00  0.21466389E+00  0.10060528E+04  0.12093529E+05  0.12546356E+03  0.12546202E+03  0.10000000E+01  0.00000000E+00
  0.15625627E+01  0.10331411E+01  0.63374680E+00  0.13411450E+00  0.10111536E+04  0.22629318E+05  0.12531018E+03  0.12530890E+03  0.10000000E+01  0.00000000E+00
  0.13566024E+01  0.20738387E+01 -0.21520064E+01 -0.85551012E+00  0.99906018E+03 -0.18387870E+04  0.12515567E+03  0.12515567E+03  0.10000000E+01  0.00000000E+00
  0.18272331E+01  0.94926536E+00  0.49983490E+00 -0.17823792E+01  0.10256918E+04  0.54463059E+05  0.12500000E+03  0.12500012E+03  0.10000000E+01  0.00000000E+00
  0.15284412E+01  0.16767869E+01 -0.46607220E+00  0.23276480E-02  0.99720239E+03 -0.54430454E+04  0.12561582E+03  0.12561399E+03  0.10000000E+01  0.00000000E+00
  0.28170609E+01  0.13415563E+01 -0.28882265E+00 -0.11212416E+01  0.10066265E+04  0.13262497E+05  0.12531018E+03  0.12531004E+03  0.10000000E+01  0.00000000E+00
  0.12484136E+01  0.21762948E+01  0.22488425E+01  0.11550548E+01  0.99343018E+03 -0.12638663E+05  0.12500000E+03  0.12500000E+03  0.10000000E+01  0.00000000E+00
