  0.00000000E+00  0.00000000E+00  0.00000000E+00  0.00000000E+00  0.10016782E+04  0.33093081E+04  0.12500000E+03  0.25096119E-02  0.69999999E+00  0.99999713E+03
  0.00000000E+00  0.50000000E+00  0.00000000E+00  0.00000000E+00  0.10169397E+04  0.34973070E+05  0.12500000E+03  0.33591804E-02  0.69999999E+00  0.99999609E+03
  0.00000000E+00  0.10000000E+01  0.00000000E+00  0.00000000E+00  0.10218867E+04  0.45866410E+05  0.12500000E+03  0.37626659E-02  0.69999999E+00  0.99999561E+03
  0.00000000E+00  0.15000000E+01  0.00000000E+00  0.00000000E+00  0.10129467E+04  0.26409387E+05  0.12500000E+03  0.13882027E-02  0.69999999E+00  0.99999841E+03
  0.00000000E+00  0.20000000E+01  0.00000000E+00  0.00000000E+00  0.10159319E+04  0.32792594E+05  0.12500000E+03 -0.17390358E-02  0.69999999E+00  0.10000020E+04
  0.00000000E+00  0.25000000E+01  0.00000000E+00  0.00000000E+00  0.10034469E+04  0.68332266E+04  0.12500000E+03  0.51974104E-03  0.69999999E+00  0.99999939E+03
  0.00000000E+00  0.30000000E+01  0.00000000E+00  0.00000000E+00  0.10000026E+04  0.51455903E+01  0.12500000E+03  0.38292605E-04  0.69999999E+00  0.99999994E+03
  0.00000000E+00  0.35000000E+01  0.00000000E+00  0.00000000E+00  0.10000000E+04  0.00000000E+00  0.12500000E+03  0.00000000E+00  0.69999999E+00  0.10000000E+04
  0.00000000E+00  0.40000000E+01  0.00000000E+00  0.00000000E+00  0.10000000E+04  0.00000000E+00  0.12500000E+03  0.00000000E+00  0.69999999E+00  0.10000000E+04
 -0.25000000E+00 -0.25000000E+00  0.00000000E+00  0.00000000E+00  0.10006414E+04  0.12607445E+04  0.12500000E+03  0.52005530E-03  0.69999999E+00  0.99999939E+03
 -0.25000000E+00  0.25000000E+00  0.00000000E+00  0.00000000E+00  0.10009347E+04  0.18390714E+04  0.12500000E+03  0.11370135E-02  0.69999999E+00  0.99999872E+03
 -0.25000000E+00  0.75000000E+00  0.00000000E+00  0.00000000E+00  0.10055823E+04  0.11137675E+05  0.12500000E+03  0.51489484E-03  0.69999999E+00  0.99999939E+03
 -0.25000000E+00  0.12500000E+01  0.00000000E+00  0.00000000E+00  0.10042158E+04  0.83768232E+04  0.12500000E+03  0.11884354E-02  0.69999999E+00  0.99999866E+03
 -0.25000000E+00  0.17500000E+01  0.00000000E+00  0.00000000E+00  0.10009091E+04  0.17885065E+04  0.12500000E+03 -0.35260170E-03  0.69999999E+00  0.10000004E+04
 -0.25000000E+00  0.22500000E+01  0.00000000E+00  0.00000000E+00  0.10015139E+04  0.29839109E+04  0.12500000E+03 -0.18548567E-03  0.69999999E+00  0.10000002E+04
 -0.25000000E+00  0.27500000E+01  0.00000000E+00  0.00000000E+00  0.10000007E+04  0.14033347E+01  0.12500000E+03  0.17473474E-04  0.69999999E+00  0.10000000E+04
 -0.25000000E+00  0.32500000E+01  0.00000000E+00  0.00000000E+00  0.10000000E+04  0.00000000E+00  0.12500000E+03  0.37190461E-41  0.69999999E+00  0.10000000E+04
 -0.25000000E+00  0.37500000E+01  0.00000000E+00  0.00000000E+00  0.10000000E+04  0.00000000E+00  0.12500000E+03  0.00000000E+00  0.69999999E+00  0.10000000E+04
  0.80000000E+01  0.00000000E+00  0.00000000E+00  0.00000000E+00  0.10000000E+04  0.00000000E+00  0.12500000E+03  0.00000000E+00  0.69999999E+00  0.10000000E+04
  0.80000000E+01  0.50000000E+00  0.00000000E+00  0.00000000E+00  0.10000000E+04  0.00000000E+00  0.12500000E+03  0.00000000E+00  0.69999999E+00  0.10000000E+04
  0.80000000E+01  0.10000000E+01  0.00000000E+00  0.00000000E+00  0.10000000E+04  0.00000000E+00  0.12500000E+03  0.00000000E+00  0.69999999E+00  0.10000000E+04
  0.80000000E+01  0.15000000E+01  0.00000000E+00  0.00000000E+00  0.10000000E+04  0.00000000E+00  0.12500000E+03  0.00000000E+00  0.69999999E+00  0.10000000E+04
  0.80000000E+01  0.20000000E+01  0.00000000E+00  0.00000000E+00  0.10000000E+04  0.00000000E+00  0.12500000E+03  0.00000000E+00  0.69999999E+00  0.10000000E+04
  0.80000000E+01  0.25000000E+01  0.00000000E+00  0.00000000E+00  0.10000000E+04  0.00000000E+00  0.12500000E+03  0.00000000E+00  0.69999999E+00  0.10000000E+04
  0.80000000E+01  0.30000000E+01  0.00000000E+00  0.00000000E+00  0.10000000E+04  0.00000000E+00  0.12500000E+03  0.00000000E+00  0.69999999E+00  0.10000000E+04
  0.80000000E+01  0.35000000E+01  0.00000000E+00  0.00000000E+00  0.10000000E+04  0.00000000E+00  0.12500000E+03  0.00000000E+00  0.69999999E+00  0.10000000E+04
  0.80000000E+01  0.40000000E+01  0.00000000E+00  0.00000000E+00  0.10000000E+04  0.00000000E+00  0.12500000E+03  0.00000000E+00  0.69999999E+00  0.10000000E+04
  0.82500000E+01 -0.25000000E+00  0.00000000E+00  0.00000000E+00  0.10000000E+04  0.00000000E+00  0.12500000E+03  0.00000000E+00  0.69999999E+00  0.10000000E+04
  0.82500000E+01  0.25000000E+00  0.00000000E+00  0.00000000E+00  0.10000000E+04  0.00000000E+00  0.12500000E+03  0.00000000E+00  0.69999999E+00  0.10000000E+04
  0.82500000E+01  0.75000000E+00  0.00000000E+00  0.00000000E+00  0.10000000E+04  0.00000000E+00  0.12500000E+03  0.00000000E+00  0.69999999E+00  0.10000000E+04
  0.82500000E+01  0.12500000E+01  0.00000000E+00  0.00000000E+00  0.10000000E+04  0.00000000E+00  0.12500000E+03  0.00000000E+00  0.69999999E+00  0.10000000E+04
  0.82500000E+01  0.17500000E+01  0.00000000E+00  0.00000000E+00  0.10000000E+04  0.00000000E+00  0.12500000E+03  0.00000000E+00  0.69999999E+00  0.10000000E+04
  0.82500000E+01  0.22500000E+01  0.00000000E+00  0.00000000E+00  0.10000000E+04  0.00000000E+00  0.12500000E+03  0.00000000E+00  0.69999999E+00  0.10000000E+04
  0.82500000E+01  0.27500000E+01  0.00000000E+00  0.00000000E+00  0.10000000E+04  0.00000000E+00  0.12500000E+03  0.00000000E+00  0.69999999E+00  0.10000000E+04
  0.82500000E+01  0.32500000E+01  0.00000000E+00  0.00000000E+00  0.10000000E+04  0.00000000E+00  0.12500000E+03  0.00000000E+00  0.69999999E+00  0.10000000E+04
  0.82500000E+01  0.37500000E+01  0.00000000E+00  0.00000000E+00  0.10000000E+04  0.00000000E+00  0.12500000E+03  0.00000000E+00  0.69999999E+00  0.10000000E+04
  0.50000000E+00  0.00000000E+00  0.00000000E+00  0.00000000E+00  0.10472177E+04  0.10684668E+06  0.12500000E+03  0.12808343E-01  0.69999999E+00  0.99998468E+03
  0.10000000E+01  0.00000000E+00  0.00000000E+00  0.00000000E+00  0.10798533E+04  0.19961819E+06  0.12500000E+03  0.75540529E-02  0.69999999E+00  0.99999066E+03
  0.15000000E+01  0.00000000E+00  0.00000000E+00  0.00000000E+00  0.10289291E+04  0.61929375E+05  0.12500000E+03  0.22443075E-01  0.69999999E+00  0.99997363E+03
  0.20000000E+01  0.00000000E+00  0.00000000E+00  0.00000000E+00  0.11310603E+04  0.38345956E+06  0.12500000E+03  0.25817951E-01  0.69999999E+00  0.99996661E+03
  0.25000000E+01  0.00000000E+00  0.00000000E+00  0.00000000E+00  0.10465221E+04  0.10505058E+06  0.12500000E+03  0.79208836E-02  0.69999999E+00  0.99999054E+03
  0.30000000E+01  0.00000000E+00  0.00000000E+00  0.00000000E+00  0.10385198E+04  0.84891992E+05  0.12500000E+03  0.96563511E-02  0.69999999E+00  0.99998853E+03
  0.35000000E+01  0.00000000E+00  0.00000000E+00  0.00000000E+00  0.10006208E+04  0.12203630E+04  0.12500000E+03  0.40031653E-02  0.69999999E+00  0.99999542E+03
  0.40000000E+01  0.00000000E+00  0.00000000E+00  0.00000000E+00  0.10000137E+04  0.26898298E+02  0.12500000E+03 -0.68247195E-04  0.69999999E+00  0.10000001E+04
  0.45000000E+01  0.00000000E+00  0.00000000E+00  0.00000000E+00  0.10000000E+04  0.00000000E+00  0.12500000E+03  0.23785080E-39  0.69999999E+00  0.10000000E+04
  0.50000000E+01  0.00000000E+00  0.00000000E+00  0.00000000E+00  0.10000000E+04  0.00000000E+00  0.12500000E+03 -0.60536094E-42  0.69999999E+00  0.10000000E+04
  0.55000000E+01  0.00000000E+00  0.00000000E+00  0.00000000E+00  0.10000000E+04  0.00000000E+00  0.12500000E+03  0.00000000E+00  0.69999999E+00  0.10000000E+04
  0.60000000E+01  0.00000000E+00  0.00000000E+00  0.00000000E+00  0.10000000E+04  0.00000000E+00  0.12500000E+03  0.00000000E+00  0.69999999E+00  0.10000000E+04
  0.65000000E+01  0.00000000E+00  0.00000000E+00  0.00000000E+00  0.10000000E+04  0.00000000E+00  0.12500000E+03  0.00000000E+00  0.69999999E+00  0.10000000E+04
  0.70000000E+01  0.00000000E+00  0.00000000E+00  0.00000000E+00  0.10000000E+04  0.00000000E+00  0.12500000E+03  0.00000000E+00  0.69999999E+00  0.10000000E+04
  0.75000000E+01  0.00000000E+00  0.00000000E+00  0.00000000E+00  0.10000000E+04  0.00000000E+00  0.12500000E+03  0.00000000E+00  0.69999999E+00  0.10000000E+04
  0.25000000E+00 -0.25000000E+00  0.00000000E+00  0.00000000E+00  0.10057856E+04  0.11550492E+05  0.12500000E+03  0.33527617E-02  0.69999999E+00  0.99999615E+03
  0.75000000E+00 -0.25000000E+00  0.00000000E+00  0.00000000E+00  0.10269094E+04  0.57254934E+05  0.12500000E+03  0.91442447E-02  0.69999999E+00  0.99998926E+03
  0.12500000E+01 -0.25000000E+00  0.00000000E+00  0.00000000E+00  0.10111293E+04  0.22578326E+05  0.12500000E+03  0.73428396E-02  0.69999999E+00  0.99999152E+03
  0.17500000E+01 -0.25000000E+00  0.00000000E+00  0.00000000E+00  0.10145033E+04  0.29723809E+05  0.12500000E+03  0.11140015E-01  0.69999999E+00  0.99998706E+03
  0.22500000E+01 -0.25000000E+00  0.00000000E+00  0.00000000E+00  0.10015042E+04  0.29645576E+04  0.12500000E+03  0.11015160E-01  0.69999999E+00  0.99998737E+03
  0.27500000E+01 -0.25000000E+00  0.00000000E+00  0.00000000E+00  0.10042457E+04  0.84370352E+04  0.12500000E+03  0.52172709E-02  0.69999999E+00  0.99999402E+03
  0.32500000E+01 -0.25000000E+00  0.00000000E+00  0.00000000E+00  0.10004302E+04  0.84519434E+03  0.12500000E+03  0.36263834E-02  0.69999999E+00  0.99999585E+03
  0.37500000E+01 -0.25000000E+00  0.00000000E+00  0.00000000E+00  0.10000070E+04  0.13565822E+02  0.12500000E+03 -0.15635355E-03  0.69999999E+00  0.10000002E+04
  0.42500000E+01 -0.25000000E+00  0.00000000E+00  0.00000000E+00  0.10000000E+04  0.00000000E+00  0.12500000E+03 -0.96282271E-36  0.69999999E+00  0.10000000E+04
  0.47500000E+01 -0.25000000E+00  0.00000000E+00  0.00000000E+00  0.10000000E+04  0.00000000E+00  0.12500000E+03 -0.54665214E-39  0.69999999E+00  0.10000000E+04
  0.52500000E+01 -0.25000000E+00  0.00000000E+00  0.00000000E+00  0.10000000E+04  0.00000000E+00  0.12500000E+03  0.00000000E+00  0.69999999E+00  0.10000000E+04
  0.57500000E+01 -0.25000000E+00  0.00000000E+00  0.00000000E+00  0.10000000E+04  0.00000000E+00  0.12500000E+03  0.00000000E+00  0.69999999E+00  0.10000000E+04
  0.62500000E+01 -0.25000000E+00  0.00000000E+00  0.00000000E+00  0.10000000E+04  0.00000000E+00  0.12500000E+03  0.00000000E+00  0.69999999E+00  0.10000000E+04
  0.67500000E+01 -0.25000000E+00  0.00000000E+00  0.00000000E+00  0.10000000E+04  0.00000000E+00  0.12500000E+03  0.00000000E+00  0.69999999E+00  0.10000000E+04
  0.72500000E+01 -0.25000000E+00  0.00000000E+00  0.00000000E+00  0.10000000E+04  0.00000000E+00  0.12500000E+03  0.00000000E+00  0.69999999E+00  0.10000000E+04
  0.77500000E+01 -0.25000000E+00  0.00000000E+00  0.00000000E+00  0.10000000E+04  0.00000000E+00  0.12500000E+03  0.00000000E+00  0.69999999E+00  0.10000000E+04
  0.40000000E+01  0.50000000E+00  0.00000000E+00  0.00000000E+00  0.10013098E+04  0.25800894E+04  0.12500000E+03 -0.37751213E-03  0.69999999E+00  0.10000004E+04
  0.37500000E+01  0.25000000E+00  0.00000000E+00  0.00000000E+00  0.10020378E+04  0.40228538E+04  0.12500000E+03 -0.18316156E-02  0.69999999E+00  0.10000021E+04
  0.40000000E+01  0.10000000E+01  0.00000000E+00  0.00000000E+00  0.10046055E+04  0.91616230E+04  0.12500000E+03 -0.12672041E-03  0.69999999E+00  0.10000001E+04
  0.37500000E+01  0.75000000E+00  0.00000000E+00  0.00000000E+00  0.10401707E+04  0.88975070E+05  0.12500000E+03  0.98469108E-03  0.69999999E+00  0.99999884E+03
  0.40000000E+01  0.15000000E+01  0.00000000E+00  0.00000000E+00  0.10002876E+04  0.56486053E+03  0.12500000E+03  0.44148410E-03  0.69999999E+00  0.99999951E+03
  0.37500000E+01  0.12500000E+01  0.00000000E+00  0.00000000E+00  0.10326422E+04  0.70668273E+05  0.12500000E+03  0.10662007E-02  0.69999999E+00  0.99999872E+03
  0.40000000E+01  0.20000000E+01  0.00000000E+00  0.00000000E+00  0.10010588E+04  0.20840093E+04  0.12500000E+03  0.32330409E-03  0.69999999E+00  0.99999963E+03
  0.37500000E+01  0.17500000E+01  0.00000000E+00  0.00000000E+00  0.10216218E+04  0.45275078E+05  0.12500000E+03  0.21357161E-02  0.69999999E+00  0.99999750E+03
  0.45000000E+01  0.50000000E+00  0.00000000E+00  0.00000000E+00  0.10000000E+04  0.00000000E+00  0.12500000E+03  0.16112214E-38  0.69999999E+00  0.10000000E+04
  0.42500000E+01  0.25000000E+00  0.00000000E+00  0.00000000E+00  0.10000018E+04  0.35083482E+01  0.12500000E+03 -0.74084828E-05  0.69999999E+00  0.10000000E+04
  0.45000000E+01  0.10000000E+01  0.00000000E+00  0.00000000E+00  0.10000000E+04  0.00000000E+00  0.12500000E+03 -0.14349296E-41  0.69999999E+00  0.10000000E+04
  0.42500000E+01  0.75000000E+00  0.00000000E+00  0.00000000E+00  0.10000944E+04  0.18529227E+03  0.12500000E+03 -0.14686324E-04  0.69999999E+00  0.10000000E+04
  0.45000000E+01  0.15000000E+01  0.00000000E+00  0.00000000E+00  0.10000000E+04  0.00000000E+00  0.12500000E+03 -0.43188019E-41  0.69999999E+00  0.10000000E+04
  0.42500000E+01  0.12500000E+01  0.00000000E+00  0.00000000E+00  0.10000066E+04  0.12864128E+02  0.12500000E+03  0.34267537E-05  0.69999999E+00  0.10000000E+04
  0.45000000E+01  0.20000000E+01  0.00000000E+00  0.00000000E+00  0.10000000E+04  0.00000000E+00  0.12500000E+03  0.42010928E-41  0.69999999E+00  0.10000000E+04
  0.42500000E+01  0.17500000E+01  0.00000000E+00  0.00000000E+00  0.10000031E+04  0.60811610E+01  0.12500000E+03 -0.35628464E-05  0.69999999E+00  0.10000000E+04
  0.50000000E+01  0.50000000E+00  0.00000000E+00  0.00000000E+00  0.10000000E+04  0.00000000E+00  0.12500000E+03  0.52128303E-42  0.69999999E+00  0.10000000E+04
  0.47500000E+01  0.25000000E+00  0.00000000E+00  0.00000000E+00  0.10000000E+04  0.00000000E+00  0.12500000E+03  0.54101611E-39  0.69999999E+00  0.10000000E+04
  0.50000000E+01  0.10000000E+01  0.00000000E+00  0.00000000E+00  0.10000000E+04  0.00000000E+00  0.12500000E+03 -0.00000000E+00  0.69999999E+00  0.10000000E+04
  0.47500000E+01  0.75000000E+00  0.00000000E+00  0.00000000E+00  0.10000000E+04  0.00000000E+00  0.12500000E+03  0.61096613E-42  0.69999999E+00  0.10000000E+04
  0.50000000E+01  0.15000000E+01  0.00000000E+00  0.00000000E+00  0.10000000E+04  0.00000000E+00  0.12500000E+03 -0.30716462E-41  0.69999999E+00  0.10000000E+04
  0.47500000E+01  0.12500000E+01  0.00000000E+00  0.00000000E+00  0.10000000E+04  0.00000000E+00  0.12500000E+03 -0.29623450E-41  0.69999999E+00  0.10000000E+04
  0.50000000E+01  0.20000000E+01  0.00000000E+00  0.00000000E+00  0.10000000E+04  0.00000000E+00  0.12500000E+03  0.29175034E-41  0.69999999E+00  0.10000000E+04
  0.47500000E+01  0.17500000E+01  0.00000000E+00  0.00000000E+00  0.10000000E+04  0.00000000E+00  0.12500000E+03 -0.00000000E+00  0.69999999E+00  0.10000000E+04
  0.26736681E+01  0.83967841E+00  0.74776781E+00 -0.14128959E+00  0.10036782E+04  0.72967563E+04  0.12576698E+03  0.12576656E+03  0.10000000E+01  0.00000000E+00
  0.82900941E+00  0.11722430E+01 -0.21744940E+00  0.73383200E+00  0.99851666E+03 -0.28973577E+04  0.12561582E+03  0.12561256E+03  0.10000000E+01  0.00000000E+00
  0.16722839E+01  0.97146225E+00  0.26597017E+00  0.53484154E+00  0.10029288E+04  0.57969102E+04  0.12546356E+03  0.12546333E+03  0.10000000E+01  0.00000000E+00
  0.19283078E+01  0.16249931E+01  0.16573240E+01  0.34115788E+00  0.10039999E+04  0.79427031E+04  0.12531018E+03  0.12531027E+03  0.10000000E+01  0.00000000E+00
  0.27927914E+01  0.14619511E+01  0.44684887E-01 -0.14376606E+00  0.10022464E+04  0.44372109E+04  0.12515567E+03  0.12515567E+03  0.10000000E+01  0.00000000E+00
  0.23067818E+01  0.15236247E+01  0.11874347E+00  0.33930129E+00  0.10041170E+04  0.81780317E+04  0.12500000E+03  0.12500000E+03  0.10000000E+01  0.00000000E+00
  0.28072872E+01  0.93738532E+00  0.28951734E+00 -0.24301305E+00  0.10017318E+04  0.34154031E+04  0.12576698E+03  0.12575461E+03  0.10000000E+01  0.00000000E+00
  0.85631299E+00  0.10649958E+01 -0.48085195E+00 -0.49456429E+00  0.99634442E+03 -0.70940171E+04  0.12561582E+03  0.12560624E+03  0.10000000E+01  0.00000000E+00
  0.10547895E+01  0.84851897E+00 -0.33671081E+00  0.25076264E+00  0.10044229E+04  0.87937305E+04  0.12546356E+03  0.12546037E+03  0.10000000E+01  0.00000000E+00
  0.27420266E+01  0.12942818E+01  0.14439642E+01 -0.53861070E+00  0.99523151E+03 -0.92229990E+04  0.12531018E+03  0.12531038E+03  0.10000000E+01  0.00000000E+00
  0.11850840E+01  0.85233724E+00 -0.33380377E+00  0.34726509E+00  0.10029673E+04  0.58740405E+04  0.12515567E+03  0.12515535E+03  0.10000000E+01  0.00000000E+00
  0.69924390E+00  0.84394300E+00  0.43073893E+00 -0.77639282E+00  0.10086179E+04  0.17351750E+05  0.12500000E+03  0.12500000E+03  0.10000000E+01  0.00000000E+00
  0.20659473E+01  0.99248290E+00  0.64235497E+00  0.45962715E+00  0.10067154E+04  0.13444079E+05  0.12576698E+03  0.12575644E+03  0.10000000E+01  0.00000000E+00
  0.27554758E+01  0.87659633E+00  0.22690386E+00 -0.20197055E+00  0.10013111E+04  0.25824468E+04  0.12561582E+03  0.12561059E+03  0.10000000E+01  0.00000000E+00
  0.26865010E+01  0.13658770E+01 -0.36434048E+00  0.21863140E-01  0.99767780E+03 -0.45245322E+04  0.12546356E+03  0.12546005E+03  0.10000000E+01  0.00000000E+00
  0.17970848E+01  0.10074492E+01 -0.10319132E+01  0.32183331E+00  0.10039900E+04  0.79225806E+04  0.12531018E+03  0.12531018E+03  0.10000000E+01  0.00000000E+00
  0.29774222E+01  0.90989435E+00  0.46015298E+00 -0.26682448E-01  0.10055232E+04  0.11017747E+05  0.12515567E+03  0.12515553E+03  0.10000000E+01  0.00000000E+00
  0.11438687E+01  0.15923862E+01 -0.54538095E+00 -0.10989341E+01  0.10012937E+04  0.25480312E+04  0.12500000E+03  0.12499989E+03  0.10000000E+01  0.00000000E+00
  0.98507667E+00  0.14397272E+01 -0.65185547E+00 -0.48000729E+00  0.99810925E+03 -0.36886155E+04  0.12576698E+03  0.12576566E+03  0.10000000E+01  0.00000000E+00
  0.26292062E+01  0.86017144E+00 -0.67581499E+00  0.21541862E+00  0.10022959E+04  0.45356050E+04  0.12561582E+03  0.12561228E+03  0.10000000E+01  0.00000000E+00
  0.16236312E+01  0.12620666E+01  0.42631108E+00  0.16061276E-01  0.99736273E+03 -0.51335596E+04  0.12546356E+03  0.12546202E+03  0.10000000E+01  0.00000000E+00
  0.21456025E+01  0.10357962E+01  0.84262192E+00  0.80487996E-01  0.10088631E+04  0.17858648E+05  0.12531018E+03  0.12530890E+03  0.10000000E+01  0.00000000E+00
  0.15999025E+01  0.19227724E+01  0.17916858E+01 -0.34503835E+00  0.10014946E+04  0.29454417E+04  0.12515567E+03  0.12515567E+03  0.10000000E+01  0.00000000E+00
  0.13460402E+01  0.83776414E+00  0.30153152E+00  0.73640501E+00  0.10025215E+04  0.49847935E+04  0.12500000E+03  0.12500012E+03  0.10000000E+01  0.00000000E+00
  0.10822439E+01  0.15735686E+01 -0.74889287E-01 -0.67787427E+00  0.99726385E+03 -0.53244634E+04  0.12561582E+03  0.12561399E+03  0.10000000E+01  0.00000000E+00
  0.14724127E+01  0.19780588E+01  0.16314526E+01 -0.44089717E+00  0.10020914E+04  0.41291772E+04  0.12531018E+03  0.12531004E+03  0.10000000E+01  0.00000000E+00
  0.19568729E+01  0.19563026E+01  0.27673730E+00  0.13968329E+01  0.99924646E+03 -0.14750721E+04  0.12500000E+03  0.12500000E+03  0.10000000E+01  0.00000000E+00
