  0.00000000E+00  0.00000000E+00  0.00000000E+00  0.00000000E+00  0.10018113E+04  0.35730723E+04  0.12500000E+03  0.31463645E-03  0.69999999E+00  0.99999963E+03
  0.00000000E+00  0.50000000E+00  0.00000000E+00  0.00000000E+00  0.10088474E+04  0.17826098E+05  0.12500000E+03  0.27467549E-03  0.69999999E+00  0.99999969E+03
  0.00000000E+00  0.10000000E+01  0.00000000E+00  0.00000000E+00  0.99945789E+03 -0.10618804E+04  0.12500000E+03  0.46041835E-03  0.69999999E+00  0.99999945E+03
  0.00000000E+00  0.15000000E+01  0.00000000E+00  0.00000000E+00  0.10270093E+04  0.57484574E+05  0.12500000E+03  0.12396970E-04  0.69999999E+00  0.10000000E+04
  0.00000000E+00  0.20000000E+01  0.00000000E+00  0.00000000E+00  0.10022223E+04  0.43893286E+04  0.12500000E+03 -0.20610477E-03  0.69999999E+00  0.10000002E+04
  0.00000000E+00  0.25000000E+01  0.00000000E+00  0.00000000E+00  0.10003365E+04  0.66093457E+03  0.12500000E+03  0.52922696E-04  0.69999999E+00  0.99999994E+03
  0.00000000E+00  0.30000000E+01  0.00000000E+00  0.00000000E+00  0.10000000E+04  0.00000000E+00  0.12500000E+03  0.00000000E+00  0.69999999E+00  0.10000000E+04
  0.00000000E+00  0.35000000E+01  0.00000000E+00  0.00000000E+00  0.10000000E+04  0.00000000E+00  0.12500000E+03  0.00000000E+00  0.69999999E+00  0.10000000E+04
  0.00000000E+00  0.40000000E+01  0.00000000E+00  0.00000000E+00  0.10000000E+04  0.00000000E+00  0.12500000E+03  0.00000000E+00  0.69999999E+00  0.10000000E+04
 -0.25000000E+00 -0.25000000E+00  0.00000000E+00  0.00000000E+00  0.10000385E+04  0.75554756E+02  0.12500000E+03  0.86518696E-04  0.69999999E+00  0.99999988E+03
 -0.25000000E+00  0.25000000E+00  0.00000000E+00  0.00000000E+00  0.10000221E+04  0.43272259E+02  0.12500000E+03  0.14476996E-03  0.69999999E+00  0.99999982E+03
 -0.25000000E+00  0.75000000E+00  0.00000000E+00  0.00000000E+00  0.10027681E+04  0.54762012E+04  0.12500000E+03  0.62995146E-04  0.69999999E+00  0.99999994E+03
 -0.25000000E+00  0.12500000E+01  0.00000000E+00  0.00000000E+00  0.10063633E+04  0.12725616E+05  0.12500000E+03  0.11907621E-03  0.69999999E+00  0.99999988E+03
 -0.25000000E+00  0.17500000E+01  0.00000000E+00  0.00000000E+00  0.10064348E+04  0.12871425E+05  0.12500000E+03 -0.91916896E-04  0.69999999E+00  0.10000001E+04
 -0.25000000E+00  0.22500000E+01  0.00000000E+00  0.00000000E+00  0.10002451E+04  0.48122876E+03  0.12500000E+03 -0.43921409E-04  0.69999999E+00  0.10000001E+04
 -0.25000000E+00  0.27500000E+01  0.00000000E+00  0.00000000E+00  0.10000000E+04  0.00000000E+00  0.12500000E+03  0.00000000E+00  0.69999999E+00  0.10000000E+04
 -0.25000000E+00  0.32500000E+01  0.00000000E+00  0.00000000E+00  0.10000000E+04  0.00000000E+00  0.12500000E+03  0.00000000E+00  0.69999999E+00  0.10000000E+04
 -0.25000000E+00  0.37500000E+01  0.00000000E+00  0.00000000E+00  0.10000000E+04  0.00000000E+00  0.12500000E+03  0.00000000E+00  0.69999999E+00  0.10000000E+04
  0.80000000E+01  0.00000000E+00  0.00000000E+00  0.00000000E+00  0.10000000E+04  0.00000000E+00  0.12500000E+03  0.00000000E+00  0.69999999E+00  0.10000000E+04
  0.80000000E+01  0.50000000E+00  0.00000000E+00  0.00000000E+00  0.10000000E+04  0.00000000E+00  0.12500000E+03  0.00000000E+00  0.69999999E+00  0.10000000E+04
  0.80000000E+01  0.10000000E+01  0.00000000E+00  0.00000000E+00  0.10000000E+04  0.00000000E+00  0.12500000E+03  0.00000000E+00  0.69999999E+00  0.10000000E+04
  0.80000000E+01  0.15000000E+01  0.00000000E+00  0.00000000E+00  0.10000000E+04  0.00000000E+00  0.12500000E+03  0.00000000E+00  0.69999999E+00  0.10000000E+04
  0.80000000E+01  0.20000000E+01  0.00000000E+00  0.00000000E+00  0.10000000E+04  0.00000000E+00  0.12500000E+03  0.00000000E+00  0.69999999E+00  0.10000000E+04
  0.80000000E+01  0.25000000E+01  0.00000000E+00  0.00000000E+00  0.10000000E+04  0.00000000E+00  0.12500000E+03  0.00000000E+00  0.69999999E+00  0.10000000E+04
  0.80000000E+01  0.30000000E+01  0.00000000E+00  0.00000000E+00  0.10000000E+04  0.00000000E+00  0.12500000E+03  0.00000000E+00  0.69999999E+00  0.10000000E+04
  0.80000000E+01  0.35000000E+01  0.00000000E+00  0.00000000E+00  0.10000000E+04  0.00000000E+00  0.12500000E+03  0.00000000E+00  0.69999999E+00  0.10000000E+04
  0.80000000E+01  0.40000000E+01  0.00000000E+00  0.00000000E+00  0.10000000E+04  0.00000000E+00  0.12500000E+03  0.00000000E+00  0.69999999E+00  0.10000000E+04
  0.82500000E+01 -0.25000000E+00  0.00000000E+00  0.00000000E+00  0.10000000E+04  0.00000000E+00  0.12500000E+03  0.00000000E+00  0.69999999E+00  0.10000000E+04
  0.82500000E+01  0.25000000E+00  0.00000000E+00  0.00000000E+00  0.10000000E+04  0.00000000E+00  0.12500000E+03  0.00000000E+00  0.69999999E+00  0.10000000E+04
  0.82500000E+01  0.75000000E+00  0.00000000E+00  0.00000000E+00  0.10000000E+04  0.00000000E+00  0.12500000E+03  0.00000000E+00  0.69999999E+00  0.10000000E+04
  0.82500000E+01  0.12500000E+01  0.00000000E+00  0.00000000E+00  0.10000000E+04  0.00000000E+00  0.12500000E+03  0.00000000E+00  0.69999999E+00  0.10000000E+04
  0.82500000E+01  0.17500000E+01  0.00000000E+00  0.00000000E+00  0.10000000E+04  0.00000000E+00  0.12500000E+03  0.00000000E+00  0.69999999E+00  0.10000000E+04
  0.82500000E+01  0.22500000E+01  0.00000000E+00  0.00000000E+00  0.10000000E+04  0.00000000E+00  0.12500000E+03  0.00000000E+00  0.69999999E+00  0.10000000E+04
  0.82500000E+01  0.27500000E+01  0.00000000E+00  0.00000000E+00  0.10000000E+04  0.00000000E+00  0.12500000E+03  0.00000000E+00  0.69999999E+00  0.10000000E+04
  0.82500000E+01  0.32500000E+01  0.00000000E+00  0.00000000E+00  0.10000000E+04  0.00000000E+00  0.12500000E+03  0.00000000E+00  0.69999999E+00  0.10000000E+04
  0.82500000E+01  0.37500000E+01  0.00000000E+00  0.00000000E+00  0.10000000E+04  0.00000000E+00  0.12500000E+03  0.00000000E+00  0.69999999E+00  0.10000000E+04
  0.50000000E+00  0.00000000E+00  0.00000000E+00  0.00000000E+00  0.10073027E+04  0.14645769E+05  0.12500000E+03  0.14290371E-02  0.69999999E+00  0.99999835E+03
  0.10000000E+01  0.00000000E+00  0.00000000E+00  0.00000000E+00  0.10004760E+04  0.93525201E+03  0.12500000E+03  0.77864225E-03  0.69999999E+00  0.99999908E+03
  0.15000000E+01  0.00000000E+00  0.00000000E+00  0.00000000E+00  0.10009404E+04  0.18503613E+04  0.12500000E+03  0.21067343E-02  0.69999999E+00  0.99999762E+03
  0.20000000E+01  0.00000000E+00  0.00000000E+00  0.00000000E+00  0.99979639E+03 -0.39923785E+03  0.12500000E+03  0.22430066E-02  0.69999999E+00  0.99999744E+03
  0.25000000E+01  0.00000000E+00  0.00000000E+00  0.00000000E+00  0.10158389E+04  0.32592068E+05  0.12500000E+03 -0.33880939E-03  0.69999999E+00  0.10000004E+04
  0.30000000E+01  0.00000000E+00  0.00000000E+00  0.00000000E+00  0.10281885E+04  0.60208754E+05  0.12500000E+03  0.12994200E-03  0.69999999E+00  0.99999988E+03
  0.35000000E+01  0.00000000E+00  0.00000000E+00  0.00000000E+00  0.10023746E+04  0.46923843E+04  0.12500000E+03  0.42812069E-04  0.69999999E+00  0.99999994E+03
  0.40000000E+01  0.00000000E+00  0.00000000E+00  0.00000000E+00  0.10000000E+04  0.00000000E+00  0.12500000E+03  0.00000000E+00  0.69999999E+00  0.10000000E+04
  0.45000000E+01  0.00000000E+00  0.00000000E+00  0.00000000E+00  0.10000000E+04  0.00000000E+00  0.12500000E+03  0.00000000E+00  0.69999999E+00  0.10000000E+04
  0.50000000E+01  0.00000000E+00  0.00000000E+00  0.00000000E+00  0.10000000E+04  0.00000000E+00  0.12500000E+03  0.00000000E+00  0.69999999E+00  0.10000000E+04
  0.55000000E+01  0.00000000E+00  0.00000000E+00  0.00000000E+00  0.10000000E+04  0.00000000E+00  0.12500000E+03  0.00000000E+00  0.69999999E+00  0.10000000E+04
  0.60000000E+01  0.00000000E+00  0.00000000E+00  0.00000000E+00  0.10000000E+04  0.00000000E+00  0.12500000E+03  0.00000000E+00  0.69999999E+00  0.10000000E+04
  0.65000000E+01  0.00000000E+00  0.00000000E+00  0.00000000E+00  0.10000000E+04  0.00000000E+00  0.12500000E+03  0.00000000E+00  0.69999999E+00  0.10000000E+04
  0.70000000E+01  0.00000000E+00  0.00000000E+00  0.00000000E+00  0.10000000E+04  0.00000000E+00  0.12500000E+03  0.00000000E+00  0.69999999E+00  0.10000000E+04
  0.75000000E+01  0.00000000E+00  0.00000000E+00  0.00000000E+00  0.10000000E+04  0.00000000E+00  0.12500000E+03  0.00000000E+00  0.69999999E+00  0.10000000E+04
  0.25000000E+00 -0.25000000E+00  0.00000000E+00  0.00000000E+00  0.10031754E+04  0.62897554E+04  0.12500000E+03  0.45672280E-03  0.69999999E+00  0.99999945E+03
  0.75000000E+00 -0.25000000E+00  0.00000000E+00  0.00000000E+00  0.10029446E+04  0.58285693E+04  0.12500000E+03  0.10588331E-02  0.69999999E+00  0.99999878E+03
  0.12500000E+01 -0.25000000E+00  0.00000000E+00  0.00000000E+00  0.10055889E+04  0.11150976E+05  0.12500000E+03  0.85165794E-03  0.69999999E+00  0.99999902E+03
  0.17500000E+01 -0.25000000E+00  0.00000000E+00  0.00000000E+00  0.10057656E+04  0.11509817E+05  0.12500000E+03  0.12583509E-02  0.69999999E+00  0.99999854E+03
  0.22500000E+01 -0.25000000E+00  0.00000000E+00  0.00000000E+00  0.10008291E+04  0.16307471E+04  0.12500000E+03  0.10728503E-02  0.69999999E+00  0.99999878E+03
  0.27500000E+01 -0.25000000E+00  0.00000000E+00  0.00000000E+00  0.10128151E+04  0.26130816E+05  0.12500000E+03 -0.19080973E-04  0.69999999E+00  0.10000000E+04
  0.32500000E+01 -0.25000000E+00  0.00000000E+00  0.00000000E+00  0.10003750E+04  0.73664203E+03  0.12500000E+03  0.46054563E-04  0.69999999E+00  0.99999994E+03
  0.37500000E+01 -0.25000000E+00  0.00000000E+00  0.00000000E+00  0.10000000E+04  0.00000000E+00  0.12500000E+03  0.00000000E+00  0.69999999E+00  0.10000000E+04
  0.42500000E+01 -0.25000000E+00  0.00000000E+00  0.00000000E+00  0.10000000E+04  0.00000000E+00  0.12500000E+03  0.00000000E+00  0.69999999E+00  0.10000000E+04
  0.47500000E+01 -0.25000000E+00  0.00000000E+00  0.00000000E+00  0.10000000E+04  0.00000000E+00  0.12500000E+03  0.00000000E+00  0.69999999E+00  0.10000000E+04
  0.52500000E+01 -0.25000000E+00  0.00000000E+00  0.00000000E+00  0.10000000E+04  0.00000000E+00  0.12500000E+03  0.00000000E+00  0.69999999E+00  0.10000000E+04
  0.57500000E+01 -0.25000000E+00  0.00000000E+00  0.00000000E+00  0.10000000E+04  0.00000000E+00  0.12500000E+03  0.00000000E+00  0.69999999E+00  0.10000000E+04
  0.62500000E+01 -0.25000000E+00  0.00000000E+00  0.00000000E+00  0.10000000E+04  0.00000000E+00  0.12500000E+03  0.00000000E+00  0.69999999E+00  0.10000000E+04
  0.67500000E+01 -0.25000000E+00  0.00000000E+00  0.00000000E+00  0.10000000E+04  0.00000000E+00  0.12500000E+03  0.00000000E+00  0.69999999E+00  0.10000000E+04
  0.72500000E+01 -0.25000000E+00  0.00000000E+00  0.00000000E+00  0.10000000E+04  0.00000000E+00  0.12500000E+03  0.00000000E+00  0.69999999E+00  0.10000000E+04
  0.77500000E+01 -0.25000000E+00  0.00000000E+00  0.00000000E+00  0.10000000E+04  0.00000000E+00  0.12500000E+03  0.00000000E+00  0.69999999E+00  0.10000000E+04
  0.40000000E+01  0.50000000E+00  0.00000000E+00  0.00000000E+00  0.10000000E+04  0.00000000E+00  0.12500000E+03 -0.13226411E-06  0.69999999E+00  0.10000000E+04
  0.37500000E+01  0.25000000E+00  0.00000000E+00  0.00000000E+00  0.10004910E+04  0.96480756E+03  0.12500000E+03 -0.19267594E-04  0.69999999E+00  0.10000000E+04
  0.40000000E+01  0.10000000E+01  0.00000000E+00  0.00000000E+00  0.10000011E+04  0.21050045E+01  0.12500000E+03  0.47903416E-06  0.69999999E+00  0.10000000E+04
  0.37500000E+01  0.75000000E+00  0.00000000E+00  0.00000000E+00  0.10049012E+04  0.97588887E+04  0.12500000E+03  0.10437810E-04  0.69999999E+00  0.10000000E+04
  0.40000000E+01  0.15000000E+01  0.00000000E+00  0.00000000E+00  0.10000000E+04  0.00000000E+00  0.12500000E+03  0.00000000E+00  0.69999999E+00  0.10000000E+04
  0.37500000E+01  0.12500000E+01  0.00000000E+00  0.00000000E+00  0.10018229E+04  0.35960081E+04  0.12500000E+03  0.64190253E-05  0.69999999E+00  0.10000000E+04
  0.40000000E+01  0.20000000E+01  0.00000000E+00  0.00000000E+00  0.10000000E+04  0.00000000E+00  0.12500000E+03  0.00000000E+00  0.69999999E+00  0.10000000E+04
  0.37500000E+01  0.17500000E+01  0.00000000E+00  0.00000000E+00  0.10000676E+04  0.13264175E+03  0.12500000E+03  0.12758728E-04  0.69999999E+00  0.10000000E+04
  0.45000000E+01  0.50000000E+00  0.00000000E+00  0.00000000E+00  0.10000000E+04  0.00000000E+00  0.12500000E+03  0.00000000E+00  0.69999999E+00  0.10000000E+04
  0.42500000E+01  0.25000000E+00  0.00000000E+00  0.00000000E+00  0.10000000E+04  0.00000000E+00  0.12500000E+03  0.00000000E+00  0.69999999E+00  0.10000000E+04
  0.45000000E+01  0.10000000E+01  0.00000000E+00  0.00000000E+00  0.10000000E+04  0.00000000E+00  0.12500000E+03  0.00000000E+00  0.69999999E+00  0.10000000E+04
  0.42500000E+01  0.75000000E+00  0.00000000E+00  0.00000000E+00  0.10000000E+04  0.00000000E+00  0.12500000E+03  0.00000000E+00  0.69999999E+00  0.10000000E+04
  0.45000000E+01  0.15000000E+01  0.00000000E+00  0.00000000E+00  0.10000000E+04  0.00000000E+00  0.12500000E+03  0.00000000E+00  0.69999999E+00  0.10000000E+04
  0.42500000E+01  0.12500000E+01  0.00000000E+00  0.00000000E+00  0.10000000E+04  0.00000000E+00  0.12500000E+03  0.00000000E+00  0.69999999E+00  0.10000000E+04
  0.45000000E+01  0.20000000E+01  0.00000000E+00  0.00000000E+00  0.10000000E+04  0.00000000E+00  0.12500000E+03  0.00000000E+00  0.69999999E+00  0.10000000E+04
  0.42500000E+01  0.17500000E+01  0.00000000E+00  0.00000000E+00  0.10000000E+04  0.00000000E+00  0.12500000E+03  0.00000000E+00  0.69999999E+00  0.10000000E+04
  0.50000000E+01  0.50000000E+00  0.00000000E+00  0.00000000E+00  0.10000000E+04  0.00000000E+00  0.12500000E+03  0.00000000E+00  0.69999999E+00  0.10000000E+04
  0.47500000E+01  0.25000000E+00  0.00000000E+00  0.00000000E+00  0.10000000E+04  0.00000000E+00  0.12500000E+03  0.00000000E+00  0.69999999E+00  0.10000000E+04
  0.50000000E+01  0.10000000E+01  0.00000000E+00  0.00000000E+00  0.10000000E+04  0.00000000E+00  0.12500000E+03  0.00000000E+00  0.69999999E+00  0.10000000E+04
  0.47500000E+01  0.75000000E+00  0.00000000E+00  0.00000000E+00  0.10000000E+04  0.00000000E+00  0.12500000E+03  0.00000000E+00  0.69999999E+00  0.10000000E+04
  0.50000000E+01  0.15000000E+01  0.00000000E+00  0.00000000E+00  0.10000000E+04  0.00000000E+00  0.12500000E+03  0.00000000E+00  0.69999999E+00  0.10000000E+04
  0.47500000E+01  0.12500000E+01  0.00000000E+00  0.00000000E+00  0.10000000E+04  0.00000000E+00  0.12500000E+03  0.00000000E+00  0.69999999E+00  0.10000000E+04
  0.50000000E+01  0.20000000E+01  0.00000000E+00  0.00000000E+00  0.10000000E+04  0.00000000E+00  0.12500000E+03  0.00000000E+00  0.69999999E+00  0.10000000E+04
  0.47500000E+01  0.17500000E+01  0.00000000E+00  0.00000000E+00  0.10000000E+04  0.00000000E+00  0.12500000E+03  0.00000000E+00  0.69999999E+00  0.10000000E+04
  0.73652184E+00  0.24315384E+00  0.63866541E-01  0.60635293E-02  0.10032768E+04  0.64926782E+04  0.12576698E+03  0.12576698E+03  0.10000000E+01  0.00000000E+00
  0.49897462E+00  0.51478851E+00  0.92277080E-01  0.19907093E+00  0.10040711E+04  0.80857495E+04  0.12561582E+03  0.12561440E+03  0.10000000E+01  0.00000000E+00
  0.74002612E+00  0.72915697E+00 -0.23066160E+00 -0.10032789E+00  0.10041800E+04  0.83046309E+04  0.12546356E+03  0.12546356E+03  0.10000000E+01  0.00000000E+00
  0.53038245E+00  0.97870326E+00  0.32986692E+00 -0.15070544E+00  0.10058672E+04  0.11716146E+05  0.12531018E+03  0.12531018E+03  0.10000000E+01  0.00000000E+00
  0.76383913E+00  0.12301886E+01  0.16043849E+00 -0.25667045E-01  0.10017601E+04  0.34716543E+04  0.12515567E+03  0.12515567E+03  0.10000000E+01  0.00000000E+00
  0.54393709E+00  0.14352725E+01  0.71409720E+00 -0.56668031E+00  0.10030843E+04  0.61076821E+04  0.12500000E+03  0.12500000E+03  0.10000000E+01  0.00000000E+00
  0.12668548E+01  0.23273632E+00  0.20889986E+00 -0.14496042E+00  0.10065702E+04  0.13147658E+05  0.12576698E+03  0.12576556E+03  0.10000000E+01  0.00000000E+00
  0.10118316E+01  0.48242050E+00  0.17931990E+00 -0.92673555E-01  0.10039134E+04  0.77688286E+04  0.12561582E+03  0.12561440E+03  0.10000000E+01  0.00000000E+00
  0.12893801E+01  0.71138167E+00  0.37447473E+00 -0.37128764E+00  0.10040194E+04  0.79817534E+04  0.12546356E+03  0.12546356E+03  0.10000000E+01  0.00000000E+00
  0.10283076E+01  0.96197939E+00  0.30767271E+00 -0.26533854E+00  0.10021577E+04  0.42608857E+04  0.12531018E+03  0.12531018E+03  0.10000000E+01  0.00000000E+00
  0.12929537E+01  0.11987946E+01  0.38712448E+00 -0.33513927E+00  0.10018106E+04  0.35716538E+04  0.12515567E+03  0.12515567E+03  0.10000000E+01  0.00000000E+00
  0.10222477E+01  0.14550867E+01  0.22009924E+00 -0.25486791E+00  0.10014205E+04  0.27989219E+04  0.12500000E+03  0.12500000E+03  0.10000000E+01  0.00000000E+00
  0.17905526E+01  0.24011061E+00  0.42049861E+00  0.20520916E-01  0.10061057E+04  0.12200979E+05  0.12576698E+03  0.12576556E+03  0.10000000E+01  0.00000000E+00
  0.15416350E+01  0.48191535E+00  0.30883211E+00 -0.93246251E-01  0.10055511E+04  0.11074320E+05  0.12561582E+03  0.12561440E+03  0.10000000E+01  0.00000000E+00
  0.18192015E+01  0.71056986E+00  0.55388343E+00 -0.22173966E+00  0.10045422E+04  0.90342207E+04  0.12546356E+03  0.12546356E+03  0.10000000E+01  0.00000000E+00
  0.15453980E+01  0.94765437E+00  0.31088388E+00 -0.37839490E+00  0.10032999E+04  0.65387168E+04  0.12531018E+03  0.12531018E+03  0.10000000E+01  0.00000000E+00
  0.17916946E+01  0.11577158E+01  0.24818003E+00 -0.63255441E+00  0.10025414E+04  0.50244497E+04  0.12515567E+03  0.12515567E+03  0.10000000E+01  0.00000000E+00
  0.15339296E+01  0.14230449E+01  0.21952358E+00 -0.45573056E+00  0.10032372E+04  0.64132588E+04  0.12500000E+03  0.12500000E+03  0.10000000E+01  0.00000000E+00
  0.22680368E+01  0.28004608E+00 -0.29033425E+00  0.62292665E+00  0.10033041E+04  0.65473052E+04  0.12576698E+03  0.12576698E+03  0.10000000E+01  0.00000000E+00
  0.20993357E+01  0.50006366E+00  0.96272200E+00  0.98964348E-01  0.10034340E+04  0.68072021E+04  0.12561582E+03  0.12561582E+03  0.10000000E+01  0.00000000E+00
  0.24585333E+01  0.69755375E+00  0.16980841E+01 -0.47158855E+00  0.10024922E+04  0.49263857E+04  0.12546356E+03  0.12546356E+03  0.10000000E+01  0.00000000E+00
  0.21000371E+01  0.91495001E+00  0.78209186E+00 -0.73773271E+00  0.10023107E+04  0.45650103E+04  0.12531018E+03  0.12531018E+03  0.10000000E+01  0.00000000E+00
  0.23660250E+01  0.11170871E+01  0.86109024E+00 -0.10431988E+01  0.10026504E+04  0.52415752E+04  0.12515567E+03  0.12515567E+03  0.10000000E+01  0.00000000E+00
  0.20318933E+01  0.13654950E+01  0.16899174E+00 -0.89143646E+00  0.10025292E+04  0.50002280E+04  0.12500000E+03  0.12500000E+03  0.10000000E+01  0.00000000E+00
  0.26378222E+01  0.56456304E+00  0.11819997E+01  0.12271492E+01  0.10005349E+04  0.10511438E+04  0.12561582E+03  0.12561440E+03  0.10000000E+01  0.00000000E+00
  0.27463050E+01  0.83632481E+00  0.22180629E+01 -0.12619013E+01  0.10025093E+04  0.49603369E+04  0.12531018E+03  0.12531018E+03  0.10000000E+01  0.00000000E+00
  0.26287575E+01  0.13340056E+01  0.11385200E+01 -0.10820066E+01  0.10038070E+04  0.75550815E+04  0.12500000E+03  0.12500000E+03  0.10000000E+01  0.00000000E+00
