  0.00000000E+00  0.00000000E+00  0.00000000E+00  0.00000000E+00  0.10006970E+04  0.13704098E+04  0.12500000E+03  0.21528245E-02  0.69999999E+00  0.99999756E+03
  0.00000000E+00  0.50000000E+00  0.00000000E+00  0.00000000E+00  0.10151799E+04  0.31174053E+05  0.12500000E+03  0.22026575E-02  0.69999999E+00  0.99999744E+03
  0.00000000E+00  0.10000000E+01  0.00000000E+00  0.00000000E+00  0.10174358E+04  0.36051316E+05  0.12500000E+03  0.29616237E-02  0.69999999E+00  0.99999658E+03
  0.00000000E+00  0.15000000E+01  0.00000000E+00  0.00000000E+00  0.10105679E+04  0.21403279E+05  0.12500000E+03  0.10483996E-02  0.69999999E+00  0.99999878E+03
  0.00000000E+00  0.20000000E+01  0.00000000E+00  0.00000000E+00  0.10177958E+04  0.36835684E+05  0.12500000E+03 -0.10901093E-02  0.69999999E+00  0.10000013E+04
  0.00000000E+00  0.25000000E+01  0.00000000E+00  0.00000000E+00  0.10030736E+04  0.60862402E+04  0.12500000E+03  0.33517432E-03  0.69999999E+00  0.99999963E+03
  0.00000000E+00  0.30000000E+01  0.00000000E+00  0.00000000E+00  0.10000000E+04  0.00000000E+00  0.12500000E+03  0.60528782E-05  0.69999999E+00  0.10000000E+04
  0.00000000E+00  0.35000000E+01  0.00000000E+00  0.00000000E+00  0.10000000E+04  0.00000000E+00  0.12500000E+03  0.00000000E+00  0.69999999E+00  0.10000000E+04
  0.00000000E+00  0.40000000E+01  0.00000000E+00  0.00000000E+00  0.10000000E+04  0.00000000E+00  0.12500000E+03  0.00000000E+00  0.69999999E+00  0.10000000E+04
 -0.25000000E+00 -0.25000000E+00  0.00000000E+00  0.00000000E+00  0.10006414E+04  0.12607445E+04  0.12500000E+03  0.52005530E-03  0.69999999E+00  0.99999939E+03
 -0.25000000E+00  0.25000000E+00  0.00000000E+00  0.00000000E+00  0.10009523E+04  0.18736481E+04  0.12500000E+03  0.90853969E-03  0.69999999E+00  0.99999896E+03
 -0.25000000E+00  0.75000000E+00  0.00000000E+00  0.00000000E+00  0.10092583E+04  0.18677105E+05  0.12500000E+03  0.22255079E-03  0.69999999E+00  0.99999976E+03
 -0.25000000E+00  0.12500000E+01  0.00000000E+00  0.00000000E+00  0.10034308E+04  0.68009946E+04  0.12500000E+03  0.94824325E-03  0.69999999E+00  0.99999890E+03
 -0.25000000E+00  0.17500000E+01  0.00000000E+00  0.00000000E+00  0.10011799E+04  0.23232405E+04  0.12500000E+03 -0.25265815E-03  0.69999999E+00  0.10000003E+04
 -0.25000000E+00  0.22500000E+01  0.00000000E+00  0.00000000E+00  0.10012462E+04  0.24542319E+04  0.12500000E+03 -0.15003496E-03  0.69999999E+00  0.10000002E+04
 -0.25000000E+00  0.27500000E+01  0.00000000E+00  0.00000000E+00  0.10000000E+04  0.00000000E+00  0.12500000E+03  0.39236357E-43  0.69999999E+00  0.10000000E+04
 -0.25000000E+00  0.32500000E+01  0.00000000E+00  0.00000000E+00  0.10000000E+04  0.00000000E+00  0.12500000E+03  0.00000000E+00  0.69999999E+00  0.10000000E+04
 -0.25000000E+00  0.37500000E+01  0.00000000E+00  0.00000000E+00  0.10000000E+04  0.00000000E+00  0.12500000E+03  0.00000000E+00  0.69999999E+00  0.10000000E+04
  0.80000000E+01  0.00000000E+00  0.00000000E+00  0.00000000E+00  0.10000000E+04  0.00000000E+00  0.12500000E+03  0.00000000E+00  0.69999999E+00  0.10000000E+04
  0.80000000E+01  0.50000000E+00  0.00000000E+00  0.00000000E+00  0.10000000E+04  0.00000000E+00  0.12500000E+03  0.00000000E+00  0.69999999E+00  0.10000000E+04
  0.80000000E+01  0.10000000E+01  0.00000000E+00  0.00000000E+00  0.10000000E+04  0.00000000E+00  0.12500000E+03  0.00000000E+00  0.69999999E+00  0.10000000E+04
  0.80000000E+01  0.15000000E+01  0.00000000E+00  0.00000000E+00  0.10000000E+04  0.00000000E+00  0.12500000E+03  0.00000000E+00  0.69999999E+00  0.10000000E+04
  0.80000000E+01  0.20000000E+01  0.00000000E+00  0.00000000E+00  0.10000000E+04  0.00000000E+00  0.12500000E+03  0.00000000E+00  0.69999999E+00  0.10000000E+04
  0.80000000E+01  0.25000000E+01  0.00000000E+00  0.00000000E+00  0.10000000E+04  0.00000000E+00  0.12500000E+03  0.00000000E+00  0.69999999E+00  0.10000000E+04
  0.80000000E+01  0.30000000E+01  0.00000000E+00  0.00000000E+00  0.10000000E+04  0.00000000E+00  0.12500000E+03  0.00000000E+00  0.69999999E+00  0.10000000E+04
  0.80000000E+01  0.35000000E+01  0.00000000E+00  0.00000000E+00  0.10000000E+04  0.00000000E+00  0.12500000E+03  0.00000000E+00  0.69999999E+00  0.10000000E+04
  0.80000000E+01  0.40000000E+01  0.00000000E+00  0.00000000E+00  0.10000000E+04  0.00000000E+00  0.12500000E+03  0.00000000E+00  0.69999999E+00  0.10000000E+04
  0.82500000E+01 -0.25000000E+00  0.00000000E+00  0.00000000E+00  0.10000000E+04  0.00000000E+00  0.12500000E+03  0.00000000E+00  0.69999999E+00  0.10000000E+04
  0.82500000E+01  0.25000000E+00  0.00000000E+00  0.00000000E+00  0.10000000E+04  0.00000000E+00  0.12500000E+03  0.00000000E+00  0.69999999E+00  0.10000000E+04
  0.82500000E+01  0.75000000E+00  0.00000000E+00  0.00000000E+00  0.10000000E+04  0.00000000E+00  0.12500000E+03  0.00000000E+00  0.69999999E+00  0.10000000E+04
  0.82500000E+01  0.12500000E+01  0.00000000E+00  0.00000000E+00  0.10000000E+04  0.00000000E+00  0.12500000E+03  0.00000000E+00  0.69999999E+00  0.10000000E+04
  0.82500000E+01  0.17500000E+01  0.00000000E+00  0.00000000E+00  0.10000000E+04  0.00000000E+00  0.12500000E+03  0.00000000E+00  0.69999999E+00  0.10000000E+04
  0.82500000E+01  0.22500000E+01  0.00000000E+00  0.00000000E+00  0.10000000E+04  0.00000000E+00  0.12500000E+03  0.00000000E+00  0.69999999E+00  0.10000000E+04
  0.82500000E+01  0.27500000E+01  0.00000000E+00  0.00000000E+00  0.10000000E+04  0.00000000E+00  0.12500000E+03  0.00000000E+00  0.69999999E+00  0.10000000E+04
  0.82500000E+01  0.32500000E+01  0.00000000E+00  0.00000000E+00  0.10000000E+04  0.00000000E+00  0.12500000E+03  0.00000000E+00  0.69999999E+00  0.10000000E+04
  0.82500000E+01  0.37500000E+01  0.00000000E+00  0.00000000E+00  0.10000000E+04  0.00000000E+00  0.12500000E+03  0.00000000E+00  0.69999999E+00  0.10000000E+04
  0.50000000E+00  0.00000000E+00  0.00000000E+00  0.00000000E+00  0.10280265E+04  0.59833383E+05  0.12500000E+03  0.10575045E-01  0.69999999E+00  0.99998755E+03
  0.10000000E+01  0.00000000E+00  0.00000000E+00  0.00000000E+00  0.10483018E+04  0.10966106E+06  0.12500000E+03  0.54519908E-02  0.69999999E+00  0.99999347E+03
  0.15000000E+01  0.00000000E+00  0.00000000E+00  0.00000000E+00  0.10419043E+04  0.93304820E+05  0.12500000E+03  0.18949334E-01  0.69999999E+00  0.99997742E+03
  0.20000000E+01  0.00000000E+00  0.00000000E+00  0.00000000E+00  0.11555276E+04  0.49072997E+06  0.12500000E+03  0.21518754E-01  0.69999999E+00  0.99997156E+03
  0.25000000E+01  0.00000000E+00  0.00000000E+00  0.00000000E+00  0.10361259E+04  0.79040305E+05  0.12500000E+03  0.47388892E-02  0.69999999E+00  0.99999438E+03
  0.30000000E+01  0.00000000E+00  0.00000000E+00  0.00000000E+00  0.10478894E+04  0.10858833E+06  0.12500000E+03  0.64679272E-02  0.69999999E+00  0.99999225E+03
  0.35000000E+01  0.00000000E+00  0.00000000E+00  0.00000000E+00  0.10092382E+04  0.18635334E+05  0.12500000E+03  0.24822291E-02  0.69999999E+00  0.99999713E+03
  0.40000000E+01  0.00000000E+00  0.00000000E+00  0.00000000E+00  0.10000137E+04  0.26898298E+02  0.12500000E+03 -0.68247195E-04  0.69999999E+00  0.10000001E+04
  0.45000000E+01  0.00000000E+00  0.00000000E+00  0.00000000E+00  0.10000000E+04  0.00000000E+00  0.12500000E+03  0.75361831E-41  0.69999999E+00  0.10000000E+04
  0.50000000E+01  0.00000000E+00  0.00000000E+00  0.00000000E+00  0.10000000E+04  0.00000000E+00  0.12500000E+03  0.00000000E+00  0.69999999E+00  0.10000000E+04
  0.55000000E+01  0.00000000E+00  0.00000000E+00  0.00000000E+00  0.10000000E+04  0.00000000E+00  0.12500000E+03  0.00000000E+00  0.69999999E+00  0.10000000E+04
  0.60000000E+01  0.00000000E+00  0.00000000E+00  0.00000000E+00  0.10000000E+04  0.00000000E+00  0.12500000E+03  0.00000000E+00  0.69999999E+00  0.10000000E+04
  0.65000000E+01  0.00000000E+00  0.00000000E+00  0.00000000E+00  0.10000000E+04  0.00000000E+00  0.12500000E+03  0.00000000E+00  0.69999999E+00  0.10000000E+04
  0.70000000E+01  0.00000000E+00  0.00000000E+00  0.00000000E+00  0.10000000E+04  0.00000000E+00  0.12500000E+03  0.00000000E+00  0.69999999E+00  0.10000000E+04
  0.75000000E+01  0.00000000E+00  0.00000000E+00  0.00000000E+00  0.10000000E+04  0.00000000E+00  0.12500000E+03  0.00000000E+00  0.69999999E+00  0.10000000E+04
  0.25000000E+00 -0.25000000E+00  0.00000000E+00  0.00000000E+00  0.10053245E+04  0.10614993E+05  0.12500000E+03  0.29990147E-02  0.69999999E+00  0.99999658E+03
  0.75000000E+00 -0.25000000E+00  0.00000000E+00  0.00000000E+00  0.10236536E+04  0.49834270E+05  0.12500000E+03  0.77532805E-02  0.69999999E+00  0.99999091E+03
  0.12500000E+01 -0.25000000E+00  0.00000000E+00  0.00000000E+00  0.10105576E+04  0.21381857E+05  0.12500000E+03  0.62311916E-02  0.69999999E+00  0.99999280E+03
  0.17500000E+01 -0.25000000E+00  0.00000000E+00  0.00000000E+00  0.10169355E+04  0.34964277E+05  0.12500000E+03  0.95412992E-02  0.69999999E+00  0.99998889E+03
  0.22500000E+01 -0.25000000E+00  0.00000000E+00  0.00000000E+00  0.10015458E+04  0.30469346E+04  0.12500000E+03  0.90713687E-02  0.69999999E+00  0.99998962E+03
  0.27500000E+01 -0.25000000E+00  0.00000000E+00  0.00000000E+00  0.10037383E+04  0.74172832E+04  0.12500000E+03  0.31792291E-02  0.69999999E+00  0.99999634E+03
  0.32500000E+01 -0.25000000E+00  0.00000000E+00  0.00000000E+00  0.10011896E+04  0.23423206E+04  0.12500000E+03  0.23969552E-02  0.69999999E+00  0.99999725E+03
  0.37500000E+01 -0.25000000E+00  0.00000000E+00  0.00000000E+00  0.10000070E+04  0.13565822E+02  0.12500000E+03 -0.15635355E-03  0.69999999E+00  0.10000002E+04
  0.42500000E+01 -0.25000000E+00  0.00000000E+00  0.00000000E+00  0.10000000E+04  0.00000000E+00  0.12500000E+03 -0.24769604E-37  0.69999999E+00  0.10000000E+04
  0.47500000E+01 -0.25000000E+00  0.00000000E+00  0.00000000E+00  0.10000000E+04  0.00000000E+00  0.12500000E+03 -0.87497076E-41  0.69999999E+00  0.10000000E+04
  0.52500000E+01 -0.25000000E+00  0.00000000E+00  0.00000000E+00  0.10000000E+04  0.00000000E+00  0.12500000E+03  0.00000000E+00  0.69999999E+00  0.10000000E+04
  0.57500000E+01 -0.25000000E+00  0.00000000E+00  0.00000000E+00  0.10000000E+04  0.00000000E+00  0.12500000E+03  0.00000000E+00  0.69999999E+00  0.10000000E+04
  0.62500000E+01 -0.25000000E+00  0.00000000E+00  0.00000000E+00  0.10000000E+04  0.00000000E+00  0.12500000E+03  0.00000000E+00  0.69999999E+00  0.10000000E+04
  0.67500000E+01 -0.25000000E+00  0.00000000E+00  0.00000000E+00  0.10000000E+04  0.00000000E+00  0.12500000E+03  0.00000000E+00  0.69999999E+00  0.10000000E+04
  0.72500000E+01 -0.25000000E+00  0.00000000E+00  0.00000000E+00  0.10000000E+04  0.00000000E+00  0.12500000E+03  0.00000000E+00  0.69999999E+00  0.10000000E+04
  0.77500000E+01 -0.25000000E+00  0.00000000E+00  0.00000000E+00  0.10000000E+04  0.00000000E+00  0.12500000E+03  0.00000000E+00  0.69999999E+00  0.10000000E+04
  0.40000000E+01  0.50000000E+00  0.00000000E+00  0.00000000E+00  0.10016643E+04  0.32816677E+04  0.12500000E+03 -0.24702825E-03  0.69999999E+00  0.10000003E+04
  0.37500000E+01  0.25000000E+00  0.00000000E+00  0.00000000E+00  0.10088607E+04  0.17853715E+05  0.12500000E+03 -0.11127950E-02  0.69999999E+00  0.10000013E+04
  0.40000000E+01  0.10000000E+01  0.00000000E+00  0.00000000E+00  0.10034722E+04  0.68838491E+04  0.12500000E+03 -0.93899580E-04  0.69999999E+00  0.10000001E+04
  0.37500000E+01  0.75000000E+00  0.00000000E+00  0.00000000E+00  0.10576560E+04  0.13467995E+06  0.12500000E+03  0.80535025E-03  0.69999999E+00  0.99999902E+03
  0.40000000E+01  0.15000000E+01  0.00000000E+00  0.00000000E+00  0.10012634E+04  0.24881663E+04  0.12500000E+03  0.28057245E-03  0.69999999E+00  0.99999969E+03
  0.37500000E+01  0.12500000E+01  0.00000000E+00  0.00000000E+00  0.10384318E+04  0.84675500E+05  0.12500000E+03  0.60025341E-03  0.69999999E+00  0.99999927E+03
  0.40000000E+01  0.20000000E+01  0.00000000E+00  0.00000000E+00  0.10002200E+04  0.43180936E+03  0.12500000E+03  0.24087210E-03  0.69999999E+00  0.99999969E+03
  0.37500000E+01  0.17500000E+01  0.00000000E+00  0.00000000E+00  0.10328413E+04  0.71142164E+05  0.12500000E+03  0.13301251E-02  0.69999999E+00  0.99999841E+03
  0.45000000E+01  0.50000000E+00  0.00000000E+00  0.00000000E+00  0.10000000E+04  0.00000000E+00  0.12500000E+03  0.26327596E-40  0.69999999E+00  0.10000000E+04
  0.42500000E+01  0.25000000E+00  0.00000000E+00  0.00000000E+00  0.10000018E+04  0.35083482E+01  0.12500000E+03 -0.74084828E-05  0.69999999E+00  0.10000000E+04
  0.45000000E+01  0.10000000E+01  0.00000000E+00  0.00000000E+00  0.10000000E+04  0.00000000E+00  0.12500000E+03  0.00000000E+00  0.69999999E+00  0.10000000E+04
  0.42500000E+01  0.75000000E+00  0.00000000E+00  0.00000000E+00  0.10000944E+04  0.18529227E+03  0.12500000E+03 -0.10442676E-04  0.69999999E+00  0.10000000E+04
  0.45000000E+01  0.15000000E+01  0.00000000E+00  0.00000000E+00  0.10000000E+04  0.00000000E+00  0.12500000E+03 -0.00000000E+00  0.69999999E+00  0.10000000E+04
  0.42500000E+01  0.12500000E+01  0.00000000E+00  0.00000000E+00  0.10000066E+04  0.12864128E+02  0.12500000E+03  0.34267537E-05  0.69999999E+00  0.10000000E+04
  0.45000000E+01  0.20000000E+01  0.00000000E+00  0.00000000E+00  0.10000000E+04  0.00000000E+00  0.12500000E+03  0.00000000E+00  0.69999999E+00  0.10000000E+04
  0.42500000E+01  0.17500000E+01  0.00000000E+00  0.00000000E+00  0.10000031E+04  0.60811610E+01  0.12500000E+03  0.28991612E-05  0.69999999E+00  0.10000000E+04
  0.50000000E+01  0.50000000E+00  0.00000000E+00  0.00000000E+00  0.10000000E+04  0.00000000E+00  0.12500000E+03  0.00000000E+00  0.69999999E+00  0.10000000E+04
  0.47500000E+01  0.25000000E+00  0.00000000E+00  0.00000000E+00  0.10000000E+04  0.00000000E+00  0.12500000E+03  0.86376037E-41  0.69999999E+00  0.10000000E+04
  0.50000000E+01  0.10000000E+01  0.00000000E+00  0.00000000E+00  0.10000000E+04  0.00000000E+00  0.12500000E+03  0.00000000E+00  0.69999999E+00  0.10000000E+04
  0.47500000E+01  0.75000000E+00  0.00000000E+00  0.00000000E+00  0.10000000E+04  0.00000000E+00  0.12500000E+03  0.00000000E+00  0.69999999E+00  0.10000000E+04
  0.50000000E+01  0.15000000E+01  0.00000000E+00  0.00000000E+00  0.10000000E+04  0.00000000E+00  0.12500000E+03  0.00000000E+00  0.69999999E+00  0.10000000E+04
  0.47500000E+01  0.12500000E+01  0.00000000E+00  0.00000000E+00  0.10000000E+04  0.00000000E+00  0.12500000E+03  0.00000000E+00  0.69999999E+00  0.10000000E+04
  0.50000000E+01  0.20000000E+01  0.00000000E+00  0.00000000E+00  0.10000000E+04  0.00000000E+00  0.12500000E+03  0.00000000E+00  0.69999999E+00  0.10000000E+04
  0.47500000E+01  0.17500000E+01  0.00000000E+00  0.00000000E+00  0.10000000E+04  0.00000000E+00  0.12500000E+03 -0.00000000E+00  0.69999999E+00  0.10000000E+04
  0.27645156E+01  0.93996310E+00 -0.82205290E+00 -0.50727367E+00  0.99929517E+03 -0.13799459E+04  0.12576698E+03  0.12576674E+03  0.10000000E+01  0.00000000E+00
  0.14675502E+01  0.98737049E+00  0.10604618E+00 -0.33013570E+00  0.10080281E+04  0.16135461E+05  0.12561582E+03  0.12561256E+03  0.10000000E+01  0.00000000E+00
  0.14905005E+01  0.13783735E+01  0.10578952E+01 -0.16619959E+01  0.99811365E+03 -0.36801748E+04  0.12546356E+03  0.12546333E+03  0.10000000E+01  0.00000000E+00
  0.20923672E+01  0.16260144E+01  0.14794130E+01  0.11206837E+01  0.10058117E+04  0.11603279E+05  0.12531018E+03  0.12531027E+03  0.10000000E+01  0.00000000E+00
  0.25123229E+01  0.17134470E+01  0.85451603E+00  0.14913183E+01  0.10001893E+04  0.37162613E+03  0.12515567E+03  0.12515567E+03  0.10000000E+01  0.00000000E+00
  0.29092708E+01  0.14817519E+01 -0.19802749E+00  0.35488486E+00  0.10122066E+04  0.24844336E+05  0.12500000E+03  0.12500000E+03  0.10000000E+01  0.00000000E+00
  0.26514988E+01  0.90974343E+00  0.43251827E-01  0.43159741E+00  0.99504358E+03 -0.95810967E+04  0.12576698E+03  0.12575494E+03  0.10000000E+01  0.00000000E+00
  0.11646782E+01  0.95732379E+00 -0.74671674E+00 -0.18843961E+00  0.10016151E+04  0.31843535E+04  0.12561582E+03  0.12560624E+03  0.10000000E+01  0.00000000E+00
  0.10712221E+01  0.12327504E+01 -0.37361038E+00 -0.13803468E+01  0.10024985E+04  0.49389688E+04  0.12546356E+03  0.12546037E+03  0.10000000E+01  0.00000000E+00
  0.24964621E+01  0.13766943E+01 -0.37652515E-01  0.33254945E+00  0.10055403E+04  0.11052318E+05  0.12531018E+03  0.12531038E+03  0.10000000E+01  0.00000000E+00
  0.11260377E+01  0.88137805E+00 -0.27932984E+00 -0.18975401E+00  0.10042075E+04  0.83600332E+04  0.12515567E+03  0.12515567E+03  0.10000000E+01  0.00000000E+00
  0.71099138E+00  0.91084194E+00 -0.22043189E+00 -0.86698341E+00  0.10123426E+04  0.25131469E+05  0.12500000E+03  0.12500000E+03  0.10000000E+01  0.00000000E+00
  0.20297019E+01  0.98326516E+00 -0.39757138E+00  0.59312785E+00  0.10111156E+04  0.22549582E+05  0.12576698E+03  0.12575644E+03  0.10000000E+01  0.00000000E+00
  0.24893377E+01  0.90811300E+00  0.11225003E+01  0.43687454E+00  0.10009080E+04  0.17863900E+04  0.12561582E+03  0.12561089E+03  0.10000000E+01  0.00000000E+00
  0.28442745E+01  0.82324851E+00  0.21272767E+00  0.14023669E+01  0.99761383E+03 -0.46482515E+04  0.12546356E+03  0.12546005E+03  0.10000000E+01  0.00000000E+00
  0.21531847E+01  0.12805251E+01  0.30741295E+00  0.99145353E+00  0.99883374E+03 -0.22802588E+04  0.12531018E+03  0.12531018E+03  0.10000000E+01  0.00000000E+00
  0.29396873E+01  0.79820597E+00 -0.12139904E+01 -0.60652781E+00  0.10068655E+04  0.13750748E+05  0.12515567E+03  0.12515553E+03  0.10000000E+01  0.00000000E+00
  0.16517866E+01  0.15207214E+01  0.12297738E+01 -0.14778516E+01  0.10055659E+04  0.11104304E+05  0.12500000E+03  0.12499989E+03  0.10000000E+01  0.00000000E+00
  0.90883791E+00  0.10225388E+01 -0.15365982E+00 -0.34403592E+00  0.10032550E+04  0.64490312E+04  0.12576698E+03  0.12576566E+03  0.10000000E+01  0.00000000E+00
  0.24365468E+01  0.92122459E+00  0.65548629E+00  0.74989712E+00  0.10008887E+04  0.17482954E+04  0.12561582E+03  0.12561221E+03  0.10000000E+01  0.00000000E+00
  0.27890553E+01  0.14310043E+01 -0.17025244E+01  0.21368635E+01  0.10103234E+04  0.20892713E+05  0.12546356E+03  0.12546202E+03  0.10000000E+01  0.00000000E+00
  0.19794910E+01  0.95326710E+00  0.22467965E+00 -0.10265231E+00  0.10104877E+04  0.21235664E+05  0.12531018E+03  0.12530890E+03  0.10000000E+01  0.00000000E+00
  0.10066342E+01  0.15431244E+01 -0.90603627E-01 -0.10532172E+01  0.10050944E+04  0.10149294E+05  0.12515567E+03  0.12515567E+03  0.10000000E+01  0.00000000E+00
  0.15276306E+01  0.80550551E+00  0.86070991E+00  0.26599124E+00  0.10202654E+04  0.42261207E+05  0.12500000E+03  0.12500012E+03  0.10000000E+01  0.00000000E+00
  0.13444135E+01  0.15114269E+01 -0.11369387E+01 -0.16999613E+01  0.10064512E+04  0.12904969E+05  0.12561582E+03  0.12561399E+03  0.10000000E+01  0.00000000E+00
  0.26021919E+01  0.19746277E+01 -0.82891786E+00  0.12754090E+01  0.10046816E+04  0.93152910E+04  0.12531018E+03  0.12531004E+03  0.10000000E+01  0.00000000E+00
  0.27703660E+01  0.20570226E+01  0.22130828E+01  0.34344804E+00  0.10032225E+04  0.63841670E+04  0.12500000E+03  0.12500000E+03  0.10000000E+01  0.00000000E+00
