  0.00000000E+00  0.00000000E+00  0.00000000E+00  0.00000000E+00  0.10000693E+04  0.13615152E+03  0.12500000E+03  0.10989872E-02  0.69999999E+00  0.99999872E+03
  0.00000000E+00  0.50000000E+00  0.00000000E+00  0.00000000E+00  0.10028156E+04  0.55710972E+04  0.12500000E+03  0.63853321E-03  0.69999999E+00  0.99999927E+03
  0.00000000E+00  0.10000000E+01  0.00000000E+00  0.00000000E+00  0.10176360E+04  0.36487188E+05  0.12500000E+03  0.13538664E-02  0.69999999E+00  0.99999841E+03
  0.00000000E+00  0.15000000E+01  0.00000000E+00  0.00000000E+00  0.10217471E+04  0.45554660E+05  0.12500000E+03  0.41172880E-03  0.69999999E+00  0.99999951E+03
  0.00000000E+00  0.20000000E+01  0.00000000E+00  0.00000000E+00  0.10059073E+04  0.11797550E+05  0.12500000E+03 -0.31668277E-03  0.69999999E+00  0.10000004E+04
  0.00000000E+00  0.25000000E+01  0.00000000E+00  0.00000000E+00  0.10002466E+04  0.48403955E+03  0.12500000E+03  0.71152863E-04  0.69999999E+00  0.99999994E+03
  0.00000000E+00  0.30000000E+01  0.00000000E+00  0.00000000E+00  0.10000000E+04  0.00000000E+00  0.12500000E+03  0.00000000E+00  0.69999999E+00  0.10000000E+04
  0.00000000E+00  0.35000000E+01  0.00000000E+00  0.00000000E+00  0.10000000E+04  0.00000000E+00  0.12500000E+03  0.00000000E+00  0.69999999E+00  0.10000000E+04
  0.00000000E+00  0.40000000E+01  0.00000000E+00  0.00000000E+00  0.10000000E+04  0.00000000E+00  0.12500000E+03  0.00000000E+00  0.69999999E+00  0.10000000E+04
 -0.25000000E+00 -0.25000000E+00  0.00000000E+00  0.00000000E+00  0.10002386E+04  0.46858041E+03  0.12500000E+03  0.35575780E-03  0.69999999E+00  0.99999957E+03
 -0.25000000E+00  0.25000000E+00  0.00000000E+00  0.00000000E+00  0.10008722E+04  0.17156128E+04  0.12500000E+03  0.45752624E-03  0.69999999E+00  0.99999945E+03
 -0.25000000E+00  0.75000000E+00  0.00000000E+00  0.00000000E+00  0.10019280E+04  0.38046299E+04  0.12500000E+03 -0.18462943E-04  0.69999999E+00  0.10000000E+04
 -0.25000000E+00  0.12500000E+01  0.00000000E+00  0.00000000E+00  0.10101420E+04  0.20514312E+05  0.12500000E+03  0.42457058E-03  0.69999999E+00  0.99999951E+03
 -0.25000000E+00  0.17500000E+01  0.00000000E+00  0.00000000E+00  0.10001616E+04  0.31730682E+03  0.12500000E+03 -0.10675416E-03  0.69999999E+00  0.10000001E+04
 -0.25000000E+00  0.22500000E+01  0.00000000E+00  0.00000000E+00  0.10004730E+04  0.92938812E+03  0.12500000E+03 -0.62706749E-04  0.69999999E+00  0.10000001E+04
 -0.25000000E+00  0.27500000E+01  0.00000000E+00  0.00000000E+00  0.10000000E+04  0.00000000E+00  0.12500000E+03  0.00000000E+00  0.69999999E+00  0.10000000E+04
 -0.25000000E+00  0.32500000E+01  0.00000000E+00  0.00000000E+00  0.10000000E+04  0.00000000E+00  0.12500000E+03  0.00000000E+00  0.69999999E+00  0.10000000E+04
 -0.25000000E+00  0.37500000E+01  0.00000000E+00  0.00000000E+00  0.10000000E+04  0.00000000E+00  0.12500000E+03  0.00000000E+00  0.69999999E+00  0.10000000E+04
  0.80000000E+01  0.00000000E+00  0.00000000E+00  0.00000000E+00  0.10000000E+04  0.00000000E+00  0.12500000E+03  0.00000000E+00  0.69999999E+00  0.10000000E+04
  0.80000000E+01  0.50000000E+00  0.00000000E+00  0.00000000E+00  0.10000000E+04  0.00000000E+00  0.12500000E+03  0.00000000E+00  0.69999999E+00  0.10000000E+04
  0.80000000E+01  0.10000000E+01  0.00000000E+00  0.00000000E+00  0.10000000E+04  0.00000000E+00  0.12500000E+03  0.00000000E+00  0.69999999E+00  0.10000000E+04
  0.80000000E+01  0.15000000E+01  0.00000000E+00  0.00000000E+00  0.10000000E+04  0.00000000E+00  0.12500000E+03  0.00000000E+00  0.69999999E+00  0.10000000E+04
  0.80000000E+01  0.20000000E+01  0.00000000E+00  0.00000000E+00  0.10000000E+04  0.00000000E+00  0.12500000E+03  0.00000000E+00  0.69999999E+00  0.10000000E+04
  0.80000000E+01  0.25000000E+01  0.00000000E+00  0.00000000E+00  0.10000000E+04  0.00000000E+00  0.12500000E+03  0.00000000E+00  0.69999999E+00  0.10000000E+04
  0.80000000E+01  0.30000000E+01  0.00000000E+00  0.00000000E+00  0.10000000E+04  0.00000000E+00  0.12500000E+03  0.00000000E+00  0.69999999E+00  0.10000000E+04
  0.80000000E+01  0.35000000E+01  0.00000000E+00  0.00000000E+00  0.10000000E+04  0.00000000E+00  0.12500000E+03  0.00000000E+00  0.69999999E+00  0.10000000E+04
  0.80000000E+01  0.40000000E+01  0.00000000E+00  0.00000000E+00  0.10000000E+04  0.00000000E+00  0.12500000E+03  0.00000000E+00  0.69999999E+00  0.10000000E+04
  0.82500000E+01 -0.25000000E+00  0.00000000E+00  0.00000000E+00  0.10000000E+04  0.00000000E+00  0.12500000E+03  0.00000000E+00  0.69999999E+00  0.10000000E+04
  0.82500000E+01  0.25000000E+00  0.00000000E+00  0.00000000E+00  0.10000000E+04  0.00000000E+00  0.12500000E+03  0.00000000E+00  0.69999999E+00  0.10000000E+04
  0.82500000E+01  0.75000000E+00  0.00000000E+00  0.00000000E+00  0.10000000E+04  0.00000000E+00  0.12500000E+03  0.00000000E+00  0.69999999E+00  0.10000000E+04
  0.82500000E+01  0.12500000E+01  0.00000000E+00  0.00000000E+00  0.10000000E+04  0.00000000E+00  0.12500000E+03  0.00000000E+00  0.69999999E+00  0.10000000E+04
  0.82500000E+01  0.17500000E+01  0.00000000E+00  0.00000000E+00  0.10000000E+04  0.00000000E+00  0.12500000E+03  0.00000000E+00  0.69999999E+00  0.10000000E+04
  0.82500000E+01  0.22500000E+01  0.00000000E+00  0.00000000E+00  0.10000000E+04  0.00000000E+00  0.12500000E+03  0.00000000E+00  0.69999999E+00  0.10000000E+04
  0.82500000E+01  0.27500000E+01  0.00000000E+00  0.00000000E+00  0.10000000E+04  0.00000000E+00  0.12500000E+03  0.00000000E+00  0.69999999E+00  0.10000000E+04
  0.82500000E+01  0.32500000E+01  0.00000000E+00  0.00000000E+00  0.10000000E+04  0.00000000E+00  0.12500000E+03  0.00000000E+00  0.69999999E+00  0.10000000E+04
  0.82500000E+01  0.37500000E+01  0.00000000E+00  0.00000000E+00  0.10000000E+04  0.00000000E+00  0.12500000E+03  0.00000000E+00  0.69999999E+00  0.10000000E+04
  0.50000000E+00  0.00000000E+00  0.00000000E+00  0.00000000E+00  0.10057892E+04  0.11557514E+05  0.12500000E+03  0.51188921E-02  0.69999999E+00  0.99999414E+03
  0.10000000E+01  0.00000000E+00  0.00000000E+00  0.00000000E+00  0.99981189E+03 -0.36886804E+03  0.12500000E+03  0.18348651E-02  0.69999999E+00  0.99999792E+03
  0.15000000E+01  0.00000000E+00  0.00000000E+00  0.00000000E+00  0.10060785E+04  0.12145674E+05  0.12500000E+03  0.80473414E-02  0.69999999E+00  0.99999078E+03
  0.20000000E+01  0.00000000E+00  0.00000000E+00  0.00000000E+00  0.10118109E+04  0.24010420E+05  0.12500000E+03  0.88062566E-02  0.69999999E+00  0.99998981E+03
  0.25000000E+01  0.00000000E+00  0.00000000E+00  0.00000000E+00  0.10121018E+04  0.24623291E+05  0.12500000E+03  0.15532495E-03  0.69999999E+00  0.99999982E+03
  0.30000000E+01  0.00000000E+00  0.00000000E+00  0.00000000E+00  0.10303000E+04  0.65133844E+05  0.12500000E+03  0.13084053E-02  0.69999999E+00  0.99999847E+03
  0.35000000E+01  0.00000000E+00  0.00000000E+00  0.00000000E+00  0.10157712E+04  0.32446369E+05  0.12500000E+03  0.49895205E-03  0.69999999E+00  0.99999945E+03
  0.40000000E+01  0.00000000E+00  0.00000000E+00  0.00000000E+00  0.10000134E+04  0.26430483E+02  0.12500000E+03 -0.26112233E-04  0.69999999E+00  0.10000000E+04
  0.45000000E+01  0.00000000E+00  0.00000000E+00  0.00000000E+00  0.10000000E+04  0.00000000E+00  0.12500000E+03  0.00000000E+00  0.69999999E+00  0.10000000E+04
  0.50000000E+01  0.00000000E+00  0.00000000E+00  0.00000000E+00  0.10000000E+04  0.00000000E+00  0.12500000E+03  0.00000000E+00  0.69999999E+00  0.10000000E+04
  0.55000000E+01  0.00000000E+00  0.00000000E+00  0.00000000E+00  0.10000000E+04  0.00000000E+00  0.12500000E+03  0.00000000E+00  0.69999999E+00  0.10000000E+04
  0.60000000E+01  0.00000000E+00  0.00000000E+00  0.00000000E+00  0.10000000E+04  0.00000000E+00  0.12500000E+03  0.00000000E+00  0.69999999E+00  0.10000000E+04
  0.65000000E+01  0.00000000E+00  0.00000000E+00  0.00000000E+00  0.10000000E+04  0.00000000E+00  0.12500000E+03  0.00000000E+00  0.69999999E+00  0.10000000E+04
  0.70000000E+01  0.00000000E+00  0.00000000E+00  0.00000000E+00  0.10000000E+04  0.00000000E+00  0.12500000E+03  0.00000000E+00  0.69999999E+00  0.10000000E+04
  0.75000000E+01  0.00000000E+00  0.00000000E+00  0.00000000E+00  0.10000000E+04  0.00000000E+00  0.12500000E+03  0.00000000E+00  0.69999999E+00  0.10000000E+04
  0.25000000E+00 -0.25000000E+00  0.00000000E+00  0.00000000E+00  0.10012278E+04  0.24177095E+04  0.12500000E+03  0.16737035E-02  0.69999999E+00  0.99999811E+03
  0.75000000E+00 -0.25000000E+00  0.00000000E+00  0.00000000E+00  0.10040959E+04  0.81356025E+04  0.12500000E+03  0.38544899E-02  0.69999999E+00  0.99999561E+03
  0.12500000E+01 -0.25000000E+00  0.00000000E+00  0.00000000E+00  0.10041583E+04  0.82612266E+04  0.12500000E+03  0.29101507E-02  0.69999999E+00  0.99999664E+03
  0.17500000E+01 -0.25000000E+00  0.00000000E+00  0.00000000E+00  0.10069285E+04  0.13879440E+05  0.12500000E+03  0.43550776E-02  0.69999999E+00  0.99999500E+03
  0.22500000E+01 -0.25000000E+00  0.00000000E+00  0.00000000E+00  0.10061038E+04  0.12197098E+05  0.12500000E+03  0.37263224E-02  0.69999999E+00  0.99999573E+03
  0.27500000E+01 -0.25000000E+00  0.00000000E+00  0.00000000E+00  0.10007319E+04  0.14392334E+04  0.12500000E+03  0.41806645E-03  0.69999999E+00  0.99999951E+03
  0.32500000E+01 -0.25000000E+00  0.00000000E+00  0.00000000E+00  0.10025742E+04  0.50897627E+04  0.12500000E+03  0.54272875E-03  0.69999999E+00  0.99999939E+03
  0.37500000E+01 -0.25000000E+00  0.00000000E+00  0.00000000E+00  0.10000049E+04  0.95895748E+01  0.12500000E+03 -0.50144547E-04  0.69999999E+00  0.10000001E+04
  0.42500000E+01 -0.25000000E+00  0.00000000E+00  0.00000000E+00  0.10000000E+04  0.00000000E+00  0.12500000E+03 -0.00000000E+00  0.69999999E+00  0.10000000E+04
  0.47500000E+01 -0.25000000E+00  0.00000000E+00  0.00000000E+00  0.10000000E+04  0.00000000E+00  0.12500000E+03  0.00000000E+00  0.69999999E+00  0.10000000E+04
  0.52500000E+01 -0.25000000E+00  0.00000000E+00  0.00000000E+00  0.10000000E+04  0.00000000E+00  0.12500000E+03  0.00000000E+00  0.69999999E+00  0.10000000E+04
  0.57500000E+01 -0.25000000E+00  0.00000000E+00  0.00000000E+00  0.10000000E+04  0.00000000E+00  0.12500000E+03  0.00000000E+00  0.69999999E+00  0.10000000E+04
  0.62500000E+01 -0.25000000E+00  0.00000000E+00  0.00000000E+00  0.10000000E+04  0.00000000E+00  0.12500000E+03  0.00000000E+00  0.69999999E+00  0.10000000E+04
  0.67500000E+01 -0.25000000E+00  0.00000000E+00  0.00000000E+00  0.10000000E+04  0.00000000E+00  0.12500000E+03  0.00000000E+00  0.69999999E+00  0.10000000E+04
  0.72500000E+01 -0.25000000E+00  0.00000000E+00  0.00000000E+00  0.10000000E+04  0.00000000E+00  0.12500000E+03  0.00000000E+00  0.69999999E+00  0.10000000E+04
  0.77500000E+01 -0.25000000E+00  0.00000000E+00  0.00000000E+00  0.10000000E+04  0.00000000E+00  0.12500000E+03  0.00000000E+00  0.69999999E+00  0.10000000E+04
  0.40000000E+01  0.50000000E+00  0.00000000E+00  0.00000000E+00  0.10047085E+04  0.93696562E+04  0.12500000E+03 -0.64126609E-04  0.69999999E+00  0.10000001E+04
  0.37500000E+01  0.25000000E+00  0.00000000E+00  0.00000000E+00  0.10141919E+04  0.29058377E+05  0.12500000E+03 -0.24050369E-03  0.69999999E+00  0.10000003E+04
  0.40000000E+01  0.10000000E+01  0.00000000E+00  0.00000000E+00  0.10084080E+04  0.16918383E+05  0.12500000E+03  0.61753153E-05  0.69999999E+00  0.10000000E+04
  0.37500000E+01  0.75000000E+00  0.00000000E+00  0.00000000E+00  0.10654952E+04  0.15669433E+06  0.12500000E+03  0.11638849E-03  0.69999999E+00  0.99999988E+03
  0.40000000E+01  0.15000000E+01  0.00000000E+00  0.00000000E+00  0.10010114E+04  0.19903419E+04  0.12500000E+03  0.75165241E-04  0.69999999E+00  0.99999994E+03
  0.37500000E+01  0.12500000E+01  0.00000000E+00  0.00000000E+00  0.10365706E+04  0.80121125E+05  0.12500000E+03  0.23046383E-03  0.69999999E+00  0.99999976E+03
  0.40000000E+01  0.20000000E+01  0.00000000E+00  0.00000000E+00  0.10000315E+04  0.61752430E+02  0.12500000E+03  0.20776821E-04  0.69999999E+00  0.10000000E+04
  0.37500000E+01  0.17500000E+01  0.00000000E+00  0.00000000E+00  0.10022234E+04  0.43914614E+04  0.12500000E+03  0.22049771E-03  0.69999999E+00  0.99999976E+03
  0.45000000E+01  0.50000000E+00  0.00000000E+00  0.00000000E+00  0.10000000E+04  0.00000000E+00  0.12500000E+03  0.00000000E+00  0.69999999E+00  0.10000000E+04
  0.42500000E+01  0.25000000E+00  0.00000000E+00  0.00000000E+00  0.10000018E+04  0.35083482E+01  0.12500000E+03 -0.74084828E-05  0.69999999E+00  0.10000000E+04
  0.45000000E+01  0.10000000E+01  0.00000000E+00  0.00000000E+00  0.10000000E+04  0.00000000E+00  0.12500000E+03  0.00000000E+00  0.69999999E+00  0.10000000E+04
  0.42500000E+01  0.75000000E+00  0.00000000E+00  0.00000000E+00  0.10001677E+04  0.32924695E+03  0.12500000E+03 -0.39476095E-05  0.69999999E+00  0.10000000E+04
  0.45000000E+01  0.15000000E+01  0.00000000E+00  0.00000000E+00  0.10000000E+04  0.00000000E+00  0.12500000E+03  0.00000000E+00  0.69999999E+00  0.10000000E+04
  0.42500000E+01  0.12500000E+01  0.00000000E+00  0.00000000E+00  0.10000068E+04  0.13331923E+02  0.12500000E+03  0.69622315E-05  0.69999999E+00  0.10000000E+04
  0.45000000E+01  0.20000000E+01  0.00000000E+00  0.00000000E+00  0.10000000E+04  0.00000000E+00  0.12500000E+03  0.00000000E+00  0.69999999E+00  0.10000000E+04
  0.42500000E+01  0.17500000E+01  0.00000000E+00  0.00000000E+00  0.10000000E+04  0.00000000E+00  0.12500000E+03  0.00000000E+00  0.69999999E+00  0.10000000E+04
  0.50000000E+01  0.50000000E+00  0.00000000E+00  0.00000000E+00  0.10000000E+04  0.00000000E+00  0.12500000E+03  0.00000000E+00  0.69999999E+00  0.10000000E+04
  0.47500000E+01  0.25000000E+00  0.00000000E+00  0.00000000E+00  0.10000000E+04  0.00000000E+00  0.12500000E+03  0.00000000E+00  0.69999999E+00  0.10000000E+04
  0.50000000E+01  0.10000000E+01  0.00000000E+00  0.00000000E+00  0.10000000E+04  0.00000000E+00  0.12500000E+03  0.00000000E+00  0.69999999E+00  0.10000000E+04
  0.47500000E+01  0.75000000E+00  0.00000000E+00  0.00000000E+00  0.10000000E+04  0.00000000E+00  0.12500000E+03  0.00000000E+00  0.69999999E+00  0.10000000E+04
  0.50000000E+01  0.15000000E+01  0.00000000E+00  0.00000000E+00  0.10000000E+04  0.00000000E+00  0.12500000E+03  0.00000000E+00  0.69999999E+00  0.10000000E+04
  0.47500000E+01  0.12500000E+01  0.00000000E+00  0.00000000E+00  0.10000000E+04  0.00000000E+00  0.12500000E+03  0.00000000E+00  0.69999999E+00  0.10000000E+04
  0.50000000E+01  0.20000000E+01  0.00000000E+00  0.00000000E+00  0.10000000E+04  0.00000000E+00  0.12500000E+03  0.00000000E+00  0.69999999E+00  0.10000000E+04
  0.47500000E+01  0.17500000E+01  0.00000000E+00  0.00000000E+00  0.10000000E+04  0.00000000E+00  0.12500000E+03  0.00000000E+00  0.69999999E+00  0.10000000E+04
  0.74126744E+00  0.25913665E+00 -0.20590407E+00 -0.27441770E+00  0.10014006E+04  0.27595308E+04  0.12576698E+03  0.12576698E+03  0.10000000E+01  0.00000000E+00
  0.56788290E+00  0.54469872E+00  0.55424941E+00  0.19639528E+00  0.10075049E+04  0.15060395E+05  0.12561582E+03  0.12561256E+03  0.10000000E+01  0.00000000E+00
  0.60984504E+00  0.64089179E+00 -0.22049534E+00  0.30857837E+00  0.10047824E+04  0.95188447E+04  0.12546356E+03  0.12546356E+03  0.10000000E+01  0.00000000E+00
  0.91270512E+00  0.82843125E+00  0.76260746E-01  0.47243783E+00  0.10061663E+04  0.12324479E+05  0.12531018E+03  0.12531018E+03  0.10000000E+01  0.00000000E+00
  0.12358266E+01  0.10417342E+01 -0.15321243E+00 -0.52614731E+00  0.10003222E+04  0.63281244E+03  0.12515567E+03  0.12515567E+03  0.10000000E+01  0.00000000E+00
  0.17104161E+01  0.14229314E+01  0.16788549E+01 -0.30018035E+00  0.99669495E+03 -0.64206191E+04  0.12500000E+03  0.12500000E+03  0.10000000E+01  0.00000000E+00
  0.13701441E+01  0.18109140E+00 -0.52319443E+00 -0.57859898E+00  0.99805389E+03 -0.37960122E+04  0.12576698E+03  0.12576064E+03  0.10000000E+01  0.00000000E+00
  0.10280138E+01  0.46398395E+00 -0.83734319E-01 -0.29642576E+00  0.10015727E+04  0.31002898E+04  0.12561582E+03  0.12561013E+03  0.10000000E+01  0.00000000E+00
  0.14320028E+01  0.57878637E+00 -0.17259076E+00 -0.77466440E+00  0.10014417E+04  0.28406770E+04  0.12546356E+03  0.12546346E+03  0.10000000E+01  0.00000000E+00
  0.11336476E+01  0.76566291E+00 -0.65726984E+00 -0.29163575E+00  0.10035002E+04  0.69399727E+04  0.12531018E+03  0.12531018E+03  0.10000000E+01  0.00000000E+00
  0.16535997E+01  0.10708830E+01 -0.34101266E-01 -0.11626992E+01  0.99662799E+03 -0.65493389E+04  0.12515567E+03  0.12515567E+03  0.10000000E+01  0.00000000E+00
  0.14272732E+01  0.13371508E+01 -0.56768656E-02 -0.13361460E+01  0.99544379E+03 -0.88180752E+04  0.12500000E+03  0.12500000E+03  0.10000000E+01  0.00000000E+00
  0.20127161E+01  0.29401651E+00  0.56731308E+00 -0.80347791E-01  0.99778888E+03 -0.43094956E+04  0.12576698E+03  0.12576129E+03  0.10000000E+01  0.00000000E+00
  0.18419170E+01  0.51321673E+00  0.97021401E+00  0.13440263E+00  0.10077986E+04  0.15663421E+05  0.12561582E+03  0.12561089E+03  0.10000000E+01  0.00000000E+00
  0.24630942E+01  0.64419615E+00  0.11623609E+01 -0.10327022E+01  0.10021599E+04  0.42651509E+04  0.12546356E+03  0.12546356E+03  0.10000000E+01  0.00000000E+00
  0.18889396E+01  0.77771533E+00  0.73221880E+00 -0.22390935E+00  0.10110641E+04  0.22441881E+05  0.12531018E+03  0.12531018E+03  0.10000000E+01  0.00000000E+00
  0.22515135E+01  0.10828645E+01  0.13608220E+01 -0.47212636E+00  0.10026045E+04  0.51500991E+04  0.12515567E+03  0.12515567E+03  0.10000000E+01  0.00000000E+00
  0.19253664E+01  0.14787424E+01  0.61518812E+00  0.13070825E+00  0.10003008E+04  0.59086804E+03  0.12500000E+03  0.12500000E+03  0.10000000E+01  0.00000000E+00
  0.19589658E+01  0.53637326E+00 -0.13031052E+01  0.29400125E+00  0.10087610E+04  0.17647617E+05  0.12576698E+03  0.12576698E+03  0.10000000E+01  0.00000000E+00
  0.24120221E+01  0.55646867E+00 -0.74363744E+00  0.74758595E+00  0.10018312E+04  0.36127969E+04  0.12561582E+03  0.12561271E+03  0.10000000E+01  0.00000000E+00
  0.28740921E+01  0.64714515E+00  0.44503021E+00  0.14255058E+01  0.99367444E+03 -0.12177669E+05  0.12546356E+03  0.12546202E+03  0.10000000E+01  0.00000000E+00
  0.27181787E+01  0.71550429E+00  0.72997034E+00 -0.93537354E+00  0.10016805E+04  0.33137971E+04  0.12531018E+03  0.12531018E+03  0.10000000E+01  0.00000000E+00
  0.27793188E+01  0.10945437E+01  0.34700596E+00 -0.18667951E-01  0.10093759E+04  0.18921164E+05  0.12515567E+03  0.12515567E+03  0.10000000E+01  0.00000000E+00
  0.24576354E+01  0.14784992E+01  0.10621252E+01 -0.83189249E+00  0.99437988E+03 -0.10842497E+05  0.12500000E+03  0.12500000E+03  0.10000000E+01  0.00000000E+00
  0.22938056E+01  0.13293624E+01 -0.16548119E+01  0.50278026E+00  0.10048188E+04  0.95922607E+04  0.12561582E+03  0.12561399E+03  0.10000000E+01  0.00000000E+00
  0.30548906E+01  0.89568079E+00  0.84568119E+00  0.66897285E+00  0.10144689E+04  0.29650377E+05  0.12531018E+03  0.12531018E+03  0.10000000E+01  0.00000000E+00
  0.24184647E+01  0.18031940E+01 -0.11367728E+01  0.22745064E+00  0.99770435E+03 -0.44732090E+04  0.12500000E+03  0.12500000E+03  0.10000000E+01  0.00000000E+00
