  0.00000000E+00  0.00000000E+00  0.00000000E+00  0.00000000E+00  0.10008649E+04  0.17012710E+04  0.12500000E+03  0.18223706E-02  0.69999999E+00  0.99999792E+03
  0.00000000E+00  0.50000000E+00  0.00000000E+00  0.00000000E+00  0.10034486E+04  0.68365693E+04  0.12500000E+03  0.11849194E-02  0.69999999E+00  0.99999866E+03
  0.00000000E+00  0.10000000E+01  0.00000000E+00  0.00000000E+00  0.10180985E+04  0.37496414E+05  0.12500000E+03  0.21279303E-02  0.69999999E+00  0.99999750E+03
  0.00000000E+00  0.15000000E+01  0.00000000E+00  0.00000000E+00  0.10575242E+04  0.13431798E+06  0.12500000E+03  0.83027664E-03  0.69999999E+00  0.99999902E+03
  0.00000000E+00  0.20000000E+01  0.00000000E+00  0.00000000E+00  0.10215707E+04  0.45161016E+05  0.12500000E+03 -0.50162198E-03  0.69999999E+00  0.10000006E+04
  0.00000000E+00  0.25000000E+01  0.00000000E+00  0.00000000E+00  0.10002607E+04  0.51191467E+03  0.12500000E+03  0.88895140E-04  0.69999999E+00  0.99999988E+03
  0.00000000E+00  0.30000000E+01  0.00000000E+00  0.00000000E+00  0.10000000E+04  0.00000000E+00  0.12500000E+03  0.00000000E+00  0.69999999E+00  0.10000000E+04
  0.00000000E+00  0.35000000E+01  0.00000000E+00  0.00000000E+00  0.10000000E+04  0.00000000E+00  0.12500000E+03  0.00000000E+00  0.69999999E+00  0.10000000E+04
  0.00000000E+00  0.40000000E+01  0.00000000E+00  0.00000000E+00  0.10000000E+04  0.00000000E+00  0.12500000E+03  0.00000000E+00  0.69999999E+00  0.10000000E+04
 -0.25000000E+00 -0.25000000E+00  0.00000000E+00  0.00000000E+00  0.10006414E+04  0.12607445E+04  0.12500000E+03  0.52005530E-03  0.69999999E+00  0.99999939E+03
 -0.25000000E+00  0.25000000E+00  0.00000000E+00  0.00000000E+00  0.10011429E+04  0.22502283E+04  0.12500000E+03  0.72317623E-03  0.69999999E+00  0.99999915E+03
 -0.25000000E+00  0.75000000E+00  0.00000000E+00  0.00000000E+00  0.10006598E+04  0.12971389E+04  0.12500000E+03 -0.34124874E-04  0.69999999E+00  0.10000001E+04
 -0.25000000E+00  0.12500000E+01  0.00000000E+00  0.00000000E+00  0.10034362E+04  0.68117383E+04  0.12500000E+03  0.70949312E-03  0.69999999E+00  0.99999921E+03
 -0.25000000E+00  0.17500000E+01  0.00000000E+00  0.00000000E+00  0.10020577E+04  0.40623955E+04  0.12500000E+03 -0.15831162E-03  0.69999999E+00  0.10000002E+04
 -0.25000000E+00  0.22500000E+01  0.00000000E+00  0.00000000E+00  0.10004750E+04  0.93314099E+03  0.12500000E+03 -0.68149515E-04  0.69999999E+00  0.10000001E+04
 -0.25000000E+00  0.27500000E+01  0.00000000E+00  0.00000000E+00  0.10000000E+04  0.00000000E+00  0.12500000E+03  0.00000000E+00  0.69999999E+00  0.10000000E+04
 -0.25000000E+00  0.32500000E+01  0.00000000E+00  0.00000000E+00  0.10000000E+04  0.00000000E+00  0.12500000E+03  0.00000000E+00  0.69999999E+00  0.10000000E+04
 -0.25000000E+00  0.37500000E+01  0.00000000E+00  0.00000000E+00  0.10000000E+04  0.00000000E+00  0.12500000E+03  0.00000000E+00  0.69999999E+00  0.10000000E+04
  0.80000000E+01  0.00000000E+00  0.00000000E+00  0.00000000E+00  0.10000000E+04  0.00000000E+00  0.12500000E+03  0.00000000E+00  0.69999999E+00  0.10000000E+04
  0.80000000E+01  0.50000000E+00  0.00000000E+00  0.00000000E+00  0.10000000E+04  0.00000000E+00  0.12500000E+03  0.00000000E+00  0.69999999E+00  0.10000000E+04
  0.80000000E+01  0.10000000E+01  0.00000000E+00  0.00000000E+00  0.10000000E+04  0.00000000E+00  0.12500000E+03  0.00000000E+00  0.69999999E+00  0.10000000E+04
  0.80000000E+01  0.15000000E+01  0.00000000E+00  0.00000000E+00  0.10000000E+04  0.00000000E+00  0.12500000E+03  0.00000000E+00  0.69999999E+00  0.10000000E+04
  0.80000000E+01  0.20000000E+01  0.00000000E+00  0.00000000E+00  0.10000000E+04  0.00000000E+00  0.12500000E+03  0.00000000E+00  0.69999999E+00  0.10000000E+04
  0.80000000E+01  0.25000000E+01  0.00000000E+00  0.00000000E+00  0.10000000E+04  0.00000000E+00  0.12500000E+03  0.00000000E+00  0.69999999E+00  0.10000000E+04
  0.80000000E+01  0.30000000E+01  0.00000000E+00  0.00000000E+00  0.10000000E+04  0.00000000E+00  0.12500000E+03  0.00000000E+00  0.69999999E+00  0.10000000E+04
  0.80000000E+01  0.35000000E+01  0.00000000E+00  0.00000000E+00  0.10000000E+04  0.00000000E+00  0.12500000E+03  0.00000000E+00  0.69999999E+00  0.10000000E+04
  0.80000000E+01  0.40000000E+01  0.00000000E+00  0.00000000E+00  0.10000000E+04  0.00000000E+00  0.12500000E+03  0.00000000E+00  0.69999999E+00  0.10000000E+04
  0.82500000E+01 -0.25000000E+00  0.00000000E+00  0.00000000E+00  0.10000000E+04  0.00000000E+00  0.12500000E+03  0.00000000E+00  0.69999999E+00  0.10000000E+04
  0.82500000E+01  0.25000000E+00  0.00000000E+00  0.00000000E+00  0.10000000E+04  0.00000000E+00  0.12500000E+03  0.00000000E+00  0.69999999E+00  0.10000000E+04
  0.82500000E+01  0.75000000E+00  0.00000000E+00  0.00000000E+00  0.10000000E+04  0.00000000E+00  0.12500000E+03  0.00000000E+00  0.69999999E+00  0.10000000E+04
  0.82500000E+01  0.12500000E+01  0.00000000E+00  0.00000000E+00  0.10000000E+04  0.00000000E+00  0.12500000E+03  0.00000000E+00  0.69999999E+00  0.10000000E+04
  0.82500000E+01  0.17500000E+01  0.00000000E+00  0.00000000E+00  0.10000000E+04  0.00000000E+00  0.12500000E+03  0.00000000E+00  0.69999999E+00  0.10000000E+04
  0.82500000E+01  0.22500000E+01  0.00000000E+00  0.00000000E+00  0.10000000E+04  0.00000000E+00  0.12500000E+03  0.00000000E+00  0.69999999E+00  0.10000000E+04
  0.82500000E+01  0.27500000E+01  0.00000000E+00  0.00000000E+00  0.10000000E+04  0.00000000E+00  0.12500000E+03  0.00000000E+00  0.69999999E+00  0.10000000E+04
  0.82500000E+01  0.32500000E+01  0.00000000E+00  0.00000000E+00  0.10000000E+04  0.00000000E+00  0.12500000E+03  0.00000000E+00  0.69999999E+00  0.10000000E+04
  0.82500000E+01  0.37500000E+01  0.00000000E+00  0.00000000E+00  0.10000000E+04  0.00000000E+00  0.12500000E+03  0.00000000E+00  0.69999999E+00  0.10000000E+04
  0.50000000E+00  0.00000000E+00  0.00000000E+00  0.00000000E+00  0.10238252E+04  0.50221980E+05  0.12500000E+03  0.85910261E-02  0.69999999E+00  0.99998993E+03
  0.10000000E+01  0.00000000E+00  0.00000000E+00  0.00000000E+00  0.10345929E+04  0.75335227E+05  0.12500000E+03  0.30783997E-02  0.69999999E+00  0.99999634E+03
  0.15000000E+01  0.00000000E+00  0.00000000E+00  0.00000000E+00  0.10561848E+04  0.13065604E+06  0.12500000E+03  0.15087702E-01  0.69999999E+00  0.99998181E+03
  0.20000000E+01  0.00000000E+00  0.00000000E+00  0.00000000E+00  0.12169746E+04  0.82779556E+06  0.12500000E+03  0.16757248E-01  0.69999999E+00  0.99997668E+03
  0.25000000E+01  0.00000000E+00  0.00000000E+00  0.00000000E+00  0.10703453E+04  0.17080955E+06  0.12500000E+03  0.85066317E-03  0.69999999E+00  0.99999896E+03
  0.30000000E+01  0.00000000E+00  0.00000000E+00  0.00000000E+00  0.10313481E+04  0.67601047E+05  0.12500000E+03  0.29748532E-02  0.69999999E+00  0.99999652E+03
  0.35000000E+01  0.00000000E+00  0.00000000E+00  0.00000000E+00  0.10147185E+04  0.30184621E+05  0.12500000E+03  0.12275318E-02  0.69999999E+00  0.99999860E+03
  0.40000000E+01  0.00000000E+00  0.00000000E+00  0.00000000E+00  0.10000131E+04  0.25728762E+02  0.12500000E+03 -0.50405528E-04  0.69999999E+00  0.10000001E+04
  0.45000000E+01  0.00000000E+00  0.00000000E+00  0.00000000E+00  0.10000000E+04  0.00000000E+00  0.12500000E+03  0.00000000E+00  0.69999999E+00  0.10000000E+04
  0.50000000E+01  0.00000000E+00  0.00000000E+00  0.00000000E+00  0.10000000E+04  0.00000000E+00  0.12500000E+03  0.00000000E+00  0.69999999E+00  0.10000000E+04
  0.55000000E+01  0.00000000E+00  0.00000000E+00  0.00000000E+00  0.10000000E+04  0.00000000E+00  0.12500000E+03  0.00000000E+00  0.69999999E+00  0.10000000E+04
  0.60000000E+01  0.00000000E+00  0.00000000E+00  0.00000000E+00  0.10000000E+04  0.00000000E+00  0.12500000E+03  0.00000000E+00  0.69999999E+00  0.10000000E+04
  0.65000000E+01  0.00000000E+00  0.00000000E+00  0.00000000E+00  0.10000000E+04  0.00000000E+00  0.12500000E+03  0.00000000E+00  0.69999999E+00  0.10000000E+04
  0.70000000E+01  0.00000000E+00  0.00000000E+00  0.00000000E+00  0.10000000E+04  0.00000000E+00  0.12500000E+03  0.00000000E+00  0.69999999E+00  0.10000000E+04
  0.75000000E+01  0.00000000E+00  0.00000000E+00  0.00000000E+00  0.10000000E+04  0.00000000E+00  0.12500000E+03  0.00000000E+00  0.69999999E+00  0.10000000E+04
  0.25000000E+00 -0.25000000E+00  0.00000000E+00  0.00000000E+00  0.10052322E+04  0.10428154E+05  0.12500000E+03  0.27088579E-02  0.69999999E+00  0.99999689E+03
  0.75000000E+00 -0.25000000E+00  0.00000000E+00  0.00000000E+00  0.10224720E+04  0.47176355E+05  0.12500000E+03  0.65692882E-02  0.69999999E+00  0.99999231E+03
  0.12500000E+01 -0.25000000E+00  0.00000000E+00  0.00000000E+00  0.10110326E+04  0.22375676E+05  0.12500000E+03  0.52110106E-02  0.69999999E+00  0.99999396E+03
  0.17500000E+01 -0.25000000E+00  0.00000000E+00  0.00000000E+00  0.10182333E+04  0.37791113E+05  0.12500000E+03  0.80694910E-02  0.69999999E+00  0.99999060E+03
  0.22500000E+01 -0.25000000E+00  0.00000000E+00  0.00000000E+00  0.10077902E+04  0.15646268E+05  0.12500000E+03  0.70805950E-02  0.69999999E+00  0.99999182E+03
  0.27500000E+01 -0.25000000E+00  0.00000000E+00  0.00000000E+00  0.10065133E+04  0.13031642E+05  0.12500000E+03  0.10253799E-02  0.69999999E+00  0.99999884E+03
  0.32500000E+01 -0.25000000E+00  0.00000000E+00  0.00000000E+00  0.10081656E+04  0.16418750E+05  0.12500000E+03  0.13748922E-02  0.69999999E+00  0.99999841E+03
  0.37500000E+01 -0.25000000E+00  0.00000000E+00  0.00000000E+00  0.10000137E+04  0.26898298E+02  0.12500000E+03 -0.12625250E-03  0.69999999E+00  0.10000001E+04
  0.42500000E+01 -0.25000000E+00  0.00000000E+00  0.00000000E+00  0.10000000E+04  0.00000000E+00  0.12500000E+03 -0.24074308E-40  0.69999999E+00  0.10000000E+04
  0.47500000E+01 -0.25000000E+00  0.00000000E+00  0.00000000E+00  0.10000000E+04  0.00000000E+00  0.12500000E+03  0.00000000E+00  0.69999999E+00  0.10000000E+04
  0.52500000E+01 -0.25000000E+00  0.00000000E+00  0.00000000E+00  0.10000000E+04  0.00000000E+00  0.12500000E+03  0.00000000E+00  0.69999999E+00  0.10000000E+04
  0.57500000E+01 -0.25000000E+00  0.00000000E+00  0.00000000E+00  0.10000000E+04  0.00000000E+00  0.12500000E+03  0.00000000E+00  0.69999999E+00  0.10000000E+04
  0.62500000E+01 -0.25000000E+00  0.00000000E+00  0.00000000E+00  0.10000000E+04  0.00000000E+00  0.12500000E+03  0.00000000E+00  0.69999999E+00  0.10000000E+04
  0.67500000E+01 -0.25000000E+00  0.00000000E+00  0.00000000E+00  0.10000000E+04  0.00000000E+00  0.12500000E+03  0.00000000E+00  0.69999999E+00  0.10000000E+04
  0.72500000E+01 -0.25000000E+00  0.00000000E+00  0.00000000E+00  0.10000000E+04  0.00000000E+00  0.12500000E+03  0.00000000E+00  0.69999999E+00  0.10000000E+04
  0.77500000E+01 -0.25000000E+00  0.00000000E+00  0.00000000E+00  0.10000000E+04  0.00000000E+00  0.12500000E+03  0.00000000E+00  0.69999999E+00  0.10000000E+04
  0.40000000E+01  0.50000000E+00  0.00000000E+00  0.00000000E+00  0.10002183E+04  0.42853061E+03  0.12500000E+03 -0.14336921E-03  0.69999999E+00  0.10000002E+04
  0.37500000E+01  0.25000000E+00  0.00000000E+00  0.00000000E+00  0.10096954E+04  0.19584713E+05  0.12500000E+03 -0.56469656E-03  0.69999999E+00  0.10000007E+04
  0.40000000E+01  0.10000000E+01  0.00000000E+00  0.00000000E+00  0.10010883E+04  0.21421528E+04  0.12500000E+03 -0.47635240E-05  0.69999999E+00  0.10000000E+04
  0.37500000E+01  0.75000000E+00  0.00000000E+00  0.00000000E+00  0.10327035E+04  0.70814070E+05  0.12500000E+03  0.45389903E-03  0.69999999E+00  0.99999945E+03
  0.40000000E+01  0.15000000E+01  0.00000000E+00  0.00000000E+00  0.10017499E+04  0.34513271E+04  0.12500000E+03  0.18615957E-03  0.69999999E+00  0.99999982E+03
  0.37500000E+01  0.12500000E+01  0.00000000E+00  0.00000000E+00  0.10288047E+04  0.61639730E+05  0.12500000E+03  0.50207565E-03  0.69999999E+00  0.99999939E+03
  0.40000000E+01  0.20000000E+01  0.00000000E+00  0.00000000E+00  0.10000715E+04  0.14036330E+03  0.12500000E+03  0.41460684E-04  0.69999999E+00  0.99999994E+03
  0.37500000E+01  0.17500000E+01  0.00000000E+00  0.00000000E+00  0.10226838E+04  0.47651555E+05  0.12500000E+03  0.59072574E-03  0.69999999E+00  0.99999933E+03
  0.45000000E+01  0.50000000E+00  0.00000000E+00  0.00000000E+00  0.10000000E+04  0.00000000E+00  0.12500000E+03  0.00000000E+00  0.69999999E+00  0.10000000E+04
  0.42500000E+01  0.25000000E+00  0.00000000E+00  0.00000000E+00  0.10000018E+04  0.35083482E+01  0.12500000E+03 -0.74084828E-05  0.69999999E+00  0.10000000E+04
  0.45000000E+01  0.10000000E+01  0.00000000E+00  0.00000000E+00  0.10000000E+04  0.00000000E+00  0.12500000E+03  0.00000000E+00  0.69999999E+00  0.10000000E+04
  0.42500000E+01  0.75000000E+00  0.00000000E+00  0.00000000E+00  0.10000934E+04  0.18318608E+03  0.12500000E+03 -0.62608265E-05  0.69999999E+00  0.10000000E+04
  0.45000000E+01  0.15000000E+01  0.00000000E+00  0.00000000E+00  0.10000000E+04  0.00000000E+00  0.12500000E+03  0.00000000E+00  0.69999999E+00  0.10000000E+04
  0.42500000E+01  0.12500000E+01  0.00000000E+00  0.00000000E+00  0.10000045E+04  0.88878889E+01  0.12500000E+03  0.12300108E-04  0.69999999E+00  0.10000000E+04
  0.45000000E+01  0.20000000E+01  0.00000000E+00  0.00000000E+00  0.10000000E+04  0.00000000E+00  0.12500000E+03  0.00000000E+00  0.69999999E+00  0.10000000E+04
  0.42500000E+01  0.17500000E+01  0.00000000E+00  0.00000000E+00  0.10000000E+04  0.00000000E+00  0.12500000E+03  0.00000000E+00  0.69999999E+00  0.10000000E+04
  0.50000000E+01  0.50000000E+00  0.00000000E+00  0.00000000E+00  0.10000000E+04  0.00000000E+00  0.12500000E+03  0.00000000E+00  0.69999999E+00  0.10000000E+04
  0.47500000E+01  0.25000000E+00  0.00000000E+00  0.00000000E+00  0.10000000E+04  0.00000000E+00  0.12500000E+03  0.00000000E+00  0.69999999E+00  0.10000000E+04
  0.50000000E+01  0.10000000E+01  0.00000000E+00  0.00000000E+00  0.10000000E+04  0.00000000E+00  0.12500000E+03  0.00000000E+00  0.69999999E+00  0.10000000E+04
  0.47500000E+01  0.75000000E+00  0.00000000E+00  0.00000000E+00  0.10000000E+04  0.00000000E+00  0.12500000E+03  0.00000000E+00  0.69999999E+00  0.10000000E+04
  0.50000000E+01  0.15000000E+01  0.00000000E+00  0.00000000E+00  0.10000000E+04  0.00000000E+00  0.12500000E+03  0.00000000E+00  0.69999999E+00  0.10000000E+04
  0.47500000E+01  0.12500000E+01  0.00000000E+00  0.00000000E+00  0.10000000E+04  0.00000000E+00  0.12500000E+03  0.00000000E+00  0.69999999E+00  0.10000000E+04
  0.50000000E+01  0.20000000E+01  0.00000000E+00  0.00000000E+00  0.10000000E+04  0.00000000E+00  0.12500000E+03  0.00000000E+00  0.69999999E+00  0.10000000E+04
  0.47500000E+01  0.17500000E+01  0.00000000E+00  0.00000000E+00  0.10000000E+04  0.00000000E+00  0.12500000E+03  0.00000000E+00  0.69999999E+00  0.10000000E+04
  0.18703976E+01  0.12051752E+01  0.26078634E+01  0.34437444E+01  0.98699420E+03 -0.24543049E+05  0.12576698E+03  0.12576674E+03  0.10000000E+01  0.00000000E+00
  0.10256168E+01  0.97221839E+00  0.16604731E+01  0.40163577E-01  0.10147284E+04  0.30205812E+05  0.12561582E+03  0.12561256E+03  0.10000000E+01  0.00000000E+00
  0.10510310E+01  0.82871735E+00  0.25163074E+01 -0.13355669E+00  0.10148993E+04  0.30571891E+05  0.12546356E+03  0.12546333E+03  0.10000000E+01  0.00000000E+00
  0.96071404E+00  0.14671005E+01  0.86367637E-01  0.14027268E+00  0.10117312E+04  0.23842566E+05  0.12531018E+03  0.12531018E+03  0.10000000E+01  0.00000000E+00
  0.88293862E+00  0.14334328E+01 -0.97111672E-01 -0.28902191E+00  0.10155099E+04  0.31883396E+05  0.12515567E+03  0.12515567E+03  0.10000000E+01  0.00000000E+00
  0.24521160E+01  0.15858762E+01  0.26707077E+01  0.45381145E+01  0.99764124E+03 -0.45953335E+04  0.12500000E+03  0.12500000E+03  0.10000000E+01  0.00000000E+00
  0.20729342E+01  0.10359437E+01  0.59556494E+01  0.66499786E+01  0.98197235E+03 -0.33513797E+05  0.12576698E+03  0.12575494E+03  0.10000000E+01  0.00000000E+00
  0.11549753E+01  0.10211437E+01  0.16483128E-01 -0.17411603E-01  0.10046157E+04  0.91823008E+04  0.12561582E+03  0.12560624E+03  0.10000000E+01  0.00000000E+00
  0.14630678E+01  0.94211328E+00 -0.92540073E+00  0.24792929E+01  0.98903796E+03 -0.20812949E+05  0.12546356E+03  0.12546037E+03  0.10000000E+01  0.00000000E+00
  0.10778604E+01  0.81205595E+00  0.31429386E+01 -0.33582568E+00  0.10127820E+04  0.26060893E+05  0.12531018E+03  0.12531038E+03  0.10000000E+01  0.00000000E+00
  0.14056091E+01  0.13987678E+01 -0.76730597E+00  0.16634493E+01  0.99199371E+03 -0.15336011E+05  0.12515567E+03  0.12515567E+03  0.10000000E+01  0.00000000E+00
  0.81378818E+00  0.15732770E+01 -0.41304129E+00 -0.28156084E+00  0.10141034E+04  0.28869568E+05  0.12500000E+03  0.12500000E+03  0.10000000E+01  0.00000000E+00
  0.20324028E+01  0.91465676E+00  0.22516227E+01  0.75272903E+01  0.97401294E+03 -0.47179441E+05  0.12576698E+03  0.12575644E+03  0.10000000E+01  0.00000000E+00
  0.22890184E+01  0.73549461E+00  0.15815053E+01  0.53587146E+01  0.95511719E+03 -0.77051180E+05  0.12561582E+03  0.12561089E+03  0.10000000E+01  0.00000000E+00
  0.26350255E+01  0.72070801E+00 -0.10674102E+00 -0.43539858E+00  0.98319073E+03 -0.31362533E+05  0.12546356E+03  0.12546005E+03  0.10000000E+01  0.00000000E+00
  0.24388821E+01  0.79168355E+00  0.14675627E+01 -0.24094839E+01  0.97215546E+03 -0.50273461E+05  0.12531018E+03  0.12531018E+03  0.10000000E+01  0.00000000E+00
  0.28441687E+01  0.60472000E+00 -0.57977092E+00 -0.13726032E+00  0.10011564E+04  0.22768406E+04  0.12515567E+03  0.12515559E+03  0.10000000E+01  0.00000000E+00
  0.23215992E+01  0.15628791E+01  0.35406959E+00  0.49979401E+01  0.99465204E+03 -0.10325860E+05  0.12500000E+03  0.12500000E+03  0.10000000E+01  0.00000000E+00
  0.16355309E+01  0.10311410E+01 -0.37446711E+01  0.42806988E+01  0.98415381E+03 -0.29650666E+05  0.12576698E+03  0.12576566E+03  0.10000000E+01  0.00000000E+00
  0.20728254E+01  0.94171029E+00 -0.15326607E+01 -0.88988376E+00  0.97278442E+03 -0.49229770E+05  0.12561582E+03  0.12561221E+03  0.10000000E+01  0.00000000E+00
  0.29170313E+01  0.86018717E+00  0.41314387E+00  0.85594130E+00  0.10053499E+04  0.10666429E+05  0.12546356E+03  0.12546202E+03  0.10000000E+01  0.00000000E+00
  0.28300977E+01  0.94084716E+00  0.79288232E+00  0.10409667E+01  0.99931189E+03 -0.13473381E+04  0.12531018E+03  0.12530890E+03  0.10000000E+01  0.00000000E+00
  0.25853248E+01  0.17195127E+01  0.16141177E+01  0.28781595E+01  0.10003511E+04  0.68976227E+03  0.12515567E+03  0.12515567E+03  0.10000000E+01  0.00000000E+00
  0.29374356E+01  0.14178128E+01  0.10555046E+01  0.55185819E+00  0.99964362E+03 -0.69846295E+03  0.12500000E+03  0.12500012E+03  0.10000000E+01  0.00000000E+00
  0.15529807E+01  0.15276160E+01 -0.79771084E+00  0.18454661E+01  0.98403174E+03 -0.29868199E+05  0.12561582E+03  0.12561399E+03  0.10000000E+01  0.00000000E+00
  0.28188686E+01  0.16039873E+01  0.14131548E+01  0.14049582E+01  0.99970892E+03 -0.57054071E+03  0.12531018E+03  0.12531004E+03  0.10000000E+01  0.00000000E+00
  0.17110419E+01  0.18521092E+01 -0.14004931E+01  0.21947961E+01  0.96456537E+03 -0.62553492E+05  0.12500000E+03  0.12500000E+03  0.10000000E+01  0.00000000E+00
