  0.00000000E+00  0.00000000E+00  0.00000000E+00  0.00000000E+00  0.10014341E+04  0.28258145E+04  0.12500000E+03  0.25882383E-02  0.69999999E+00  0.99999701E+03
  0.00000000E+00  0.50000000E+00  0.00000000E+00  0.00000000E+00  0.10172397E+04  0.35624770E+05  0.12500000E+03  0.36675781E-02  0.69999999E+00  0.99999573E+03
  0.00000000E+00  0.10000000E+01  0.00000000E+00  0.00000000E+00  0.10094038E+04  0.18979051E+05  0.12500000E+03  0.40057776E-02  0.69999999E+00  0.99999536E+03
  0.00000000E+00  0.15000000E+01  0.00000000E+00  0.00000000E+00  0.10200690E+04  0.41826965E+05  0.12500000E+03  0.14283457E-02  0.69999999E+00  0.99999835E+03
  0.00000000E+00  0.20000000E+01  0.00000000E+00  0.00000000E+00  0.10194259E+04  0.40408051E+05  0.12500000E+03 -0.19574310E-02  0.69999999E+00  0.10000023E+04
  0.00000000E+00  0.25000000E+01  0.00000000E+00  0.00000000E+00  0.10034469E+04  0.68332266E+04  0.12500000E+03  0.51974104E-03  0.69999999E+00  0.99999939E+03
  0.00000000E+00  0.30000000E+01  0.00000000E+00  0.00000000E+00  0.10000026E+04  0.51455903E+01  0.12500000E+03  0.38292605E-04  0.69999999E+00  0.99999994E+03
  0.00000000E+00  0.35000000E+01  0.00000000E+00  0.00000000E+00  0.10000000E+04  0.00000000E+00  0.12500000E+03  0.00000000E+00  0.69999999E+00  0.10000000E+04
  0.00000000E+00  0.40000000E+01  0.00000000E+00  0.00000000E+00  0.10000000E+04  0.00000000E+00  0.12500000E+03  0.00000000E+00  0.69999999E+00  0.10000000E+04
 -0.25000000E+00 -0.25000000E+00  0.00000000E+00  0.00000000E+00  0.10006414E+04  0.12607445E+04  0.12500000E+03  0.52005530E-03  0.69999999E+00  0.99999939E+03
 -0.25000000E+00  0.25000000E+00  0.00000000E+00  0.00000000E+00  0.10007533E+04  0.14812864E+04  0.12500000E+03  0.11861925E-02  0.69999999E+00  0.99999866E+03
 -0.25000000E+00  0.75000000E+00  0.00000000E+00  0.00000000E+00  0.10040996E+04  0.81430332E+04  0.12500000E+03  0.59574051E-03  0.69999999E+00  0.99999933E+03
 -0.25000000E+00  0.12500000E+01  0.00000000E+00  0.00000000E+00  0.10018456E+04  0.36411746E+04  0.12500000E+03  0.12419852E-02  0.69999999E+00  0.99999860E+03
 -0.25000000E+00  0.17500000E+01  0.00000000E+00  0.00000000E+00  0.10011232E+04  0.22111382E+04  0.12500000E+03 -0.42619952E-03  0.69999999E+00  0.10000005E+04
 -0.25000000E+00  0.22500000E+01  0.00000000E+00  0.00000000E+00  0.10015139E+04  0.29839109E+04  0.12500000E+03 -0.18548567E-03  0.69999999E+00  0.10000002E+04
 -0.25000000E+00  0.27500000E+01  0.00000000E+00  0.00000000E+00  0.10000007E+04  0.14033347E+01  0.12500000E+03  0.17473474E-04  0.69999999E+00  0.10000000E+04
 -0.25000000E+00  0.32500000E+01  0.00000000E+00  0.00000000E+00  0.10000000E+04  0.00000000E+00  0.12500000E+03  0.86235907E-41  0.69999999E+00  0.10000000E+04
 -0.25000000E+00  0.37500000E+01  0.00000000E+00  0.00000000E+00  0.10000000E+04  0.00000000E+00  0.12500000E+03  0.00000000E+00  0.69999999E+00  0.10000000E+04
  0.80000000E+01  0.00000000E+00  0.00000000E+00  0.00000000E+00  0.10000000E+04  0.00000000E+00  0.12500000E+03  0.00000000E+00  0.69999999E+00  0.10000000E+04
  0.80000000E+01  0.50000000E+00  0.00000000E+00  0.00000000E+00  0.10000000E+04  0.00000000E+00  0.12500000E+03  0.00000000E+00  0.69999999E+00  0.10000000E+04
  0.80000000E+01  0.10000000E+01  0.00000000E+00  0.00000000E+00  0.10000000E+04  0.00000000E+00  0.12500000E+03  0.00000000E+00  0.69999999E+00  0.10000000E+04
  0.80000000E+01  0.15000000E+01  0.00000000E+00  0.00000000E+00  0.10000000E+04  0.00000000E+00  0.12500000E+03  0.00000000E+00  0.69999999E+00  0.10000000E+04
  0.80000000E+01  0.20000000E+01  0.00000000E+00  0.00000000E+00  0.10000000E+04  0.00000000E+00  0.12500000E+03  0.00000000E+00  0.69999999E+00  0.10000000E+04
  0.80000000E+01  0.25000000E+01  0.00000000E+00  0.00000000E+00  0.10000000E+04  0.00000000E+00  0.12500000E+03  0.00000000E+00  0.69999999E+00  0.10000000E+04
  0.80000000E+01  0.30000000E+01  0.00000000E+00  0.00000000E+00  0.10000000E+04  0.00000000E+00  0.12500000E+03  0.00000000E+00  0.69999999E+00  0.10000000E+04
  0.80000000E+01  0.35000000E+01  0.00000000E+00  0.00000000E+00  0.10000000E+04  0.00000000E+00  0.12500000E+03  0.00000000E+00  0.69999999E+00  0.10000000E+04
  0.80000000E+01  0.40000000E+01  0.00000000E+00  0.00000000E+00  0.10000000E+04  0.00000000E+00  0.12500000E+03  0.00000000E+00  0.69999999E+00  0.10000000E+04
  0.82500000E+01 -0.25000000E+00  0.00000000E+00  0.00000000E+00  0.10000000E+04  0.00000000E+00  0.12500000E+03  0.00000000E+00  0.69999999E+00  0.10000000E+04
  0.82500000E+01  0.25000000E+00  0.00000000E+00  0.00000000E+00  0.10000000E+04  0.00000000E+00  0.12500000E+03  0.00000000E+00  0.69999999E+00  0.10000000E+04
  0.82500000E+01  0.75000000E+00  0.00000000E+00  0.00000000E+00  0.10000000E+04  0.00000000E+00  0.12500000E+03  0.00000000E+00  0.69999999E+00  0.10000000E+04
  0.82500000E+01  0.12500000E+01  0.00000000E+00  0.00000000E+00  0.10000000E+04  0.00000000E+00  0.12500000E+03  0.00000000E+00  0.69999999E+00  0.10000000E+04
  0.82500000E+01  0.17500000E+01  0.00000000E+00  0.00000000E+00  0.10000000E+04  0.00000000E+00  0.12500000E+03  0.00000000E+00  0.69999999E+00  0.10000000E+04
  0.82500000E+01  0.22500000E+01  0.00000000E+00  0.00000000E+00  0.10000000E+04  0.00000000E+00  0.12500000E+03  0.00000000E+00  0.69999999E+00  0.10000000E+04
  0.82500000E+01  0.27500000E+01  0.00000000E+00  0.00000000E+00  0.10000000E+04  0.00000000E+00  0.12500000E+03  0.00000000E+00  0.69999999E+00  0.10000000E+04
  0.82500000E+01  0.32500000E+01  0.00000000E+00  0.00000000E+00  0.10000000E+04  0.00000000E+00  0.12500000E+03  0.00000000E+00  0.69999999E+00  0.10000000E+04
  0.82500000E+01  0.37500000E+01  0.00000000E+00  0.00000000E+00  0.10000000E+04  0.00000000E+00  0.12500000E+03  0.00000000E+00  0.69999999E+00  0.10000000E+04
  0.50000000E+00  0.00000000E+00  0.00000000E+00  0.00000000E+00  0.10488705E+04  0.11114410E+06  0.12500000E+03  0.13294773E-01  0.69999999E+00  0.99998407E+03
  0.10000000E+01  0.00000000E+00  0.00000000E+00  0.00000000E+00  0.10589331E+04  0.13820009E+06  0.12500000E+03  0.79707149E-02  0.69999999E+00  0.99999036E+03
  0.15000000E+01  0.00000000E+00  0.00000000E+00  0.00000000E+00  0.10305830E+04  0.65798555E+05  0.12500000E+03  0.23180455E-01  0.69999999E+00  0.99997272E+03
  0.20000000E+01  0.00000000E+00  0.00000000E+00  0.00000000E+00  0.11414741E+04  0.42743756E+06  0.12500000E+03  0.26771190E-01  0.69999999E+00  0.99996509E+03
  0.25000000E+01  0.00000000E+00  0.00000000E+00  0.00000000E+00  0.10372059E+04  0.81670398E+05  0.12500000E+03  0.87400358E-02  0.69999999E+00  0.99998962E+03
  0.30000000E+01  0.00000000E+00  0.00000000E+00  0.00000000E+00  0.10500657E+04  0.11427705E+06  0.12500000E+03  0.10408763E-01  0.69999999E+00  0.99998749E+03
  0.35000000E+01  0.00000000E+00  0.00000000E+00  0.00000000E+00  0.10051509E+04  0.10263608E+05  0.12500000E+03  0.43392973E-02  0.69999999E+00  0.99999500E+03
  0.40000000E+01  0.00000000E+00  0.00000000E+00  0.00000000E+00  0.10000137E+04  0.26898298E+02  0.12500000E+03 -0.68247195E-04  0.69999999E+00  0.10000001E+04
  0.45000000E+01  0.00000000E+00  0.00000000E+00  0.00000000E+00  0.10000000E+04  0.00000000E+00  0.12500000E+03  0.50127809E-39  0.69999999E+00  0.10000000E+04
  0.50000000E+01  0.00000000E+00  0.00000000E+00  0.00000000E+00  0.10000000E+04  0.00000000E+00  0.12500000E+03 -0.19786334E-41  0.69999999E+00  0.10000000E+04
  0.55000000E+01  0.00000000E+00  0.00000000E+00  0.00000000E+00  0.10000000E+04  0.00000000E+00  0.12500000E+03  0.00000000E+00  0.69999999E+00  0.10000000E+04
  0.60000000E+01  0.00000000E+00  0.00000000E+00  0.00000000E+00  0.10000000E+04  0.00000000E+00  0.12500000E+03  0.00000000E+00  0.69999999E+00  0.10000000E+04
  0.65000000E+01  0.00000000E+00  0.00000000E+00  0.00000000E+00  0.10000000E+04  0.00000000E+00  0.12500000E+03  0.00000000E+00  0.69999999E+00  0.10000000E+04
  0.70000000E+01  0.00000000E+00  0.00000000E+00  0.00000000E+00  0.10000000E+04  0.00000000E+00  0.12500000E+03  0.00000000E+00  0.69999999E+00  0.10000000E+04
  0.75000000E+01  0.00000000E+00  0.00000000E+00  0.00000000E+00  0.10000000E+04  0.00000000E+00  0.12500000E+03  0.00000000E+00  0.69999999E+00  0.10000000E+04
  0.25000000E+00 -0.25000000E+00  0.00000000E+00  0.00000000E+00  0.10057487E+04  0.11475199E+05  0.12500000E+03  0.34317989E-02  0.69999999E+00  0.99999603E+03
  0.75000000E+00 -0.25000000E+00  0.00000000E+00  0.00000000E+00  0.10263250E+04  0.55912406E+05  0.12500000E+03  0.94776861E-02  0.69999999E+00  0.99998889E+03
  0.12500000E+01 -0.25000000E+00  0.00000000E+00  0.00000000E+00  0.10088326E+04  0.17795770E+05  0.12500000E+03  0.75351838E-02  0.69999999E+00  0.99999133E+03
  0.17500000E+01 -0.25000000E+00  0.00000000E+00  0.00000000E+00  0.10152990E+04  0.31429902E+05  0.12500000E+03  0.11452436E-01  0.69999999E+00  0.99998669E+03
  0.22500000E+01 -0.25000000E+00  0.00000000E+00  0.00000000E+00  0.10010438E+04  0.20543528E+04  0.12500000E+03  0.11459820E-01  0.69999999E+00  0.99998688E+03
  0.27500000E+01 -0.25000000E+00  0.00000000E+00  0.00000000E+00  0.10055106E+04  0.10992123E+05  0.12500000E+03  0.56670066E-02  0.69999999E+00  0.99999347E+03
  0.32500000E+01 -0.25000000E+00  0.00000000E+00  0.00000000E+00  0.10020394E+04  0.40259316E+04  0.12500000E+03  0.39510052E-02  0.69999999E+00  0.99999548E+03
  0.37500000E+01 -0.25000000E+00  0.00000000E+00  0.00000000E+00  0.10000070E+04  0.13565822E+02  0.12500000E+03 -0.15635355E-03  0.69999999E+00  0.10000002E+04
  0.42500000E+01 -0.25000000E+00  0.00000000E+00  0.00000000E+00  0.10000000E+04  0.00000000E+00  0.12500000E+03 -0.18438469E-35  0.69999999E+00  0.10000000E+04
  0.47500000E+01 -0.25000000E+00  0.00000000E+00  0.00000000E+00  0.10000000E+04  0.00000000E+00  0.12500000E+03 -0.11425291E-38  0.69999999E+00  0.10000000E+04
  0.52500000E+01 -0.25000000E+00  0.00000000E+00  0.00000000E+00  0.10000000E+04  0.00000000E+00  0.12500000E+03  0.00000000E+00  0.69999999E+00  0.10000000E+04
  0.57500000E+01 -0.25000000E+00  0.00000000E+00  0.00000000E+00  0.10000000E+04  0.00000000E+00  0.12500000E+03  0.00000000E+00  0.69999999E+00  0.10000000E+04
  0.62500000E+01 -0.25000000E+00  0.00000000E+00  0.00000000E+00  0.10000000E+04  0.00000000E+00  0.12500000E+03  0.00000000E+00  0.69999999E+00  0.10000000E+04
  0.67500000E+01 -0.25000000E+00  0.00000000E+00  0.00000000E+00  0.10000000E+04  0.00000000E+00  0.12500000E+03  0.00000000E+00  0.69999999E+00  0.10000000E+04
  0.72500000E+01 -0.25000000E+00  0.00000000E+00  0.00000000E+00  0.10000000E+04  0.00000000E+00  0.12500000E+03  0.00000000E+00  0.69999999E+00  0.10000000E+04
  0.77500000E+01 -0.25000000E+00  0.00000000E+00  0.00000000E+00  0.10000000E+04  0.00000000E+00  0.12500000E+03  0.00000000E+00  0.69999999E+00  0.10000000E+04
  0.40000000E+01  0.50000000E+00  0.00000000E+00  0.00000000E+00  0.10002465E+04  0.48380533E+03  0.12500000E+03 -0.46411110E-03  0.69999999E+00  0.10000005E+04
  0.37500000E+01  0.25000000E+00  0.00000000E+00  0.00000000E+00  0.10024745E+04  0.48912515E+04  0.12500000E+03 -0.20563295E-02  0.69999999E+00  0.10000024E+04
  0.40000000E+01  0.10000000E+01  0.00000000E+00  0.00000000E+00  0.10004169E+04  0.81893213E+03  0.12500000E+03 -0.12623423E-03  0.69999999E+00  0.10000001E+04
  0.37500000E+01  0.75000000E+00  0.00000000E+00  0.00000000E+00  0.10289268E+04  0.61923824E+05  0.12500000E+03  0.10364042E-02  0.69999999E+00  0.99999878E+03
  0.40000000E+01  0.15000000E+01  0.00000000E+00  0.00000000E+00  0.10001802E+04  0.35359674E+03  0.12500000E+03  0.49573876E-03  0.69999999E+00  0.99999945E+03
  0.37500000E+01  0.12500000E+01  0.00000000E+00  0.00000000E+00  0.10212661E+04  0.44482402E+05  0.12500000E+03  0.12146470E-02  0.69999999E+00  0.99999860E+03
  0.40000000E+01  0.20000000E+01  0.00000000E+00  0.00000000E+00  0.10010609E+04  0.20882461E+04  0.12500000E+03  0.33045601E-03  0.69999999E+00  0.99999963E+03
  0.37500000E+01  0.17500000E+01  0.00000000E+00  0.00000000E+00  0.10252676E+04  0.53495277E+05  0.12500000E+03  0.23571237E-02  0.69999999E+00  0.99999725E+03
  0.45000000E+01  0.50000000E+00  0.00000000E+00  0.00000000E+00  0.10000000E+04  0.00000000E+00  0.12500000E+03  0.33659273E-38  0.69999999E+00  0.10000000E+04
  0.42500000E+01  0.25000000E+00  0.00000000E+00  0.00000000E+00  0.10000018E+04  0.35083482E+01  0.12500000E+03 -0.74084828E-05  0.69999999E+00  0.10000000E+04
  0.45000000E+01  0.10000000E+01  0.00000000E+00  0.00000000E+00  0.10000000E+04  0.00000000E+00  0.12500000E+03 -0.27213216E-41  0.69999999E+00  0.10000000E+04
  0.42500000E+01  0.75000000E+00  0.00000000E+00  0.00000000E+00  0.10000916E+04  0.17967581E+03  0.12500000E+03 -0.20551628E-04  0.69999999E+00  0.10000000E+04
  0.45000000E+01  0.15000000E+01  0.00000000E+00  0.00000000E+00  0.10000000E+04  0.00000000E+00  0.12500000E+03 -0.10935733E-40  0.69999999E+00  0.10000000E+04
  0.42500000E+01  0.12500000E+01  0.00000000E+00  0.00000000E+00  0.10000066E+04  0.12864128E+02  0.12500000E+03  0.64903998E-05  0.69999999E+00  0.10000000E+04
  0.45000000E+01  0.20000000E+01  0.00000000E+00  0.00000000E+00  0.10000000E+04  0.00000000E+00  0.12500000E+03  0.10554580E-40  0.69999999E+00  0.10000000E+04
  0.42500000E+01  0.17500000E+01  0.00000000E+00  0.00000000E+00  0.10000031E+04  0.60811610E+01  0.12500000E+03 -0.35628464E-05  0.69999999E+00  0.10000000E+04
  0.50000000E+01  0.50000000E+00  0.00000000E+00  0.00000000E+00  0.10000000E+04  0.00000000E+00  0.12500000E+03  0.18048724E-41  0.69999999E+00  0.10000000E+04
  0.47500000E+01  0.25000000E+00  0.00000000E+00  0.00000000E+00  0.10000000E+04  0.00000000E+00  0.12500000E+03  0.11296764E-38  0.69999999E+00  0.10000000E+04
  0.50000000E+01  0.10000000E+01  0.00000000E+00  0.00000000E+00  0.10000000E+04  0.00000000E+00  0.12500000E+03 -0.00000000E+00  0.69999999E+00  0.10000000E+04
  0.47500000E+01  0.75000000E+00  0.00000000E+00  0.00000000E+00  0.10000000E+04  0.00000000E+00  0.12500000E+03  0.20038568E-41  0.69999999E+00  0.10000000E+04
  0.50000000E+01  0.15000000E+01  0.00000000E+00  0.00000000E+00  0.10000000E+04  0.00000000E+00  0.12500000E+03 -0.78500740E-41  0.69999999E+00  0.10000000E+04
  0.47500000E+01  0.12500000E+01  0.00000000E+00  0.00000000E+00  0.10000000E+04  0.00000000E+00  0.12500000E+03 -0.76342740E-41  0.69999999E+00  0.10000000E+04
  0.50000000E+01  0.20000000E+01  0.00000000E+00  0.00000000E+00  0.10000000E+04  0.00000000E+00  0.12500000E+03  0.74212767E-41  0.69999999E+00  0.10000000E+04
  0.47500000E+01  0.17500000E+01  0.00000000E+00  0.00000000E+00  0.10000000E+04  0.00000000E+00  0.12500000E+03 -0.84077908E-44  0.69999999E+00  0.10000000E+04
  0.27691524E+01  0.87666297E+00  0.37537760E+00  0.64472264E+00  0.10052651E+04  0.10494767E+05  0.12576698E+03  0.12576656E+03  0.10000000E+01  0.00000000E+00
  0.86677980E+00  0.13177179E+01  0.61334956E+00  0.17317295E+00  0.10110198E+04  0.22348947E+05  0.12561582E+03  0.12561256E+03  0.10000000E+01  0.00000000E+00
  0.17432830E+01  0.93913317E+00  0.33926010E+00  0.27953801E+00  0.99622284E+03 -0.73273135E+04  0.12546356E+03  0.12546323E+03  0.10000000E+01  0.00000000E+00
  0.25218418E+01  0.17847588E+01  0.21214547E+01  0.39917451E+00  0.99706805E+03 -0.57021392E+04  0.12531018E+03  0.12531027E+03  0.10000000E+01  0.00000000E+00
  0.28147025E+01  0.15880891E+01  0.23019901E+00  0.11210928E+01  0.10047756E+04  0.95048857E+04  0.12515567E+03  0.12515567E+03  0.10000000E+01  0.00000000E+00
  0.26096706E+01  0.17552845E+01  0.12721124E+01  0.58040571E+00  0.99833423E+03 -0.32519556E+04  0.12500000E+03  0.12500000E+03  0.10000000E+01  0.00000000E+00
  0.27871628E+01  0.93235958E+00 -0.37652689E+00  0.36453329E-01  0.10047983E+04  0.95508574E+04  0.12576698E+03  0.12575461E+03  0.10000000E+01  0.00000000E+00
  0.88369465E+00  0.95433605E+00  0.67630523E+00 -0.60182530E+00  0.10031976E+04  0.63343354E+04  0.12561582E+03  0.12560624E+03  0.10000000E+01  0.00000000E+00
  0.93958700E+00  0.91908872E+00 -0.84326071E+00  0.53279239E+00  0.10063231E+04  0.12643748E+05  0.12546356E+03  0.12546037E+03  0.10000000E+01  0.00000000E+00
  0.28579071E+01  0.12194918E+01  0.20318857E+00 -0.40785220E+00  0.10054313E+04  0.10831411E+05  0.12531018E+03  0.12531038E+03  0.10000000E+01  0.00000000E+00
  0.12141701E+01  0.88478625E+00 -0.35848302E+00 -0.56416225E-02  0.10094603E+04  0.19096338E+05  0.12515567E+03  0.12515535E+03  0.10000000E+01  0.00000000E+00
  0.70256305E+00  0.85463214E+00 -0.44449061E+00  0.76946950E+00  0.10102746E+04  0.20790988E+05  0.12500000E+03  0.12500000E+03  0.10000000E+01  0.00000000E+00
  0.21309597E+01  0.10161926E+01  0.56928247E-01  0.14188468E+00  0.10048472E+04  0.96495605E+04  0.12576698E+03  0.12575644E+03  0.10000000E+01  0.00000000E+00
  0.27495406E+01  0.89228475E+00 -0.24552432E+00  0.34294733E+00  0.10063110E+04  0.12619216E+05  0.12561582E+03  0.12561059E+03  0.10000000E+01  0.00000000E+00
  0.27375159E+01  0.14398118E+01  0.35939887E+00  0.37697813E+00  0.10051211E+04  0.10203311E+05  0.12546356E+03  0.12546005E+03  0.10000000E+01  0.00000000E+00
  0.16244135E+01  0.89202046E+00 -0.97609115E+00 -0.44648665E+00  0.10015134E+04  0.29829668E+04  0.12531018E+03  0.12531018E+03  0.10000000E+01  0.00000000E+00
  0.28846011E+01  0.78909945E+00 -0.81388599E+00 -0.12113053E+00  0.10051953E+04  0.10353351E+05  0.12515567E+03  0.12515553E+03  0.10000000E+01  0.00000000E+00
  0.10456345E+01  0.15276785E+01 -0.22496496E+00 -0.55669233E-01  0.10051797E+04  0.10321986E+05  0.12500000E+03  0.12500612E+03  0.10000000E+01  0.00000000E+00
  0.88731372E+00  0.14245526E+01  0.24784964E+00 -0.12173228E+00  0.10083011E+04  0.16698092E+05  0.12576698E+03  0.12576566E+03  0.10000000E+01  0.00000000E+00
  0.24626474E+01  0.10095912E+01 -0.63245583E+00  0.10164814E+01  0.99653625E+03 -0.67256567E+04  0.12561582E+03  0.12561228E+03  0.10000000E+01  0.00000000E+00
  0.16287456E+01  0.11837766E+01 -0.48755789E+00  0.55304080E-01  0.10201688E+04  0.42047582E+05  0.12546356E+03  0.12546202E+03  0.10000000E+01  0.00000000E+00
  0.22659848E+01  0.94835627E+00  0.45342991E+00 -0.31964928E+00  0.10059045E+04  0.11791978E+05  0.12531018E+03  0.12530890E+03  0.10000000E+01  0.00000000E+00
  0.20748601E+01  0.17338855E+01  0.10434860E+01 -0.89182174E+00  0.10056806E+04  0.11337004E+05  0.12515567E+03  0.12515567E+03  0.10000000E+01  0.00000000E+00
  0.14911292E+01  0.84500897E+00 -0.54282874E+00 -0.87524783E-02  0.10102710E+04  0.20783277E+05  0.12500000E+03  0.12500012E+03  0.10000000E+01  0.00000000E+00
  0.10680983E+01  0.15263917E+01  0.10601811E+00 -0.70226789E-01  0.10055679E+04  0.11108414E+05  0.12561582E+03  0.12560780E+03  0.10000000E+01  0.00000000E+00
  0.18242003E+01  0.16312375E+01 -0.15722236E+00 -0.12107978E+01  0.10117319E+04  0.23844324E+05  0.12531018E+03  0.12531004E+03  0.10000000E+01  0.00000000E+00
  0.21575372E+01  0.19931726E+01  0.58723992E+00 -0.90014213E+00  0.99870410E+03 -0.25327395E+04  0.12500000E+03  0.12500000E+03  0.10000000E+01  0.00000000E+00
