  0.00000000E+00  0.00000000E+00  0.00000000E+00  0.00000000E+00  0.10015287E+04  0.30131787E+04  0.12500000E+03  0.25816474E-02  0.69999999E+00  0.99999707E+03
  0.00000000E+00  0.50000000E+00  0.00000000E+00  0.00000000E+00  0.10171801E+04  0.35495219E+05  0.12500000E+03  0.36508404E-02  0.69999999E+00  0.99999573E+03
  0.00000000E+00  0.10000000E+01  0.00000000E+00  0.00000000E+00  0.10085957E+04  0.17305951E+05  0.12500000E+03  0.39931647E-02  0.69999999E+00  0.99999542E+03
  0.00000000E+00  0.15000000E+01  0.00000000E+00  0.00000000E+00  0.10214058E+04  0.44793535E+05  0.12500000E+03  0.14201815E-02  0.69999999E+00  0.99999835E+03
  0.00000000E+00  0.20000000E+01  0.00000000E+00  0.00000000E+00  0.10197386E+04  0.41097504E+05  0.12500000E+03 -0.19477664E-02  0.69999999E+00  0.10000023E+04
  0.00000000E+00  0.25000000E+01  0.00000000E+00  0.00000000E+00  0.10034469E+04  0.68332266E+04  0.12500000E+03  0.51974104E-03  0.69999999E+00  0.99999939E+03
  0.00000000E+00  0.30000000E+01  0.00000000E+00  0.00000000E+00  0.10000026E+04  0.51455903E+01  0.12500000E+03  0.38292605E-04  0.69999999E+00  0.99999994E+03
  0.00000000E+00  0.35000000E+01  0.00000000E+00  0.00000000E+00  0.10000000E+04  0.00000000E+00  0.12500000E+03  0.00000000E+00  0.69999999E+00  0.10000000E+04
  0.00000000E+00  0.40000000E+01  0.00000000E+00  0.00000000E+00  0.10000000E+04  0.00000000E+00  0.12500000E+03  0.00000000E+00  0.69999999E+00  0.10000000E+04
 -0.25000000E+00 -0.25000000E+00  0.00000000E+00  0.00000000E+00  0.10006414E+04  0.12607445E+04  0.12500000E+03  0.52005530E-03  0.69999999E+00  0.99999939E+03
 -0.25000000E+00  0.25000000E+00  0.00000000E+00  0.00000000E+00  0.10007651E+04  0.15045470E+04  0.12500000E+03  0.11835268E-02  0.69999999E+00  0.99999866E+03
 -0.25000000E+00  0.75000000E+00  0.00000000E+00  0.00000000E+00  0.10037313E+04  0.74034111E+04  0.12500000E+03  0.59154432E-03  0.69999999E+00  0.99999933E+03
 -0.25000000E+00  0.12500000E+01  0.00000000E+00  0.00000000E+00  0.10016844E+04  0.33215935E+04  0.12500000E+03  0.12366828E-02  0.69999999E+00  0.99999860E+03
 -0.25000000E+00  0.17500000E+01  0.00000000E+00  0.00000000E+00  0.10011765E+04  0.23164097E+04  0.12500000E+03 -0.42357342E-03  0.69999999E+00  0.10000005E+04
 -0.25000000E+00  0.22500000E+01  0.00000000E+00  0.00000000E+00  0.10015139E+04  0.29839109E+04  0.12500000E+03 -0.18548567E-03  0.69999999E+00  0.10000002E+04
 -0.25000000E+00  0.27500000E+01  0.00000000E+00  0.00000000E+00  0.10000007E+04  0.14033347E+01  0.12500000E+03  0.17473474E-04  0.69999999E+00  0.10000000E+04
 -0.25000000E+00  0.32500000E+01  0.00000000E+00  0.00000000E+00  0.10000000E+04  0.00000000E+00  0.12500000E+03  0.82424376E-41  0.69999999E+00  0.10000000E+04
 -0.25000000E+00  0.37500000E+01  0.00000000E+00  0.00000000E+00  0.10000000E+04  0.00000000E+00  0.12500000E+03  0.00000000E+00  0.69999999E+00  0.10000000E+04
  0.80000000E+01  0.00000000E+00  0.00000000E+00  0.00000000E+00  0.10000000E+04  0.00000000E+00  0.12500000E+03  0.00000000E+00  0.69999999E+00  0.10000000E+04
  0.80000000E+01  0.50000000E+00  0.00000000E+00  0.00000000E+00  0.10000000E+04  0.00000000E+00  0.12500000E+03  0.00000000E+00  0.69999999E+00  0.10000000E+04
  0.80000000E+01  0.10000000E+01  0.00000000E+00  0.00000000E+00  0.10000000E+04  0.00000000E+00  0.12500000E+03  0.00000000E+00  0.69999999E+00  0.10000000E+04
  0.80000000E+01  0.15000000E+01  0.00000000E+00  0.00000000E+00  0.10000000E+04  0.00000000E+00  0.12500000E+03  0.00000000E+00  0.69999999E+00  0.10000000E+04
  0.80000000E+01  0.20000000E+01  0.00000000E+00  0.00000000E+00  0.10000000E+04  0.00000000E+00  0.12500000E+03  0.00000000E+00  0.69999999E+00  0.10000000E+04
  0.80000000E+01  0.25000000E+01  0.00000000E+00  0.00000000E+00  0.10000000E+04  0.00000000E+00  0.12500000E+03  0.00000000E+00  0.69999999E+00  0.10000000E+04
  0.80000000E+01  0.30000000E+01  0.00000000E+00  0.00000000E+00  0.10000000E+04  0.00000000E+00  0.12500000E+03  0.00000000E+00  0.69999999E+00  0.10000000E+04
  0.80000000E+01  0.35000000E+01  0.00000000E+00  0.00000000E+00  0.10000000E+04  0.00000000E+00  0.12500000E+03  0.00000000E+00  0.69999999E+00  0.10000000E+04
  0.80000000E+01  0.40000000E+01  0.00000000E+00  0.00000000E+00  0.10000000E+04  0.00000000E+00  0.12500000E+03  0.00000000E+00  0.69999999E+00  0.10000000E+04
  0.82500000E+01 -0.25000000E+00  0.00000000E+00  0.00000000E+00  0.10000000E+04  0.00000000E+00  0.12500000E+03  0.00000000E+00  0.69999999E+00  0.10000000E+04
  0.82500000E+01  0.25000000E+00  0.00000000E+00  0.00000000E+00  0.10000000E+04  0.00000000E+00  0.12500000E+03  0.00000000E+00  0.69999999E+00  0.10000000E+04
  0.82500000E+01  0.75000000E+00  0.00000000E+00  0.00000000E+00  0.10000000E+04  0.00000000E+00  0.12500000E+03  0.00000000E+00  0.69999999E+00  0.10000000E+04
  0.82500000E+01  0.12500000E+01  0.00000000E+00  0.00000000E+00  0.10000000E+04  0.00000000E+00  0.12500000E+03  0.00000000E+00  0.69999999E+00  0.10000000E+04
  0.82500000E+01  0.17500000E+01  0.00000000E+00  0.00000000E+00  0.10000000E+04  0.00000000E+00  0.12500000E+03  0.00000000E+00  0.69999999E+00  0.10000000E+04
  0.82500000E+01  0.22500000E+01  0.00000000E+00  0.00000000E+00  0.10000000E+04  0.00000000E+00  0.12500000E+03  0.00000000E+00  0.69999999E+00  0.10000000E+04
  0.82500000E+01  0.27500000E+01  0.00000000E+00  0.00000000E+00  0.10000000E+04  0.00000000E+00  0.12500000E+03  0.00000000E+00  0.69999999E+00  0.10000000E+04
  0.82500000E+01  0.32500000E+01  0.00000000E+00  0.00000000E+00  0.10000000E+04  0.00000000E+00  0.12500000E+03  0.00000000E+00  0.69999999E+00  0.10000000E+04
  0.82500000E+01  0.37500000E+01  0.00000000E+00  0.00000000E+00  0.10000000E+04  0.00000000E+00  0.12500000E+03  0.00000000E+00  0.69999999E+00  0.10000000E+04
  0.50000000E+00  0.00000000E+00  0.00000000E+00  0.00000000E+00  0.10502787E+04  0.11483770E+06  0.12500000E+03  0.13272485E-01  0.69999999E+00  0.99998407E+03
  0.10000000E+01  0.00000000E+00  0.00000000E+00  0.00000000E+00  0.10603074E+04  0.14201661E+06  0.12500000E+03  0.79716407E-02  0.69999999E+00  0.99999036E+03
  0.15000000E+01  0.00000000E+00  0.00000000E+00  0.00000000E+00  0.10304685E+04  0.65529344E+05  0.12500000E+03  0.23152240E-01  0.69999999E+00  0.99997272E+03
  0.20000000E+01  0.00000000E+00  0.00000000E+00  0.00000000E+00  0.11420361E+04  0.42988006E+06  0.12500000E+03  0.26717192E-01  0.69999999E+00  0.99996515E+03
  0.25000000E+01  0.00000000E+00  0.00000000E+00  0.00000000E+00  0.10383925E+04  0.84578727E+05  0.12500000E+03  0.87104645E-02  0.69999999E+00  0.99998969E+03
  0.30000000E+01  0.00000000E+00  0.00000000E+00  0.00000000E+00  0.10521472E+04  0.11978494E+06  0.12500000E+03  0.10373292E-01  0.69999999E+00  0.99998755E+03
  0.35000000E+01  0.00000000E+00  0.00000000E+00  0.00000000E+00  0.10056528E+04  0.11280628E+05  0.12500000E+03  0.43235598E-02  0.69999999E+00  0.99999506E+03
  0.40000000E+01  0.00000000E+00  0.00000000E+00  0.00000000E+00  0.10000137E+04  0.26898298E+02  0.12500000E+03 -0.68247195E-04  0.69999999E+00  0.10000001E+04
  0.45000000E+01  0.00000000E+00  0.00000000E+00  0.00000000E+00  0.10000000E+04  0.00000000E+00  0.12500000E+03  0.48278936E-39  0.69999999E+00  0.10000000E+04
  0.50000000E+01  0.00000000E+00  0.00000000E+00  0.00000000E+00  0.10000000E+04  0.00000000E+00  0.12500000E+03 -0.18665296E-41  0.69999999E+00  0.10000000E+04
  0.55000000E+01  0.00000000E+00  0.00000000E+00  0.00000000E+00  0.10000000E+04  0.00000000E+00  0.12500000E+03  0.00000000E+00  0.69999999E+00  0.10000000E+04
  0.60000000E+01  0.00000000E+00  0.00000000E+00  0.00000000E+00  0.10000000E+04  0.00000000E+00  0.12500000E+03  0.00000000E+00  0.69999999E+00  0.10000000E+04
  0.65000000E+01  0.00000000E+00  0.00000000E+00  0.00000000E+00  0.10000000E+04  0.00000000E+00  0.12500000E+03  0.00000000E+00  0.69999999E+00  0.10000000E+04
  0.70000000E+01  0.00000000E+00  0.00000000E+00  0.00000000E+00  0.10000000E+04  0.00000000E+00  0.12500000E+03  0.00000000E+00  0.69999999E+00  0.10000000E+04
  0.75000000E+01  0.00000000E+00  0.00000000E+00  0.00000000E+00  0.10000000E+04  0.00000000E+00  0.12500000E+03  0.00000000E+00  0.69999999E+00  0.10000000E+04
  0.25000000E+00 -0.25000000E+00  0.00000000E+00  0.00000000E+00  0.10057798E+04  0.11538386E+05  0.12500000E+03  0.34277476E-02  0.69999999E+00  0.99999603E+03
  0.75000000E+00 -0.25000000E+00  0.00000000E+00  0.00000000E+00  0.10265781E+04  0.56493156E+05  0.12500000E+03  0.94603859E-02  0.69999999E+00  0.99998889E+03
  0.12500000E+01 -0.25000000E+00  0.00000000E+00  0.00000000E+00  0.10088414E+04  0.17813768E+05  0.12500000E+03  0.75296881E-02  0.69999999E+00  0.99999133E+03
  0.17500000E+01 -0.25000000E+00  0.00000000E+00  0.00000000E+00  0.10152939E+04  0.31419143E+05  0.12500000E+03  0.11435213E-01  0.69999999E+00  0.99998676E+03
  0.22500000E+01 -0.25000000E+00  0.00000000E+00  0.00000000E+00  0.10010283E+04  0.20237578E+04  0.12500000E+03  0.11429414E-01  0.69999999E+00  0.99998694E+03
  0.27500000E+01 -0.25000000E+00  0.00000000E+00  0.00000000E+00  0.10055688E+04  0.11110349E+05  0.12500000E+03  0.56470623E-02  0.69999999E+00  0.99999353E+03
  0.32500000E+01 -0.25000000E+00  0.00000000E+00  0.00000000E+00  0.10020930E+04  0.41324932E+04  0.12500000E+03  0.39350619E-02  0.69999999E+00  0.99999548E+03
  0.37500000E+01 -0.25000000E+00  0.00000000E+00  0.00000000E+00  0.10000070E+04  0.13565822E+02  0.12500000E+03 -0.15635355E-03  0.69999999E+00  0.10000002E+04
  0.42500000E+01 -0.25000000E+00  0.00000000E+00  0.00000000E+00  0.10000000E+04  0.00000000E+00  0.12500000E+03 -0.17834095E-35  0.69999999E+00  0.10000000E+04
  0.47500000E+01 -0.25000000E+00  0.00000000E+00  0.00000000E+00  0.10000000E+04  0.00000000E+00  0.12500000E+03 -0.11015103E-38  0.69999999E+00  0.10000000E+04
  0.52500000E+01 -0.25000000E+00  0.00000000E+00  0.00000000E+00  0.10000000E+04  0.00000000E+00  0.12500000E+03  0.00000000E+00  0.69999999E+00  0.10000000E+04
  0.57500000E+01 -0.25000000E+00  0.00000000E+00  0.00000000E+00  0.10000000E+04  0.00000000E+00  0.12500000E+03  0.00000000E+00  0.69999999E+00  0.10000000E+04
  0.62500000E+01 -0.25000000E+00  0.00000000E+00  0.00000000E+00  0.10000000E+04  0.00000000E+00  0.12500000E+03  0.00000000E+00  0.69999999E+00  0.10000000E+04
  0.67500000E+01 -0.25000000E+00  0.00000000E+00  0.00000000E+00  0.10000000E+04  0.00000000E+00  0.12500000E+03  0.00000000E+00  0.69999999E+00  0.10000000E+04
  0.72500000E+01 -0.25000000E+00  0.00000000E+00  0.00000000E+00  0.10000000E+04  0.00000000E+00  0.12500000E+03  0.00000000E+00  0.69999999E+00  0.10000000E+04
  0.77500000E+01 -0.25000000E+00  0.00000000E+00  0.00000000E+00  0.10000000E+04  0.00000000E+00  0.12500000E+03  0.00000000E+00  0.69999999E+00  0.10000000E+04
  0.40000000E+01  0.50000000E+00  0.00000000E+00  0.00000000E+00  0.10003611E+04  0.70921655E+03  0.12500000E+03 -0.46057388E-03  0.69999999E+00  0.10000005E+04
  0.37500000E+01  0.25000000E+00  0.00000000E+00  0.00000000E+00  0.10030576E+04  0.60543184E+04  0.12500000E+03 -0.20457343E-02  0.69999999E+00  0.10000023E+04
  0.40000000E+01  0.10000000E+01  0.00000000E+00  0.00000000E+00  0.10005695E+04  0.11191965E+04  0.12500000E+03 -0.12709285E-03  0.69999999E+00  0.10000001E+04
  0.37500000E+01  0.75000000E+00  0.00000000E+00  0.00000000E+00  0.10311775E+04  0.67198453E+05  0.12500000E+03  0.10321669E-02  0.69999999E+00  0.99999878E+03
  0.40000000E+01  0.15000000E+01  0.00000000E+00  0.00000000E+00  0.10001663E+04  0.32643747E+03  0.12500000E+03  0.49484702E-03  0.69999999E+00  0.99999945E+03
  0.37500000E+01  0.12500000E+01  0.00000000E+00  0.00000000E+00  0.10218417E+04  0.45765750E+05  0.12500000E+03  0.12105713E-02  0.69999999E+00  0.99999860E+03
  0.40000000E+01  0.20000000E+01  0.00000000E+00  0.00000000E+00  0.10010594E+04  0.20851860E+04  0.12500000E+03  0.32920949E-03  0.69999999E+00  0.99999963E+03
  0.37500000E+01  0.17500000E+01  0.00000000E+00  0.00000000E+00  0.10243569E+04  0.51425555E+05  0.12500000E+03  0.23465625E-02  0.69999999E+00  0.99999725E+03
  0.45000000E+01  0.50000000E+00  0.00000000E+00  0.00000000E+00  0.10000000E+04  0.00000000E+00  0.12500000E+03  0.32450793E-38  0.69999999E+00  0.10000000E+04
  0.42500000E+01  0.25000000E+00  0.00000000E+00  0.00000000E+00  0.10000018E+04  0.35083482E+01  0.12500000E+03 -0.74084828E-05  0.69999999E+00  0.10000000E+04
  0.45000000E+01  0.10000000E+01  0.00000000E+00  0.00000000E+00  0.10000000E+04  0.00000000E+00  0.12500000E+03 -0.26456515E-41  0.69999999E+00  0.10000000E+04
  0.42500000E+01  0.75000000E+00  0.00000000E+00  0.00000000E+00  0.10000916E+04  0.17967581E+03  0.12500000E+03 -0.20551628E-04  0.69999999E+00  0.10000000E+04
  0.45000000E+01  0.15000000E+01  0.00000000E+00  0.00000000E+00  0.10000000E+04  0.00000000E+00  0.12500000E+03 -0.10442476E-40  0.69999999E+00  0.10000000E+04
  0.42500000E+01  0.12500000E+01  0.00000000E+00  0.00000000E+00  0.10000066E+04  0.12864128E+02  0.12500000E+03  0.64903998E-05  0.69999999E+00  0.10000000E+04
  0.45000000E+01  0.20000000E+01  0.00000000E+00  0.00000000E+00  0.10000000E+04  0.00000000E+00  0.12500000E+03  0.10083744E-40  0.69999999E+00  0.10000000E+04
  0.42500000E+01  0.17500000E+01  0.00000000E+00  0.00000000E+00  0.10000031E+04  0.60811610E+01  0.12500000E+03 -0.35628464E-05  0.69999999E+00  0.10000000E+04
  0.50000000E+01  0.50000000E+00  0.00000000E+00  0.00000000E+00  0.10000000E+04  0.00000000E+00  0.12500000E+03  0.17151893E-41  0.69999999E+00  0.10000000E+04
  0.47500000E+01  0.25000000E+00  0.00000000E+00  0.00000000E+00  0.10000000E+04  0.00000000E+00  0.12500000E+03  0.10891396E-38  0.69999999E+00  0.10000000E+04
  0.50000000E+01  0.10000000E+01  0.00000000E+00  0.00000000E+00  0.10000000E+04  0.00000000E+00  0.12500000E+03 -0.00000000E+00  0.69999999E+00  0.10000000E+04
  0.47500000E+01  0.75000000E+00  0.00000000E+00  0.00000000E+00  0.10000000E+04  0.00000000E+00  0.12500000E+03  0.18917529E-41  0.69999999E+00  0.10000000E+04
  0.50000000E+01  0.15000000E+01  0.00000000E+00  0.00000000E+00  0.10000000E+04  0.00000000E+00  0.12500000E+03 -0.74913416E-41  0.69999999E+00  0.10000000E+04
  0.47500000E+01  0.12500000E+01  0.00000000E+00  0.00000000E+00  0.10000000E+04  0.00000000E+00  0.12500000E+03 -0.72867520E-41  0.69999999E+00  0.10000000E+04
  0.50000000E+01  0.20000000E+01  0.00000000E+00  0.00000000E+00  0.10000000E+04  0.00000000E+00  0.12500000E+03  0.70849650E-41  0.69999999E+00  0.10000000E+04
  0.47500000E+01  0.17500000E+01  0.00000000E+00  0.00000000E+00  0.10000000E+04  0.00000000E+00  0.12500000E+03 -0.00000000E+00  0.69999999E+00  0.10000000E+04
  0.27670400E+01  0.86779463E+00  0.38362491E+00  0.65651995E+00  0.10024078E+04  0.47583438E+04  0.12576698E+03  0.12576656E+03  0.10000000E+01  0.00000000E+00
  0.85835159E+00  0.13156835E+01  0.66722059E+00  0.25138807E+00  0.99684314E+03 -0.61353716E+04  0.12561582E+03  0.12561256E+03  0.10000000E+01  0.00000000E+00
  0.17419682E+01  0.93682766E+00  0.33000624E+00  0.20991397E+00  0.10019053E+04  0.37596777E+04  0.12546356E+03  0.12546323E+03  0.10000000E+01  0.00000000E+00
  0.24888747E+01  0.17776031E+01  0.20828590E+01  0.55266094E+00  0.99721552E+03 -0.54177456E+04  0.12531018E+03  0.12531027E+03  0.10000000E+01  0.00000000E+00
  0.28079262E+01  0.15725039E+01  0.17760685E+00  0.98228443E+00  0.10050565E+04  0.10072623E+05  0.12515567E+03  0.12515567E+03  0.10000000E+01  0.00000000E+00
  0.25871902E+01  0.17454472E+01  0.13017452E+01  0.68392050E+00  0.99826965E+03 -0.33773213E+04  0.12500000E+03  0.12500000E+03  0.10000000E+01  0.00000000E+00
  0.27920337E+01  0.92916286E+00 -0.37734628E+00  0.82221873E-01  0.10022694E+04  0.44829663E+04  0.12576698E+03  0.12575461E+03  0.10000000E+01  0.00000000E+00
  0.87668252E+00  0.95977008E+00  0.65205306E+00 -0.66140503E+00  0.99248083E+03 -0.14423998E+05  0.12561582E+03  0.12560624E+03  0.10000000E+01  0.00000000E+00
  0.94902718E+00  0.91223741E+00 -0.76696938E+00  0.44913816E+00  0.99434863E+03 -0.10901733E+05  0.12546356E+03  0.12546037E+03  0.10000000E+01  0.00000000E+00
  0.28553231E+01  0.12209271E+01  0.17592025E+00 -0.37608150E+00  0.10018799E+04  0.37092910E+04  0.12531018E+03  0.12531038E+03  0.10000000E+01  0.00000000E+00
  0.12196072E+01  0.88373566E+00 -0.18722105E+00  0.36681786E-01  0.99832239E+03 -0.32749951E+04  0.12515567E+03  0.12515535E+03  0.10000000E+01  0.00000000E+00
  0.70804763E+00  0.84413564E+00 -0.46878940E+00  0.62907910E+00  0.10018537E+04  0.36572563E+04  0.12500000E+03  0.12500000E+03  0.10000000E+01  0.00000000E+00
  0.21309783E+01  0.10137230E+01 -0.97231176E-02  0.17421016E+00  0.10060822E+04  0.12153192E+05  0.12576698E+03  0.12575644E+03  0.10000000E+01  0.00000000E+00
  0.27531879E+01  0.88613331E+00 -0.22834429E+00  0.38686058E+00  0.10030439E+04  0.60269253E+04  0.12561582E+03  0.12561059E+03  0.10000000E+01  0.00000000E+00
  0.27301540E+01  0.14331146E+01  0.35711876E+00  0.32389632E+00  0.10026880E+04  0.53164380E+04  0.12546356E+03  0.12546005E+03  0.10000000E+01  0.00000000E+00
  0.16379850E+01  0.89779747E+00 -0.91175508E+00 -0.51963484E+00  0.10033137E+04  0.65666294E+04  0.12531018E+03  0.12531018E+03  0.10000000E+01  0.00000000E+00
  0.28955131E+01  0.78898263E+00 -0.84867066E+00 -0.23863262E+00  0.10016770E+04  0.33069456E+04  0.12515567E+03  0.12515553E+03  0.10000000E+01  0.00000000E+00
  0.10474632E+01  0.15294566E+01 -0.14429055E+00  0.10726072E-01  0.99481622E+03 -0.10013725E+05  0.12500000E+03  0.12500612E+03  0.10000000E+01  0.00000000E+00
  0.88299441E+00  0.14265550E+01  0.25087219E+00 -0.74997410E-01  0.99602539E+03 -0.77058267E+04  0.12576698E+03  0.12576566E+03  0.10000000E+01  0.00000000E+00
  0.24692888E+01  0.99722731E+00 -0.71682167E+00  0.10234027E+01  0.99629932E+03 -0.71806084E+04  0.12561582E+03  0.12561228E+03  0.10000000E+01  0.00000000E+00
  0.16374328E+01  0.11857090E+01 -0.59849596E+00 -0.15738025E+00  0.10138511E+04  0.28331678E+05  0.12546356E+03  0.12546202E+03  0.10000000E+01  0.00000000E+00
  0.22614405E+01  0.95058024E+00  0.41854760E+00 -0.37108952E+00  0.10046783E+04  0.93087959E+04  0.12531018E+03  0.12530890E+03  0.10000000E+01  0.00000000E+00
  0.20571556E+01  0.17495201E+01  0.96590865E+00 -0.96994269E+00  0.10049782E+04  0.99142744E+04  0.12515567E+03  0.12515567E+03  0.10000000E+01  0.00000000E+00
  0.14995751E+01  0.84502149E+00 -0.38164097E+00 -0.38624741E-03  0.10058953E+04  0.11773078E+05  0.12500000E+03  0.12500012E+03  0.10000000E+01  0.00000000E+00
  0.10660040E+01  0.15285125E+01  0.19672176E+00 -0.28009739E-01  0.99531134E+03 -0.90708008E+04  0.12561582E+03  0.12560780E+03  0.10000000E+01  0.00000000E+00
  0.18238868E+01  0.16536832E+01 -0.37490856E-02 -0.14495463E+01  0.10110161E+04  0.22341205E+05  0.12531018E+03  0.12531004E+03  0.10000000E+01  0.00000000E+00
  0.21454775E+01  0.20081275E+01  0.45905775E+00 -0.81396979E+00  0.99918127E+03 -0.16024070E+04  0.12500000E+03  0.12500000E+03  0.10000000E+01  0.00000000E+00
