  0.00000000E+00  0.00000000E+00  0.00000000E+00  0.00000000E+00  0.10008649E+04  0.17012710E+04  0.12500000E+03  0.18223706E-02  0.69999999E+00  0.99999792E+03
  0.00000000E+00  0.50000000E+00  0.00000000E+00  0.00000000E+00  0.10050344E+04  0.10028027E+05  0.12500000E+03  0.12890855E-02  0.69999999E+00  0.99999854E+03
  0.00000000E+00  0.10000000E+01  0.00000000E+00  0.00000000E+00  0.10159231E+04  0.32773824E+05  0.12500000E+03  0.22702639E-02  0.69999999E+00  0.99999738E+03
  0.00000000E+00  0.15000000E+01  0.00000000E+00  0.00000000E+00  0.10161423E+04  0.33247016E+05  0.12500000E+03  0.80699183E-03  0.69999999E+00  0.99999908E+03
  0.00000000E+00  0.20000000E+01  0.00000000E+00  0.00000000E+00  0.10081445E+04  0.16375283E+05  0.12500000E+03 -0.62408671E-03  0.69999999E+00  0.10000007E+04
  0.00000000E+00  0.25000000E+01  0.00000000E+00  0.00000000E+00  0.10002484E+04  0.48778732E+03  0.12500000E+03  0.11101574E-03  0.69999999E+00  0.99999988E+03
  0.00000000E+00  0.30000000E+01  0.00000000E+00  0.00000000E+00  0.10000000E+04  0.00000000E+00  0.12500000E+03  0.00000000E+00  0.69999999E+00  0.10000000E+04
  0.00000000E+00  0.35000000E+01  0.00000000E+00  0.00000000E+00  0.10000000E+04  0.00000000E+00  0.12500000E+03  0.00000000E+00  0.69999999E+00  0.10000000E+04
  0.00000000E+00  0.40000000E+01  0.00000000E+00  0.00000000E+00  0.10000000E+04  0.00000000E+00  0.12500000E+03  0.00000000E+00  0.69999999E+00  0.10000000E+04
 -0.25000000E+00 -0.25000000E+00  0.00000000E+00  0.00000000E+00  0.10006414E+04  0.12607445E+04  0.12500000E+03  0.52005530E-03  0.69999999E+00  0.99999939E+03
 -0.25000000E+00  0.25000000E+00  0.00000000E+00  0.00000000E+00  0.10011429E+04  0.22502283E+04  0.12500000E+03  0.72317623E-03  0.69999999E+00  0.99999915E+03
 -0.25000000E+00  0.75000000E+00  0.00000000E+00  0.00000000E+00  0.10007367E+04  0.14486302E+04  0.12500000E+03 -0.31119213E-04  0.69999999E+00  0.10000001E+04
 -0.25000000E+00  0.12500000E+01  0.00000000E+00  0.00000000E+00  0.10026375E+04  0.52159121E+04  0.12500000E+03  0.73834701E-03  0.69999999E+00  0.99999915E+03
 -0.25000000E+00  0.17500000E+01  0.00000000E+00  0.00000000E+00  0.10006367E+04  0.12515878E+04  0.12500000E+03 -0.18585019E-03  0.69999999E+00  0.10000002E+04
 -0.25000000E+00  0.22500000E+01  0.00000000E+00  0.00000000E+00  0.10004747E+04  0.93267188E+03  0.12500000E+03 -0.78150333E-04  0.69999999E+00  0.10000001E+04
 -0.25000000E+00  0.27500000E+01  0.00000000E+00  0.00000000E+00  0.10000000E+04  0.00000000E+00  0.12500000E+03  0.00000000E+00  0.69999999E+00  0.10000000E+04
 -0.25000000E+00  0.32500000E+01  0.00000000E+00  0.00000000E+00  0.10000000E+04  0.00000000E+00  0.12500000E+03  0.00000000E+00  0.69999999E+00  0.10000000E+04
 -0.25000000E+00  0.37500000E+01  0.00000000E+00  0.00000000E+00  0.10000000E+04  0.00000000E+00  0.12500000E+03  0.00000000E+00  0.69999999E+00  0.10000000E+04
  0.80000000E+01  0.00000000E+00  0.00000000E+00  0.00000000E+00  0.10000000E+04  0.00000000E+00  0.12500000E+03  0.00000000E+00  0.69999999E+00  0.10000000E+04
  0.80000000E+01  0.50000000E+00  0.00000000E+00  0.00000000E+00  0.10000000E+04  0.00000000E+00  0.12500000E+03  0.00000000E+00  0.69999999E+00  0.10000000E+04
  0.80000000E+01  0.10000000E+01  0.00000000E+00  0.00000000E+00  0.10000000E+04  0.00000000E+00  0.12500000E+03  0.00000000E+00  0.69999999E+00  0.10000000E+04
  0.80000000E+01  0.15000000E+01  0.00000000E+00  0.00000000E+00  0.10000000E+04  0.00000000E+00  0.12500000E+03  0.00000000E+00  0.69999999E+00  0.10000000E+04
  0.80000000E+01  0.20000000E+01  0.00000000E+00  0.00000000E+00  0.10000000E+04  0.00000000E+00  0.12500000E+03  0.00000000E+00  0.69999999E+00  0.10000000E+04
  0.80000000E+01  0.25000000E+01  0.00000000E+00  0.00000000E+00  0.10000000E+04  0.00000000E+00  0.12500000E+03  0.00000000E+00  0.69999999E+00  0.10000000E+04
  0.80000000E+01  0.30000000E+01  0.00000000E+00  0.00000000E+00  0.10000000E+04  0.00000000E+00  0.12500000E+03  0.00000000E+00  0.69999999E+00  0.10000000E+04
  0.80000000E+01  0.35000000E+01  0.00000000E+00  0.00000000E+00  0.10000000E+04  0.00000000E+00  0.12500000E+03  0.00000000E+00  0.69999999E+00  0.10000000E+04
  0.80000000E+01  0.40000000E+01  0.00000000E+00  0.00000000E+00  0.10000000E+04  0.00000000E+00  0.12500000E+03  0.00000000E+00  0.69999999E+00  0.10000000E+04
  0.82500000E+01 -0.25000000E+00  0.00000000E+00  0.00000000E+00  0.10000000E+04  0.00000000E+00  0.12500000E+03  0.00000000E+00  0.69999999E+00  0.10000000E+04
  0.82500000E+01  0.25000000E+00  0.00000000E+00  0.00000000E+00  0.10000000E+04  0.00000000E+00  0.12500000E+03  0.00000000E+00  0.69999999E+00  0.10000000E+04
  0.82500000E+01  0.75000000E+00  0.00000000E+00  0.00000000E+00  0.10000000E+04  0.00000000E+00  0.12500000E+03  0.00000000E+00  0.69999999E+00  0.10000000E+04
  0.82500000E+01  0.12500000E+01  0.00000000E+00  0.00000000E+00  0.10000000E+04  0.00000000E+00  0.12500000E+03  0.00000000E+00  0.69999999E+00  0.10000000E+04
  0.82500000E+01  0.17500000E+01  0.00000000E+00  0.00000000E+00  0.10000000E+04  0.00000000E+00  0.12500000E+03  0.00000000E+00  0.69999999E+00  0.10000000E+04
  0.82500000E+01  0.22500000E+01  0.00000000E+00  0.00000000E+00  0.10000000E+04  0.00000000E+00  0.12500000E+03  0.00000000E+00  0.69999999E+00  0.10000000E+04
  0.82500000E+01  0.27500000E+01  0.00000000E+00  0.00000000E+00  0.10000000E+04  0.00000000E+00  0.12500000E+03  0.00000000E+00  0.69999999E+00  0.10000000E+04
  0.82500000E+01  0.32500000E+01  0.00000000E+00  0.00000000E+00  0.10000000E+04  0.00000000E+00  0.12500000E+03  0.00000000E+00  0.69999999E+00  0.10000000E+04
  0.82500000E+01  0.37500000E+01  0.00000000E+00  0.00000000E+00  0.10000000E+04  0.00000000E+00  0.12500000E+03  0.00000000E+00  0.69999999E+00  0.10000000E+04
  0.50000000E+00  0.00000000E+00  0.00000000E+00  0.00000000E+00  0.10234916E+04  0.49468992E+05  0.12500000E+03  0.88348761E-02  0.69999999E+00  0.99998969E+03
  0.10000000E+01  0.00000000E+00  0.00000000E+00  0.00000000E+00  0.10499998E+04  0.11410368E+06  0.12500000E+03  0.39144340E-02  0.69999999E+00  0.99999530E+03
  0.15000000E+01  0.00000000E+00  0.00000000E+00  0.00000000E+00  0.10452310E+04  0.10173498E+06  0.12500000E+03  0.16192634E-01  0.69999999E+00  0.99998065E+03
  0.20000000E+01  0.00000000E+00  0.00000000E+00  0.00000000E+00  0.11727852E+04  0.57503738E+06  0.12500000E+03  0.17970337E-01  0.69999999E+00  0.99997589E+03
  0.25000000E+01  0.00000000E+00  0.00000000E+00  0.00000000E+00  0.10629268E+04  0.14937375E+06  0.12500000E+03  0.18488276E-02  0.69999999E+00  0.99999774E+03
  0.30000000E+01  0.00000000E+00  0.00000000E+00  0.00000000E+00  0.10185339E+04  0.38449109E+05  0.12500000E+03  0.37198986E-02  0.69999999E+00  0.99999567E+03
  0.35000000E+01  0.00000000E+00  0.00000000E+00  0.00000000E+00  0.10008184E+04  0.16095929E+04  0.12500000E+03  0.14381518E-02  0.69999999E+00  0.99999835E+03
  0.40000000E+01  0.00000000E+00  0.00000000E+00  0.00000000E+00  0.10000131E+04  0.25728762E+02  0.12500000E+03 -0.50405528E-04  0.69999999E+00  0.10000001E+04
  0.45000000E+01  0.00000000E+00  0.00000000E+00  0.00000000E+00  0.10000000E+04  0.00000000E+00  0.12500000E+03  0.00000000E+00  0.69999999E+00  0.10000000E+04
  0.50000000E+01  0.00000000E+00  0.00000000E+00  0.00000000E+00  0.10000000E+04  0.00000000E+00  0.12500000E+03  0.00000000E+00  0.69999999E+00  0.10000000E+04
  0.55000000E+01  0.00000000E+00  0.00000000E+00  0.00000000E+00  0.10000000E+04  0.00000000E+00  0.12500000E+03  0.00000000E+00  0.69999999E+00  0.10000000E+04
  0.60000000E+01  0.00000000E+00  0.00000000E+00  0.00000000E+00  0.10000000E+04  0.00000000E+00  0.12500000E+03  0.00000000E+00  0.69999999E+00  0.10000000E+04
  0.65000000E+01  0.00000000E+00  0.00000000E+00  0.00000000E+00  0.10000000E+04  0.00000000E+00  0.12500000E+03  0.00000000E+00  0.69999999E+00  0.10000000E+04
  0.70000000E+01  0.00000000E+00  0.00000000E+00  0.00000000E+00  0.10000000E+04  0.00000000E+00  0.12500000E+03  0.00000000E+00  0.69999999E+00  0.10000000E+04
  0.75000000E+01  0.00000000E+00  0.00000000E+00  0.00000000E+00  0.10000000E+04  0.00000000E+00  0.12500000E+03  0.00000000E+00  0.69999999E+00  0.10000000E+04
  0.25000000E+00 -0.25000000E+00  0.00000000E+00  0.00000000E+00  0.10052322E+04  0.10428154E+05  0.12500000E+03  0.27088579E-02  0.69999999E+00  0.99999689E+03
  0.75000000E+00 -0.25000000E+00  0.00000000E+00  0.00000000E+00  0.10221051E+04  0.46354645E+05  0.12500000E+03  0.67297514E-02  0.69999999E+00  0.99999213E+03
  0.12500000E+01 -0.25000000E+00  0.00000000E+00  0.00000000E+00  0.10099911E+04  0.20199869E+05  0.12500000E+03  0.56739878E-02  0.69999999E+00  0.99999347E+03
  0.17500000E+01 -0.25000000E+00  0.00000000E+00  0.00000000E+00  0.10165391E+04  0.34104898E+05  0.12500000E+03  0.84533263E-02  0.69999999E+00  0.99999017E+03
  0.22500000E+01 -0.25000000E+00  0.00000000E+00  0.00000000E+00  0.10058042E+04  0.11588023E+05  0.12500000E+03  0.75095780E-02  0.69999999E+00  0.99999139E+03
  0.27500000E+01 -0.25000000E+00  0.00000000E+00  0.00000000E+00  0.10045913E+04  0.91332539E+04  0.12500000E+03  0.15060715E-02  0.69999999E+00  0.99999829E+03
  0.32500000E+01 -0.25000000E+00  0.00000000E+00  0.00000000E+00  0.10001926E+04  0.37818253E+03  0.12500000E+03  0.15331104E-02  0.69999999E+00  0.99999823E+03
  0.37500000E+01 -0.25000000E+00  0.00000000E+00  0.00000000E+00  0.10000071E+04  0.13799721E+02  0.12500000E+03 -0.13200220E-03  0.69999999E+00  0.10000001E+04
  0.42500000E+01 -0.25000000E+00  0.00000000E+00  0.00000000E+00  0.10000000E+04  0.00000000E+00  0.12500000E+03 -0.23547980E-39  0.69999999E+00  0.10000000E+04
  0.47500000E+01 -0.25000000E+00  0.00000000E+00  0.00000000E+00  0.10000000E+04  0.00000000E+00  0.12500000E+03  0.00000000E+00  0.69999999E+00  0.10000000E+04
  0.52500000E+01 -0.25000000E+00  0.00000000E+00  0.00000000E+00  0.10000000E+04  0.00000000E+00  0.12500000E+03  0.00000000E+00  0.69999999E+00  0.10000000E+04
  0.57500000E+01 -0.25000000E+00  0.00000000E+00  0.00000000E+00  0.10000000E+04  0.00000000E+00  0.12500000E+03  0.00000000E+00  0.69999999E+00  0.10000000E+04
  0.62500000E+01 -0.25000000E+00  0.00000000E+00  0.00000000E+00  0.10000000E+04  0.00000000E+00  0.12500000E+03  0.00000000E+00  0.69999999E+00  0.10000000E+04
  0.67500000E+01 -0.25000000E+00  0.00000000E+00  0.00000000E+00  0.10000000E+04  0.00000000E+00  0.12500000E+03  0.00000000E+00  0.69999999E+00  0.10000000E+04
  0.72500000E+01 -0.25000000E+00  0.00000000E+00  0.00000000E+00  0.10000000E+04  0.00000000E+00  0.12500000E+03  0.00000000E+00  0.69999999E+00  0.10000000E+04
  0.77500000E+01 -0.25000000E+00  0.00000000E+00  0.00000000E+00  0.10000000E+04  0.00000000E+00  0.12500000E+03  0.00000000E+00  0.69999999E+00  0.10000000E+04
  0.40000000E+01  0.50000000E+00  0.00000000E+00  0.00000000E+00  0.10004338E+04  0.85222919E+03  0.12500000E+03 -0.14449963E-03  0.69999999E+00  0.10000002E+04
  0.37500000E+01  0.25000000E+00  0.00000000E+00  0.00000000E+00  0.10001252E+04  0.24590936E+03  0.12500000E+03 -0.62932150E-03  0.69999999E+00  0.10000007E+04
  0.40000000E+01  0.10000000E+01  0.00000000E+00  0.00000000E+00  0.10020759E+04  0.40983896E+04  0.12500000E+03 -0.51718471E-04  0.69999999E+00  0.10000001E+04
  0.37500000E+01  0.75000000E+00  0.00000000E+00  0.00000000E+00  0.10053169E+04  0.10599540E+05  0.12500000E+03  0.58520772E-03  0.69999999E+00  0.99999933E+03
  0.40000000E+01  0.15000000E+01  0.00000000E+00  0.00000000E+00  0.10037880E+04  0.75170381E+04  0.12500000E+03  0.13693149E-03  0.69999999E+00  0.99999982E+03
  0.37500000E+01  0.12500000E+01  0.00000000E+00  0.00000000E+00  0.10422466E+04  0.94164703E+05  0.12500000E+03  0.31009666E-03  0.69999999E+00  0.99999963E+03
  0.40000000E+01  0.20000000E+01  0.00000000E+00  0.00000000E+00  0.99853699E+03 -0.28578308E+04  0.12500000E+03  0.13270737E-03  0.69999999E+00  0.99999988E+03
  0.37500000E+01  0.17500000E+01  0.00000000E+00  0.00000000E+00  0.10669158E+04  0.16078869E+06  0.12500000E+03  0.74318267E-03  0.69999999E+00  0.99999908E+03
  0.45000000E+01  0.50000000E+00  0.00000000E+00  0.00000000E+00  0.10000000E+04  0.00000000E+00  0.12500000E+03  0.38956097E-42  0.69999999E+00  0.10000000E+04
  0.42500000E+01  0.25000000E+00  0.00000000E+00  0.00000000E+00  0.10000018E+04  0.35083482E+01  0.12500000E+03 -0.74084828E-05  0.69999999E+00  0.10000000E+04
  0.45000000E+01  0.10000000E+01  0.00000000E+00  0.00000000E+00  0.10000000E+04  0.00000000E+00  0.12500000E+03  0.00000000E+00  0.69999999E+00  0.10000000E+04
  0.42500000E+01  0.75000000E+00  0.00000000E+00  0.00000000E+00  0.10000934E+04  0.18318608E+03  0.12500000E+03 -0.62608265E-05  0.69999999E+00  0.10000000E+04
  0.45000000E+01  0.15000000E+01  0.00000000E+00  0.00000000E+00  0.10000000E+04  0.00000000E+00  0.12500000E+03 -0.00000000E+00  0.69999999E+00  0.10000000E+04
  0.42500000E+01  0.12500000E+01  0.00000000E+00  0.00000000E+00  0.10000066E+04  0.12864128E+02  0.12500000E+03  0.34267537E-05  0.69999999E+00  0.10000000E+04
  0.45000000E+01  0.20000000E+01  0.00000000E+00  0.00000000E+00  0.10000000E+04  0.00000000E+00  0.12500000E+03  0.00000000E+00  0.69999999E+00  0.10000000E+04
  0.42500000E+01  0.17500000E+01  0.00000000E+00  0.00000000E+00  0.10000035E+04  0.70167341E+01  0.12500000E+03  0.32231283E-05  0.69999999E+00  0.10000000E+04
  0.50000000E+01  0.50000000E+00  0.00000000E+00  0.00000000E+00  0.10000000E+04  0.00000000E+00  0.12500000E+03  0.00000000E+00  0.69999999E+00  0.10000000E+04
  0.47500000E+01  0.25000000E+00  0.00000000E+00  0.00000000E+00  0.10000000E+04  0.00000000E+00  0.12500000E+03  0.00000000E+00  0.69999999E+00  0.10000000E+04
  0.50000000E+01  0.10000000E+01  0.00000000E+00  0.00000000E+00  0.10000000E+04  0.00000000E+00  0.12500000E+03  0.00000000E+00  0.69999999E+00  0.10000000E+04
  0.47500000E+01  0.75000000E+00  0.00000000E+00  0.00000000E+00  0.10000000E+04  0.00000000E+00  0.12500000E+03  0.00000000E+00  0.69999999E+00  0.10000000E+04
  0.50000000E+01  0.15000000E+01  0.00000000E+00  0.00000000E+00  0.10000000E+04  0.00000000E+00  0.12500000E+03  0.00000000E+00  0.69999999E+00  0.10000000E+04
  0.47500000E+01  0.12500000E+01  0.00000000E+00  0.00000000E+00  0.10000000E+04  0.00000000E+00  0.12500000E+03  0.00000000E+00  0.69999999E+00  0.10000000E+04
  0.50000000E+01  0.20000000E+01  0.00000000E+00  0.00000000E+00  0.10000000E+04  0.00000000E+00  0.12500000E+03  0.00000000E+00  0.69999999E+00  0.10000000E+04
  0.47500000E+01  0.17500000E+01  0.00000000E+00  0.00000000E+00  0.10000000E+04  0.00000000E+00  0.12500000E+03  0.00000000E+00  0.69999999E+00  0.10000000E+04
  0.28585389E+01  0.15142682E+01  0.11663125E+01 -0.11212262E+01  0.99963403E+03 -0.71725024E+03  0.12576698E+03  0.12576674E+03  0.10000000E+01  0.00000000E+00
  0.16294440E+01  0.95784700E+00  0.88578391E+00  0.12791333E+01  0.10068932E+04  0.13807288E+05  0.12561582E+03  0.12561256E+03  0.10000000E+01  0.00000000E+00
  0.14803997E+01  0.88386261E+00 -0.98211920E+00  0.96543348E+00  0.10189299E+04  0.39317605E+05  0.12546356E+03  0.12546333E+03  0.10000000E+01  0.00000000E+00
  0.10625002E+01  0.86161017E+00 -0.63468719E+00 -0.10516717E+01  0.10006495E+04  0.12767106E+04  0.12531018E+03  0.12531018E+03  0.10000000E+01  0.00000000E+00
  0.10797385E+01  0.79993331E+00 -0.34720058E+01  0.20053120E+01  0.10095809E+04  0.19346631E+05  0.12515567E+03  0.12515567E+03  0.10000000E+01  0.00000000E+00
  0.26345892E+01  0.22820659E+01 -0.57871068E+00 -0.73763394E+00  0.10118376E+04  0.24066641E+05  0.12500000E+03  0.12500000E+03  0.10000000E+01  0.00000000E+00
  0.29569912E+01  0.16752191E+01 -0.10881221E+01 -0.14989420E+01  0.10350532E+04  0.76444445E+05  0.12576698E+03  0.12575494E+03  0.10000000E+01  0.00000000E+00
  0.17180694E+01  0.10852494E+01  0.12236929E+01  0.73213303E+00  0.98863782E+03 -0.21546975E+05  0.12561582E+03  0.12560624E+03  0.10000000E+01  0.00000000E+00
  0.17479877E+01  0.13229666E+01 -0.34889483E+00 -0.78070581E+00  0.10180431E+04  0.37375316E+05  0.12546356E+03  0.12546037E+03  0.10000000E+01  0.00000000E+00
  0.24269226E+01  0.13459862E+01  0.17554045E+01  0.18810863E+01  0.10454182E+04  0.10221438E+06  0.12531018E+03  0.12531038E+03  0.10000000E+01  0.00000000E+00
  0.15602534E+01  0.13751568E+01 -0.43201154E+00 -0.93902242E+00  0.10152630E+04  0.31352539E+05  0.12515567E+03  0.12515567E+03  0.10000000E+01  0.00000000E+00
  0.91965020E+00  0.99372697E+00 -0.22490509E+01 -0.21843231E+01  0.10184894E+04  0.38351461E+05  0.12500000E+03  0.12500000E+03  0.10000000E+01  0.00000000E+00
  0.29785092E+01  0.18490400E+01 -0.16162719E+01  0.92836010E+00  0.10243164E+04  0.51333691E+05  0.12576698E+03  0.12575644E+03  0.10000000E+01  0.00000000E+00
  0.28624604E+01  0.19356736E+01 -0.77344066E+00  0.31823319E+00  0.95032660E+03 -0.84080195E+05  0.12561582E+03  0.12561089E+03  0.10000000E+01  0.00000000E+00
  0.26176205E+01  0.12178669E+01  0.13657126E+01 -0.23737769E+01  0.10145928E+04  0.29915615E+05  0.12546356E+03  0.12546005E+03  0.10000000E+01  0.00000000E+00
  0.28581212E+01  0.13481982E+01  0.10207860E+01 -0.96949899E+00  0.98459583E+03 -0.28861604E+05  0.12531018E+03  0.12531018E+03  0.10000000E+01  0.00000000E+00
  0.26809797E+01  0.95833683E+00  0.15871921E+01 -0.97635931E+00  0.10089918E+04  0.18125084E+05  0.12515567E+03  0.12515553E+03  0.10000000E+01  0.00000000E+00
  0.24118650E+01  0.18143742E+01 -0.12183318E+01 -0.14394410E+01  0.10228519E+04  0.48029031E+05  0.12500000E+03  0.12500000E+03  0.10000000E+01  0.00000000E+00
  0.12932587E+01  0.11581371E+01 -0.13186890E+01 -0.28767943E+01  0.10058143E+04  0.11608607E+05  0.12576698E+03  0.12576566E+03  0.10000000E+01  0.00000000E+00
  0.28793540E+01  0.19404497E+01 -0.96967047E+00 -0.50530446E+00  0.99377606E+03 -0.11985669E+05  0.12561582E+03  0.12561221E+03  0.10000000E+01  0.00000000E+00
  0.24451380E+01  0.89810109E+00  0.69973004E+00  0.30859935E+00  0.10020699E+04  0.40863123E+04  0.12546356E+03  0.12546202E+03  0.10000000E+01  0.00000000E+00
  0.21732063E+01  0.10246881E+01 -0.17125759E+01 -0.39617598E-01  0.97409387E+03 -0.47043805E+05  0.12531018E+03  0.12530890E+03  0.10000000E+01  0.00000000E+00
  0.25631218E+01  0.23699510E+01 -0.10827146E+01 -0.81015921E+00  0.99874078E+03 -0.24612522E+04  0.12515567E+03  0.12515567E+03  0.10000000E+01  0.00000000E+00
  0.24753332E+01  0.72026396E+00 -0.19287543E+01 -0.15989131E+00  0.10413818E+04  0.91995352E+05  0.12500000E+03  0.12500012E+03  0.10000000E+01  0.00000000E+00
  0.17910388E+01  0.14997211E+01  0.98330903E+00  0.28603691E+00  0.99798901E+03 -0.39218601E+04  0.12561582E+03  0.12561399E+03  0.10000000E+01  0.00000000E+00
  0.29588876E+01  0.23701692E+01 -0.69224775E+00 -0.44716883E+00  0.99703888E+03 -0.57583213E+04  0.12531018E+03  0.12531004E+03  0.10000000E+01  0.00000000E+00
  0.12046380E+01  0.16173038E+01 -0.21381152E+01 -0.17311904E+01  0.99411206E+03 -0.11350047E+05  0.12500000E+03  0.12500000E+03  0.10000000E+01  0.00000000E+00
