  0.00000000E+00  0.00000000E+00  0.00000000E+00  0.00000000E+00  0.10007504E+04  0.14756477E+04  0.12500000E+03  0.22592994E-02  0.69999999E+00  0.99999744E+03
  0.00000000E+00  0.50000000E+00  0.00000000E+00  0.00000000E+00  0.10024097E+04  0.47621401E+04  0.12500000E+03  0.25012223E-02  0.69999999E+00  0.99999713E+03
  0.00000000E+00  0.10000000E+01  0.00000000E+00  0.00000000E+00  0.10093500E+04  0.18867244E+05  0.12500000E+03  0.31580904E-02  0.69999999E+00  0.99999634E+03
  0.00000000E+00  0.15000000E+01  0.00000000E+00  0.00000000E+00  0.10234891E+04  0.49463348E+05  0.12500000E+03  0.11028629E-02  0.69999999E+00  0.99999872E+03
  0.00000000E+00  0.20000000E+01  0.00000000E+00  0.00000000E+00  0.10185573E+04  0.38500297E+05  0.12500000E+03 -0.12314969E-02  0.69999999E+00  0.10000014E+04
  0.00000000E+00  0.25000000E+01  0.00000000E+00  0.00000000E+00  0.10030736E+04  0.60862402E+04  0.12500000E+03  0.33517432E-03  0.69999999E+00  0.99999963E+03
  0.00000000E+00  0.30000000E+01  0.00000000E+00  0.00000000E+00  0.10000000E+04  0.00000000E+00  0.12500000E+03  0.60528782E-05  0.69999999E+00  0.10000000E+04
  0.00000000E+00  0.35000000E+01  0.00000000E+00  0.00000000E+00  0.10000000E+04  0.00000000E+00  0.12500000E+03  0.00000000E+00  0.69999999E+00  0.10000000E+04
  0.00000000E+00  0.40000000E+01  0.00000000E+00  0.00000000E+00  0.10000000E+04  0.00000000E+00  0.12500000E+03  0.00000000E+00  0.69999999E+00  0.10000000E+04
 -0.25000000E+00 -0.25000000E+00  0.00000000E+00  0.00000000E+00  0.10006414E+04  0.12607445E+04  0.12500000E+03  0.52005530E-03  0.69999999E+00  0.99999939E+03
 -0.25000000E+00  0.25000000E+00  0.00000000E+00  0.00000000E+00  0.10006680E+04  0.13131068E+04  0.12500000E+03  0.96971978E-03  0.69999999E+00  0.99999890E+03
 -0.25000000E+00  0.75000000E+00  0.00000000E+00  0.00000000E+00  0.10039635E+04  0.78694062E+04  0.12500000E+03  0.27058768E-03  0.69999999E+00  0.99999969E+03
 -0.25000000E+00  0.12500000E+01  0.00000000E+00  0.00000000E+00  0.10010325E+04  0.20319948E+04  0.12500000E+03  0.10061439E-02  0.69999999E+00  0.99999884E+03
 -0.25000000E+00  0.17500000E+01  0.00000000E+00  0.00000000E+00  0.10011921E+04  0.23472673E+04  0.12500000E+03 -0.28072868E-03  0.69999999E+00  0.10000003E+04
 -0.25000000E+00  0.22500000E+01  0.00000000E+00  0.00000000E+00  0.10012462E+04  0.24542319E+04  0.12500000E+03 -0.15003496E-03  0.69999999E+00  0.10000002E+04
 -0.25000000E+00  0.27500000E+01  0.00000000E+00  0.00000000E+00  0.10000000E+04  0.00000000E+00  0.12500000E+03  0.55211159E-42  0.69999999E+00  0.10000000E+04
 -0.25000000E+00  0.32500000E+01  0.00000000E+00  0.00000000E+00  0.10000000E+04  0.00000000E+00  0.12500000E+03  0.00000000E+00  0.69999999E+00  0.10000000E+04
 -0.25000000E+00  0.37500000E+01  0.00000000E+00  0.00000000E+00  0.10000000E+04  0.00000000E+00  0.12500000E+03  0.00000000E+00  0.69999999E+00  0.10000000E+04
  0.80000000E+01  0.00000000E+00  0.00000000E+00  0.00000000E+00  0.10000000E+04  0.00000000E+00  0.12500000E+03  0.00000000E+00  0.69999999E+00  0.10000000E+04
  0.80000000E+01  0.50000000E+00  0.00000000E+00  0.00000000E+00  0.10000000E+04  0.00000000E+00  0.12500000E+03  0.00000000E+00  0.69999999E+00  0.10000000E+04
  0.80000000E+01  0.10000000E+01  0.00000000E+00  0.00000000E+00  0.10000000E+04  0.00000000E+00  0.12500000E+03  0.00000000E+00  0.69999999E+00  0.10000000E+04
  0.80000000E+01  0.15000000E+01  0.00000000E+00  0.00000000E+00  0.10000000E+04  0.00000000E+00  0.12500000E+03  0.00000000E+00  0.69999999E+00  0.10000000E+04
  0.80000000E+01  0.20000000E+01  0.00000000E+00  0.00000000E+00  0.10000000E+04  0.00000000E+00  0.12500000E+03  0.00000000E+00  0.69999999E+00  0.10000000E+04
  0.80000000E+01  0.25000000E+01  0.00000000E+00  0.00000000E+00  0.10000000E+04  0.00000000E+00  0.12500000E+03  0.00000000E+00  0.69999999E+00  0.10000000E+04
  0.80000000E+01  0.30000000E+01  0.00000000E+00  0.00000000E+00  0.10000000E+04  0.00000000E+00  0.12500000E+03  0.00000000E+00  0.69999999E+00  0.10000000E+04
  0.80000000E+01  0.35000000E+01  0.00000000E+00  0.00000000E+00  0.10000000E+04  0.00000000E+00  0.12500000E+03  0.00000000E+00  0.69999999E+00  0.10000000E+04
  0.80000000E+01  0.40000000E+01  0.00000000E+00  0.00000000E+00  0.10000000E+04  0.00000000E+00  0.12500000E+03  0.00000000E+00  0.69999999E+00  0.10000000E+04
  0.82500000E+01 -0.25000000E+00  0.00000000E+00  0.00000000E+00  0.10000000E+04  0.00000000E+00  0.12500000E+03  0.00000000E+00  0.69999999E+00  0.10000000E+04
  0.82500000E+01  0.25000000E+00  0.00000000E+00  0.00000000E+00  0.10000000E+04  0.00000000E+00  0.12500000E+03  0.00000000E+00  0.69999999E+00  0.10000000E+04
  0.82500000E+01  0.75000000E+00  0.00000000E+00  0.00000000E+00  0.10000000E+04  0.00000000E+00  0.12500000E+03  0.00000000E+00  0.69999999E+00  0.10000000E+04
  0.82500000E+01  0.12500000E+01  0.00000000E+00  0.00000000E+00  0.10000000E+04  0.00000000E+00  0.12500000E+03  0.00000000E+00  0.69999999E+00  0.10000000E+04
  0.82500000E+01  0.17500000E+01  0.00000000E+00  0.00000000E+00  0.10000000E+04  0.00000000E+00  0.12500000E+03  0.00000000E+00  0.69999999E+00  0.10000000E+04
  0.82500000E+01  0.22500000E+01  0.00000000E+00  0.00000000E+00  0.10000000E+04  0.00000000E+00  0.12500000E+03  0.00000000E+00  0.69999999E+00  0.10000000E+04
  0.82500000E+01  0.27500000E+01  0.00000000E+00  0.00000000E+00  0.10000000E+04  0.00000000E+00  0.12500000E+03  0.00000000E+00  0.69999999E+00  0.10000000E+04
  0.82500000E+01  0.32500000E+01  0.00000000E+00  0.00000000E+00  0.10000000E+04  0.00000000E+00  0.12500000E+03  0.00000000E+00  0.69999999E+00  0.10000000E+04
  0.82500000E+01  0.37500000E+01  0.00000000E+00  0.00000000E+00  0.10000000E+04  0.00000000E+00  0.12500000E+03  0.00000000E+00  0.69999999E+00  0.10000000E+04
  0.50000000E+00  0.00000000E+00  0.00000000E+00  0.00000000E+00  0.10280748E+04  0.59945488E+05  0.12500000E+03  0.11137256E-01  0.69999999E+00  0.99998694E+03
  0.10000000E+01  0.00000000E+00  0.00000000E+00  0.00000000E+00  0.10325437E+04  0.70433805E+05  0.12500000E+03  0.59973239E-02  0.69999999E+00  0.99999292E+03
  0.15000000E+01  0.00000000E+00  0.00000000E+00  0.00000000E+00  0.10196708E+04  0.40947629E+05  0.12500000E+03  0.19872535E-01  0.69999999E+00  0.99997687E+03
  0.20000000E+01  0.00000000E+00  0.00000000E+00  0.00000000E+00  0.11448330E+04  0.44214444E+06  0.12500000E+03  0.22717943E-01  0.69999999E+00  0.99997028E+03
  0.25000000E+01  0.00000000E+00  0.00000000E+00  0.00000000E+00  0.10449906E+04  0.10112055E+06  0.12500000E+03  0.57200654E-02  0.69999999E+00  0.99999316E+03
  0.30000000E+01  0.00000000E+00  0.00000000E+00  0.00000000E+00  0.10444111E+04  0.99642508E+05  0.12500000E+03  0.74072266E-02  0.69999999E+00  0.99999115E+03
  0.35000000E+01  0.00000000E+00  0.00000000E+00  0.00000000E+00  0.10071790E+04  0.14392008E+05  0.12500000E+03  0.29003711E-02  0.69999999E+00  0.99999664E+03
  0.40000000E+01  0.00000000E+00  0.00000000E+00  0.00000000E+00  0.10000137E+04  0.26898298E+02  0.12500000E+03 -0.68247195E-04  0.69999999E+00  0.10000001E+04
  0.45000000E+01  0.00000000E+00  0.00000000E+00  0.00000000E+00  0.10000000E+04  0.00000000E+00  0.12500000E+03  0.20842913E-40  0.69999999E+00  0.10000000E+04
  0.50000000E+01  0.00000000E+00  0.00000000E+00  0.00000000E+00  0.10000000E+04  0.00000000E+00  0.12500000E+03  0.00000000E+00  0.69999999E+00  0.10000000E+04
  0.55000000E+01  0.00000000E+00  0.00000000E+00  0.00000000E+00  0.10000000E+04  0.00000000E+00  0.12500000E+03  0.00000000E+00  0.69999999E+00  0.10000000E+04
  0.60000000E+01  0.00000000E+00  0.00000000E+00  0.00000000E+00  0.10000000E+04  0.00000000E+00  0.12500000E+03  0.00000000E+00  0.69999999E+00  0.10000000E+04
  0.65000000E+01  0.00000000E+00  0.00000000E+00  0.00000000E+00  0.10000000E+04  0.00000000E+00  0.12500000E+03  0.00000000E+00  0.69999999E+00  0.10000000E+04
  0.70000000E+01  0.00000000E+00  0.00000000E+00  0.00000000E+00  0.10000000E+04  0.00000000E+00  0.12500000E+03  0.00000000E+00  0.69999999E+00  0.10000000E+04
  0.75000000E+01  0.00000000E+00  0.00000000E+00  0.00000000E+00  0.10000000E+04  0.00000000E+00  0.12500000E+03  0.00000000E+00  0.69999999E+00  0.10000000E+04
  0.25000000E+00 -0.25000000E+00  0.00000000E+00  0.00000000E+00  0.10055035E+04  0.10977861E+05  0.12500000E+03  0.30980189E-02  0.69999999E+00  0.99999646E+03
  0.75000000E+00 -0.25000000E+00  0.00000000E+00  0.00000000E+00  0.10246230E+04  0.52029156E+05  0.12500000E+03  0.80905464E-02  0.69999999E+00  0.99999054E+03
  0.12500000E+01 -0.25000000E+00  0.00000000E+00  0.00000000E+00  0.10087953E+04  0.17718357E+05  0.12500000E+03  0.65382775E-02  0.69999999E+00  0.99999249E+03
  0.17500000E+01 -0.25000000E+00  0.00000000E+00  0.00000000E+00  0.10150931E+04  0.30987721E+05  0.12500000E+03  0.99156294E-02  0.69999999E+00  0.99998853E+03
  0.22500000E+01 -0.25000000E+00  0.00000000E+00  0.00000000E+00  0.10017542E+04  0.34598359E+04  0.12500000E+03  0.96413717E-02  0.69999999E+00  0.99998895E+03
  0.27500000E+01 -0.25000000E+00  0.00000000E+00  0.00000000E+00  0.10049620E+04  0.98817461E+04  0.12500000E+03  0.37904421E-02  0.69999999E+00  0.99999567E+03
  0.32500000E+01 -0.25000000E+00  0.00000000E+00  0.00000000E+00  0.10014363E+04  0.28300608E+04  0.12500000E+03  0.26474600E-02  0.69999999E+00  0.99999695E+03
  0.37500000E+01 -0.25000000E+00  0.00000000E+00  0.00000000E+00  0.10000070E+04  0.13565822E+02  0.12500000E+03 -0.15635355E-03  0.69999999E+00  0.10000002E+04
  0.42500000E+01 -0.25000000E+00  0.00000000E+00  0.00000000E+00  0.10000000E+04  0.00000000E+00  0.12500000E+03 -0.83584987E-37  0.69999999E+00  0.10000000E+04
  0.47500000E+01 -0.25000000E+00  0.00000000E+00  0.00000000E+00  0.10000000E+04  0.00000000E+00  0.12500000E+03 -0.31576860E-40  0.69999999E+00  0.10000000E+04
  0.52500000E+01 -0.25000000E+00  0.00000000E+00  0.00000000E+00  0.10000000E+04  0.00000000E+00  0.12500000E+03  0.00000000E+00  0.69999999E+00  0.10000000E+04
  0.57500000E+01 -0.25000000E+00  0.00000000E+00  0.00000000E+00  0.10000000E+04  0.00000000E+00  0.12500000E+03  0.00000000E+00  0.69999999E+00  0.10000000E+04
  0.62500000E+01 -0.25000000E+00  0.00000000E+00  0.00000000E+00  0.10000000E+04  0.00000000E+00  0.12500000E+03  0.00000000E+00  0.69999999E+00  0.10000000E+04
  0.67500000E+01 -0.25000000E+00  0.00000000E+00  0.00000000E+00  0.10000000E+04  0.00000000E+00  0.12500000E+03  0.00000000E+00  0.69999999E+00  0.10000000E+04
  0.72500000E+01 -0.25000000E+00  0.00000000E+00  0.00000000E+00  0.10000000E+04  0.00000000E+00  0.12500000E+03  0.00000000E+00  0.69999999E+00  0.10000000E+04
  0.77500000E+01 -0.25000000E+00  0.00000000E+00  0.00000000E+00  0.10000000E+04  0.00000000E+00  0.12500000E+03  0.00000000E+00  0.69999999E+00  0.10000000E+04
  0.40000000E+01  0.50000000E+00  0.00000000E+00  0.00000000E+00  0.10013773E+04  0.27135410E+04  0.12500000E+03 -0.25998271E-03  0.69999999E+00  0.10000003E+04
  0.37500000E+01  0.25000000E+00  0.00000000E+00  0.00000000E+00  0.10063247E+04  0.12646906E+05  0.12500000E+03 -0.12728428E-02  0.69999999E+00  0.10000015E+04
  0.40000000E+01  0.10000000E+01  0.00000000E+00  0.00000000E+00  0.10037015E+04  0.73436230E+04  0.12500000E+03 -0.10715864E-03  0.69999999E+00  0.10000001E+04
  0.37500000E+01  0.75000000E+00  0.00000000E+00  0.00000000E+00  0.10470442E+04  0.10639806E+06  0.12500000E+03  0.85349975E-03  0.69999999E+00  0.99999896E+03
  0.40000000E+01  0.15000000E+01  0.00000000E+00  0.00000000E+00  0.10006639E+04  0.13053577E+04  0.12500000E+03  0.27150032E-03  0.69999999E+00  0.99999969E+03
  0.37500000E+01  0.12500000E+01  0.00000000E+00  0.00000000E+00  0.10372526E+04  0.81784273E+05  0.12500000E+03  0.66696253E-03  0.69999999E+00  0.99999921E+03
  0.40000000E+01  0.20000000E+01  0.00000000E+00  0.00000000E+00  0.10011128E+04  0.21906528E+04  0.12500000E+03  0.26648474E-03  0.69999999E+00  0.99999969E+03
  0.37500000E+01  0.17500000E+01  0.00000000E+00  0.00000000E+00  0.10257546E+04  0.54606879E+05  0.12500000E+03  0.14457370E-02  0.69999999E+00  0.99999829E+03
  0.45000000E+01  0.50000000E+00  0.00000000E+00  0.00000000E+00  0.10000000E+04  0.00000000E+00  0.12500000E+03  0.93446989E-40  0.69999999E+00  0.10000000E+04
  0.42500000E+01  0.25000000E+00  0.00000000E+00  0.00000000E+00  0.10000018E+04  0.35083482E+01  0.12500000E+03 -0.74084828E-05  0.69999999E+00  0.10000000E+04
  0.45000000E+01  0.10000000E+01  0.00000000E+00  0.00000000E+00  0.10000000E+04  0.00000000E+00  0.12500000E+03  0.00000000E+00  0.69999999E+00  0.10000000E+04
  0.42500000E+01  0.75000000E+00  0.00000000E+00  0.00000000E+00  0.10000944E+04  0.18529227E+03  0.12500000E+03 -0.10442676E-04  0.69999999E+00  0.10000000E+04
  0.45000000E+01  0.15000000E+01  0.00000000E+00  0.00000000E+00  0.10000000E+04  0.00000000E+00  0.12500000E+03 -0.00000000E+00  0.69999999E+00  0.10000000E+04
  0.42500000E+01  0.12500000E+01  0.00000000E+00  0.00000000E+00  0.10000066E+04  0.12864128E+02  0.12500000E+03  0.34267537E-05  0.69999999E+00  0.10000000E+04
  0.45000000E+01  0.20000000E+01  0.00000000E+00  0.00000000E+00  0.10000000E+04  0.00000000E+00  0.12500000E+03  0.00000000E+00  0.69999999E+00  0.10000000E+04
  0.42500000E+01  0.17500000E+01  0.00000000E+00  0.00000000E+00  0.10000031E+04  0.60811610E+01  0.12500000E+03 -0.35628464E-05  0.69999999E+00  0.10000000E+04
  0.50000000E+01  0.50000000E+00  0.00000000E+00  0.00000000E+00  0.10000000E+04  0.00000000E+00  0.12500000E+03  0.00000000E+00  0.69999999E+00  0.10000000E+04
  0.47500000E+01  0.25000000E+00  0.00000000E+00  0.00000000E+00  0.10000000E+04  0.00000000E+00  0.12500000E+03  0.31164878E-40  0.69999999E+00  0.10000000E+04
  0.50000000E+01  0.10000000E+01  0.00000000E+00  0.00000000E+00  0.10000000E+04  0.00000000E+00  0.12500000E+03  0.00000000E+00  0.69999999E+00  0.10000000E+04
  0.47500000E+01  0.75000000E+00  0.00000000E+00  0.00000000E+00  0.10000000E+04  0.00000000E+00  0.12500000E+03  0.00000000E+00  0.69999999E+00  0.10000000E+04
  0.50000000E+01  0.15000000E+01  0.00000000E+00  0.00000000E+00  0.10000000E+04  0.00000000E+00  0.12500000E+03  0.00000000E+00  0.69999999E+00  0.10000000E+04
  0.47500000E+01  0.12500000E+01  0.00000000E+00  0.00000000E+00  0.10000000E+04  0.00000000E+00  0.12500000E+03  0.00000000E+00  0.69999999E+00  0.10000000E+04
  0.50000000E+01  0.20000000E+01  0.00000000E+00  0.00000000E+00  0.10000000E+04  0.00000000E+00  0.12500000E+03  0.00000000E+00  0.69999999E+00  0.10000000E+04
  0.47500000E+01  0.17500000E+01  0.00000000E+00  0.00000000E+00  0.10000000E+04  0.00000000E+00  0.12500000E+03 -0.00000000E+00  0.69999999E+00  0.10000000E+04
  0.26146352E+01  0.85767210E+00 -0.11773098E+01 -0.15680397E+00  0.99600824E+03 -0.77387100E+04  0.12576698E+03  0.12576674E+03  0.10000000E+01  0.00000000E+00
  0.14364067E+01  0.94637024E+00 -0.83111155E+00 -0.79859930E+00  0.10045453E+04  0.90404697E+04  0.12561582E+03  0.12561256E+03  0.10000000E+01  0.00000000E+00
  0.17369688E+01  0.10710515E+01  0.31547269E+00 -0.94929421E+00  0.10020488E+04  0.40443999E+04  0.12546356E+03  0.12546333E+03  0.10000000E+01  0.00000000E+00
  0.21624694E+01  0.20348725E+01 -0.71232700E+00  0.46483871E-01  0.10051976E+04  0.10357935E+05  0.12531018E+03  0.12531027E+03  0.10000000E+01  0.00000000E+00
  0.25979462E+01  0.18788339E+01  0.11838164E-01 -0.12904376E+01  0.10038444E+04  0.76302246E+04  0.12515567E+03  0.12515567E+03  0.10000000E+01  0.00000000E+00
  0.28151731E+01  0.15216806E+01  0.25043496E+00 -0.37389776E+00  0.10003961E+04  0.77813617E+03  0.12500000E+03  0.12500000E+03  0.10000000E+01  0.00000000E+00
  0.27267051E+01  0.93421400E+00 -0.39720625E+00 -0.78230798E+00  0.99587177E+03 -0.79999404E+04  0.12576698E+03  0.12575494E+03  0.10000000E+01  0.00000000E+00
  0.11879705E+01  0.98618615E+00  0.28606212E+00 -0.43572506E+00  0.10024243E+04  0.47910908E+04  0.12561582E+03  0.12560624E+03  0.10000000E+01  0.00000000E+00
  0.99517834E+00  0.11805067E+01 -0.13325824E+00 -0.62290150E+00  0.10005929E+04  0.11654335E+04  0.12546356E+03  0.12546037E+03  0.10000000E+01  0.00000000E+00
  0.24896605E+01  0.14311813E+01 -0.42886660E-02 -0.40988427E+00  0.10023551E+04  0.46534790E+04  0.12531018E+03  0.12531038E+03  0.10000000E+01  0.00000000E+00
  0.12878000E+01  0.89047122E+00  0.79523516E+00 -0.58527577E+00  0.10044384E+04  0.88249541E+04  0.12515567E+03  0.12515567E+03  0.10000000E+01  0.00000000E+00
  0.78356063E+00  0.87746811E+00 -0.58628070E+00 -0.45193490E+00  0.10023102E+04  0.45640615E+04  0.12500000E+03  0.12500000E+03  0.10000000E+01  0.00000000E+00
  0.20221088E+01  0.11034306E+01 -0.15327558E-02  0.67310065E-01  0.10020088E+04  0.39650886E+04  0.12576698E+03  0.12575644E+03  0.10000000E+01  0.00000000E+00
  0.27608764E+01  0.95893967E+00 -0.64267218E-03 -0.19325480E+00  0.99616522E+03 -0.74378403E+04  0.12561582E+03  0.12561089E+03  0.10000000E+01  0.00000000E+00
  0.29140663E+01  0.11079091E+01 -0.12296642E+00  0.36244112E+00  0.99773096E+03 -0.44216465E+04  0.12546356E+03  0.12546005E+03  0.10000000E+01  0.00000000E+00
  0.23137701E+01  0.15517260E+01 -0.38157287E+00  0.57324862E+00  0.10033439E+04  0.66269946E+04  0.12531018E+03  0.12531018E+03  0.10000000E+01  0.00000000E+00
  0.29314337E+01  0.77855182E+00  0.63859791E+00  0.52761710E+00  0.99684259E+03 -0.61365190E+04  0.12515567E+03  0.12515553E+03  0.10000000E+01  0.00000000E+00
  0.19745431E+01  0.14790487E+01 -0.15990177E+00  0.92764542E-01  0.10033973E+04  0.67339141E+04  0.12500000E+03  0.12499989E+03  0.10000000E+01  0.00000000E+00
  0.84559095E+00  0.11808141E+01 -0.28824943E+00  0.61399311E-01  0.10006800E+04  0.13368253E+04  0.12576698E+03  0.12576566E+03  0.10000000E+01  0.00000000E+00
  0.26209664E+01  0.91927040E+00  0.47045231E+00 -0.85337222E+00  0.99613892E+03 -0.74882339E+04  0.12561582E+03  0.12561221E+03  0.10000000E+01  0.00000000E+00
  0.22926130E+01  0.18223615E+01 -0.19176915E+01 -0.90081209E+00  0.10042358E+04  0.84171230E+04  0.12546356E+03  0.12546202E+03  0.10000000E+01  0.00000000E+00
  0.21564977E+01  0.97018111E+00  0.52722126E+00 -0.39261708E+00  0.10019982E+04  0.39440210E+04  0.12531018E+03  0.12530890E+03  0.10000000E+01  0.00000000E+00
  0.96508217E+00  0.15450575E+01  0.40507829E+00  0.17881745E+00  0.99691443E+03 -0.59981050E+04  0.12515567E+03  0.12515567E+03  0.10000000E+01  0.00000000E+00
  0.17846935E+01  0.89574516E+00  0.16115474E-01  0.15584151E+00  0.10081285E+04  0.16342381E+05  0.12500000E+03  0.12500012E+03  0.10000000E+01  0.00000000E+00
  0.10083568E+01  0.13826909E+01 -0.98216629E+00 -0.20997396E+00  0.99858228E+03 -0.27697185E+04  0.12561582E+03  0.12561399E+03  0.10000000E+01  0.00000000E+00
  0.22263288E+01  0.21959071E+01 -0.13724401E+01 -0.49206746E+00  0.10054683E+04  0.10906320E+05  0.12531018E+03  0.12531004E+03  0.10000000E+01  0.00000000E+00
  0.27958796E+01  0.20831723E+01 -0.11812713E+01  0.61168969E-01  0.10029605E+04  0.58604697E+04  0.12500000E+03  0.12500000E+03  0.10000000E+01  0.00000000E+00
