  0.00000000E+00  0.00000000E+00  0.00000000E+00  0.00000000E+00  0.10008649E+04  0.17012710E+04  0.12500000E+03  0.18223706E-02  0.69999999E+00  0.99999792E+03
  0.00000000E+00  0.50000000E+00  0.00000000E+00  0.00000000E+00  0.10016342E+04  0.32219060E+04  0.12500000E+03  0.12018688E-02  0.69999999E+00  0.99999860E+03
  0.00000000E+00  0.10000000E+01  0.00000000E+00  0.00000000E+00  0.10131830E+04  0.26910752E+05  0.12500000E+03  0.21492306E-02  0.69999999E+00  0.99999750E+03
  0.00000000E+00  0.15000000E+01  0.00000000E+00  0.00000000E+00  0.10584175E+04  0.13677556E+06  0.12500000E+03  0.83643198E-03  0.69999999E+00  0.99999896E+03
  0.00000000E+00  0.20000000E+01  0.00000000E+00  0.00000000E+00  0.10230770E+04  0.48535059E+05  0.12500000E+03 -0.51873585E-03  0.69999999E+00  0.10000006E+04
  0.00000000E+00  0.25000000E+01  0.00000000E+00  0.00000000E+00  0.10002748E+04  0.53955792E+03  0.12500000E+03  0.94902447E-04  0.69999999E+00  0.99999988E+03
  0.00000000E+00  0.30000000E+01  0.00000000E+00  0.00000000E+00  0.10000000E+04  0.00000000E+00  0.12500000E+03  0.00000000E+00  0.69999999E+00  0.10000000E+04
  0.00000000E+00  0.35000000E+01  0.00000000E+00  0.00000000E+00  0.10000000E+04  0.00000000E+00  0.12500000E+03  0.00000000E+00  0.69999999E+00  0.10000000E+04
  0.00000000E+00  0.40000000E+01  0.00000000E+00  0.00000000E+00  0.10000000E+04  0.00000000E+00  0.12500000E+03  0.00000000E+00  0.69999999E+00  0.10000000E+04
 -0.25000000E+00 -0.25000000E+00  0.00000000E+00  0.00000000E+00  0.10006414E+04  0.12607445E+04  0.12500000E+03  0.52005530E-03  0.69999999E+00  0.99999939E+03
 -0.25000000E+00  0.25000000E+00  0.00000000E+00  0.00000000E+00  0.10011429E+04  0.22502283E+04  0.12500000E+03  0.72317623E-03  0.69999999E+00  0.99999915E+03
 -0.25000000E+00  0.75000000E+00  0.00000000E+00  0.00000000E+00  0.10006598E+04  0.12971389E+04  0.12500000E+03 -0.33976256E-04  0.69999999E+00  0.10000001E+04
 -0.25000000E+00  0.12500000E+01  0.00000000E+00  0.00000000E+00  0.10035469E+04  0.70333735E+04  0.12500000E+03  0.71580097E-03  0.69999999E+00  0.99999921E+03
 -0.25000000E+00  0.17500000E+01  0.00000000E+00  0.00000000E+00  0.10023450E+04  0.46333164E+04  0.12500000E+03 -0.16367083E-03  0.69999999E+00  0.10000002E+04
 -0.25000000E+00  0.22500000E+01  0.00000000E+00  0.00000000E+00  0.10004785E+04  0.94017773E+03  0.12500000E+03 -0.72146460E-04  0.69999999E+00  0.10000001E+04
 -0.25000000E+00  0.27500000E+01  0.00000000E+00  0.00000000E+00  0.10000000E+04  0.00000000E+00  0.12500000E+03  0.00000000E+00  0.69999999E+00  0.10000000E+04
 -0.25000000E+00  0.32500000E+01  0.00000000E+00  0.00000000E+00  0.10000000E+04  0.00000000E+00  0.12500000E+03  0.00000000E+00  0.69999999E+00  0.10000000E+04
 -0.25000000E+00  0.37500000E+01  0.00000000E+00  0.00000000E+00  0.10000000E+04  0.00000000E+00  0.12500000E+03  0.00000000E+00  0.69999999E+00  0.10000000E+04
  0.80000000E+01  0.00000000E+00  0.00000000E+00  0.00000000E+00  0.10000000E+04  0.00000000E+00  0.12500000E+03  0.00000000E+00  0.69999999E+00  0.10000000E+04
  0.80000000E+01  0.50000000E+00  0.00000000E+00  0.00000000E+00  0.10000000E+04  0.00000000E+00  0.12500000E+03  0.00000000E+00  0.69999999E+00  0.10000000E+04
  0.80000000E+01  0.10000000E+01  0.00000000E+00  0.00000000E+00  0.10000000E+04  0.00000000E+00  0.12500000E+03  0.00000000E+00  0.69999999E+00  0.10000000E+04
  0.80000000E+01  0.15000000E+01  0.00000000E+00  0.00000000E+00  0.10000000E+04  0.00000000E+00  0.12500000E+03  0.00000000E+00  0.69999999E+00  0.10000000E+04
  0.80000000E+01  0.20000000E+01  0.00000000E+00  0.00000000E+00  0.10000000E+04  0.00000000E+00  0.12500000E+03  0.00000000E+00  0.69999999E+00  0.10000000E+04
  0.80000000E+01  0.25000000E+01  0.00000000E+00  0.00000000E+00  0.10000000E+04  0.00000000E+00  0.12500000E+03  0.00000000E+00  0.69999999E+00  0.10000000E+04
  0.80000000E+01  0.30000000E+01  0.00000000E+00  0.00000000E+00  0.10000000E+04  0.00000000E+00  0.12500000E+03  0.00000000E+00  0.69999999E+00  0.10000000E+04
  0.80000000E+01  0.35000000E+01  0.00000000E+00  0.00000000E+00  0.10000000E+04  0.00000000E+00  0.12500000E+03  0.00000000E+00  0.69999999E+00  0.10000000E+04
  0.80000000E+01  0.40000000E+01  0.00000000E+00  0.00000000E+00  0.10000000E+04  0.00000000E+00  0.12500000E+03  0.00000000E+00  0.69999999E+00  0.10000000E+04
  0.82500000E+01 -0.25000000E+00  0.00000000E+00  0.00000000E+00  0.10000000E+04  0.00000000E+00  0.12500000E+03  0.00000000E+00  0.69999999E+00  0.10000000E+04
  0.82500000E+01  0.25000000E+00  0.00000000E+00  0.00000000E+00  0.10000000E+04  0.00000000E+00  0.12500000E+03  0.00000000E+00  0.69999999E+00  0.10000000E+04
  0.82500000E+01  0.75000000E+00  0.00000000E+00  0.00000000E+00  0.10000000E+04  0.00000000E+00  0.12500000E+03  0.00000000E+00  0.69999999E+00  0.10000000E+04
  0.82500000E+01  0.12500000E+01  0.00000000E+00  0.00000000E+00  0.10000000E+04  0.00000000E+00  0.12500000E+03  0.00000000E+00  0.69999999E+00  0.10000000E+04
  0.82500000E+01  0.17500000E+01  0.00000000E+00  0.00000000E+00  0.10000000E+04  0.00000000E+00  0.12500000E+03  0.00000000E+00  0.69999999E+00  0.10000000E+04
  0.82500000E+01  0.22500000E+01  0.00000000E+00  0.00000000E+00  0.10000000E+04  0.00000000E+00  0.12500000E+03  0.00000000E+00  0.69999999E+00  0.10000000E+04
  0.82500000E+01  0.27500000E+01  0.00000000E+00  0.00000000E+00  0.10000000E+04  0.00000000E+00  0.12500000E+03  0.00000000E+00  0.69999999E+00  0.10000000E+04
  0.82500000E+01  0.32500000E+01  0.00000000E+00  0.00000000E+00  0.10000000E+04  0.00000000E+00  0.12500000E+03  0.00000000E+00  0.69999999E+00  0.10000000E+04
  0.82500000E+01  0.37500000E+01  0.00000000E+00  0.00000000E+00  0.10000000E+04  0.00000000E+00  0.12500000E+03  0.00000000E+00  0.69999999E+00  0.10000000E+04
  0.50000000E+00  0.00000000E+00  0.00000000E+00  0.00000000E+00  0.10198174E+04  0.41271121E+05  0.12500000E+03  0.86256526E-02  0.69999999E+00  0.99998993E+03
  0.10000000E+01  0.00000000E+00  0.00000000E+00  0.00000000E+00  0.10375944E+04  0.82620211E+05  0.12500000E+03  0.31540706E-02  0.69999999E+00  0.99999628E+03
  0.15000000E+01  0.00000000E+00  0.00000000E+00  0.00000000E+00  0.10597292E+04  0.14040733E+06  0.12500000E+03  0.15192416E-01  0.69999999E+00  0.99998163E+03
  0.20000000E+01  0.00000000E+00  0.00000000E+00  0.00000000E+00  0.11615950E+04  0.51951922E+06  0.12500000E+03  0.16885055E-01  0.69999999E+00  0.99997760E+03
  0.25000000E+01  0.00000000E+00  0.00000000E+00  0.00000000E+00  0.10128329E+04  0.26168434E+05  0.12500000E+03  0.96595928E-03  0.69999999E+00  0.99999890E+03
  0.30000000E+01  0.00000000E+00  0.00000000E+00  0.00000000E+00  0.99601160E+03 -0.77322021E+04  0.12500000E+03  0.30701149E-02  0.69999999E+00  0.99999652E+03
  0.35000000E+01  0.00000000E+00  0.00000000E+00  0.00000000E+00  0.10071611E+04  0.14355632E+05  0.12500000E+03  0.12613006E-02  0.69999999E+00  0.99999854E+03
  0.40000000E+01  0.00000000E+00  0.00000000E+00  0.00000000E+00  0.10000131E+04  0.25728762E+02  0.12500000E+03 -0.50405528E-04  0.69999999E+00  0.10000001E+04
  0.45000000E+01  0.00000000E+00  0.00000000E+00  0.00000000E+00  0.10000000E+04  0.00000000E+00  0.12500000E+03  0.00000000E+00  0.69999999E+00  0.10000000E+04
  0.50000000E+01  0.00000000E+00  0.00000000E+00  0.00000000E+00  0.10000000E+04  0.00000000E+00  0.12500000E+03  0.00000000E+00  0.69999999E+00  0.10000000E+04
  0.55000000E+01  0.00000000E+00  0.00000000E+00  0.00000000E+00  0.10000000E+04  0.00000000E+00  0.12500000E+03  0.00000000E+00  0.69999999E+00  0.10000000E+04
  0.60000000E+01  0.00000000E+00  0.00000000E+00  0.00000000E+00  0.10000000E+04  0.00000000E+00  0.12500000E+03  0.00000000E+00  0.69999999E+00  0.10000000E+04
  0.65000000E+01  0.00000000E+00  0.00000000E+00  0.00000000E+00  0.10000000E+04  0.00000000E+00  0.12500000E+03  0.00000000E+00  0.69999999E+00  0.10000000E+04
  0.70000000E+01  0.00000000E+00  0.00000000E+00  0.00000000E+00  0.10000000E+04  0.00000000E+00  0.12500000E+03  0.00000000E+00  0.69999999E+00  0.10000000E+04
  0.75000000E+01  0.00000000E+00  0.00000000E+00  0.00000000E+00  0.10000000E+04  0.00000000E+00  0.12500000E+03  0.00000000E+00  0.69999999E+00  0.10000000E+04
  0.25000000E+00 -0.25000000E+00  0.00000000E+00  0.00000000E+00  0.10052322E+04  0.10428154E+05  0.12500000E+03  0.27088579E-02  0.69999999E+00  0.99999689E+03
  0.75000000E+00 -0.25000000E+00  0.00000000E+00  0.00000000E+00  0.10222782E+04  0.46742055E+05  0.12500000E+03  0.65953569E-02  0.69999999E+00  0.99999231E+03
  0.12500000E+01 -0.25000000E+00  0.00000000E+00  0.00000000E+00  0.10130693E+04  0.26669715E+05  0.12500000E+03  0.52549066E-02  0.69999999E+00  0.99999390E+03
  0.17500000E+01 -0.25000000E+00  0.00000000E+00  0.00000000E+00  0.10175187E+04  0.36231680E+05  0.12500000E+03  0.81123505E-02  0.69999999E+00  0.99999054E+03
  0.22500000E+01 -0.25000000E+00  0.00000000E+00  0.00000000E+00  0.10004220E+04  0.82901471E+03  0.12500000E+03  0.71360599E-02  0.69999999E+00  0.99999182E+03
  0.27500000E+01 -0.25000000E+00  0.00000000E+00  0.00000000E+00  0.99843884E+03 -0.30486973E+04  0.12500000E+03  0.10920039E-02  0.69999999E+00  0.99999878E+03
  0.32500000E+01 -0.25000000E+00  0.00000000E+00  0.00000000E+00  0.10041465E+04  0.82372490E+04  0.12500000E+03  0.14101872E-02  0.69999999E+00  0.99999835E+03
  0.37500000E+01 -0.25000000E+00  0.00000000E+00  0.00000000E+00  0.10000071E+04  0.13799721E+02  0.12500000E+03 -0.13179026E-03  0.69999999E+00  0.10000001E+04
  0.42500000E+01 -0.25000000E+00  0.00000000E+00  0.00000000E+00  0.10000000E+04  0.00000000E+00  0.12500000E+03 -0.29404847E-40  0.69999999E+00  0.10000000E+04
  0.47500000E+01 -0.25000000E+00  0.00000000E+00  0.00000000E+00  0.10000000E+04  0.00000000E+00  0.12500000E+03 -0.00000000E+00  0.69999999E+00  0.10000000E+04
  0.52500000E+01 -0.25000000E+00  0.00000000E+00  0.00000000E+00  0.10000000E+04  0.00000000E+00  0.12500000E+03  0.00000000E+00  0.69999999E+00  0.10000000E+04
  0.57500000E+01 -0.25000000E+00  0.00000000E+00  0.00000000E+00  0.10000000E+04  0.00000000E+00  0.12500000E+03  0.00000000E+00  0.69999999E+00  0.10000000E+04
  0.62500000E+01 -0.25000000E+00  0.00000000E+00  0.00000000E+00  0.10000000E+04  0.00000000E+00  0.12500000E+03  0.00000000E+00  0.69999999E+00  0.10000000E+04
  0.67500000E+01 -0.25000000E+00  0.00000000E+00  0.00000000E+00  0.10000000E+04  0.00000000E+00  0.12500000E+03  0.00000000E+00  0.69999999E+00  0.10000000E+04
  0.72500000E+01 -0.25000000E+00  0.00000000E+00  0.00000000E+00  0.10000000E+04  0.00000000E+00  0.12500000E+03  0.00000000E+00  0.69999999E+00  0.10000000E+04
  0.77500000E+01 -0.25000000E+00  0.00000000E+00  0.00000000E+00  0.10000000E+04  0.00000000E+00  0.12500000E+03  0.00000000E+00  0.69999999E+00  0.10000000E+04
  0.40000000E+01  0.50000000E+00  0.00000000E+00  0.00000000E+00  0.99981653E+03 -0.35975656E+03  0.12500000E+03 -0.15032287E-03  0.69999999E+00  0.10000002E+04
  0.37500000E+01  0.25000000E+00  0.00000000E+00  0.00000000E+00  0.10053331E+04  0.10632620E+05  0.12500000E+03 -0.58549672E-03  0.69999999E+00  0.10000007E+04
  0.40000000E+01  0.10000000E+01  0.00000000E+00  0.00000000E+00  0.10008658E+04  0.17031519E+04  0.12500000E+03 -0.47795520E-05  0.69999999E+00  0.10000000E+04
  0.37500000E+01  0.75000000E+00  0.00000000E+00  0.00000000E+00  0.10237822E+04  0.50125016E+05  0.12500000E+03  0.46207674E-03  0.69999999E+00  0.99999945E+03
  0.40000000E+01  0.15000000E+01  0.00000000E+00  0.00000000E+00  0.10024712E+04  0.48846050E+04  0.12500000E+03  0.19248307E-03  0.69999999E+00  0.99999976E+03
  0.37500000E+01  0.12500000E+01  0.00000000E+00  0.00000000E+00  0.10313516E+04  0.67609211E+05  0.12500000E+03  0.50818024E-03  0.69999999E+00  0.99999939E+03
  0.40000000E+01  0.20000000E+01  0.00000000E+00  0.00000000E+00  0.10002001E+04  0.39270071E+03  0.12500000E+03  0.47833848E-04  0.69999999E+00  0.99999994E+03
  0.37500000E+01  0.17500000E+01  0.00000000E+00  0.00000000E+00  0.10301930E+04  0.64882695E+05  0.12500000E+03  0.60972007E-03  0.69999999E+00  0.99999927E+03
  0.45000000E+01  0.50000000E+00  0.00000000E+00  0.00000000E+00  0.10000000E+04  0.00000000E+00  0.12500000E+03  0.00000000E+00  0.69999999E+00  0.10000000E+04
  0.42500000E+01  0.25000000E+00  0.00000000E+00  0.00000000E+00  0.10000018E+04  0.35083482E+01  0.12500000E+03 -0.74084828E-05  0.69999999E+00  0.10000000E+04
  0.45000000E+01  0.10000000E+01  0.00000000E+00  0.00000000E+00  0.10000000E+04  0.00000000E+00  0.12500000E+03  0.00000000E+00  0.69999999E+00  0.10000000E+04
  0.42500000E+01  0.75000000E+00  0.00000000E+00  0.00000000E+00  0.10000934E+04  0.18318608E+03  0.12500000E+03 -0.62608265E-05  0.69999999E+00  0.10000000E+04
  0.45000000E+01  0.15000000E+01  0.00000000E+00  0.00000000E+00  0.10000000E+04  0.00000000E+00  0.12500000E+03  0.00000000E+00  0.69999999E+00  0.10000000E+04
  0.42500000E+01  0.12500000E+01  0.00000000E+00  0.00000000E+00  0.10000045E+04  0.88878889E+01  0.12500000E+03  0.12300108E-04  0.69999999E+00  0.10000000E+04
  0.45000000E+01  0.20000000E+01  0.00000000E+00  0.00000000E+00  0.10000000E+04  0.00000000E+00  0.12500000E+03  0.00000000E+00  0.69999999E+00  0.10000000E+04
  0.42500000E+01  0.17500000E+01  0.00000000E+00  0.00000000E+00  0.10000000E+04  0.00000000E+00  0.12500000E+03  0.00000000E+00  0.69999999E+00  0.10000000E+04
  0.50000000E+01  0.50000000E+00  0.00000000E+00  0.00000000E+00  0.10000000E+04  0.00000000E+00  0.12500000E+03  0.00000000E+00  0.69999999E+00  0.10000000E+04
  0.47500000E+01  0.25000000E+00  0.00000000E+00  0.00000000E+00  0.10000000E+04  0.00000000E+00  0.12500000E+03  0.00000000E+00  0.69999999E+00  0.10000000E+04
  0.50000000E+01  0.10000000E+01  0.00000000E+00  0.00000000E+00  0.10000000E+04  0.00000000E+00  0.12500000E+03  0.00000000E+00  0.69999999E+00  0.10000000E+04
  0.47500000E+01  0.75000000E+00  0.00000000E+00  0.00000000E+00  0.10000000E+04  0.00000000E+00  0.12500000E+03  0.00000000E+00  0.69999999E+00  0.10000000E+04
  0.50000000E+01  0.15000000E+01  0.00000000E+00  0.00000000E+00  0.10000000E+04  0.00000000E+00  0.12500000E+03  0.00000000E+00  0.69999999E+00  0.10000000E+04
  0.47500000E+01  0.12500000E+01  0.00000000E+00  0.00000000E+00  0.10000000E+04  0.00000000E+00  0.12500000E+03  0.00000000E+00  0.69999999E+00  0.10000000E+04
  0.50000000E+01  0.20000000E+01  0.00000000E+00  0.00000000E+00  0.10000000E+04  0.00000000E+00  0.12500000E+03  0.00000000E+00  0.69999999E+00  0.10000000E+04
  0.47500000E+01  0.17500000E+01  0.00000000E+00  0.00000000E+00  0.10000000E+04  0.00000000E+00  0.12500000E+03  0.00000000E+00  0.69999999E+00  0.10000000E+04
  0.19701955E+01  0.13121724E+01  0.38299947E+01  0.64376783E+00  0.10264844E+04  0.56278047E+05  0.12576698E+03  0.12576674E+03  0.10000000E+01  0.00000000E+00
  0.10793363E+01  0.97266352E+00  0.14674120E+01 -0.36177000E+00  0.98444873E+03 -0.29124436E+05  0.12561582E+03  0.12561256E+03  0.10000000E+01  0.00000000E+00
  0.11307453E+01  0.81775188E+00  0.24318528E+01 -0.52571034E+00  0.98691284E+03 -0.24690582E+05  0.12546356E+03  0.12546333E+03  0.10000000E+01  0.00000000E+00
  0.97552353E+00  0.14902605E+01  0.50235593E+00  0.51329482E+00  0.99065515E+03 -0.17828572E+05  0.12531018E+03  0.12531018E+03  0.10000000E+01  0.00000000E+00
  0.88721859E+00  0.14400692E+01  0.23206362E+00 -0.16889763E+00  0.98524475E+03 -0.27699367E+05  0.12515567E+03  0.12515567E+03  0.10000000E+01  0.00000000E+00
  0.25189419E+01  0.17155688E+01  0.13485498E+01  0.31831264E+01  0.10133213E+04  0.27204363E+05  0.12500000E+03  0.12500000E+03  0.10000000E+01  0.00000000E+00
  0.22138448E+01  0.12235727E+01  0.52338133E+01  0.48099575E+01  0.10208845E+04  0.43633922E+05  0.12576698E+03  0.12575494E+03  0.10000000E+01  0.00000000E+00
  0.11946288E+01  0.10351753E+01  0.12910194E+01  0.45162402E-02  0.97899463E+03 -0.38704555E+05  0.12561582E+03  0.12560624E+03  0.10000000E+01  0.00000000E+00
  0.14991386E+01  0.10387559E+01  0.15579764E+01  0.30365663E+01  0.10006771E+04  0.13311891E+04  0.12546356E+03  0.12546037E+03  0.10000000E+01  0.00000000E+00
  0.11774623E+01  0.79961765E+00  0.33781490E+01 -0.50219250E+00  0.98594476E+03 -0.26440484E+05  0.12531018E+03  0.12531038E+03  0.10000000E+01  0.00000000E+00
  0.14268250E+01  0.14566988E+01  0.94254053E+00  0.97662568E+00  0.10069540E+04  0.13931857E+05  0.12515567E+03  0.12515567E+03  0.10000000E+01  0.00000000E+00
  0.80964363E+00  0.15851593E+01  0.19422358E+00  0.17782268E+00  0.99040063E+03 -0.18300209E+05  0.12500000E+03  0.12500000E+03  0.10000000E+01  0.00000000E+00
  0.21199253E+01  0.11535132E+01  0.25340519E+01  0.80937901E+01  0.10532111E+04  0.12262511E+06  0.12576698E+03  0.12575644E+03  0.10000000E+01  0.00000000E+00
  0.23366945E+01  0.96199000E+00  0.47899795E+00  0.82238617E+01  0.10915786E+04  0.23730452E+06  0.12561582E+03  0.12561089E+03  0.10000000E+01  0.00000000E+00
  0.26096983E+01  0.78086877E+00 -0.21518989E+01  0.15886242E+01  0.99735162E+03 -0.51549683E+04  0.12546356E+03  0.12546005E+03  0.10000000E+01  0.00000000E+00
  0.24613888E+01  0.84514999E+00 -0.10685654E+00  0.14803295E+01  0.94423553E+03 -0.92715688E+05  0.12531018E+03  0.12531018E+03  0.10000000E+01  0.00000000E+00
  0.28109150E+01  0.64723325E+00 -0.16262463E+01  0.11975415E+01  0.98866656E+03 -0.21494229E+05  0.12515567E+03  0.12515559E+03  0.10000000E+01  0.00000000E+00
  0.23391144E+01  0.16950099E+01 -0.57708931E+00  0.26907353E+01  0.10148874E+04  0.30546332E+05  0.12500000E+03  0.12500000E+03  0.10000000E+01  0.00000000E+00
  0.16186125E+01  0.11718929E+01 -0.12406299E+01  0.43480263E+01  0.98903149E+03 -0.20824881E+05  0.12576698E+03  0.12576566E+03  0.10000000E+01  0.00000000E+00
  0.20979562E+01  0.10485380E+01  0.46582830E+00  0.32874289E+01  0.90184436E+03 -0.14429095E+06  0.12561582E+03  0.12561221E+03  0.10000000E+01  0.00000000E+00
  0.29034085E+01  0.89878118E+00 -0.43012738E+00  0.21517742E+00  0.10245833E+04  0.51938773E+05  0.12546356E+03  0.12546202E+03  0.10000000E+01  0.00000000E+00
  0.28224354E+01  0.98606193E+00 -0.34994817E+00  0.44461799E+00  0.10461018E+04  0.10396850E+06  0.12531018E+03  0.12530890E+03  0.10000000E+01  0.00000000E+00
  0.26298032E+01  0.18188555E+01  0.79309821E+00  0.27242546E+01  0.10149991E+04  0.30785883E+05  0.12515567E+03  0.12515567E+03  0.10000000E+01  0.00000000E+00
  0.29577732E+01  0.14451630E+01  0.56265438E+00  0.37594900E+00  0.10282771E+04  0.60414406E+05  0.12500000E+03  0.12500012E+03  0.10000000E+01  0.00000000E+00
  0.15643225E+01  0.15829751E+01  0.56936812E+00  0.10173689E+01  0.10280844E+04  0.59967582E+05  0.12561582E+03  0.12561399E+03  0.10000000E+01  0.00000000E+00
  0.28568282E+01  0.16618770E+01  0.98933148E+00  0.15574796E+01  0.10204233E+04  0.42610914E+05  0.12531018E+03  0.12531004E+03  0.10000000E+01  0.00000000E+00
  0.16736865E+01  0.18831806E+01 -0.11056471E+01 -0.20063877E-01  0.10178864E+04  0.37033336E+05  0.12500000E+03  0.12500000E+03  0.10000000E+01  0.00000000E+00
