  0.00000000E+00  0.00000000E+00  0.00000000E+00  0.00000000E+00  0.10015731E+04  0.31009980E+04  0.12500000E+03  0.24363797E-02  0.69999999E+00  0.99999719E+03
  0.00000000E+00  0.50000000E+00  0.00000000E+00  0.00000000E+00  0.10159639E+04  0.32861777E+05  0.12500000E+03  0.30923574E-02  0.69999999E+00  0.99999640E+03
  0.00000000E+00  0.10000000E+01  0.00000000E+00  0.00000000E+00  0.10013939E+04  0.27463228E+04  0.12500000E+03  0.35861267E-02  0.69999999E+00  0.99999591E+03
  0.00000000E+00  0.15000000E+01  0.00000000E+00  0.00000000E+00  0.10081045E+04  0.16292787E+05  0.12500000E+03  0.12836575E-02  0.69999999E+00  0.99999854E+03
  0.00000000E+00  0.20000000E+01  0.00000000E+00  0.00000000E+00  0.10584323E+04  0.13681634E+06  0.12500000E+03 -0.15876614E-02  0.69999999E+00  0.10000019E+04
  0.00000000E+00  0.25000000E+01  0.00000000E+00  0.00000000E+00  0.10164191E+04  0.33845105E+05  0.12500000E+03  0.46310702E-03  0.69999999E+00  0.99999945E+03
  0.00000000E+00  0.30000000E+01  0.00000000E+00  0.00000000E+00  0.10000203E+04  0.39763485E+02  0.12500000E+03  0.27827002E-04  0.69999999E+00  0.99999994E+03
  0.00000000E+00  0.35000000E+01  0.00000000E+00  0.00000000E+00  0.10000000E+04  0.00000000E+00  0.12500000E+03  0.00000000E+00  0.69999999E+00  0.10000000E+04
  0.00000000E+00  0.40000000E+01  0.00000000E+00  0.00000000E+00  0.10000000E+04  0.00000000E+00  0.12500000E+03  0.00000000E+00  0.69999999E+00  0.10000000E+04
 -0.25000000E+00 -0.25000000E+00  0.00000000E+00  0.00000000E+00  0.10006414E+04  0.12607445E+04  0.12500000E+03  0.52005530E-03  0.69999999E+00  0.99999939E+03
 -0.25000000E+00  0.25000000E+00  0.00000000E+00  0.00000000E+00  0.10007754E+04  0.15247546E+04  0.12500000E+03  0.10833954E-02  0.69999999E+00  0.99999878E+03
 -0.25000000E+00  0.75000000E+00  0.00000000E+00  0.00000000E+00  0.10036074E+04  0.71547622E+04  0.12500000E+03  0.43178303E-03  0.69999999E+00  0.99999951E+03
 -0.25000000E+00  0.12500000E+01  0.00000000E+00  0.00000000E+00  0.10009087E+04  0.17878010E+04  0.12500000E+03  0.11419856E-02  0.69999999E+00  0.99999872E+03
 -0.25000000E+00  0.17500000E+01  0.00000000E+00  0.00000000E+00  0.10023340E+04  0.46114946E+04  0.12500000E+03 -0.35084796E-03  0.69999999E+00  0.10000004E+04
 -0.25000000E+00  0.22500000E+01  0.00000000E+00  0.00000000E+00  0.10033676E+04  0.66742451E+04  0.12500000E+03 -0.17577171E-03  0.69999999E+00  0.10000002E+04
 -0.25000000E+00  0.27500000E+01  0.00000000E+00  0.00000000E+00  0.10000049E+04  0.95895748E+01  0.12500000E+03  0.13312655E-04  0.69999999E+00  0.10000000E+04
 -0.25000000E+00  0.32500000E+01  0.00000000E+00  0.00000000E+00  0.10000000E+04  0.00000000E+00  0.12500000E+03  0.16759530E-41  0.69999999E+00  0.10000000E+04
 -0.25000000E+00  0.37500000E+01  0.00000000E+00  0.00000000E+00  0.10000000E+04  0.00000000E+00  0.12500000E+03  0.00000000E+00  0.69999999E+00  0.10000000E+04
  0.80000000E+01  0.00000000E+00  0.00000000E+00  0.00000000E+00  0.10000000E+04  0.00000000E+00  0.12500000E+03  0.00000000E+00  0.69999999E+00  0.10000000E+04
  0.80000000E+01  0.50000000E+00  0.00000000E+00  0.00000000E+00  0.10000000E+04  0.00000000E+00  0.12500000E+03  0.00000000E+00  0.69999999E+00  0.10000000E+04
  0.80000000E+01  0.10000000E+01  0.00000000E+00  0.00000000E+00  0.10000000E+04  0.00000000E+00  0.12500000E+03  0.00000000E+00  0.69999999E+00  0.10000000E+04
  0.80000000E+01  0.15000000E+01  0.00000000E+00  0.00000000E+00  0.10000000E+04  0.00000000E+00  0.12500000E+03  0.00000000E+00  0.69999999E+00  0.10000000E+04
  0.80000000E+01  0.20000000E+01  0.00000000E+00  0.00000000E+00  0.10000000E+04  0.00000000E+00  0.12500000E+03  0.00000000E+00  0.69999999E+00  0.10000000E+04
  0.80000000E+01  0.25000000E+01  0.00000000E+00  0.00000000E+00  0.10000000E+04  0.00000000E+00  0.12500000E+03  0.00000000E+00  0.69999999E+00  0.10000000E+04
  0.80000000E+01  0.30000000E+01  0.00000000E+00  0.00000000E+00  0.10000000E+04  0.00000000E+00  0.12500000E+03  0.00000000E+00  0.69999999E+00  0.10000000E+04
  0.80000000E+01  0.35000000E+01  0.00000000E+00  0.00000000E+00  0.10000000E+04  0.00000000E+00  0.12500000E+03  0.00000000E+00  0.69999999E+00  0.10000000E+04
  0.80000000E+01  0.40000000E+01  0.00000000E+00  0.00000000E+00  0.10000000E+04  0.00000000E+00  0.12500000E+03  0.00000000E+00  0.69999999E+00  0.10000000E+04
  0.82500000E+01 -0.25000000E+00  0.00000000E+00  0.00000000E+00  0.10000000E+04  0.00000000E+00  0.12500000E+03  0.00000000E+00  0.69999999E+00  0.10000000E+04
  0.82500000E+01  0.25000000E+00  0.00000000E+00  0.00000000E+00  0.10000000E+04  0.00000000E+00  0.12500000E+03  0.00000000E+00  0.69999999E+00  0.10000000E+04
  0.82500000E+01  0.75000000E+00  0.00000000E+00  0.00000000E+00  0.10000000E+04  0.00000000E+00  0.12500000E+03  0.00000000E+00  0.69999999E+00  0.10000000E+04
  0.82500000E+01  0.12500000E+01  0.00000000E+00  0.00000000E+00  0.10000000E+04  0.00000000E+00  0.12500000E+03  0.00000000E+00  0.69999999E+00  0.10000000E+04
  0.82500000E+01  0.17500000E+01  0.00000000E+00  0.00000000E+00  0.10000000E+04  0.00000000E+00  0.12500000E+03  0.00000000E+00  0.69999999E+00  0.10000000E+04
  0.82500000E+01  0.22500000E+01  0.00000000E+00  0.00000000E+00  0.10000000E+04  0.00000000E+00  0.12500000E+03  0.00000000E+00  0.69999999E+00  0.10000000E+04
  0.82500000E+01  0.27500000E+01  0.00000000E+00  0.00000000E+00  0.10000000E+04  0.00000000E+00  0.12500000E+03  0.00000000E+00  0.69999999E+00  0.10000000E+04
  0.82500000E+01  0.32500000E+01  0.00000000E+00  0.00000000E+00  0.10000000E+04  0.00000000E+00  0.12500000E+03  0.00000000E+00  0.69999999E+00  0.10000000E+04
  0.82500000E+01  0.37500000E+01  0.00000000E+00  0.00000000E+00  0.10000000E+04  0.00000000E+00  0.12500000E+03  0.00000000E+00  0.69999999E+00  0.10000000E+04
  0.50000000E+00  0.00000000E+00  0.00000000E+00  0.00000000E+00  0.10479125E+04  0.10864841E+06  0.12500000E+03  0.12287773E-01  0.69999999E+00  0.99998529E+03
  0.10000000E+01  0.00000000E+00  0.00000000E+00  0.00000000E+00  0.10620862E+04  0.14700102E+06  0.12500000E+03  0.70082727E-02  0.69999999E+00  0.99999152E+03
  0.15000000E+01  0.00000000E+00  0.00000000E+00  0.00000000E+00  0.10221007E+04  0.46344777E+05  0.12500000E+03  0.21560181E-01  0.69999999E+00  0.99997479E+03
  0.20000000E+01  0.00000000E+00  0.00000000E+00  0.00000000E+00  0.11296287E+04  0.37760066E+06  0.12500000E+03  0.24886074E-01  0.69999999E+00  0.99996790E+03
  0.25000000E+01  0.00000000E+00  0.00000000E+00  0.00000000E+00  0.10387462E+04  0.85449867E+05  0.12500000E+03  0.72835139E-02  0.69999999E+00  0.99999133E+03
  0.30000000E+01  0.00000000E+00  0.00000000E+00  0.00000000E+00  0.10635486E+04  0.15113625E+06  0.12500000E+03  0.89815445E-02  0.69999999E+00  0.99998907E+03
  0.35000000E+01  0.00000000E+00  0.00000000E+00  0.00000000E+00  0.10081445E+04  0.16375283E+05  0.12500000E+03  0.36458189E-02  0.69999999E+00  0.99999579E+03
  0.40000000E+01  0.00000000E+00  0.00000000E+00  0.00000000E+00  0.10000137E+04  0.26898298E+02  0.12500000E+03 -0.68247195E-04  0.69999999E+00  0.10000001E+04
  0.45000000E+01  0.00000000E+00  0.00000000E+00  0.00000000E+00  0.10000000E+04  0.00000000E+00  0.12500000E+03  0.11245700E-39  0.69999999E+00  0.10000000E+04
  0.50000000E+01  0.00000000E+00  0.00000000E+00  0.00000000E+00  0.10000000E+04  0.00000000E+00  0.12500000E+03 -0.84077908E-43  0.69999999E+00  0.10000000E+04
  0.55000000E+01  0.00000000E+00  0.00000000E+00  0.00000000E+00  0.10000000E+04  0.00000000E+00  0.12500000E+03  0.00000000E+00  0.69999999E+00  0.10000000E+04
  0.60000000E+01  0.00000000E+00  0.00000000E+00  0.00000000E+00  0.10000000E+04  0.00000000E+00  0.12500000E+03  0.00000000E+00  0.69999999E+00  0.10000000E+04
  0.65000000E+01  0.00000000E+00  0.00000000E+00  0.00000000E+00  0.10000000E+04  0.00000000E+00  0.12500000E+03  0.00000000E+00  0.69999999E+00  0.10000000E+04
  0.70000000E+01  0.00000000E+00  0.00000000E+00  0.00000000E+00  0.10000000E+04  0.00000000E+00  0.12500000E+03  0.00000000E+00  0.69999999E+00  0.10000000E+04
  0.75000000E+01  0.00000000E+00  0.00000000E+00  0.00000000E+00  0.10000000E+04  0.00000000E+00  0.12500000E+03  0.00000000E+00  0.69999999E+00  0.10000000E+04
  0.25000000E+00 -0.25000000E+00  0.00000000E+00  0.00000000E+00  0.10057965E+04  0.11572526E+05  0.12500000E+03  0.32794373E-02  0.69999999E+00  0.99999622E+03
  0.75000000E+00 -0.25000000E+00  0.00000000E+00  0.00000000E+00  0.10266763E+04  0.56718797E+05  0.12500000E+03  0.88223144E-02  0.69999999E+00  0.99998962E+03
  0.12500000E+01 -0.25000000E+00  0.00000000E+00  0.00000000E+00  0.10095830E+04  0.19351090E+05  0.12500000E+03  0.70481943E-02  0.69999999E+00  0.99999188E+03
  0.17500000E+01 -0.25000000E+00  0.00000000E+00  0.00000000E+00  0.10147511E+04  0.30254328E+05  0.12500000E+03  0.10761432E-01  0.69999999E+00  0.99998755E+03
  0.22500000E+01 -0.25000000E+00  0.00000000E+00  0.00000000E+00  0.10011705E+04  0.23046326E+04  0.12500000E+03  0.10601789E-01  0.69999999E+00  0.99998785E+03
  0.27500000E+01 -0.25000000E+00  0.00000000E+00  0.00000000E+00  0.10066428E+04  0.13295837E+05  0.12500000E+03  0.47662277E-02  0.69999999E+00  0.99999451E+03
  0.32500000E+01 -0.25000000E+00  0.00000000E+00  0.00000000E+00  0.10018888E+04  0.37267954E+04  0.12500000E+03  0.32838793E-02  0.69999999E+00  0.99999622E+03
  0.37500000E+01 -0.25000000E+00  0.00000000E+00  0.00000000E+00  0.10000070E+04  0.13565822E+02  0.12500000E+03 -0.15635355E-03  0.69999999E+00  0.10000002E+04
  0.42500000E+01 -0.25000000E+00  0.00000000E+00  0.00000000E+00  0.10000000E+04  0.00000000E+00  0.12500000E+03 -0.49453437E-36  0.69999999E+00  0.10000000E+04
  0.47500000E+01 -0.25000000E+00  0.00000000E+00  0.00000000E+00  0.10000000E+04  0.00000000E+00  0.12500000E+03 -0.25142938E-39  0.69999999E+00  0.10000000E+04
  0.52500000E+01 -0.25000000E+00  0.00000000E+00  0.00000000E+00  0.10000000E+04  0.00000000E+00  0.12500000E+03  0.00000000E+00  0.69999999E+00  0.10000000E+04
  0.57500000E+01 -0.25000000E+00  0.00000000E+00  0.00000000E+00  0.10000000E+04  0.00000000E+00  0.12500000E+03  0.00000000E+00  0.69999999E+00  0.10000000E+04
  0.62500000E+01 -0.25000000E+00  0.00000000E+00  0.00000000E+00  0.10000000E+04  0.00000000E+00  0.12500000E+03  0.00000000E+00  0.69999999E+00  0.10000000E+04
  0.67500000E+01 -0.25000000E+00  0.00000000E+00  0.00000000E+00  0.10000000E+04  0.00000000E+00  0.12500000E+03  0.00000000E+00  0.69999999E+00  0.10000000E+04
  0.72500000E+01 -0.25000000E+00  0.00000000E+00  0.00000000E+00  0.10000000E+04  0.00000000E+00  0.12500000E+03  0.00000000E+00  0.69999999E+00  0.10000000E+04
  0.77500000E+01 -0.25000000E+00  0.00000000E+00  0.00000000E+00  0.10000000E+04  0.00000000E+00  0.12500000E+03  0.00000000E+00  0.69999999E+00  0.10000000E+04
  0.40000000E+01  0.50000000E+00  0.00000000E+00  0.00000000E+00  0.10007322E+04  0.14397032E+04  0.12500000E+03 -0.30014740E-03  0.69999999E+00  0.10000004E+04
  0.37500000E+01  0.25000000E+00  0.00000000E+00  0.00000000E+00  0.10054056E+04  0.10779468E+05  0.12500000E+03 -0.15884629E-02  0.69999999E+00  0.10000018E+04
  0.40000000E+01  0.10000000E+01  0.00000000E+00  0.00000000E+00  0.10008049E+04  0.15830345E+04  0.12500000E+03 -0.13721961E-03  0.69999999E+00  0.10000002E+04
  0.37500000E+01  0.75000000E+00  0.00000000E+00  0.00000000E+00  0.10393943E+04  0.87050008E+05  0.12500000E+03  0.96870016E-03  0.69999999E+00  0.99999884E+03
  0.40000000E+01  0.15000000E+01  0.00000000E+00  0.00000000E+00  0.10000891E+04  0.17499550E+03  0.12500000E+03  0.38264255E-03  0.69999999E+00  0.99999957E+03
  0.37500000E+01  0.12500000E+01  0.00000000E+00  0.00000000E+00  0.10247426E+04  0.52300703E+05  0.12500000E+03  0.91775163E-03  0.69999999E+00  0.99999890E+03
  0.40000000E+01  0.20000000E+01  0.00000000E+00  0.00000000E+00  0.10010588E+04  0.20840093E+04  0.12500000E+03  0.32330409E-03  0.69999999E+00  0.99999963E+03
  0.37500000E+01  0.17500000E+01  0.00000000E+00  0.00000000E+00  0.10232587E+04  0.48944016E+05  0.12500000E+03  0.18902367E-02  0.69999999E+00  0.99999780E+03
  0.45000000E+01  0.50000000E+00  0.00000000E+00  0.00000000E+00  0.10000000E+04  0.00000000E+00  0.12500000E+03  0.74024432E-39  0.69999999E+00  0.10000000E+04
  0.42500000E+01  0.25000000E+00  0.00000000E+00  0.00000000E+00  0.10000018E+04  0.35083482E+01  0.12500000E+03 -0.74084828E-05  0.69999999E+00  0.10000000E+04
  0.45000000E+01  0.10000000E+01  0.00000000E+00  0.00000000E+00  0.10000000E+04  0.00000000E+00  0.12500000E+03 -0.35873241E-42  0.69999999E+00  0.10000000E+04
  0.42500000E+01  0.75000000E+00  0.00000000E+00  0.00000000E+00  0.10000944E+04  0.18529227E+03  0.12500000E+03 -0.10442676E-04  0.69999999E+00  0.10000000E+04
  0.45000000E+01  0.15000000E+01  0.00000000E+00  0.00000000E+00  0.10000000E+04  0.00000000E+00  0.12500000E+03 -0.14797712E-41  0.69999999E+00  0.10000000E+04
  0.42500000E+01  0.12500000E+01  0.00000000E+00  0.00000000E+00  0.10000066E+04  0.12864128E+02  0.12500000E+03  0.34267537E-05  0.69999999E+00  0.10000000E+04
  0.45000000E+01  0.20000000E+01  0.00000000E+00  0.00000000E+00  0.10000000E+04  0.00000000E+00  0.12500000E+03  0.14349296E-41  0.69999999E+00  0.10000000E+04
  0.42500000E+01  0.17500000E+01  0.00000000E+00  0.00000000E+00  0.10000031E+04  0.60811610E+01  0.12500000E+03 -0.35628464E-05  0.69999999E+00  0.10000000E+04
  0.50000000E+01  0.50000000E+00  0.00000000E+00  0.00000000E+00  0.10000000E+04  0.00000000E+00  0.12500000E+03  0.16815582E-43  0.69999999E+00  0.10000000E+04
  0.47500000E+01  0.25000000E+00  0.00000000E+00  0.00000000E+00  0.10000000E+04  0.00000000E+00  0.12500000E+03  0.24834652E-39  0.69999999E+00  0.10000000E+04
  0.50000000E+01  0.10000000E+01  0.00000000E+00  0.00000000E+00  0.10000000E+04  0.00000000E+00  0.12500000E+03  0.00000000E+00  0.69999999E+00  0.10000000E+04
  0.47500000E+01  0.75000000E+00  0.00000000E+00  0.00000000E+00  0.10000000E+04  0.00000000E+00  0.12500000E+03  0.84077908E-43  0.69999999E+00  0.10000000E+04
  0.50000000E+01  0.15000000E+01  0.00000000E+00  0.00000000E+00  0.10000000E+04  0.00000000E+00  0.12500000E+03 -0.99211931E-42  0.69999999E+00  0.10000000E+04
  0.47500000E+01  0.12500000E+01  0.00000000E+00  0.00000000E+00  0.10000000E+04  0.00000000E+00  0.12500000E+03 -0.94447516E-42  0.69999999E+00  0.10000000E+04
  0.50000000E+01  0.20000000E+01  0.00000000E+00  0.00000000E+00  0.10000000E+04  0.00000000E+00  0.12500000E+03  0.93046218E-42  0.69999999E+00  0.10000000E+04
  0.47500000E+01  0.17500000E+01  0.00000000E+00  0.00000000E+00  0.10000000E+04  0.00000000E+00  0.12500000E+03 -0.00000000E+00  0.69999999E+00  0.10000000E+04
  0.25934074E+01  0.89441705E+00  0.91471887E+00 -0.17994666E+00  0.10017303E+04  0.34125671E+04  0.12576698E+03  0.12576674E+03  0.10000000E+01  0.00000000E+00
  0.88984036E+00  0.98930693E+00 -0.38219410E+00  0.13402612E+01  0.99405017E+03 -0.11467301E+05  0.12561582E+03  0.12561256E+03  0.10000000E+01  0.00000000E+00
  0.15820012E+01  0.96428680E+00  0.50670671E+00 -0.85309185E-01  0.10039368E+04  0.78157612E+04  0.12546356E+03  0.12546333E+03  0.10000000E+01  0.00000000E+00
  0.15623195E+01  0.15341704E+01  0.98116112E+00 -0.19417834E+00  0.99651959E+03 -0.67577251E+04  0.12531018E+03  0.12531027E+03  0.10000000E+01  0.00000000E+00
  0.27913594E+01  0.14797000E+01 -0.80805838E-01 -0.19682163E+00  0.10014546E+04  0.28663931E+04  0.12515567E+03  0.12515567E+03  0.10000000E+01  0.00000000E+00
  0.24883547E+01  0.15662451E+01 -0.11752996E+01 -0.24476475E+00  0.10036250E+04  0.71901357E+04  0.12500000E+03  0.12500000E+03  0.10000000E+01  0.00000000E+00
  0.28247366E+01  0.94069302E+00  0.42666122E-01  0.14454281E+00  0.10016437E+04  0.32410378E+04  0.12576698E+03  0.12575461E+03  0.10000000E+01  0.00000000E+00
  0.91047466E+00  0.11469495E+01  0.32104629E+00  0.18945983E+00  0.10042912E+04  0.85284531E+04  0.12561582E+03  0.12560624E+03  0.10000000E+01  0.00000000E+00
  0.95786452E+00  0.92779410E+00  0.10065819E+01 -0.27056646E+00  0.99767969E+03 -0.45208418E+04  0.12546356E+03  0.12546037E+03  0.10000000E+01  0.00000000E+00
  0.25364907E+01  0.13294760E+01  0.85288888E+00 -0.24295628E+00  0.99961664E+03 -0.75132129E+03  0.12531018E+03  0.12531038E+03  0.10000000E+01  0.00000000E+00
  0.12634383E+01  0.88412762E+00 -0.23945224E+00  0.10505283E+00  0.10009743E+04  0.19171682E+04  0.12515567E+03  0.12515535E+03  0.10000000E+01  0.00000000E+00
  0.72454309E+00  0.82806838E+00  0.23776752E+00  0.10233164E+01  0.10160361E+04  0.33017676E+05  0.12500000E+03  0.12500000E+03  0.10000000E+01  0.00000000E+00
  0.20341165E+01  0.98436093E+00 -0.25227779E+00 -0.37680295E+00  0.10041240E+04  0.81921758E+04  0.12576698E+03  0.12575644E+03  0.10000000E+01  0.00000000E+00
  0.27833903E+01  0.89012337E+00  0.11998759E+00  0.98887011E-01  0.10027673E+04  0.54747744E+04  0.12561582E+03  0.12561059E+03  0.10000000E+01  0.00000000E+00
  0.28252292E+01  0.12937056E+01 -0.82463026E+00  0.46516573E+00  0.10014330E+04  0.28236912E+04  0.12546356E+03  0.12546005E+03  0.10000000E+01  0.00000000E+00
  0.20050972E+01  0.10925144E+01 -0.89126313E+00 -0.50816560E+00  0.10096390E+04  0.19467510E+05  0.12531018E+03  0.12531018E+03  0.10000000E+01  0.00000000E+00
  0.29142652E+01  0.75943708E+00  0.62444830E+00  0.62808698E+00  0.10060504E+04  0.12088437E+05  0.12515567E+03  0.12515553E+03  0.10000000E+01  0.00000000E+00
  0.10702121E+01  0.17476292E+01 -0.12475425E+00  0.62639773E+00  0.10017863E+04  0.35234233E+04  0.12500000E+03  0.12499989E+03  0.10000000E+01  0.00000000E+00
  0.93480814E+00  0.16024939E+01  0.48949236E+00 -0.27741915E+00  0.10051417E+04  0.10244794E+05  0.12576698E+03  0.12576566E+03  0.10000000E+01  0.00000000E+00
  0.28091221E+01  0.90062368E+00 -0.57012874E+00 -0.65453327E+00  0.10001288E+04  0.25293138E+03  0.12561582E+03  0.12561228E+03  0.10000000E+01  0.00000000E+00
  0.14969513E+01  0.12693295E+01  0.38150924E+00  0.58795564E-01  0.10022238E+04  0.43924097E+04  0.12546356E+03  0.12546202E+03  0.10000000E+01  0.00000000E+00
  0.21115253E+01  0.10252559E+01 -0.42787457E+00  0.27214360E+00  0.10069899E+04  0.14005255E+05  0.12531018E+03  0.12530890E+03  0.10000000E+01  0.00000000E+00
  0.10943426E+01  0.20164709E+01  0.11280243E+01  0.34380090E+00  0.99816699E+03 -0.35766721E+04  0.12515567E+03  0.12515567E+03  0.10000000E+01  0.00000000E+00
  0.14083557E+01  0.85326493E+00 -0.41296324E+00 -0.21201346E-01  0.10045665E+04  0.90832529E+04  0.12500000E+03  0.12500012E+03  0.10000000E+01  0.00000000E+00
  0.89153576E+00  0.17095602E+01  0.52494997E+00  0.17486194E+00  0.10039817E+04  0.79060527E+04  0.12561582E+03  0.12561399E+03  0.10000000E+01  0.00000000E+00
  0.80108154E+00  0.20712323E+01  0.12797742E+01  0.28746557E+00  0.99911536E+03 -0.17310879E+04  0.12531018E+03  0.12531004E+03  0.10000000E+01  0.00000000E+00
  0.21452549E+01  0.16851106E+01 -0.11125586E+01 -0.49592376E-01  0.10072625E+04  0.14563196E+05  0.12500000E+03  0.12500000E+03  0.10000000E+01  0.00000000E+00
