  0.00000000E+00  0.00000000E+00  0.00000000E+00  0.00000000E+00  0.10008649E+04  0.17012710E+04  0.12500000E+03  0.18223706E-02  0.69999999E+00  0.99999792E+03
  0.00000000E+00  0.50000000E+00  0.00000000E+00  0.00000000E+00  0.10031104E+04  0.61598633E+04  0.12500000E+03  0.12835485E-02  0.69999999E+00  0.99999854E+03
  0.00000000E+00  0.10000000E+01  0.00000000E+00  0.00000000E+00  0.10119923E+04  0.24392588E+05  0.12500000E+03  0.22685209E-02  0.69999999E+00  0.99999738E+03
  0.00000000E+00  0.15000000E+01  0.00000000E+00  0.00000000E+00  0.10158109E+04  0.32531932E+05  0.12500000E+03  0.80651138E-03  0.69999999E+00  0.99999908E+03
  0.00000000E+00  0.20000000E+01  0.00000000E+00  0.00000000E+00  0.10081433E+04  0.16372828E+05  0.12500000E+03 -0.62296947E-03  0.69999999E+00  0.10000007E+04
  0.00000000E+00  0.25000000E+01  0.00000000E+00  0.00000000E+00  0.10002484E+04  0.48778732E+03  0.12500000E+03  0.11101574E-03  0.69999999E+00  0.99999988E+03
  0.00000000E+00  0.30000000E+01  0.00000000E+00  0.00000000E+00  0.10000000E+04  0.00000000E+00  0.12500000E+03  0.00000000E+00  0.69999999E+00  0.10000000E+04
  0.00000000E+00  0.35000000E+01  0.00000000E+00  0.00000000E+00  0.10000000E+04  0.00000000E+00  0.12500000E+03  0.00000000E+00  0.69999999E+00  0.10000000E+04
  0.00000000E+00  0.40000000E+01  0.00000000E+00  0.00000000E+00  0.10000000E+04  0.00000000E+00  0.12500000E+03  0.00000000E+00  0.69999999E+00  0.10000000E+04
 -0.25000000E+00 -0.25000000E+00  0.00000000E+00  0.00000000E+00  0.10006414E+04  0.12607445E+04  0.12500000E+03  0.52005530E-03  0.69999999E+00  0.99999939E+03
 -0.25000000E+00  0.25000000E+00  0.00000000E+00  0.00000000E+00  0.10011429E+04  0.22502283E+04  0.12500000E+03  0.72317623E-03  0.69999999E+00  0.99999915E+03
 -0.25000000E+00  0.75000000E+00  0.00000000E+00  0.00000000E+00  0.10006721E+04  0.13213259E+04  0.12500000E+03 -0.32049611E-04  0.69999999E+00  0.10000001E+04
 -0.25000000E+00  0.12500000E+01  0.00000000E+00  0.00000000E+00  0.10025946E+04  0.51303818E+04  0.12500000E+03  0.73915074E-03  0.69999999E+00  0.99999915E+03
 -0.25000000E+00  0.17500000E+01  0.00000000E+00  0.00000000E+00  0.10006367E+04  0.12515878E+04  0.12500000E+03 -0.18585019E-03  0.69999999E+00  0.10000002E+04
 -0.25000000E+00  0.22500000E+01  0.00000000E+00  0.00000000E+00  0.10004747E+04  0.93267188E+03  0.12500000E+03 -0.78150333E-04  0.69999999E+00  0.10000001E+04
 -0.25000000E+00  0.27500000E+01  0.00000000E+00  0.00000000E+00  0.10000000E+04  0.00000000E+00  0.12500000E+03  0.00000000E+00  0.69999999E+00  0.10000000E+04
 -0.25000000E+00  0.32500000E+01  0.00000000E+00  0.00000000E+00  0.10000000E+04  0.00000000E+00  0.12500000E+03  0.00000000E+00  0.69999999E+00  0.10000000E+04
 -0.25000000E+00  0.37500000E+01  0.00000000E+00  0.00000000E+00  0.10000000E+04  0.00000000E+00  0.12500000E+03  0.00000000E+00  0.69999999E+00  0.10000000E+04
  0.80000000E+01  0.00000000E+00  0.00000000E+00  0.00000000E+00  0.10000000E+04  0.00000000E+00  0.12500000E+03  0.00000000E+00  0.69999999E+00  0.10000000E+04
  0.80000000E+01  0.50000000E+00  0.00000000E+00  0.00000000E+00  0.10000000E+04  0.00000000E+00  0.12500000E+03  0.00000000E+00  0.69999999E+00  0.10000000E+04
  0.80000000E+01  0.10000000E+01  0.00000000E+00  0.00000000E+00  0.10000000E+04  0.00000000E+00  0.12500000E+03  0.00000000E+00  0.69999999E+00  0.10000000E+04
  0.80000000E+01  0.15000000E+01  0.00000000E+00  0.00000000E+00  0.10000000E+04  0.00000000E+00  0.12500000E+03  0.00000000E+00  0.69999999E+00  0.10000000E+04
  0.80000000E+01  0.20000000E+01  0.00000000E+00  0.00000000E+00  0.10000000E+04  0.00000000E+00  0.12500000E+03  0.00000000E+00  0.69999999E+00  0.10000000E+04
  0.80000000E+01  0.25000000E+01  0.00000000E+00  0.00000000E+00  0.10000000E+04  0.00000000E+00  0.12500000E+03  0.00000000E+00  0.69999999E+00  0.10000000E+04
  0.80000000E+01  0.30000000E+01  0.00000000E+00  0.00000000E+00  0.10000000E+04  0.00000000E+00  0.12500000E+03  0.00000000E+00  0.69999999E+00  0.10000000E+04
  0.80000000E+01  0.35000000E+01  0.00000000E+00  0.00000000E+00  0.10000000E+04  0.00000000E+00  0.12500000E+03  0.00000000E+00  0.69999999E+00  0.10000000E+04
  0.80000000E+01  0.40000000E+01  0.00000000E+00  0.00000000E+00  0.10000000E+04  0.00000000E+00  0.12500000E+03  0.00000000E+00  0.69999999E+00  0.10000000E+04
  0.82500000E+01 -0.25000000E+00  0.00000000E+00  0.00000000E+00  0.10000000E+04  0.00000000E+00  0.12500000E+03  0.00000000E+00  0.69999999E+00  0.10000000E+04
  0.82500000E+01  0.25000000E+00  0.00000000E+00  0.00000000E+00  0.10000000E+04  0.00000000E+00  0.12500000E+03  0.00000000E+00  0.69999999E+00  0.10000000E+04
  0.82500000E+01  0.75000000E+00  0.00000000E+00  0.00000000E+00  0.10000000E+04  0.00000000E+00  0.12500000E+03  0.00000000E+00  0.69999999E+00  0.10000000E+04
  0.82500000E+01  0.12500000E+01  0.00000000E+00  0.00000000E+00  0.10000000E+04  0.00000000E+00  0.12500000E+03  0.00000000E+00  0.69999999E+00  0.10000000E+04
  0.82500000E+01  0.17500000E+01  0.00000000E+00  0.00000000E+00  0.10000000E+04  0.00000000E+00  0.12500000E+03  0.00000000E+00  0.69999999E+00  0.10000000E+04
  0.82500000E+01  0.22500000E+01  0.00000000E+00  0.00000000E+00  0.10000000E+04  0.00000000E+00  0.12500000E+03  0.00000000E+00  0.69999999E+00  0.10000000E+04
  0.82500000E+01  0.27500000E+01  0.00000000E+00  0.00000000E+00  0.10000000E+04  0.00000000E+00  0.12500000E+03  0.00000000E+00  0.69999999E+00  0.10000000E+04
  0.82500000E+01  0.32500000E+01  0.00000000E+00  0.00000000E+00  0.10000000E+04  0.00000000E+00  0.12500000E+03  0.00000000E+00  0.69999999E+00  0.10000000E+04
  0.82500000E+01  0.37500000E+01  0.00000000E+00  0.00000000E+00  0.10000000E+04  0.00000000E+00  0.12500000E+03  0.00000000E+00  0.69999999E+00  0.10000000E+04
  0.50000000E+00  0.00000000E+00  0.00000000E+00  0.00000000E+00  0.10213848E+04  0.44746531E+05  0.12500000E+03  0.88199750E-02  0.69999999E+00  0.99998969E+03
  0.10000000E+01  0.00000000E+00  0.00000000E+00  0.00000000E+00  0.10519856E+04  0.11935488E+06  0.12500000E+03  0.38725589E-02  0.69999999E+00  0.99999536E+03
  0.15000000E+01  0.00000000E+00  0.00000000E+00  0.00000000E+00  0.10572654E+04  0.13360827E+06  0.12500000E+03  0.16142063E-01  0.69999999E+00  0.99998047E+03
  0.20000000E+01  0.00000000E+00  0.00000000E+00  0.00000000E+00  0.11724702E+04  0.57343081E+06  0.12500000E+03  0.17926151E-01  0.69999999E+00  0.99997595E+03
  0.25000000E+01  0.00000000E+00  0.00000000E+00  0.00000000E+00  0.10628711E+04  0.14921625E+06  0.12500000E+03  0.18155954E-02  0.69999999E+00  0.99999780E+03
  0.30000000E+01  0.00000000E+00  0.00000000E+00  0.00000000E+00  0.10205068E+04  0.42796059E+05  0.12500000E+03  0.36998156E-02  0.69999999E+00  0.99999567E+03
  0.35000000E+01  0.00000000E+00  0.00000000E+00  0.00000000E+00  0.10008348E+04  0.16420299E+04  0.12500000E+03  0.14327944E-02  0.69999999E+00  0.99999835E+03
  0.40000000E+01  0.00000000E+00  0.00000000E+00  0.00000000E+00  0.10000131E+04  0.25728762E+02  0.12500000E+03 -0.50405528E-04  0.69999999E+00  0.10000001E+04
  0.45000000E+01  0.00000000E+00  0.00000000E+00  0.00000000E+00  0.10000000E+04  0.00000000E+00  0.12500000E+03  0.00000000E+00  0.69999999E+00  0.10000000E+04
  0.50000000E+01  0.00000000E+00  0.00000000E+00  0.00000000E+00  0.10000000E+04  0.00000000E+00  0.12500000E+03  0.00000000E+00  0.69999999E+00  0.10000000E+04
  0.55000000E+01  0.00000000E+00  0.00000000E+00  0.00000000E+00  0.10000000E+04  0.00000000E+00  0.12500000E+03  0.00000000E+00  0.69999999E+00  0.10000000E+04
  0.60000000E+01  0.00000000E+00  0.00000000E+00  0.00000000E+00  0.10000000E+04  0.00000000E+00  0.12500000E+03  0.00000000E+00  0.69999999E+00  0.10000000E+04
  0.65000000E+01  0.00000000E+00  0.00000000E+00  0.00000000E+00  0.10000000E+04  0.00000000E+00  0.12500000E+03  0.00000000E+00  0.69999999E+00  0.10000000E+04
  0.70000000E+01  0.00000000E+00  0.00000000E+00  0.00000000E+00  0.10000000E+04  0.00000000E+00  0.12500000E+03  0.00000000E+00  0.69999999E+00  0.10000000E+04
  0.75000000E+01  0.00000000E+00  0.00000000E+00  0.00000000E+00  0.10000000E+04  0.00000000E+00  0.12500000E+03  0.00000000E+00  0.69999999E+00  0.10000000E+04
  0.25000000E+00 -0.25000000E+00  0.00000000E+00  0.00000000E+00  0.10052322E+04  0.10428154E+05  0.12500000E+03  0.27088579E-02  0.69999999E+00  0.99999689E+03
  0.75000000E+00 -0.25000000E+00  0.00000000E+00  0.00000000E+00  0.10222635E+04  0.46709223E+05  0.12500000E+03  0.67163031E-02  0.69999999E+00  0.99999213E+03
  0.12500000E+01 -0.25000000E+00  0.00000000E+00  0.00000000E+00  0.10114790E+04  0.23312434E+05  0.12500000E+03  0.56524845E-02  0.69999999E+00  0.99999347E+03
  0.17500000E+01 -0.25000000E+00  0.00000000E+00  0.00000000E+00  0.10168231E+04  0.34720418E+05  0.12500000E+03  0.84372070E-02  0.69999999E+00  0.99999017E+03
  0.22500000E+01 -0.25000000E+00  0.00000000E+00  0.00000000E+00  0.10052797E+04  0.10524216E+05  0.12500000E+03  0.74912300E-02  0.69999999E+00  0.99999139E+03
  0.27500000E+01 -0.25000000E+00  0.00000000E+00  0.00000000E+00  0.10050745E+04  0.10109027E+05  0.12500000E+03  0.14913233E-02  0.69999999E+00  0.99999829E+03
  0.32500000E+01 -0.25000000E+00  0.00000000E+00  0.00000000E+00  0.10002117E+04  0.41565012E+03  0.12500000E+03  0.15298179E-02  0.69999999E+00  0.99999823E+03
  0.37500000E+01 -0.25000000E+00  0.00000000E+00  0.00000000E+00  0.10000071E+04  0.13799721E+02  0.12500000E+03 -0.13200220E-03  0.69999999E+00  0.10000001E+04
  0.42500000E+01 -0.25000000E+00  0.00000000E+00  0.00000000E+00  0.10000000E+04  0.00000000E+00  0.12500000E+03 -0.22171064E-39  0.69999999E+00  0.10000000E+04
  0.47500000E+01 -0.25000000E+00  0.00000000E+00  0.00000000E+00  0.10000000E+04  0.00000000E+00  0.12500000E+03 -0.00000000E+00  0.69999999E+00  0.10000000E+04
  0.52500000E+01 -0.25000000E+00  0.00000000E+00  0.00000000E+00  0.10000000E+04  0.00000000E+00  0.12500000E+03  0.00000000E+00  0.69999999E+00  0.10000000E+04
  0.57500000E+01 -0.25000000E+00  0.00000000E+00  0.00000000E+00  0.10000000E+04  0.00000000E+00  0.12500000E+03  0.00000000E+00  0.69999999E+00  0.10000000E+04
  0.62500000E+01 -0.25000000E+00  0.00000000E+00  0.00000000E+00  0.10000000E+04  0.00000000E+00  0.12500000E+03  0.00000000E+00  0.69999999E+00  0.10000000E+04
  0.67500000E+01 -0.25000000E+00  0.00000000E+00  0.00000000E+00  0.10000000E+04  0.00000000E+00  0.12500000E+03  0.00000000E+00  0.69999999E+00  0.10000000E+04
  0.72500000E+01 -0.25000000E+00  0.00000000E+00  0.00000000E+00  0.10000000E+04  0.00000000E+00  0.12500000E+03  0.00000000E+00  0.69999999E+00  0.10000000E+04
  0.77500000E+01 -0.25000000E+00  0.00000000E+00  0.00000000E+00  0.10000000E+04  0.00000000E+00  0.12500000E+03  0.00000000E+00  0.69999999E+00  0.10000000E+04
  0.40000000E+01  0.50000000E+00  0.00000000E+00  0.00000000E+00  0.10004338E+04  0.85222919E+03  0.12500000E+03 -0.14449963E-03  0.69999999E+00  0.10000002E+04
  0.37500000E+01  0.25000000E+00  0.00000000E+00  0.00000000E+00  0.10001252E+04  0.24590936E+03  0.12500000E+03 -0.62770740E-03  0.69999999E+00  0.10000007E+04
  0.40000000E+01  0.10000000E+01  0.00000000E+00  0.00000000E+00  0.10020205E+04  0.39882881E+04  0.12500000E+03 -0.46402678E-04  0.69999999E+00  0.10000001E+04
  0.37500000E+01  0.75000000E+00  0.00000000E+00  0.00000000E+00  0.10041873E+04  0.83192598E+04  0.12500000E+03  0.57524501E-03  0.69999999E+00  0.99999933E+03
  0.40000000E+01  0.15000000E+01  0.00000000E+00  0.00000000E+00  0.10050455E+04  0.10050445E+05  0.12500000E+03  0.14274448E-03  0.69999999E+00  0.99999982E+03
  0.37500000E+01  0.12500000E+01  0.00000000E+00  0.00000000E+00  0.10404758E+04  0.89734102E+05  0.12500000E+03  0.32673881E-03  0.69999999E+00  0.99999963E+03
  0.40000000E+01  0.20000000E+01  0.00000000E+00  0.00000000E+00  0.10010269E+04  0.20209338E+04  0.12500000E+03  0.12651736E-03  0.69999999E+00  0.99999988E+03
  0.37500000E+01  0.17500000E+01  0.00000000E+00  0.00000000E+00  0.10810413E+04  0.20332591E+06  0.12500000E+03  0.73727040E-03  0.69999999E+00  0.99999908E+03
  0.45000000E+01  0.50000000E+00  0.00000000E+00  0.00000000E+00  0.10000000E+04  0.00000000E+00  0.12500000E+03  0.36433760E-42  0.69999999E+00  0.10000000E+04
  0.42500000E+01  0.25000000E+00  0.00000000E+00  0.00000000E+00  0.10000018E+04  0.35083482E+01  0.12500000E+03 -0.74084828E-05  0.69999999E+00  0.10000000E+04
  0.45000000E+01  0.10000000E+01  0.00000000E+00  0.00000000E+00  0.10000000E+04  0.00000000E+00  0.12500000E+03 -0.00000000E+00  0.69999999E+00  0.10000000E+04
  0.42500000E+01  0.75000000E+00  0.00000000E+00  0.00000000E+00  0.10000934E+04  0.18318608E+03  0.12500000E+03 -0.62608265E-05  0.69999999E+00  0.10000000E+04
  0.45000000E+01  0.15000000E+01  0.00000000E+00  0.00000000E+00  0.10000000E+04  0.00000000E+00  0.12500000E+03  0.00000000E+00  0.69999999E+00  0.10000000E+04
  0.42500000E+01  0.12500000E+01  0.00000000E+00  0.00000000E+00  0.10000066E+04  0.12864128E+02  0.12500000E+03  0.34267537E-05  0.69999999E+00  0.10000000E+04
  0.45000000E+01  0.20000000E+01  0.00000000E+00  0.00000000E+00  0.10000000E+04  0.00000000E+00  0.12500000E+03  0.00000000E+00  0.69999999E+00  0.10000000E+04
  0.42500000E+01  0.17500000E+01  0.00000000E+00  0.00000000E+00  0.10000082E+04  0.16138714E+02  0.12500000E+03  0.35233143E-05  0.69999999E+00  0.10000000E+04
  0.50000000E+01  0.50000000E+00  0.00000000E+00  0.00000000E+00  0.10000000E+04  0.00000000E+00  0.12500000E+03  0.00000000E+00  0.69999999E+00  0.10000000E+04
  0.47500000E+01  0.25000000E+00  0.00000000E+00  0.00000000E+00  0.10000000E+04  0.00000000E+00  0.12500000E+03  0.00000000E+00  0.69999999E+00  0.10000000E+04
  0.50000000E+01  0.10000000E+01  0.00000000E+00  0.00000000E+00  0.10000000E+04  0.00000000E+00  0.12500000E+03  0.00000000E+00  0.69999999E+00  0.10000000E+04
  0.47500000E+01  0.75000000E+00  0.00000000E+00  0.00000000E+00  0.10000000E+04  0.00000000E+00  0.12500000E+03  0.00000000E+00  0.69999999E+00  0.10000000E+04
  0.50000000E+01  0.15000000E+01  0.00000000E+00  0.00000000E+00  0.10000000E+04  0.00000000E+00  0.12500000E+03 -0.00000000E+00  0.69999999E+00  0.10000000E+04
  0.47500000E+01  0.12500000E+01  0.00000000E+00  0.00000000E+00  0.10000000E+04  0.00000000E+00  0.12500000E+03 -0.00000000E+00  0.69999999E+00  0.10000000E+04
  0.50000000E+01  0.20000000E+01  0.00000000E+00  0.00000000E+00  0.10000000E+04  0.00000000E+00  0.12500000E+03  0.00000000E+00  0.69999999E+00  0.10000000E+04
  0.47500000E+01  0.17500000E+01  0.00000000E+00  0.00000000E+00  0.10000000E+04  0.00000000E+00  0.12500000E+03  0.00000000E+00  0.69999999E+00  0.10000000E+04
  0.28461211E+01  0.15333233E+01  0.10861180E+01 -0.11909741E+01  0.99985364E+03 -0.28708914E+03  0.12576698E+03  0.12576674E+03  0.10000000E+01  0.00000000E+00
  0.16240383E+01  0.94215143E+00  0.76484263E+00  0.14044709E+01  0.99655688E+03 -0.66860254E+04  0.12561582E+03  0.12561256E+03  0.10000000E+01  0.00000000E+00
  0.14972962E+01  0.86959422E+00 -0.10226792E+01  0.13489082E+01  0.10060453E+04  0.12078251E+05  0.12546356E+03  0.12546333E+03  0.10000000E+01  0.00000000E+00
  0.10803757E+01  0.87835252E+00 -0.66125560E+00 -0.11572876E+01  0.98628534E+03 -0.25826037E+05  0.12531018E+03  0.12531018E+03  0.10000000E+01  0.00000000E+00
  0.11317574E+01  0.77545440E+00 -0.31084380E+01  0.19425364E+01  0.10034888E+04  0.69170444E+04  0.12515567E+03  0.12515567E+03  0.10000000E+01  0.00000000E+00
  0.26481543E+01  0.22978230E+01 -0.59881163E+00 -0.88097322E+00  0.10045309E+04  0.90113896E+04  0.12500000E+03  0.12500000E+03  0.10000000E+01  0.00000000E+00
  0.29737582E+01  0.16968420E+01 -0.14610298E+01 -0.14815596E+01  0.10254116E+04  0.53823586E+05  0.12576698E+03  0.12575494E+03  0.10000000E+01  0.00000000E+00
  0.17068166E+01  0.10766852E+01  0.13051045E+01  0.10298219E+01  0.99187585E+03 -0.15556355E+05  0.12561582E+03  0.12560624E+03  0.10000000E+01  0.00000000E+00
  0.17534933E+01  0.13352177E+01 -0.54440242E+00 -0.83336174E+00  0.10093936E+04  0.18957773E+05  0.12546356E+03  0.12546037E+03  0.10000000E+01  0.00000000E+00
  0.23953030E+01  0.13311387E+01  0.28591986E+01  0.14226558E+01  0.10330369E+04  0.71608070E+05  0.12531018E+03  0.12531038E+03  0.10000000E+01  0.00000000E+00
  0.15666561E+01  0.13942798E+01 -0.18359990E+00 -0.14126288E+01  0.10105362E+04  0.21337021E+05  0.12515567E+03  0.12515567E+03  0.10000000E+01  0.00000000E+00
  0.95322073E+00  0.10295920E+01 -0.13246224E+01 -0.21681659E+01  0.10101538E+04  0.20538914E+05  0.12500000E+03  0.12500000E+03  0.10000000E+01  0.00000000E+00
  0.30013950E+01  0.18489256E+01 -0.15979453E+01  0.15511325E+00  0.10163919E+04  0.33786309E+05  0.12576698E+03  0.12575644E+03  0.10000000E+01  0.00000000E+00
  0.28742483E+01  0.19364690E+01 -0.26698387E+00  0.69061422E+00  0.95987091E+03 -0.69863859E+05  0.12561582E+03  0.12561089E+03  0.10000000E+01  0.00000000E+00
  0.25995102E+01  0.12466969E+01  0.92420757E+00 -0.20444946E+01  0.10175838E+04  0.36373691E+05  0.12546356E+03  0.12546005E+03  0.10000000E+01  0.00000000E+00
  0.28428304E+01  0.13672559E+01  0.10801783E+01 -0.12484384E+01  0.98388770E+03 -0.30124719E+05  0.12531018E+03  0.12531018E+03  0.10000000E+01  0.00000000E+00
  0.26631274E+01  0.97000730E+00  0.65118581E+00 -0.23904313E+00  0.10191948E+04  0.39899652E+05  0.12515567E+03  0.12515553E+03  0.10000000E+01  0.00000000E+00
  0.24231255E+01  0.18440678E+01 -0.41441011E+00 -0.22131724E+01  0.10110623E+04  0.22437883E+05  0.12500000E+03  0.12500000E+03  0.10000000E+01  0.00000000E+00
  0.13134151E+01  0.11954300E+01 -0.10106076E+01 -0.27512293E+01  0.99907062E+03 -0.18183198E+04  0.12576698E+03  0.12576566E+03  0.10000000E+01  0.00000000E+00
  0.28939614E+01  0.19526122E+01 -0.58196670E+00 -0.79820120E+00  0.99059674E+03 -0.17936881E+05  0.12561582E+03  0.12561221E+03  0.10000000E+01  0.00000000E+00
  0.24334893E+01  0.89716196E+00  0.96805775E+00  0.15366995E+00  0.99937262E+03 -0.12286414E+04  0.12546356E+03  0.12546202E+03  0.10000000E+01  0.00000000E+00
  0.21890984E+01  0.10264968E+01 -0.12421265E+01 -0.18213835E+00  0.98519482E+03 -0.27788992E+05  0.12531018E+03  0.12530890E+03  0.10000000E+01  0.00000000E+00
  0.25851936E+01  0.23844817E+01 -0.12373953E+01 -0.64344573E+00  0.10027823E+04  0.55047388E+04  0.12515567E+03  0.12515567E+03  0.10000000E+01  0.00000000E+00
  0.25058036E+01  0.72213471E+00 -0.24921849E+01  0.66555344E-01  0.10342522E+04  0.74516273E+05  0.12500000E+03  0.12500012E+03  0.10000000E+01  0.00000000E+00
  0.17782662E+01  0.15019782E+01  0.93134469E+00 -0.30522043E+00  0.10234197E+04  0.49306641E+05  0.12561582E+03  0.12561399E+03  0.10000000E+01  0.00000000E+00
  0.29727950E+01  0.23775640E+01 -0.54324830E+00 -0.21247581E+00  0.10015276E+04  0.30110544E+04  0.12531018E+03  0.12531004E+03  0.10000000E+01  0.00000000E+00
  0.12414029E+01  0.16518326E+01 -0.18405068E+01 -0.18842311E+01  0.10061997E+04  0.12392436E+05  0.12500000E+03  0.12500000E+03  0.10000000E+01  0.00000000E+00
