  0.00000000E+00  0.00000000E+00  0.00000000E+00  0.00000000E+00  0.10043381E+04  0.86230176E+04  0.12500000E+03  0.22092222E-02  0.69999999E+00  0.99999744E+03
  0.00000000E+00  0.50000000E+00  0.00000000E+00  0.00000000E+00  0.10412632E+04  0.91698641E+05  0.12500000E+03  0.23365230E-02  0.69999999E+00  0.99999719E+03
  0.00000000E+00  0.10000000E+01  0.00000000E+00  0.00000000E+00  0.10284764E+04  0.60876957E+05  0.12500000E+03  0.30357835E-02  0.69999999E+00  0.99999646E+03
  0.00000000E+00  0.15000000E+01  0.00000000E+00  0.00000000E+00  0.10097860E+04  0.19773113E+05  0.12500000E+03  0.11126455E-02  0.69999999E+00  0.99999872E+03
  0.00000000E+00  0.20000000E+01  0.00000000E+00  0.00000000E+00  0.10177485E+04  0.36732738E+05  0.12500000E+03 -0.11130341E-02  0.69999999E+00  0.10000013E+04
  0.00000000E+00  0.25000000E+01  0.00000000E+00  0.00000000E+00  0.10030736E+04  0.60862402E+04  0.12500000E+03  0.33517432E-03  0.69999999E+00  0.99999963E+03
  0.00000000E+00  0.30000000E+01  0.00000000E+00  0.00000000E+00  0.10000000E+04  0.00000000E+00  0.12500000E+03  0.60528782E-05  0.69999999E+00  0.10000000E+04
  0.00000000E+00  0.35000000E+01  0.00000000E+00  0.00000000E+00  0.10000000E+04  0.00000000E+00  0.12500000E+03  0.00000000E+00  0.69999999E+00  0.10000000E+04
  0.00000000E+00  0.40000000E+01  0.00000000E+00  0.00000000E+00  0.10000000E+04  0.00000000E+00  0.12500000E+03  0.00000000E+00  0.69999999E+00  0.10000000E+04
 -0.25000000E+00 -0.25000000E+00  0.00000000E+00  0.00000000E+00  0.10006414E+04  0.12607445E+04  0.12500000E+03  0.52005530E-03  0.69999999E+00  0.99999939E+03
 -0.25000000E+00  0.25000000E+00  0.00000000E+00  0.00000000E+00  0.10027317E+04  0.54036802E+04  0.12500000E+03  0.93730300E-03  0.69999999E+00  0.99999890E+03
 -0.25000000E+00  0.75000000E+00  0.00000000E+00  0.00000000E+00  0.10127188E+04  0.25926887E+05  0.12500000E+03  0.24105658E-03  0.69999999E+00  0.99999969E+03
 -0.25000000E+00  0.12500000E+01  0.00000000E+00  0.00000000E+00  0.10019923E+04  0.39324226E+04  0.12500000E+03  0.97678439E-03  0.69999999E+00  0.99999890E+03
 -0.25000000E+00  0.17500000E+01  0.00000000E+00  0.00000000E+00  0.10011837E+04  0.23307783E+04  0.12500000E+03 -0.24885655E-03  0.69999999E+00  0.10000003E+04
 -0.25000000E+00  0.22500000E+01  0.00000000E+00  0.00000000E+00  0.10012462E+04  0.24542319E+04  0.12500000E+03 -0.15003496E-03  0.69999999E+00  0.10000002E+04
 -0.25000000E+00  0.27500000E+01  0.00000000E+00  0.00000000E+00  0.10000000E+04  0.00000000E+00  0.12500000E+03  0.24382593E-42  0.69999999E+00  0.10000000E+04
 -0.25000000E+00  0.32500000E+01  0.00000000E+00  0.00000000E+00  0.10000000E+04  0.00000000E+00  0.12500000E+03  0.00000000E+00  0.69999999E+00  0.10000000E+04
 -0.25000000E+00  0.37500000E+01  0.00000000E+00  0.00000000E+00  0.10000000E+04  0.00000000E+00  0.12500000E+03  0.00000000E+00  0.69999999E+00  0.10000000E+04
  0.80000000E+01  0.00000000E+00  0.00000000E+00  0.00000000E+00  0.10000000E+04  0.00000000E+00  0.12500000E+03  0.00000000E+00  0.69999999E+00  0.10000000E+04
  0.80000000E+01  0.50000000E+00  0.00000000E+00  0.00000000E+00  0.10000000E+04  0.00000000E+00  0.12500000E+03  0.00000000E+00  0.69999999E+00  0.10000000E+04
  0.80000000E+01  0.10000000E+01  0.00000000E+00  0.00000000E+00  0.10000000E+04  0.00000000E+00  0.12500000E+03  0.00000000E+00  0.69999999E+00  0.10000000E+04
  0.80000000E+01  0.15000000E+01  0.00000000E+00  0.00000000E+00  0.10000000E+04  0.00000000E+00  0.12500000E+03  0.00000000E+00  0.69999999E+00  0.10000000E+04
  0.80000000E+01  0.20000000E+01  0.00000000E+00  0.00000000E+00  0.10000000E+04  0.00000000E+00  0.12500000E+03  0.00000000E+00  0.69999999E+00  0.10000000E+04
  0.80000000E+01  0.25000000E+01  0.00000000E+00  0.00000000E+00  0.10000000E+04  0.00000000E+00  0.12500000E+03  0.00000000E+00  0.69999999E+00  0.10000000E+04
  0.80000000E+01  0.30000000E+01  0.00000000E+00  0.00000000E+00  0.10000000E+04  0.00000000E+00  0.12500000E+03  0.00000000E+00  0.69999999E+00  0.10000000E+04
  0.80000000E+01  0.35000000E+01  0.00000000E+00  0.00000000E+00  0.10000000E+04  0.00000000E+00  0.12500000E+03  0.00000000E+00  0.69999999E+00  0.10000000E+04
  0.80000000E+01  0.40000000E+01  0.00000000E+00  0.00000000E+00  0.10000000E+04  0.00000000E+00  0.12500000E+03  0.00000000E+00  0.69999999E+00  0.10000000E+04
  0.82500000E+01 -0.25000000E+00  0.00000000E+00  0.00000000E+00  0.10000000E+04  0.00000000E+00  0.12500000E+03  0.00000000E+00  0.69999999E+00  0.10000000E+04
  0.82500000E+01  0.25000000E+00  0.00000000E+00  0.00000000E+00  0.10000000E+04  0.00000000E+00  0.12500000E+03  0.00000000E+00  0.69999999E+00  0.10000000E+04
  0.82500000E+01  0.75000000E+00  0.00000000E+00  0.00000000E+00  0.10000000E+04  0.00000000E+00  0.12500000E+03  0.00000000E+00  0.69999999E+00  0.10000000E+04
  0.82500000E+01  0.12500000E+01  0.00000000E+00  0.00000000E+00  0.10000000E+04  0.00000000E+00  0.12500000E+03  0.00000000E+00  0.69999999E+00  0.10000000E+04
  0.82500000E+01  0.17500000E+01  0.00000000E+00  0.00000000E+00  0.10000000E+04  0.00000000E+00  0.12500000E+03  0.00000000E+00  0.69999999E+00  0.10000000E+04
  0.82500000E+01  0.22500000E+01  0.00000000E+00  0.00000000E+00  0.10000000E+04  0.00000000E+00  0.12500000E+03  0.00000000E+00  0.69999999E+00  0.10000000E+04
  0.82500000E+01  0.27500000E+01  0.00000000E+00  0.00000000E+00  0.10000000E+04  0.00000000E+00  0.12500000E+03  0.00000000E+00  0.69999999E+00  0.10000000E+04
  0.82500000E+01  0.32500000E+01  0.00000000E+00  0.00000000E+00  0.10000000E+04  0.00000000E+00  0.12500000E+03  0.00000000E+00  0.69999999E+00  0.10000000E+04
  0.82500000E+01  0.37500000E+01  0.00000000E+00  0.00000000E+00  0.10000000E+04  0.00000000E+00  0.12500000E+03  0.00000000E+00  0.69999999E+00  0.10000000E+04
  0.50000000E+00  0.00000000E+00  0.00000000E+00  0.00000000E+00  0.10581503E+04  0.13603925E+06  0.12500000E+03  0.10828258E-01  0.69999999E+00  0.99998688E+03
  0.10000000E+01  0.00000000E+00  0.00000000E+00  0.00000000E+00  0.10640881E+04  0.15267061E+06  0.12500000E+03  0.56749652E-02  0.69999999E+00  0.99999310E+03
  0.15000000E+01  0.00000000E+00  0.00000000E+00  0.00000000E+00  0.10238121E+04  0.50192621E+05  0.12500000E+03  0.19342884E-01  0.69999999E+00  0.99997736E+03
  0.20000000E+01  0.00000000E+00  0.00000000E+00  0.00000000E+00  0.11416584E+04  0.42823781E+06  0.12500000E+03  0.22034170E-01  0.69999999E+00  0.99997125E+03
  0.25000000E+01  0.00000000E+00  0.00000000E+00  0.00000000E+00  0.10304984E+04  0.65599641E+05  0.12500000E+03  0.51386687E-02  0.69999999E+00  0.99999396E+03
  0.30000000E+01  0.00000000E+00  0.00000000E+00  0.00000000E+00  0.10462964E+04  0.10446901E+06  0.12500000E+03  0.68619149E-02  0.69999999E+00  0.99999182E+03
  0.35000000E+01  0.00000000E+00  0.00000000E+00  0.00000000E+00  0.10065590E+04  0.13124792E+05  0.12500000E+03  0.26380832E-02  0.69999999E+00  0.99999695E+03
  0.40000000E+01  0.00000000E+00  0.00000000E+00  0.00000000E+00  0.10000137E+04  0.26898298E+02  0.12500000E+03 -0.68247195E-04  0.69999999E+00  0.10000001E+04
  0.45000000E+01  0.00000000E+00  0.00000000E+00  0.00000000E+00  0.10000000E+04  0.00000000E+00  0.12500000E+03  0.11866195E-40  0.69999999E+00  0.10000000E+04
  0.50000000E+01  0.00000000E+00  0.00000000E+00  0.00000000E+00  0.10000000E+04  0.00000000E+00  0.12500000E+03  0.00000000E+00  0.69999999E+00  0.10000000E+04
  0.55000000E+01  0.00000000E+00  0.00000000E+00  0.00000000E+00  0.10000000E+04  0.00000000E+00  0.12500000E+03  0.00000000E+00  0.69999999E+00  0.10000000E+04
  0.60000000E+01  0.00000000E+00  0.00000000E+00  0.00000000E+00  0.10000000E+04  0.00000000E+00  0.12500000E+03  0.00000000E+00  0.69999999E+00  0.10000000E+04
  0.65000000E+01  0.00000000E+00  0.00000000E+00  0.00000000E+00  0.10000000E+04  0.00000000E+00  0.12500000E+03  0.00000000E+00  0.69999999E+00  0.10000000E+04
  0.70000000E+01  0.00000000E+00  0.00000000E+00  0.00000000E+00  0.10000000E+04  0.00000000E+00  0.12500000E+03  0.00000000E+00  0.69999999E+00  0.10000000E+04
  0.75000000E+01  0.00000000E+00  0.00000000E+00  0.00000000E+00  0.10000000E+04  0.00000000E+00  0.12500000E+03  0.00000000E+00  0.69999999E+00  0.10000000E+04
  0.25000000E+00 -0.25000000E+00  0.00000000E+00  0.00000000E+00  0.10065549E+04  0.13116522E+05  0.12500000E+03  0.30430276E-02  0.69999999E+00  0.99999652E+03
  0.75000000E+00 -0.25000000E+00  0.00000000E+00  0.00000000E+00  0.10282588E+04  0.60371828E+05  0.12500000E+03  0.79289656E-02  0.69999999E+00  0.99999066E+03
  0.12500000E+01 -0.25000000E+00  0.00000000E+00  0.00000000E+00  0.10094938E+04  0.19165887E+05  0.12500000E+03  0.63651297E-02  0.69999999E+00  0.99999268E+03
  0.17500000E+01 -0.25000000E+00  0.00000000E+00  0.00000000E+00  0.10158157E+04  0.32541953E+05  0.12500000E+03  0.97173583E-02  0.69999999E+00  0.99998871E+03
  0.22500000E+01 -0.25000000E+00  0.00000000E+00  0.00000000E+00  0.10015901E+04  0.31347629E+04  0.12500000E+03  0.93534105E-02  0.69999999E+00  0.99998932E+03
  0.27500000E+01 -0.25000000E+00  0.00000000E+00  0.00000000E+00  0.10067598E+04  0.13534663E+05  0.12500000E+03  0.34521457E-02  0.69999999E+00  0.99999603E+03
  0.32500000E+01 -0.25000000E+00  0.00000000E+00  0.00000000E+00  0.10019603E+04  0.38687568E+04  0.12500000E+03  0.25221305E-02  0.69999999E+00  0.99999713E+03
  0.37500000E+01 -0.25000000E+00  0.00000000E+00  0.00000000E+00  0.10000070E+04  0.13565822E+02  0.12500000E+03 -0.15635355E-03  0.69999999E+00  0.10000002E+04
  0.42500000E+01 -0.25000000E+00  0.00000000E+00  0.00000000E+00  0.10000000E+04  0.00000000E+00  0.12500000E+03 -0.41850446E-37  0.69999999E+00  0.10000000E+04
  0.47500000E+01 -0.25000000E+00  0.00000000E+00  0.00000000E+00  0.10000000E+04  0.00000000E+00  0.12500000E+03 -0.15089182E-40  0.69999999E+00  0.10000000E+04
  0.52500000E+01 -0.25000000E+00  0.00000000E+00  0.00000000E+00  0.10000000E+04  0.00000000E+00  0.12500000E+03  0.00000000E+00  0.69999999E+00  0.10000000E+04
  0.57500000E+01 -0.25000000E+00  0.00000000E+00  0.00000000E+00  0.10000000E+04  0.00000000E+00  0.12500000E+03  0.00000000E+00  0.69999999E+00  0.10000000E+04
  0.62500000E+01 -0.25000000E+00  0.00000000E+00  0.00000000E+00  0.10000000E+04  0.00000000E+00  0.12500000E+03  0.00000000E+00  0.69999999E+00  0.10000000E+04
  0.67500000E+01 -0.25000000E+00  0.00000000E+00  0.00000000E+00  0.10000000E+04  0.00000000E+00  0.12500000E+03  0.00000000E+00  0.69999999E+00  0.10000000E+04
  0.72500000E+01 -0.25000000E+00  0.00000000E+00  0.00000000E+00  0.10000000E+04  0.00000000E+00  0.12500000E+03  0.00000000E+00  0.69999999E+00  0.10000000E+04
  0.77500000E+01 -0.25000000E+00  0.00000000E+00  0.00000000E+00  0.10000000E+04  0.00000000E+00  0.12500000E+03  0.00000000E+00  0.69999999E+00  0.10000000E+04
  0.40000000E+01  0.50000000E+00  0.00000000E+00  0.00000000E+00  0.10005392E+04  0.10595909E+04  0.12500000E+03 -0.27125777E-03  0.69999999E+00  0.10000003E+04
  0.37500000E+01  0.25000000E+00  0.00000000E+00  0.00000000E+00  0.10040057E+04  0.79544414E+04  0.12500000E+03 -0.12153115E-02  0.69999999E+00  0.10000014E+04
  0.40000000E+01  0.10000000E+01  0.00000000E+00  0.00000000E+00  0.10021490E+04  0.42438271E+04  0.12500000E+03 -0.98438933E-04  0.69999999E+00  0.10000001E+04
  0.37500000E+01  0.75000000E+00  0.00000000E+00  0.00000000E+00  0.10359387E+04  0.78586211E+05  0.12500000E+03  0.80425362E-03  0.69999999E+00  0.99999902E+03
  0.40000000E+01  0.15000000E+01  0.00000000E+00  0.00000000E+00  0.10010579E+04  0.20821262E+04  0.12500000E+03  0.27605036E-03  0.69999999E+00  0.99999969E+03
  0.37500000E+01  0.12500000E+01  0.00000000E+00  0.00000000E+00  0.10214238E+04  0.44833641E+05  0.12500000E+03  0.61780791E-03  0.69999999E+00  0.99999927E+03
  0.40000000E+01  0.20000000E+01  0.00000000E+00  0.00000000E+00  0.10060795E+04  0.12147614E+05  0.12500000E+03  0.25275041E-03  0.69999999E+00  0.99999969E+03
  0.37500000E+01  0.17500000E+01  0.00000000E+00  0.00000000E+00  0.10552271E+04  0.12805469E+06  0.12500000E+03  0.13693988E-02  0.69999999E+00  0.99999835E+03
  0.45000000E+01  0.50000000E+00  0.00000000E+00  0.00000000E+00  0.10000000E+04  0.00000000E+00  0.12500000E+03  0.44973273E-40  0.69999999E+00  0.10000000E+04
  0.42500000E+01  0.25000000E+00  0.00000000E+00  0.00000000E+00  0.10000018E+04  0.35083482E+01  0.12500000E+03 -0.74084828E-05  0.69999999E+00  0.10000000E+04
  0.45000000E+01  0.10000000E+01  0.00000000E+00  0.00000000E+00  0.10000000E+04  0.00000000E+00  0.12500000E+03  0.00000000E+00  0.69999999E+00  0.10000000E+04
  0.42500000E+01  0.75000000E+00  0.00000000E+00  0.00000000E+00  0.10000944E+04  0.18529227E+03  0.12500000E+03 -0.10442676E-04  0.69999999E+00  0.10000000E+04
  0.45000000E+01  0.15000000E+01  0.00000000E+00  0.00000000E+00  0.10000000E+04  0.00000000E+00  0.12500000E+03 -0.00000000E+00  0.69999999E+00  0.10000000E+04
  0.42500000E+01  0.12500000E+01  0.00000000E+00  0.00000000E+00  0.10000066E+04  0.12864128E+02  0.12500000E+03  0.34267537E-05  0.69999999E+00  0.10000000E+04
  0.45000000E+01  0.20000000E+01  0.00000000E+00  0.00000000E+00  0.10000000E+04  0.00000000E+00  0.12500000E+03  0.00000000E+00  0.69999999E+00  0.10000000E+04
  0.42500000E+01  0.17500000E+01  0.00000000E+00  0.00000000E+00  0.10000031E+04  0.60811610E+01  0.12500000E+03  0.88979209E-06  0.69999999E+00  0.10000000E+04
  0.50000000E+01  0.50000000E+00  0.00000000E+00  0.00000000E+00  0.10000000E+04  0.00000000E+00  0.12500000E+03  0.00000000E+00  0.69999999E+00  0.10000000E+04
  0.47500000E+01  0.25000000E+00  0.00000000E+00  0.00000000E+00  0.10000000E+04  0.00000000E+00  0.12500000E+03  0.14887395E-40  0.69999999E+00  0.10000000E+04
  0.50000000E+01  0.10000000E+01  0.00000000E+00  0.00000000E+00  0.10000000E+04  0.00000000E+00  0.12500000E+03  0.00000000E+00  0.69999999E+00  0.10000000E+04
  0.47500000E+01  0.75000000E+00  0.00000000E+00  0.00000000E+00  0.10000000E+04  0.00000000E+00  0.12500000E+03  0.00000000E+00  0.69999999E+00  0.10000000E+04
  0.50000000E+01  0.15000000E+01  0.00000000E+00  0.00000000E+00  0.10000000E+04  0.00000000E+00  0.12500000E+03  0.00000000E+00  0.69999999E+00  0.10000000E+04
  0.47500000E+01  0.12500000E+01  0.00000000E+00  0.00000000E+00  0.10000000E+04  0.00000000E+00  0.12500000E+03  0.00000000E+00  0.69999999E+00  0.10000000E+04
  0.50000000E+01  0.20000000E+01  0.00000000E+00  0.00000000E+00  0.10000000E+04  0.00000000E+00  0.12500000E+03  0.00000000E+00  0.69999999E+00  0.10000000E+04
  0.47500000E+01  0.17500000E+01  0.00000000E+00  0.00000000E+00  0.10000000E+04  0.00000000E+00  0.12500000E+03 -0.00000000E+00  0.69999999E+00  0.10000000E+04
  0.27215769E+01  0.91493058E+00 -0.65663683E+00 -0.55787891E+00  0.99943646E+03 -0.11038408E+04  0.12576698E+03  0.12576674E+03  0.10000000E+01  0.00000000E+00
  0.14841396E+01  0.96637213E+00  0.19600473E-01  0.29959652E+00  0.99861975E+03 -0.26968916E+04  0.12561582E+03  0.12561256E+03  0.10000000E+01  0.00000000E+00
  0.16146872E+01  0.12159909E+01  0.91928375E+00 -0.82848644E+00  0.10000579E+04  0.11368964E+03  0.12546356E+03  0.12546333E+03  0.10000000E+01  0.00000000E+00
  0.22345481E+01  0.18709704E+01  0.45881328E+00  0.12897446E+01  0.99165350E+03 -0.15971443E+05  0.12531018E+03  0.12531027E+03  0.10000000E+01  0.00000000E+00
  0.26122079E+01  0.19574822E+01  0.65523148E+00  0.54334986E+00  0.99620984E+03 -0.73522339E+04  0.12515567E+03  0.12515567E+03  0.10000000E+01  0.00000000E+00
  0.28697300E+01  0.15859277E+01 -0.48922241E+00 -0.81887841E-01  0.99493976E+03 -0.97787686E+04  0.12500000E+03  0.12500000E+03  0.10000000E+01  0.00000000E+00
  0.26918387E+01  0.98665047E+00  0.32364750E+00  0.30476955E+00  0.99863458E+03 -0.26680115E+04  0.12576698E+03  0.12575494E+03  0.10000000E+01  0.00000000E+00
  0.10993403E+01  0.93809998E+00  0.30070508E+00  0.46798044E+00  0.10007297E+04  0.14347700E+04  0.12561582E+03  0.12560624E+03  0.10000000E+01  0.00000000E+00
  0.99997258E+00  0.11390266E+01 -0.14102006E+00  0.36785978E+00  0.99580066E+03 -0.81360054E+04  0.12546356E+03  0.12546037E+03  0.10000000E+01  0.00000000E+00
  0.24955728E+01  0.14835583E+01 -0.65664731E-01 -0.22760689E+00  0.99167419E+03 -0.15932852E+05  0.12531018E+03  0.12531038E+03  0.10000000E+01  0.00000000E+00
  0.10983075E+01  0.84829342E+00  0.76830506E+00  0.30795482E+00  0.99853156E+03 -0.28683794E+04  0.12515567E+03  0.12515567E+03  0.10000000E+01  0.00000000E+00
  0.68127692E+00  0.75937748E+00  0.11529802E+01  0.79442769E-01  0.10186582E+04  0.38721309E+05  0.12500000E+03  0.12500000E+03  0.10000000E+01  0.00000000E+00
  0.20027721E+01  0.10894092E+01 -0.31295085E+00  0.57406366E+00  0.10015664E+04  0.30877764E+04  0.12576698E+03  0.12575644E+03  0.10000000E+01  0.00000000E+00
  0.26306775E+01  0.96611619E+00  0.14493155E+01  0.56029286E-01  0.99639905E+03 -0.69892070E+04  0.12561582E+03  0.12561089E+03  0.10000000E+01  0.00000000E+00
  0.28834972E+01  0.99290514E+00  0.24304354E+00  0.13103137E+01  0.10040200E+04  0.79829512E+04  0.12546356E+03  0.12546005E+03  0.10000000E+01  0.00000000E+00
  0.22507560E+01  0.14335357E+01  0.99849010E+00  0.78832936E+00  0.99443579E+03 -0.10736433E+05  0.12531018E+03  0.12531018E+03  0.10000000E+01  0.00000000E+00
  0.28588014E+01  0.75008905E+00 -0.32933855E+00 -0.23511150E+00  0.10089473E+04  0.18033041E+05  0.12515567E+03  0.12515553E+03  0.10000000E+01  0.00000000E+00
  0.18359334E+01  0.14388790E+01  0.11362379E+01  0.47694758E-01  0.99915350E+03 -0.16566313E+04  0.12500000E+03  0.12499989E+03  0.10000000E+01  0.00000000E+00
  0.83356106E+00  0.99842095E+00 -0.13233650E+00  0.99497372E+00  0.10009056E+04  0.17816868E+04  0.12576698E+03  0.12576566E+03  0.10000000E+01  0.00000000E+00
  0.25197220E+01  0.10092686E+01  0.74775434E+00  0.22632906E+00  0.99746429E+03 -0.49373589E+04  0.12561582E+03  0.12561221E+03  0.10000000E+01  0.00000000E+00
  0.26303320E+01  0.17547483E+01 -0.15495563E+01  0.16819720E+01  0.98969690E+03 -0.19600443E+05  0.12546356E+03  0.12546202E+03  0.10000000E+01  0.00000000E+00
  0.20200298E+01  0.10048456E+01  0.36498123E+00  0.25924474E+00  0.10021108E+04  0.41675474E+04  0.12531018E+03  0.12530890E+03  0.10000000E+01  0.00000000E+00
  0.96383941E+00  0.14611337E+01 -0.15767898E-01  0.24755806E+00  0.99891748E+03 -0.21170574E+04  0.12515567E+03  0.12515567E+03  0.10000000E+01  0.00000000E+00
  0.16533625E+01  0.85502768E+00  0.10349071E+01  0.67809343E+00  0.10060758E+04  0.12140338E+05  0.12500000E+03  0.12500012E+03  0.10000000E+01  0.00000000E+00
  0.11971002E+01  0.13636470E+01 -0.11153892E+01 -0.27469513E+00  0.99468787E+03 -0.10257795E+05  0.12561582E+03  0.12561399E+03  0.10000000E+01  0.00000000E+00
  0.24967041E+01  0.21710539E+01 -0.87177718E+00  0.65368116E+00  0.99552600E+03 -0.86610146E+04  0.12531018E+03  0.12531004E+03  0.10000000E+01  0.00000000E+00
  0.30129120E+01  0.20587993E+01  0.35874963E+00 -0.35421205E+00  0.10018961E+04  0.37414619E+04  0.12500000E+03  0.12500000E+03  0.10000000E+01  0.00000000E+00
