  0.00000000E+00  0.00000000E+00  0.00000000E+00  0.00000000E+00  0.10008427E+04  0.16575444E+04  0.12500000E+03  0.21563459E-02  0.69999999E+00  0.99999756E+03
  0.00000000E+00  0.50000000E+00  0.00000000E+00  0.00000000E+00  0.10181742E+04  0.37661844E+05  0.12500000E+03  0.22146283E-02  0.69999999E+00  0.99999744E+03
  0.00000000E+00  0.10000000E+01  0.00000000E+00  0.00000000E+00  0.10199261E+04  0.41511422E+05  0.12500000E+03  0.29668508E-02  0.69999999E+00  0.99999652E+03
  0.00000000E+00  0.15000000E+01  0.00000000E+00  0.00000000E+00  0.10103909E+04  0.21033537E+05  0.12500000E+03  0.10523067E-02  0.69999999E+00  0.99999878E+03
  0.00000000E+00  0.20000000E+01  0.00000000E+00  0.00000000E+00  0.10177512E+04  0.36738457E+05  0.12500000E+03 -0.10920912E-02  0.69999999E+00  0.10000013E+04
  0.00000000E+00  0.25000000E+01  0.00000000E+00  0.00000000E+00  0.10030736E+04  0.60862402E+04  0.12500000E+03  0.33517432E-03  0.69999999E+00  0.99999963E+03
  0.00000000E+00  0.30000000E+01  0.00000000E+00  0.00000000E+00  0.10000000E+04  0.00000000E+00  0.12500000E+03  0.60528782E-05  0.69999999E+00  0.10000000E+04
  0.00000000E+00  0.35000000E+01  0.00000000E+00  0.00000000E+00  0.10000000E+04  0.00000000E+00  0.12500000E+03  0.00000000E+00  0.69999999E+00  0.10000000E+04
  0.00000000E+00  0.40000000E+01  0.00000000E+00  0.00000000E+00  0.10000000E+04  0.00000000E+00  0.12500000E+03  0.00000000E+00  0.69999999E+00  0.10000000E+04
 -0.25000000E+00 -0.25000000E+00  0.00000000E+00  0.00000000E+00  0.10006414E+04  0.12607445E+04  0.12500000E+03  0.52005530E-03  0.69999999E+00  0.99999939E+03
 -0.25000000E+00  0.25000000E+00  0.00000000E+00  0.00000000E+00  0.10010527E+04  0.20720051E+04  0.12500000E+03  0.91108301E-03  0.69999999E+00  0.99999896E+03
 -0.25000000E+00  0.75000000E+00  0.00000000E+00  0.00000000E+00  0.10099476E+04  0.20109512E+05  0.12500000E+03  0.22469638E-03  0.69999999E+00  0.99999976E+03
 -0.25000000E+00  0.12500000E+01  0.00000000E+00  0.00000000E+00  0.10034874E+04  0.69144175E+04  0.12500000E+03  0.94997342E-03  0.69999999E+00  0.99999890E+03
 -0.25000000E+00  0.17500000E+01  0.00000000E+00  0.00000000E+00  0.10011799E+04  0.23232405E+04  0.12500000E+03 -0.25099039E-03  0.69999999E+00  0.10000003E+04
 -0.25000000E+00  0.22500000E+01  0.00000000E+00  0.00000000E+00  0.10012462E+04  0.24542319E+04  0.12500000E+03 -0.15003496E-03  0.69999999E+00  0.10000002E+04
 -0.25000000E+00  0.27500000E+01  0.00000000E+00  0.00000000E+00  0.10000000E+04  0.00000000E+00  0.12500000E+03  0.39236357E-43  0.69999999E+00  0.10000000E+04
 -0.25000000E+00  0.32500000E+01  0.00000000E+00  0.00000000E+00  0.10000000E+04  0.00000000E+00  0.12500000E+03  0.00000000E+00  0.69999999E+00  0.10000000E+04
 -0.25000000E+00  0.37500000E+01  0.00000000E+00  0.00000000E+00  0.10000000E+04  0.00000000E+00  0.12500000E+03  0.00000000E+00  0.69999999E+00  0.10000000E+04
  0.80000000E+01  0.00000000E+00  0.00000000E+00  0.00000000E+00  0.10000000E+04  0.00000000E+00  0.12500000E+03  0.00000000E+00  0.69999999E+00  0.10000000E+04
  0.80000000E+01  0.50000000E+00  0.00000000E+00  0.00000000E+00  0.10000000E+04  0.00000000E+00  0.12500000E+03  0.00000000E+00  0.69999999E+00  0.10000000E+04
  0.80000000E+01  0.10000000E+01  0.00000000E+00  0.00000000E+00  0.10000000E+04  0.00000000E+00  0.12500000E+03  0.00000000E+00  0.69999999E+00  0.10000000E+04
  0.80000000E+01  0.15000000E+01  0.00000000E+00  0.00000000E+00  0.10000000E+04  0.00000000E+00  0.12500000E+03  0.00000000E+00  0.69999999E+00  0.10000000E+04
  0.80000000E+01  0.20000000E+01  0.00000000E+00  0.00000000E+00  0.10000000E+04  0.00000000E+00  0.12500000E+03  0.00000000E+00  0.69999999E+00  0.10000000E+04
  0.80000000E+01  0.25000000E+01  0.00000000E+00  0.00000000E+00  0.10000000E+04  0.00000000E+00  0.12500000E+03  0.00000000E+00  0.69999999E+00  0.10000000E+04
  0.80000000E+01  0.30000000E+01  0.00000000E+00  0.00000000E+00  0.10000000E+04  0.00000000E+00  0.12500000E+03  0.00000000E+00  0.69999999E+00  0.10000000E+04
  0.80000000E+01  0.35000000E+01  0.00000000E+00  0.00000000E+00  0.10000000E+04  0.00000000E+00  0.12500000E+03  0.00000000E+00  0.69999999E+00  0.10000000E+04
  0.80000000E+01  0.40000000E+01  0.00000000E+00  0.00000000E+00  0.10000000E+04  0.00000000E+00  0.12500000E+03  0.00000000E+00  0.69999999E+00  0.10000000E+04
  0.82500000E+01 -0.25000000E+00  0.00000000E+00  0.00000000E+00  0.10000000E+04  0.00000000E+00  0.12500000E+03  0.00000000E+00  0.69999999E+00  0.10000000E+04
  0.82500000E+01  0.25000000E+00  0.00000000E+00  0.00000000E+00  0.10000000E+04  0.00000000E+00  0.12500000E+03  0.00000000E+00  0.69999999E+00  0.10000000E+04
  0.82500000E+01  0.75000000E+00  0.00000000E+00  0.00000000E+00  0.10000000E+04  0.00000000E+00  0.12500000E+03  0.00000000E+00  0.69999999E+00  0.10000000E+04
  0.82500000E+01  0.12500000E+01  0.00000000E+00  0.00000000E+00  0.10000000E+04  0.00000000E+00  0.12500000E+03  0.00000000E+00  0.69999999E+00  0.10000000E+04
  0.82500000E+01  0.17500000E+01  0.00000000E+00  0.00000000E+00  0.10000000E+04  0.00000000E+00  0.12500000E+03  0.00000000E+00  0.69999999E+00  0.10000000E+04
  0.82500000E+01  0.22500000E+01  0.00000000E+00  0.00000000E+00  0.10000000E+04  0.00000000E+00  0.12500000E+03  0.00000000E+00  0.69999999E+00  0.10000000E+04
  0.82500000E+01  0.27500000E+01  0.00000000E+00  0.00000000E+00  0.10000000E+04  0.00000000E+00  0.12500000E+03  0.00000000E+00  0.69999999E+00  0.10000000E+04
  0.82500000E+01  0.32500000E+01  0.00000000E+00  0.00000000E+00  0.10000000E+04  0.00000000E+00  0.12500000E+03  0.00000000E+00  0.69999999E+00  0.10000000E+04
  0.82500000E+01  0.37500000E+01  0.00000000E+00  0.00000000E+00  0.10000000E+04  0.00000000E+00  0.12500000E+03  0.00000000E+00  0.69999999E+00  0.10000000E+04
  0.50000000E+00  0.00000000E+00  0.00000000E+00  0.00000000E+00  0.10301849E+04  0.64863965E+05  0.12500000E+03  0.10594044E-01  0.69999999E+00  0.99998755E+03
  0.10000000E+01  0.00000000E+00  0.00000000E+00  0.00000000E+00  0.10503420E+04  0.11500474E+06  0.12500000E+03  0.54787225E-02  0.69999999E+00  0.99999341E+03
  0.15000000E+01  0.00000000E+00  0.00000000E+00  0.00000000E+00  0.10419175E+04  0.93337734E+05  0.12500000E+03  0.18987630E-01  0.69999999E+00  0.99997742E+03
  0.20000000E+01  0.00000000E+00  0.00000000E+00  0.00000000E+00  0.11544067E+04  0.48551025E+06  0.12500000E+03  0.21571701E-01  0.69999999E+00  0.99997156E+03
  0.25000000E+01  0.00000000E+00  0.00000000E+00  0.00000000E+00  0.10340175E+04  0.73953000E+05  0.12500000E+03  0.47731600E-02  0.69999999E+00  0.99999438E+03
  0.30000000E+01  0.00000000E+00  0.00000000E+00  0.00000000E+00  0.10463621E+04  0.10463812E+06  0.12500000E+03  0.65065492E-02  0.69999999E+00  0.99999225E+03
  0.35000000E+01  0.00000000E+00  0.00000000E+00  0.00000000E+00  0.10085828E+04  0.17279115E+05  0.12500000E+03  0.24976807E-02  0.69999999E+00  0.99999713E+03
  0.40000000E+01  0.00000000E+00  0.00000000E+00  0.00000000E+00  0.10000137E+04  0.26898298E+02  0.12500000E+03 -0.68247195E-04  0.69999999E+00  0.10000001E+04
  0.45000000E+01  0.00000000E+00  0.00000000E+00  0.00000000E+00  0.10000000E+04  0.00000000E+00  0.12500000E+03  0.78724948E-41  0.69999999E+00  0.10000000E+04
  0.50000000E+01  0.00000000E+00  0.00000000E+00  0.00000000E+00  0.10000000E+04  0.00000000E+00  0.12500000E+03  0.00000000E+00  0.69999999E+00  0.10000000E+04
  0.55000000E+01  0.00000000E+00  0.00000000E+00  0.00000000E+00  0.10000000E+04  0.00000000E+00  0.12500000E+03  0.00000000E+00  0.69999999E+00  0.10000000E+04
  0.60000000E+01  0.00000000E+00  0.00000000E+00  0.00000000E+00  0.10000000E+04  0.00000000E+00  0.12500000E+03  0.00000000E+00  0.69999999E+00  0.10000000E+04
  0.65000000E+01  0.00000000E+00  0.00000000E+00  0.00000000E+00  0.10000000E+04  0.00000000E+00  0.12500000E+03  0.00000000E+00  0.69999999E+00  0.10000000E+04
  0.70000000E+01  0.00000000E+00  0.00000000E+00  0.00000000E+00  0.10000000E+04  0.00000000E+00  0.12500000E+03  0.00000000E+00  0.69999999E+00  0.10000000E+04
  0.75000000E+01  0.00000000E+00  0.00000000E+00  0.00000000E+00  0.10000000E+04  0.00000000E+00  0.12500000E+03  0.00000000E+00  0.69999999E+00  0.10000000E+04
  0.25000000E+00 -0.25000000E+00  0.00000000E+00  0.00000000E+00  0.10053347E+04  0.10635760E+05  0.12500000E+03  0.30025882E-02  0.69999999E+00  0.99999652E+03
  0.75000000E+00 -0.25000000E+00  0.00000000E+00  0.00000000E+00  0.10238004E+04  0.50165953E+05  0.12500000E+03  0.77686640E-02  0.69999999E+00  0.99999091E+03
  0.12500000E+01 -0.25000000E+00  0.00000000E+00  0.00000000E+00  0.10104985E+04  0.21258324E+05  0.12500000E+03  0.62450236E-02  0.69999999E+00  0.99999280E+03
  0.17500000E+01 -0.25000000E+00  0.00000000E+00  0.00000000E+00  0.10169692E+04  0.35037230E+05  0.12500000E+03  0.95603559E-02  0.69999999E+00  0.99998889E+03
  0.22500000E+01 -0.25000000E+00  0.00000000E+00  0.00000000E+00  0.10014529E+04  0.28630901E+04  0.12500000E+03  0.91035031E-02  0.69999999E+00  0.99998956E+03
  0.27500000E+01 -0.25000000E+00  0.00000000E+00  0.00000000E+00  0.10036311E+04  0.72023257E+04  0.12500000E+03  0.32060517E-02  0.69999999E+00  0.99999634E+03
  0.32500000E+01 -0.25000000E+00  0.00000000E+00  0.00000000E+00  0.10011400E+04  0.22443408E+04  0.12500000E+03  0.24093026E-02  0.69999999E+00  0.99999725E+03
  0.37500000E+01 -0.25000000E+00  0.00000000E+00  0.00000000E+00  0.10000070E+04  0.13565822E+02  0.12500000E+03 -0.15635355E-03  0.69999999E+00  0.10000002E+04
  0.42500000E+01 -0.25000000E+00  0.00000000E+00  0.00000000E+00  0.10000000E+04  0.00000000E+00  0.12500000E+03 -0.26086875E-37  0.69999999E+00  0.10000000E+04
  0.47500000E+01 -0.25000000E+00  0.00000000E+00  0.00000000E+00  0.10000000E+04  0.00000000E+00  0.12500000E+03 -0.92345569E-41  0.69999999E+00  0.10000000E+04
  0.52500000E+01 -0.25000000E+00  0.00000000E+00  0.00000000E+00  0.10000000E+04  0.00000000E+00  0.12500000E+03  0.00000000E+00  0.69999999E+00  0.10000000E+04
  0.57500000E+01 -0.25000000E+00  0.00000000E+00  0.00000000E+00  0.10000000E+04  0.00000000E+00  0.12500000E+03  0.00000000E+00  0.69999999E+00  0.10000000E+04
  0.62500000E+01 -0.25000000E+00  0.00000000E+00  0.00000000E+00  0.10000000E+04  0.00000000E+00  0.12500000E+03  0.00000000E+00  0.69999999E+00  0.10000000E+04
  0.67500000E+01 -0.25000000E+00  0.00000000E+00  0.00000000E+00  0.10000000E+04  0.00000000E+00  0.12500000E+03  0.00000000E+00  0.69999999E+00  0.10000000E+04
  0.72500000E+01 -0.25000000E+00  0.00000000E+00  0.00000000E+00  0.10000000E+04  0.00000000E+00  0.12500000E+03  0.00000000E+00  0.69999999E+00  0.10000000E+04
  0.77500000E+01 -0.25000000E+00  0.00000000E+00  0.00000000E+00  0.10000000E+04  0.00000000E+00  0.12500000E+03  0.00000000E+00  0.69999999E+00  0.10000000E+04
  0.40000000E+01  0.50000000E+00  0.00000000E+00  0.00000000E+00  0.10013981E+04  0.27545776E+04  0.12500000E+03 -0.24949171E-03  0.69999999E+00  0.10000003E+04
  0.37500000E+01  0.25000000E+00  0.00000000E+00  0.00000000E+00  0.10079512E+04  0.15977225E+05  0.12500000E+03 -0.11232535E-02  0.69999999E+00  0.10000013E+04
  0.40000000E+01  0.10000000E+01  0.00000000E+00  0.00000000E+00  0.10030261E+04  0.59914365E+04  0.12500000E+03 -0.94759394E-04  0.69999999E+00  0.10000001E+04
  0.37500000E+01  0.75000000E+00  0.00000000E+00  0.00000000E+00  0.10534128E+04  0.12316555E+06  0.12500000E+03  0.80713024E-03  0.69999999E+00  0.99999902E+03
  0.40000000E+01  0.15000000E+01  0.00000000E+00  0.00000000E+00  0.10012244E+04  0.24111121E+04  0.12500000E+03  0.28267252E-03  0.69999999E+00  0.99999969E+03
  0.37500000E+01  0.12500000E+01  0.00000000E+00  0.00000000E+00  0.10341117E+04  0.74179188E+05  0.12500000E+03  0.60317240E-03  0.69999999E+00  0.99999927E+03
  0.40000000E+01  0.20000000E+01  0.00000000E+00  0.00000000E+00  0.10002875E+04  0.56462622E+03  0.12500000E+03  0.24231053E-03  0.69999999E+00  0.99999969E+03
  0.37500000E+01  0.17500000E+01  0.00000000E+00  0.00000000E+00  0.10340056E+04  0.73924695E+05  0.12500000E+03  0.13388651E-02  0.69999999E+00  0.99999841E+03
  0.45000000E+01  0.50000000E+00  0.00000000E+00  0.00000000E+00  0.10000000E+04  0.00000000E+00  0.12500000E+03  0.27751315E-40  0.69999999E+00  0.10000000E+04
  0.42500000E+01  0.25000000E+00  0.00000000E+00  0.00000000E+00  0.10000018E+04  0.35083482E+01  0.12500000E+03 -0.74084828E-05  0.69999999E+00  0.10000000E+04
  0.45000000E+01  0.10000000E+01  0.00000000E+00  0.00000000E+00  0.10000000E+04  0.00000000E+00  0.12500000E+03  0.00000000E+00  0.69999999E+00  0.10000000E+04
  0.42500000E+01  0.75000000E+00  0.00000000E+00  0.00000000E+00  0.10000944E+04  0.18529227E+03  0.12500000E+03 -0.10442676E-04  0.69999999E+00  0.10000000E+04
  0.45000000E+01  0.15000000E+01  0.00000000E+00  0.00000000E+00  0.10000000E+04  0.00000000E+00  0.12500000E+03 -0.00000000E+00  0.69999999E+00  0.10000000E+04
  0.42500000E+01  0.12500000E+01  0.00000000E+00  0.00000000E+00  0.10000066E+04  0.12864128E+02  0.12500000E+03  0.34267537E-05  0.69999999E+00  0.10000000E+04
  0.45000000E+01  0.20000000E+01  0.00000000E+00  0.00000000E+00  0.10000000E+04  0.00000000E+00  0.12500000E+03  0.00000000E+00  0.69999999E+00  0.10000000E+04
  0.42500000E+01  0.17500000E+01  0.00000000E+00  0.00000000E+00  0.10000031E+04  0.60811610E+01  0.12500000E+03  0.28991612E-05  0.69999999E+00  0.10000000E+04
  0.50000000E+01  0.50000000E+00  0.00000000E+00  0.00000000E+00  0.10000000E+04  0.00000000E+00  0.12500000E+03  0.00000000E+00  0.69999999E+00  0.10000000E+04
  0.47500000E+01  0.25000000E+00  0.00000000E+00  0.00000000E+00  0.10000000E+04  0.00000000E+00  0.12500000E+03  0.91140452E-41  0.69999999E+00  0.10000000E+04
  0.50000000E+01  0.10000000E+01  0.00000000E+00  0.00000000E+00  0.10000000E+04  0.00000000E+00  0.12500000E+03  0.00000000E+00  0.69999999E+00  0.10000000E+04
  0.47500000E+01  0.75000000E+00  0.00000000E+00  0.00000000E+00  0.10000000E+04  0.00000000E+00  0.12500000E+03  0.00000000E+00  0.69999999E+00  0.10000000E+04
  0.50000000E+01  0.15000000E+01  0.00000000E+00  0.00000000E+00  0.10000000E+04  0.00000000E+00  0.12500000E+03  0.00000000E+00  0.69999999E+00  0.10000000E+04
  0.47500000E+01  0.12500000E+01  0.00000000E+00  0.00000000E+00  0.10000000E+04  0.00000000E+00  0.12500000E+03  0.00000000E+00  0.69999999E+00  0.10000000E+04
  0.50000000E+01  0.20000000E+01  0.00000000E+00  0.00000000E+00  0.10000000E+04  0.00000000E+00  0.12500000E+03  0.00000000E+00  0.69999999E+00  0.10000000E+04
  0.47500000E+01  0.17500000E+01  0.00000000E+00  0.00000000E+00  0.10000000E+04  0.00000000E+00  0.12500000E+03 -0.00000000E+00  0.69999999E+00  0.10000000E+04
  0.27561963E+01  0.93869925E+00 -0.71765870E+00 -0.69567263E+00  0.10073093E+04  0.14659206E+05  0.12576698E+03  0.12576674E+03  0.10000000E+01  0.00000000E+00
  0.14697989E+01  0.97905838E+00  0.23323157E+00 -0.43311101E+00  0.10069952E+04  0.14015985E+05  0.12561582E+03  0.12561256E+03  0.10000000E+01  0.00000000E+00
  0.15031769E+01  0.13548588E+01  0.11180754E+01 -0.15351541E+01  0.99742969E+03 -0.50042695E+04  0.12546356E+03  0.12546333E+03  0.10000000E+01  0.00000000E+00
  0.21134739E+01  0.16454819E+01  0.13165514E+01  0.13578467E+01  0.10031231E+04  0.61853608E+04  0.12531018E+03  0.12531027E+03  0.10000000E+01  0.00000000E+00
  0.25232196E+01  0.17390553E+01  0.74208260E+00  0.15925354E+01  0.99767029E+03 -0.45390630E+04  0.12515567E+03  0.12515567E+03  0.10000000E+01  0.00000000E+00
  0.29077110E+01  0.14935272E+01  0.13817012E+00  0.59660637E+00  0.10074645E+04  0.14977479E+05  0.12500000E+03  0.12500000E+03  0.10000000E+01  0.00000000E+00
  0.26517272E+01  0.91751671E+00  0.76653376E-01  0.35447508E+00  0.10008782E+04  0.17276039E+04  0.12576698E+03  0.12575494E+03  0.10000000E+01  0.00000000E+00
  0.11547030E+01  0.94929242E+00 -0.89405274E+00 -0.31571397E+00  0.10023628E+04  0.46688979E+04  0.12561582E+03  0.12560624E+03  0.10000000E+01  0.00000000E+00
  0.10637763E+01  0.12125757E+01 -0.65093964E+00 -0.11675737E+01  0.10066072E+04  0.13223321E+05  0.12546356E+03  0.12546037E+03  0.10000000E+01  0.00000000E+00
  0.24963024E+01  0.13881732E+01 -0.20217615E+00  0.54216230E+00  0.10093628E+04  0.18893955E+05  0.12531018E+03  0.12531038E+03  0.10000000E+01  0.00000000E+00
  0.11198453E+01  0.87333202E+00 -0.50857639E+00 -0.45973915E+00  0.10071810E+04  0.14396402E+05  0.12515567E+03  0.12515567E+03  0.10000000E+01  0.00000000E+00
  0.70360816E+00  0.89471936E+00 -0.62331331E+00 -0.11035646E+01  0.10176791E+04  0.36581230E+05  0.12500000E+03  0.12500000E+03  0.10000000E+01  0.00000000E+00
  0.20280988E+01  0.99159765E+00 -0.45722055E+00  0.58523941E+00  0.10116580E+04  0.23688584E+05  0.12576698E+03  0.12575644E+03  0.10000000E+01  0.00000000E+00
  0.25002639E+01  0.91595435E+00  0.11233474E+01  0.26264462E+00  0.10108175E+04  0.21925316E+05  0.12561582E+03  0.12561089E+03  0.10000000E+01  0.00000000E+00
  0.28443618E+01  0.84006321E+00  0.22742102E+00  0.13176620E+01  0.10082405E+04  0.16573256E+05  0.12546356E+03  0.12546005E+03  0.10000000E+01  0.00000000E+00
  0.21593850E+01  0.12948259E+01  0.27073839E+00  0.10318540E+01  0.99720837E+03 -0.54315454E+04  0.12531018E+03  0.12531018E+03  0.10000000E+01  0.00000000E+00
  0.29249678E+01  0.79295492E+00 -0.10079241E+01 -0.80942404E+00  0.10153711E+04  0.31584934E+05  0.12515567E+03  0.12515553E+03  0.10000000E+01  0.00000000E+00
  0.16701667E+01  0.15006950E+01  0.13498652E+01 -0.11149695E+01  0.10047045E+04  0.93614766E+04  0.12500000E+03  0.12499989E+03  0.10000000E+01  0.00000000E+00
  0.90237987E+00  0.10128220E+01 -0.54402709E+00 -0.44271314E+00  0.10086478E+04  0.17413564E+05  0.12576698E+03  0.12576566E+03  0.10000000E+01  0.00000000E+00
  0.24437933E+01  0.93197310E+00  0.59648377E+00  0.60108984E+00  0.10115060E+04  0.23369295E+05  0.12561582E+03  0.12561221E+03  0.10000000E+01  0.00000000E+00
  0.27718720E+01  0.14617753E+01 -0.13601339E+01  0.24024169E+01  0.10123122E+04  0.25067279E+05  0.12546356E+03  0.12546202E+03  0.10000000E+01  0.00000000E+00
  0.19843774E+01  0.95413899E+00  0.19174701E+00 -0.36567628E-01  0.10090027E+04  0.18147543E+05  0.12531018E+03  0.12530890E+03  0.10000000E+01  0.00000000E+00
  0.10020702E+01  0.15257909E+01 -0.34196323E+00 -0.67925334E+00  0.10031335E+04  0.62060942E+04  0.12515567E+03  0.12515567E+03  0.10000000E+01  0.00000000E+00
  0.15391240E+01  0.80447447E+00  0.10101564E+01 -0.50824348E-01  0.10212164E+04  0.44371762E+05  0.12500000E+03  0.12500012E+03  0.10000000E+01  0.00000000E+00
  0.13315499E+01  0.14872637E+01 -0.11478070E+01 -0.11897427E+01  0.10053310E+04  0.10628273E+05  0.12561582E+03  0.12561399E+03  0.10000000E+01  0.00000000E+00
  0.25928798E+01  0.19989414E+01 -0.88396895E+00  0.13932507E+01  0.99908966E+03 -0.17812201E+04  0.12531018E+03  0.12531004E+03  0.10000000E+01  0.00000000E+00
  0.28049185E+01  0.20674024E+01  0.22014074E+01  0.41613650E+00  0.99836133E+03 -0.31992712E+04  0.12500000E+03  0.12500000E+03  0.10000000E+01  0.00000000E+00
