  0.00000000E+00  0.00000000E+00  0.00000000E+00  0.00000000E+00  0.10026641E+04  0.52689043E+04  0.12500000E+03  0.22176972E-02  0.69999999E+00  0.99999744E+03
  0.00000000E+00  0.50000000E+00  0.00000000E+00  0.00000000E+00  0.10266487E+04  0.56655254E+05  0.12500000E+03  0.23624408E-02  0.69999999E+00  0.99999725E+03
  0.00000000E+00  0.10000000E+01  0.00000000E+00  0.00000000E+00  0.10168055E+04  0.34682160E+05  0.12500000E+03  0.30534666E-02  0.69999999E+00  0.99999646E+03
  0.00000000E+00  0.15000000E+01  0.00000000E+00  0.00000000E+00  0.10107544E+04  0.21793113E+05  0.12500000E+03  0.11170092E-02  0.69999999E+00  0.99999872E+03
  0.00000000E+00  0.20000000E+01  0.00000000E+00  0.00000000E+00  0.10178895E+04  0.37040102E+05  0.12500000E+03 -0.11230800E-02  0.69999999E+00  0.10000013E+04
  0.00000000E+00  0.25000000E+01  0.00000000E+00  0.00000000E+00  0.10030736E+04  0.60862402E+04  0.12500000E+03  0.33517432E-03  0.69999999E+00  0.99999963E+03
  0.00000000E+00  0.30000000E+01  0.00000000E+00  0.00000000E+00  0.10000000E+04  0.00000000E+00  0.12500000E+03  0.60528782E-05  0.69999999E+00  0.10000000E+04
  0.00000000E+00  0.35000000E+01  0.00000000E+00  0.00000000E+00  0.10000000E+04  0.00000000E+00  0.12500000E+03  0.00000000E+00  0.69999999E+00  0.10000000E+04
  0.00000000E+00  0.40000000E+01  0.00000000E+00  0.00000000E+00  0.10000000E+04  0.00000000E+00  0.12500000E+03  0.00000000E+00  0.69999999E+00  0.10000000E+04
 -0.25000000E+00 -0.25000000E+00  0.00000000E+00  0.00000000E+00  0.10006414E+04  0.12607445E+04  0.12500000E+03  0.52005530E-03  0.69999999E+00  0.99999939E+03
 -0.25000000E+00  0.25000000E+00  0.00000000E+00  0.00000000E+00  0.10015809E+04  0.31165813E+04  0.12500000E+03  0.94256824E-03  0.69999999E+00  0.99999890E+03
 -0.25000000E+00  0.75000000E+00  0.00000000E+00  0.00000000E+00  0.10085659E+04  0.17244404E+05  0.12500000E+03  0.24420692E-03  0.69999999E+00  0.99999969E+03
 -0.25000000E+00  0.12500000E+01  0.00000000E+00  0.00000000E+00  0.10011279E+04  0.22205571E+04  0.12500000E+03  0.98033086E-03  0.69999999E+00  0.99999890E+03
 -0.25000000E+00  0.17500000E+01  0.00000000E+00  0.00000000E+00  0.10011855E+04  0.23343115E+04  0.12500000E+03 -0.25059085E-03  0.69999999E+00  0.10000003E+04
 -0.25000000E+00  0.22500000E+01  0.00000000E+00  0.00000000E+00  0.10012462E+04  0.24542319E+04  0.12500000E+03 -0.15003496E-03  0.69999999E+00  0.10000002E+04
 -0.25000000E+00  0.27500000E+01  0.00000000E+00  0.00000000E+00  0.10000000E+04  0.00000000E+00  0.12500000E+03  0.28866748E-42  0.69999999E+00  0.10000000E+04
 -0.25000000E+00  0.32500000E+01  0.00000000E+00  0.00000000E+00  0.10000000E+04  0.00000000E+00  0.12500000E+03  0.00000000E+00  0.69999999E+00  0.10000000E+04
 -0.25000000E+00  0.37500000E+01  0.00000000E+00  0.00000000E+00  0.10000000E+04  0.00000000E+00  0.12500000E+03  0.00000000E+00  0.69999999E+00  0.10000000E+04
  0.80000000E+01  0.00000000E+00  0.00000000E+00  0.00000000E+00  0.10000000E+04  0.00000000E+00  0.12500000E+03  0.00000000E+00  0.69999999E+00  0.10000000E+04
  0.80000000E+01  0.50000000E+00  0.00000000E+00  0.00000000E+00  0.10000000E+04  0.00000000E+00  0.12500000E+03  0.00000000E+00  0.69999999E+00  0.10000000E+04
  0.80000000E+01  0.10000000E+01  0.00000000E+00  0.00000000E+00  0.10000000E+04  0.00000000E+00  0.12500000E+03  0.00000000E+00  0.69999999E+00  0.10000000E+04
  0.80000000E+01  0.15000000E+01  0.00000000E+00  0.00000000E+00  0.10000000E+04  0.00000000E+00  0.12500000E+03  0.00000000E+00  0.69999999E+00  0.10000000E+04
  0.80000000E+01  0.20000000E+01  0.00000000E+00  0.00000000E+00  0.10000000E+04  0.00000000E+00  0.12500000E+03  0.00000000E+00  0.69999999E+00  0.10000000E+04
  0.80000000E+01  0.25000000E+01  0.00000000E+00  0.00000000E+00  0.10000000E+04  0.00000000E+00  0.12500000E+03  0.00000000E+00  0.69999999E+00  0.10000000E+04
  0.80000000E+01  0.30000000E+01  0.00000000E+00  0.00000000E+00  0.10000000E+04  0.00000000E+00  0.12500000E+03  0.00000000E+00  0.69999999E+00  0.10000000E+04
  0.80000000E+01  0.35000000E+01  0.00000000E+00  0.00000000E+00  0.10000000E+04  0.00000000E+00  0.12500000E+03  0.00000000E+00  0.69999999E+00  0.10000000E+04
  0.80000000E+01  0.40000000E+01  0.00000000E+00  0.00000000E+00  0.10000000E+04  0.00000000E+00  0.12500000E+03  0.00000000E+00  0.69999999E+00  0.10000000E+04
  0.82500000E+01 -0.25000000E+00  0.00000000E+00  0.00000000E+00  0.10000000E+04  0.00000000E+00  0.12500000E+03  0.00000000E+00  0.69999999E+00  0.10000000E+04
  0.82500000E+01  0.25000000E+00  0.00000000E+00  0.00000000E+00  0.10000000E+04  0.00000000E+00  0.12500000E+03  0.00000000E+00  0.69999999E+00  0.10000000E+04
  0.82500000E+01  0.75000000E+00  0.00000000E+00  0.00000000E+00  0.10000000E+04  0.00000000E+00  0.12500000E+03  0.00000000E+00  0.69999999E+00  0.10000000E+04
  0.82500000E+01  0.12500000E+01  0.00000000E+00  0.00000000E+00  0.10000000E+04  0.00000000E+00  0.12500000E+03  0.00000000E+00  0.69999999E+00  0.10000000E+04
  0.82500000E+01  0.17500000E+01  0.00000000E+00  0.00000000E+00  0.10000000E+04  0.00000000E+00  0.12500000E+03  0.00000000E+00  0.69999999E+00  0.10000000E+04
  0.82500000E+01  0.22500000E+01  0.00000000E+00  0.00000000E+00  0.10000000E+04  0.00000000E+00  0.12500000E+03  0.00000000E+00  0.69999999E+00  0.10000000E+04
  0.82500000E+01  0.27500000E+01  0.00000000E+00  0.00000000E+00  0.10000000E+04  0.00000000E+00  0.12500000E+03  0.00000000E+00  0.69999999E+00  0.10000000E+04
  0.82500000E+01  0.32500000E+01  0.00000000E+00  0.00000000E+00  0.10000000E+04  0.00000000E+00  0.12500000E+03  0.00000000E+00  0.69999999E+00  0.10000000E+04
  0.82500000E+01  0.37500000E+01  0.00000000E+00  0.00000000E+00  0.10000000E+04  0.00000000E+00  0.12500000E+03  0.00000000E+00  0.69999999E+00  0.10000000E+04
  0.50000000E+00  0.00000000E+00  0.00000000E+00  0.00000000E+00  0.10498566E+04  0.11372741E+06  0.12500000E+03  0.10882251E-01  0.69999999E+00  0.99998694E+03
  0.10000000E+01  0.00000000E+00  0.00000000E+00  0.00000000E+00  0.10569375E+04  0.13271042E+06  0.12500000E+03  0.57264580E-02  0.69999999E+00  0.99999310E+03
  0.15000000E+01  0.00000000E+00  0.00000000E+00  0.00000000E+00  0.10183340E+04  0.38011449E+05  0.12500000E+03  0.19426778E-01  0.69999999E+00  0.99997742E+03
  0.20000000E+01  0.00000000E+00  0.00000000E+00  0.00000000E+00  0.11395032E+04  0.41892747E+06  0.12500000E+03  0.22128938E-01  0.69999999E+00  0.99997119E+03
  0.25000000E+01  0.00000000E+00  0.00000000E+00  0.00000000E+00  0.10315680E+04  0.68120703E+05  0.12500000E+03  0.52258405E-02  0.69999999E+00  0.99999384E+03
  0.30000000E+01  0.00000000E+00  0.00000000E+00  0.00000000E+00  0.10464241E+04  0.10479777E+06  0.12500000E+03  0.69391280E-02  0.69999999E+00  0.99999170E+03
  0.35000000E+01  0.00000000E+00  0.00000000E+00  0.00000000E+00  0.10063718E+04  0.12743110E+05  0.12500000E+03  0.26736406E-02  0.69999999E+00  0.99999695E+03
  0.40000000E+01  0.00000000E+00  0.00000000E+00  0.00000000E+00  0.10000137E+04  0.26898298E+02  0.12500000E+03 -0.68247195E-04  0.69999999E+00  0.10000001E+04
  0.45000000E+01  0.00000000E+00  0.00000000E+00  0.00000000E+00  0.10000000E+04  0.00000000E+00  0.12500000E+03  0.12956406E-40  0.69999999E+00  0.10000000E+04
  0.50000000E+01  0.00000000E+00  0.00000000E+00  0.00000000E+00  0.10000000E+04  0.00000000E+00  0.12500000E+03  0.00000000E+00  0.69999999E+00  0.10000000E+04
  0.55000000E+01  0.00000000E+00  0.00000000E+00  0.00000000E+00  0.10000000E+04  0.00000000E+00  0.12500000E+03  0.00000000E+00  0.69999999E+00  0.10000000E+04
  0.60000000E+01  0.00000000E+00  0.00000000E+00  0.00000000E+00  0.10000000E+04  0.00000000E+00  0.12500000E+03  0.00000000E+00  0.69999999E+00  0.10000000E+04
  0.65000000E+01  0.00000000E+00  0.00000000E+00  0.00000000E+00  0.10000000E+04  0.00000000E+00  0.12500000E+03  0.00000000E+00  0.69999999E+00  0.10000000E+04
  0.70000000E+01  0.00000000E+00  0.00000000E+00  0.00000000E+00  0.10000000E+04  0.00000000E+00  0.12500000E+03  0.00000000E+00  0.69999999E+00  0.10000000E+04
  0.75000000E+01  0.00000000E+00  0.00000000E+00  0.00000000E+00  0.10000000E+04  0.00000000E+00  0.12500000E+03  0.00000000E+00  0.69999999E+00  0.10000000E+04
  0.25000000E+00 -0.25000000E+00  0.00000000E+00  0.00000000E+00  0.10060430E+04  0.12073401E+05  0.12500000E+03  0.30522859E-02  0.69999999E+00  0.99999652E+03
  0.75000000E+00 -0.25000000E+00  0.00000000E+00  0.00000000E+00  0.10274504E+04  0.58501605E+05  0.12500000E+03  0.79647843E-02  0.69999999E+00  0.99999066E+03
  0.12500000E+01 -0.25000000E+00  0.00000000E+00  0.00000000E+00  0.10092094E+04  0.18575775E+05  0.12500000E+03  0.63913874E-02  0.69999999E+00  0.99999261E+03
  0.17500000E+01 -0.25000000E+00  0.00000000E+00  0.00000000E+00  0.10154907E+04  0.31842355E+05  0.12500000E+03  0.97487196E-02  0.69999999E+00  0.99998871E+03
  0.22500000E+01 -0.25000000E+00  0.00000000E+00  0.00000000E+00  0.10016512E+04  0.32559192E+04  0.12500000E+03  0.93971118E-02  0.69999999E+00  0.99998926E+03
  0.27500000E+01 -0.25000000E+00  0.00000000E+00  0.00000000E+00  0.10072626E+04  0.14563440E+05  0.12500000E+03  0.35051627E-02  0.69999999E+00  0.99999597E+03
  0.32500000E+01 -0.25000000E+00  0.00000000E+00  0.00000000E+00  0.10020414E+04  0.40297200E+04  0.12500000E+03  0.25406196E-02  0.69999999E+00  0.99999707E+03
  0.37500000E+01 -0.25000000E+00  0.00000000E+00  0.00000000E+00  0.10000070E+04  0.13565822E+02  0.12500000E+03 -0.15635355E-03  0.69999999E+00  0.10000002E+04
  0.42500000E+01 -0.25000000E+00  0.00000000E+00  0.00000000E+00  0.10000000E+04  0.00000000E+00  0.12500000E+03 -0.46321159E-37  0.69999999E+00  0.10000000E+04
  0.47500000E+01 -0.25000000E+00  0.00000000E+00  0.00000000E+00  0.10000000E+04  0.00000000E+00  0.12500000E+03 -0.16756727E-40  0.69999999E+00  0.10000000E+04
  0.52500000E+01 -0.25000000E+00  0.00000000E+00  0.00000000E+00  0.10000000E+04  0.00000000E+00  0.12500000E+03  0.00000000E+00  0.69999999E+00  0.10000000E+04
  0.57500000E+01 -0.25000000E+00  0.00000000E+00  0.00000000E+00  0.10000000E+04  0.00000000E+00  0.12500000E+03  0.00000000E+00  0.69999999E+00  0.10000000E+04
  0.62500000E+01 -0.25000000E+00  0.00000000E+00  0.00000000E+00  0.10000000E+04  0.00000000E+00  0.12500000E+03  0.00000000E+00  0.69999999E+00  0.10000000E+04
  0.67500000E+01 -0.25000000E+00  0.00000000E+00  0.00000000E+00  0.10000000E+04  0.00000000E+00  0.12500000E+03  0.00000000E+00  0.69999999E+00  0.10000000E+04
  0.72500000E+01 -0.25000000E+00  0.00000000E+00  0.00000000E+00  0.10000000E+04  0.00000000E+00  0.12500000E+03  0.00000000E+00  0.69999999E+00  0.10000000E+04
  0.77500000E+01 -0.25000000E+00  0.00000000E+00  0.00000000E+00  0.10000000E+04  0.00000000E+00  0.12500000E+03  0.00000000E+00  0.69999999E+00  0.10000000E+04
  0.40000000E+01  0.50000000E+00  0.00000000E+00  0.00000000E+00  0.10004905E+04  0.96363464E+03  0.12500000E+03 -0.26978017E-03  0.69999999E+00  0.10000003E+04
  0.37500000E+01  0.25000000E+00  0.00000000E+00  0.00000000E+00  0.10036122E+04  0.71643223E+04  0.12500000E+03 -0.12151466E-02  0.69999999E+00  0.10000014E+04
  0.40000000E+01  0.10000000E+01  0.00000000E+00  0.00000000E+00  0.10022555E+04  0.44552280E+04  0.12500000E+03 -0.99759665E-04  0.69999999E+00  0.10000001E+04
  0.37500000E+01  0.75000000E+00  0.00000000E+00  0.00000000E+00  0.10344038E+04  0.74880562E+05  0.12500000E+03  0.81452099E-03  0.69999999E+00  0.99999902E+03
  0.40000000E+01  0.15000000E+01  0.00000000E+00  0.00000000E+00  0.10009462E+04  0.18616517E+04  0.12500000E+03  0.27384859E-03  0.69999999E+00  0.99999969E+03
  0.37500000E+01  0.12500000E+01  0.00000000E+00  0.00000000E+00  0.10223071E+04  0.46806926E+05  0.12500000E+03  0.61974564E-03  0.69999999E+00  0.99999927E+03
  0.40000000E+01  0.20000000E+01  0.00000000E+00  0.00000000E+00  0.10060660E+04  0.12120449E+05  0.12500000E+03  0.25469292E-03  0.69999999E+00  0.99999969E+03
  0.37500000E+01  0.17500000E+01  0.00000000E+00  0.00000000E+00  0.10532124E+04  0.12262862E+06  0.12500000E+03  0.13731143E-02  0.69999999E+00  0.99999835E+03
  0.45000000E+01  0.50000000E+00  0.00000000E+00  0.00000000E+00  0.10000000E+04  0.00000000E+00  0.12500000E+03  0.49880620E-40  0.69999999E+00  0.10000000E+04
  0.42500000E+01  0.25000000E+00  0.00000000E+00  0.00000000E+00  0.10000018E+04  0.35083482E+01  0.12500000E+03 -0.74084828E-05  0.69999999E+00  0.10000000E+04
  0.45000000E+01  0.10000000E+01  0.00000000E+00  0.00000000E+00  0.10000000E+04  0.00000000E+00  0.12500000E+03  0.00000000E+00  0.69999999E+00  0.10000000E+04
  0.42500000E+01  0.75000000E+00  0.00000000E+00  0.00000000E+00  0.10000944E+04  0.18529227E+03  0.12500000E+03 -0.10442676E-04  0.69999999E+00  0.10000000E+04
  0.45000000E+01  0.15000000E+01  0.00000000E+00  0.00000000E+00  0.10000000E+04  0.00000000E+00  0.12500000E+03 -0.00000000E+00  0.69999999E+00  0.10000000E+04
  0.42500000E+01  0.12500000E+01  0.00000000E+00  0.00000000E+00  0.10000066E+04  0.12864128E+02  0.12500000E+03  0.34267537E-05  0.69999999E+00  0.10000000E+04
  0.45000000E+01  0.20000000E+01  0.00000000E+00  0.00000000E+00  0.10000000E+04  0.00000000E+00  0.12500000E+03  0.00000000E+00  0.69999999E+00  0.10000000E+04
  0.42500000E+01  0.17500000E+01  0.00000000E+00  0.00000000E+00  0.10000031E+04  0.60811610E+01  0.12500000E+03 -0.10471490E-05  0.69999999E+00  0.10000000E+04
  0.50000000E+01  0.50000000E+00  0.00000000E+00  0.00000000E+00  0.10000000E+04  0.00000000E+00  0.12500000E+03  0.00000000E+00  0.69999999E+00  0.10000000E+04
  0.47500000E+01  0.25000000E+00  0.00000000E+00  0.00000000E+00  0.10000000E+04  0.00000000E+00  0.12500000E+03  0.16535322E-40  0.69999999E+00  0.10000000E+04
  0.50000000E+01  0.10000000E+01  0.00000000E+00  0.00000000E+00  0.10000000E+04  0.00000000E+00  0.12500000E+03  0.00000000E+00  0.69999999E+00  0.10000000E+04
  0.47500000E+01  0.75000000E+00  0.00000000E+00  0.00000000E+00  0.10000000E+04  0.00000000E+00  0.12500000E+03  0.00000000E+00  0.69999999E+00  0.10000000E+04
  0.50000000E+01  0.15000000E+01  0.00000000E+00  0.00000000E+00  0.10000000E+04  0.00000000E+00  0.12500000E+03  0.00000000E+00  0.69999999E+00  0.10000000E+04
  0.47500000E+01  0.12500000E+01  0.00000000E+00  0.00000000E+00  0.10000000E+04  0.00000000E+00  0.12500000E+03  0.00000000E+00  0.69999999E+00  0.10000000E+04
  0.50000000E+01  0.20000000E+01  0.00000000E+00  0.00000000E+00  0.10000000E+04  0.00000000E+00  0.12500000E+03  0.00000000E+00  0.69999999E+00  0.10000000E+04
  0.47500000E+01  0.17500000E+01  0.00000000E+00  0.00000000E+00  0.10000000E+04  0.00000000E+00  0.12500000E+03 -0.00000000E+00  0.69999999E+00  0.10000000E+04
  0.27123582E+01  0.90885210E+00 -0.71375704E+00 -0.66543293E+00  0.99975006E+03 -0.48998001E+03  0.12576698E+03  0.12576674E+03  0.10000000E+01  0.00000000E+00
  0.14906150E+01  0.97712779E+00 -0.60628625E-02  0.15680364E+00  0.10013081E+04  0.25765535E+04  0.12561582E+03  0.12561256E+03  0.10000000E+01  0.00000000E+00
  0.16421831E+01  0.12004887E+01  0.90849662E+00 -0.72915208E+00  0.10054028E+04  0.10773670E+05  0.12546356E+03  0.12546333E+03  0.10000000E+01  0.00000000E+00
  0.22490468E+01  0.19092883E+01  0.11116275E+00  0.13761871E+01  0.10124201E+04  0.25295146E+05  0.12531018E+03  0.12531027E+03  0.10000000E+01  0.00000000E+00
  0.26226726E+01  0.19742111E+01  0.66929722E+00  0.53438097E+00  0.10056732E+04  0.11322001E+05  0.12515567E+03  0.12515567E+03  0.10000000E+01  0.00000000E+00
  0.28510890E+01  0.15873308E+01 -0.12167749E+00 -0.13687584E+00  0.10189459E+04  0.39352422E+05  0.12500000E+03  0.12500000E+03  0.10000000E+01  0.00000000E+00
  0.27020402E+01  0.99580061E+00  0.35613525E+00  0.27238838E-02  0.10038527E+04  0.76469785E+04  0.12576698E+03  0.12575494E+03  0.10000000E+01  0.00000000E+00
  0.11129404E+01  0.95522666E+00  0.39070326E+00  0.23676491E+00  0.10090233E+04  0.18190244E+05  0.12561582E+03  0.12560624E+03  0.10000000E+01  0.00000000E+00
  0.10012740E+01  0.11542802E+01 -0.19699547E+00  0.44405526E+00  0.10039901E+04  0.79228203E+04  0.12546356E+03  0.12546037E+03  0.10000000E+01  0.00000000E+00
  0.24964454E+01  0.14860984E+01 -0.15069772E-01 -0.29217833E+00  0.10105994E+04  0.21469053E+05  0.12531018E+03  0.12531038E+03  0.10000000E+01  0.00000000E+00
  0.11246644E+01  0.86587071E+00  0.10104122E+01  0.29556000E+00  0.10065395E+04  0.13084902E+05  0.12515567E+03  0.12515567E+03  0.10000000E+01  0.00000000E+00
  0.72143459E+00  0.77715421E+00  0.11760350E+01  0.60320610E+00  0.10190955E+04  0.39681082E+05  0.12500000E+03  0.12500000E+03  0.10000000E+01  0.00000000E+00
  0.20060179E+01  0.11049639E+01 -0.25654849E+00  0.31591821E+00  0.10066921E+04  0.13396605E+05  0.12576698E+03  0.12575644E+03  0.10000000E+01  0.00000000E+00
  0.26617229E+01  0.97193539E+00  0.14219368E+01 -0.94356656E-01  0.99675940E+03 -0.62965503E+04  0.12561582E+03  0.12561089E+03  0.10000000E+01  0.00000000E+00
  0.28932338E+01  0.10244313E+01  0.51552051E+00  0.11008904E+01  0.10033409E+04  0.66210293E+04  0.12546356E+03  0.12546005E+03  0.10000000E+01  0.00000000E+00
  0.22779472E+01  0.14577559E+01  0.72237146E+00  0.88145924E+00  0.10135441E+04  0.27677938E+05  0.12531018E+03  0.12531018E+03  0.10000000E+01  0.00000000E+00
  0.28563499E+01  0.74815714E+00 -0.49181104E-01 -0.24034211E+00  0.10080107E+04  0.16099637E+05  0.12515567E+03  0.12515553E+03  0.10000000E+01  0.00000000E+00
  0.18724017E+01  0.14446633E+01  0.96757805E+00  0.29179424E+00  0.10038323E+04  0.76060527E+04  0.12500000E+03  0.12499989E+03  0.10000000E+01  0.00000000E+00
  0.83810997E+00  0.10327474E+01 -0.14501038E+00  0.11954796E+01  0.10039692E+04  0.78809028E+04  0.12576698E+03  0.12576566E+03  0.10000000E+01  0.00000000E+00
  0.25394244E+01  0.10165910E+01  0.67961788E+00 -0.19712247E+00  0.10064664E+04  0.12935843E+05  0.12561582E+03  0.12561221E+03  0.10000000E+01  0.00000000E+00
  0.25891900E+01  0.17959256E+01 -0.16858296E+01  0.14456894E+01  0.99900598E+03 -0.19444741E+04  0.12546356E+03  0.12546202E+03  0.10000000E+01  0.00000000E+00
  0.20379636E+01  0.10143709E+01  0.47921240E+00 -0.20818170E-01  0.10086116E+04  0.17338945E+05  0.12531018E+03  0.12530890E+03  0.10000000E+01  0.00000000E+00
  0.96166909E+00  0.14752064E+01 -0.21563707E+00  0.77630424E+00  0.10042111E+04  0.83672285E+04  0.12515567E+03  0.12515567E+03  0.10000000E+01  0.00000000E+00
  0.16845746E+01  0.87573659E+00  0.10485719E+01  0.40297699E+00  0.10168890E+04  0.34863402E+05  0.12500000E+03  0.12500012E+03  0.10000000E+01  0.00000000E+00
  0.11711898E+01  0.13629200E+01 -0.11008481E+01  0.33487639E+00  0.10098894E+04  0.19988164E+05  0.12561582E+03  0.12561399E+03  0.10000000E+01  0.00000000E+00
  0.24686337E+01  0.21879444E+01 -0.93766296E+00  0.55118358E+00  0.10065148E+04  0.13034561E+05  0.12531018E+03  0.12531004E+03  0.10000000E+01  0.00000000E+00
  0.30098717E+01  0.20514364E+01 -0.14490406E+00 -0.86542025E-01  0.10049552E+04  0.98677715E+04  0.12500000E+03  0.12500000E+03  0.10000000E+01  0.00000000E+00
