  0.00000000E+00  0.00000000E+00  0.00000000E+00  0.00000000E+00  0.10021677E+04  0.42807891E+04  0.12500000E+03  0.13172750E-02  0.69999999E+00  0.99999847E+03
  0.00000000E+00  0.50000000E+00  0.00000000E+00  0.00000000E+00  0.10376777E+04  0.82824562E+05  0.12500000E+03  0.72298950E-03  0.69999999E+00  0.99999915E+03
  0.00000000E+00  0.10000000E+01  0.00000000E+00  0.00000000E+00  0.10159143E+04  0.32754795E+05  0.12500000E+03  0.15722122E-02  0.69999999E+00  0.99999817E+03
  0.00000000E+00  0.15000000E+01  0.00000000E+00  0.00000000E+00  0.10255837E+04  0.54216398E+05  0.12500000E+03  0.53388951E-03  0.69999999E+00  0.99999939E+03
  0.00000000E+00  0.20000000E+01  0.00000000E+00  0.00000000E+00  0.10059073E+04  0.11797550E+05  0.12500000E+03 -0.31668277E-03  0.69999999E+00  0.10000004E+04
  0.00000000E+00  0.25000000E+01  0.00000000E+00  0.00000000E+00  0.10002466E+04  0.48403955E+03  0.12500000E+03  0.71152863E-04  0.69999999E+00  0.99999994E+03
  0.00000000E+00  0.30000000E+01  0.00000000E+00  0.00000000E+00  0.10000000E+04  0.00000000E+00  0.12500000E+03  0.00000000E+00  0.69999999E+00  0.10000000E+04
  0.00000000E+00  0.35000000E+01  0.00000000E+00  0.00000000E+00  0.10000000E+04  0.00000000E+00  0.12500000E+03  0.00000000E+00  0.69999999E+00  0.10000000E+04
  0.00000000E+00  0.40000000E+01  0.00000000E+00  0.00000000E+00  0.10000000E+04  0.00000000E+00  0.12500000E+03  0.00000000E+00  0.69999999E+00  0.10000000E+04
 -0.25000000E+00 -0.25000000E+00  0.00000000E+00  0.00000000E+00  0.10015924E+04  0.31392493E+04  0.12500000E+03  0.44567001E-03  0.69999999E+00  0.99999951E+03
 -0.25000000E+00  0.25000000E+00  0.00000000E+00  0.00000000E+00  0.10057937E+04  0.11566715E+05  0.12500000E+03  0.53190283E-03  0.69999999E+00  0.99999939E+03
 -0.25000000E+00  0.75000000E+00  0.00000000E+00  0.00000000E+00  0.10120479E+04  0.24509680E+05  0.12500000E+03 -0.60149243E-04  0.69999999E+00  0.10000001E+04
 -0.25000000E+00  0.12500000E+01  0.00000000E+00  0.00000000E+00  0.10096426E+04  0.19474943E+05  0.12500000E+03  0.50170586E-03  0.69999999E+00  0.99999945E+03
 -0.25000000E+00  0.17500000E+01  0.00000000E+00  0.00000000E+00  0.10001616E+04  0.31730682E+03  0.12500000E+03 -0.10675416E-03  0.69999999E+00  0.10000001E+04
 -0.25000000E+00  0.22500000E+01  0.00000000E+00  0.00000000E+00  0.10004730E+04  0.92938812E+03  0.12500000E+03 -0.62706749E-04  0.69999999E+00  0.10000001E+04
 -0.25000000E+00  0.27500000E+01  0.00000000E+00  0.00000000E+00  0.10000000E+04  0.00000000E+00  0.12500000E+03  0.00000000E+00  0.69999999E+00  0.10000000E+04
 -0.25000000E+00  0.32500000E+01  0.00000000E+00  0.00000000E+00  0.10000000E+04  0.00000000E+00  0.12500000E+03  0.00000000E+00  0.69999999E+00  0.10000000E+04
 -0.25000000E+00  0.37500000E+01  0.00000000E+00  0.00000000E+00  0.10000000E+04  0.00000000E+00  0.12500000E+03  0.00000000E+00  0.69999999E+00  0.10000000E+04
  0.80000000E+01  0.00000000E+00  0.00000000E+00  0.00000000E+00  0.10000000E+04  0.00000000E+00  0.12500000E+03  0.00000000E+00  0.69999999E+00  0.10000000E+04
  0.80000000E+01  0.50000000E+00  0.00000000E+00  0.00000000E+00  0.10000000E+04  0.00000000E+00  0.12500000E+03  0.00000000E+00  0.69999999E+00  0.10000000E+04
  0.80000000E+01  0.10000000E+01  0.00000000E+00  0.00000000E+00  0.10000000E+04  0.00000000E+00  0.12500000E+03  0.00000000E+00  0.69999999E+00  0.10000000E+04
  0.80000000E+01  0.15000000E+01  0.00000000E+00  0.00000000E+00  0.10000000E+04  0.00000000E+00  0.12500000E+03  0.00000000E+00  0.69999999E+00  0.10000000E+04
  0.80000000E+01  0.20000000E+01  0.00000000E+00  0.00000000E+00  0.10000000E+04  0.00000000E+00  0.12500000E+03  0.00000000E+00  0.69999999E+00  0.10000000E+04
  0.80000000E+01  0.25000000E+01  0.00000000E+00  0.00000000E+00  0.10000000E+04  0.00000000E+00  0.12500000E+03  0.00000000E+00  0.69999999E+00  0.10000000E+04
  0.80000000E+01  0.30000000E+01  0.00000000E+00  0.00000000E+00  0.10000000E+04  0.00000000E+00  0.12500000E+03  0.00000000E+00  0.69999999E+00  0.10000000E+04
  0.80000000E+01  0.35000000E+01  0.00000000E+00  0.00000000E+00  0.10000000E+04  0.00000000E+00  0.12500000E+03  0.00000000E+00  0.69999999E+00  0.10000000E+04
  0.80000000E+01  0.40000000E+01  0.00000000E+00  0.00000000E+00  0.10000000E+04  0.00000000E+00  0.12500000E+03  0.00000000E+00  0.69999999E+00  0.10000000E+04
  0.82500000E+01 -0.25000000E+00  0.00000000E+00  0.00000000E+00  0.10000000E+04  0.00000000E+00  0.12500000E+03  0.00000000E+00  0.69999999E+00  0.10000000E+04
  0.82500000E+01  0.25000000E+00  0.00000000E+00  0.00000000E+00  0.10000000E+04  0.00000000E+00  0.12500000E+03  0.00000000E+00  0.69999999E+00  0.10000000E+04
  0.82500000E+01  0.75000000E+00  0.00000000E+00  0.00000000E+00  0.10000000E+04  0.00000000E+00  0.12500000E+03  0.00000000E+00  0.69999999E+00  0.10000000E+04
  0.82500000E+01  0.12500000E+01  0.00000000E+00  0.00000000E+00  0.10000000E+04  0.00000000E+00  0.12500000E+03  0.00000000E+00  0.69999999E+00  0.10000000E+04
  0.82500000E+01  0.17500000E+01  0.00000000E+00  0.00000000E+00  0.10000000E+04  0.00000000E+00  0.12500000E+03  0.00000000E+00  0.69999999E+00  0.10000000E+04
  0.82500000E+01  0.22500000E+01  0.00000000E+00  0.00000000E+00  0.10000000E+04  0.00000000E+00  0.12500000E+03  0.00000000E+00  0.69999999E+00  0.10000000E+04
  0.82500000E+01  0.27500000E+01  0.00000000E+00  0.00000000E+00  0.10000000E+04  0.00000000E+00  0.12500000E+03  0.00000000E+00  0.69999999E+00  0.10000000E+04
  0.82500000E+01  0.32500000E+01  0.00000000E+00  0.00000000E+00  0.10000000E+04  0.00000000E+00  0.12500000E+03  0.00000000E+00  0.69999999E+00  0.10000000E+04
  0.82500000E+01  0.37500000E+01  0.00000000E+00  0.00000000E+00  0.10000000E+04  0.00000000E+00  0.12500000E+03  0.00000000E+00  0.69999999E+00  0.10000000E+04
  0.50000000E+00  0.00000000E+00  0.00000000E+00  0.00000000E+00  0.10060668E+04  0.12121904E+05  0.12500000E+03  0.61989906E-02  0.69999999E+00  0.99999286E+03
  0.10000000E+01  0.00000000E+00  0.00000000E+00  0.00000000E+00  0.99597937E+03 -0.77939639E+04  0.12500000E+03  0.21773940E-02  0.69999999E+00  0.99999750E+03
  0.15000000E+01  0.00000000E+00  0.00000000E+00  0.00000000E+00  0.10136794E+04  0.27965832E+05  0.12500000E+03  0.99002337E-02  0.69999999E+00  0.99998853E+03
  0.20000000E+01  0.00000000E+00  0.00000000E+00  0.00000000E+00  0.99937622E+03 -0.12215345E+04  0.12500000E+03  0.10670770E-01  0.69999999E+00  0.99998779E+03
  0.25000000E+01  0.00000000E+00  0.00000000E+00  0.00000000E+00  0.10204852E+04  0.42748246E+05  0.12500000E+03  0.52074005E-03  0.69999999E+00  0.99999939E+03
  0.30000000E+01  0.00000000E+00  0.00000000E+00  0.00000000E+00  0.10287784E+04  0.61578723E+05  0.12500000E+03  0.17640202E-02  0.69999999E+00  0.99999792E+03
  0.35000000E+01  0.00000000E+00  0.00000000E+00  0.00000000E+00  0.10033754E+04  0.66899966E+04  0.12500000E+03  0.67290937E-03  0.69999999E+00  0.99999921E+03
  0.40000000E+01  0.00000000E+00  0.00000000E+00  0.00000000E+00  0.10000134E+04  0.26430483E+02  0.12500000E+03 -0.27363869E-04  0.69999999E+00  0.10000001E+04
  0.45000000E+01  0.00000000E+00  0.00000000E+00  0.00000000E+00  0.10000000E+04  0.00000000E+00  0.12500000E+03  0.00000000E+00  0.69999999E+00  0.10000000E+04
  0.50000000E+01  0.00000000E+00  0.00000000E+00  0.00000000E+00  0.10000000E+04  0.00000000E+00  0.12500000E+03  0.00000000E+00  0.69999999E+00  0.10000000E+04
  0.55000000E+01  0.00000000E+00  0.00000000E+00  0.00000000E+00  0.10000000E+04  0.00000000E+00  0.12500000E+03  0.00000000E+00  0.69999999E+00  0.10000000E+04
  0.60000000E+01  0.00000000E+00  0.00000000E+00  0.00000000E+00  0.10000000E+04  0.00000000E+00  0.12500000E+03  0.00000000E+00  0.69999999E+00  0.10000000E+04
  0.65000000E+01  0.00000000E+00  0.00000000E+00  0.00000000E+00  0.10000000E+04  0.00000000E+00  0.12500000E+03  0.00000000E+00  0.69999999E+00  0.10000000E+04
  0.70000000E+01  0.00000000E+00  0.00000000E+00  0.00000000E+00  0.10000000E+04  0.00000000E+00  0.12500000E+03  0.00000000E+00  0.69999999E+00  0.10000000E+04
  0.75000000E+01  0.00000000E+00  0.00000000E+00  0.00000000E+00  0.10000000E+04  0.00000000E+00  0.12500000E+03  0.00000000E+00  0.69999999E+00  0.10000000E+04
  0.25000000E+00 -0.25000000E+00  0.00000000E+00  0.00000000E+00  0.10116785E+04  0.23731713E+05  0.12500000E+03  0.20072865E-02  0.69999999E+00  0.99999768E+03
  0.75000000E+00 -0.25000000E+00  0.00000000E+00  0.00000000E+00  0.10115038E+04  0.23364535E+05  0.12500000E+03  0.45985146E-02  0.69999999E+00  0.99999469E+03
  0.12500000E+01 -0.25000000E+00  0.00000000E+00  0.00000000E+00  0.10111085E+04  0.22534838E+05  0.12500000E+03  0.35509071E-02  0.69999999E+00  0.99999591E+03
  0.17500000E+01 -0.25000000E+00  0.00000000E+00  0.00000000E+00  0.10037524E+04  0.74457476E+04  0.12500000E+03  0.51979404E-02  0.69999999E+00  0.99999402E+03
  0.22500000E+01 -0.25000000E+00  0.00000000E+00  0.00000000E+00  0.99792517E+03 -0.40455801E+04  0.12500000E+03  0.44638878E-02  0.69999999E+00  0.99999493E+03
  0.27500000E+01 -0.25000000E+00  0.00000000E+00  0.00000000E+00  0.10143732E+04  0.29445717E+05  0.12500000E+03  0.62194641E-03  0.69999999E+00  0.99999927E+03
  0.32500000E+01 -0.25000000E+00  0.00000000E+00  0.00000000E+00  0.10041549E+04  0.82542734E+04  0.12500000E+03  0.74281351E-03  0.69999999E+00  0.99999915E+03
  0.37500000E+01 -0.25000000E+00  0.00000000E+00  0.00000000E+00  0.10000013E+04  0.25727851E+01  0.12500000E+03 -0.59664068E-04  0.69999999E+00  0.10000001E+04
  0.42500000E+01 -0.25000000E+00  0.00000000E+00  0.00000000E+00  0.10000000E+04  0.00000000E+00  0.12500000E+03 -0.13732725E-42  0.69999999E+00  0.10000000E+04
  0.47500000E+01 -0.25000000E+00  0.00000000E+00  0.00000000E+00  0.10000000E+04  0.00000000E+00  0.12500000E+03  0.00000000E+00  0.69999999E+00  0.10000000E+04
  0.52500000E+01 -0.25000000E+00  0.00000000E+00  0.00000000E+00  0.10000000E+04  0.00000000E+00  0.12500000E+03  0.00000000E+00  0.69999999E+00  0.10000000E+04
  0.57500000E+01 -0.25000000E+00  0.00000000E+00  0.00000000E+00  0.10000000E+04  0.00000000E+00  0.12500000E+03  0.00000000E+00  0.69999999E+00  0.10000000E+04
  0.62500000E+01 -0.25000000E+00  0.00000000E+00  0.00000000E+00  0.10000000E+04  0.00000000E+00  0.12500000E+03  0.00000000E+00  0.69999999E+00  0.10000000E+04
  0.67500000E+01 -0.25000000E+00  0.00000000E+00  0.00000000E+00  0.10000000E+04  0.00000000E+00  0.12500000E+03  0.00000000E+00  0.69999999E+00  0.10000000E+04
  0.72500000E+01 -0.25000000E+00  0.00000000E+00  0.00000000E+00  0.10000000E+04  0.00000000E+00  0.12500000E+03  0.00000000E+00  0.69999999E+00  0.10000000E+04
  0.77500000E+01 -0.25000000E+00  0.00000000E+00  0.00000000E+00  0.10000000E+04  0.00000000E+00  0.12500000E+03  0.00000000E+00  0.69999999E+00  0.10000000E+04
  0.40000000E+01  0.50000000E+00  0.00000000E+00  0.00000000E+00  0.10001161E+04  0.22788689E+03  0.12500000E+03 -0.77869379E-04  0.69999999E+00  0.10000001E+04
  0.37500000E+01  0.25000000E+00  0.00000000E+00  0.00000000E+00  0.99974426E+03 -0.50142319E+03  0.12500000E+03 -0.28795656E-03  0.69999999E+00  0.10000003E+04
  0.40000000E+01  0.10000000E+01  0.00000000E+00  0.00000000E+00  0.99995764E+03 -0.83136841E+02  0.12500000E+03  0.12998677E-04  0.69999999E+00  0.10000000E+04
  0.37500000E+01  0.75000000E+00  0.00000000E+00  0.00000000E+00  0.10031495E+04  0.62380308E+04  0.12500000E+03  0.15296465E-03  0.69999999E+00  0.99999982E+03
  0.40000000E+01  0.15000000E+01  0.00000000E+00  0.00000000E+00  0.10006683E+04  0.13138113E+04  0.12500000E+03  0.10640828E-03  0.69999999E+00  0.99999988E+03
  0.37500000E+01  0.12500000E+01  0.00000000E+00  0.00000000E+00  0.10234984E+04  0.49484320E+05  0.12500000E+03  0.31054069E-03  0.69999999E+00  0.99999963E+03
  0.40000000E+01  0.20000000E+01  0.00000000E+00  0.00000000E+00  0.10000315E+04  0.61752430E+02  0.12500000E+03  0.20776821E-04  0.69999999E+00  0.10000000E+04
  0.37500000E+01  0.17500000E+01  0.00000000E+00  0.00000000E+00  0.10057299E+04  0.11437195E+05  0.12500000E+03  0.29054482E-03  0.69999999E+00  0.99999969E+03
  0.45000000E+01  0.50000000E+00  0.00000000E+00  0.00000000E+00  0.10000000E+04  0.00000000E+00  0.12500000E+03  0.00000000E+00  0.69999999E+00  0.10000000E+04
  0.42500000E+01  0.25000000E+00  0.00000000E+00  0.00000000E+00  0.10000018E+04  0.35083482E+01  0.12500000E+03 -0.74084828E-05  0.69999999E+00  0.10000000E+04
  0.45000000E+01  0.10000000E+01  0.00000000E+00  0.00000000E+00  0.10000000E+04  0.00000000E+00  0.12500000E+03  0.00000000E+00  0.69999999E+00  0.10000000E+04
  0.42500000E+01  0.75000000E+00  0.00000000E+00  0.00000000E+00  0.10000936E+04  0.18365413E+03  0.12500000E+03 -0.58616174E-05  0.69999999E+00  0.10000000E+04
  0.45000000E+01  0.15000000E+01  0.00000000E+00  0.00000000E+00  0.10000000E+04  0.00000000E+00  0.12500000E+03  0.00000000E+00  0.69999999E+00  0.10000000E+04
  0.42500000E+01  0.12500000E+01  0.00000000E+00  0.00000000E+00  0.10000045E+04  0.88878889E+01  0.12500000E+03  0.12300108E-04  0.69999999E+00  0.10000000E+04
  0.45000000E+01  0.20000000E+01  0.00000000E+00  0.00000000E+00  0.10000000E+04  0.00000000E+00  0.12500000E+03  0.00000000E+00  0.69999999E+00  0.10000000E+04
  0.42500000E+01  0.17500000E+01  0.00000000E+00  0.00000000E+00  0.10000000E+04  0.00000000E+00  0.12500000E+03  0.00000000E+00  0.69999999E+00  0.10000000E+04
  0.50000000E+01  0.50000000E+00  0.00000000E+00  0.00000000E+00  0.10000000E+04  0.00000000E+00  0.12500000E+03  0.00000000E+00  0.69999999E+00  0.10000000E+04
  0.47500000E+01  0.25000000E+00  0.00000000E+00  0.00000000E+00  0.10000000E+04  0.00000000E+00  0.12500000E+03  0.00000000E+00  0.69999999E+00  0.10000000E+04
  0.50000000E+01  0.10000000E+01  0.00000000E+00  0.00000000E+00  0.10000000E+04  0.00000000E+00  0.12500000E+03  0.00000000E+00  0.69999999E+00  0.10000000E+04
  0.47500000E+01  0.75000000E+00  0.00000000E+00  0.00000000E+00  0.10000000E+04  0.00000000E+00  0.12500000E+03  0.00000000E+00  0.69999999E+00  0.10000000E+04
  0.50000000E+01  0.15000000E+01  0.00000000E+00  0.00000000E+00  0.10000000E+04  0.00000000E+00  0.12500000E+03  0.00000000E+00  0.69999999E+00  0.10000000E+04
  0.47500000E+01  0.12500000E+01  0.00000000E+00  0.00000000E+00  0.10000000E+04  0.00000000E+00  0.12500000E+03  0.00000000E+00  0.69999999E+00  0.10000000E+04
  0.50000000E+01  0.20000000E+01  0.00000000E+00  0.00000000E+00  0.10000000E+04  0.00000000E+00  0.12500000E+03  0.00000000E+00  0.69999999E+00  0.10000000E+04
  0.47500000E+01  0.17500000E+01  0.00000000E+00  0.00000000E+00  0.10000000E+04  0.00000000E+00  0.12500000E+03  0.00000000E+00  0.69999999E+00  0.10000000E+04
  0.69392991E+00  0.25765088E+00 -0.35013634E+00 -0.21860152E+00  0.99347955E+03 -0.12545574E+05  0.12576698E+03  0.12576698E+03  0.10000000E+01  0.00000000E+00
  0.62453091E+00  0.58829629E+00  0.88093036E+00  0.18637168E+00  0.10053284E+04  0.10622962E+05  0.12561582E+03  0.12561256E+03  0.10000000E+01  0.00000000E+00
  0.62484467E+00  0.70312738E+00  0.77619857E+00  0.31497794E+00  0.10078765E+04  0.15823720E+05  0.12546356E+03  0.12546356E+03  0.10000000E+01  0.00000000E+00
  0.87473649E+00  0.94046259E+00 -0.19824871E+00  0.10998996E+01  0.10006523E+04  0.12823458E+04  0.12531018E+03  0.12531018E+03  0.10000000E+01  0.00000000E+00
  0.11323901E+01  0.10385237E+01 -0.83209747E+00  0.46962658E+00  0.10015645E+04  0.30839990E+04  0.12515567E+03  0.12515567E+03  0.10000000E+01  0.00000000E+00
  0.18776662E+01  0.14133887E+01  0.90805292E+00  0.19666740E+00  0.10041286E+04  0.82012861E+04  0.12500000E+03  0.12500000E+03  0.10000000E+01  0.00000000E+00
  0.13520188E+01  0.17077452E+00  0.21153167E+00  0.34791991E+00  0.99330859E+03 -0.12867895E+05  0.12576698E+03  0.12575880E+03  0.10000000E+01  0.00000000E+00
  0.99352741E+00  0.47139257E+00 -0.18465835E+00  0.24974406E-01  0.99972784E+03 -0.53353198E+03  0.12561582E+03  0.12560891E+03  0.10000000E+01  0.00000000E+00
  0.13996720E+01  0.53069937E+00  0.25950652E-02 -0.12968931E+00  0.10039738E+04  0.78902437E+04  0.12546356E+03  0.12546223E+03  0.10000000E+01  0.00000000E+00
  0.10063807E+01  0.79878223E+00 -0.10296717E+01  0.53201222E+00  0.10031556E+04  0.62501865E+04  0.12531018E+03  0.12531018E+03  0.10000000E+01  0.00000000E+00
  0.16212883E+01  0.91860211E+00 -0.29303288E+00 -0.11648510E+01  0.10061747E+04  0.12341467E+05  0.12515567E+03  0.12515567E+03  0.10000000E+01  0.00000000E+00
  0.13490845E+01  0.11886160E+01 -0.73549855E+00 -0.45093465E+00  0.10029992E+04  0.59376147E+04  0.12500000E+03  0.12500000E+03  0.10000000E+01  0.00000000E+00
  0.20079029E+01  0.29048839E+00 -0.66882592E+00  0.24174291E+00  0.10024986E+04  0.49392061E+04  0.12576698E+03  0.12576007E+03  0.10000000E+01  0.00000000E+00
  0.19022021E+01  0.53373098E+00  0.57084560E+00  0.32646692E+00  0.10046971E+04  0.93465615E+04  0.12561582E+03  0.12561089E+03  0.10000000E+01  0.00000000E+00
  0.25287361E+01  0.55676866E+00  0.24553406E+00 -0.26501685E+00  0.99627167E+03 -0.72336724E+04  0.12546356E+03  0.12546283E+03  0.10000000E+01  0.00000000E+00
  0.19671986E+01  0.78657544E+00  0.76878196E+00  0.14476055E+00  0.10056376E+04  0.11249904E+05  0.12531018E+03  0.12531018E+03  0.10000000E+01  0.00000000E+00
  0.23936872E+01  0.10221851E+01  0.11494470E+01 -0.52914035E+00  0.10062534E+04  0.12501679E+05  0.12515567E+03  0.12515567E+03  0.10000000E+01  0.00000000E+00
  0.19911094E+01  0.15010462E+01  0.36684632E+00  0.13128701E+00  0.10019522E+04  0.38526648E+04  0.12500000E+03  0.12500000E+03  0.10000000E+01  0.00000000E+00
  0.18503621E+01  0.55171585E+00 -0.12418870E+01 -0.13473178E+00  0.10047514E+04  0.94562744E+04  0.12576698E+03  0.12576698E+03  0.10000000E+01  0.00000000E+00
  0.23073783E+01  0.64640266E+00 -0.11205568E+01  0.11783082E+01  0.10018798E+04  0.37090544E+04  0.12561582E+03  0.12561221E+03  0.10000000E+01  0.00000000E+00
  0.27833543E+01  0.76710987E+00 -0.10668582E+01  0.26483852E+00  0.10025295E+04  0.50007026E+04  0.12546356E+03  0.12546202E+03  0.10000000E+01  0.00000000E+00
  0.27128320E+01  0.59670031E+00 -0.49447000E+00 -0.74474573E+00  0.99770453E+03 -0.44728628E+04  0.12531018E+03  0.12531018E+03  0.10000000E+01  0.00000000E+00
  0.27886300E+01  0.12503853E+01 -0.18760552E+00  0.11641743E+01  0.10041284E+04  0.82008066E+04  0.12515567E+03  0.12515567E+03  0.10000000E+01  0.00000000E+00
  0.26060534E+01  0.14113870E+01  0.10992612E+01 -0.21637329E+00  0.10036937E+04  0.73278403E+04  0.12500000E+03  0.12500000E+03  0.10000000E+01  0.00000000E+00
  0.20902238E+01  0.13803575E+01 -0.19176369E+01 -0.21484850E+00  0.10004288E+04  0.84238043E+03  0.12561582E+03  0.12561399E+03  0.10000000E+01  0.00000000E+00
  0.29209557E+01  0.11289231E+01 -0.82750571E+00  0.15665330E+01  0.10066813E+04  0.13374453E+05  0.12531018E+03  0.12531018E+03  0.10000000E+01  0.00000000E+00
  0.22518067E+01  0.18335886E+01 -0.95823765E+00 -0.13674083E+00  0.10060464E+04  0.12080434E+05  0.12500000E+03  0.12500000E+03  0.10000000E+01  0.00000000E+00
