  0.00000000E+00  0.00000000E+00  0.00000000E+00  0.00000000E+00  0.10006470E+04  0.12717798E+04  0.12500000E+03  0.21144089E-02  0.69999999E+00  0.99999756E+03
  0.00000000E+00  0.50000000E+00  0.00000000E+00  0.00000000E+00  0.10168469E+04  0.34771867E+05  0.12500000E+03  0.20843903E-02  0.69999999E+00  0.99999756E+03
  0.00000000E+00  0.10000000E+01  0.00000000E+00  0.00000000E+00  0.10243369E+04  0.51380160E+05  0.12500000E+03  0.29060214E-02  0.69999999E+00  0.99999658E+03
  0.00000000E+00  0.15000000E+01  0.00000000E+00  0.00000000E+00  0.10138397E+04  0.28307295E+05  0.12500000E+03  0.10134492E-02  0.69999999E+00  0.99999884E+03
  0.00000000E+00  0.20000000E+01  0.00000000E+00  0.00000000E+00  0.10216411E+04  0.45318156E+05  0.12500000E+03 -0.10882742E-02  0.69999999E+00  0.10000013E+04
  0.00000000E+00  0.25000000E+01  0.00000000E+00  0.00000000E+00  0.10031072E+04  0.61534297E+04  0.12500000E+03  0.32425398E-03  0.69999999E+00  0.99999963E+03
  0.00000000E+00  0.30000000E+01  0.00000000E+00  0.00000000E+00  0.10000000E+04  0.00000000E+00  0.12500000E+03  0.60528782E-05  0.69999999E+00  0.10000000E+04
  0.00000000E+00  0.35000000E+01  0.00000000E+00  0.00000000E+00  0.10000000E+04  0.00000000E+00  0.12500000E+03  0.00000000E+00  0.69999999E+00  0.10000000E+04
  0.00000000E+00  0.40000000E+01  0.00000000E+00  0.00000000E+00  0.10000000E+04  0.00000000E+00  0.12500000E+03  0.00000000E+00  0.69999999E+00  0.10000000E+04
 -0.25000000E+00 -0.25000000E+00  0.00000000E+00  0.00000000E+00  0.10006414E+04  0.12607445E+04  0.12500000E+03  0.52005530E-03  0.69999999E+00  0.99999939E+03
 -0.25000000E+00  0.25000000E+00  0.00000000E+00  0.00000000E+00  0.10009696E+04  0.19079932E+04  0.12500000E+03  0.87963644E-03  0.69999999E+00  0.99999902E+03
 -0.25000000E+00  0.75000000E+00  0.00000000E+00  0.00000000E+00  0.10104941E+04  0.21249111E+05  0.12500000E+03  0.19408678E-03  0.69999999E+00  0.99999976E+03
 -0.25000000E+00  0.12500000E+01  0.00000000E+00  0.00000000E+00  0.10047954E+04  0.95450801E+04  0.12500000E+03  0.93736482E-03  0.69999999E+00  0.99999890E+03
 -0.25000000E+00  0.17500000E+01  0.00000000E+00  0.00000000E+00  0.10012261E+04  0.24144106E+04  0.12500000E+03 -0.27568470E-03  0.69999999E+00  0.10000003E+04
 -0.25000000E+00  0.22500000E+01  0.00000000E+00  0.00000000E+00  0.10012462E+04  0.24542319E+04  0.12500000E+03 -0.15003496E-03  0.69999999E+00  0.10000002E+04
 -0.25000000E+00  0.27500000E+01  0.00000000E+00  0.00000000E+00  0.10000000E+04  0.00000000E+00  0.12500000E+03  0.00000000E+00  0.69999999E+00  0.10000000E+04
 -0.25000000E+00  0.32500000E+01  0.00000000E+00  0.00000000E+00  0.10000000E+04  0.00000000E+00  0.12500000E+03  0.00000000E+00  0.69999999E+00  0.10000000E+04
 -0.25000000E+00  0.37500000E+01  0.00000000E+00  0.00000000E+00  0.10000000E+04  0.00000000E+00  0.12500000E+03  0.00000000E+00  0.69999999E+00  0.10000000E+04
  0.80000000E+01  0.00000000E+00  0.00000000E+00  0.00000000E+00  0.10000000E+04  0.00000000E+00  0.12500000E+03  0.00000000E+00  0.69999999E+00  0.10000000E+04
  0.80000000E+01  0.50000000E+00  0.00000000E+00  0.00000000E+00  0.10000000E+04  0.00000000E+00  0.12500000E+03  0.00000000E+00  0.69999999E+00  0.10000000E+04
  0.80000000E+01  0.10000000E+01  0.00000000E+00  0.00000000E+00  0.10000000E+04  0.00000000E+00  0.12500000E+03  0.00000000E+00  0.69999999E+00  0.10000000E+04
  0.80000000E+01  0.15000000E+01  0.00000000E+00  0.00000000E+00  0.10000000E+04  0.00000000E+00  0.12500000E+03  0.00000000E+00  0.69999999E+00  0.10000000E+04
  0.80000000E+01  0.20000000E+01  0.00000000E+00  0.00000000E+00  0.10000000E+04  0.00000000E+00  0.12500000E+03  0.00000000E+00  0.69999999E+00  0.10000000E+04
  0.80000000E+01  0.25000000E+01  0.00000000E+00  0.00000000E+00  0.10000000E+04  0.00000000E+00  0.12500000E+03  0.00000000E+00  0.69999999E+00  0.10000000E+04
  0.80000000E+01  0.30000000E+01  0.00000000E+00  0.00000000E+00  0.10000000E+04  0.00000000E+00  0.12500000E+03  0.00000000E+00  0.69999999E+00  0.10000000E+04
  0.80000000E+01  0.35000000E+01  0.00000000E+00  0.00000000E+00  0.10000000E+04  0.00000000E+00  0.12500000E+03  0.00000000E+00  0.69999999E+00  0.10000000E+04
  0.80000000E+01  0.40000000E+01  0.00000000E+00  0.00000000E+00  0.10000000E+04  0.00000000E+00  0.12500000E+03  0.00000000E+00  0.69999999E+00  0.10000000E+04
  0.82500000E+01 -0.25000000E+00  0.00000000E+00  0.00000000E+00  0.10000000E+04  0.00000000E+00  0.12500000E+03  0.00000000E+00  0.69999999E+00  0.10000000E+04
  0.82500000E+01  0.25000000E+00  0.00000000E+00  0.00000000E+00  0.10000000E+04  0.00000000E+00  0.12500000E+03  0.00000000E+00  0.69999999E+00  0.10000000E+04
  0.82500000E+01  0.75000000E+00  0.00000000E+00  0.00000000E+00  0.10000000E+04  0.00000000E+00  0.12500000E+03  0.00000000E+00  0.69999999E+00  0.10000000E+04
  0.82500000E+01  0.12500000E+01  0.00000000E+00  0.00000000E+00  0.10000000E+04  0.00000000E+00  0.12500000E+03  0.00000000E+00  0.69999999E+00  0.10000000E+04
  0.82500000E+01  0.17500000E+01  0.00000000E+00  0.00000000E+00  0.10000000E+04  0.00000000E+00  0.12500000E+03  0.00000000E+00  0.69999999E+00  0.10000000E+04
  0.82500000E+01  0.22500000E+01  0.00000000E+00  0.00000000E+00  0.10000000E+04  0.00000000E+00  0.12500000E+03  0.00000000E+00  0.69999999E+00  0.10000000E+04
  0.82500000E+01  0.27500000E+01  0.00000000E+00  0.00000000E+00  0.10000000E+04  0.00000000E+00  0.12500000E+03  0.00000000E+00  0.69999999E+00  0.10000000E+04
  0.82500000E+01  0.32500000E+01  0.00000000E+00  0.00000000E+00  0.10000000E+04  0.00000000E+00  0.12500000E+03  0.00000000E+00  0.69999999E+00  0.10000000E+04
  0.82500000E+01  0.37500000E+01  0.00000000E+00  0.00000000E+00  0.10000000E+04  0.00000000E+00  0.12500000E+03  0.00000000E+00  0.69999999E+00  0.10000000E+04
  0.50000000E+00  0.00000000E+00  0.00000000E+00  0.00000000E+00  0.10265201E+04  0.56360137E+05  0.12500000E+03  0.10342313E-01  0.69999999E+00  0.99998785E+03
  0.10000000E+01  0.00000000E+00  0.00000000E+00  0.00000000E+00  0.10536997E+04  0.12393545E+06  0.12500000E+03  0.51788068E-02  0.69999999E+00  0.99999377E+03
  0.15000000E+01  0.00000000E+00  0.00000000E+00  0.00000000E+00  0.10337180E+04  0.73235508E+05  0.12500000E+03  0.18501699E-01  0.69999999E+00  0.99997815E+03
  0.20000000E+01  0.00000000E+00  0.00000000E+00  0.00000000E+00  0.11447495E+04  0.44177591E+06  0.12500000E+03  0.20925427E-01  0.69999999E+00  0.99997266E+03
  0.25000000E+01  0.00000000E+00  0.00000000E+00  0.00000000E+00  0.10347914E+04  0.75813070E+05  0.12500000E+03  0.42655175E-02  0.69999999E+00  0.99999493E+03
  0.30000000E+01  0.00000000E+00  0.00000000E+00  0.00000000E+00  0.10345247E+04  0.75171188E+05  0.12500000E+03  0.59956210E-02  0.69999999E+00  0.99999292E+03
  0.35000000E+01  0.00000000E+00  0.00000000E+00  0.00000000E+00  0.10057444E+04  0.11466484E+05  0.12500000E+03  0.23037351E-02  0.69999999E+00  0.99999738E+03
  0.40000000E+01  0.00000000E+00  0.00000000E+00  0.00000000E+00  0.10000137E+04  0.26898298E+02  0.12500000E+03 -0.68247195E-04  0.69999999E+00  0.10000001E+04
  0.45000000E+01  0.00000000E+00  0.00000000E+00  0.00000000E+00  0.10000000E+04  0.00000000E+00  0.12500000E+03  0.46495083E-41  0.69999999E+00  0.10000000E+04
  0.50000000E+01  0.00000000E+00  0.00000000E+00  0.00000000E+00  0.10000000E+04  0.00000000E+00  0.12500000E+03  0.00000000E+00  0.69999999E+00  0.10000000E+04
  0.55000000E+01  0.00000000E+00  0.00000000E+00  0.00000000E+00  0.10000000E+04  0.00000000E+00  0.12500000E+03  0.00000000E+00  0.69999999E+00  0.10000000E+04
  0.60000000E+01  0.00000000E+00  0.00000000E+00  0.00000000E+00  0.10000000E+04  0.00000000E+00  0.12500000E+03  0.00000000E+00  0.69999999E+00  0.10000000E+04
  0.65000000E+01  0.00000000E+00  0.00000000E+00  0.00000000E+00  0.10000000E+04  0.00000000E+00  0.12500000E+03  0.00000000E+00  0.69999999E+00  0.10000000E+04
  0.70000000E+01  0.00000000E+00  0.00000000E+00  0.00000000E+00  0.10000000E+04  0.00000000E+00  0.12500000E+03  0.00000000E+00  0.69999999E+00  0.10000000E+04
  0.75000000E+01  0.00000000E+00  0.00000000E+00  0.00000000E+00  0.10000000E+04  0.00000000E+00  0.12500000E+03  0.00000000E+00  0.69999999E+00  0.10000000E+04
  0.25000000E+00 -0.25000000E+00  0.00000000E+00  0.00000000E+00  0.10053204E+04  0.10606783E+05  0.12500000E+03  0.29736762E-02  0.69999999E+00  0.99999658E+03
  0.75000000E+00 -0.25000000E+00  0.00000000E+00  0.00000000E+00  0.10235768E+04  0.49661004E+05  0.12500000E+03  0.76168259E-02  0.69999999E+00  0.99999109E+03
  0.12500000E+01 -0.25000000E+00  0.00000000E+00  0.00000000E+00  0.10124056E+04  0.25264672E+05  0.12500000E+03  0.60682716E-02  0.69999999E+00  0.99999298E+03
  0.17500000E+01 -0.25000000E+00  0.00000000E+00  0.00000000E+00  0.10163127E+04  0.33615133E+05  0.12500000E+03  0.93903467E-02  0.69999999E+00  0.99998907E+03
  0.22500000E+01 -0.25000000E+00  0.00000000E+00  0.00000000E+00  0.10022450E+04  0.44343662E+04  0.12500000E+03  0.87745115E-02  0.69999999E+00  0.99998993E+03
  0.27500000E+01 -0.25000000E+00  0.00000000E+00  0.00000000E+00  0.10051858E+04  0.10334290E+05  0.12500000E+03  0.28650260E-02  0.69999999E+00  0.99999670E+03
  0.32500000E+01 -0.25000000E+00  0.00000000E+00  0.00000000E+00  0.10005509E+04  0.10825872E+04  0.12500000E+03  0.22344501E-02  0.69999999E+00  0.99999744E+03
  0.37500000E+01 -0.25000000E+00  0.00000000E+00  0.00000000E+00  0.10000070E+04  0.13565822E+02  0.12500000E+03 -0.15635355E-03  0.69999999E+00  0.10000002E+04
  0.42500000E+01 -0.25000000E+00  0.00000000E+00  0.00000000E+00  0.10000000E+04  0.00000000E+00  0.12500000E+03 -0.13647170E-37  0.69999999E+00  0.10000000E+04
  0.47500000E+01 -0.25000000E+00  0.00000000E+00  0.00000000E+00  0.10000000E+04  0.00000000E+00  0.12500000E+03 -0.46803369E-41  0.69999999E+00  0.10000000E+04
  0.52500000E+01 -0.25000000E+00  0.00000000E+00  0.00000000E+00  0.10000000E+04  0.00000000E+00  0.12500000E+03  0.00000000E+00  0.69999999E+00  0.10000000E+04
  0.57500000E+01 -0.25000000E+00  0.00000000E+00  0.00000000E+00  0.10000000E+04  0.00000000E+00  0.12500000E+03  0.00000000E+00  0.69999999E+00  0.10000000E+04
  0.62500000E+01 -0.25000000E+00  0.00000000E+00  0.00000000E+00  0.10000000E+04  0.00000000E+00  0.12500000E+03  0.00000000E+00  0.69999999E+00  0.10000000E+04
  0.67500000E+01 -0.25000000E+00  0.00000000E+00  0.00000000E+00  0.10000000E+04  0.00000000E+00  0.12500000E+03  0.00000000E+00  0.69999999E+00  0.10000000E+04
  0.72500000E+01 -0.25000000E+00  0.00000000E+00  0.00000000E+00  0.10000000E+04  0.00000000E+00  0.12500000E+03  0.00000000E+00  0.69999999E+00  0.10000000E+04
  0.77500000E+01 -0.25000000E+00  0.00000000E+00  0.00000000E+00  0.10000000E+04  0.00000000E+00  0.12500000E+03  0.00000000E+00  0.69999999E+00  0.10000000E+04
  0.40000000E+01  0.50000000E+00  0.00000000E+00  0.00000000E+00  0.10017875E+04  0.35257874E+04  0.12500000E+03 -0.21745516E-03  0.69999999E+00  0.10000002E+04
  0.37500000E+01  0.25000000E+00  0.00000000E+00  0.00000000E+00  0.10062781E+04  0.12551943E+05  0.12500000E+03 -0.10054654E-02  0.69999999E+00  0.10000012E+04
  0.40000000E+01  0.10000000E+01  0.00000000E+00  0.00000000E+00  0.10058344E+04  0.11649294E+05  0.12500000E+03 -0.81880426E-04  0.69999999E+00  0.10000001E+04
  0.37500000E+01  0.75000000E+00  0.00000000E+00  0.00000000E+00  0.10638164E+04  0.15189742E+06  0.12500000E+03  0.77542162E-03  0.69999999E+00  0.99999908E+03
  0.40000000E+01  0.15000000E+01  0.00000000E+00  0.00000000E+00  0.10006150E+04  0.12088600E+04  0.12500000E+03  0.24579850E-03  0.69999999E+00  0.99999969E+03
  0.37500000E+01  0.12500000E+01  0.00000000E+00  0.00000000E+00  0.10516342E+04  0.11842128E+06  0.12500000E+03  0.54658618E-03  0.69999999E+00  0.99999933E+03
  0.40000000E+01  0.20000000E+01  0.00000000E+00  0.00000000E+00  0.10001637E+04  0.32128680E+03  0.12500000E+03  0.22211440E-03  0.69999999E+00  0.99999976E+03
  0.37500000E+01  0.17500000E+01  0.00000000E+00  0.00000000E+00  0.10241482E+04  0.50952688E+05  0.12500000E+03  0.12230636E-02  0.69999999E+00  0.99999860E+03
  0.45000000E+01  0.50000000E+00  0.00000000E+00  0.00000000E+00  0.10000000E+04  0.00000000E+00  0.12500000E+03  0.14354901E-40  0.69999999E+00  0.10000000E+04
  0.42500000E+01  0.25000000E+00  0.00000000E+00  0.00000000E+00  0.10000018E+04  0.35083482E+01  0.12500000E+03 -0.74084828E-05  0.69999999E+00  0.10000000E+04
  0.45000000E+01  0.10000000E+01  0.00000000E+00  0.00000000E+00  0.10000000E+04  0.00000000E+00  0.12500000E+03  0.00000000E+00  0.69999999E+00  0.10000000E+04
  0.42500000E+01  0.75000000E+00  0.00000000E+00  0.00000000E+00  0.10000944E+04  0.18529227E+03  0.12500000E+03 -0.75637886E-05  0.69999999E+00  0.10000000E+04
  0.45000000E+01  0.15000000E+01  0.00000000E+00  0.00000000E+00  0.10000000E+04  0.00000000E+00  0.12500000E+03 -0.00000000E+00  0.69999999E+00  0.10000000E+04
  0.42500000E+01  0.12500000E+01  0.00000000E+00  0.00000000E+00  0.10000066E+04  0.12864128E+02  0.12500000E+03  0.34267537E-05  0.69999999E+00  0.10000000E+04
  0.45000000E+01  0.20000000E+01  0.00000000E+00  0.00000000E+00  0.10000000E+04  0.00000000E+00  0.12500000E+03  0.00000000E+00  0.69999999E+00  0.10000000E+04
  0.42500000E+01  0.17500000E+01  0.00000000E+00  0.00000000E+00  0.10000031E+04  0.60811610E+01  0.12500000E+03  0.28991612E-05  0.69999999E+00  0.10000000E+04
  0.50000000E+01  0.50000000E+00  0.00000000E+00  0.00000000E+00  0.10000000E+04  0.00000000E+00  0.12500000E+03  0.00000000E+00  0.69999999E+00  0.10000000E+04
  0.47500000E+01  0.25000000E+00  0.00000000E+00  0.00000000E+00  0.10000000E+04  0.00000000E+00  0.12500000E+03  0.46270875E-41  0.69999999E+00  0.10000000E+04
  0.50000000E+01  0.10000000E+01  0.00000000E+00  0.00000000E+00  0.10000000E+04  0.00000000E+00  0.12500000E+03  0.00000000E+00  0.69999999E+00  0.10000000E+04
  0.47500000E+01  0.75000000E+00  0.00000000E+00  0.00000000E+00  0.10000000E+04  0.00000000E+00  0.12500000E+03  0.00000000E+00  0.69999999E+00  0.10000000E+04
  0.50000000E+01  0.15000000E+01  0.00000000E+00  0.00000000E+00  0.10000000E+04  0.00000000E+00  0.12500000E+03  0.00000000E+00  0.69999999E+00  0.10000000E+04
  0.47500000E+01  0.12500000E+01  0.00000000E+00  0.00000000E+00  0.10000000E+04  0.00000000E+00  0.12500000E+03  0.00000000E+00  0.69999999E+00  0.10000000E+04
  0.50000000E+01  0.20000000E+01  0.00000000E+00  0.00000000E+00  0.10000000E+04  0.00000000E+00  0.12500000E+03  0.00000000E+00  0.69999999E+00  0.10000000E+04
  0.47500000E+01  0.17500000E+01  0.00000000E+00  0.00000000E+00  0.10000000E+04  0.00000000E+00  0.12500000E+03 -0.00000000E+00  0.69999999E+00  0.10000000E+04
  0.27552984E+01  0.96459126E+00  0.54925895E+00 -0.25785267E+00  0.10016715E+04  0.32960784E+04  0.12576698E+03  0.12576674E+03  0.10000000E+01  0.00000000E+00
  0.13495103E+01  0.10707864E+01  0.68840063E+00 -0.19609579E+00  0.99307672E+03 -0.13304541E+05  0.12561582E+03  0.12561256E+03  0.10000000E+01  0.00000000E+00
  0.12439518E+01  0.15823139E+01  0.17687426E+01 -0.21856940E+00  0.98691473E+03 -0.24687125E+05  0.12546356E+03  0.12546333E+03  0.10000000E+01  0.00000000E+00
  0.17462763E+01  0.16238621E+01  0.19680910E+01 -0.12201585E+01  0.10010742E+04  0.21143745E+04  0.12531018E+03  0.12531027E+03  0.10000000E+01  0.00000000E+00
  0.23328977E+01  0.15419940E+01  0.12891381E+01  0.55437416E+00  0.10117349E+04  0.23850594E+05  0.12515567E+03  0.12515567E+03  0.10000000E+01  0.00000000E+00
  0.28128338E+01  0.14821956E+01  0.16292419E+01 -0.93659151E+00  0.10049138E+04  0.97841797E+04  0.12500000E+03  0.12500000E+03  0.10000000E+01  0.00000000E+00
  0.26250772E+01  0.91690791E+00  0.20576850E-01 -0.84178364E+00  0.99702789E+03 -0.57795737E+04  0.12576698E+03  0.12575494E+03  0.10000000E+01  0.00000000E+00
  0.11443483E+01  0.10335631E+01  0.19587043E+00 -0.23860630E-01  0.99646997E+03 -0.68529941E+04  0.12561582E+03  0.12560624E+03  0.10000000E+01  0.00000000E+00
  0.10628068E+01  0.14192340E+01  0.12477001E+00 -0.10579226E+01  0.99473114E+03 -0.10175553E+05  0.12546356E+03  0.12546037E+03  0.10000000E+01  0.00000000E+00
  0.24464114E+01  0.13196548E+01  0.40249082E+00 -0.79343244E-01  0.99751257E+03 -0.48440527E+04  0.12531018E+03  0.12531038E+03  0.10000000E+01  0.00000000E+00
  0.10422796E+01  0.95846331E+00  0.92748660E+00 -0.18408152E+00  0.99130157E+03 -0.16627320E+05  0.12515567E+03  0.12515567E+03  0.10000000E+01  0.00000000E+00
  0.68765914E+00  0.94088662E+00  0.28226769E+00  0.82856572E+00  0.10059847E+04  0.11954841E+05  0.12500000E+03  0.12500000E+03  0.10000000E+01  0.00000000E+00
  0.19477632E+01  0.99719155E+00  0.60372281E+00 -0.10968709E+01  0.98776709E+03 -0.23137887E+05  0.12576698E+03  0.12575644E+03  0.10000000E+01  0.00000000E+00
  0.23623393E+01  0.91948807E+00  0.13911021E+01 -0.66438639E+00  0.10070886E+04  0.14207239E+05  0.12561582E+03  0.12561089E+03  0.10000000E+01  0.00000000E+00
  0.27312541E+01  0.76559699E+00  0.68592417E+00 -0.31141013E+00  0.10081014E+04  0.16286404E+05  0.12546356E+03  0.12546005E+03  0.10000000E+01  0.00000000E+00
  0.20676453E+01  0.11010052E+01 -0.27393562E+00  0.20264602E+01  0.99054932E+03 -0.18024717E+05  0.12531018E+03  0.12531018E+03  0.10000000E+01  0.00000000E+00
  0.29437566E+01  0.82558000E+00  0.93947625E+00  0.59012389E+00  0.10137245E+04  0.28062018E+05  0.12515567E+03  0.12515553E+03  0.10000000E+01  0.00000000E+00
  0.13658030E+01  0.17809246E+01  0.20364423E+01 -0.88681650E+00  0.99945868E+03 -0.10603650E+04  0.12500000E+03  0.12499989E+03  0.10000000E+01  0.00000000E+00
  0.89382982E+00  0.10458866E+01  0.30556980E+00  0.65162796E+00  0.99570630E+03 -0.83164609E+04  0.12576698E+03  0.12576566E+03  0.10000000E+01  0.00000000E+00
  0.23453193E+01  0.90903246E+00  0.11885644E+01 -0.50450623E+00  0.10077382E+04  0.15539204E+05  0.12561582E+03  0.12561221E+03  0.10000000E+01  0.00000000E+00
  0.29040632E+01  0.11573441E+01 -0.37052959E-01  0.14554408E+01  0.10086589E+04  0.17436469E+05  0.12546356E+03  0.12546202E+03  0.10000000E+01  0.00000000E+00
  0.18020711E+01  0.10571964E+01  0.18445842E+01 -0.63342464E+00  0.10171947E+04  0.35527086E+05  0.12531018E+03  0.12530890E+03  0.10000000E+01  0.00000000E+00
  0.95535433E+00  0.17516112E+01  0.55470675E+00 -0.11325799E+01  0.99848639E+03 -0.29562332E+04  0.12515567E+03  0.12515567E+03  0.10000000E+01  0.00000000E+00
  0.13135879E+01  0.79619873E+00  0.12238340E+01  0.63642019E+00  0.99685999E+03 -0.61030112E+04  0.12500000E+03  0.12500012E+03  0.10000000E+01  0.00000000E+00
  0.14004014E+01  0.17266691E+01 -0.43094271E+00 -0.17630750E+00  0.99414557E+03 -0.11286605E+05  0.12561582E+03  0.12561399E+03  0.10000000E+01  0.00000000E+00
  0.27175179E+01  0.17187994E+01 -0.13872677E+01  0.10814445E+01  0.10013655E+04  0.26899592E+04  0.12531018E+03  0.12531004E+03  0.10000000E+01  0.00000000E+00
  0.23559096E+01  0.18586702E+01  0.23791723E+01  0.89775777E+00  0.10023826E+04  0.47080425E+04  0.12500000E+03  0.12500000E+03  0.10000000E+01  0.00000000E+00
