  0.00000000E+00  0.00000000E+00  0.00000000E+00  0.00000000E+00  0.10011671E+04  0.22978022E+04  0.12500000E+03  0.19419689E-02  0.69999999E+00  0.99999780E+03
  0.00000000E+00  0.50000000E+00  0.00000000E+00  0.00000000E+00  0.10090065E+04  0.18155441E+05  0.12500000E+03  0.15208102E-02  0.69999999E+00  0.99999823E+03
  0.00000000E+00  0.10000000E+01  0.00000000E+00  0.00000000E+00  0.10406525E+04  0.90174117E+05  0.12500000E+03  0.24292225E-02  0.69999999E+00  0.99999713E+03
  0.00000000E+00  0.15000000E+01  0.00000000E+00  0.00000000E+00  0.10331615E+04  0.71905508E+05  0.12500000E+03  0.90689538E-03  0.69999999E+00  0.99999890E+03
  0.00000000E+00  0.20000000E+01  0.00000000E+00  0.00000000E+00  0.10105942E+04  0.21458340E+05  0.12500000E+03 -0.72500063E-03  0.69999999E+00  0.10000009E+04
  0.00000000E+00  0.25000000E+01  0.00000000E+00  0.00000000E+00  0.10002577E+04  0.50605835E+03  0.12500000E+03  0.13346755E-03  0.69999999E+00  0.99999988E+03
  0.00000000E+00  0.30000000E+01  0.00000000E+00  0.00000000E+00  0.10000000E+04  0.00000000E+00  0.12500000E+03  0.00000000E+00  0.69999999E+00  0.10000000E+04
  0.00000000E+00  0.35000000E+01  0.00000000E+00  0.00000000E+00  0.10000000E+04  0.00000000E+00  0.12500000E+03  0.00000000E+00  0.69999999E+00  0.10000000E+04
  0.00000000E+00  0.40000000E+01  0.00000000E+00  0.00000000E+00  0.10000000E+04  0.00000000E+00  0.12500000E+03  0.00000000E+00  0.69999999E+00  0.10000000E+04
 -0.25000000E+00 -0.25000000E+00  0.00000000E+00  0.00000000E+00  0.10006414E+04  0.12607445E+04  0.12500000E+03  0.52005530E-03  0.69999999E+00  0.99999939E+03
 -0.25000000E+00  0.25000000E+00  0.00000000E+00  0.00000000E+00  0.10011569E+04  0.22775471E+04  0.12500000E+03  0.77694381E-03  0.69999999E+00  0.99999908E+03
 -0.25000000E+00  0.75000000E+00  0.00000000E+00  0.00000000E+00  0.10017609E+04  0.34730725E+04  0.12500000E+03  0.29245319E-04  0.69999999E+00  0.99999994E+03
 -0.25000000E+00  0.12500000E+01  0.00000000E+00  0.00000000E+00  0.10042385E+04  0.84224014E+04  0.12500000E+03  0.80417137E-03  0.69999999E+00  0.99999908E+03
 -0.25000000E+00  0.17500000E+01  0.00000000E+00  0.00000000E+00  0.10008231E+04  0.16189946E+04  0.12500000E+03 -0.21694001E-03  0.69999999E+00  0.10000002E+04
 -0.25000000E+00  0.22500000E+01  0.00000000E+00  0.00000000E+00  0.10004747E+04  0.93267188E+03  0.12500000E+03 -0.90573652E-04  0.69999999E+00  0.10000001E+04
 -0.25000000E+00  0.27500000E+01  0.00000000E+00  0.00000000E+00  0.10000000E+04  0.00000000E+00  0.12500000E+03  0.00000000E+00  0.69999999E+00  0.10000000E+04
 -0.25000000E+00  0.32500000E+01  0.00000000E+00  0.00000000E+00  0.10000000E+04  0.00000000E+00  0.12500000E+03  0.00000000E+00  0.69999999E+00  0.10000000E+04
 -0.25000000E+00  0.37500000E+01  0.00000000E+00  0.00000000E+00  0.10000000E+04  0.00000000E+00  0.12500000E+03  0.00000000E+00  0.69999999E+00  0.10000000E+04
  0.80000000E+01  0.00000000E+00  0.00000000E+00  0.00000000E+00  0.10000000E+04  0.00000000E+00  0.12500000E+03  0.00000000E+00  0.69999999E+00  0.10000000E+04
  0.80000000E+01  0.50000000E+00  0.00000000E+00  0.00000000E+00  0.10000000E+04  0.00000000E+00  0.12500000E+03  0.00000000E+00  0.69999999E+00  0.10000000E+04
  0.80000000E+01  0.10000000E+01  0.00000000E+00  0.00000000E+00  0.10000000E+04  0.00000000E+00  0.12500000E+03  0.00000000E+00  0.69999999E+00  0.10000000E+04
  0.80000000E+01  0.15000000E+01  0.00000000E+00  0.00000000E+00  0.10000000E+04  0.00000000E+00  0.12500000E+03  0.00000000E+00  0.69999999E+00  0.10000000E+04
  0.80000000E+01  0.20000000E+01  0.00000000E+00  0.00000000E+00  0.10000000E+04  0.00000000E+00  0.12500000E+03  0.00000000E+00  0.69999999E+00  0.10000000E+04
  0.80000000E+01  0.25000000E+01  0.00000000E+00  0.00000000E+00  0.10000000E+04  0.00000000E+00  0.12500000E+03  0.00000000E+00  0.69999999E+00  0.10000000E+04
  0.80000000E+01  0.30000000E+01  0.00000000E+00  0.00000000E+00  0.10000000E+04  0.00000000E+00  0.12500000E+03  0.00000000E+00  0.69999999E+00  0.10000000E+04
  0.80000000E+01  0.35000000E+01  0.00000000E+00  0.00000000E+00  0.10000000E+04  0.00000000E+00  0.12500000E+03  0.00000000E+00  0.69999999E+00  0.10000000E+04
  0.80000000E+01  0.40000000E+01  0.00000000E+00  0.00000000E+00  0.10000000E+04  0.00000000E+00  0.12500000E+03  0.00000000E+00  0.69999999E+00  0.10000000E+04
  0.82500000E+01 -0.25000000E+00  0.00000000E+00  0.00000000E+00  0.10000000E+04  0.00000000E+00  0.12500000E+03  0.00000000E+00  0.69999999E+00  0.10000000E+04
  0.82500000E+01  0.25000000E+00  0.00000000E+00  0.00000000E+00  0.10000000E+04  0.00000000E+00  0.12500000E+03  0.00000000E+00  0.69999999E+00  0.10000000E+04
  0.82500000E+01  0.75000000E+00  0.00000000E+00  0.00000000E+00  0.10000000E+04  0.00000000E+00  0.12500000E+03  0.00000000E+00  0.69999999E+00  0.10000000E+04
  0.82500000E+01  0.12500000E+01  0.00000000E+00  0.00000000E+00  0.10000000E+04  0.00000000E+00  0.12500000E+03  0.00000000E+00  0.69999999E+00  0.10000000E+04
  0.82500000E+01  0.17500000E+01  0.00000000E+00  0.00000000E+00  0.10000000E+04  0.00000000E+00  0.12500000E+03  0.00000000E+00  0.69999999E+00  0.10000000E+04
  0.82500000E+01  0.22500000E+01  0.00000000E+00  0.00000000E+00  0.10000000E+04  0.00000000E+00  0.12500000E+03  0.00000000E+00  0.69999999E+00  0.10000000E+04
  0.82500000E+01  0.27500000E+01  0.00000000E+00  0.00000000E+00  0.10000000E+04  0.00000000E+00  0.12500000E+03  0.00000000E+00  0.69999999E+00  0.10000000E+04
  0.82500000E+01  0.32500000E+01  0.00000000E+00  0.00000000E+00  0.10000000E+04  0.00000000E+00  0.12500000E+03  0.00000000E+00  0.69999999E+00  0.10000000E+04
  0.82500000E+01  0.37500000E+01  0.00000000E+00  0.00000000E+00  0.10000000E+04  0.00000000E+00  0.12500000E+03  0.00000000E+00  0.69999999E+00  0.10000000E+04
  0.50000000E+00  0.00000000E+00  0.00000000E+00  0.00000000E+00  0.10186311E+04  0.38661996E+05  0.12500000E+03  0.93298834E-02  0.69999999E+00  0.99998914E+03
  0.10000000E+01  0.00000000E+00  0.00000000E+00  0.00000000E+00  0.10218976E+04  0.45890645E+05  0.12500000E+03  0.42360346E-02  0.69999999E+00  0.99999506E+03
  0.15000000E+01  0.00000000E+00  0.00000000E+00  0.00000000E+00  0.10519309E+04  0.11920939E+06  0.12500000E+03  0.16991988E-01  0.69999999E+00  0.99997955E+03
  0.20000000E+01  0.00000000E+00  0.00000000E+00  0.00000000E+00  0.11617671E+04  0.52034925E+06  0.12500000E+03  0.18896973E-01  0.69999999E+00  0.99997491E+03
  0.25000000E+01  0.00000000E+00  0.00000000E+00  0.00000000E+00  0.99590979E+03 -0.79271504E+04  0.12500000E+03  0.26306864E-02  0.69999999E+00  0.99999701E+03
  0.30000000E+01  0.00000000E+00  0.00000000E+00  0.00000000E+00  0.10323794E+04  0.70043406E+05  0.12500000E+03  0.45159832E-02  0.69999999E+00  0.99999469E+03
  0.35000000E+01  0.00000000E+00  0.00000000E+00  0.00000000E+00  0.10043403E+04  0.86273379E+04  0.12500000E+03  0.17384088E-02  0.69999999E+00  0.99999799E+03
  0.40000000E+01  0.00000000E+00  0.00000000E+00  0.00000000E+00  0.10000137E+04  0.26898298E+02  0.12500000E+03 -0.68247195E-04  0.69999999E+00  0.10000001E+04
  0.45000000E+01  0.00000000E+00  0.00000000E+00  0.00000000E+00  0.10000000E+04  0.00000000E+00  0.12500000E+03  0.33350903E-42  0.69999999E+00  0.10000000E+04
  0.50000000E+01  0.00000000E+00  0.00000000E+00  0.00000000E+00  0.10000000E+04  0.00000000E+00  0.12500000E+03  0.00000000E+00  0.69999999E+00  0.10000000E+04
  0.55000000E+01  0.00000000E+00  0.00000000E+00  0.00000000E+00  0.10000000E+04  0.00000000E+00  0.12500000E+03  0.00000000E+00  0.69999999E+00  0.10000000E+04
  0.60000000E+01  0.00000000E+00  0.00000000E+00  0.00000000E+00  0.10000000E+04  0.00000000E+00  0.12500000E+03  0.00000000E+00  0.69999999E+00  0.10000000E+04
  0.65000000E+01  0.00000000E+00  0.00000000E+00  0.00000000E+00  0.10000000E+04  0.00000000E+00  0.12500000E+03  0.00000000E+00  0.69999999E+00  0.10000000E+04
  0.70000000E+01  0.00000000E+00  0.00000000E+00  0.00000000E+00  0.10000000E+04  0.00000000E+00  0.12500000E+03  0.00000000E+00  0.69999999E+00  0.10000000E+04
  0.75000000E+01  0.00000000E+00  0.00000000E+00  0.00000000E+00  0.10000000E+04  0.00000000E+00  0.12500000E+03  0.00000000E+00  0.69999999E+00  0.10000000E+04
  0.25000000E+00 -0.25000000E+00  0.00000000E+00  0.00000000E+00  0.10054065E+04  0.10781159E+05  0.12500000E+03  0.27978937E-02  0.69999999E+00  0.99999677E+03
  0.75000000E+00 -0.25000000E+00  0.00000000E+00  0.00000000E+00  0.10212399E+04  0.44424027E+05  0.12500000E+03  0.71009002E-02  0.69999999E+00  0.99999170E+03
  0.12500000E+01 -0.25000000E+00  0.00000000E+00  0.00000000E+00  0.10091104E+04  0.18370484E+05  0.12500000E+03  0.58300411E-02  0.69999999E+00  0.99999329E+03
  0.17500000E+01 -0.25000000E+00  0.00000000E+00  0.00000000E+00  0.10173363E+04  0.35834742E+05  0.12500000E+03  0.88307485E-02  0.69999999E+00  0.99998975E+03
  0.22500000E+01 -0.25000000E+00  0.00000000E+00  0.00000000E+00  0.10003636E+04  0.71413892E+03  0.12500000E+03  0.78523234E-02  0.69999999E+00  0.99999103E+03
  0.27500000E+01 -0.25000000E+00  0.00000000E+00  0.00000000E+00  0.99945447E+03 -0.10686410E+04  0.12500000E+03  0.19434302E-02  0.69999999E+00  0.99999780E+03
  0.32500000E+01 -0.25000000E+00  0.00000000E+00  0.00000000E+00  0.10000490E+04  0.96142357E+02  0.12500000E+03  0.17922595E-02  0.69999999E+00  0.99999792E+03
  0.37500000E+01 -0.25000000E+00  0.00000000E+00  0.00000000E+00  0.10000070E+04  0.13565822E+02  0.12500000E+03 -0.15635355E-03  0.69999999E+00  0.10000002E+04
  0.42500000E+01 -0.25000000E+00  0.00000000E+00  0.00000000E+00  0.10000000E+04  0.00000000E+00  0.12500000E+03 -0.11536078E-38  0.69999999E+00  0.10000000E+04
  0.47500000E+01 -0.25000000E+00  0.00000000E+00  0.00000000E+00  0.10000000E+04  0.00000000E+00  0.12500000E+03 -0.27465450E-42  0.69999999E+00  0.10000000E+04
  0.52500000E+01 -0.25000000E+00  0.00000000E+00  0.00000000E+00  0.10000000E+04  0.00000000E+00  0.12500000E+03  0.00000000E+00  0.69999999E+00  0.10000000E+04
  0.57500000E+01 -0.25000000E+00  0.00000000E+00  0.00000000E+00  0.10000000E+04  0.00000000E+00  0.12500000E+03  0.00000000E+00  0.69999999E+00  0.10000000E+04
  0.62500000E+01 -0.25000000E+00  0.00000000E+00  0.00000000E+00  0.10000000E+04  0.00000000E+00  0.12500000E+03  0.00000000E+00  0.69999999E+00  0.10000000E+04
  0.67500000E+01 -0.25000000E+00  0.00000000E+00  0.00000000E+00  0.10000000E+04  0.00000000E+00  0.12500000E+03  0.00000000E+00  0.69999999E+00  0.10000000E+04
  0.72500000E+01 -0.25000000E+00  0.00000000E+00  0.00000000E+00  0.10000000E+04  0.00000000E+00  0.12500000E+03  0.00000000E+00  0.69999999E+00  0.10000000E+04
  0.77500000E+01 -0.25000000E+00  0.00000000E+00  0.00000000E+00  0.10000000E+04  0.00000000E+00  0.12500000E+03  0.00000000E+00  0.69999999E+00  0.10000000E+04
  0.40000000E+01  0.50000000E+00  0.00000000E+00  0.00000000E+00  0.10012316E+04  0.24252493E+04  0.12500000E+03 -0.18402287E-03  0.69999999E+00  0.10000002E+04
  0.37500000E+01  0.25000000E+00  0.00000000E+00  0.00000000E+00  0.10046860E+04  0.93241904E+04  0.12500000E+03 -0.76444150E-03  0.69999999E+00  0.10000009E+04
  0.40000000E+01  0.10000000E+01  0.00000000E+00  0.00000000E+00  0.10046781E+04  0.93083154E+04  0.12500000E+03 -0.76786891E-04  0.69999999E+00  0.10000001E+04
  0.37500000E+01  0.75000000E+00  0.00000000E+00  0.00000000E+00  0.10565242E+04  0.13158128E+06  0.12500000E+03  0.69706968E-03  0.69999999E+00  0.99999915E+03
  0.40000000E+01  0.15000000E+01  0.00000000E+00  0.00000000E+00  0.10007306E+04  0.14366493E+04  0.12500000E+03  0.17365144E-03  0.69999999E+00  0.99999982E+03
  0.37500000E+01  0.12500000E+01  0.00000000E+00  0.00000000E+00  0.10332657E+04  0.72154195E+05  0.12500000E+03  0.28091116E-03  0.69999999E+00  0.99999969E+03
  0.40000000E+01  0.20000000E+01  0.00000000E+00  0.00000000E+00  0.10002406E+04  0.47232803E+03  0.12500000E+03  0.17770079E-03  0.69999999E+00  0.99999982E+03
  0.37500000E+01  0.17500000E+01  0.00000000E+00  0.00000000E+00  0.10277692E+04  0.59238051E+05  0.12500000E+03  0.96374954E-03  0.69999999E+00  0.99999884E+03
  0.45000000E+01  0.50000000E+00  0.00000000E+00  0.00000000E+00  0.10000000E+04  0.00000000E+00  0.12500000E+03  0.13256283E-41  0.69999999E+00  0.10000000E+04
  0.42500000E+01  0.25000000E+00  0.00000000E+00  0.00000000E+00  0.10000018E+04  0.35083482E+01  0.12500000E+03 -0.74084828E-05  0.69999999E+00  0.10000000E+04
  0.45000000E+01  0.10000000E+01  0.00000000E+00  0.00000000E+00  0.10000000E+04  0.00000000E+00  0.12500000E+03 -0.00000000E+00  0.69999999E+00  0.10000000E+04
  0.42500000E+01  0.75000000E+00  0.00000000E+00  0.00000000E+00  0.10000944E+04  0.18529227E+03  0.12500000E+03 -0.75637886E-05  0.69999999E+00  0.10000000E+04
  0.45000000E+01  0.15000000E+01  0.00000000E+00  0.00000000E+00  0.10000000E+04  0.00000000E+00  0.12500000E+03  0.00000000E+00  0.69999999E+00  0.10000000E+04
  0.42500000E+01  0.12500000E+01  0.00000000E+00  0.00000000E+00  0.10000066E+04  0.12864128E+02  0.12500000E+03  0.34267537E-05  0.69999999E+00  0.10000000E+04
  0.45000000E+01  0.20000000E+01  0.00000000E+00  0.00000000E+00  0.10000000E+04  0.00000000E+00  0.12500000E+03  0.00000000E+00  0.69999999E+00  0.10000000E+04
  0.42500000E+01  0.17500000E+01  0.00000000E+00  0.00000000E+00  0.10000031E+04  0.60811610E+01  0.12500000E+03  0.28991612E-05  0.69999999E+00  0.10000000E+04
  0.50000000E+01  0.50000000E+00  0.00000000E+00  0.00000000E+00  0.10000000E+04  0.00000000E+00  0.12500000E+03  0.00000000E+00  0.69999999E+00  0.10000000E+04
  0.47500000E+01  0.25000000E+00  0.00000000E+00  0.00000000E+00  0.10000000E+04  0.00000000E+00  0.12500000E+03  0.26904931E-42  0.69999999E+00  0.10000000E+04
  0.50000000E+01  0.10000000E+01  0.00000000E+00  0.00000000E+00  0.10000000E+04  0.00000000E+00  0.12500000E+03  0.00000000E+00  0.69999999E+00  0.10000000E+04
  0.47500000E+01  0.75000000E+00  0.00000000E+00  0.00000000E+00  0.10000000E+04  0.00000000E+00  0.12500000E+03  0.00000000E+00  0.69999999E+00  0.10000000E+04
  0.50000000E+01  0.15000000E+01  0.00000000E+00  0.00000000E+00  0.10000000E+04  0.00000000E+00  0.12500000E+03 -0.00000000E+00  0.69999999E+00  0.10000000E+04
  0.47500000E+01  0.12500000E+01  0.00000000E+00  0.00000000E+00  0.10000000E+04  0.00000000E+00  0.12500000E+03 -0.00000000E+00  0.69999999E+00  0.10000000E+04
  0.50000000E+01  0.20000000E+01  0.00000000E+00  0.00000000E+00  0.10000000E+04  0.00000000E+00  0.12500000E+03  0.00000000E+00  0.69999999E+00  0.10000000E+04
  0.47500000E+01  0.17500000E+01  0.00000000E+00  0.00000000E+00  0.10000000E+04  0.00000000E+00  0.12500000E+03  0.00000000E+00  0.69999999E+00  0.10000000E+04
  0.26265795E+01  0.11124444E+01 -0.17068070E+00 -0.96349728E+00  0.10100623E+04  0.20348363E+05  0.12576698E+03  0.12576674E+03  0.10000000E+01  0.00000000E+00
  0.15691799E+01  0.95959902E+00 -0.16327682E+01  0.90328574E+00  0.10079184E+04  0.15909782E+05  0.12561582E+03  0.12561256E+03  0.10000000E+01  0.00000000E+00
  0.10689892E+01  0.10075182E+01 -0.14922180E+01  0.10606654E+01  0.10081640E+04  0.16415557E+05  0.12546356E+03  0.12546333E+03  0.10000000E+01  0.00000000E+00
  0.86897349E+00  0.11395308E+01 -0.29760396E+00  0.14186795E+01  0.10062479E+04  0.12490511E+05  0.12531018E+03  0.12531018E+03  0.10000000E+01  0.00000000E+00
  0.13250399E+01  0.17578465E+01  0.21961563E+01  0.29962533E+01  0.10151700E+04  0.31153061E+05  0.12515567E+03  0.12515567E+03  0.10000000E+01  0.00000000E+00
  0.23100834E+01  0.18773842E+01 -0.16266775E+00 -0.50717103E+00  0.10038743E+04  0.76903032E+04  0.12500000E+03  0.12500000E+03  0.10000000E+01  0.00000000E+00
  0.25729876E+01  0.12065747E+01 -0.68679178E+00  0.16353678E-01  0.10211418E+04  0.44205727E+05  0.12576698E+03  0.12575494E+03  0.10000000E+01  0.00000000E+00
  0.15703503E+01  0.98094034E+00 -0.22120953E+01  0.44104233E+00  0.10074138E+04  0.14873556E+05  0.12561582E+03  0.12560624E+03  0.10000000E+01  0.00000000E+00
  0.15004225E+01  0.12844663E+01 -0.17542809E+01  0.96372709E-01  0.97433722E+03 -0.46635590E+05  0.12546356E+03  0.12546037E+03  0.10000000E+01  0.00000000E+00
  0.21964929E+01  0.16213688E+01  0.51587439E+00  0.41924399E+00  0.99029755E+03 -0.18490977E+05  0.12531018E+03  0.12531038E+03  0.10000000E+01  0.00000000E+00
  0.10678515E+01  0.11778365E+01 -0.50161672E+00 -0.20331998E+01  0.99887085E+03 -0.22079026E+04  0.12515567E+03  0.12515567E+03  0.10000000E+01  0.00000000E+00
  0.78085458E+00  0.94129121E+00 -0.76957846E+00 -0.73962867E+00  0.10107304E+04  0.21742990E+05  0.12500000E+03  0.12500000E+03  0.10000000E+01  0.00000000E+00
  0.22758439E+01  0.15784497E+01 -0.24034026E+01 -0.16050721E+01  0.99550415E+03 -0.87027910E+04  0.12576698E+03  0.12575644E+03  0.10000000E+01  0.00000000E+00
  0.25285604E+01  0.15084623E+01 -0.12304931E+01  0.66743106E-01  0.10068051E+04  0.13627219E+05  0.12561582E+03  0.12561089E+03  0.10000000E+01  0.00000000E+00
  0.28271513E+01  0.98957634E+00  0.25287256E+00  0.34327692E+00  0.10081385E+04  0.16363006E+05  0.12546356E+03  0.12546005E+03  0.10000000E+01  0.00000000E+00
  0.25969031E+01  0.89101839E+00 -0.12857814E+01  0.13951778E+01  0.99123859E+03 -0.16744596E+05  0.12531018E+03  0.12531018E+03  0.10000000E+01  0.00000000E+00
  0.29149294E+01  0.86366832E+00  0.92125684E+00  0.88960135E+00  0.10132156E+04  0.26979830E+05  0.12515567E+03  0.12515553E+03  0.10000000E+01  0.00000000E+00
  0.14236209E+01  0.17168069E+01 -0.31814294E+01  0.38316876E+00  0.99652344E+03 -0.67502808E+04  0.12500000E+03  0.12500000E+03  0.10000000E+01  0.00000000E+00
  0.12339697E+01  0.85487688E+00 -0.14583675E+01  0.43768767E+00  0.10086932E+04  0.17507412E+05  0.12576698E+03  0.12576566E+03  0.10000000E+01  0.00000000E+00
  0.25260067E+01  0.15066323E+01 -0.13253183E+01  0.12909073E+00  0.10051758E+04  0.10314025E+05  0.12561582E+03  0.12561221E+03  0.10000000E+01  0.00000000E+00
  0.27345562E+01  0.82561779E+00  0.36629289E+00  0.45847726E+00  0.10159122E+04  0.32750166E+05  0.12546356E+03  0.12546202E+03  0.10000000E+01  0.00000000E+00
  0.17096732E+01  0.88609016E+00 -0.14555795E+01  0.91946769E+00  0.10089575E+04  0.18054014E+05  0.12531018E+03  0.12530890E+03  0.10000000E+01  0.00000000E+00
  0.18362091E+01  0.19922094E+01 -0.23960598E+01  0.14025280E+00  0.10071158E+04  0.14262879E+05  0.12515567E+03  0.12515567E+03  0.10000000E+01  0.00000000E+00
  0.19124398E+01  0.96300232E+00 -0.19722643E+01  0.42994118E+00  0.10459446E+04  0.10356438E+06  0.12500000E+03  0.12500012E+03  0.10000000E+01  0.00000000E+00
  0.16793468E+01  0.17126493E+01  0.39220043E-01  0.37747103E+00  0.98835468E+03 -0.22065205E+05  0.12561582E+03  0.12561399E+03  0.10000000E+01  0.00000000E+00
  0.28704753E+01  0.16456442E+01  0.64367384E+00 -0.15253270E+01  0.10027220E+04  0.53844233E+04  0.12531018E+03  0.12531004E+03  0.10000000E+01  0.00000000E+00
  0.99024498E+00  0.17680655E+01  0.11936960E+01  0.24237490E+01  0.10095783E+04  0.19341432E+05  0.12500000E+03  0.12500000E+03  0.10000000E+01  0.00000000E+00
