  0.00000000E+00  0.00000000E+00  0.00000000E+00  0.00000000E+00  0.10005344E+04  0.10502053E+04  0.12500000E+03  0.21456869E-02  0.69999999E+00  0.99999756E+03
  0.00000000E+00  0.50000000E+00  0.00000000E+00  0.00000000E+00  0.10104094E+04  0.21072359E+05  0.12500000E+03  0.21814210E-02  0.69999999E+00  0.99999750E+03
  0.00000000E+00  0.10000000E+01  0.00000000E+00  0.00000000E+00  0.10131781E+04  0.26900379E+05  0.12500000E+03  0.29512208E-02  0.69999999E+00  0.99999658E+03
  0.00000000E+00  0.15000000E+01  0.00000000E+00  0.00000000E+00  0.10110497E+04  0.22411400E+05  0.12500000E+03  0.10397439E-02  0.69999999E+00  0.99999878E+03
  0.00000000E+00  0.20000000E+01  0.00000000E+00  0.00000000E+00  0.10180065E+04  0.37295391E+05  0.12500000E+03 -0.10920980E-02  0.69999999E+00  0.10000013E+04
  0.00000000E+00  0.25000000E+01  0.00000000E+00  0.00000000E+00  0.10030736E+04  0.60862402E+04  0.12500000E+03  0.33517432E-03  0.69999999E+00  0.99999963E+03
  0.00000000E+00  0.30000000E+01  0.00000000E+00  0.00000000E+00  0.10000000E+04  0.00000000E+00  0.12500000E+03  0.60528782E-05  0.69999999E+00  0.10000000E+04
  0.00000000E+00  0.35000000E+01  0.00000000E+00  0.00000000E+00  0.10000000E+04  0.00000000E+00  0.12500000E+03  0.00000000E+00  0.69999999E+00  0.10000000E+04
  0.00000000E+00  0.40000000E+01  0.00000000E+00  0.00000000E+00  0.10000000E+04  0.00000000E+00  0.12500000E+03  0.00000000E+00  0.69999999E+00  0.10000000E+04
 -0.25000000E+00 -0.25000000E+00  0.00000000E+00  0.00000000E+00  0.10006414E+04  0.12607445E+04  0.12500000E+03  0.52005530E-03  0.69999999E+00  0.99999939E+03
 -0.25000000E+00  0.25000000E+00  0.00000000E+00  0.00000000E+00  0.10008385E+04  0.16493169E+04  0.12500000E+03  0.90330275E-03  0.69999999E+00  0.99999896E+03
 -0.25000000E+00  0.75000000E+00  0.00000000E+00  0.00000000E+00  0.10082042E+04  0.16498328E+05  0.12500000E+03  0.21781679E-03  0.69999999E+00  0.99999976E+03
 -0.25000000E+00  0.12500000E+01  0.00000000E+00  0.00000000E+00  0.10033677E+04  0.66744839E+04  0.12500000E+03  0.94498490E-03  0.69999999E+00  0.99999890E+03
 -0.25000000E+00  0.17500000E+01  0.00000000E+00  0.00000000E+00  0.10011809E+04  0.23251250E+04  0.12500000E+03 -0.25629596E-03  0.69999999E+00  0.10000003E+04
 -0.25000000E+00  0.22500000E+01  0.00000000E+00  0.00000000E+00  0.10012462E+04  0.24542319E+04  0.12500000E+03 -0.15003496E-03  0.69999999E+00  0.10000002E+04
 -0.25000000E+00  0.27500000E+01  0.00000000E+00  0.00000000E+00  0.10000000E+04  0.00000000E+00  0.12500000E+03  0.56051939E-44  0.69999999E+00  0.10000000E+04
 -0.25000000E+00  0.32500000E+01  0.00000000E+00  0.00000000E+00  0.10000000E+04  0.00000000E+00  0.12500000E+03  0.00000000E+00  0.69999999E+00  0.10000000E+04
 -0.25000000E+00  0.37500000E+01  0.00000000E+00  0.00000000E+00  0.10000000E+04  0.00000000E+00  0.12500000E+03  0.00000000E+00  0.69999999E+00  0.10000000E+04
  0.80000000E+01  0.00000000E+00  0.00000000E+00  0.00000000E+00  0.10000000E+04  0.00000000E+00  0.12500000E+03  0.00000000E+00  0.69999999E+00  0.10000000E+04
  0.80000000E+01  0.50000000E+00  0.00000000E+00  0.00000000E+00  0.10000000E+04  0.00000000E+00  0.12500000E+03  0.00000000E+00  0.69999999E+00  0.10000000E+04
  0.80000000E+01  0.10000000E+01  0.00000000E+00  0.00000000E+00  0.10000000E+04  0.00000000E+00  0.12500000E+03  0.00000000E+00  0.69999999E+00  0.10000000E+04
  0.80000000E+01  0.15000000E+01  0.00000000E+00  0.00000000E+00  0.10000000E+04  0.00000000E+00  0.12500000E+03  0.00000000E+00  0.69999999E+00  0.10000000E+04
  0.80000000E+01  0.20000000E+01  0.00000000E+00  0.00000000E+00  0.10000000E+04  0.00000000E+00  0.12500000E+03  0.00000000E+00  0.69999999E+00  0.10000000E+04
  0.80000000E+01  0.25000000E+01  0.00000000E+00  0.00000000E+00  0.10000000E+04  0.00000000E+00  0.12500000E+03  0.00000000E+00  0.69999999E+00  0.10000000E+04
  0.80000000E+01  0.30000000E+01  0.00000000E+00  0.00000000E+00  0.10000000E+04  0.00000000E+00  0.12500000E+03  0.00000000E+00  0.69999999E+00  0.10000000E+04
  0.80000000E+01  0.35000000E+01  0.00000000E+00  0.00000000E+00  0.10000000E+04  0.00000000E+00  0.12500000E+03  0.00000000E+00  0.69999999E+00  0.10000000E+04
  0.80000000E+01  0.40000000E+01  0.00000000E+00  0.00000000E+00  0.10000000E+04  0.00000000E+00  0.12500000E+03  0.00000000E+00  0.69999999E+00  0.10000000E+04
  0.82500000E+01 -0.25000000E+00  0.00000000E+00  0.00000000E+00  0.10000000E+04  0.00000000E+00  0.12500000E+03  0.00000000E+00  0.69999999E+00  0.10000000E+04
  0.82500000E+01  0.25000000E+00  0.00000000E+00  0.00000000E+00  0.10000000E+04  0.00000000E+00  0.12500000E+03  0.00000000E+00  0.69999999E+00  0.10000000E+04
  0.82500000E+01  0.75000000E+00  0.00000000E+00  0.00000000E+00  0.10000000E+04  0.00000000E+00  0.12500000E+03  0.00000000E+00  0.69999999E+00  0.10000000E+04
  0.82500000E+01  0.12500000E+01  0.00000000E+00  0.00000000E+00  0.10000000E+04  0.00000000E+00  0.12500000E+03  0.00000000E+00  0.69999999E+00  0.10000000E+04
  0.82500000E+01  0.17500000E+01  0.00000000E+00  0.00000000E+00  0.10000000E+04  0.00000000E+00  0.12500000E+03  0.00000000E+00  0.69999999E+00  0.10000000E+04
  0.82500000E+01  0.22500000E+01  0.00000000E+00  0.00000000E+00  0.10000000E+04  0.00000000E+00  0.12500000E+03  0.00000000E+00  0.69999999E+00  0.10000000E+04
  0.82500000E+01  0.27500000E+01  0.00000000E+00  0.00000000E+00  0.10000000E+04  0.00000000E+00  0.12500000E+03  0.00000000E+00  0.69999999E+00  0.10000000E+04
  0.82500000E+01  0.32500000E+01  0.00000000E+00  0.00000000E+00  0.10000000E+04  0.00000000E+00  0.12500000E+03  0.00000000E+00  0.69999999E+00  0.10000000E+04
  0.82500000E+01  0.37500000E+01  0.00000000E+00  0.00000000E+00  0.10000000E+04  0.00000000E+00  0.12500000E+03  0.00000000E+00  0.69999999E+00  0.10000000E+04
  0.50000000E+00  0.00000000E+00  0.00000000E+00  0.00000000E+00  0.10247115E+04  0.52230023E+05  0.12500000E+03  0.10533174E-01  0.69999999E+00  0.99998767E+03
  0.10000000E+01  0.00000000E+00  0.00000000E+00  0.00000000E+00  0.10447410E+04  0.10048294E+06  0.12500000E+03  0.53967866E-02  0.69999999E+00  0.99999353E+03
  0.15000000E+01  0.00000000E+00  0.00000000E+00  0.00000000E+00  0.10407576E+04  0.90435906E+05  0.12500000E+03  0.18872824E-01  0.69999999E+00  0.99997754E+03
  0.20000000E+01  0.00000000E+00  0.00000000E+00  0.00000000E+00  0.11568604E+04  0.49697644E+06  0.12500000E+03  0.21405408E-01  0.69999999E+00  0.99997168E+03
  0.25000000E+01  0.00000000E+00  0.00000000E+00  0.00000000E+00  0.10419222E+04  0.93349703E+05  0.12500000E+03  0.46763900E-02  0.69999999E+00  0.99999445E+03
  0.30000000E+01  0.00000000E+00  0.00000000E+00  0.00000000E+00  0.10489080E+04  0.11124220E+06  0.12500000E+03  0.63860044E-02  0.69999999E+00  0.99999237E+03
  0.35000000E+01  0.00000000E+00  0.00000000E+00  0.00000000E+00  0.10091930E+04  0.18541674E+05  0.12500000E+03  0.24493348E-02  0.69999999E+00  0.99999719E+03
  0.40000000E+01  0.00000000E+00  0.00000000E+00  0.00000000E+00  0.10000137E+04  0.26898298E+02  0.12500000E+03 -0.68247195E-04  0.69999999E+00  0.10000001E+04
  0.45000000E+01  0.00000000E+00  0.00000000E+00  0.00000000E+00  0.10000000E+04  0.00000000E+00  0.12500000E+03  0.68747703E-41  0.69999999E+00  0.10000000E+04
  0.50000000E+01  0.00000000E+00  0.00000000E+00  0.00000000E+00  0.10000000E+04  0.00000000E+00  0.12500000E+03  0.00000000E+00  0.69999999E+00  0.10000000E+04
  0.55000000E+01  0.00000000E+00  0.00000000E+00  0.00000000E+00  0.10000000E+04  0.00000000E+00  0.12500000E+03  0.00000000E+00  0.69999999E+00  0.10000000E+04
  0.60000000E+01  0.00000000E+00  0.00000000E+00  0.00000000E+00  0.10000000E+04  0.00000000E+00  0.12500000E+03  0.00000000E+00  0.69999999E+00  0.10000000E+04
  0.65000000E+01  0.00000000E+00  0.00000000E+00  0.00000000E+00  0.10000000E+04  0.00000000E+00  0.12500000E+03  0.00000000E+00  0.69999999E+00  0.10000000E+04
  0.70000000E+01  0.00000000E+00  0.00000000E+00  0.00000000E+00  0.10000000E+04  0.00000000E+00  0.12500000E+03  0.00000000E+00  0.69999999E+00  0.10000000E+04
  0.75000000E+01  0.00000000E+00  0.00000000E+00  0.00000000E+00  0.10000000E+04  0.00000000E+00  0.12500000E+03  0.00000000E+00  0.69999999E+00  0.10000000E+04
  0.25000000E+00 -0.25000000E+00  0.00000000E+00  0.00000000E+00  0.10053198E+04  0.10605576E+05  0.12500000E+03  0.29918072E-02  0.69999999E+00  0.99999658E+03
  0.75000000E+00 -0.25000000E+00  0.00000000E+00  0.00000000E+00  0.10234724E+04  0.49425711E+05  0.12500000E+03  0.77201412E-02  0.69999999E+00  0.99999097E+03
  0.12500000E+01 -0.25000000E+00  0.00000000E+00  0.00000000E+00  0.10106952E+04  0.21669438E+05  0.12500000E+03  0.62024118E-02  0.69999999E+00  0.99999286E+03
  0.17500000E+01 -0.25000000E+00  0.00000000E+00  0.00000000E+00  0.10168278E+04  0.34730242E+05  0.12500000E+03  0.95032174E-02  0.69999999E+00  0.99998895E+03
  0.22500000E+01 -0.25000000E+00  0.00000000E+00  0.00000000E+00  0.10018043E+04  0.35593589E+04  0.12500000E+03  0.90035535E-02  0.69999999E+00  0.99998969E+03
  0.27500000E+01 -0.25000000E+00  0.00000000E+00  0.00000000E+00  0.10041884E+04  0.83214180E+04  0.12500000E+03  0.31223667E-02  0.69999999E+00  0.99999640E+03
  0.32500000E+01 -0.25000000E+00  0.00000000E+00  0.00000000E+00  0.10010999E+04  0.21649893E+04  0.12500000E+03  0.23657382E-02  0.69999999E+00  0.99999731E+03
  0.37500000E+01 -0.25000000E+00  0.00000000E+00  0.00000000E+00  0.10000070E+04  0.13565822E+02  0.12500000E+03 -0.15635355E-03  0.69999999E+00  0.10000002E+04
  0.42500000E+01 -0.25000000E+00  0.00000000E+00  0.00000000E+00  0.10000000E+04  0.00000000E+00  0.12500000E+03 -0.22191632E-37  0.69999999E+00  0.10000000E+04
  0.47500000E+01 -0.25000000E+00  0.00000000E+00  0.00000000E+00  0.10000000E+04  0.00000000E+00  0.12500000E+03 -0.78192454E-41  0.69999999E+00  0.10000000E+04
  0.52500000E+01 -0.25000000E+00  0.00000000E+00  0.00000000E+00  0.10000000E+04  0.00000000E+00  0.12500000E+03  0.00000000E+00  0.69999999E+00  0.10000000E+04
  0.57500000E+01 -0.25000000E+00  0.00000000E+00  0.00000000E+00  0.10000000E+04  0.00000000E+00  0.12500000E+03  0.00000000E+00  0.69999999E+00  0.10000000E+04
  0.62500000E+01 -0.25000000E+00  0.00000000E+00  0.00000000E+00  0.10000000E+04  0.00000000E+00  0.12500000E+03  0.00000000E+00  0.69999999E+00  0.10000000E+04
  0.67500000E+01 -0.25000000E+00  0.00000000E+00  0.00000000E+00  0.10000000E+04  0.00000000E+00  0.12500000E+03  0.00000000E+00  0.69999999E+00  0.10000000E+04
  0.72500000E+01 -0.25000000E+00  0.00000000E+00  0.00000000E+00  0.10000000E+04  0.00000000E+00  0.12500000E+03  0.00000000E+00  0.69999999E+00  0.10000000E+04
  0.77500000E+01 -0.25000000E+00  0.00000000E+00  0.00000000E+00  0.10000000E+04  0.00000000E+00  0.12500000E+03  0.00000000E+00  0.69999999E+00  0.10000000E+04
  0.40000000E+01  0.50000000E+00  0.00000000E+00  0.00000000E+00  0.10019696E+04  0.38872161E+04  0.12500000E+03 -0.24182261E-03  0.69999999E+00  0.10000003E+04
  0.37500000E+01  0.25000000E+00  0.00000000E+00  0.00000000E+00  0.10092371E+04  0.18633109E+05  0.12500000E+03 -0.10905447E-02  0.69999999E+00  0.10000013E+04
  0.40000000E+01  0.10000000E+01  0.00000000E+00  0.00000000E+00  0.10042562E+04  0.84581484E+04  0.12500000E+03 -0.91355818E-04  0.69999999E+00  0.10000001E+04
  0.37500000E+01  0.75000000E+00  0.00000000E+00  0.00000000E+00  0.10621472E+04  0.14717292E+06  0.12500000E+03  0.80099027E-03  0.69999999E+00  0.99999902E+03
  0.40000000E+01  0.15000000E+01  0.00000000E+00  0.00000000E+00  0.10016298E+04  0.32131670E+04  0.12500000E+03  0.27553143E-03  0.69999999E+00  0.99999969E+03
  0.37500000E+01  0.12500000E+01  0.00000000E+00  0.00000000E+00  0.10491664E+04  0.11191800E+06  0.12500000E+03  0.59264299E-03  0.69999999E+00  0.99999927E+03
  0.40000000E+01  0.20000000E+01  0.00000000E+00  0.00000000E+00  0.10002073E+04  0.40698538E+03  0.12500000E+03  0.23763890E-03  0.69999999E+00  0.99999976E+03
  0.37500000E+01  0.17500000E+01  0.00000000E+00  0.00000000E+00  0.10328640E+04  0.71196109E+05  0.12500000E+03  0.13138109E-02  0.69999999E+00  0.99999847E+03
  0.45000000E+01  0.50000000E+00  0.00000000E+00  0.00000000E+00  0.10000000E+04  0.00000000E+00  0.12500000E+03  0.23586656E-40  0.69999999E+00  0.10000000E+04
  0.42500000E+01  0.25000000E+00  0.00000000E+00  0.00000000E+00  0.10000018E+04  0.35083482E+01  0.12500000E+03 -0.74084828E-05  0.69999999E+00  0.10000000E+04
  0.45000000E+01  0.10000000E+01  0.00000000E+00  0.00000000E+00  0.10000000E+04  0.00000000E+00  0.12500000E+03  0.00000000E+00  0.69999999E+00  0.10000000E+04
  0.42500000E+01  0.75000000E+00  0.00000000E+00  0.00000000E+00  0.10000944E+04  0.18529227E+03  0.12500000E+03 -0.10157886E-04  0.69999999E+00  0.10000000E+04
  0.45000000E+01  0.15000000E+01  0.00000000E+00  0.00000000E+00  0.10000000E+04  0.00000000E+00  0.12500000E+03 -0.00000000E+00  0.69999999E+00  0.10000000E+04
  0.42500000E+01  0.12500000E+01  0.00000000E+00  0.00000000E+00  0.10000066E+04  0.12864128E+02  0.12500000E+03  0.34267537E-05  0.69999999E+00  0.10000000E+04
  0.45000000E+01  0.20000000E+01  0.00000000E+00  0.00000000E+00  0.10000000E+04  0.00000000E+00  0.12500000E+03  0.00000000E+00  0.69999999E+00  0.10000000E+04
  0.42500000E+01  0.17500000E+01  0.00000000E+00  0.00000000E+00  0.10000031E+04  0.60811610E+01  0.12500000E+03  0.28991612E-05  0.69999999E+00  0.10000000E+04
  0.50000000E+01  0.50000000E+00  0.00000000E+00  0.00000000E+00  0.10000000E+04  0.00000000E+00  0.12500000E+03  0.00000000E+00  0.69999999E+00  0.10000000E+04
  0.47500000E+01  0.25000000E+00  0.00000000E+00  0.00000000E+00  0.10000000E+04  0.00000000E+00  0.12500000E+03  0.77127467E-41  0.69999999E+00  0.10000000E+04
  0.50000000E+01  0.10000000E+01  0.00000000E+00  0.00000000E+00  0.10000000E+04  0.00000000E+00  0.12500000E+03  0.00000000E+00  0.69999999E+00  0.10000000E+04
  0.47500000E+01  0.75000000E+00  0.00000000E+00  0.00000000E+00  0.10000000E+04  0.00000000E+00  0.12500000E+03  0.00000000E+00  0.69999999E+00  0.10000000E+04
  0.50000000E+01  0.15000000E+01  0.00000000E+00  0.00000000E+00  0.10000000E+04  0.00000000E+00  0.12500000E+03  0.00000000E+00  0.69999999E+00  0.10000000E+04
  0.47500000E+01  0.12500000E+01  0.00000000E+00  0.00000000E+00  0.10000000E+04  0.00000000E+00  0.12500000E+03  0.00000000E+00  0.69999999E+00  0.10000000E+04
  0.50000000E+01  0.20000000E+01  0.00000000E+00  0.00000000E+00  0.10000000E+04  0.00000000E+00  0.12500000E+03  0.00000000E+00  0.69999999E+00  0.10000000E+04
  0.47500000E+01  0.17500000E+01  0.00000000E+00  0.00000000E+00  0.10000000E+04  0.00000000E+00  0.12500000E+03 -0.00000000E+00  0.69999999E+00  0.10000000E+04
  0.27753971E+01  0.93922091E+00 -0.35532296E+00 -0.32700068E+00  0.10076888E+04  0.15438050E+05  0.12576698E+03  0.12576674E+03  0.10000000E+01  0.00000000E+00
  0.14569041E+01  0.10056576E+01  0.61429060E+00 -0.54012132E+00  0.10049449E+04  0.98470518E+04  0.12561582E+03  0.12561256E+03  0.10000000E+01  0.00000000E+00
  0.14580381E+01  0.14254230E+01  0.15019035E+01 -0.12285929E+01  0.99895239E+03 -0.20489648E+04  0.12546356E+03  0.12546333E+03  0.10000000E+01  0.00000000E+00
  0.20416737E+01  0.15932792E+01  0.17515197E+01  0.90332222E+00  0.10019382E+04  0.38249788E+04  0.12531018E+03  0.12531027E+03  0.10000000E+01  0.00000000E+00
  0.24861197E+01  0.16575040E+01  0.96161461E+00  0.17225899E+01  0.10002216E+04  0.43508813E+03  0.12515567E+03  0.12515567E+03  0.10000000E+01  0.00000000E+00
  0.29191704E+01  0.14588506E+01 -0.23645443E+00  0.26698756E+00  0.10070789E+04  0.14187230E+05  0.12500000E+03  0.12500000E+03  0.10000000E+01  0.00000000E+00
  0.26508327E+01  0.89608276E+00  0.22943057E-01  0.22673324E+00  0.10068881E+04  0.13796809E+05  0.12576698E+03  0.12575494E+03  0.10000000E+01  0.00000000E+00
  0.11775495E+01  0.97613370E+00 -0.47118342E+00 -0.52407748E+00  0.10027986E+04  0.55370840E+04  0.12561582E+03  0.12560624E+03  0.10000000E+01  0.00000000E+00
  0.10829244E+01  0.12723236E+01 -0.63051403E+00 -0.89696538E+00  0.10002985E+04  0.58618182E+03  0.12546356E+03  0.12546037E+03  0.10000000E+01  0.00000000E+00
  0.24958951E+01  0.13481642E+01 -0.22156512E-01  0.70558023E+00  0.10049059E+04  0.97682822E+04  0.12531018E+03  0.12531038E+03  0.10000000E+01  0.00000000E+00
  0.11306642E+01  0.90106130E+00 -0.50316732E-01 -0.73926139E+00  0.10033948E+04  0.67286626E+04  0.12515567E+03  0.12515567E+03  0.10000000E+01  0.00000000E+00
  0.72199035E+00  0.93943620E+00 -0.44008839E+00 -0.76826632E+00  0.10055452E+04  0.11062474E+05  0.12500000E+03  0.12500000E+03  0.10000000E+01  0.00000000E+00
  0.20363657E+01  0.96728730E+00 -0.42323342E+00  0.42037868E+00  0.10088416E+04  0.17814016E+05  0.12576698E+03  0.12575644E+03  0.10000000E+01  0.00000000E+00
  0.24745729E+01  0.89522600E+00  0.54252625E+00  0.44986315E-01  0.10068406E+04  0.13699820E+05  0.12561582E+03  0.12561089E+03  0.10000000E+01  0.00000000E+00
  0.28303781E+01  0.79638219E+00  0.99572349E+00  0.83396173E+00  0.10086086E+04  0.17332543E+05  0.12546356E+03  0.12546005E+03  0.10000000E+01  0.00000000E+00
  0.21441343E+01  0.12482175E+01  0.15399006E+00  0.11365738E+01  0.10037788E+04  0.74986157E+04  0.12531018E+03  0.12531018E+03  0.10000000E+01  0.00000000E+00
  0.29569860E+01  0.81139314E+00 -0.36117536E+00 -0.80426800E+00  0.10114701E+04  0.23293648E+05  0.12515567E+03  0.12515553E+03  0.10000000E+01  0.00000000E+00
  0.16107695E+01  0.15688312E+01  0.15246646E+01 -0.13708162E+01  0.99987854E+03 -0.23824568E+03  0.12500000E+03  0.12499989E+03  0.10000000E+01  0.00000000E+00
  0.92040658E+00  0.10413176E+01 -0.61144257E+00 -0.33763373E+00  0.10014508E+04  0.28588433E+04  0.12576698E+03  0.12576566E+03  0.10000000E+01  0.00000000E+00
  0.24308887E+01  0.90272677E+00 -0.30468326E-01  0.32704124E+00  0.10064877E+04  0.12979362E+05  0.12561582E+03  0.12561221E+03  0.10000000E+01  0.00000000E+00
  0.28287954E+01  0.13643136E+01 -0.16310780E+01  0.24290431E+01  0.10064716E+04  0.12946540E+05  0.12546356E+03  0.12546202E+03  0.10000000E+01  0.00000000E+00
  0.19707463E+01  0.95495939E+00  0.35767460E+00 -0.35927171E+00  0.10092838E+04  0.18730008E+05  0.12531018E+03  0.12530890E+03  0.10000000E+01  0.00000000E+00
  0.10101347E+01  0.15815594E+01 -0.87777376E-01 -0.80416894E+00  0.10066167E+04  0.13242543E+05  0.12515567E+03  0.12515567E+03  0.10000000E+01  0.00000000E+00
  0.14986176E+01  0.80829787E+00  0.13661871E+01 -0.21448830E+00  0.10116116E+04  0.23591062E+05  0.12500000E+03  0.12500012E+03  0.10000000E+01  0.00000000E+00
  0.13661451E+01  0.15656986E+01 -0.99639714E+00 -0.13113862E+01  0.10005594E+04  0.10992487E+04  0.12561582E+03  0.12561399E+03  0.10000000E+01  0.00000000E+00
  0.26184840E+01  0.19288261E+01 -0.74769688E+00  0.12275088E+01  0.99698126E+03 -0.58693931E+04  0.12531018E+03  0.12531004E+03  0.10000000E+01  0.00000000E+00
  0.26991274E+01  0.20383577E+01  0.22364569E+01  0.44050723E+00  0.99384290E+03 -0.11859369E+05  0.12500000E+03  0.12500000E+03  0.10000000E+01  0.00000000E+00
