  0.00000000E+00  0.00000000E+00  0.00000000E+00  0.00000000E+00  0.10008649E+04  0.17012710E+04  0.12500000E+03  0.18223706E-02  0.69999999E+00  0.99999792E+03
  0.00000000E+00  0.50000000E+00  0.00000000E+00  0.00000000E+00  0.10012891E+04  0.25388386E+04  0.12500000E+03  0.12332734E-02  0.69999999E+00  0.99999860E+03
  0.00000000E+00  0.10000000E+01  0.00000000E+00  0.00000000E+00  0.10078987E+04  0.15869322E+05  0.12500000E+03  0.22143784E-02  0.69999999E+00  0.99999744E+03
  0.00000000E+00  0.15000000E+01  0.00000000E+00  0.00000000E+00  0.10297566E+04  0.63860418E+05  0.12500000E+03  0.83875563E-03  0.69999999E+00  0.99999902E+03
  0.00000000E+00  0.20000000E+01  0.00000000E+00  0.00000000E+00  0.10106573E+04  0.21590166E+05  0.12500000E+03 -0.57985703E-03  0.69999999E+00  0.10000007E+04
  0.00000000E+00  0.25000000E+01  0.00000000E+00  0.00000000E+00  0.10002484E+04  0.48778732E+03  0.12500000E+03  0.11101574E-03  0.69999999E+00  0.99999988E+03
  0.00000000E+00  0.30000000E+01  0.00000000E+00  0.00000000E+00  0.10000000E+04  0.00000000E+00  0.12500000E+03  0.00000000E+00  0.69999999E+00  0.10000000E+04
  0.00000000E+00  0.35000000E+01  0.00000000E+00  0.00000000E+00  0.10000000E+04  0.00000000E+00  0.12500000E+03  0.00000000E+00  0.69999999E+00  0.10000000E+04
  0.00000000E+00  0.40000000E+01  0.00000000E+00  0.00000000E+00  0.10000000E+04  0.00000000E+00  0.12500000E+03  0.00000000E+00  0.69999999E+00  0.10000000E+04
 -0.25000000E+00 -0.25000000E+00  0.00000000E+00  0.00000000E+00  0.10006414E+04  0.12607445E+04  0.12500000E+03  0.52005530E-03  0.69999999E+00  0.99999939E+03
 -0.25000000E+00  0.25000000E+00  0.00000000E+00  0.00000000E+00  0.10011429E+04  0.22502283E+04  0.12500000E+03  0.72317623E-03  0.69999999E+00  0.99999915E+03
 -0.25000000E+00  0.75000000E+00  0.00000000E+00  0.00000000E+00  0.10006598E+04  0.12971389E+04  0.12500000E+03 -0.33976256E-04  0.69999999E+00  0.10000001E+04
 -0.25000000E+00  0.12500000E+01  0.00000000E+00  0.00000000E+00  0.10026241E+04  0.51893003E+04  0.12500000E+03  0.73548179E-03  0.69999999E+00  0.99999915E+03
 -0.25000000E+00  0.17500000E+01  0.00000000E+00  0.00000000E+00  0.10007020E+04  0.13802744E+04  0.12500000E+03 -0.18145979E-03  0.69999999E+00  0.10000002E+04
 -0.25000000E+00  0.22500000E+01  0.00000000E+00  0.00000000E+00  0.10004747E+04  0.93267188E+03  0.12500000E+03 -0.78150333E-04  0.69999999E+00  0.10000001E+04
 -0.25000000E+00  0.27500000E+01  0.00000000E+00  0.00000000E+00  0.10000000E+04  0.00000000E+00  0.12500000E+03  0.00000000E+00  0.69999999E+00  0.10000000E+04
 -0.25000000E+00  0.32500000E+01  0.00000000E+00  0.00000000E+00  0.10000000E+04  0.00000000E+00  0.12500000E+03  0.00000000E+00  0.69999999E+00  0.10000000E+04
 -0.25000000E+00  0.37500000E+01  0.00000000E+00  0.00000000E+00  0.10000000E+04  0.00000000E+00  0.12500000E+03  0.00000000E+00  0.69999999E+00  0.10000000E+04
  0.80000000E+01  0.00000000E+00  0.00000000E+00  0.00000000E+00  0.10000000E+04  0.00000000E+00  0.12500000E+03  0.00000000E+00  0.69999999E+00  0.10000000E+04
  0.80000000E+01  0.50000000E+00  0.00000000E+00  0.00000000E+00  0.10000000E+04  0.00000000E+00  0.12500000E+03  0.00000000E+00  0.69999999E+00  0.10000000E+04
  0.80000000E+01  0.10000000E+01  0.00000000E+00  0.00000000E+00  0.10000000E+04  0.00000000E+00  0.12500000E+03  0.00000000E+00  0.69999999E+00  0.10000000E+04
  0.80000000E+01  0.15000000E+01  0.00000000E+00  0.00000000E+00  0.10000000E+04  0.00000000E+00  0.12500000E+03  0.00000000E+00  0.69999999E+00  0.10000000E+04
  0.80000000E+01  0.20000000E+01  0.00000000E+00  0.00000000E+00  0.10000000E+04  0.00000000E+00  0.12500000E+03  0.00000000E+00  0.69999999E+00  0.10000000E+04
  0.80000000E+01  0.25000000E+01  0.00000000E+00  0.00000000E+00  0.10000000E+04  0.00000000E+00  0.12500000E+03  0.00000000E+00  0.69999999E+00  0.10000000E+04
  0.80000000E+01  0.30000000E+01  0.00000000E+00  0.00000000E+00  0.10000000E+04  0.00000000E+00  0.12500000E+03  0.00000000E+00  0.69999999E+00  0.10000000E+04
  0.80000000E+01  0.35000000E+01  0.00000000E+00  0.00000000E+00  0.10000000E+04  0.00000000E+00  0.12500000E+03  0.00000000E+00  0.69999999E+00  0.10000000E+04
  0.80000000E+01  0.40000000E+01  0.00000000E+00  0.00000000E+00  0.10000000E+04  0.00000000E+00  0.12500000E+03  0.00000000E+00  0.69999999E+00  0.10000000E+04
  0.82500000E+01 -0.25000000E+00  0.00000000E+00  0.00000000E+00  0.10000000E+04  0.00000000E+00  0.12500000E+03  0.00000000E+00  0.69999999E+00  0.10000000E+04
  0.82500000E+01  0.25000000E+00  0.00000000E+00  0.00000000E+00  0.10000000E+04  0.00000000E+00  0.12500000E+03  0.00000000E+00  0.69999999E+00  0.10000000E+04
  0.82500000E+01  0.75000000E+00  0.00000000E+00  0.00000000E+00  0.10000000E+04  0.00000000E+00  0.12500000E+03  0.00000000E+00  0.69999999E+00  0.10000000E+04
  0.82500000E+01  0.12500000E+01  0.00000000E+00  0.00000000E+00  0.10000000E+04  0.00000000E+00  0.12500000E+03  0.00000000E+00  0.69999999E+00  0.10000000E+04
  0.82500000E+01  0.17500000E+01  0.00000000E+00  0.00000000E+00  0.10000000E+04  0.00000000E+00  0.12500000E+03  0.00000000E+00  0.69999999E+00  0.10000000E+04
  0.82500000E+01  0.22500000E+01  0.00000000E+00  0.00000000E+00  0.10000000E+04  0.00000000E+00  0.12500000E+03  0.00000000E+00  0.69999999E+00  0.10000000E+04
  0.82500000E+01  0.27500000E+01  0.00000000E+00  0.00000000E+00  0.10000000E+04  0.00000000E+00  0.12500000E+03  0.00000000E+00  0.69999999E+00  0.10000000E+04
  0.82500000E+01  0.32500000E+01  0.00000000E+00  0.00000000E+00  0.10000000E+04  0.00000000E+00  0.12500000E+03  0.00000000E+00  0.69999999E+00  0.10000000E+04
  0.82500000E+01  0.37500000E+01  0.00000000E+00  0.00000000E+00  0.10000000E+04  0.00000000E+00  0.12500000E+03  0.00000000E+00  0.69999999E+00  0.10000000E+04
  0.50000000E+00  0.00000000E+00  0.00000000E+00  0.00000000E+00  0.10137811E+04  0.28182350E+05  0.12500000E+03  0.87111313E-02  0.69999999E+00  0.99998993E+03
  0.10000000E+01  0.00000000E+00  0.00000000E+00  0.00000000E+00  0.10061675E+04  0.12326906E+05  0.12500000E+03  0.33734902E-02  0.69999999E+00  0.99999609E+03
  0.15000000E+01  0.00000000E+00  0.00000000E+00  0.00000000E+00  0.10574854E+04  0.13421134E+06  0.12500000E+03  0.15463614E-01  0.69999999E+00  0.99998132E+03
  0.20000000E+01  0.00000000E+00  0.00000000E+00  0.00000000E+00  0.11536433E+04  0.48197228E+06  0.12500000E+03  0.17221382E-01  0.69999999E+00  0.99997729E+03
  0.25000000E+01  0.00000000E+00  0.00000000E+00  0.00000000E+00  0.10039836E+04  0.79098853E+04  0.12500000E+03  0.12918981E-02  0.69999999E+00  0.99999854E+03
  0.30000000E+01  0.00000000E+00  0.00000000E+00  0.00000000E+00  0.10232302E+04  0.48879852E+05  0.12500000E+03  0.33395209E-02  0.69999999E+00  0.99999609E+03
  0.35000000E+01  0.00000000E+00  0.00000000E+00  0.00000000E+00  0.99970642E+03 -0.57544379E+03  0.12500000E+03  0.13603801E-02  0.69999999E+00  0.99999847E+03
  0.40000000E+01  0.00000000E+00  0.00000000E+00  0.00000000E+00  0.10000131E+04  0.25728762E+02  0.12500000E+03 -0.50405528E-04  0.69999999E+00  0.10000001E+04
  0.45000000E+01  0.00000000E+00  0.00000000E+00  0.00000000E+00  0.10000000E+04  0.00000000E+00  0.12500000E+03  0.00000000E+00  0.69999999E+00  0.10000000E+04
  0.50000000E+01  0.00000000E+00  0.00000000E+00  0.00000000E+00  0.10000000E+04  0.00000000E+00  0.12500000E+03  0.00000000E+00  0.69999999E+00  0.10000000E+04
  0.55000000E+01  0.00000000E+00  0.00000000E+00  0.00000000E+00  0.10000000E+04  0.00000000E+00  0.12500000E+03  0.00000000E+00  0.69999999E+00  0.10000000E+04
  0.60000000E+01  0.00000000E+00  0.00000000E+00  0.00000000E+00  0.10000000E+04  0.00000000E+00  0.12500000E+03  0.00000000E+00  0.69999999E+00  0.10000000E+04
  0.65000000E+01  0.00000000E+00  0.00000000E+00  0.00000000E+00  0.10000000E+04  0.00000000E+00  0.12500000E+03  0.00000000E+00  0.69999999E+00  0.10000000E+04
  0.70000000E+01  0.00000000E+00  0.00000000E+00  0.00000000E+00  0.10000000E+04  0.00000000E+00  0.12500000E+03  0.00000000E+00  0.69999999E+00  0.10000000E+04
  0.75000000E+01  0.00000000E+00  0.00000000E+00  0.00000000E+00  0.10000000E+04  0.00000000E+00  0.12500000E+03  0.00000000E+00  0.69999999E+00  0.10000000E+04
  0.25000000E+00 -0.25000000E+00  0.00000000E+00  0.00000000E+00  0.10052322E+04  0.10428154E+05  0.12500000E+03  0.27088579E-02  0.69999999E+00  0.99999689E+03
  0.75000000E+00 -0.25000000E+00  0.00000000E+00  0.00000000E+00  0.10212729E+04  0.44497527E+05  0.12500000E+03  0.66551999E-02  0.69999999E+00  0.99999225E+03
  0.12500000E+01 -0.25000000E+00  0.00000000E+00  0.00000000E+00  0.10096096E+04  0.19406322E+05  0.12500000E+03  0.53985314E-02  0.69999999E+00  0.99999377E+03
  0.17500000E+01 -0.25000000E+00  0.00000000E+00  0.00000000E+00  0.10176061E+04  0.36421996E+05  0.12500000E+03  0.81865229E-02  0.69999999E+00  0.99999048E+03
  0.22500000E+01 -0.25000000E+00  0.00000000E+00  0.00000000E+00  0.10003278E+04  0.64359229E+03  0.12500000E+03  0.72434740E-02  0.69999999E+00  0.99999170E+03
  0.27500000E+01 -0.25000000E+00  0.00000000E+00  0.00000000E+00  0.10019586E+04  0.38654436E+04  0.12500000E+03  0.12629637E-02  0.69999999E+00  0.99999854E+03
  0.32500000E+01 -0.25000000E+00  0.00000000E+00  0.00000000E+00  0.10002451E+04  0.48122876E+03  0.12500000E+03  0.14877066E-02  0.69999999E+00  0.99999829E+03
  0.37500000E+01 -0.25000000E+00  0.00000000E+00  0.00000000E+00  0.10000071E+04  0.13799721E+02  0.12500000E+03 -0.13200220E-03  0.69999999E+00  0.10000001E+04
  0.42500000E+01 -0.25000000E+00  0.00000000E+00  0.00000000E+00  0.10000000E+04  0.00000000E+00  0.12500000E+03 -0.64106602E-40  0.69999999E+00  0.10000000E+04
  0.47500000E+01 -0.25000000E+00  0.00000000E+00  0.00000000E+00  0.10000000E+04  0.00000000E+00  0.12500000E+03 -0.00000000E+00  0.69999999E+00  0.10000000E+04
  0.52500000E+01 -0.25000000E+00  0.00000000E+00  0.00000000E+00  0.10000000E+04  0.00000000E+00  0.12500000E+03  0.00000000E+00  0.69999999E+00  0.10000000E+04
  0.57500000E+01 -0.25000000E+00  0.00000000E+00  0.00000000E+00  0.10000000E+04  0.00000000E+00  0.12500000E+03  0.00000000E+00  0.69999999E+00  0.10000000E+04
  0.62500000E+01 -0.25000000E+00  0.00000000E+00  0.00000000E+00  0.10000000E+04  0.00000000E+00  0.12500000E+03  0.00000000E+00  0.69999999E+00  0.10000000E+04
  0.67500000E+01 -0.25000000E+00  0.00000000E+00  0.00000000E+00  0.10000000E+04  0.00000000E+00  0.12500000E+03  0.00000000E+00  0.69999999E+00  0.10000000E+04
  0.72500000E+01 -0.25000000E+00  0.00000000E+00  0.00000000E+00  0.10000000E+04  0.00000000E+00  0.12500000E+03  0.00000000E+00  0.69999999E+00  0.10000000E+04
  0.77500000E+01 -0.25000000E+00  0.00000000E+00  0.00000000E+00  0.10000000E+04  0.00000000E+00  0.12500000E+03  0.00000000E+00  0.69999999E+00  0.10000000E+04
  0.40000000E+01  0.50000000E+00  0.00000000E+00  0.00000000E+00  0.10004330E+04  0.85058771E+03  0.12500000E+03 -0.15863737E-03  0.69999999E+00  0.10000002E+04
  0.37500000E+01  0.25000000E+00  0.00000000E+00  0.00000000E+00  0.10002432E+04  0.47748105E+03  0.12500000E+03 -0.62593265E-03  0.69999999E+00  0.10000007E+04
  0.40000000E+01  0.10000000E+01  0.00000000E+00  0.00000000E+00  0.10007313E+04  0.14380588E+04  0.12500000E+03 -0.15803333E-04  0.69999999E+00  0.10000000E+04
  0.37500000E+01  0.75000000E+00  0.00000000E+00  0.00000000E+00  0.10010457E+04  0.20581187E+04  0.12500000E+03  0.49391901E-03  0.69999999E+00  0.99999945E+03
  0.40000000E+01  0.15000000E+01  0.00000000E+00  0.00000000E+00  0.10043282E+04  0.86030938E+04  0.12500000E+03  0.19540661E-03  0.69999999E+00  0.99999976E+03
  0.37500000E+01  0.12500000E+01  0.00000000E+00  0.00000000E+00  0.10171293E+04  0.35384879E+05  0.12500000E+03  0.50543738E-03  0.69999999E+00  0.99999939E+03
  0.40000000E+01  0.20000000E+01  0.00000000E+00  0.00000000E+00  0.10024891E+04  0.49202134E+04  0.12500000E+03  0.68944413E-04  0.69999999E+00  0.99999994E+03
  0.37500000E+01  0.17500000E+01  0.00000000E+00  0.00000000E+00  0.10415587E+04  0.92438273E+05  0.12500000E+03  0.64496958E-03  0.69999999E+00  0.99999921E+03
  0.45000000E+01  0.50000000E+00  0.00000000E+00  0.00000000E+00  0.10000000E+04  0.00000000E+00  0.12500000E+03  0.00000000E+00  0.69999999E+00  0.10000000E+04
  0.42500000E+01  0.25000000E+00  0.00000000E+00  0.00000000E+00  0.10000018E+04  0.35083482E+01  0.12500000E+03 -0.74084828E-05  0.69999999E+00  0.10000000E+04
  0.45000000E+01  0.10000000E+01  0.00000000E+00  0.00000000E+00  0.10000000E+04  0.00000000E+00  0.12500000E+03  0.00000000E+00  0.69999999E+00  0.10000000E+04
  0.42500000E+01  0.75000000E+00  0.00000000E+00  0.00000000E+00  0.10000934E+04  0.18318608E+03  0.12500000E+03 -0.62608265E-05  0.69999999E+00  0.10000000E+04
  0.45000000E+01  0.15000000E+01  0.00000000E+00  0.00000000E+00  0.10000000E+04  0.00000000E+00  0.12500000E+03  0.00000000E+00  0.69999999E+00  0.10000000E+04
  0.42500000E+01  0.12500000E+01  0.00000000E+00  0.00000000E+00  0.10000083E+04  0.16372614E+02  0.12500000E+03  0.61922601E-05  0.69999999E+00  0.10000000E+04
  0.45000000E+01  0.20000000E+01  0.00000000E+00  0.00000000E+00  0.10000000E+04  0.00000000E+00  0.12500000E+03  0.00000000E+00  0.69999999E+00  0.10000000E+04
  0.42500000E+01  0.17500000E+01  0.00000000E+00  0.00000000E+00  0.10000043E+04  0.84200993E+01  0.12500000E+03  0.42326533E-05  0.69999999E+00  0.10000000E+04
  0.50000000E+01  0.50000000E+00  0.00000000E+00  0.00000000E+00  0.10000000E+04  0.00000000E+00  0.12500000E+03  0.00000000E+00  0.69999999E+00  0.10000000E+04
  0.47500000E+01  0.25000000E+00  0.00000000E+00  0.00000000E+00  0.10000000E+04  0.00000000E+00  0.12500000E+03  0.00000000E+00  0.69999999E+00  0.10000000E+04
  0.50000000E+01  0.10000000E+01  0.00000000E+00  0.00000000E+00  0.10000000E+04  0.00000000E+00  0.12500000E+03  0.00000000E+00  0.69999999E+00  0.10000000E+04
  0.47500000E+01  0.75000000E+00  0.00000000E+00  0.00000000E+00  0.10000000E+04  0.00000000E+00  0.12500000E+03  0.00000000E+00  0.69999999E+00  0.10000000E+04
  0.50000000E+01  0.15000000E+01  0.00000000E+00  0.00000000E+00  0.10000000E+04  0.00000000E+00  0.12500000E+03  0.00000000E+00  0.69999999E+00  0.10000000E+04
  0.47500000E+01  0.12500000E+01  0.00000000E+00  0.00000000E+00  0.10000000E+04  0.00000000E+00  0.12500000E+03  0.00000000E+00  0.69999999E+00  0.10000000E+04
  0.50000000E+01  0.20000000E+01  0.00000000E+00  0.00000000E+00  0.10000000E+04  0.00000000E+00  0.12500000E+03  0.00000000E+00  0.69999999E+00  0.10000000E+04
  0.47500000E+01  0.17500000E+01  0.00000000E+00  0.00000000E+00  0.10000000E+04  0.00000000E+00  0.12500000E+03  0.00000000E+00  0.69999999E+00  0.10000000E+04
  0.23050025E+01  0.15900817E+01  0.21805255E+01  0.10872394E+01  0.10094431E+04  0.19060453E+05  0.12576698E+03  0.12576674E+03  0.10000000E+01  0.00000000E+00
  0.13577386E+01  0.96249592E+00  0.18816988E+01 -0.24293117E-01  0.10184215E+04  0.38202941E+05  0.12561582E+03  0.12561256E+03  0.10000000E+01  0.00000000E+00
  0.14243914E+01  0.88924742E+00  0.11815331E+01  0.56712568E+00  0.10246008E+04  0.51978820E+05  0.12546356E+03  0.12546333E+03  0.10000000E+01  0.00000000E+00
  0.10388150E+01  0.14388448E+01  0.41094908E+00 -0.12439132E+01  0.10001575E+04  0.30911288E+03  0.12531018E+03  0.12531018E+03  0.10000000E+01  0.00000000E+00
  0.99876678E+00  0.12686083E+01  0.12389643E+01 -0.24089532E+01  0.10105480E+04  0.21361680E+05  0.12515567E+03  0.12515567E+03  0.10000000E+01  0.00000000E+00
  0.26656694E+01  0.21864414E+01 -0.46337806E-01  0.23704972E+01  0.10079078E+04  0.15887958E+05  0.12500000E+03  0.12500000E+03  0.10000000E+01  0.00000000E+00
  0.26423984E+01  0.17044609E+01  0.16856666E+01  0.17455626E+01  0.10004468E+04  0.87779047E+03  0.12576698E+03  0.12575494E+03  0.10000000E+01  0.00000000E+00
  0.14051396E+01  0.10377884E+01  0.12528830E+01  0.13434300E-01  0.10080229E+04  0.16124909E+05  0.12561582E+03  0.12560624E+03  0.10000000E+01  0.00000000E+00
  0.16351461E+01  0.12537920E+01  0.42233372E+00  0.92281276E+00  0.99820233E+03 -0.35080759E+04  0.12546356E+03  0.12546037E+03  0.10000000E+01  0.00000000E+00
  0.15552831E+01  0.92494535E+00  0.28415961E+01  0.14430135E+01  0.10178376E+04  0.36926957E+05  0.12531018E+03  0.12531038E+03  0.10000000E+01  0.00000000E+00
  0.14914734E+01  0.15911845E+01  0.25756425E+00  0.54296471E-01  0.99803473E+03 -0.38332285E+04  0.12515567E+03  0.12515567E+03  0.10000000E+01  0.00000000E+00
  0.92817032E+00  0.15227814E+01  0.12826580E+01 -0.94479656E+00  0.10058962E+04  0.11775017E+05  0.12500000E+03  0.12500000E+03  0.10000000E+01  0.00000000E+00
  0.24791982E+01  0.17773345E+01  0.44915962E+01  0.32591038E+01  0.10123954E+04  0.25243266E+05  0.12576698E+03  0.12575644E+03  0.10000000E+01  0.00000000E+00
  0.24445350E+01  0.15027086E+01  0.27359313E+00  0.39951243E+01  0.99253766E+03 -0.14317354E+05  0.12561582E+03  0.12561089E+03  0.10000000E+01  0.00000000E+00
  0.24839621E+01  0.10779805E+01 -0.11549603E+01  0.18473048E+01  0.99406116E+03 -0.11446426E+05  0.12546356E+03  0.12546005E+03  0.10000000E+01  0.00000000E+00
  0.25836999E+01  0.11505539E+01  0.18891625E+01  0.13877845E+01  0.98508911E+03 -0.27978523E+05  0.12531018E+03  0.12531018E+03  0.10000000E+01  0.00000000E+00
  0.26034713E+01  0.82566524E+00 -0.77071011E+00  0.11061731E+00  0.10026775E+04  0.52955225E+04  0.12515567E+03  0.12515559E+03  0.10000000E+01  0.00000000E+00
  0.23464377E+01  0.21023972E+01 -0.81706834E+00  0.12215283E+01  0.10040018E+04  0.79462964E+04  0.12500000E+03  0.12500000E+03  0.10000000E+01  0.00000000E+00
  0.15327227E+01  0.14612927E+01 -0.17908664E+01  0.17998278E+01  0.99659137E+03 -0.66196943E+04  0.12576698E+03  0.12576566E+03  0.10000000E+01  0.00000000E+00
  0.23487945E+01  0.15673611E+01  0.15188634E+01  0.40412493E+01  0.99605090E+03 -0.76569526E+04  0.12561582E+03  0.12561221E+03  0.10000000E+01  0.00000000E+00
  0.27231522E+01  0.85195959E+00 -0.24287283E+01 -0.73687029E+00  0.10006197E+04  0.12180155E+04  0.12546356E+03  0.12546202E+03  0.10000000E+01  0.00000000E+00
  0.27092180E+01  0.94786084E+00 -0.25646987E+01 -0.15033358E+01  0.99323651E+03 -0.13003781E+05  0.12531018E+03  0.12530890E+03  0.10000000E+01  0.00000000E+00
  0.27185373E+01  0.22760155E+01 -0.35793856E+00  0.24911814E+01  0.10036906E+04  0.73216235E+04  0.12515567E+03  0.12515567E+03  0.10000000E+01  0.00000000E+00
  0.30195150E+01  0.14565442E+01  0.79421145E+00 -0.18618819E+01  0.10190853E+04  0.39658812E+05  0.12500000E+03  0.12500012E+03  0.10000000E+01  0.00000000E+00
  0.16278064E+01  0.17632480E+01  0.53419381E+00  0.65604806E+00  0.95966156E+03 -0.70184961E+05  0.12561582E+03  0.12561399E+03  0.10000000E+01  0.00000000E+00
  0.29736719E+01  0.20070148E+01  0.47015086E+00  0.28634059E+01  0.10127816E+04  0.26059883E+05  0.12531018E+03  0.12531004E+03  0.10000000E+01  0.00000000E+00
  0.15492427E+01  0.20528343E+01 -0.93170714E+00  0.60083163E+00  0.99181482E+03 -0.15670366E+05  0.12500000E+03  0.12500000E+03  0.10000000E+01  0.00000000E+00
