  0.00000000E+00  0.00000000E+00  0.00000000E+00  0.00000000E+00  0.10029001E+04  0.57397881E+04  0.12500000E+03  0.23928171E-02  0.69999999E+00  0.99999725E+03
  0.00000000E+00  0.50000000E+00  0.00000000E+00  0.00000000E+00  0.10372812E+04  0.81854477E+05  0.12500000E+03  0.29757963E-02  0.69999999E+00  0.99999646E+03
  0.00000000E+00  0.10000000E+01  0.00000000E+00  0.00000000E+00  0.10380452E+04  0.83725469E+05  0.12500000E+03  0.34753203E-02  0.69999999E+00  0.99999585E+03
  0.00000000E+00  0.15000000E+01  0.00000000E+00  0.00000000E+00  0.10207028E+04  0.43230363E+05  0.12500000E+03  0.11413156E-02  0.69999999E+00  0.99999866E+03
  0.00000000E+00  0.20000000E+01  0.00000000E+00  0.00000000E+00  0.10367743E+04  0.80617258E+05  0.12500000E+03 -0.15138998E-02  0.69999999E+00  0.10000018E+04
  0.00000000E+00  0.25000000E+01  0.00000000E+00  0.00000000E+00  0.10057173E+04  0.11411540E+05  0.12500000E+03  0.37458102E-03  0.69999999E+00  0.99999957E+03
  0.00000000E+00  0.30000000E+01  0.00000000E+00  0.00000000E+00  0.10000000E+04  0.00000000E+00  0.12500000E+03  0.60528782E-05  0.69999999E+00  0.10000000E+04
  0.00000000E+00  0.35000000E+01  0.00000000E+00  0.00000000E+00  0.10000000E+04  0.00000000E+00  0.12500000E+03  0.00000000E+00  0.69999999E+00  0.10000000E+04
  0.00000000E+00  0.40000000E+01  0.00000000E+00  0.00000000E+00  0.10000000E+04  0.00000000E+00  0.12500000E+03  0.00000000E+00  0.69999999E+00  0.10000000E+04
 -0.25000000E+00 -0.25000000E+00  0.00000000E+00  0.00000000E+00  0.10006414E+04  0.12607445E+04  0.12500000E+03  0.52005530E-03  0.69999999E+00  0.99999939E+03
 -0.25000000E+00  0.25000000E+00  0.00000000E+00  0.00000000E+00  0.10021808E+04  0.43068540E+04  0.12500000E+03  0.10585224E-02  0.69999999E+00  0.99999878E+03
 -0.25000000E+00  0.75000000E+00  0.00000000E+00  0.00000000E+00  0.10123507E+04  0.25148590E+05  0.12500000E+03  0.40084787E-03  0.69999999E+00  0.99999951E+03
 -0.25000000E+00  0.12500000E+01  0.00000000E+00  0.00000000E+00  0.10028735E+04  0.56867207E+04  0.12500000E+03  0.10805938E-02  0.69999999E+00  0.99999878E+03
 -0.25000000E+00  0.17500000E+01  0.00000000E+00  0.00000000E+00  0.10015591E+04  0.30733750E+04  0.12500000E+03 -0.35829790E-03  0.69999999E+00  0.10000004E+04
 -0.25000000E+00  0.22500000E+01  0.00000000E+00  0.00000000E+00  0.10013055E+04  0.25716030E+04  0.12500000E+03 -0.15243032E-03  0.69999999E+00  0.10000002E+04
 -0.25000000E+00  0.27500000E+01  0.00000000E+00  0.00000000E+00  0.10000000E+04  0.00000000E+00  0.12500000E+03  0.29034904E-41  0.69999999E+00  0.10000000E+04
 -0.25000000E+00  0.32500000E+01  0.00000000E+00  0.00000000E+00  0.10000000E+04  0.00000000E+00  0.12500000E+03  0.96409334E-42  0.69999999E+00  0.10000000E+04
 -0.25000000E+00  0.37500000E+01  0.00000000E+00  0.00000000E+00  0.10000000E+04  0.00000000E+00  0.12500000E+03  0.00000000E+00  0.69999999E+00  0.10000000E+04
  0.80000000E+01  0.00000000E+00  0.00000000E+00  0.00000000E+00  0.10000000E+04  0.00000000E+00  0.12500000E+03  0.00000000E+00  0.69999999E+00  0.10000000E+04
  0.80000000E+01  0.50000000E+00  0.00000000E+00  0.00000000E+00  0.10000000E+04  0.00000000E+00  0.12500000E+03  0.00000000E+00  0.69999999E+00  0.10000000E+04
  0.80000000E+01  0.10000000E+01  0.00000000E+00  0.00000000E+00  0.10000000E+04  0.00000000E+00  0.12500000E+03  0.00000000E+00  0.69999999E+00  0.10000000E+04
  0.80000000E+01  0.15000000E+01  0.00000000E+00  0.00000000E+00  0.10000000E+04  0.00000000E+00  0.12500000E+03  0.00000000E+00  0.69999999E+00  0.10000000E+04
  0.80000000E+01  0.20000000E+01  0.00000000E+00  0.00000000E+00  0.10000000E+04  0.00000000E+00  0.12500000E+03  0.00000000E+00  0.69999999E+00  0.10000000E+04
  0.80000000E+01  0.25000000E+01  0.00000000E+00  0.00000000E+00  0.10000000E+04  0.00000000E+00  0.12500000E+03  0.00000000E+00  0.69999999E+00  0.10000000E+04
  0.80000000E+01  0.30000000E+01  0.00000000E+00  0.00000000E+00  0.10000000E+04  0.00000000E+00  0.12500000E+03  0.00000000E+00  0.69999999E+00  0.10000000E+04
  0.80000000E+01  0.35000000E+01  0.00000000E+00  0.00000000E+00  0.10000000E+04  0.00000000E+00  0.12500000E+03  0.00000000E+00  0.69999999E+00  0.10000000E+04
  0.80000000E+01  0.40000000E+01  0.00000000E+00  0.00000000E+00  0.10000000E+04  0.00000000E+00  0.12500000E+03  0.00000000E+00  0.69999999E+00  0.10000000E+04
  0.82500000E+01 -0.25000000E+00  0.00000000E+00  0.00000000E+00  0.10000000E+04  0.00000000E+00  0.12500000E+03  0.00000000E+00  0.69999999E+00  0.10000000E+04
  0.82500000E+01  0.25000000E+00  0.00000000E+00  0.00000000E+00  0.10000000E+04  0.00000000E+00  0.12500000E+03  0.00000000E+00  0.69999999E+00  0.10000000E+04
  0.82500000E+01  0.75000000E+00  0.00000000E+00  0.00000000E+00  0.10000000E+04  0.00000000E+00  0.12500000E+03  0.00000000E+00  0.69999999E+00  0.10000000E+04
  0.82500000E+01  0.12500000E+01  0.00000000E+00  0.00000000E+00  0.10000000E+04  0.00000000E+00  0.12500000E+03  0.00000000E+00  0.69999999E+00  0.10000000E+04
  0.82500000E+01  0.17500000E+01  0.00000000E+00  0.00000000E+00  0.10000000E+04  0.00000000E+00  0.12500000E+03  0.00000000E+00  0.69999999E+00  0.10000000E+04
  0.82500000E+01  0.22500000E+01  0.00000000E+00  0.00000000E+00  0.10000000E+04  0.00000000E+00  0.12500000E+03  0.00000000E+00  0.69999999E+00  0.10000000E+04
  0.82500000E+01  0.27500000E+01  0.00000000E+00  0.00000000E+00  0.10000000E+04  0.00000000E+00  0.12500000E+03  0.00000000E+00  0.69999999E+00  0.10000000E+04
  0.82500000E+01  0.32500000E+01  0.00000000E+00  0.00000000E+00  0.10000000E+04  0.00000000E+00  0.12500000E+03  0.00000000E+00  0.69999999E+00  0.10000000E+04
  0.82500000E+01  0.37500000E+01  0.00000000E+00  0.00000000E+00  0.10000000E+04  0.00000000E+00  0.12500000E+03  0.00000000E+00  0.69999999E+00  0.10000000E+04
  0.50000000E+00  0.00000000E+00  0.00000000E+00  0.00000000E+00  0.10502330E+04  0.11471748E+06  0.12500000E+03  0.12019031E-01  0.69999999E+00  0.99998560E+03
  0.10000000E+01  0.00000000E+00  0.00000000E+00  0.00000000E+00  0.10603076E+04  0.14201727E+06  0.12500000E+03  0.69975904E-02  0.69999999E+00  0.99999152E+03
  0.15000000E+01  0.00000000E+00  0.00000000E+00  0.00000000E+00  0.10321802E+04  0.69570508E+05  0.12500000E+03  0.21295574E-01  0.69999999E+00  0.99997485E+03
  0.20000000E+01  0.00000000E+00  0.00000000E+00  0.00000000E+00  0.11352693E+04  0.40094338E+06  0.12500000E+03  0.24459576E-01  0.69999999E+00  0.99996826E+03
  0.25000000E+01  0.00000000E+00  0.00000000E+00  0.00000000E+00  0.10293746E+04  0.62967883E+05  0.12500000E+03  0.68849628E-02  0.69999999E+00  0.99999188E+03
  0.30000000E+01  0.00000000E+00  0.00000000E+00  0.00000000E+00  0.10400508E+04  0.88677164E+05  0.12500000E+03  0.86334515E-02  0.69999999E+00  0.99998975E+03
  0.35000000E+01  0.00000000E+00  0.00000000E+00  0.00000000E+00  0.10041134E+04  0.81708398E+04  0.12500000E+03  0.34930522E-02  0.69999999E+00  0.99999597E+03
  0.40000000E+01  0.00000000E+00  0.00000000E+00  0.00000000E+00  0.10000137E+04  0.26898298E+02  0.12500000E+03 -0.68247195E-04  0.69999999E+00  0.10000001E+04
  0.45000000E+01  0.00000000E+00  0.00000000E+00  0.00000000E+00  0.10000000E+04  0.00000000E+00  0.12500000E+03  0.80213127E-40  0.69999999E+00  0.10000000E+04
  0.50000000E+01  0.00000000E+00  0.00000000E+00  0.00000000E+00  0.10000000E+04  0.00000000E+00  0.12500000E+03 -0.00000000E+00  0.69999999E+00  0.10000000E+04
  0.55000000E+01  0.00000000E+00  0.00000000E+00  0.00000000E+00  0.10000000E+04  0.00000000E+00  0.12500000E+03  0.00000000E+00  0.69999999E+00  0.10000000E+04
  0.60000000E+01  0.00000000E+00  0.00000000E+00  0.00000000E+00  0.10000000E+04  0.00000000E+00  0.12500000E+03  0.00000000E+00  0.69999999E+00  0.10000000E+04
  0.65000000E+01  0.00000000E+00  0.00000000E+00  0.00000000E+00  0.10000000E+04  0.00000000E+00  0.12500000E+03  0.00000000E+00  0.69999999E+00  0.10000000E+04
  0.70000000E+01  0.00000000E+00  0.00000000E+00  0.00000000E+00  0.10000000E+04  0.00000000E+00  0.12500000E+03  0.00000000E+00  0.69999999E+00  0.10000000E+04
  0.75000000E+01  0.00000000E+00  0.00000000E+00  0.00000000E+00  0.10000000E+04  0.00000000E+00  0.12500000E+03  0.00000000E+00  0.69999999E+00  0.10000000E+04
  0.25000000E+00 -0.25000000E+00  0.00000000E+00  0.00000000E+00  0.10059363E+04  0.11856435E+05  0.12500000E+03  0.32397136E-02  0.69999999E+00  0.99999628E+03
  0.75000000E+00 -0.25000000E+00  0.00000000E+00  0.00000000E+00  0.10263428E+04  0.55953137E+05  0.12500000E+03  0.86393990E-02  0.69999999E+00  0.99998987E+03
  0.12500000E+01 -0.25000000E+00  0.00000000E+00  0.00000000E+00  0.10096459E+04  0.19481633E+05  0.12500000E+03  0.70278607E-02  0.69999999E+00  0.99999188E+03
  0.17500000E+01 -0.25000000E+00  0.00000000E+00  0.00000000E+00  0.10150577E+04  0.30911730E+05  0.12500000E+03  0.10609718E-01  0.69999999E+00  0.99998767E+03
  0.22500000E+01 -0.25000000E+00  0.00000000E+00  0.00000000E+00  0.10012130E+04  0.23884941E+04  0.12500000E+03  0.10423742E-01  0.69999999E+00  0.99998810E+03
  0.27500000E+01 -0.25000000E+00  0.00000000E+00  0.00000000E+00  0.10056416E+04  0.11257887E+05  0.12500000E+03  0.45534894E-02  0.69999999E+00  0.99999475E+03
  0.32500000E+01 -0.25000000E+00  0.00000000E+00  0.00000000E+00  0.10011278E+04  0.22203215E+04  0.12500000E+03  0.31439839E-02  0.69999999E+00  0.99999640E+03
  0.37500000E+01 -0.25000000E+00  0.00000000E+00  0.00000000E+00  0.10000070E+04  0.13565822E+02  0.12500000E+03 -0.15635355E-03  0.69999999E+00  0.10000002E+04
  0.42500000E+01 -0.25000000E+00  0.00000000E+00  0.00000000E+00  0.10000000E+04  0.00000000E+00  0.12500000E+03 -0.34650497E-36  0.69999999E+00  0.10000000E+04
  0.47500000E+01 -0.25000000E+00  0.00000000E+00  0.00000000E+00  0.10000000E+04  0.00000000E+00  0.12500000E+03 -0.17205703E-39  0.69999999E+00  0.10000000E+04
  0.52500000E+01 -0.25000000E+00  0.00000000E+00  0.00000000E+00  0.10000000E+04  0.00000000E+00  0.12500000E+03  0.00000000E+00  0.69999999E+00  0.10000000E+04
  0.57500000E+01 -0.25000000E+00  0.00000000E+00  0.00000000E+00  0.10000000E+04  0.00000000E+00  0.12500000E+03  0.00000000E+00  0.69999999E+00  0.10000000E+04
  0.62500000E+01 -0.25000000E+00  0.00000000E+00  0.00000000E+00  0.10000000E+04  0.00000000E+00  0.12500000E+03  0.00000000E+00  0.69999999E+00  0.10000000E+04
  0.67500000E+01 -0.25000000E+00  0.00000000E+00  0.00000000E+00  0.10000000E+04  0.00000000E+00  0.12500000E+03  0.00000000E+00  0.69999999E+00  0.10000000E+04
  0.72500000E+01 -0.25000000E+00  0.00000000E+00  0.00000000E+00  0.10000000E+04  0.00000000E+00  0.12500000E+03  0.00000000E+00  0.69999999E+00  0.10000000E+04
  0.77500000E+01 -0.25000000E+00  0.00000000E+00  0.00000000E+00  0.10000000E+04  0.00000000E+00  0.12500000E+03  0.00000000E+00  0.69999999E+00  0.10000000E+04
  0.40000000E+01  0.50000000E+00  0.00000000E+00  0.00000000E+00  0.10000955E+04  0.18739847E+03  0.12500000E+03 -0.26067719E-03  0.69999999E+00  0.10000003E+04
  0.37500000E+01  0.25000000E+00  0.00000000E+00  0.00000000E+00  0.10015446E+04  0.30445737E+04  0.12500000E+03 -0.14926849E-02  0.69999999E+00  0.10000017E+04
  0.40000000E+01  0.10000000E+01  0.00000000E+00  0.00000000E+00  0.10009790E+04  0.19263434E+04  0.12500000E+03 -0.12848288E-03  0.69999999E+00  0.10000001E+04
  0.37500000E+01  0.75000000E+00  0.00000000E+00  0.00000000E+00  0.10320154E+04  0.69179523E+05  0.12500000E+03  0.95795922E-03  0.69999999E+00  0.99999884E+03
  0.40000000E+01  0.15000000E+01  0.00000000E+00  0.00000000E+00  0.10007889E+04  0.15515432E+04  0.12500000E+03  0.36833971E-03  0.69999999E+00  0.99999957E+03
  0.37500000E+01  0.12500000E+01  0.00000000E+00  0.00000000E+00  0.10394276E+04  0.87132586E+05  0.12500000E+03  0.86053234E-03  0.69999999E+00  0.99999896E+03
  0.40000000E+01  0.20000000E+01  0.00000000E+00  0.00000000E+00  0.10010588E+04  0.20840093E+04  0.12500000E+03  0.31560118E-03  0.69999999E+00  0.99999963E+03
  0.37500000E+01  0.17500000E+01  0.00000000E+00  0.00000000E+00  0.10293318E+04  0.62868000E+05  0.12500000E+03  0.17711266E-02  0.69999999E+00  0.99999792E+03
  0.45000000E+01  0.50000000E+00  0.00000000E+00  0.00000000E+00  0.10000000E+04  0.00000000E+00  0.12500000E+03  0.50708507E-39  0.69999999E+00  0.10000000E+04
  0.42500000E+01  0.25000000E+00  0.00000000E+00  0.00000000E+00  0.10000018E+04  0.35083482E+01  0.12500000E+03 -0.74084828E-05  0.69999999E+00  0.10000000E+04
  0.45000000E+01  0.10000000E+01  0.00000000E+00  0.00000000E+00  0.10000000E+04  0.00000000E+00  0.12500000E+03 -0.14853764E-42  0.69999999E+00  0.10000000E+04
  0.42500000E+01  0.75000000E+00  0.00000000E+00  0.00000000E+00  0.10000944E+04  0.18529227E+03  0.12500000E+03 -0.10442676E-04  0.69999999E+00  0.10000000E+04
  0.45000000E+01  0.15000000E+01  0.00000000E+00  0.00000000E+00  0.10000000E+04  0.00000000E+00  0.12500000E+03 -0.90243621E-42  0.69999999E+00  0.10000000E+04
  0.42500000E+01  0.12500000E+01  0.00000000E+00  0.00000000E+00  0.10000066E+04  0.12864128E+02  0.12500000E+03  0.34267537E-05  0.69999999E+00  0.10000000E+04
  0.45000000E+01  0.20000000E+01  0.00000000E+00  0.00000000E+00  0.10000000E+04  0.00000000E+00  0.12500000E+03  0.87441024E-42  0.69999999E+00  0.10000000E+04
  0.42500000E+01  0.17500000E+01  0.00000000E+00  0.00000000E+00  0.10000031E+04  0.60811610E+01  0.12500000E+03 -0.35628464E-05  0.69999999E+00  0.10000000E+04
  0.50000000E+01  0.50000000E+00  0.00000000E+00  0.00000000E+00  0.10000000E+04  0.00000000E+00  0.12500000E+03  0.00000000E+00  0.69999999E+00  0.10000000E+04
  0.47500000E+01  0.25000000E+00  0.00000000E+00  0.00000000E+00  0.10000000E+04  0.00000000E+00  0.12500000E+03  0.17010082E-39  0.69999999E+00  0.10000000E+04
  0.50000000E+01  0.10000000E+01  0.00000000E+00  0.00000000E+00  0.10000000E+04  0.00000000E+00  0.12500000E+03  0.00000000E+00  0.69999999E+00  0.10000000E+04
  0.47500000E+01  0.75000000E+00  0.00000000E+00  0.00000000E+00  0.10000000E+04  0.00000000E+00  0.12500000E+03  0.00000000E+00  0.69999999E+00  0.10000000E+04
  0.50000000E+01  0.15000000E+01  0.00000000E+00  0.00000000E+00  0.10000000E+04  0.00000000E+00  0.12500000E+03 -0.56892718E-42  0.69999999E+00  0.10000000E+04
  0.47500000E+01  0.12500000E+01  0.00000000E+00  0.00000000E+00  0.10000000E+04  0.00000000E+00  0.12500000E+03 -0.52408563E-42  0.69999999E+00  0.10000000E+04
  0.50000000E+01  0.20000000E+01  0.00000000E+00  0.00000000E+00  0.10000000E+04  0.00000000E+00  0.12500000E+03  0.51848043E-42  0.69999999E+00  0.10000000E+04
  0.47500000E+01  0.17500000E+01  0.00000000E+00  0.00000000E+00  0.10000000E+04  0.00000000E+00  0.12500000E+03  0.00000000E+00  0.69999999E+00  0.10000000E+04
  0.25052574E+01  0.94449258E+00  0.74017155E+00 -0.32301736E+00  0.10028738E+04  0.56874346E+04  0.12576698E+03  0.12576674E+03  0.10000000E+01  0.00000000E+00
  0.98762310E+00  0.88640547E+00 -0.15485727E+01  0.11975987E+00  0.10025670E+04  0.50752739E+04  0.12561582E+03  0.12561256E+03  0.10000000E+01  0.00000000E+00
  0.15480766E+01  0.91935933E+00 -0.11189097E+00  0.63735938E+00  0.10112429E+04  0.22816605E+05  0.12546356E+03  0.12546333E+03  0.10000000E+01  0.00000000E+00
  0.15008626E+01  0.15470107E+01  0.25395699E-01 -0.48694885E+00  0.10014354E+04  0.28284094E+04  0.12531018E+03  0.12531027E+03  0.10000000E+01  0.00000000E+00
  0.28102031E+01  0.15279340E+01  0.26446545E+00 -0.47081190E+00  0.99873248E+03 -0.24773848E+04  0.12515567E+03  0.12515567E+03  0.10000000E+01  0.00000000E+00
  0.26563830E+01  0.16059532E+01 -0.12905164E+01  0.20579070E-01  0.99850085E+03 -0.29280715E+04  0.12500000E+03  0.12500000E+03  0.10000000E+01  0.00000000E+00
  0.27998371E+01  0.95725167E+00  0.40555096E+00  0.89681476E-01  0.99846021E+03 -0.30071033E+04  0.12576698E+03  0.12575461E+03  0.10000000E+01  0.00000000E+00
  0.87752700E+00  0.10576253E+01 -0.29311299E+00  0.57159305E+00  0.99904749E+03 -0.18635549E+04  0.12561582E+03  0.12560624E+03  0.10000000E+01  0.00000000E+00
  0.88641739E+00  0.97888386E+00  0.18080413E+00 -0.12092004E+01  0.10013019E+04  0.25642957E+04  0.12546356E+03  0.12546037E+03  0.10000000E+01  0.00000000E+00
  0.24970667E+01  0.13379790E+01  0.31418893E+00  0.21825179E+00  0.10007230E+04  0.14216151E+04  0.12531018E+03  0.12531038E+03  0.10000000E+01  0.00000000E+00
  0.13002971E+01  0.86566913E+00 -0.37938100E+00  0.19820318E-01  0.10062473E+04  0.12489296E+05  0.12515567E+03  0.12515535E+03  0.10000000E+01  0.00000000E+00
  0.65256333E+00  0.82578349E+00 -0.77087536E-01 -0.89013821E+00  0.10171512E+04  0.35432535E+05  0.12500000E+03  0.12500000E+03  0.10000000E+01  0.00000000E+00
  0.20414217E+01  0.10055190E+01  0.34775710E+00  0.49760640E-02  0.10126995E+04  0.25886016E+05  0.12576698E+03  0.12575644E+03  0.10000000E+01  0.00000000E+00
  0.27528045E+01  0.91769958E+00  0.29311964E+00 -0.11650221E+00  0.99929095E+03 -0.13882139E+04  0.12561582E+03  0.12561059E+03  0.10000000E+01  0.00000000E+00
  0.28985529E+01  0.12674781E+01 -0.41998786E+00  0.29177219E+00  0.99809760E+03 -0.37112769E+04  0.12546356E+03  0.12546005E+03  0.10000000E+01  0.00000000E+00
  0.20809538E+01  0.11451517E+01 -0.64946926E+00 -0.66674376E+00  0.10084998E+04  0.17107807E+05  0.12531018E+03  0.12531018E+03  0.10000000E+01  0.00000000E+00
  0.28648996E+01  0.78113055E+00  0.61318070E-01 -0.16115579E+00  0.99958435E+03 -0.81443665E+03  0.12515567E+03  0.12515553E+03  0.10000000E+01  0.00000000E+00
  0.11724176E+01  0.16492064E+01 -0.14194539E+01  0.71027386E+00  0.99773840E+03 -0.44072261E+04  0.12500000E+03  0.12499989E+03  0.10000000E+01  0.00000000E+00
  0.89560580E+00  0.15159940E+01  0.53672016E-01  0.10503078E+01  0.99719562E+03 -0.54561543E+04  0.12576698E+03  0.12576566E+03  0.10000000E+01  0.00000000E+00
  0.28320456E+01  0.99267089E+00 -0.13809185E+00 -0.74382508E+00  0.99827393E+03 -0.33691040E+04  0.12561582E+03  0.12561245E+03  0.10000000E+01  0.00000000E+00
  0.14823577E+01  0.12463315E+01 -0.71311027E-01 -0.16673926E+00  0.10042330E+04  0.84113662E+04  0.12546356E+03  0.12546202E+03  0.10000000E+01  0.00000000E+00
  0.21617739E+01  0.97091067E+00 -0.50584728E+00  0.78641200E+00  0.10105712E+04  0.21410256E+05  0.12531018E+03  0.12530890E+03  0.10000000E+01  0.00000000E+00
  0.10425397E+01  0.19767103E+01 -0.28611448E-01  0.38239586E+00  0.99740912E+03 -0.50439946E+04  0.12515567E+03  0.12515567E+03  0.10000000E+01  0.00000000E+00
  0.14609036E+01  0.84640288E+00 -0.74633515E+00  0.15488750E+00  0.10116166E+04  0.23601590E+05  0.12500000E+03  0.12500012E+03  0.10000000E+01  0.00000000E+00
  0.87334943E+00  0.16077404E+01 -0.30325428E+00  0.10735545E+01  0.99747974E+03 -0.49075269E+04  0.12561582E+03  0.12561399E+03  0.10000000E+01  0.00000000E+00
  0.93320107E+00  0.20233636E+01 -0.25017922E+01  0.22671512E+00  0.99827966E+03 -0.33578772E+04  0.12531018E+03  0.12531004E+03  0.10000000E+01  0.00000000E+00
  0.22999752E+01  0.17197866E+01 -0.94380009E+00 -0.17310441E+00  0.10039536E+04  0.78495278E+04  0.12500000E+03  0.12500000E+03  0.10000000E+01  0.00000000E+00
