  0.00000000E+00  0.00000000E+00  0.00000000E+00  0.00000000E+00  0.10018767E+04  0.37029045E+04  0.12500000E+03  0.25376047E-02  0.69999999E+00  0.99999707E+03
  0.00000000E+00  0.50000000E+00  0.00000000E+00  0.00000000E+00  0.10180200E+04  0.37325066E+05  0.12500000E+03  0.34651179E-02  0.69999999E+00  0.99999597E+03
  0.00000000E+00  0.10000000E+01  0.00000000E+00  0.00000000E+00  0.10273705E+04  0.58317023E+05  0.12500000E+03  0.38509553E-02  0.69999999E+00  0.99999548E+03
  0.00000000E+00  0.15000000E+01  0.00000000E+00  0.00000000E+00  0.10308114E+04  0.66335820E+05  0.12500000E+03  0.13921217E-02  0.69999999E+00  0.99999835E+03
  0.00000000E+00  0.20000000E+01  0.00000000E+00  0.00000000E+00  0.10183112E+04  0.37961371E+05  0.12500000E+03 -0.18234332E-02  0.69999999E+00  0.10000021E+04
  0.00000000E+00  0.25000000E+01  0.00000000E+00  0.00000000E+00  0.10034469E+04  0.68332266E+04  0.12500000E+03  0.51974104E-03  0.69999999E+00  0.99999939E+03
  0.00000000E+00  0.30000000E+01  0.00000000E+00  0.00000000E+00  0.10000026E+04  0.51455903E+01  0.12500000E+03  0.38292605E-04  0.69999999E+00  0.99999994E+03
  0.00000000E+00  0.35000000E+01  0.00000000E+00  0.00000000E+00  0.10000000E+04  0.00000000E+00  0.12500000E+03  0.00000000E+00  0.69999999E+00  0.10000000E+04
  0.00000000E+00  0.40000000E+01  0.00000000E+00  0.00000000E+00  0.10000000E+04  0.00000000E+00  0.12500000E+03  0.00000000E+00  0.69999999E+00  0.10000000E+04
 -0.25000000E+00 -0.25000000E+00  0.00000000E+00  0.00000000E+00  0.10006414E+04  0.12607445E+04  0.12500000E+03  0.52005530E-03  0.69999999E+00  0.99999939E+03
 -0.25000000E+00  0.25000000E+00  0.00000000E+00  0.00000000E+00  0.10008446E+04  0.16613057E+04  0.12500000E+03  0.11556342E-02  0.69999999E+00  0.99999866E+03
 -0.25000000E+00  0.75000000E+00  0.00000000E+00  0.00000000E+00  0.10041163E+04  0.81765933E+04  0.12500000E+03  0.54441439E-03  0.69999999E+00  0.99999939E+03
 -0.25000000E+00  0.12500000E+01  0.00000000E+00  0.00000000E+00  0.10045887E+04  0.91279648E+04  0.12500000E+03  0.12010697E-02  0.69999999E+00  0.99999860E+03
 -0.25000000E+00  0.17500000E+01  0.00000000E+00  0.00000000E+00  0.10012325E+04  0.24271343E+04  0.12500000E+03 -0.38679602E-03  0.69999999E+00  0.10000004E+04
 -0.25000000E+00  0.22500000E+01  0.00000000E+00  0.00000000E+00  0.10015139E+04  0.29839109E+04  0.12500000E+03 -0.18548567E-03  0.69999999E+00  0.10000002E+04
 -0.25000000E+00  0.27500000E+01  0.00000000E+00  0.00000000E+00  0.10000007E+04  0.14033347E+01  0.12500000E+03  0.17473474E-04  0.69999999E+00  0.10000000E+04
 -0.25000000E+00  0.32500000E+01  0.00000000E+00  0.00000000E+00  0.10000000E+04  0.00000000E+00  0.12500000E+03  0.49914251E-41  0.69999999E+00  0.10000000E+04
 -0.25000000E+00  0.37500000E+01  0.00000000E+00  0.00000000E+00  0.10000000E+04  0.00000000E+00  0.12500000E+03  0.00000000E+00  0.69999999E+00  0.10000000E+04
  0.80000000E+01  0.00000000E+00  0.00000000E+00  0.00000000E+00  0.10000000E+04  0.00000000E+00  0.12500000E+03  0.00000000E+00  0.69999999E+00  0.10000000E+04
  0.80000000E+01  0.50000000E+00  0.00000000E+00  0.00000000E+00  0.10000000E+04  0.00000000E+00  0.12500000E+03  0.00000000E+00  0.69999999E+00  0.10000000E+04
  0.80000000E+01  0.10000000E+01  0.00000000E+00  0.00000000E+00  0.10000000E+04  0.00000000E+00  0.12500000E+03  0.00000000E+00  0.69999999E+00  0.10000000E+04
  0.80000000E+01  0.15000000E+01  0.00000000E+00  0.00000000E+00  0.10000000E+04  0.00000000E+00  0.12500000E+03  0.00000000E+00  0.69999999E+00  0.10000000E+04
  0.80000000E+01  0.20000000E+01  0.00000000E+00  0.00000000E+00  0.10000000E+04  0.00000000E+00  0.12500000E+03  0.00000000E+00  0.69999999E+00  0.10000000E+04
  0.80000000E+01  0.25000000E+01  0.00000000E+00  0.00000000E+00  0.10000000E+04  0.00000000E+00  0.12500000E+03  0.00000000E+00  0.69999999E+00  0.10000000E+04
  0.80000000E+01  0.30000000E+01  0.00000000E+00  0.00000000E+00  0.10000000E+04  0.00000000E+00  0.12500000E+03  0.00000000E+00  0.69999999E+00  0.10000000E+04
  0.80000000E+01  0.35000000E+01  0.00000000E+00  0.00000000E+00  0.10000000E+04  0.00000000E+00  0.12500000E+03  0.00000000E+00  0.69999999E+00  0.10000000E+04
  0.80000000E+01  0.40000000E+01  0.00000000E+00  0.00000000E+00  0.10000000E+04  0.00000000E+00  0.12500000E+03  0.00000000E+00  0.69999999E+00  0.10000000E+04
  0.82500000E+01 -0.25000000E+00  0.00000000E+00  0.00000000E+00  0.10000000E+04  0.00000000E+00  0.12500000E+03  0.00000000E+00  0.69999999E+00  0.10000000E+04
  0.82500000E+01  0.25000000E+00  0.00000000E+00  0.00000000E+00  0.10000000E+04  0.00000000E+00  0.12500000E+03  0.00000000E+00  0.69999999E+00  0.10000000E+04
  0.82500000E+01  0.75000000E+00  0.00000000E+00  0.00000000E+00  0.10000000E+04  0.00000000E+00  0.12500000E+03  0.00000000E+00  0.69999999E+00  0.10000000E+04
  0.82500000E+01  0.12500000E+01  0.00000000E+00  0.00000000E+00  0.10000000E+04  0.00000000E+00  0.12500000E+03  0.00000000E+00  0.69999999E+00  0.10000000E+04
  0.82500000E+01  0.17500000E+01  0.00000000E+00  0.00000000E+00  0.10000000E+04  0.00000000E+00  0.12500000E+03  0.00000000E+00  0.69999999E+00  0.10000000E+04
  0.82500000E+01  0.22500000E+01  0.00000000E+00  0.00000000E+00  0.10000000E+04  0.00000000E+00  0.12500000E+03  0.00000000E+00  0.69999999E+00  0.10000000E+04
  0.82500000E+01  0.27500000E+01  0.00000000E+00  0.00000000E+00  0.10000000E+04  0.00000000E+00  0.12500000E+03  0.00000000E+00  0.69999999E+00  0.10000000E+04
  0.82500000E+01  0.32500000E+01  0.00000000E+00  0.00000000E+00  0.10000000E+04  0.00000000E+00  0.12500000E+03  0.00000000E+00  0.69999999E+00  0.10000000E+04
  0.82500000E+01  0.37500000E+01  0.00000000E+00  0.00000000E+00  0.10000000E+04  0.00000000E+00  0.12500000E+03  0.00000000E+00  0.69999999E+00  0.10000000E+04
  0.50000000E+00  0.00000000E+00  0.00000000E+00  0.00000000E+00  0.10517850E+04  0.11882166E+06  0.12500000E+03  0.13011109E-01  0.69999999E+00  0.99998438E+03
  0.10000000E+01  0.00000000E+00  0.00000000E+00  0.00000000E+00  0.10641541E+04  0.15285841E+06  0.12500000E+03  0.77672736E-02  0.69999999E+00  0.99999054E+03
  0.15000000E+01  0.00000000E+00  0.00000000E+00  0.00000000E+00  0.10097950E+04  0.19791959E+05  0.12500000E+03  0.22739641E-01  0.69999999E+00  0.99997375E+03
  0.20000000E+01  0.00000000E+00  0.00000000E+00  0.00000000E+00  0.11260508E+04  0.36315262E+06  0.12500000E+03  0.26142666E-01  0.69999999E+00  0.99996637E+03
  0.25000000E+01  0.00000000E+00  0.00000000E+00  0.00000000E+00  0.10419222E+04  0.93349703E+05  0.12500000E+03  0.82738306E-02  0.69999999E+00  0.99999017E+03
  0.30000000E+01  0.00000000E+00  0.00000000E+00  0.00000000E+00  0.10458103E+04  0.10321970E+06  0.12500000E+03  0.99296048E-02  0.69999999E+00  0.99998816E+03
  0.35000000E+01  0.00000000E+00  0.00000000E+00  0.00000000E+00  0.10037091E+04  0.73586885E+04  0.12500000E+03  0.41359905E-02  0.69999999E+00  0.99999524E+03
  0.40000000E+01  0.00000000E+00  0.00000000E+00  0.00000000E+00  0.10000137E+04  0.26898298E+02  0.12500000E+03 -0.68247195E-04  0.69999999E+00  0.10000001E+04
  0.45000000E+01  0.00000000E+00  0.00000000E+00  0.00000000E+00  0.10000000E+04  0.00000000E+00  0.12500000E+03  0.31496425E-39  0.69999999E+00  0.10000000E+04
  0.50000000E+01  0.00000000E+00  0.00000000E+00  0.00000000E+00  0.10000000E+04  0.00000000E+00  0.12500000E+03 -0.96409334E-42  0.69999999E+00  0.10000000E+04
  0.55000000E+01  0.00000000E+00  0.00000000E+00  0.00000000E+00  0.10000000E+04  0.00000000E+00  0.12500000E+03  0.00000000E+00  0.69999999E+00  0.10000000E+04
  0.60000000E+01  0.00000000E+00  0.00000000E+00  0.00000000E+00  0.10000000E+04  0.00000000E+00  0.12500000E+03  0.00000000E+00  0.69999999E+00  0.10000000E+04
  0.65000000E+01  0.00000000E+00  0.00000000E+00  0.00000000E+00  0.10000000E+04  0.00000000E+00  0.12500000E+03  0.00000000E+00  0.69999999E+00  0.10000000E+04
  0.70000000E+01  0.00000000E+00  0.00000000E+00  0.00000000E+00  0.10000000E+04  0.00000000E+00  0.12500000E+03  0.00000000E+00  0.69999999E+00  0.10000000E+04
  0.75000000E+01  0.00000000E+00  0.00000000E+00  0.00000000E+00  0.10000000E+04  0.00000000E+00  0.12500000E+03  0.00000000E+00  0.69999999E+00  0.10000000E+04
  0.25000000E+00 -0.25000000E+00  0.00000000E+00  0.00000000E+00  0.10059069E+04  0.11796581E+05  0.12500000E+03  0.33823727E-02  0.69999999E+00  0.99999609E+03
  0.75000000E+00 -0.25000000E+00  0.00000000E+00  0.00000000E+00  0.10274844E+04  0.58580031E+05  0.12500000E+03  0.92690997E-02  0.69999999E+00  0.99998914E+03
  0.12500000E+01 -0.25000000E+00  0.00000000E+00  0.00000000E+00  0.10088126E+04  0.17754350E+05  0.12500000E+03  0.74199736E-02  0.69999999E+00  0.99999146E+03
  0.17500000E+01 -0.25000000E+00  0.00000000E+00  0.00000000E+00  0.10142677E+04  0.29220291E+05  0.12500000E+03  0.11255292E-01  0.69999999E+00  0.99998694E+03
  0.22500000E+01 -0.25000000E+00  0.00000000E+00  0.00000000E+00  0.10012679E+04  0.24971218E+04  0.12500000E+03  0.11151651E-01  0.69999999E+00  0.99998724E+03
  0.27500000E+01 -0.25000000E+00  0.00000000E+00  0.00000000E+00  0.10042169E+04  0.83789814E+04  0.12500000E+03  0.53850506E-02  0.69999999E+00  0.99999384E+03
  0.32500000E+01 -0.25000000E+00  0.00000000E+00  0.00000000E+00  0.10008004E+04  0.15741039E+04  0.12500000E+03  0.37534065E-02  0.69999999E+00  0.99999573E+03
  0.37500000E+01 -0.25000000E+00  0.00000000E+00  0.00000000E+00  0.10000070E+04  0.13565822E+02  0.12500000E+03 -0.15635355E-03  0.69999999E+00  0.10000002E+04
  0.42500000E+01 -0.25000000E+00  0.00000000E+00  0.00000000E+00  0.10000000E+04  0.00000000E+00  0.12500000E+03 -0.12149694E-35  0.69999999E+00  0.10000000E+04
  0.47500000E+01 -0.25000000E+00  0.00000000E+00  0.00000000E+00  0.10000000E+04  0.00000000E+00  0.12500000E+03 -0.71932574E-39  0.69999999E+00  0.10000000E+04
  0.52500000E+01 -0.25000000E+00  0.00000000E+00  0.00000000E+00  0.10000000E+04  0.00000000E+00  0.12500000E+03  0.00000000E+00  0.69999999E+00  0.10000000E+04
  0.57500000E+01 -0.25000000E+00  0.00000000E+00  0.00000000E+00  0.10000000E+04  0.00000000E+00  0.12500000E+03  0.00000000E+00  0.69999999E+00  0.10000000E+04
  0.62500000E+01 -0.25000000E+00  0.00000000E+00  0.00000000E+00  0.10000000E+04  0.00000000E+00  0.12500000E+03  0.00000000E+00  0.69999999E+00  0.10000000E+04
  0.67500000E+01 -0.25000000E+00  0.00000000E+00  0.00000000E+00  0.10000000E+04  0.00000000E+00  0.12500000E+03  0.00000000E+00  0.69999999E+00  0.10000000E+04
  0.72500000E+01 -0.25000000E+00  0.00000000E+00  0.00000000E+00  0.10000000E+04  0.00000000E+00  0.12500000E+03  0.00000000E+00  0.69999999E+00  0.10000000E+04
  0.77500000E+01 -0.25000000E+00  0.00000000E+00  0.00000000E+00  0.10000000E+04  0.00000000E+00  0.12500000E+03  0.00000000E+00  0.69999999E+00  0.10000000E+04
  0.40000000E+01  0.50000000E+00  0.00000000E+00  0.00000000E+00  0.10020833E+04  0.41130728E+04  0.12500000E+03 -0.40855375E-03  0.69999999E+00  0.10000005E+04
  0.37500000E+01  0.25000000E+00  0.00000000E+00  0.00000000E+00  0.10052454E+04  0.10454701E+05  0.12500000E+03 -0.19200803E-02  0.69999999E+00  0.10000022E+04
  0.40000000E+01  0.10000000E+01  0.00000000E+00  0.00000000E+00  0.10055475E+04  0.11067067E+05  0.12500000E+03 -0.13332246E-03  0.69999999E+00  0.10000002E+04
  0.37500000E+01  0.75000000E+00  0.00000000E+00  0.00000000E+00  0.10560779E+04  0.13036489E+06  0.12500000E+03  0.99733239E-03  0.69999999E+00  0.99999878E+03
  0.40000000E+01  0.15000000E+01  0.00000000E+00  0.00000000E+00  0.10003662E+04  0.71929572E+03  0.12500000E+03  0.46304526E-03  0.69999999E+00  0.99999945E+03
  0.37500000E+01  0.12500000E+01  0.00000000E+00  0.00000000E+00  0.10443495E+04  0.99485297E+05  0.12500000E+03  0.11255341E-02  0.69999999E+00  0.99999866E+03
  0.40000000E+01  0.20000000E+01  0.00000000E+00  0.00000000E+00  0.10010588E+04  0.20840093E+04  0.12500000E+03  0.32330409E-03  0.69999999E+00  0.99999963E+03
  0.37500000E+01  0.17500000E+01  0.00000000E+00  0.00000000E+00  0.10230596E+04  0.48495902E+05  0.12500000E+03  0.22187757E-02  0.69999999E+00  0.99999744E+03
  0.45000000E+01  0.50000000E+00  0.00000000E+00  0.00000000E+00  0.10000000E+04  0.00000000E+00  0.12500000E+03  0.21206690E-38  0.69999999E+00  0.10000000E+04
  0.42500000E+01  0.25000000E+00  0.00000000E+00  0.00000000E+00  0.10000018E+04  0.35083482E+01  0.12500000E+03 -0.74084828E-05  0.69999999E+00  0.10000000E+04
  0.45000000E+01  0.10000000E+01  0.00000000E+00  0.00000000E+00  0.10000000E+04  0.00000000E+00  0.12500000E+03 -0.19141737E-41  0.69999999E+00  0.10000000E+04
  0.42500000E+01  0.75000000E+00  0.00000000E+00  0.00000000E+00  0.10000957E+04  0.18786652E+03  0.12500000E+03 -0.18361456E-04  0.69999999E+00  0.10000000E+04
  0.45000000E+01  0.15000000E+01  0.00000000E+00  0.00000000E+00  0.10000000E+04  0.00000000E+00  0.12500000E+03 -0.61573055E-41  0.69999999E+00  0.10000000E+04
  0.42500000E+01  0.12500000E+01  0.00000000E+00  0.00000000E+00  0.10000066E+04  0.12864128E+02  0.12500000E+03  0.64903998E-05  0.69999999E+00  0.10000000E+04
  0.45000000E+01  0.20000000E+01  0.00000000E+00  0.00000000E+00  0.10000000E+04  0.00000000E+00  0.12500000E+03  0.59863470E-41  0.69999999E+00  0.10000000E+04
  0.42500000E+01  0.17500000E+01  0.00000000E+00  0.00000000E+00  0.10000031E+04  0.60811610E+01  0.12500000E+03 -0.35628464E-05  0.69999999E+00  0.10000000E+04
  0.50000000E+01  0.50000000E+00  0.00000000E+00  0.00000000E+00  0.10000000E+04  0.00000000E+00  0.12500000E+03  0.86039726E-42  0.69999999E+00  0.10000000E+04
  0.47500000E+01  0.25000000E+00  0.00000000E+00  0.00000000E+00  0.10000000E+04  0.00000000E+00  0.12500000E+03  0.71210345E-39  0.69999999E+00  0.10000000E+04
  0.50000000E+01  0.10000000E+01  0.00000000E+00  0.00000000E+00  0.10000000E+04  0.00000000E+00  0.12500000E+03  0.00000000E+00  0.69999999E+00  0.10000000E+04
  0.47500000E+01  0.75000000E+00  0.00000000E+00  0.00000000E+00  0.10000000E+04  0.00000000E+00  0.12500000E+03  0.97530373E-42  0.69999999E+00  0.10000000E+04
  0.50000000E+01  0.15000000E+01  0.00000000E+00  0.00000000E+00  0.10000000E+04  0.00000000E+00  0.12500000E+03 -0.44028798E-41  0.69999999E+00  0.10000000E+04
  0.47500000E+01  0.12500000E+01  0.00000000E+00  0.00000000E+00  0.10000000E+04  0.00000000E+00  0.12500000E+03 -0.42543421E-41  0.69999999E+00  0.10000000E+04
  0.50000000E+01  0.20000000E+01  0.00000000E+00  0.00000000E+00  0.10000000E+04  0.00000000E+00  0.12500000E+03  0.41786720E-41  0.69999999E+00  0.10000000E+04
  0.47500000E+01  0.17500000E+01  0.00000000E+00  0.00000000E+00  0.10000000E+04  0.00000000E+00  0.12500000E+03  0.00000000E+00  0.69999999E+00  0.10000000E+04
  0.27332122E+01  0.83129239E+00  0.55354059E+00  0.75633428E-02  0.10026648E+04  0.52703301E+04  0.12576698E+03  0.12576656E+03  0.10000000E+01  0.00000000E+00
  0.79243243E+00  0.12298356E+01  0.90653442E-01  0.74039114E+00  0.99795581E+03 -0.39862097E+04  0.12561582E+03  0.12561256E+03  0.10000000E+01  0.00000000E+00
  0.17044909E+01  0.99934888E+00  0.17339483E+00 -0.17632017E+00  0.10087485E+04  0.17621740E+05  0.12546356E+03  0.12546333E+03  0.10000000E+01  0.00000000E+00
  0.21337674E+01  0.16694756E+01  0.19830998E+01  0.42329618E+00  0.10046730E+04  0.92979727E+04  0.12531018E+03  0.12531027E+03  0.10000000E+01  0.00000000E+00
  0.27998199E+01  0.14645783E+01 -0.26943618E+00  0.16982225E+00  0.10006474E+04  0.12727190E+04  0.12515567E+03  0.12515567E+03  0.10000000E+01  0.00000000E+00
  0.23695903E+01  0.15902152E+01  0.74253047E+00  0.89485401E+00  0.10037260E+04  0.73926484E+04  0.12500000E+03  0.12500000E+03  0.10000000E+01  0.00000000E+00
  0.28332744E+01  0.91883981E+00 -0.58070704E-01 -0.96628979E-01  0.10027199E+04  0.53801440E+04  0.12576698E+03  0.12575461E+03  0.10000000E+01  0.00000000E+00
  0.81820595E+00  0.10289130E+01  0.13923350E+00 -0.47895551E+00  0.99396112E+03 -0.11635825E+05  0.12561582E+03  0.12560624E+03  0.10000000E+01  0.00000000E+00
  0.10205662E+01  0.88635778E+00 -0.31005329E+00  0.45588270E+00  0.10017841E+04  0.35191680E+04  0.12546356E+03  0.12546037E+03  0.10000000E+01  0.00000000E+00
  0.28362415E+01  0.12450773E+01  0.53572965E+00 -0.58734179E+00  0.99594153E+03 -0.78664419E+04  0.12531018E+03  0.12531038E+03  0.10000000E+01  0.00000000E+00
  0.11908623E+01  0.89379919E+00  0.40853894E+00  0.39290798E+00  0.99923157E+03 -0.15041750E+04  0.12515567E+03  0.12515535E+03  0.10000000E+01  0.00000000E+00
  0.71564901E+00  0.81799388E+00  0.35108328E+00  0.40571406E-01  0.10101942E+04  0.20623166E+05  0.12500000E+03  0.12500000E+03  0.10000000E+01  0.00000000E+00
  0.21226308E+01  0.10241596E+01  0.28251034E+00  0.45632832E-01  0.10093740E+04  0.18917205E+05  0.12576698E+03  0.12575644E+03  0.10000000E+01  0.00000000E+00
  0.27807777E+01  0.86346459E+00  0.26805479E-01 -0.58302820E-01  0.10023912E+04  0.47253623E+04  0.12561582E+03  0.12561059E+03  0.10000000E+01  0.00000000E+00
  0.26852946E+01  0.13715719E+01 -0.10272233E+00  0.16344473E+00  0.99823566E+03 -0.34433997E+04  0.12546356E+03  0.12546005E+03  0.10000000E+01  0.00000000E+00
  0.17318590E+01  0.10177114E+01 -0.96322000E+00 -0.40260041E+00  0.10119478E+04  0.24298891E+05  0.12531018E+03  0.12531018E+03  0.10000000E+01  0.00000000E+00
  0.30007186E+01  0.87703884E+00 -0.39202434E+00 -0.63339275E+00  0.10079687E+04  0.16013281E+05  0.12515567E+03  0.12515553E+03  0.10000000E+01  0.00000000E+00
  0.10883641E+01  0.15250754E+01 -0.58146489E+00 -0.42961890E+00  0.99664557E+03 -0.65155308E+04  0.12500000E+03  0.12499989E+03  0.10000000E+01  0.00000000E+00
  0.90160716E+00  0.14143785E+01 -0.69503534E+00 -0.13642779E+00  0.99408679E+03 -0.11397901E+05  0.12576698E+03  0.12576566E+03  0.10000000E+01  0.00000000E+00
  0.25846696E+01  0.89258838E+00 -0.10734636E+01  0.73156053E+00  0.10023638E+04  0.46707959E+04  0.12561582E+03  0.12561228E+03  0.10000000E+01  0.00000000E+00
  0.16724064E+01  0.12539723E+01  0.18127358E+00 -0.39315510E+00  0.98980719E+03 -0.19397062E+05  0.12546356E+03  0.12546202E+03  0.10000000E+01  0.00000000E+00
  0.22182629E+01  0.10295670E+01  0.53096163E+00 -0.44849083E+00  0.10093788E+04  0.18927100E+05  0.12531018E+03  0.12530890E+03  0.10000000E+01  0.00000000E+00
  0.18171009E+01  0.18775680E+01  0.16560078E+01 -0.41181111E+00  0.10043619E+04  0.86710293E+04  0.12515567E+03  0.12515567E+03  0.10000000E+01  0.00000000E+00
  0.14199347E+01  0.90350282E+00  0.11719021E+01  0.35834718E+00  0.10052130E+04  0.10389303E+05  0.12500000E+03  0.12500012E+03  0.10000000E+01  0.00000000E+00
  0.10581791E+01  0.15265026E+01 -0.20705926E+00 -0.34653062E+00  0.99488251E+03 -0.98876504E+04  0.12561582E+03  0.12561399E+03  0.10000000E+01  0.00000000E+00
  0.16670312E+01  0.18988872E+01  0.12413580E+01 -0.85605681E+00  0.10019471E+04  0.38427258E+04  0.12531018E+03  0.12531004E+03  0.10000000E+01  0.00000000E+00
  0.20294936E+01  0.20634634E+01  0.43002009E+00  0.41286254E+00  0.99492297E+03 -0.98106426E+04  0.12500000E+03  0.12500000E+03  0.10000000E+01  0.00000000E+00
