  0.00000000E+00  0.00000000E+00  0.00000000E+00  0.00000000E+00  0.10037123E+04  0.73651455E+04  0.12500000E+03  0.19721214E-02  0.69999999E+00  0.99999774E+03
  0.00000000E+00  0.50000000E+00  0.00000000E+00  0.00000000E+00  0.10273882E+04  0.58358004E+05  0.12500000E+03  0.16315826E-02  0.69999999E+00  0.99999811E+03
  0.00000000E+00  0.10000000E+01  0.00000000E+00  0.00000000E+00  0.10386732E+04  0.85269797E+05  0.12500000E+03  0.24802831E-02  0.69999999E+00  0.99999707E+03
  0.00000000E+00  0.15000000E+01  0.00000000E+00  0.00000000E+00  0.10344767E+04  0.75055656E+05  0.12500000E+03  0.91284502E-03  0.69999999E+00  0.99999890E+03
  0.00000000E+00  0.20000000E+01  0.00000000E+00  0.00000000E+00  0.10082015E+04  0.16492678E+05  0.12500000E+03 -0.76664682E-03  0.69999999E+00  0.10000009E+04
  0.00000000E+00  0.25000000E+01  0.00000000E+00  0.00000000E+00  0.10002302E+04  0.45195096E+03  0.12500000E+03  0.14902133E-03  0.69999999E+00  0.99999982E+03
  0.00000000E+00  0.30000000E+01  0.00000000E+00  0.00000000E+00  0.10000000E+04  0.00000000E+00  0.12500000E+03  0.00000000E+00  0.69999999E+00  0.10000000E+04
  0.00000000E+00  0.35000000E+01  0.00000000E+00  0.00000000E+00  0.10000000E+04  0.00000000E+00  0.12500000E+03  0.00000000E+00  0.69999999E+00  0.10000000E+04
  0.00000000E+00  0.40000000E+01  0.00000000E+00  0.00000000E+00  0.10000000E+04  0.00000000E+00  0.12500000E+03  0.00000000E+00  0.69999999E+00  0.10000000E+04
 -0.25000000E+00 -0.25000000E+00  0.00000000E+00  0.00000000E+00  0.10006414E+04  0.12607445E+04  0.12500000E+03  0.52005530E-03  0.69999999E+00  0.99999939E+03
 -0.25000000E+00  0.25000000E+00  0.00000000E+00  0.00000000E+00  0.10016747E+04  0.33022207E+04  0.12500000E+03  0.79686748E-03  0.69999999E+00  0.99999908E+03
 -0.25000000E+00  0.75000000E+00  0.00000000E+00  0.00000000E+00  0.10005425E+04  0.10661611E+04  0.12500000E+03  0.61984472E-04  0.69999999E+00  0.99999994E+03
 -0.25000000E+00  0.12500000E+01  0.00000000E+00  0.00000000E+00  0.10011426E+04  0.22495217E+04  0.12500000E+03  0.81193593E-03  0.69999999E+00  0.99999908E+03
 -0.25000000E+00  0.17500000E+01  0.00000000E+00  0.00000000E+00  0.10009486E+04  0.18665913E+04  0.12500000E+03 -0.22618717E-03  0.69999999E+00  0.10000002E+04
 -0.25000000E+00  0.22500000E+01  0.00000000E+00  0.00000000E+00  0.10004747E+04  0.93267188E+03  0.12500000E+03 -0.90573652E-04  0.69999999E+00  0.10000001E+04
 -0.25000000E+00  0.27500000E+01  0.00000000E+00  0.00000000E+00  0.10000000E+04  0.00000000E+00  0.12500000E+03  0.00000000E+00  0.69999999E+00  0.10000000E+04
 -0.25000000E+00  0.32500000E+01  0.00000000E+00  0.00000000E+00  0.10000000E+04  0.00000000E+00  0.12500000E+03  0.00000000E+00  0.69999999E+00  0.10000000E+04
 -0.25000000E+00  0.37500000E+01  0.00000000E+00  0.00000000E+00  0.10000000E+04  0.00000000E+00  0.12500000E+03  0.00000000E+00  0.69999999E+00  0.10000000E+04
  0.80000000E+01  0.00000000E+00  0.00000000E+00  0.00000000E+00  0.10000000E+04  0.00000000E+00  0.12500000E+03  0.00000000E+00  0.69999999E+00  0.10000000E+04
  0.80000000E+01  0.50000000E+00  0.00000000E+00  0.00000000E+00  0.10000000E+04  0.00000000E+00  0.12500000E+03  0.00000000E+00  0.69999999E+00  0.10000000E+04
  0.80000000E+01  0.10000000E+01  0.00000000E+00  0.00000000E+00  0.10000000E+04  0.00000000E+00  0.12500000E+03  0.00000000E+00  0.69999999E+00  0.10000000E+04
  0.80000000E+01  0.15000000E+01  0.00000000E+00  0.00000000E+00  0.10000000E+04  0.00000000E+00  0.12500000E+03  0.00000000E+00  0.69999999E+00  0.10000000E+04
  0.80000000E+01  0.20000000E+01  0.00000000E+00  0.00000000E+00  0.10000000E+04  0.00000000E+00  0.12500000E+03  0.00000000E+00  0.69999999E+00  0.10000000E+04
  0.80000000E+01  0.25000000E+01  0.00000000E+00  0.00000000E+00  0.10000000E+04  0.00000000E+00  0.12500000E+03  0.00000000E+00  0.69999999E+00  0.10000000E+04
  0.80000000E+01  0.30000000E+01  0.00000000E+00  0.00000000E+00  0.10000000E+04  0.00000000E+00  0.12500000E+03  0.00000000E+00  0.69999999E+00  0.10000000E+04
  0.80000000E+01  0.35000000E+01  0.00000000E+00  0.00000000E+00  0.10000000E+04  0.00000000E+00  0.12500000E+03  0.00000000E+00  0.69999999E+00  0.10000000E+04
  0.80000000E+01  0.40000000E+01  0.00000000E+00  0.00000000E+00  0.10000000E+04  0.00000000E+00  0.12500000E+03  0.00000000E+00  0.69999999E+00  0.10000000E+04
  0.82500000E+01 -0.25000000E+00  0.00000000E+00  0.00000000E+00  0.10000000E+04  0.00000000E+00  0.12500000E+03  0.00000000E+00  0.69999999E+00  0.10000000E+04
  0.82500000E+01  0.25000000E+00  0.00000000E+00  0.00000000E+00  0.10000000E+04  0.00000000E+00  0.12500000E+03  0.00000000E+00  0.69999999E+00  0.10000000E+04
  0.82500000E+01  0.75000000E+00  0.00000000E+00  0.00000000E+00  0.10000000E+04  0.00000000E+00  0.12500000E+03  0.00000000E+00  0.69999999E+00  0.10000000E+04
  0.82500000E+01  0.12500000E+01  0.00000000E+00  0.00000000E+00  0.10000000E+04  0.00000000E+00  0.12500000E+03  0.00000000E+00  0.69999999E+00  0.10000000E+04
  0.82500000E+01  0.17500000E+01  0.00000000E+00  0.00000000E+00  0.10000000E+04  0.00000000E+00  0.12500000E+03  0.00000000E+00  0.69999999E+00  0.10000000E+04
  0.82500000E+01  0.22500000E+01  0.00000000E+00  0.00000000E+00  0.10000000E+04  0.00000000E+00  0.12500000E+03  0.00000000E+00  0.69999999E+00  0.10000000E+04
  0.82500000E+01  0.27500000E+01  0.00000000E+00  0.00000000E+00  0.10000000E+04  0.00000000E+00  0.12500000E+03  0.00000000E+00  0.69999999E+00  0.10000000E+04
  0.82500000E+01  0.32500000E+01  0.00000000E+00  0.00000000E+00  0.10000000E+04  0.00000000E+00  0.12500000E+03  0.00000000E+00  0.69999999E+00  0.10000000E+04
  0.82500000E+01  0.37500000E+01  0.00000000E+00  0.00000000E+00  0.10000000E+04  0.00000000E+00  0.12500000E+03  0.00000000E+00  0.69999999E+00  0.10000000E+04
  0.50000000E+00  0.00000000E+00  0.00000000E+00  0.00000000E+00  0.10638209E+04  0.15191030E+06  0.12500000E+03  0.95159039E-02  0.69999999E+00  0.99998846E+03
  0.10000000E+01  0.00000000E+00  0.00000000E+00  0.00000000E+00  0.10696218E+04  0.16867950E+06  0.12500000E+03  0.44547240E-02  0.69999999E+00  0.99999457E+03
  0.15000000E+01  0.00000000E+00  0.00000000E+00  0.00000000E+00  0.10247625E+04  0.52345664E+05  0.12500000E+03  0.17272968E-01  0.69999999E+00  0.99997980E+03
  0.20000000E+01  0.00000000E+00  0.00000000E+00  0.00000000E+00  0.11480107E+04  0.45629881E+06  0.12500000E+03  0.19231321E-01  0.69999999E+00  0.99997479E+03
  0.25000000E+01  0.00000000E+00  0.00000000E+00  0.00000000E+00  0.10181189E+04  0.37540953E+05  0.12500000E+03  0.29197126E-02  0.69999999E+00  0.99999658E+03
  0.30000000E+01  0.00000000E+00  0.00000000E+00  0.00000000E+00  0.10291161E+04  0.62364793E+05  0.12500000E+03  0.47952933E-02  0.69999999E+00  0.99999438E+03
  0.35000000E+01  0.00000000E+00  0.00000000E+00  0.00000000E+00  0.10040841E+04  0.81118735E+04  0.12500000E+03  0.18367458E-02  0.69999999E+00  0.99999786E+03
  0.40000000E+01  0.00000000E+00  0.00000000E+00  0.00000000E+00  0.10000137E+04  0.26898298E+02  0.12500000E+03 -0.68247195E-04  0.69999999E+00  0.10000001E+04
  0.45000000E+01  0.00000000E+00  0.00000000E+00  0.00000000E+00  0.10000000E+04  0.00000000E+00  0.12500000E+03  0.65580768E-42  0.69999999E+00  0.10000000E+04
  0.50000000E+01  0.00000000E+00  0.00000000E+00  0.00000000E+00  0.10000000E+04  0.00000000E+00  0.12500000E+03  0.00000000E+00  0.69999999E+00  0.10000000E+04
  0.55000000E+01  0.00000000E+00  0.00000000E+00  0.00000000E+00  0.10000000E+04  0.00000000E+00  0.12500000E+03  0.00000000E+00  0.69999999E+00  0.10000000E+04
  0.60000000E+01  0.00000000E+00  0.00000000E+00  0.00000000E+00  0.10000000E+04  0.00000000E+00  0.12500000E+03  0.00000000E+00  0.69999999E+00  0.10000000E+04
  0.65000000E+01  0.00000000E+00  0.00000000E+00  0.00000000E+00  0.10000000E+04  0.00000000E+00  0.12500000E+03  0.00000000E+00  0.69999999E+00  0.10000000E+04
  0.70000000E+01  0.00000000E+00  0.00000000E+00  0.00000000E+00  0.10000000E+04  0.00000000E+00  0.12500000E+03  0.00000000E+00  0.69999999E+00  0.10000000E+04
  0.75000000E+01  0.00000000E+00  0.00000000E+00  0.00000000E+00  0.10000000E+04  0.00000000E+00  0.12500000E+03  0.00000000E+00  0.69999999E+00  0.10000000E+04
  0.25000000E+00 -0.25000000E+00  0.00000000E+00  0.00000000E+00  0.10067157E+04  0.13444566E+05  0.12500000E+03  0.28295955E-02  0.69999999E+00  0.99999677E+03
  0.75000000E+00 -0.25000000E+00  0.00000000E+00  0.00000000E+00  0.10302314E+04  0.64973012E+05  0.12500000E+03  0.71904999E-02  0.69999999E+00  0.99999152E+03
  0.12500000E+01 -0.25000000E+00  0.00000000E+00  0.00000000E+00  0.10104275E+04  0.21109943E+05  0.12500000E+03  0.59325742E-02  0.69999999E+00  0.99999316E+03
  0.17500000E+01 -0.25000000E+00  0.00000000E+00  0.00000000E+00  0.10167482E+04  0.34557848E+05  0.12500000E+03  0.89431703E-02  0.69999999E+00  0.99998962E+03
  0.22500000E+01 -0.25000000E+00  0.00000000E+00  0.00000000E+00  0.10004567E+04  0.89725592E+03  0.12500000E+03  0.79417843E-02  0.69999999E+00  0.99999091E+03
  0.27500000E+01 -0.25000000E+00  0.00000000E+00  0.00000000E+00  0.10018246E+04  0.35995549E+04  0.12500000E+03  0.20991226E-02  0.69999999E+00  0.99999762E+03
  0.32500000E+01 -0.25000000E+00  0.00000000E+00  0.00000000E+00  0.10002206E+04  0.43298035E+03  0.12500000E+03  0.18609413E-02  0.69999999E+00  0.99999786E+03
  0.37500000E+01 -0.25000000E+00  0.00000000E+00  0.00000000E+00  0.10000070E+04  0.13565822E+02  0.12500000E+03 -0.15635355E-03  0.69999999E+00  0.10000002E+04
  0.42500000E+01 -0.25000000E+00  0.00000000E+00  0.00000000E+00  0.10000000E+04  0.00000000E+00  0.12500000E+03 -0.18287814E-38  0.69999999E+00  0.10000000E+04
  0.47500000E+01 -0.25000000E+00  0.00000000E+00  0.00000000E+00  0.10000000E+04  0.00000000E+00  0.12500000E+03 -0.54090121E-42  0.69999999E+00  0.10000000E+04
  0.52500000E+01 -0.25000000E+00  0.00000000E+00  0.00000000E+00  0.10000000E+04  0.00000000E+00  0.12500000E+03  0.00000000E+00  0.69999999E+00  0.10000000E+04
  0.57500000E+01 -0.25000000E+00  0.00000000E+00  0.00000000E+00  0.10000000E+04  0.00000000E+00  0.12500000E+03  0.00000000E+00  0.69999999E+00  0.10000000E+04
  0.62500000E+01 -0.25000000E+00  0.00000000E+00  0.00000000E+00  0.10000000E+04  0.00000000E+00  0.12500000E+03  0.00000000E+00  0.69999999E+00  0.10000000E+04
  0.67500000E+01 -0.25000000E+00  0.00000000E+00  0.00000000E+00  0.10000000E+04  0.00000000E+00  0.12500000E+03  0.00000000E+00  0.69999999E+00  0.10000000E+04
  0.72500000E+01 -0.25000000E+00  0.00000000E+00  0.00000000E+00  0.10000000E+04  0.00000000E+00  0.12500000E+03  0.00000000E+00  0.69999999E+00  0.10000000E+04
  0.77500000E+01 -0.25000000E+00  0.00000000E+00  0.00000000E+00  0.10000000E+04  0.00000000E+00  0.12500000E+03  0.00000000E+00  0.69999999E+00  0.10000000E+04
  0.40000000E+01  0.50000000E+00  0.00000000E+00  0.00000000E+00  0.10011263E+04  0.22172603E+04  0.12500000E+03 -0.19260573E-03  0.69999999E+00  0.10000002E+04
  0.37500000E+01  0.25000000E+00  0.00000000E+00  0.00000000E+00  0.10041998E+04  0.83446826E+04  0.12500000E+03 -0.80250303E-03  0.69999999E+00  0.10000009E+04
  0.40000000E+01  0.10000000E+01  0.00000000E+00  0.00000000E+00  0.10045603E+04  0.90707539E+04  0.12500000E+03 -0.82908286E-04  0.69999999E+00  0.10000001E+04
  0.37500000E+01  0.75000000E+00  0.00000000E+00  0.00000000E+00  0.10548159E+04  0.12694226E+06  0.12500000E+03  0.72073436E-03  0.69999999E+00  0.99999915E+03
  0.40000000E+01  0.15000000E+01  0.00000000E+00  0.00000000E+00  0.10010271E+04  0.20214045E+04  0.12500000E+03  0.19472730E-03  0.69999999E+00  0.99999976E+03
  0.37500000E+01  0.12500000E+01  0.00000000E+00  0.00000000E+00  0.10388263E+04  0.85647352E+05  0.12500000E+03  0.32260997E-03  0.69999999E+00  0.99999963E+03
  0.40000000E+01  0.20000000E+01  0.00000000E+00  0.00000000E+00  0.10001678E+04  0.32948105E+03  0.12500000E+03  0.18979226E-03  0.69999999E+00  0.99999976E+03
  0.37500000E+01  0.17500000E+01  0.00000000E+00  0.00000000E+00  0.10240367E+04  0.50700426E+05  0.12500000E+03  0.10280050E-02  0.69999999E+00  0.99999878E+03
  0.45000000E+01  0.50000000E+00  0.00000000E+00  0.00000000E+00  0.10000000E+04  0.00000000E+00  0.12500000E+03  0.21495918E-41  0.69999999E+00  0.10000000E+04
  0.42500000E+01  0.25000000E+00  0.00000000E+00  0.00000000E+00  0.10000018E+04  0.35083482E+01  0.12500000E+03 -0.74084828E-05  0.69999999E+00  0.10000000E+04
  0.45000000E+01  0.10000000E+01  0.00000000E+00  0.00000000E+00  0.10000000E+04  0.00000000E+00  0.12500000E+03  0.00000000E+00  0.69999999E+00  0.10000000E+04
  0.42500000E+01  0.75000000E+00  0.00000000E+00  0.00000000E+00  0.10000944E+04  0.18529227E+03  0.12500000E+03 -0.75637886E-05  0.69999999E+00  0.10000000E+04
  0.45000000E+01  0.15000000E+01  0.00000000E+00  0.00000000E+00  0.10000000E+04  0.00000000E+00  0.12500000E+03 -0.00000000E+00  0.69999999E+00  0.10000000E+04
  0.42500000E+01  0.12500000E+01  0.00000000E+00  0.00000000E+00  0.10000066E+04  0.12864128E+02  0.12500000E+03  0.34267537E-05  0.69999999E+00  0.10000000E+04
  0.45000000E+01  0.20000000E+01  0.00000000E+00  0.00000000E+00  0.10000000E+04  0.00000000E+00  0.12500000E+03  0.00000000E+00  0.69999999E+00  0.10000000E+04
  0.42500000E+01  0.17500000E+01  0.00000000E+00  0.00000000E+00  0.10000031E+04  0.60811610E+01  0.12500000E+03  0.28991612E-05  0.69999999E+00  0.10000000E+04
  0.50000000E+01  0.50000000E+00  0.00000000E+00  0.00000000E+00  0.10000000E+04  0.00000000E+00  0.12500000E+03  0.00000000E+00  0.69999999E+00  0.10000000E+04
  0.47500000E+01  0.25000000E+00  0.00000000E+00  0.00000000E+00  0.10000000E+04  0.00000000E+00  0.12500000E+03  0.53249342E-42  0.69999999E+00  0.10000000E+04
  0.50000000E+01  0.10000000E+01  0.00000000E+00  0.00000000E+00  0.10000000E+04  0.00000000E+00  0.12500000E+03  0.00000000E+00  0.69999999E+00  0.10000000E+04
  0.47500000E+01  0.75000000E+00  0.00000000E+00  0.00000000E+00  0.10000000E+04  0.00000000E+00  0.12500000E+03  0.00000000E+00  0.69999999E+00  0.10000000E+04
  0.50000000E+01  0.15000000E+01  0.00000000E+00  0.00000000E+00  0.10000000E+04  0.00000000E+00  0.12500000E+03  0.00000000E+00  0.69999999E+00  0.10000000E+04
  0.47500000E+01  0.12500000E+01  0.00000000E+00  0.00000000E+00  0.10000000E+04  0.00000000E+00  0.12500000E+03  0.00000000E+00  0.69999999E+00  0.10000000E+04
  0.50000000E+01  0.20000000E+01  0.00000000E+00  0.00000000E+00  0.10000000E+04  0.00000000E+00  0.12500000E+03  0.00000000E+00  0.69999999E+00  0.10000000E+04
  0.47500000E+01  0.17500000E+01  0.00000000E+00  0.00000000E+00  0.10000000E+04  0.00000000E+00  0.12500000E+03  0.00000000E+00  0.69999999E+00  0.10000000E+04
  0.25628164E+01  0.99965358E+00 -0.44122547E+00 -0.11073347E+01  0.99490021E+03 -0.98539688E+04  0.12576698E+03  0.12576674E+03  0.10000000E+01  0.00000000E+00
  0.13714386E+01  0.10477241E+01 -0.77394974E+00  0.33358473E+00  0.10126957E+04  0.25877941E+05  0.12561582E+03  0.12561256E+03  0.10000000E+01  0.00000000E+00
  0.86920035E+00  0.10446101E+01 -0.11065224E+01  0.21067288E-01  0.10124554E+04  0.25369959E+05  0.12546356E+03  0.12546333E+03  0.10000000E+01  0.00000000E+00
  0.83576775E+00  0.13372384E+01  0.74248660E+00  0.30688097E+01  0.10101152E+04  0.20458408E+05  0.12531018E+03  0.12531018E+03  0.10000000E+01  0.00000000E+00
  0.15079691E+01  0.19261657E+01  0.19782324E+01 -0.39968356E+00  0.98641907E+03 -0.25584383E+05  0.12515567E+03  0.12515567E+03  0.10000000E+01  0.00000000E+00
  0.22756209E+01  0.17531297E+01 -0.20694224E-01 -0.12446165E+01  0.99990375E+03 -0.18881053E+03  0.12500000E+03  0.12500000E+03  0.10000000E+01  0.00000000E+00
  0.24612775E+01  0.11372252E+01 -0.92852724E+00 -0.96494710E+00  0.99997174E+03 -0.55426907E+02  0.12576698E+03  0.12575494E+03  0.10000000E+01  0.00000000E+00
  0.13279575E+01  0.10362427E+01 -0.13148468E+01 -0.14699796E+00  0.10129375E+04  0.26390186E+05  0.12561582E+03  0.12560624E+03  0.10000000E+01  0.00000000E+00
  0.12600629E+01  0.13690090E+01 -0.16969955E+01  0.13543454E+01  0.10095352E+04  0.19251791E+05  0.12546356E+03  0.12546037E+03  0.10000000E+01  0.00000000E+00
  0.21810911E+01  0.15702955E+01  0.41515696E+00 -0.65698558E+00  0.99948181E+03 -0.10151346E+04  0.12531018E+03  0.12531038E+03  0.10000000E+01  0.00000000E+00
  0.89200222E+00  0.10752243E+01 -0.13247333E+01 -0.11803646E+01  0.10087031E+04  0.17527861E+05  0.12515567E+03  0.12515567E+03  0.10000000E+01  0.00000000E+00
  0.76303470E+00  0.71367216E+00  0.17061021E+01 -0.21518357E+01  0.10231384E+04  0.48673207E+05  0.12500000E+03  0.12500000E+03  0.10000000E+01  0.00000000E+00
  0.20516942E+01  0.13581936E+01 -0.16374569E+01 -0.24368711E+01  0.99599536E+03 -0.77633696E+04  0.12576698E+03  0.12575644E+03  0.10000000E+01  0.00000000E+00
  0.23682277E+01  0.14346522E+01 -0.13789771E+01 -0.51142520E+00  0.99667242E+03 -0.64638374E+04  0.12561582E+03  0.12561089E+03  0.10000000E+01  0.00000000E+00
  0.27733970E+01  0.95199478E+00 -0.65923661E+00 -0.74845028E+00  0.99936304E+03 -0.12472816E+04  0.12546356E+03  0.12546005E+03  0.10000000E+01  0.00000000E+00
  0.24344642E+01  0.88749468E+00 -0.14298465E+01 -0.54621991E-01  0.10131795E+04  0.26903416E+05  0.12531018E+03  0.12531018E+03  0.10000000E+01  0.00000000E+00
  0.28876743E+01  0.85972750E+00 -0.52325541E+00 -0.92255753E+00  0.99630939E+03 -0.71612788E+04  0.12515567E+03  0.12515553E+03  0.10000000E+01  0.00000000E+00
  0.11589725E+01  0.16676457E+01 -0.15179808E+01 -0.12882762E+01  0.10247678E+04  0.52358125E+05  0.12500000E+03  0.12500000E+03  0.10000000E+01  0.00000000E+00
  0.10009058E+01  0.86364269E+00 -0.14864078E+01 -0.29190874E+00  0.10202862E+04  0.42307375E+05  0.12576698E+03  0.12576566E+03  0.10000000E+01  0.00000000E+00
  0.23577080E+01  0.14349937E+01 -0.14976857E+01 -0.50501502E+00  0.99689069E+03 -0.60439053E+04  0.12561582E+03  0.12561221E+03  0.10000000E+01  0.00000000E+00
  0.27316036E+01  0.80563819E+00 -0.34463547E-01 -0.59490889E+00  0.99828271E+03 -0.33519744E+04  0.12546356E+03  0.12546202E+03  0.10000000E+01  0.00000000E+00
  0.15751338E+01  0.10129848E+01  0.76226890E-04  0.80896842E+00  0.10107463E+04  0.21776404E+05  0.12531018E+03  0.12530890E+03  0.10000000E+01  0.00000000E+00
  0.15004983E+01  0.20859861E+01 -0.28516519E+01  0.20744789E+00  0.99861139E+03 -0.27131284E+04  0.12515567E+03  0.12515567E+03  0.10000000E+01  0.00000000E+00
  0.18130281E+01  0.10156572E+01  0.75334060E+00 -0.41097060E+00  0.10037201E+04  0.73806904E+04  0.12500000E+03  0.12500012E+03  0.10000000E+01  0.00000000E+00
  0.15732124E+01  0.17004199E+01 -0.91359425E+00 -0.41865736E+00  0.10010278E+04  0.20228165E+04  0.12561582E+03  0.12561399E+03  0.10000000E+01  0.00000000E+00
  0.28533597E+01  0.14419026E+01 -0.63513565E+00 -0.16197698E+01  0.10078972E+04  0.15866380E+05  0.12531018E+03  0.12531004E+03  0.10000000E+01  0.00000000E+00
  0.11364419E+01  0.20751405E+01  0.15046823E+01  0.17417190E+01  0.99786340E+03 -0.41652119E+04  0.12500000E+03  0.12500000E+03  0.10000000E+01  0.00000000E+00
