  0.00000000E+00  0.00000000E+00  0.00000000E+00  0.00000000E+00  0.10033311E+04  0.66012246E+04  0.12500000E+03  0.17086156E-02  0.69999999E+00  0.99999805E+03
  0.00000000E+00  0.50000000E+00  0.00000000E+00  0.00000000E+00  0.99996045E+03 -0.77641808E+02  0.12500000E+03  0.99479151E-03  0.69999999E+00  0.99999884E+03
  0.00000000E+00  0.10000000E+01  0.00000000E+00  0.00000000E+00  0.10205850E+04  0.42969141E+05  0.12500000E+03  0.19646387E-02  0.69999999E+00  0.99999768E+03
  0.00000000E+00  0.15000000E+01  0.00000000E+00  0.00000000E+00  0.10483279E+04  0.10972905E+06  0.12500000E+03  0.69445511E-03  0.69999999E+00  0.99999915E+03
  0.00000000E+00  0.20000000E+01  0.00000000E+00  0.00000000E+00  0.10065320E+04  0.13069580E+05  0.12500000E+03 -0.40666104E-03  0.69999999E+00  0.10000005E+04
  0.00000000E+00  0.25000000E+01  0.00000000E+00  0.00000000E+00  0.10002466E+04  0.48403955E+03  0.12500000E+03  0.71152863E-04  0.69999999E+00  0.99999994E+03
  0.00000000E+00  0.30000000E+01  0.00000000E+00  0.00000000E+00  0.10000000E+04  0.00000000E+00  0.12500000E+03  0.00000000E+00  0.69999999E+00  0.10000000E+04
  0.00000000E+00  0.35000000E+01  0.00000000E+00  0.00000000E+00  0.10000000E+04  0.00000000E+00  0.12500000E+03  0.00000000E+00  0.69999999E+00  0.10000000E+04
  0.00000000E+00  0.40000000E+01  0.00000000E+00  0.00000000E+00  0.10000000E+04  0.00000000E+00  0.12500000E+03  0.00000000E+00  0.69999999E+00  0.10000000E+04
 -0.25000000E+00 -0.25000000E+00  0.00000000E+00  0.00000000E+00  0.10006414E+04  0.12607445E+04  0.12500000E+03  0.52005530E-03  0.69999999E+00  0.99999939E+03
 -0.25000000E+00  0.25000000E+00  0.00000000E+00  0.00000000E+00  0.10013654E+04  0.26897234E+04  0.12500000E+03  0.66907034E-03  0.69999999E+00  0.99999921E+03
 -0.25000000E+00  0.75000000E+00  0.00000000E+00  0.00000000E+00  0.10075056E+04  0.15061862E+05  0.12500000E+03 -0.64009917E-04  0.69999999E+00  0.10000001E+04
 -0.25000000E+00  0.12500000E+01  0.00000000E+00  0.00000000E+00  0.10074786E+04  0.15006338E+05  0.12500000E+03  0.62650541E-03  0.69999999E+00  0.99999927E+03
 -0.25000000E+00  0.17500000E+01  0.00000000E+00  0.00000000E+00  0.10001718E+04  0.33720724E+03  0.12500000E+03 -0.14136208E-03  0.69999999E+00  0.10000002E+04
 -0.25000000E+00  0.22500000E+01  0.00000000E+00  0.00000000E+00  0.10004730E+04  0.92938812E+03  0.12500000E+03 -0.62706749E-04  0.69999999E+00  0.10000001E+04
 -0.25000000E+00  0.27500000E+01  0.00000000E+00  0.00000000E+00  0.10000000E+04  0.00000000E+00  0.12500000E+03  0.00000000E+00  0.69999999E+00  0.10000000E+04
 -0.25000000E+00  0.32500000E+01  0.00000000E+00  0.00000000E+00  0.10000000E+04  0.00000000E+00  0.12500000E+03  0.00000000E+00  0.69999999E+00  0.10000000E+04
 -0.25000000E+00  0.37500000E+01  0.00000000E+00  0.00000000E+00  0.10000000E+04  0.00000000E+00  0.12500000E+03  0.00000000E+00  0.69999999E+00  0.10000000E+04
  0.80000000E+01  0.00000000E+00  0.00000000E+00  0.00000000E+00  0.10000000E+04  0.00000000E+00  0.12500000E+03  0.00000000E+00  0.69999999E+00  0.10000000E+04
  0.80000000E+01  0.50000000E+00  0.00000000E+00  0.00000000E+00  0.10000000E+04  0.00000000E+00  0.12500000E+03  0.00000000E+00  0.69999999E+00  0.10000000E+04
  0.80000000E+01  0.10000000E+01  0.00000000E+00  0.00000000E+00  0.10000000E+04  0.00000000E+00  0.12500000E+03  0.00000000E+00  0.69999999E+00  0.10000000E+04
  0.80000000E+01  0.15000000E+01  0.00000000E+00  0.00000000E+00  0.10000000E+04  0.00000000E+00  0.12500000E+03  0.00000000E+00  0.69999999E+00  0.10000000E+04
  0.80000000E+01  0.20000000E+01  0.00000000E+00  0.00000000E+00  0.10000000E+04  0.00000000E+00  0.12500000E+03  0.00000000E+00  0.69999999E+00  0.10000000E+04
  0.80000000E+01  0.25000000E+01  0.00000000E+00  0.00000000E+00  0.10000000E+04  0.00000000E+00  0.12500000E+03  0.00000000E+00  0.69999999E+00  0.10000000E+04
  0.80000000E+01  0.30000000E+01  0.00000000E+00  0.00000000E+00  0.10000000E+04  0.00000000E+00  0.12500000E+03  0.00000000E+00  0.69999999E+00  0.10000000E+04
  0.80000000E+01  0.35000000E+01  0.00000000E+00  0.00000000E+00  0.10000000E+04  0.00000000E+00  0.12500000E+03  0.00000000E+00  0.69999999E+00  0.10000000E+04
  0.80000000E+01  0.40000000E+01  0.00000000E+00  0.00000000E+00  0.10000000E+04  0.00000000E+00  0.12500000E+03  0.00000000E+00  0.69999999E+00  0.10000000E+04
  0.82500000E+01 -0.25000000E+00  0.00000000E+00  0.00000000E+00  0.10000000E+04  0.00000000E+00  0.12500000E+03  0.00000000E+00  0.69999999E+00  0.10000000E+04
  0.82500000E+01  0.25000000E+00  0.00000000E+00  0.00000000E+00  0.10000000E+04  0.00000000E+00  0.12500000E+03  0.00000000E+00  0.69999999E+00  0.10000000E+04
  0.82500000E+01  0.75000000E+00  0.00000000E+00  0.00000000E+00  0.10000000E+04  0.00000000E+00  0.12500000E+03  0.00000000E+00  0.69999999E+00  0.10000000E+04
  0.82500000E+01  0.12500000E+01  0.00000000E+00  0.00000000E+00  0.10000000E+04  0.00000000E+00  0.12500000E+03  0.00000000E+00  0.69999999E+00  0.10000000E+04
  0.82500000E+01  0.17500000E+01  0.00000000E+00  0.00000000E+00  0.10000000E+04  0.00000000E+00  0.12500000E+03  0.00000000E+00  0.69999999E+00  0.10000000E+04
  0.82500000E+01  0.22500000E+01  0.00000000E+00  0.00000000E+00  0.10000000E+04  0.00000000E+00  0.12500000E+03  0.00000000E+00  0.69999999E+00  0.10000000E+04
  0.82500000E+01  0.27500000E+01  0.00000000E+00  0.00000000E+00  0.10000000E+04  0.00000000E+00  0.12500000E+03  0.00000000E+00  0.69999999E+00  0.10000000E+04
  0.82500000E+01  0.32500000E+01  0.00000000E+00  0.00000000E+00  0.10000000E+04  0.00000000E+00  0.12500000E+03  0.00000000E+00  0.69999999E+00  0.10000000E+04
  0.82500000E+01  0.37500000E+01  0.00000000E+00  0.00000000E+00  0.10000000E+04  0.00000000E+00  0.12500000E+03  0.00000000E+00  0.69999999E+00  0.10000000E+04
  0.50000000E+00  0.00000000E+00  0.00000000E+00  0.00000000E+00  0.96311780E+03 -0.64830625E+05  0.12500000E+03  0.81717279E-02  0.69999999E+00  0.99999097E+03
  0.10000000E+01  0.00000000E+00  0.00000000E+00  0.00000000E+00  0.99206055E+03 -0.15211063E+05  0.12500000E+03  0.26476588E-02  0.69999999E+00  0.99999701E+03
  0.15000000E+01  0.00000000E+00  0.00000000E+00  0.00000000E+00  0.99899548E+03 -0.19649332E+04  0.12500000E+03  0.13598115E-01  0.69999999E+00  0.99998444E+03
  0.20000000E+01  0.00000000E+00  0.00000000E+00  0.00000000E+00  0.10206646E+04  0.43145734E+05  0.12500000E+03  0.14741983E-01  0.69999999E+00  0.99998279E+03
  0.25000000E+01  0.00000000E+00  0.00000000E+00  0.00000000E+00  0.10012841E+04  0.25289392E+04  0.12500000E+03  0.78479422E-03  0.69999999E+00  0.99999908E+03
  0.30000000E+01  0.00000000E+00  0.00000000E+00  0.00000000E+00  0.10274982E+04  0.58611684E+05  0.12500000E+03  0.24824145E-02  0.69999999E+00  0.99999707E+03
  0.35000000E+01  0.00000000E+00  0.00000000E+00  0.00000000E+00  0.10185363E+04  0.38454070E+05  0.12500000E+03  0.97292458E-03  0.69999999E+00  0.99999884E+03
  0.40000000E+01  0.00000000E+00  0.00000000E+00  0.00000000E+00  0.10000154E+04  0.30173025E+02  0.12500000E+03 -0.34832658E-04  0.69999999E+00  0.10000001E+04
  0.45000000E+01  0.00000000E+00  0.00000000E+00  0.00000000E+00  0.10000000E+04  0.00000000E+00  0.12500000E+03  0.00000000E+00  0.69999999E+00  0.10000000E+04
  0.50000000E+01  0.00000000E+00  0.00000000E+00  0.00000000E+00  0.10000000E+04  0.00000000E+00  0.12500000E+03  0.00000000E+00  0.69999999E+00  0.10000000E+04
  0.55000000E+01  0.00000000E+00  0.00000000E+00  0.00000000E+00  0.10000000E+04  0.00000000E+00  0.12500000E+03  0.00000000E+00  0.69999999E+00  0.10000000E+04
  0.60000000E+01  0.00000000E+00  0.00000000E+00  0.00000000E+00  0.10000000E+04  0.00000000E+00  0.12500000E+03  0.00000000E+00  0.69999999E+00  0.10000000E+04
  0.65000000E+01  0.00000000E+00  0.00000000E+00  0.00000000E+00  0.10000000E+04  0.00000000E+00  0.12500000E+03  0.00000000E+00  0.69999999E+00  0.10000000E+04
  0.70000000E+01  0.00000000E+00  0.00000000E+00  0.00000000E+00  0.10000000E+04  0.00000000E+00  0.12500000E+03  0.00000000E+00  0.69999999E+00  0.10000000E+04
  0.75000000E+01  0.00000000E+00  0.00000000E+00  0.00000000E+00  0.10000000E+04  0.00000000E+00  0.12500000E+03  0.00000000E+00  0.69999999E+00  0.10000000E+04
  0.25000000E+00 -0.25000000E+00  0.00000000E+00  0.00000000E+00  0.10107906E+04  0.21869188E+05  0.12500000E+03  0.25978978E-02  0.69999999E+00  0.99999701E+03
  0.75000000E+00 -0.25000000E+00  0.00000000E+00  0.00000000E+00  0.98981665E+03 -0.19379576E+05  0.12500000E+03  0.61606695E-02  0.69999999E+00  0.99999304E+03
  0.12500000E+01 -0.25000000E+00  0.00000000E+00  0.00000000E+00  0.10214116E+04  0.44806551E+05  0.12500000E+03  0.46901312E-02  0.69999999E+00  0.99999451E+03
  0.17500000E+01 -0.25000000E+00  0.00000000E+00  0.00000000E+00  0.10026545E+04  0.52498926E+04  0.12500000E+03  0.71241790E-02  0.69999999E+00  0.99999182E+03
  0.22500000E+01 -0.25000000E+00  0.00000000E+00  0.00000000E+00  0.10205649E+04  0.42924738E+05  0.12500000E+03  0.61715879E-02  0.69999999E+00  0.99999280E+03
  0.27500000E+01 -0.25000000E+00  0.00000000E+00  0.00000000E+00  0.10027386E+04  0.54174697E+04  0.12500000E+03  0.85936720E-03  0.69999999E+00  0.99999902E+03
  0.32500000E+01 -0.25000000E+00  0.00000000E+00  0.00000000E+00  0.10030540E+04  0.60469341E+04  0.12500000E+03  0.11127207E-02  0.69999999E+00  0.99999872E+03
  0.37500000E+01 -0.25000000E+00  0.00000000E+00  0.00000000E+00  0.10000061E+04  0.11928537E+02  0.12500000E+03 -0.74096512E-04  0.69999999E+00  0.10000001E+04
  0.42500000E+01 -0.25000000E+00  0.00000000E+00  0.00000000E+00  0.10000000E+04  0.00000000E+00  0.12500000E+03 -0.50502797E-41  0.69999999E+00  0.10000000E+04
  0.47500000E+01 -0.25000000E+00  0.00000000E+00  0.00000000E+00  0.10000000E+04  0.00000000E+00  0.12500000E+03  0.00000000E+00  0.69999999E+00  0.10000000E+04
  0.52500000E+01 -0.25000000E+00  0.00000000E+00  0.00000000E+00  0.10000000E+04  0.00000000E+00  0.12500000E+03  0.00000000E+00  0.69999999E+00  0.10000000E+04
  0.57500000E+01 -0.25000000E+00  0.00000000E+00  0.00000000E+00  0.10000000E+04  0.00000000E+00  0.12500000E+03  0.00000000E+00  0.69999999E+00  0.10000000E+04
  0.62500000E+01 -0.25000000E+00  0.00000000E+00  0.00000000E+00  0.10000000E+04  0.00000000E+00  0.12500000E+03  0.00000000E+00  0.69999999E+00  0.10000000E+04
  0.67500000E+01 -0.25000000E+00  0.00000000E+00  0.00000000E+00  0.10000000E+04  0.00000000E+00  0.12500000E+03  0.00000000E+00  0.69999999E+00  0.10000000E+04
  0.72500000E+01 -0.25000000E+00  0.00000000E+00  0.00000000E+00  0.10000000E+04  0.00000000E+00  0.12500000E+03  0.00000000E+00  0.69999999E+00  0.10000000E+04
  0.77500000E+01 -0.25000000E+00  0.00000000E+00  0.00000000E+00  0.10000000E+04  0.00000000E+00  0.12500000E+03  0.00000000E+00  0.69999999E+00  0.10000000E+04
  0.40000000E+01  0.50000000E+00  0.00000000E+00  0.00000000E+00  0.10026501E+04  0.52411001E+04  0.12500000E+03 -0.10106382E-03  0.69999999E+00  0.10000001E+04
  0.37500000E+01  0.25000000E+00  0.00000000E+00  0.00000000E+00  0.10188031E+04  0.39039215E+05  0.12500000E+03 -0.41886844E-03  0.69999999E+00  0.10000005E+04
  0.40000000E+01  0.10000000E+01  0.00000000E+00  0.00000000E+00  0.10026351E+04  0.52111597E+04  0.12500000E+03 -0.16646689E-04  0.69999999E+00  0.10000000E+04
  0.37500000E+01  0.75000000E+00  0.00000000E+00  0.00000000E+00  0.10589183E+04  0.13815920E+06  0.12500000E+03  0.36423409E-03  0.69999999E+00  0.99999957E+03
  0.40000000E+01  0.15000000E+01  0.00000000E+00  0.00000000E+00  0.10009568E+04  0.18825869E+04  0.12500000E+03  0.15093983E-03  0.69999999E+00  0.99999982E+03
  0.37500000E+01  0.12500000E+01  0.00000000E+00  0.00000000E+00  0.10350508E+04  0.76438406E+05  0.12500000E+03  0.41229682E-03  0.69999999E+00  0.99999951E+03
  0.40000000E+01  0.20000000E+01  0.00000000E+00  0.00000000E+00  0.10000315E+04  0.61752430E+02  0.12500000E+03  0.31563177E-04  0.69999999E+00  0.99999994E+03
  0.37500000E+01  0.17500000E+01  0.00000000E+00  0.00000000E+00  0.10128793E+04  0.26266664E+05  0.12500000E+03  0.46100497E-03  0.69999999E+00  0.99999945E+03
  0.45000000E+01  0.50000000E+00  0.00000000E+00  0.00000000E+00  0.10000000E+04  0.00000000E+00  0.12500000E+03  0.00000000E+00  0.69999999E+00  0.10000000E+04
  0.42500000E+01  0.25000000E+00  0.00000000E+00  0.00000000E+00  0.10000018E+04  0.35083482E+01  0.12500000E+03 -0.74084828E-05  0.69999999E+00  0.10000000E+04
  0.45000000E+01  0.10000000E+01  0.00000000E+00  0.00000000E+00  0.10000000E+04  0.00000000E+00  0.12500000E+03  0.00000000E+00  0.69999999E+00  0.10000000E+04
  0.42500000E+01  0.75000000E+00  0.00000000E+00  0.00000000E+00  0.10000936E+04  0.18365413E+03  0.12500000E+03 -0.58826568E-05  0.69999999E+00  0.10000000E+04
  0.45000000E+01  0.15000000E+01  0.00000000E+00  0.00000000E+00  0.10000000E+04  0.00000000E+00  0.12500000E+03  0.00000000E+00  0.69999999E+00  0.10000000E+04
  0.42500000E+01  0.12500000E+01  0.00000000E+00  0.00000000E+00  0.10000045E+04  0.88878889E+01  0.12500000E+03  0.12300108E-04  0.69999999E+00  0.10000000E+04
  0.45000000E+01  0.20000000E+01  0.00000000E+00  0.00000000E+00  0.10000000E+04  0.00000000E+00  0.12500000E+03  0.00000000E+00  0.69999999E+00  0.10000000E+04
  0.42500000E+01  0.17500000E+01  0.00000000E+00  0.00000000E+00  0.10000000E+04  0.00000000E+00  0.12500000E+03  0.00000000E+00  0.69999999E+00  0.10000000E+04
  0.50000000E+01  0.50000000E+00  0.00000000E+00  0.00000000E+00  0.10000000E+04  0.00000000E+00  0.12500000E+03  0.00000000E+00  0.69999999E+00  0.10000000E+04
  0.47500000E+01  0.25000000E+00  0.00000000E+00  0.00000000E+00  0.10000000E+04  0.00000000E+00  0.12500000E+03  0.00000000E+00  0.69999999E+00  0.10000000E+04
  0.50000000E+01  0.10000000E+01  0.00000000E+00  0.00000000E+00  0.10000000E+04  0.00000000E+00  0.12500000E+03  0.00000000E+00  0.69999999E+00  0.10000000E+04
  0.47500000E+01  0.75000000E+00  0.00000000E+00  0.00000000E+00  0.10000000E+04  0.00000000E+00  0.12500000E+03  0.00000000E+00  0.69999999E+00  0.10000000E+04
  0.50000000E+01  0.15000000E+01  0.00000000E+00  0.00000000E+00  0.10000000E+04  0.00000000E+00  0.12500000E+03  0.00000000E+00  0.69999999E+00  0.10000000E+04
  0.47500000E+01  0.12500000E+01  0.00000000E+00  0.00000000E+00  0.10000000E+04  0.00000000E+00  0.12500000E+03  0.00000000E+00  0.69999999E+00  0.10000000E+04
  0.50000000E+01  0.20000000E+01  0.00000000E+00  0.00000000E+00  0.10000000E+04  0.00000000E+00  0.12500000E+03  0.00000000E+00  0.69999999E+00  0.10000000E+04
  0.47500000E+01  0.17500000E+01  0.00000000E+00  0.00000000E+00  0.10000000E+04  0.00000000E+00  0.12500000E+03  0.00000000E+00  0.69999999E+00  0.10000000E+04
  0.10307450E+01  0.42795306E+00  0.47592506E+01  0.41712031E+01  0.96641205E+03 -0.59618723E+05  0.12576698E+03  0.12576688E+03  0.10000000E+01  0.00000000E+00
  0.80862308E+00  0.71990740E+00 -0.23233321E+00  0.82749116E+00  0.99228650E+03 -0.14788143E+05  0.12561582E+03  0.12561256E+03  0.10000000E+01  0.00000000E+00
  0.73410249E+00  0.90532684E+00 -0.70155072E+00 -0.35049465E+00  0.10038370E+04  0.76153862E+04  0.12546356E+03  0.12546356E+03  0.10000000E+01  0.00000000E+00
  0.94252926E+00  0.13083829E+01  0.69989032E+00  0.13444680E+01  0.10038315E+04  0.76043774E+04  0.12531018E+03  0.12531018E+03  0.10000000E+01  0.00000000E+00
  0.90763748E+00  0.13357220E+01 -0.35283989E+00  0.10557476E+01  0.10065847E+04  0.13177337E+05  0.12515567E+03  0.12515567E+03  0.10000000E+01  0.00000000E+00
  0.21029420E+01  0.12199702E+01  0.13676237E+01 -0.34713018E+00  0.10072731E+04  0.14584937E+05  0.12500000E+03  0.12500000E+03  0.10000000E+01  0.00000000E+00
  0.13850281E+01  0.27986038E+00  0.10456481E+01  0.11110952E+01  0.96863147E+03 -0.56046836E+05  0.12576698E+03  0.12575595E+03  0.10000000E+01  0.00000000E+00
  0.10576433E+01  0.65922397E+00 -0.69092616E-01  0.16620393E+01  0.10063918E+04  0.12783689E+05  0.12561582E+03  0.12560624E+03  0.10000000E+01  0.00000000E+00
  0.13640006E+01  0.67436767E+00  0.98098308E-01  0.73343194E+00  0.10216075E+04  0.45243168E+05  0.12546356E+03  0.12546065E+03  0.10000000E+01  0.00000000E+00
  0.79881716E+00  0.97651196E+00 -0.11730130E+01 -0.45709440E+00  0.10071722E+04  0.14378336E+05  0.12531018E+03  0.12531018E+03  0.10000000E+01  0.00000000E+00
  0.14230504E+01  0.94106948E+00 -0.44415885E+00  0.13177916E+01  0.10221650E+04  0.46488539E+05  0.12515567E+03  0.12515567E+03  0.10000000E+01  0.00000000E+00
  0.10856439E+01  0.14314415E+01 -0.80303395E+00  0.16353394E+01  0.10047314E+04  0.94158496E+04  0.12500000E+03  0.12500000E+03  0.10000000E+01  0.00000000E+00
  0.19686613E+01  0.32132211E+00  0.36707483E-01  0.74540079E+00  0.98370551E+03 -0.30448734E+05  0.12576698E+03  0.12575722E+03  0.10000000E+01  0.00000000E+00
  0.21113017E+01  0.47430468E+00  0.13422552E+01 -0.19627154E+00  0.99940631E+03 -0.11626930E+04  0.12561582E+03  0.12561089E+03  0.10000000E+01  0.00000000E+00
  0.25215507E+01  0.59475601E+00 -0.22321203E+00  0.67042494E+00  0.10066910E+04  0.13394171E+05  0.12546356E+03  0.12546005E+03  0.10000000E+01  0.00000000E+00
  0.21778944E+01  0.74007392E+00  0.12439865E+01 -0.45643806E+00  0.10084792E+04  0.17065484E+05  0.12531018E+03  0.12531018E+03  0.10000000E+01  0.00000000E+00
  0.28149190E+01  0.74379110E+00  0.15018158E+01 -0.12746555E+01  0.99885724E+03 -0.22343848E+04  0.12515567E+03  0.12515567E+03  0.10000000E+01  0.00000000E+00
  0.20999672E+01  0.12229517E+01  0.92868173E+00 -0.31079298E+00  0.10058856E+04  0.11753454E+05  0.12500000E+03  0.12500000E+03  0.10000000E+01  0.00000000E+00
  0.17120538E+01  0.49094802E+00  0.10044739E+00 -0.43118738E-01  0.10062648E+04  0.12524989E+05  0.12576698E+03  0.12576581E+03  0.10000000E+01  0.00000000E+00
  0.21432033E+01  0.69175869E+00 -0.34577620E+00 -0.18817885E+00  0.10065327E+04  0.13071039E+05  0.12561582E+03  0.12561221E+03  0.10000000E+01  0.00000000E+00
  0.29725771E+01  0.72784793E+00  0.38493514E+00  0.81850387E-01  0.10087092E+04  0.17540426E+05  0.12546356E+03  0.12546202E+03  0.10000000E+01  0.00000000E+00
  0.28299966E+01  0.68644333E+00  0.30993962E+00  0.13755387E+01  0.10061497E+04  0.12290506E+05  0.12531018E+03  0.12530896E+03  0.10000000E+01  0.00000000E+00
  0.26502752E+01  0.13286045E+01 -0.11246933E+01  0.22602256E+00  0.10052184E+04  0.10400161E+05  0.12515567E+03  0.12515567E+03  0.10000000E+01  0.00000000E+00
  0.29026294E+01  0.12819457E+01  0.68765774E-01 -0.19963202E+00  0.10009245E+04  0.18188445E+04  0.12500000E+03  0.12500012E+03  0.10000000E+01  0.00000000E+00
  0.15763271E+01  0.10387292E+01 -0.13551047E+01  0.37821341E+00  0.10202565E+04  0.42241684E+05  0.12561582E+03  0.12561399E+03  0.10000000E+01  0.00000000E+00
  0.28683977E+01  0.13105000E+01 -0.88950998E+00  0.26587406E+00  0.10017838E+04  0.35186951E+04  0.12531018E+03  0.12531004E+03  0.10000000E+01  0.00000000E+00
  0.18700340E+01  0.15172892E+01 -0.92994869E+00 -0.63494158E+00  0.10045086E+04  0.89664531E+04  0.12500000E+03  0.12500000E+03  0.10000000E+01  0.00000000E+00
