  0.00000000E+00  0.00000000E+00  0.00000000E+00  0.00000000E+00  0.10014846E+04  0.29258547E+04  0.12500000E+03  0.25051751E-02  0.69999999E+00  0.99999713E+03
  0.00000000E+00  0.50000000E+00  0.00000000E+00  0.00000000E+00  0.10157765E+04  0.32457674E+05  0.12500000E+03  0.33433535E-02  0.69999999E+00  0.99999609E+03
  0.00000000E+00  0.10000000E+01  0.00000000E+00  0.00000000E+00  0.10220946E+04  0.46331180E+05  0.12500000E+03  0.37494397E-02  0.69999999E+00  0.99999561E+03
  0.00000000E+00  0.15000000E+01  0.00000000E+00  0.00000000E+00  0.10114977E+04  0.23351760E+05  0.12500000E+03  0.13866231E-02  0.69999999E+00  0.99999841E+03
  0.00000000E+00  0.20000000E+01  0.00000000E+00  0.00000000E+00  0.10157787E+04  0.32462299E+05  0.12500000E+03 -0.17265172E-02  0.69999999E+00  0.10000020E+04
  0.00000000E+00  0.25000000E+01  0.00000000E+00  0.00000000E+00  0.10034469E+04  0.68332266E+04  0.12500000E+03  0.51974104E-03  0.69999999E+00  0.99999939E+03
  0.00000000E+00  0.30000000E+01  0.00000000E+00  0.00000000E+00  0.10000026E+04  0.51455903E+01  0.12500000E+03  0.38292605E-04  0.69999999E+00  0.99999994E+03
  0.00000000E+00  0.35000000E+01  0.00000000E+00  0.00000000E+00  0.10000000E+04  0.00000000E+00  0.12500000E+03  0.00000000E+00  0.69999999E+00  0.10000000E+04
  0.00000000E+00  0.40000000E+01  0.00000000E+00  0.00000000E+00  0.10000000E+04  0.00000000E+00  0.12500000E+03  0.00000000E+00  0.69999999E+00  0.10000000E+04
 -0.25000000E+00 -0.25000000E+00  0.00000000E+00  0.00000000E+00  0.10006414E+04  0.12607445E+04  0.12500000E+03  0.52005530E-03  0.69999999E+00  0.99999939E+03
 -0.25000000E+00  0.25000000E+00  0.00000000E+00  0.00000000E+00  0.10008788E+04  0.17287794E+04  0.12500000E+03  0.11339535E-02  0.69999999E+00  0.99999872E+03
 -0.25000000E+00  0.75000000E+00  0.00000000E+00  0.00000000E+00  0.10059196E+04  0.11822508E+05  0.12500000E+03  0.51047455E-03  0.69999999E+00  0.99999939E+03
 -0.25000000E+00  0.12500000E+01  0.00000000E+00  0.00000000E+00  0.10045240E+04  0.89974521E+04  0.12500000E+03  0.11865301E-02  0.69999999E+00  0.99999866E+03
 -0.25000000E+00  0.17500000E+01  0.00000000E+00  0.00000000E+00  0.10008950E+04  0.17607579E+04  0.12500000E+03 -0.34982938E-03  0.69999999E+00  0.10000004E+04
 -0.25000000E+00  0.22500000E+01  0.00000000E+00  0.00000000E+00  0.10015139E+04  0.29839109E+04  0.12500000E+03 -0.18548567E-03  0.69999999E+00  0.10000002E+04
 -0.25000000E+00  0.27500000E+01  0.00000000E+00  0.00000000E+00  0.10000007E+04  0.14033347E+01  0.12500000E+03  0.17473474E-04  0.69999999E+00  0.10000000E+04
 -0.25000000E+00  0.32500000E+01  0.00000000E+00  0.00000000E+00  0.10000000E+04  0.00000000E+00  0.12500000E+03  0.35677059E-41  0.69999999E+00  0.10000000E+04
 -0.25000000E+00  0.37500000E+01  0.00000000E+00  0.00000000E+00  0.10000000E+04  0.00000000E+00  0.12500000E+03  0.00000000E+00  0.69999999E+00  0.10000000E+04
  0.80000000E+01  0.00000000E+00  0.00000000E+00  0.00000000E+00  0.10000000E+04  0.00000000E+00  0.12500000E+03  0.00000000E+00  0.69999999E+00  0.10000000E+04
  0.80000000E+01  0.50000000E+00  0.00000000E+00  0.00000000E+00  0.10000000E+04  0.00000000E+00  0.12500000E+03  0.00000000E+00  0.69999999E+00  0.10000000E+04
  0.80000000E+01  0.10000000E+01  0.00000000E+00  0.00000000E+00  0.10000000E+04  0.00000000E+00  0.12500000E+03  0.00000000E+00  0.69999999E+00  0.10000000E+04
  0.80000000E+01  0.15000000E+01  0.00000000E+00  0.00000000E+00  0.10000000E+04  0.00000000E+00  0.12500000E+03  0.00000000E+00  0.69999999E+00  0.10000000E+04
  0.80000000E+01  0.20000000E+01  0.00000000E+00  0.00000000E+00  0.10000000E+04  0.00000000E+00  0.12500000E+03  0.00000000E+00  0.69999999E+00  0.10000000E+04
  0.80000000E+01  0.25000000E+01  0.00000000E+00  0.00000000E+00  0.10000000E+04  0.00000000E+00  0.12500000E+03  0.00000000E+00  0.69999999E+00  0.10000000E+04
  0.80000000E+01  0.30000000E+01  0.00000000E+00  0.00000000E+00  0.10000000E+04  0.00000000E+00  0.12500000E+03  0.00000000E+00  0.69999999E+00  0.10000000E+04
  0.80000000E+01  0.35000000E+01  0.00000000E+00  0.00000000E+00  0.10000000E+04  0.00000000E+00  0.12500000E+03  0.00000000E+00  0.69999999E+00  0.10000000E+04
  0.80000000E+01  0.40000000E+01  0.00000000E+00  0.00000000E+00  0.10000000E+04  0.00000000E+00  0.12500000E+03  0.00000000E+00  0.69999999E+00  0.10000000E+04
  0.82500000E+01 -0.25000000E+00  0.00000000E+00  0.00000000E+00  0.10000000E+04  0.00000000E+00  0.12500000E+03  0.00000000E+00  0.69999999E+00  0.10000000E+04
  0.82500000E+01  0.25000000E+00  0.00000000E+00  0.00000000E+00  0.10000000E+04  0.00000000E+00  0.12500000E+03  0.00000000E+00  0.69999999E+00  0.10000000E+04
  0.82500000E+01  0.75000000E+00  0.00000000E+00  0.00000000E+00  0.10000000E+04  0.00000000E+00  0.12500000E+03  0.00000000E+00  0.69999999E+00  0.10000000E+04
  0.82500000E+01  0.12500000E+01  0.00000000E+00  0.00000000E+00  0.10000000E+04  0.00000000E+00  0.12500000E+03  0.00000000E+00  0.69999999E+00  0.10000000E+04
  0.82500000E+01  0.17500000E+01  0.00000000E+00  0.00000000E+00  0.10000000E+04  0.00000000E+00  0.12500000E+03  0.00000000E+00  0.69999999E+00  0.10000000E+04
  0.82500000E+01  0.22500000E+01  0.00000000E+00  0.00000000E+00  0.10000000E+04  0.00000000E+00  0.12500000E+03  0.00000000E+00  0.69999999E+00  0.10000000E+04
  0.82500000E+01  0.27500000E+01  0.00000000E+00  0.00000000E+00  0.10000000E+04  0.00000000E+00  0.12500000E+03  0.00000000E+00  0.69999999E+00  0.10000000E+04
  0.82500000E+01  0.32500000E+01  0.00000000E+00  0.00000000E+00  0.10000000E+04  0.00000000E+00  0.12500000E+03  0.00000000E+00  0.69999999E+00  0.10000000E+04
  0.82500000E+01  0.37500000E+01  0.00000000E+00  0.00000000E+00  0.10000000E+04  0.00000000E+00  0.12500000E+03  0.00000000E+00  0.69999999E+00  0.10000000E+04
  0.50000000E+00  0.00000000E+00  0.00000000E+00  0.00000000E+00  0.10444215E+04  0.99668922E+05  0.12500000E+03  0.12776304E-01  0.69999999E+00  0.99998474E+03
  0.10000000E+01  0.00000000E+00  0.00000000E+00  0.00000000E+00  0.10790613E+04  0.19715967E+06  0.12500000E+03  0.75175432E-02  0.69999999E+00  0.99999072E+03
  0.15000000E+01  0.00000000E+00  0.00000000E+00  0.00000000E+00  0.10324154E+04  0.70128938E+05  0.12500000E+03  0.22392932E-01  0.69999999E+00  0.99997357E+03
  0.20000000E+01  0.00000000E+00  0.00000000E+00  0.00000000E+00  0.11329177E+04  0.39112716E+06  0.12500000E+03  0.25763771E-01  0.69999999E+00  0.99996661E+03
  0.25000000E+01  0.00000000E+00  0.00000000E+00  0.00000000E+00  0.10459205E+04  0.10350253E+06  0.12500000E+03  0.78731943E-02  0.69999999E+00  0.99999060E+03
  0.30000000E+01  0.00000000E+00  0.00000000E+00  0.00000000E+00  0.10369104E+04  0.80949117E+05  0.12500000E+03  0.96173193E-02  0.69999999E+00  0.99998859E+03
  0.35000000E+01  0.00000000E+00  0.00000000E+00  0.00000000E+00  0.10003062E+04  0.60117792E+03  0.12500000E+03  0.39827703E-02  0.69999999E+00  0.99999542E+03
  0.40000000E+01  0.00000000E+00  0.00000000E+00  0.00000000E+00  0.10000137E+04  0.26898298E+02  0.12500000E+03 -0.68247195E-04  0.69999999E+00  0.10000001E+04
  0.45000000E+01  0.00000000E+00  0.00000000E+00  0.00000000E+00  0.10000000E+04  0.00000000E+00  0.12500000E+03  0.22743915E-39  0.69999999E+00  0.10000000E+04
  0.50000000E+01  0.00000000E+00  0.00000000E+00  0.00000000E+00  0.10000000E+04  0.00000000E+00  0.12500000E+03 -0.55491419E-42  0.69999999E+00  0.10000000E+04
  0.55000000E+01  0.00000000E+00  0.00000000E+00  0.00000000E+00  0.10000000E+04  0.00000000E+00  0.12500000E+03  0.00000000E+00  0.69999999E+00  0.10000000E+04
  0.60000000E+01  0.00000000E+00  0.00000000E+00  0.00000000E+00  0.10000000E+04  0.00000000E+00  0.12500000E+03  0.00000000E+00  0.69999999E+00  0.10000000E+04
  0.65000000E+01  0.00000000E+00  0.00000000E+00  0.00000000E+00  0.10000000E+04  0.00000000E+00  0.12500000E+03  0.00000000E+00  0.69999999E+00  0.10000000E+04
  0.70000000E+01  0.00000000E+00  0.00000000E+00  0.00000000E+00  0.10000000E+04  0.00000000E+00  0.12500000E+03  0.00000000E+00  0.69999999E+00  0.10000000E+04
  0.75000000E+01  0.00000000E+00  0.00000000E+00  0.00000000E+00  0.10000000E+04  0.00000000E+00  0.12500000E+03  0.00000000E+00  0.69999999E+00  0.10000000E+04
  0.25000000E+00 -0.25000000E+00  0.00000000E+00  0.00000000E+00  0.10057316E+04  0.11440584E+05  0.12500000E+03  0.33481764E-02  0.69999999E+00  0.99999615E+03
  0.75000000E+00 -0.25000000E+00  0.00000000E+00  0.00000000E+00  0.10265471E+04  0.56421988E+05  0.12500000E+03  0.91249868E-02  0.69999999E+00  0.99998932E+03
  0.12500000E+01 -0.25000000E+00  0.00000000E+00  0.00000000E+00  0.10114620E+04  0.23276869E+05  0.12500000E+03  0.73258700E-02  0.69999999E+00  0.99999152E+03
  0.17500000E+01 -0.25000000E+00  0.00000000E+00  0.00000000E+00  0.10145836E+04  0.29895715E+05  0.12500000E+03  0.11114543E-01  0.69999999E+00  0.99998712E+03
  0.22500000E+01 -0.25000000E+00  0.00000000E+00  0.00000000E+00  0.10014982E+04  0.29527576E+04  0.12500000E+03  0.10993121E-01  0.69999999E+00  0.99998743E+03
  0.27500000E+01 -0.25000000E+00  0.00000000E+00  0.00000000E+00  0.10041218E+04  0.81876206E+04  0.12500000E+03  0.51906714E-02  0.69999999E+00  0.99999402E+03
  0.32500000E+01 -0.25000000E+00  0.00000000E+00  0.00000000E+00  0.10004098E+04  0.80509845E+03  0.12500000E+03  0.36055907E-02  0.69999999E+00  0.99999585E+03
  0.37500000E+01 -0.25000000E+00  0.00000000E+00  0.00000000E+00  0.10000070E+04  0.13565822E+02  0.12500000E+03 -0.15635355E-03  0.69999999E+00  0.10000002E+04
  0.42500000E+01 -0.25000000E+00  0.00000000E+00  0.00000000E+00  0.10000000E+04  0.00000000E+00  0.12500000E+03 -0.92829741E-36  0.69999999E+00  0.10000000E+04
  0.47500000E+01 -0.25000000E+00  0.00000000E+00  0.00000000E+00  0.10000000E+04  0.00000000E+00  0.12500000E+03 -0.52333173E-39  0.69999999E+00  0.10000000E+04
  0.52500000E+01 -0.25000000E+00  0.00000000E+00  0.00000000E+00  0.10000000E+04  0.00000000E+00  0.12500000E+03  0.00000000E+00  0.69999999E+00  0.10000000E+04
  0.57500000E+01 -0.25000000E+00  0.00000000E+00  0.00000000E+00  0.10000000E+04  0.00000000E+00  0.12500000E+03  0.00000000E+00  0.69999999E+00  0.10000000E+04
  0.62500000E+01 -0.25000000E+00  0.00000000E+00  0.00000000E+00  0.10000000E+04  0.00000000E+00  0.12500000E+03  0.00000000E+00  0.69999999E+00  0.10000000E+04
  0.67500000E+01 -0.25000000E+00  0.00000000E+00  0.00000000E+00  0.10000000E+04  0.00000000E+00  0.12500000E+03  0.00000000E+00  0.69999999E+00  0.10000000E+04
  0.72500000E+01 -0.25000000E+00  0.00000000E+00  0.00000000E+00  0.10000000E+04  0.00000000E+00  0.12500000E+03  0.00000000E+00  0.69999999E+00  0.10000000E+04
  0.77500000E+01 -0.25000000E+00  0.00000000E+00  0.00000000E+00  0.10000000E+04  0.00000000E+00  0.12500000E+03  0.00000000E+00  0.69999999E+00  0.10000000E+04
  0.40000000E+01  0.50000000E+00  0.00000000E+00  0.00000000E+00  0.10011444E+04  0.22530542E+04  0.12500000E+03 -0.37378620E-03  0.69999999E+00  0.10000004E+04
  0.37500000E+01  0.25000000E+00  0.00000000E+00  0.00000000E+00  0.10015773E+04  0.31092620E+04  0.12500000E+03 -0.18173910E-02  0.69999999E+00  0.10000021E+04
  0.40000000E+01  0.10000000E+01  0.00000000E+00  0.00000000E+00  0.10041498E+04  0.82439629E+04  0.12500000E+03 -0.12582837E-03  0.69999999E+00  0.10000001E+04
  0.37500000E+01  0.75000000E+00  0.00000000E+00  0.00000000E+00  0.10367891E+04  0.80653281E+05  0.12500000E+03  0.98293577E-03  0.69999999E+00  0.99999884E+03
  0.40000000E+01  0.15000000E+01  0.00000000E+00  0.00000000E+00  0.10002496E+04  0.49012970E+03  0.12500000E+03  0.43838104E-03  0.69999999E+00  0.99999951E+03
  0.37500000E+01  0.12500000E+01  0.00000000E+00  0.00000000E+00  0.10293922E+04  0.63009066E+05  0.12500000E+03  0.10575734E-02  0.69999999E+00  0.99999878E+03
  0.40000000E+01  0.20000000E+01  0.00000000E+00  0.00000000E+00  0.10010588E+04  0.20840093E+04  0.12500000E+03  0.32330409E-03  0.69999999E+00  0.99999963E+03
  0.37500000E+01  0.17500000E+01  0.00000000E+00  0.00000000E+00  0.10212566E+04  0.44461172E+05  0.12500000E+03  0.21231689E-02  0.69999999E+00  0.99999750E+03
  0.45000000E+01  0.50000000E+00  0.00000000E+00  0.00000000E+00  0.10000000E+04  0.00000000E+00  0.12500000E+03  0.15422831E-38  0.69999999E+00  0.10000000E+04
  0.42500000E+01  0.25000000E+00  0.00000000E+00  0.00000000E+00  0.10000018E+04  0.35083482E+01  0.12500000E+03 -0.74084828E-05  0.69999999E+00  0.10000000E+04
  0.45000000E+01  0.10000000E+01  0.00000000E+00  0.00000000E+00  0.10000000E+04  0.00000000E+00  0.12500000E+03 -0.13592595E-41  0.69999999E+00  0.10000000E+04
  0.42500000E+01  0.75000000E+00  0.00000000E+00  0.00000000E+00  0.10000944E+04  0.18529227E+03  0.12500000E+03 -0.14100367E-04  0.69999999E+00  0.10000000E+04
  0.45000000E+01  0.15000000E+01  0.00000000E+00  0.00000000E+00  0.10000000E+04  0.00000000E+00  0.12500000E+03 -0.40721733E-41  0.69999999E+00  0.10000000E+04
  0.42500000E+01  0.12500000E+01  0.00000000E+00  0.00000000E+00  0.10000066E+04  0.12864128E+02  0.12500000E+03  0.34267537E-05  0.69999999E+00  0.10000000E+04
  0.45000000E+01  0.20000000E+01  0.00000000E+00  0.00000000E+00  0.10000000E+04  0.00000000E+00  0.12500000E+03  0.39712798E-41  0.69999999E+00  0.10000000E+04
  0.42500000E+01  0.17500000E+01  0.00000000E+00  0.00000000E+00  0.10000031E+04  0.60811610E+01  0.12500000E+03 -0.35628464E-05  0.69999999E+00  0.10000000E+04
  0.50000000E+01  0.50000000E+00  0.00000000E+00  0.00000000E+00  0.10000000E+04  0.00000000E+00  0.12500000E+03  0.47083628E-42  0.69999999E+00  0.10000000E+04
  0.47500000E+01  0.25000000E+00  0.00000000E+00  0.00000000E+00  0.10000000E+04  0.00000000E+00  0.12500000E+03  0.51784424E-39  0.69999999E+00  0.10000000E+04
  0.50000000E+01  0.10000000E+01  0.00000000E+00  0.00000000E+00  0.10000000E+04  0.00000000E+00  0.12500000E+03  0.00000000E+00  0.69999999E+00  0.10000000E+04
  0.47500000E+01  0.75000000E+00  0.00000000E+00  0.00000000E+00  0.10000000E+04  0.00000000E+00  0.12500000E+03  0.56051939E-42  0.69999999E+00  0.10000000E+04
  0.50000000E+01  0.15000000E+01  0.00000000E+00  0.00000000E+00  0.10000000E+04  0.00000000E+00  0.12500000E+03 -0.28950826E-41  0.69999999E+00  0.10000000E+04
  0.47500000E+01  0.12500000E+01  0.00000000E+00  0.00000000E+00  0.10000000E+04  0.00000000E+00  0.12500000E+03 -0.27857813E-41  0.69999999E+00  0.10000000E+04
  0.50000000E+01  0.20000000E+01  0.00000000E+00  0.00000000E+00  0.10000000E+04  0.00000000E+00  0.12500000E+03  0.27409398E-41  0.69999999E+00  0.10000000E+04
  0.47500000E+01  0.17500000E+01  0.00000000E+00  0.00000000E+00  0.10000000E+04  0.00000000E+00  0.12500000E+03  0.00000000E+00  0.69999999E+00  0.10000000E+04
  0.26631701E+01  0.84298551E+00  0.65862811E+00 -0.25138870E+00  0.10052280E+04  0.10419708E+05  0.12576698E+03  0.12576656E+03  0.10000000E+01  0.00000000E+00
  0.83590627E+00  0.11642236E+01 -0.42153117E+00  0.81735659E+00  0.10005934E+04  0.11663724E+04  0.12561582E+03  0.12561256E+03  0.10000000E+01  0.00000000E+00
  0.16662197E+01  0.96196175E+00  0.47426319E+00  0.56773341E+00  0.10066711E+04  0.13353520E+05  0.12546356E+03  0.12546333E+03  0.10000000E+01  0.00000000E+00
  0.18987143E+01  0.16178155E+01  0.15865005E+01  0.31710324E+00  0.10065419E+04  0.13090010E+05  0.12531018E+03  0.12531027E+03  0.10000000E+01  0.00000000E+00
  0.27894697E+01  0.14644898E+01  0.70562422E-01 -0.10684828E+00  0.99931915E+03 -0.13331294E+04  0.12515567E+03  0.12515567E+03  0.10000000E+01  0.00000000E+00
  0.23025975E+01  0.15180345E+01 -0.39788030E-01  0.22323878E+00  0.10031058E+04  0.61505703E+04  0.12500000E+03  0.12500000E+03  0.10000000E+01  0.00000000E+00
  0.28009539E+01  0.94158888E+00  0.26541531E+00 -0.28543282E+00  0.10038374E+04  0.76161040E+04  0.12576698E+03  0.12575461E+03  0.10000000E+01  0.00000000E+00
  0.86608982E+00  0.10726848E+01 -0.67809081E+00 -0.53976786E+00  0.99985150E+03 -0.29117856E+03  0.12561582E+03  0.12560624E+03  0.10000000E+01  0.00000000E+00
  0.10604494E+01  0.84811425E+00 -0.29122394E+00 -0.14340901E+00  0.10053767E+04  0.10720770E+05  0.12546356E+03  0.12546037E+03  0.10000000E+01  0.00000000E+00
  0.27220337E+01  0.13005592E+01  0.14536018E+01 -0.44053465E+00  0.99990314E+03 -0.18997931E+03  0.12531018E+03  0.12531038E+03  0.10000000E+01  0.00000000E+00
  0.11904069E+01  0.84969342E+00 -0.31506181E+00  0.43352856E-02  0.10050322E+04  0.10023447E+05  0.12515567E+03  0.12515535E+03  0.10000000E+01  0.00000000E+00
  0.69530797E+00  0.85856831E+00  0.31510276E+00 -0.10687653E+01  0.10069016E+04  0.13824594E+05  0.12500000E+03  0.12500000E+03  0.10000000E+01  0.00000000E+00
  0.20545161E+01  0.98410511E+00  0.67037034E+00  0.50947618E+00  0.10078751E+04  0.15820777E+05  0.12576698E+03  0.12575644E+03  0.10000000E+01  0.00000000E+00
  0.27502120E+01  0.88059235E+00  0.16605097E+00 -0.28799260E+00  0.10037835E+04  0.75079463E+04  0.12561582E+03  0.12561059E+03  0.10000000E+01  0.00000000E+00
  0.26880121E+01  0.13655778E+01 -0.43798614E+00  0.11219208E+00  0.10000118E+04  0.23155794E+02  0.12546356E+03  0.12546005E+03  0.10000000E+01  0.00000000E+00
  0.18069122E+01  0.10002518E+01 -0.88714945E+00  0.37972152E+00  0.10070504E+04  0.14128919E+05  0.12531018E+03  0.12531018E+03  0.10000000E+01  0.00000000E+00
  0.29685516E+01  0.91114283E+00  0.47599885E+00  0.35941429E-01  0.10076720E+04  0.15403277E+05  0.12515567E+03  0.12515553E+03  0.10000000E+01  0.00000000E+00
  0.11499169E+01  0.16090574E+01 -0.38447237E+00 -0.95732832E+00  0.10056881E+04  0.11352248E+05  0.12500000E+03  0.12499989E+03  0.10000000E+01  0.00000000E+00
  0.99560332E+00  0.14469389E+01 -0.63234103E+00 -0.24930185E+00  0.10016765E+04  0.33060007E+04  0.12576698E+03  0.12576566E+03  0.10000000E+01  0.00000000E+00
  0.26339297E+01  0.85969567E+00 -0.75172985E+00  0.79029486E-01  0.10048855E+04  0.97270977E+04  0.12561582E+03  0.12561228E+03  0.10000000E+01  0.00000000E+00
  0.16143427E+01  0.12595971E+01  0.61556309E+00  0.11292738E+00  0.10042432E+04  0.84319971E+04  0.12546356E+03  0.12546202E+03  0.10000000E+01  0.00000000E+00
  0.21318619E+01  0.10323319E+01  0.82753992E+00  0.16383673E+00  0.10087855E+04  0.17698145E+05  0.12531018E+03  0.12530890E+03  0.10000000E+01  0.00000000E+00
  0.15649143E+01  0.19275875E+01  0.18124154E+01 -0.29192251E+00  0.10050023E+04  0.99629521E+04  0.12515567E+03  0.12515567E+03  0.10000000E+01  0.00000000E+00
  0.13424981E+01  0.82926667E+00  0.35605410E+00  0.39448926E+00  0.10053178E+04  0.10601472E+05  0.12500000E+03  0.12500012E+03  0.10000000E+01  0.00000000E+00
  0.10833418E+01  0.15837505E+01  0.28721534E-01 -0.41288549E+00  0.10029315E+04  0.58023848E+04  0.12561582E+03  0.12561399E+03  0.10000000E+01  0.00000000E+00
  0.14390205E+01  0.19859905E+01  0.17577679E+01 -0.47646117E+00  0.10073647E+04  0.14772841E+05  0.12531018E+03  0.12531004E+03  0.10000000E+01  0.00000000E+00
  0.19474449E+01  0.19300807E+01  0.16849917E+00  0.14463882E+01  0.10027183E+04  0.53768159E+04  0.12500000E+03  0.12500000E+03  0.10000000E+01  0.00000000E+00
