  0.00000000E+00  0.00000000E+00  0.00000000E+00  0.00000000E+00  0.10010310E+04  0.20291707E+04  0.12500000E+03  0.27137699E-02  0.69999999E+00  0.99999689E+03
  0.00000000E+00  0.50000000E+00  0.00000000E+00  0.00000000E+00  0.10171205E+04  0.35365715E+05  0.12500000E+03  0.40040142E-02  0.69999999E+00  0.99999536E+03
  0.00000000E+00  0.10000000E+01  0.00000000E+00  0.00000000E+00  0.10219713E+04  0.46055555E+05  0.12500000E+03  0.42711943E-02  0.69999999E+00  0.99999500E+03
  0.00000000E+00  0.15000000E+01  0.00000000E+00  0.00000000E+00  0.10205955E+04  0.42992398E+05  0.12500000E+03  0.15943290E-02  0.69999999E+00  0.99999817E+03
  0.00000000E+00  0.20000000E+01  0.00000000E+00  0.00000000E+00  0.10193981E+04  0.40346891E+05  0.12500000E+03 -0.21180301E-02  0.69999999E+00  0.10000024E+04
  0.00000000E+00  0.25000000E+01  0.00000000E+00  0.00000000E+00  0.10034469E+04  0.68332266E+04  0.12500000E+03  0.51974104E-03  0.69999999E+00  0.99999939E+03
  0.00000000E+00  0.30000000E+01  0.00000000E+00  0.00000000E+00  0.10000026E+04  0.51455903E+01  0.12500000E+03  0.38292605E-04  0.69999999E+00  0.99999994E+03
  0.00000000E+00  0.35000000E+01  0.00000000E+00  0.00000000E+00  0.10000000E+04  0.00000000E+00  0.12500000E+03  0.00000000E+00  0.69999999E+00  0.10000000E+04
  0.00000000E+00  0.40000000E+01  0.00000000E+00  0.00000000E+00  0.10000000E+04  0.00000000E+00  0.12500000E+03  0.00000000E+00  0.69999999E+00  0.10000000E+04
 -0.25000000E+00 -0.25000000E+00  0.00000000E+00  0.00000000E+00  0.10006414E+04  0.12607445E+04  0.12500000E+03  0.52005530E-03  0.69999999E+00  0.99999939E+03
 -0.25000000E+00  0.25000000E+00  0.00000000E+00  0.00000000E+00  0.10006768E+04  0.13304845E+04  0.12500000E+03  0.12487951E-02  0.69999999E+00  0.99999860E+03
 -0.25000000E+00  0.75000000E+00  0.00000000E+00  0.00000000E+00  0.10068644E+04  0.13748555E+05  0.12500000E+03  0.68030821E-03  0.69999999E+00  0.99999921E+03
 -0.25000000E+00  0.12500000E+01  0.00000000E+00  0.00000000E+00  0.10050182E+04  0.99952471E+04  0.12500000E+03  0.13411606E-02  0.69999999E+00  0.99999847E+03
 -0.25000000E+00  0.17500000E+01  0.00000000E+00  0.00000000E+00  0.10009180E+04  0.18059093E+04  0.12500000E+03 -0.43542910E-03  0.69999999E+00  0.10000005E+04
 -0.25000000E+00  0.22500000E+01  0.00000000E+00  0.00000000E+00  0.10015139E+04  0.29839109E+04  0.12500000E+03 -0.18548567E-03  0.69999999E+00  0.10000002E+04
 -0.25000000E+00  0.27500000E+01  0.00000000E+00  0.00000000E+00  0.10000007E+04  0.14033347E+01  0.12500000E+03  0.17473474E-04  0.69999999E+00  0.10000000E+04
 -0.25000000E+00  0.32500000E+01  0.00000000E+00  0.00000000E+00  0.10000000E+04  0.00000000E+00  0.12500000E+03  0.20638324E-40  0.69999999E+00  0.10000000E+04
 -0.25000000E+00  0.37500000E+01  0.00000000E+00  0.00000000E+00  0.10000000E+04  0.00000000E+00  0.12500000E+03  0.00000000E+00  0.69999999E+00  0.10000000E+04
  0.80000000E+01  0.00000000E+00  0.00000000E+00  0.00000000E+00  0.10000000E+04  0.00000000E+00  0.12500000E+03  0.00000000E+00  0.69999999E+00  0.10000000E+04
  0.80000000E+01  0.50000000E+00  0.00000000E+00  0.00000000E+00  0.10000000E+04  0.00000000E+00  0.12500000E+03  0.00000000E+00  0.69999999E+00  0.10000000E+04
  0.80000000E+01  0.10000000E+01  0.00000000E+00  0.00000000E+00  0.10000000E+04  0.00000000E+00  0.12500000E+03  0.00000000E+00  0.69999999E+00  0.10000000E+04
  0.80000000E+01  0.15000000E+01  0.00000000E+00  0.00000000E+00  0.10000000E+04  0.00000000E+00  0.12500000E+03  0.00000000E+00  0.69999999E+00  0.10000000E+04
  0.80000000E+01  0.20000000E+01  0.00000000E+00  0.00000000E+00  0.10000000E+04  0.00000000E+00  0.12500000E+03  0.00000000E+00  0.69999999E+00  0.10000000E+04
  0.80000000E+01  0.25000000E+01  0.00000000E+00  0.00000000E+00  0.10000000E+04  0.00000000E+00  0.12500000E+03  0.00000000E+00  0.69999999E+00  0.10000000E+04
  0.80000000E+01  0.30000000E+01  0.00000000E+00  0.00000000E+00  0.10000000E+04  0.00000000E+00  0.12500000E+03  0.00000000E+00  0.69999999E+00  0.10000000E+04
  0.80000000E+01  0.35000000E+01  0.00000000E+00  0.00000000E+00  0.10000000E+04  0.00000000E+00  0.12500000E+03  0.00000000E+00  0.69999999E+00  0.10000000E+04
  0.80000000E+01  0.40000000E+01  0.00000000E+00  0.00000000E+00  0.10000000E+04  0.00000000E+00  0.12500000E+03  0.00000000E+00  0.69999999E+00  0.10000000E+04
  0.82500000E+01 -0.25000000E+00  0.00000000E+00  0.00000000E+00  0.10000000E+04  0.00000000E+00  0.12500000E+03  0.00000000E+00  0.69999999E+00  0.10000000E+04
  0.82500000E+01  0.25000000E+00  0.00000000E+00  0.00000000E+00  0.10000000E+04  0.00000000E+00  0.12500000E+03  0.00000000E+00  0.69999999E+00  0.10000000E+04
  0.82500000E+01  0.75000000E+00  0.00000000E+00  0.00000000E+00  0.10000000E+04  0.00000000E+00  0.12500000E+03  0.00000000E+00  0.69999999E+00  0.10000000E+04
  0.82500000E+01  0.12500000E+01  0.00000000E+00  0.00000000E+00  0.10000000E+04  0.00000000E+00  0.12500000E+03  0.00000000E+00  0.69999999E+00  0.10000000E+04
  0.82500000E+01  0.17500000E+01  0.00000000E+00  0.00000000E+00  0.10000000E+04  0.00000000E+00  0.12500000E+03  0.00000000E+00  0.69999999E+00  0.10000000E+04
  0.82500000E+01  0.22500000E+01  0.00000000E+00  0.00000000E+00  0.10000000E+04  0.00000000E+00  0.12500000E+03  0.00000000E+00  0.69999999E+00  0.10000000E+04
  0.82500000E+01  0.27500000E+01  0.00000000E+00  0.00000000E+00  0.10000000E+04  0.00000000E+00  0.12500000E+03  0.00000000E+00  0.69999999E+00  0.10000000E+04
  0.82500000E+01  0.32500000E+01  0.00000000E+00  0.00000000E+00  0.10000000E+04  0.00000000E+00  0.12500000E+03  0.00000000E+00  0.69999999E+00  0.10000000E+04
  0.82500000E+01  0.37500000E+01  0.00000000E+00  0.00000000E+00  0.10000000E+04  0.00000000E+00  0.12500000E+03  0.00000000E+00  0.69999999E+00  0.10000000E+04
  0.50000000E+00  0.00000000E+00  0.00000000E+00  0.00000000E+00  0.10435099E+04  0.97353258E+05  0.12500000E+03  0.13836304E-01  0.69999999E+00  0.99998352E+03
  0.10000000E+01  0.00000000E+00  0.00000000E+00  0.00000000E+00  0.10683672E+04  0.16500630E+06  0.12500000E+03  0.82079265E-02  0.69999999E+00  0.99998999E+03
  0.15000000E+01  0.00000000E+00  0.00000000E+00  0.00000000E+00  0.10186785E+04  0.38765738E+05  0.12500000E+03  0.23930613E-01  0.69999999E+00  0.99997217E+03
  0.20000000E+01  0.00000000E+00  0.00000000E+00  0.00000000E+00  0.11344602E+04  0.39755219E+06  0.12500000E+03  0.27928120E-01  0.69999999E+00  0.99996381E+03
  0.25000000E+01  0.00000000E+00  0.00000000E+00  0.00000000E+00  0.10384828E+04  0.84801039E+05  0.12500000E+03  0.94820857E-02  0.69999999E+00  0.99998877E+03
  0.30000000E+01  0.00000000E+00  0.00000000E+00  0.00000000E+00  0.10512183E+04  0.11731877E+06  0.12500000E+03  0.11192067E-01  0.69999999E+00  0.99998657E+03
  0.35000000E+01  0.00000000E+00  0.00000000E+00  0.00000000E+00  0.10068435E+04  0.13705668E+05  0.12500000E+03  0.47189230E-02  0.69999999E+00  0.99999457E+03
  0.40000000E+01  0.00000000E+00  0.00000000E+00  0.00000000E+00  0.10000137E+04  0.26898298E+02  0.12500000E+03 -0.68247195E-04  0.69999999E+00  0.10000001E+04
  0.45000000E+01  0.00000000E+00  0.00000000E+00  0.00000000E+00  0.10000000E+04  0.00000000E+00  0.12500000E+03  0.11006807E-38  0.69999999E+00  0.10000000E+04
  0.50000000E+01  0.00000000E+00  0.00000000E+00  0.00000000E+00  0.10000000E+04  0.00000000E+00  0.12500000E+03 -0.53781835E-41  0.69999999E+00  0.10000000E+04
  0.55000000E+01  0.00000000E+00  0.00000000E+00  0.00000000E+00  0.10000000E+04  0.00000000E+00  0.12500000E+03  0.00000000E+00  0.69999999E+00  0.10000000E+04
  0.60000000E+01  0.00000000E+00  0.00000000E+00  0.00000000E+00  0.10000000E+04  0.00000000E+00  0.12500000E+03  0.00000000E+00  0.69999999E+00  0.10000000E+04
  0.65000000E+01  0.00000000E+00  0.00000000E+00  0.00000000E+00  0.10000000E+04  0.00000000E+00  0.12500000E+03  0.00000000E+00  0.69999999E+00  0.10000000E+04
  0.70000000E+01  0.00000000E+00  0.00000000E+00  0.00000000E+00  0.10000000E+04  0.00000000E+00  0.12500000E+03  0.00000000E+00  0.69999999E+00  0.10000000E+04
  0.75000000E+01  0.00000000E+00  0.00000000E+00  0.00000000E+00  0.10000000E+04  0.00000000E+00  0.12500000E+03  0.00000000E+00  0.69999999E+00  0.10000000E+04
  0.25000000E+00 -0.25000000E+00  0.00000000E+00  0.00000000E+00  0.10056597E+04  0.11294660E+05  0.12500000E+03  0.35165399E-02  0.69999999E+00  0.99999597E+03
  0.75000000E+00 -0.25000000E+00  0.00000000E+00  0.00000000E+00  0.10259883E+04  0.55141227E+05  0.12500000E+03  0.98974332E-02  0.69999999E+00  0.99998840E+03
  0.12500000E+01 -0.25000000E+00  0.00000000E+00  0.00000000E+00  0.10094534E+04  0.19081982E+05  0.12500000E+03  0.77103022E-02  0.69999999E+00  0.99999109E+03
  0.17500000E+01 -0.25000000E+00  0.00000000E+00  0.00000000E+00  0.10143901E+04  0.29481900E+05  0.12500000E+03  0.11830933E-01  0.69999999E+00  0.99998627E+03
  0.22500000E+01 -0.25000000E+00  0.00000000E+00  0.00000000E+00  0.10011940E+04  0.23510366E+04  0.12500000E+03  0.11978015E-01  0.69999999E+00  0.99998627E+03
  0.27500000E+01 -0.25000000E+00  0.00000000E+00  0.00000000E+00  0.10039049E+04  0.77518291E+04  0.12500000E+03  0.60494235E-02  0.69999999E+00  0.99999304E+03
  0.32500000E+01 -0.25000000E+00  0.00000000E+00  0.00000000E+00  0.10016385E+04  0.32306450E+04  0.12500000E+03  0.43075480E-02  0.69999999E+00  0.99999506E+03
  0.37500000E+01 -0.25000000E+00  0.00000000E+00  0.00000000E+00  0.10000070E+04  0.13565822E+02  0.12500000E+03 -0.15635355E-03  0.69999999E+00  0.10000002E+04
  0.42500000E+01 -0.25000000E+00  0.00000000E+00  0.00000000E+00  0.10000000E+04  0.00000000E+00  0.12500000E+03 -0.36468076E-35  0.69999999E+00  0.10000000E+04
  0.47500000E+01 -0.25000000E+00  0.00000000E+00  0.00000000E+00  0.10000000E+04  0.00000000E+00  0.12500000E+03 -0.24361658E-38  0.69999999E+00  0.10000000E+04
  0.52500000E+01 -0.25000000E+00  0.00000000E+00  0.00000000E+00  0.10000000E+04  0.00000000E+00  0.12500000E+03  0.00000000E+00  0.69999999E+00  0.10000000E+04
  0.57500000E+01 -0.25000000E+00  0.00000000E+00  0.00000000E+00  0.10000000E+04  0.00000000E+00  0.12500000E+03  0.00000000E+00  0.69999999E+00  0.10000000E+04
  0.62500000E+01 -0.25000000E+00  0.00000000E+00  0.00000000E+00  0.10000000E+04  0.00000000E+00  0.12500000E+03  0.00000000E+00  0.69999999E+00  0.10000000E+04
  0.67500000E+01 -0.25000000E+00  0.00000000E+00  0.00000000E+00  0.10000000E+04  0.00000000E+00  0.12500000E+03  0.00000000E+00  0.69999999E+00  0.10000000E+04
  0.72500000E+01 -0.25000000E+00  0.00000000E+00  0.00000000E+00  0.10000000E+04  0.00000000E+00  0.12500000E+03  0.00000000E+00  0.69999999E+00  0.10000000E+04
  0.77500000E+01 -0.25000000E+00  0.00000000E+00  0.00000000E+00  0.10000000E+04  0.00000000E+00  0.12500000E+03  0.00000000E+00  0.69999999E+00  0.10000000E+04
  0.40000000E+01  0.50000000E+00  0.00000000E+00  0.00000000E+00  0.10013461E+04  0.26517600E+04  0.12500000E+03 -0.50252536E-03  0.69999999E+00  0.10000005E+04
  0.37500000E+01  0.25000000E+00  0.00000000E+00  0.00000000E+00  0.10068816E+04  0.13783647E+05  0.12500000E+03 -0.22401498E-02  0.69999999E+00  0.10000026E+04
  0.40000000E+01  0.10000000E+01  0.00000000E+00  0.00000000E+00  0.10033296E+04  0.65983618E+04  0.12500000E+03 -0.13671056E-03  0.69999999E+00  0.10000002E+04
  0.37500000E+01  0.75000000E+00  0.00000000E+00  0.00000000E+00  0.10614991E+04  0.14535036E+06  0.12500000E+03  0.11280531E-02  0.69999999E+00  0.99999866E+03
  0.40000000E+01  0.15000000E+01  0.00000000E+00  0.00000000E+00  0.99999365E+03 -0.12395863E+02  0.12500000E+03  0.49298187E-03  0.69999999E+00  0.99999945E+03
  0.37500000E+01  0.12500000E+01  0.00000000E+00  0.00000000E+00  0.10263210E+04  0.55903387E+05  0.12500000E+03  0.12284750E-02  0.69999999E+00  0.99999854E+03
  0.40000000E+01  0.20000000E+01  0.00000000E+00  0.00000000E+00  0.10013544E+04  0.26680293E+04  0.12500000E+03  0.38262410E-03  0.69999999E+00  0.99999957E+03
  0.37500000E+01  0.17500000E+01  0.00000000E+00  0.00000000E+00  0.10228770E+04  0.48085281E+05  0.12500000E+03  0.25747528E-02  0.69999999E+00  0.99999701E+03
  0.45000000E+01  0.50000000E+00  0.00000000E+00  0.00000000E+00  0.10000000E+04  0.00000000E+00  0.12500000E+03  0.71791435E-38  0.69999999E+00  0.10000000E+04
  0.42500000E+01  0.25000000E+00  0.00000000E+00  0.00000000E+00  0.10000018E+04  0.35083482E+01  0.12500000E+03 -0.74084828E-05  0.69999999E+00  0.10000000E+04
  0.45000000E+01  0.10000000E+01  0.00000000E+00  0.00000000E+00  0.10000000E+04  0.00000000E+00  0.12500000E+03 -0.81947934E-41  0.69999999E+00  0.10000000E+04
  0.42500000E+01  0.75000000E+00  0.00000000E+00  0.00000000E+00  0.10000916E+04  0.17967581E+03  0.12500000E+03 -0.20551628E-04  0.69999999E+00  0.10000000E+04
  0.45000000E+01  0.15000000E+01  0.00000000E+00  0.00000000E+00  0.10000000E+04  0.00000000E+00  0.12500000E+03 -0.30251231E-40  0.69999999E+00  0.10000000E+04
  0.42500000E+01  0.12500000E+01  0.00000000E+00  0.00000000E+00  0.10000066E+04  0.12864128E+02  0.12500000E+03  0.64903998E-05  0.69999999E+00  0.10000000E+04
  0.45000000E+01  0.20000000E+01  0.00000000E+00  0.00000000E+00  0.10000000E+04  0.00000000E+00  0.12500000E+03  0.26649894E-40  0.69999999E+00  0.10000000E+04
  0.42500000E+01  0.17500000E+01  0.00000000E+00  0.00000000E+00  0.10000031E+04  0.60811610E+01  0.12500000E+03 -0.35628464E-05  0.69999999E+00  0.10000000E+04
  0.50000000E+01  0.50000000E+00  0.00000000E+00  0.00000000E+00  0.10000000E+04  0.00000000E+00  0.12500000E+03  0.50811082E-41  0.69999999E+00  0.10000000E+04
  0.47500000E+01  0.25000000E+00  0.00000000E+00  0.00000000E+00  0.10000000E+04  0.00000000E+00  0.12500000E+03  0.24090703E-38  0.69999999E+00  0.10000000E+04
  0.50000000E+01  0.10000000E+01  0.00000000E+00  0.00000000E+00  0.10000000E+04  0.00000000E+00  0.12500000E+03 -0.00000000E+00  0.69999999E+00  0.10000000E+04
  0.47500000E+01  0.75000000E+00  0.00000000E+00  0.00000000E+00  0.10000000E+04  0.00000000E+00  0.12500000E+03  0.54146173E-41  0.69999999E+00  0.10000000E+04
  0.50000000E+01  0.15000000E+01  0.00000000E+00  0.00000000E+00  0.10000000E+04  0.00000000E+00  0.12500000E+03 -0.21882677E-40  0.69999999E+00  0.10000000E+04
  0.47500000E+01  0.12500000E+01  0.00000000E+00  0.00000000E+00  0.10000000E+04  0.00000000E+00  0.12500000E+03 -0.20926991E-40  0.69999999E+00  0.10000000E+04
  0.50000000E+01  0.20000000E+01  0.00000000E+00  0.00000000E+00  0.10000000E+04  0.00000000E+00  0.12500000E+03  0.18752176E-40  0.69999999E+00  0.10000000E+04
  0.47500000E+01  0.17500000E+01  0.00000000E+00  0.00000000E+00  0.10000000E+04  0.00000000E+00  0.12500000E+03 -0.11462621E-41  0.69999999E+00  0.10000000E+04
  0.28341234E+01  0.89109755E+00  0.58363780E-01  0.19668521E+00  0.10046090E+04  0.91688359E+04  0.12576698E+03  0.12576656E+03  0.10000000E+01  0.00000000E+00
  0.89017963E+00  0.13641559E+01  0.20370252E-01 -0.27714041E+00  0.10018725E+04  0.36946257E+04  0.12561582E+03  0.12561256E+03  0.10000000E+01  0.00000000E+00
  0.18322029E+01  0.10780706E+01  0.33786875E+00  0.11216368E+00  0.10141327E+04  0.28932154E+05  0.12546356E+03  0.12546323E+03  0.10000000E+01  0.00000000E+00
  0.28166192E+01  0.15999148E+01 -0.10811154E+01 -0.92898941E+00  0.10028936E+04  0.57266987E+04  0.12531018E+03  0.12531044E+03  0.10000000E+01  0.00000000E+00
  0.25555453E+01  0.16521112E+01 -0.24018159E+01 -0.67724884E+00  0.99793909E+03 -0.40185530E+04  0.12515567E+03  0.12515567E+03  0.10000000E+01  0.00000000E+00
  0.27513323E+01  0.16383991E+01 -0.10927387E+01 -0.74962902E+00  0.10032619E+04  0.64628643E+04  0.12500000E+03  0.12499985E+03  0.10000000E+01  0.00000000E+00
  0.27043018E+01  0.84340227E+00 -0.28275627E+00  0.18876642E+00  0.10056802E+04  0.11336277E+05  0.12576698E+03  0.12575461E+03  0.10000000E+01  0.00000000E+00
  0.97870421E+00  0.88873613E+00 -0.28493252E+00  0.19067937E+00  0.10075331E+04  0.15118130E+05  0.12561582E+03  0.12560609E+03  0.10000000E+01  0.00000000E+00
  0.81050479E+00  0.10342654E+01 -0.25685138E+00  0.33864394E+00  0.10042153E+04  0.83756240E+04  0.12546356E+03  0.12546051E+03  0.10000000E+01  0.00000000E+00
  0.28894045E+01  0.96186423E+00 -0.15039665E+00 -0.13452666E+01  0.10064376E+04  0.12877258E+05  0.12531018E+03  0.12531038E+03  0.10000000E+01  0.00000000E+00
  0.10993968E+01  0.88350713E+00 -0.42439777E+00  0.19834511E+00  0.10074655E+04  0.14979435E+05  0.12515567E+03  0.12515535E+03  0.10000000E+01  0.00000000E+00
  0.67316163E+00  0.90693223E+00 -0.95821097E-01 -0.24699202E+00  0.10085007E+04  0.17109775E+05  0.12500000E+03  0.12500000E+03  0.10000000E+01  0.00000000E+00
  0.20133846E+01  0.95267355E+00 -0.10591429E+01 -0.60568392E-01  0.10050345E+04  0.10028027E+05  0.12576698E+03  0.12575644E+03  0.10000000E+01  0.00000000E+00
  0.26616576E+01  0.84555411E+00 -0.23826224E+00  0.31334040E+00  0.10065709E+04  0.13149118E+05  0.12561582E+03  0.12561059E+03  0.10000000E+01  0.00000000E+00
  0.27239480E+01  0.13477982E+01 -0.51548153E+00 -0.59076732E+00  0.10044963E+04  0.89417051E+04  0.12546356E+03  0.12546005E+03  0.10000000E+01  0.00000000E+00
  0.14373248E+01  0.90348661E+00 -0.66147739E+00 -0.24662274E+00  0.10025372E+04  0.50159009E+04  0.12531018E+03  0.12531018E+03  0.10000000E+01  0.00000000E+00
  0.29369936E+01  0.79589713E+00  0.48034662E+00  0.86527312E+00  0.10036878E+04  0.73161240E+04  0.12515567E+03  0.12515553E+03  0.10000000E+01  0.00000000E+00
  0.10184515E+01  0.16319826E+01  0.10165490E-01 -0.77286907E-01  0.10048344E+04  0.96235576E+04  0.12500000E+03  0.12500612E+03  0.10000000E+01  0.00000000E+00
  0.94621587E+00  0.15223316E+01  0.36321020E+00  0.32993235E-01  0.10040990E+04  0.81418350E+04  0.12576698E+03  0.12576566E+03  0.10000000E+01  0.00000000E+00
  0.23722420E+01  0.10086471E+01 -0.14400756E-01 -0.53794515E+00  0.10016847E+04  0.33220662E+04  0.12561582E+03  0.12561228E+03  0.10000000E+01  0.00000000E+00
  0.16756604E+01  0.11435225E+01 -0.54912798E-01 -0.49174660E+00  0.10045806E+04  0.91116182E+04  0.12546356E+03  0.12546202E+03  0.10000000E+01  0.00000000E+00
  0.21970088E+01  0.93126225E+00 -0.56193006E+00  0.46928492E+00  0.10063466E+04  0.12691604E+05  0.12531018E+03  0.12530890E+03  0.10000000E+01  0.00000000E+00
  0.21188817E+01  0.15805075E+01 -0.78394902E+00  0.13380702E+00  0.10014112E+04  0.27805232E+04  0.12515567E+03  0.12515567E+03  0.10000000E+01  0.00000000E+00
  0.13599563E+01  0.87708557E+00 -0.35127461E+00 -0.12872838E-02  0.10034644E+04  0.68683271E+04  0.12500000E+03  0.12500012E+03  0.10000000E+01  0.00000000E+00
  0.11265087E+01  0.16301944E+01  0.21061209E+00 -0.62855259E-01  0.10043017E+04  0.85495723E+04  0.12561582E+03  0.12560780E+03  0.10000000E+01  0.00000000E+00
  0.14756347E+01  0.16686978E+01 -0.14275113E+01  0.76674056E+00  0.10040594E+04  0.80622637E+04  0.12531018E+03  0.12531004E+03  0.10000000E+01  0.00000000E+00
  0.23293974E+01  0.18841250E+01 -0.19361499E+00  0.38806748E+00  0.10023376E+04  0.46188477E+04  0.12500000E+03  0.12500000E+03  0.10000000E+01  0.00000000E+00
