  0.00000000E+00  0.00000000E+00  0.00000000E+00  0.00000000E+00  0.10008718E+04  0.17149073E+04  0.12500000E+03  0.24592222E-02  0.69999999E+00  0.99999719E+03
  0.00000000E+00  0.50000000E+00  0.00000000E+00  0.00000000E+00  0.10111267E+04  0.22573076E+05  0.12500000E+03  0.31693815E-02  0.69999999E+00  0.99999634E+03
  0.00000000E+00  0.10000000E+01  0.00000000E+00  0.00000000E+00  0.10209478E+04  0.43774277E+05  0.12500000E+03  0.36433891E-02  0.69999999E+00  0.99999573E+03
  0.00000000E+00  0.15000000E+01  0.00000000E+00  0.00000000E+00  0.10090203E+04  0.18183826E+05  0.12500000E+03  0.13395585E-02  0.69999999E+00  0.99999847E+03
  0.00000000E+00  0.20000000E+01  0.00000000E+00  0.00000000E+00  0.10241024E+04  0.50849066E+05  0.12500000E+03 -0.16339086E-02  0.69999999E+00  0.10000019E+04
  0.00000000E+00  0.25000000E+01  0.00000000E+00  0.00000000E+00  0.10046511E+04  0.92537188E+04  0.12500000E+03  0.50440704E-03  0.69999999E+00  0.99999945E+03
  0.00000000E+00  0.30000000E+01  0.00000000E+00  0.00000000E+00  0.10000026E+04  0.51455903E+01  0.12500000E+03  0.38292605E-04  0.69999999E+00  0.99999994E+03
  0.00000000E+00  0.35000000E+01  0.00000000E+00  0.00000000E+00  0.10000000E+04  0.00000000E+00  0.12500000E+03  0.00000000E+00  0.69999999E+00  0.10000000E+04
  0.00000000E+00  0.40000000E+01  0.00000000E+00  0.00000000E+00  0.10000000E+04  0.00000000E+00  0.12500000E+03  0.00000000E+00  0.69999999E+00  0.10000000E+04
 -0.25000000E+00 -0.25000000E+00  0.00000000E+00  0.00000000E+00  0.10006414E+04  0.12607445E+04  0.12500000E+03  0.52005530E-03  0.69999999E+00  0.99999939E+03
 -0.25000000E+00  0.25000000E+00  0.00000000E+00  0.00000000E+00  0.10005969E+04  0.11731794E+04  0.12500000E+03  0.10994158E-02  0.69999999E+00  0.99999872E+03
 -0.25000000E+00  0.75000000E+00  0.00000000E+00  0.00000000E+00  0.10062301E+04  0.12454336E+05  0.12500000E+03  0.45685802E-03  0.69999999E+00  0.99999945E+03
 -0.25000000E+00  0.12500000E+01  0.00000000E+00  0.00000000E+00  0.10052561E+04  0.10476423E+05  0.12500000E+03  0.11667036E-02  0.69999999E+00  0.99999866E+03
 -0.25000000E+00  0.17500000E+01  0.00000000E+00  0.00000000E+00  0.10009083E+04  0.17870956E+04  0.12500000E+03 -0.33958058E-03  0.69999999E+00  0.10000004E+04
 -0.25000000E+00  0.22500000E+01  0.00000000E+00  0.00000000E+00  0.10015143E+04  0.29846189E+04  0.12500000E+03 -0.18519553E-03  0.69999999E+00  0.10000002E+04
 -0.25000000E+00  0.27500000E+01  0.00000000E+00  0.00000000E+00  0.10000007E+04  0.14033347E+01  0.12500000E+03  0.17473474E-04  0.69999999E+00  0.10000000E+04
 -0.25000000E+00  0.32500000E+01  0.00000000E+00  0.00000000E+00  0.10000000E+04  0.00000000E+00  0.12500000E+03  0.22252620E-41  0.69999999E+00  0.10000000E+04
 -0.25000000E+00  0.37500000E+01  0.00000000E+00  0.00000000E+00  0.10000000E+04  0.00000000E+00  0.12500000E+03  0.00000000E+00  0.69999999E+00  0.10000000E+04
  0.80000000E+01  0.00000000E+00  0.00000000E+00  0.00000000E+00  0.10000000E+04  0.00000000E+00  0.12500000E+03  0.00000000E+00  0.69999999E+00  0.10000000E+04
  0.80000000E+01  0.50000000E+00  0.00000000E+00  0.00000000E+00  0.10000000E+04  0.00000000E+00  0.12500000E+03  0.00000000E+00  0.69999999E+00  0.10000000E+04
  0.80000000E+01  0.10000000E+01  0.00000000E+00  0.00000000E+00  0.10000000E+04  0.00000000E+00  0.12500000E+03  0.00000000E+00  0.69999999E+00  0.10000000E+04
  0.80000000E+01  0.15000000E+01  0.00000000E+00  0.00000000E+00  0.10000000E+04  0.00000000E+00  0.12500000E+03  0.00000000E+00  0.69999999E+00  0.10000000E+04
  0.80000000E+01  0.20000000E+01  0.00000000E+00  0.00000000E+00  0.10000000E+04  0.00000000E+00  0.12500000E+03  0.00000000E+00  0.69999999E+00  0.10000000E+04
  0.80000000E+01  0.25000000E+01  0.00000000E+00  0.00000000E+00  0.10000000E+04  0.00000000E+00  0.12500000E+03  0.00000000E+00  0.69999999E+00  0.10000000E+04
  0.80000000E+01  0.30000000E+01  0.00000000E+00  0.00000000E+00  0.10000000E+04  0.00000000E+00  0.12500000E+03  0.00000000E+00  0.69999999E+00  0.10000000E+04
  0.80000000E+01  0.35000000E+01  0.00000000E+00  0.00000000E+00  0.10000000E+04  0.00000000E+00  0.12500000E+03  0.00000000E+00  0.69999999E+00  0.10000000E+04
  0.80000000E+01  0.40000000E+01  0.00000000E+00  0.00000000E+00  0.10000000E+04  0.00000000E+00  0.12500000E+03  0.00000000E+00  0.69999999E+00  0.10000000E+04
  0.82500000E+01 -0.25000000E+00  0.00000000E+00  0.00000000E+00  0.10000000E+04  0.00000000E+00  0.12500000E+03  0.00000000E+00  0.69999999E+00  0.10000000E+04
  0.82500000E+01  0.25000000E+00  0.00000000E+00  0.00000000E+00  0.10000000E+04  0.00000000E+00  0.12500000E+03  0.00000000E+00  0.69999999E+00  0.10000000E+04
  0.82500000E+01  0.75000000E+00  0.00000000E+00  0.00000000E+00  0.10000000E+04  0.00000000E+00  0.12500000E+03  0.00000000E+00  0.69999999E+00  0.10000000E+04
  0.82500000E+01  0.12500000E+01  0.00000000E+00  0.00000000E+00  0.10000000E+04  0.00000000E+00  0.12500000E+03  0.00000000E+00  0.69999999E+00  0.10000000E+04
  0.82500000E+01  0.17500000E+01  0.00000000E+00  0.00000000E+00  0.10000000E+04  0.00000000E+00  0.12500000E+03  0.00000000E+00  0.69999999E+00  0.10000000E+04
  0.82500000E+01  0.22500000E+01  0.00000000E+00  0.00000000E+00  0.10000000E+04  0.00000000E+00  0.12500000E+03  0.00000000E+00  0.69999999E+00  0.10000000E+04
  0.82500000E+01  0.27500000E+01  0.00000000E+00  0.00000000E+00  0.10000000E+04  0.00000000E+00  0.12500000E+03  0.00000000E+00  0.69999999E+00  0.10000000E+04
  0.82500000E+01  0.32500000E+01  0.00000000E+00  0.00000000E+00  0.10000000E+04  0.00000000E+00  0.12500000E+03  0.00000000E+00  0.69999999E+00  0.10000000E+04
  0.82500000E+01  0.37500000E+01  0.00000000E+00  0.00000000E+00  0.10000000E+04  0.00000000E+00  0.12500000E+03  0.00000000E+00  0.69999999E+00  0.10000000E+04
  0.50000000E+00  0.00000000E+00  0.00000000E+00  0.00000000E+00  0.10338239E+04  0.73489000E+05  0.12500000E+03  0.12453031E-01  0.69999999E+00  0.99998529E+03
  0.10000000E+01  0.00000000E+00  0.00000000E+00  0.00000000E+00  0.10527515E+04  0.12139578E+06  0.12500000E+03  0.71406555E-02  0.69999999E+00  0.99999139E+03
  0.15000000E+01  0.00000000E+00  0.00000000E+00  0.00000000E+00  0.10292469E+04  0.62669977E+05  0.12500000E+03  0.21819618E-01  0.69999999E+00  0.99997437E+03
  0.20000000E+01  0.00000000E+00  0.00000000E+00  0.00000000E+00  0.11353330E+04  0.40121131E+06  0.12500000E+03  0.25175648E-01  0.69999999E+00  0.99996735E+03
  0.25000000E+01  0.00000000E+00  0.00000000E+00  0.00000000E+00  0.10289313E+04  0.61934371E+05  0.12500000E+03  0.75027780E-02  0.69999999E+00  0.99999115E+03
  0.30000000E+01  0.00000000E+00  0.00000000E+00  0.00000000E+00  0.10446897E+04  0.10035218E+06  0.12500000E+03  0.92051364E-02  0.69999999E+00  0.99998901E+03
  0.35000000E+01  0.00000000E+00  0.00000000E+00  0.00000000E+00  0.10045822E+04  0.91147432E+04  0.12500000E+03  0.37642678E-02  0.69999999E+00  0.99999567E+03
  0.40000000E+01  0.00000000E+00  0.00000000E+00  0.00000000E+00  0.10000137E+04  0.26898298E+02  0.12500000E+03 -0.68247195E-04  0.69999999E+00  0.10000001E+04
  0.45000000E+01  0.00000000E+00  0.00000000E+00  0.00000000E+00  0.10000000E+04  0.00000000E+00  0.12500000E+03  0.14159841E-39  0.69999999E+00  0.10000000E+04
  0.50000000E+01  0.00000000E+00  0.00000000E+00  0.00000000E+00  0.10000000E+04  0.00000000E+00  0.12500000E+03 -0.22140516E-42  0.69999999E+00  0.10000000E+04
  0.55000000E+01  0.00000000E+00  0.00000000E+00  0.00000000E+00  0.10000000E+04  0.00000000E+00  0.12500000E+03  0.00000000E+00  0.69999999E+00  0.10000000E+04
  0.60000000E+01  0.00000000E+00  0.00000000E+00  0.00000000E+00  0.10000000E+04  0.00000000E+00  0.12500000E+03  0.00000000E+00  0.69999999E+00  0.10000000E+04
  0.65000000E+01  0.00000000E+00  0.00000000E+00  0.00000000E+00  0.10000000E+04  0.00000000E+00  0.12500000E+03  0.00000000E+00  0.69999999E+00  0.10000000E+04
  0.70000000E+01  0.00000000E+00  0.00000000E+00  0.00000000E+00  0.10000000E+04  0.00000000E+00  0.12500000E+03  0.00000000E+00  0.69999999E+00  0.10000000E+04
  0.75000000E+01  0.00000000E+00  0.00000000E+00  0.00000000E+00  0.10000000E+04  0.00000000E+00  0.12500000E+03  0.00000000E+00  0.69999999E+00  0.10000000E+04
  0.25000000E+00 -0.25000000E+00  0.00000000E+00  0.00000000E+00  0.10056403E+04  0.11255226E+05  0.12500000E+03  0.33030226E-02  0.69999999E+00  0.99999622E+03
  0.75000000E+00 -0.25000000E+00  0.00000000E+00  0.00000000E+00  0.10252244E+04  0.53396676E+05  0.12500000E+03  0.89312661E-02  0.69999999E+00  0.99998956E+03
  0.12500000E+01 -0.25000000E+00  0.00000000E+00  0.00000000E+00  0.10100759E+04  0.20376678E+05  0.12500000E+03  0.71149841E-02  0.69999999E+00  0.99999176E+03
  0.17500000E+01 -0.25000000E+00  0.00000000E+00  0.00000000E+00  0.10148687E+04  0.30506209E+05  0.12500000E+03  0.10861177E-01  0.69999999E+00  0.99998743E+03
  0.22500000E+01 -0.25000000E+00  0.00000000E+00  0.00000000E+00  0.10011113E+04  0.21875920E+04  0.12500000E+03  0.10735633E-01  0.69999999E+00  0.99998773E+03
  0.27500000E+01 -0.25000000E+00  0.00000000E+00  0.00000000E+00  0.10035564E+04  0.70524873E+04  0.12500000E+03  0.49115494E-02  0.69999999E+00  0.99999438E+03
  0.32500000E+01 -0.25000000E+00  0.00000000E+00  0.00000000E+00  0.10001998E+04  0.39223239E+03  0.12500000E+03  0.33846181E-02  0.69999999E+00  0.99999615E+03
  0.37500000E+01 -0.25000000E+00  0.00000000E+00  0.00000000E+00  0.10000070E+04  0.13565822E+02  0.12500000E+03 -0.15635355E-03  0.69999999E+00  0.10000002E+04
  0.42500000E+01 -0.25000000E+00  0.00000000E+00  0.00000000E+00  0.10000000E+04  0.00000000E+00  0.12500000E+03 -0.62518920E-36  0.69999999E+00  0.10000000E+04
  0.47500000E+01 -0.25000000E+00  0.00000000E+00  0.00000000E+00  0.10000000E+04  0.00000000E+00  0.12500000E+03 -0.32436416E-39  0.69999999E+00  0.10000000E+04
  0.52500000E+01 -0.25000000E+00  0.00000000E+00  0.00000000E+00  0.10000000E+04  0.00000000E+00  0.12500000E+03  0.00000000E+00  0.69999999E+00  0.10000000E+04
  0.57500000E+01 -0.25000000E+00  0.00000000E+00  0.00000000E+00  0.10000000E+04  0.00000000E+00  0.12500000E+03  0.00000000E+00  0.69999999E+00  0.10000000E+04
  0.62500000E+01 -0.25000000E+00  0.00000000E+00  0.00000000E+00  0.10000000E+04  0.00000000E+00  0.12500000E+03  0.00000000E+00  0.69999999E+00  0.10000000E+04
  0.67500000E+01 -0.25000000E+00  0.00000000E+00  0.00000000E+00  0.10000000E+04  0.00000000E+00  0.12500000E+03  0.00000000E+00  0.69999999E+00  0.10000000E+04
  0.72500000E+01 -0.25000000E+00  0.00000000E+00  0.00000000E+00  0.10000000E+04  0.00000000E+00  0.12500000E+03  0.00000000E+00  0.69999999E+00  0.10000000E+04
  0.77500000E+01 -0.25000000E+00  0.00000000E+00  0.00000000E+00  0.10000000E+04  0.00000000E+00  0.12500000E+03  0.00000000E+00  0.69999999E+00  0.10000000E+04
  0.40000000E+01  0.50000000E+00  0.00000000E+00  0.00000000E+00  0.10014130E+04  0.27840613E+04  0.12500000E+03 -0.33163355E-03  0.69999999E+00  0.10000004E+04
  0.37500000E+01  0.25000000E+00  0.00000000E+00  0.00000000E+00  0.10048698E+04  0.96950693E+04  0.12500000E+03 -0.16638995E-02  0.69999999E+00  0.10000019E+04
  0.40000000E+01  0.10000000E+01  0.00000000E+00  0.00000000E+00  0.10027108E+04  0.53620771E+04  0.12500000E+03 -0.13387957E-03  0.69999999E+00  0.10000002E+04
  0.37500000E+01  0.75000000E+00  0.00000000E+00  0.00000000E+00  0.10443792E+04  0.99560859E+05  0.12500000E+03  0.97050495E-03  0.69999999E+00  0.99999884E+03
  0.40000000E+01  0.15000000E+01  0.00000000E+00  0.00000000E+00  0.10000712E+04  0.13966133E+03  0.12500000E+03  0.40558394E-03  0.69999999E+00  0.99999951E+03
  0.37500000E+01  0.12500000E+01  0.00000000E+00  0.00000000E+00  0.10250981E+04  0.53109160E+05  0.12500000E+03  0.96845307E-03  0.69999999E+00  0.99999884E+03
  0.40000000E+01  0.20000000E+01  0.00000000E+00  0.00000000E+00  0.10010588E+04  0.20840093E+04  0.12500000E+03  0.32330409E-03  0.69999999E+00  0.99999963E+03
  0.37500000E+01  0.17500000E+01  0.00000000E+00  0.00000000E+00  0.10213291E+04  0.44622539E+05  0.12500000E+03  0.19835758E-02  0.69999999E+00  0.99999768E+03
  0.45000000E+01  0.50000000E+00  0.00000000E+00  0.00000000E+00  0.10000000E+04  0.00000000E+00  0.12500000E+03  0.95439356E-39  0.69999999E+00  0.10000000E+04
  0.42500000E+01  0.25000000E+00  0.00000000E+00  0.00000000E+00  0.10000018E+04  0.35083482E+01  0.12500000E+03 -0.74084828E-05  0.69999999E+00  0.10000000E+04
  0.45000000E+01  0.10000000E+01  0.00000000E+00  0.00000000E+00  0.10000000E+04  0.00000000E+00  0.12500000E+03 -0.61657132E-42  0.69999999E+00  0.10000000E+04
  0.42500000E+01  0.75000000E+00  0.00000000E+00  0.00000000E+00  0.10000944E+04  0.18529227E+03  0.12500000E+03 -0.10984404E-04  0.69999999E+00  0.10000000E+04
  0.45000000E+01  0.15000000E+01  0.00000000E+00  0.00000000E+00  0.10000000E+04  0.00000000E+00  0.12500000E+03 -0.21047503E-41  0.69999999E+00  0.10000000E+04
  0.42500000E+01  0.12500000E+01  0.00000000E+00  0.00000000E+00  0.10000066E+04  0.12864128E+02  0.12500000E+03  0.34267537E-05  0.69999999E+00  0.10000000E+04
  0.45000000E+01  0.20000000E+01  0.00000000E+00  0.00000000E+00  0.10000000E+04  0.00000000E+00  0.12500000E+03  0.20374880E-41  0.69999999E+00  0.10000000E+04
  0.42500000E+01  0.17500000E+01  0.00000000E+00  0.00000000E+00  0.10000031E+04  0.60811610E+01  0.12500000E+03 -0.35628464E-05  0.69999999E+00  0.10000000E+04
  0.50000000E+01  0.50000000E+00  0.00000000E+00  0.00000000E+00  0.10000000E+04  0.00000000E+00  0.12500000E+03  0.15414283E-42  0.69999999E+00  0.10000000E+04
  0.47500000E+01  0.25000000E+00  0.00000000E+00  0.00000000E+00  0.10000000E+04  0.00000000E+00  0.12500000E+03  0.32019390E-39  0.69999999E+00  0.10000000E+04
  0.50000000E+01  0.10000000E+01  0.00000000E+00  0.00000000E+00  0.10000000E+04  0.00000000E+00  0.12500000E+03  0.00000000E+00  0.69999999E+00  0.10000000E+04
  0.47500000E+01  0.75000000E+00  0.00000000E+00  0.00000000E+00  0.10000000E+04  0.00000000E+00  0.12500000E+03  0.22140516E-42  0.69999999E+00  0.10000000E+04
  0.50000000E+01  0.15000000E+01  0.00000000E+00  0.00000000E+00  0.10000000E+04  0.00000000E+00  0.12500000E+03 -0.14573504E-41  0.69999999E+00  0.10000000E+04
  0.47500000E+01  0.12500000E+01  0.00000000E+00  0.00000000E+00  0.10000000E+04  0.00000000E+00  0.12500000E+03 -0.13928907E-41  0.69999999E+00  0.10000000E+04
  0.50000000E+01  0.20000000E+01  0.00000000E+00  0.00000000E+00  0.10000000E+04  0.00000000E+00  0.12500000E+03  0.13732725E-41  0.69999999E+00  0.10000000E+04
  0.47500000E+01  0.17500000E+01  0.00000000E+00  0.00000000E+00  0.10000000E+04  0.00000000E+00  0.12500000E+03  0.00000000E+00  0.69999999E+00  0.10000000E+04
  0.26283171E+01  0.89158762E+00  0.44042653E+00 -0.16857734E+00  0.10027747E+04  0.54895186E+04  0.12576698E+03  0.12576674E+03  0.10000000E+01  0.00000000E+00
  0.86623728E+00  0.10794791E+01 -0.53756392E+00  0.91339290E+00  0.10043234E+04  0.85932529E+04  0.12561582E+03  0.12561256E+03  0.10000000E+01  0.00000000E+00
  0.16112816E+01  0.92997324E+00  0.47721416E+00 -0.44783744E+00  0.10028649E+04  0.56693511E+04  0.12546356E+03  0.12546333E+03  0.10000000E+01  0.00000000E+00
  0.16668773E+01  0.15480924E+01  0.12540570E+01  0.44679204E+00  0.10011043E+04  0.21739360E+04  0.12531018E+03  0.12531027E+03  0.10000000E+01  0.00000000E+00
  0.27788448E+01  0.14856130E+01  0.65314978E-01  0.10171032E+00  0.99718561E+03 -0.54754722E+04  0.12515567E+03  0.12515567E+03  0.10000000E+01  0.00000000E+00
  0.23901992E+01  0.15394242E+01 -0.10498016E+01 -0.27342308E+00  0.10011928E+04  0.23486809E+04  0.12500000E+03  0.12500000E+03  0.10000000E+01  0.00000000E+00
  0.28245687E+01  0.96289134E+00 -0.13191861E+00  0.10397032E+00  0.10017974E+04  0.35456462E+04  0.12576698E+03  0.12575461E+03  0.10000000E+01  0.00000000E+00
  0.90585160E+00  0.11502199E+01 -0.48761287E+00 -0.27705893E+00  0.10036210E+04  0.71820088E+04  0.12561582E+03  0.12560624E+03  0.10000000E+01  0.00000000E+00
  0.10201199E+01  0.92196703E+00  0.77170837E+00 -0.48918748E+00  0.10055724E+04  0.11117604E+05  0.12546356E+03  0.12546037E+03  0.10000000E+01  0.00000000E+00
  0.25792100E+01  0.13270727E+01  0.88683635E+00 -0.53805541E-02  0.10029359E+04  0.58111919E+04  0.12531018E+03  0.12531038E+03  0.10000000E+01  0.00000000E+00
  0.12424358E+01  0.88429713E+00 -0.29513693E+00 -0.20662004E+00  0.10065885E+04  0.13184879E+05  0.12515567E+03  0.12515535E+03  0.10000000E+01  0.00000000E+00
  0.68720818E+00  0.92106628E+00 -0.88939941E+00  0.75577927E+00  0.10079745E+04  0.16025302E+05  0.12500000E+03  0.12500000E+03  0.10000000E+01  0.00000000E+00
  0.20102785E+01  0.95161104E+00 -0.52730970E-01 -0.10850075E+00  0.10042123E+04  0.83696270E+04  0.12576698E+03  0.12575644E+03  0.10000000E+01  0.00000000E+00
  0.27832716E+01  0.90657091E+00 -0.18194622E+00  0.50032236E-01  0.10012457E+04  0.24532893E+04  0.12561582E+03  0.12561059E+03  0.10000000E+01  0.00000000E+00
  0.27672200E+01  0.13404576E+01 -0.70070529E+00  0.55966812E+00  0.10019135E+04  0.37757651E+04  0.12546356E+03  0.12546005E+03  0.10000000E+01  0.00000000E+00
  0.19294329E+01  0.10340117E+01 -0.92108989E+00 -0.90607119E+00  0.10019788E+04  0.39056768E+04  0.12531018E+03  0.12531018E+03  0.10000000E+01  0.00000000E+00
  0.29589915E+01  0.83449244E+00  0.26410908E+00  0.11614721E+01  0.10061043E+04  0.12198311E+05  0.12515567E+03  0.12515553E+03  0.10000000E+01  0.00000000E+00
  0.11071489E+01  0.17788620E+01  0.11336853E+00  0.31806149E-01  0.99624005E+03 -0.72942734E+04  0.12500000E+03  0.12499989E+03  0.10000000E+01  0.00000000E+00
  0.98439598E+00  0.15661641E+01  0.22880995E+00 -0.60908669E+00  0.10029048E+04  0.57493076E+04  0.12576698E+03  0.12576566E+03  0.10000000E+01  0.00000000E+00
  0.27643371E+01  0.88535857E+00 -0.10395670E+01 -0.26752615E+00  0.10003915E+04  0.76899292E+03  0.12561582E+03  0.12561228E+03  0.10000000E+01  0.00000000E+00
  0.15332406E+01  0.12714610E+01  0.48014492E+00  0.57922572E-01  0.10031215E+04  0.61820249E+04  0.12546356E+03  0.12546202E+03  0.10000000E+01  0.00000000E+00
  0.20806882E+01  0.10210385E+01 -0.10436140E+00 -0.64899929E-01  0.10012351E+04  0.24323179E+04  0.12531018E+03  0.12530890E+03  0.10000000E+01  0.00000000E+00
  0.12339274E+01  0.20159669E+01  0.13242505E+01 -0.39553541E+00  0.10010751E+04  0.21160222E+04  0.12515567E+03  0.12515567E+03  0.10000000E+01  0.00000000E+00
  0.13738086E+01  0.83850825E+00 -0.42023510E+00 -0.28848082E+00  0.10082667E+04  0.16627066E+05  0.12500000E+03  0.12500012E+03  0.10000000E+01  0.00000000E+00
  0.96821380E+00  0.17060194E+01  0.77456075E+00 -0.26135498E+00  0.10001238E+04  0.24310060E+03  0.12561582E+03  0.12561399E+03  0.10000000E+01  0.00000000E+00
  0.10125495E+01  0.20920281E+01  0.23466299E+01 -0.95595922E-02  0.99697424E+03 -0.58829443E+04  0.12531018E+03  0.12531004E+03  0.10000000E+01  0.00000000E+00
  0.20355284E+01  0.16991012E+01 -0.10983243E+01  0.43447283E+00  0.10070424E+04  0.14112574E+05  0.12500000E+03  0.12500000E+03  0.10000000E+01  0.00000000E+00
