  0.00000000E+00  0.00000000E+00  0.00000000E+00  0.00000000E+00  0.10032402E+04  0.64194590E+04  0.12500000E+03  0.18835412E-02  0.69999999E+00  0.99999786E+03
  0.00000000E+00  0.50000000E+00  0.00000000E+00  0.00000000E+00  0.10372852E+04  0.81864094E+05  0.12500000E+03  0.13785232E-02  0.69999999E+00  0.99999835E+03
  0.00000000E+00  0.10000000E+01  0.00000000E+00  0.00000000E+00  0.10704532E+04  0.17112827E+06  0.12500000E+03  0.23215350E-02  0.69999999E+00  0.99999713E+03
  0.00000000E+00  0.15000000E+01  0.00000000E+00  0.00000000E+00  0.10520546E+04  0.11953814E+06  0.12500000E+03  0.86845492E-03  0.69999999E+00  0.99999896E+03
  0.00000000E+00  0.20000000E+01  0.00000000E+00  0.00000000E+00  0.10113229E+04  0.22984475E+05  0.12500000E+03 -0.65086538E-03  0.69999999E+00  0.10000007E+04
  0.00000000E+00  0.25000000E+01  0.00000000E+00  0.00000000E+00  0.10002484E+04  0.48778732E+03  0.12500000E+03  0.11101574E-03  0.69999999E+00  0.99999988E+03
  0.00000000E+00  0.30000000E+01  0.00000000E+00  0.00000000E+00  0.10000000E+04  0.00000000E+00  0.12500000E+03  0.00000000E+00  0.69999999E+00  0.10000000E+04
  0.00000000E+00  0.35000000E+01  0.00000000E+00  0.00000000E+00  0.10000000E+04  0.00000000E+00  0.12500000E+03  0.00000000E+00  0.69999999E+00  0.10000000E+04
  0.00000000E+00  0.40000000E+01  0.00000000E+00  0.00000000E+00  0.10000000E+04  0.00000000E+00  0.12500000E+03  0.00000000E+00  0.69999999E+00  0.10000000E+04
 -0.25000000E+00 -0.25000000E+00  0.00000000E+00  0.00000000E+00  0.10006414E+04  0.12607445E+04  0.12500000E+03  0.52005530E-03  0.69999999E+00  0.99999939E+03
 -0.25000000E+00  0.25000000E+00  0.00000000E+00  0.00000000E+00  0.10019960E+04  0.39395234E+04  0.12500000E+03  0.74771332E-03  0.69999999E+00  0.99999915E+03
 -0.25000000E+00  0.75000000E+00  0.00000000E+00  0.00000000E+00  0.10051932E+04  0.10349249E+05  0.12500000E+03 -0.12083570E-04  0.69999999E+00  0.10000000E+04
 -0.25000000E+00  0.12500000E+01  0.00000000E+00  0.00000000E+00  0.10054745E+04  0.10918887E+05  0.12500000E+03  0.76415011E-03  0.69999999E+00  0.99999915E+03
 -0.25000000E+00  0.17500000E+01  0.00000000E+00  0.00000000E+00  0.10011705E+04  0.23046326E+04  0.12500000E+03 -0.19498874E-03  0.69999999E+00  0.10000002E+04
 -0.25000000E+00  0.22500000E+01  0.00000000E+00  0.00000000E+00  0.10004747E+04  0.93267188E+03  0.12500000E+03 -0.78150333E-04  0.69999999E+00  0.10000001E+04
 -0.25000000E+00  0.27500000E+01  0.00000000E+00  0.00000000E+00  0.10000000E+04  0.00000000E+00  0.12500000E+03  0.00000000E+00  0.69999999E+00  0.10000000E+04
 -0.25000000E+00  0.32500000E+01  0.00000000E+00  0.00000000E+00  0.10000000E+04  0.00000000E+00  0.12500000E+03  0.00000000E+00  0.69999999E+00  0.10000000E+04
 -0.25000000E+00  0.37500000E+01  0.00000000E+00  0.00000000E+00  0.10000000E+04  0.00000000E+00  0.12500000E+03  0.00000000E+00  0.69999999E+00  0.10000000E+04
  0.80000000E+01  0.00000000E+00  0.00000000E+00  0.00000000E+00  0.10000000E+04  0.00000000E+00  0.12500000E+03  0.00000000E+00  0.69999999E+00  0.10000000E+04
  0.80000000E+01  0.50000000E+00  0.00000000E+00  0.00000000E+00  0.10000000E+04  0.00000000E+00  0.12500000E+03  0.00000000E+00  0.69999999E+00  0.10000000E+04
  0.80000000E+01  0.10000000E+01  0.00000000E+00  0.00000000E+00  0.10000000E+04  0.00000000E+00  0.12500000E+03  0.00000000E+00  0.69999999E+00  0.10000000E+04
  0.80000000E+01  0.15000000E+01  0.00000000E+00  0.00000000E+00  0.10000000E+04  0.00000000E+00  0.12500000E+03  0.00000000E+00  0.69999999E+00  0.10000000E+04
  0.80000000E+01  0.20000000E+01  0.00000000E+00  0.00000000E+00  0.10000000E+04  0.00000000E+00  0.12500000E+03  0.00000000E+00  0.69999999E+00  0.10000000E+04
  0.80000000E+01  0.25000000E+01  0.00000000E+00  0.00000000E+00  0.10000000E+04  0.00000000E+00  0.12500000E+03  0.00000000E+00  0.69999999E+00  0.10000000E+04
  0.80000000E+01  0.30000000E+01  0.00000000E+00  0.00000000E+00  0.10000000E+04  0.00000000E+00  0.12500000E+03  0.00000000E+00  0.69999999E+00  0.10000000E+04
  0.80000000E+01  0.35000000E+01  0.00000000E+00  0.00000000E+00  0.10000000E+04  0.00000000E+00  0.12500000E+03  0.00000000E+00  0.69999999E+00  0.10000000E+04
  0.80000000E+01  0.40000000E+01  0.00000000E+00  0.00000000E+00  0.10000000E+04  0.00000000E+00  0.12500000E+03  0.00000000E+00  0.69999999E+00  0.10000000E+04
  0.82500000E+01 -0.25000000E+00  0.00000000E+00  0.00000000E+00  0.10000000E+04  0.00000000E+00  0.12500000E+03  0.00000000E+00  0.69999999E+00  0.10000000E+04
  0.82500000E+01  0.25000000E+00  0.00000000E+00  0.00000000E+00  0.10000000E+04  0.00000000E+00  0.12500000E+03  0.00000000E+00  0.69999999E+00  0.10000000E+04
  0.82500000E+01  0.75000000E+00  0.00000000E+00  0.00000000E+00  0.10000000E+04  0.00000000E+00  0.12500000E+03  0.00000000E+00  0.69999999E+00  0.10000000E+04
  0.82500000E+01  0.12500000E+01  0.00000000E+00  0.00000000E+00  0.10000000E+04  0.00000000E+00  0.12500000E+03  0.00000000E+00  0.69999999E+00  0.10000000E+04
  0.82500000E+01  0.17500000E+01  0.00000000E+00  0.00000000E+00  0.10000000E+04  0.00000000E+00  0.12500000E+03  0.00000000E+00  0.69999999E+00  0.10000000E+04
  0.82500000E+01  0.22500000E+01  0.00000000E+00  0.00000000E+00  0.10000000E+04  0.00000000E+00  0.12500000E+03  0.00000000E+00  0.69999999E+00  0.10000000E+04
  0.82500000E+01  0.27500000E+01  0.00000000E+00  0.00000000E+00  0.10000000E+04  0.00000000E+00  0.12500000E+03  0.00000000E+00  0.69999999E+00  0.10000000E+04
  0.82500000E+01  0.32500000E+01  0.00000000E+00  0.00000000E+00  0.10000000E+04  0.00000000E+00  0.12500000E+03  0.00000000E+00  0.69999999E+00  0.10000000E+04
  0.82500000E+01  0.37500000E+01  0.00000000E+00  0.00000000E+00  0.10000000E+04  0.00000000E+00  0.12500000E+03  0.00000000E+00  0.69999999E+00  0.10000000E+04
  0.50000000E+00  0.00000000E+00  0.00000000E+00  0.00000000E+00  0.10547738E+04  0.12682855E+06  0.12500000E+03  0.90442635E-02  0.69999999E+00  0.99998907E+03
  0.10000000E+01  0.00000000E+00  0.00000000E+00  0.00000000E+00  0.10838447E+04  0.21217388E+06  0.12500000E+03  0.39692172E-02  0.69999999E+00  0.99999506E+03
  0.15000000E+01  0.00000000E+00  0.00000000E+00  0.00000000E+00  0.10400120E+04  0.88580961E+05  0.12500000E+03  0.16447958E-01  0.69999999E+00  0.99998047E+03
  0.20000000E+01  0.00000000E+00  0.00000000E+00  0.00000000E+00  0.11459021E+04  0.44688056E+06  0.12500000E+03  0.18300211E-01  0.69999999E+00  0.99997601E+03
  0.25000000E+01  0.00000000E+00  0.00000000E+00  0.00000000E+00  0.10133676E+04  0.27302625E+05  0.12500000E+03  0.21502497E-02  0.69999999E+00  0.99999750E+03
  0.30000000E+01  0.00000000E+00  0.00000000E+00  0.00000000E+00  0.10277886E+04  0.59282711E+05  0.12500000E+03  0.39463844E-02  0.69999999E+00  0.99999536E+03
  0.35000000E+01  0.00000000E+00  0.00000000E+00  0.00000000E+00  0.10059633E+04  0.11911209E+05  0.12500000E+03  0.15027605E-02  0.69999999E+00  0.99999829E+03
  0.40000000E+01  0.00000000E+00  0.00000000E+00  0.00000000E+00  0.10000131E+04  0.25728762E+02  0.12500000E+03 -0.50405528E-04  0.69999999E+00  0.10000001E+04
  0.45000000E+01  0.00000000E+00  0.00000000E+00  0.00000000E+00  0.10000000E+04  0.00000000E+00  0.12500000E+03  0.00000000E+00  0.69999999E+00  0.10000000E+04
  0.50000000E+01  0.00000000E+00  0.00000000E+00  0.00000000E+00  0.10000000E+04  0.00000000E+00  0.12500000E+03  0.00000000E+00  0.69999999E+00  0.10000000E+04
  0.55000000E+01  0.00000000E+00  0.00000000E+00  0.00000000E+00  0.10000000E+04  0.00000000E+00  0.12500000E+03  0.00000000E+00  0.69999999E+00  0.10000000E+04
  0.60000000E+01  0.00000000E+00  0.00000000E+00  0.00000000E+00  0.10000000E+04  0.00000000E+00  0.12500000E+03  0.00000000E+00  0.69999999E+00  0.10000000E+04
  0.65000000E+01  0.00000000E+00  0.00000000E+00  0.00000000E+00  0.10000000E+04  0.00000000E+00  0.12500000E+03  0.00000000E+00  0.69999999E+00  0.10000000E+04
  0.70000000E+01  0.00000000E+00  0.00000000E+00  0.00000000E+00  0.10000000E+04  0.00000000E+00  0.12500000E+03  0.00000000E+00  0.69999999E+00  0.10000000E+04
  0.75000000E+01  0.00000000E+00  0.00000000E+00  0.00000000E+00  0.10000000E+04  0.00000000E+00  0.12500000E+03  0.00000000E+00  0.69999999E+00  0.10000000E+04
  0.25000000E+00 -0.25000000E+00  0.00000000E+00  0.00000000E+00  0.10060472E+04  0.12082132E+05  0.12500000E+03  0.27539576E-02  0.69999999E+00  0.99999683E+03
  0.75000000E+00 -0.25000000E+00  0.00000000E+00  0.00000000E+00  0.10269326E+04  0.57308148E+05  0.12500000E+03  0.68783383E-02  0.69999999E+00  0.99999194E+03
  0.12500000E+01 -0.25000000E+00  0.00000000E+00  0.00000000E+00  0.10112439E+04  0.22818857E+05  0.12500000E+03  0.56969374E-02  0.69999999E+00  0.99999341E+03
  0.17500000E+01 -0.25000000E+00  0.00000000E+00  0.00000000E+00  0.10162072E+04  0.33386852E+05  0.12500000E+03  0.85617136E-02  0.69999999E+00  0.99999005E+03
  0.22500000E+01 -0.25000000E+00  0.00000000E+00  0.00000000E+00  0.10002192E+04  0.43040417E+03  0.12500000E+03  0.76182419E-02  0.69999999E+00  0.99999127E+03
  0.27500000E+01 -0.25000000E+00  0.00000000E+00  0.00000000E+00  0.10005143E+04  0.10105536E+04  0.12500000E+03  0.16374562E-02  0.69999999E+00  0.99999811E+03
  0.32500000E+01 -0.25000000E+00  0.00000000E+00  0.00000000E+00  0.10006569E+04  0.12912686E+04  0.12500000E+03  0.15726918E-02  0.69999999E+00  0.99999823E+03
  0.37500000E+01 -0.25000000E+00  0.00000000E+00  0.00000000E+00  0.10000071E+04  0.13799721E+02  0.12500000E+03 -0.13200220E-03  0.69999999E+00  0.10000001E+04
  0.42500000E+01 -0.25000000E+00  0.00000000E+00  0.00000000E+00  0.10000000E+04  0.00000000E+00  0.12500000E+03 -0.38537109E-39  0.69999999E+00  0.10000000E+04
  0.47500000E+01 -0.25000000E+00  0.00000000E+00  0.00000000E+00  0.10000000E+04  0.00000000E+00  0.12500000E+03  0.00000000E+00  0.69999999E+00  0.10000000E+04
  0.52500000E+01 -0.25000000E+00  0.00000000E+00  0.00000000E+00  0.10000000E+04  0.00000000E+00  0.12500000E+03  0.00000000E+00  0.69999999E+00  0.10000000E+04
  0.57500000E+01 -0.25000000E+00  0.00000000E+00  0.00000000E+00  0.10000000E+04  0.00000000E+00  0.12500000E+03  0.00000000E+00  0.69999999E+00  0.10000000E+04
  0.62500000E+01 -0.25000000E+00  0.00000000E+00  0.00000000E+00  0.10000000E+04  0.00000000E+00  0.12500000E+03  0.00000000E+00  0.69999999E+00  0.10000000E+04
  0.67500000E+01 -0.25000000E+00  0.00000000E+00  0.00000000E+00  0.10000000E+04  0.00000000E+00  0.12500000E+03  0.00000000E+00  0.69999999E+00  0.10000000E+04
  0.72500000E+01 -0.25000000E+00  0.00000000E+00  0.00000000E+00  0.10000000E+04  0.00000000E+00  0.12500000E+03  0.00000000E+00  0.69999999E+00  0.10000000E+04
  0.77500000E+01 -0.25000000E+00  0.00000000E+00  0.00000000E+00  0.10000000E+04  0.00000000E+00  0.12500000E+03  0.00000000E+00  0.69999999E+00  0.10000000E+04
  0.40000000E+01  0.50000000E+00  0.00000000E+00  0.00000000E+00  0.10021743E+04  0.42938213E+04  0.12500000E+03 -0.14388493E-03  0.69999999E+00  0.10000002E+04
  0.37500000E+01  0.25000000E+00  0.00000000E+00  0.00000000E+00  0.10072357E+04  0.14508484E+05  0.12500000E+03 -0.63364470E-03  0.69999999E+00  0.10000007E+04
  0.40000000E+01  0.10000000E+01  0.00000000E+00  0.00000000E+00  0.10076146E+04  0.15285519E+05  0.12500000E+03 -0.89696230E-04  0.69999999E+00  0.10000001E+04
  0.37500000E+01  0.75000000E+00  0.00000000E+00  0.00000000E+00  0.10739016E+04  0.18140648E+06  0.12500000E+03  0.66676876E-03  0.69999999E+00  0.99999921E+03
  0.40000000E+01  0.15000000E+01  0.00000000E+00  0.00000000E+00  0.10010889E+04  0.21433298E+04  0.12500000E+03  0.13190249E-03  0.69999999E+00  0.99999988E+03
  0.37500000E+01  0.12500000E+01  0.00000000E+00  0.00000000E+00  0.10726619E+04  0.17768836E+06  0.12500000E+03  0.23039614E-03  0.69999999E+00  0.99999969E+03
  0.40000000E+01  0.20000000E+01  0.00000000E+00  0.00000000E+00  0.10000201E+04  0.39529568E+02  0.12500000E+03  0.17169832E-03  0.69999999E+00  0.99999982E+03
  0.37500000E+01  0.17500000E+01  0.00000000E+00  0.00000000E+00  0.99738538E+03 -0.50898164E+04  0.12500000E+03  0.81573433E-03  0.69999999E+00  0.99999908E+03
  0.45000000E+01  0.50000000E+00  0.00000000E+00  0.00000000E+00  0.10000000E+04  0.00000000E+00  0.12500000E+03  0.61937392E-42  0.69999999E+00  0.10000000E+04
  0.42500000E+01  0.25000000E+00  0.00000000E+00  0.00000000E+00  0.10000018E+04  0.35083482E+01  0.12500000E+03 -0.74084828E-05  0.69999999E+00  0.10000000E+04
  0.45000000E+01  0.10000000E+01  0.00000000E+00  0.00000000E+00  0.10000000E+04  0.00000000E+00  0.12500000E+03  0.00000000E+00  0.69999999E+00  0.10000000E+04
  0.42500000E+01  0.75000000E+00  0.00000000E+00  0.00000000E+00  0.10000940E+04  0.18435619E+03  0.12500000E+03 -0.66303269E-05  0.69999999E+00  0.10000000E+04
  0.45000000E+01  0.15000000E+01  0.00000000E+00  0.00000000E+00  0.10000000E+04  0.00000000E+00  0.12500000E+03  0.00000000E+00  0.69999999E+00  0.10000000E+04
  0.42500000E+01  0.12500000E+01  0.00000000E+00  0.00000000E+00  0.10000066E+04  0.12864128E+02  0.12500000E+03  0.34267537E-05  0.69999999E+00  0.10000000E+04
  0.45000000E+01  0.20000000E+01  0.00000000E+00  0.00000000E+00  0.10000000E+04  0.00000000E+00  0.12500000E+03  0.00000000E+00  0.69999999E+00  0.10000000E+04
  0.42500000E+01  0.17500000E+01  0.00000000E+00  0.00000000E+00  0.10000031E+04  0.60811610E+01  0.12500000E+03  0.28991612E-05  0.69999999E+00  0.10000000E+04
  0.50000000E+01  0.50000000E+00  0.00000000E+00  0.00000000E+00  0.10000000E+04  0.00000000E+00  0.12500000E+03  0.00000000E+00  0.69999999E+00  0.10000000E+04
  0.47500000E+01  0.25000000E+00  0.00000000E+00  0.00000000E+00  0.10000000E+04  0.00000000E+00  0.12500000E+03  0.00000000E+00  0.69999999E+00  0.10000000E+04
  0.50000000E+01  0.10000000E+01  0.00000000E+00  0.00000000E+00  0.10000000E+04  0.00000000E+00  0.12500000E+03  0.00000000E+00  0.69999999E+00  0.10000000E+04
  0.47500000E+01  0.75000000E+00  0.00000000E+00  0.00000000E+00  0.10000000E+04  0.00000000E+00  0.12500000E+03  0.00000000E+00  0.69999999E+00  0.10000000E+04
  0.50000000E+01  0.15000000E+01  0.00000000E+00  0.00000000E+00  0.10000000E+04  0.00000000E+00  0.12500000E+03  0.00000000E+00  0.69999999E+00  0.10000000E+04
  0.47500000E+01  0.12500000E+01  0.00000000E+00  0.00000000E+00  0.10000000E+04  0.00000000E+00  0.12500000E+03  0.00000000E+00  0.69999999E+00  0.10000000E+04
  0.50000000E+01  0.20000000E+01  0.00000000E+00  0.00000000E+00  0.10000000E+04  0.00000000E+00  0.12500000E+03  0.00000000E+00  0.69999999E+00  0.10000000E+04
  0.47500000E+01  0.17500000E+01  0.00000000E+00  0.00000000E+00  0.10000000E+04  0.00000000E+00  0.12500000E+03  0.00000000E+00  0.69999999E+00  0.10000000E+04
  0.28635447E+01  0.12930033E+01 -0.92030060E+00 -0.15141755E+01  0.99547827E+03 -0.87521875E+04  0.12576698E+03  0.12576674E+03  0.10000000E+01  0.00000000E+00
  0.16389190E+01  0.99415541E+00  0.33940423E+00 -0.19382946E-01  0.99565656E+03 -0.84116064E+04  0.12561582E+03  0.12561256E+03  0.10000000E+01  0.00000000E+00
  0.12827486E+01  0.89859855E+00 -0.13529190E+01 -0.52489549E+00  0.10163864E+04  0.33774445E+05  0.12546356E+03  0.12546333E+03  0.10000000E+01  0.00000000E+00
  0.97396052E+00  0.79300916E+00  0.22080563E-01  0.56603011E-01  0.10378289E+04  0.83194688E+05  0.12531018E+03  0.12531018E+03  0.10000000E+01  0.00000000E+00
  0.83603382E+00  0.10873421E+01  0.16493759E+01  0.33768146E+01  0.98468329E+03 -0.28705262E+05  0.12515567E+03  0.12515567E+03  0.10000000E+01  0.00000000E+00
  0.24780827E+01  0.21444716E+01 -0.73092234E+00 -0.94128418E+00  0.10150532E+04  0.30902266E+05  0.12500000E+03  0.12500000E+03  0.10000000E+01  0.00000000E+00
  0.28205733E+01  0.14167361E+01 -0.12396766E+01 -0.19403553E+01  0.99121686E+03 -0.16785084E+05  0.12576698E+03  0.12575494E+03  0.10000000E+01  0.00000000E+00
  0.17285222E+01  0.10909662E+01 -0.73201671E-01 -0.17846152E+00  0.98940894E+03 -0.20131010E+05  0.12561582E+03  0.12560624E+03  0.10000000E+01  0.00000000E+00
  0.16824279E+01  0.12653561E+01 -0.46908438E+00 -0.36651224E+00  0.99436969E+03 -0.10861829E+05  0.12546356E+03  0.12546037E+03  0.10000000E+01  0.00000000E+00
  0.24446933E+01  0.14794365E+01 -0.31967169E+00  0.18136647E+01  0.10068114E+04  0.13640130E+05  0.12531018E+03  0.12531038E+03  0.10000000E+01  0.00000000E+00
  0.14039683E+01  0.12125522E+01 -0.13978851E+01 -0.11571500E+01  0.99190253E+03 -0.15506463E+05  0.12515567E+03  0.12515567E+03  0.10000000E+01  0.00000000E+00
  0.73895049E+00  0.75831473E+00  0.14359409E+01 -0.85262430E+00  0.10114371E+04  0.23224279E+05  0.12500000E+03  0.12500000E+03  0.10000000E+01  0.00000000E+00
  0.26854699E+01  0.18204558E+01 -0.24770308E+01 -0.37244982E+00  0.99524969E+03 -0.91883369E+04  0.12576698E+03  0.12575644E+03  0.10000000E+01  0.00000000E+00
  0.26938903E+01  0.17764565E+01 -0.60770953E+00 -0.17129177E+01  0.99933960E+03 -0.12931786E+04  0.12561582E+03  0.12561089E+03  0.10000000E+01  0.00000000E+00
  0.28470373E+01  0.10107465E+01  0.16405721E+01 -0.10615467E+01  0.10052302E+04  0.10424052E+05  0.12546356E+03  0.12546005E+03  0.10000000E+01  0.00000000E+00
  0.29255464E+01  0.10978200E+01 -0.53769773E+00 -0.25431013E+01  0.10118163E+04  0.24021965E+05  0.12531018E+03  0.12531018E+03  0.10000000E+01  0.00000000E+00
  0.29829450E+01  0.85422015E+00  0.16166866E+01 -0.13917818E+01  0.99422791E+03 -0.11130657E+05  0.12515567E+03  0.12515553E+03  0.10000000E+01  0.00000000E+00
  0.21198256E+01  0.16508822E+01 -0.27454295E+01 -0.93095446E+00  0.10064875E+04  0.12978876E+05  0.12500000E+03  0.12500000E+03  0.10000000E+01  0.00000000E+00
  0.11949947E+01  0.81375158E+00  0.94679868E+00 -0.19686518E+01  0.98855707E+03 -0.21694898E+05  0.12576698E+03  0.12576566E+03  0.10000000E+01  0.00000000E+00
  0.27015452E+01  0.17661726E+01 -0.74193799E+00 -0.17350618E+01  0.99884216E+03 -0.22637681E+04  0.12561582E+03  0.12561221E+03  0.10000000E+01  0.00000000E+00
  0.26612110E+01  0.90507257E+00  0.20132532E+01 -0.12477762E+01  0.10214746E+04  0.44946809E+05  0.12546356E+03  0.12546202E+03  0.10000000E+01  0.00000000E+00
  0.19333446E+01  0.10739824E+01 -0.17391598E+01 -0.42628303E+00  0.10236797E+04  0.49893477E+05  0.12531018E+03  0.12530890E+03  0.10000000E+01  0.00000000E+00
  0.23333592E+01  0.21965015E+01 -0.16572831E+01 -0.13252000E+01  0.10090191E+04  0.18181604E+05  0.12515567E+03  0.12515567E+03  0.10000000E+01  0.00000000E+00
  0.24722214E+01  0.85854006E+00  0.75665303E-02  0.77689564E+00  0.10145217E+04  0.29763334E+05  0.12500000E+03  0.12500012E+03  0.10000000E+01  0.00000000E+00
  0.18206158E+01  0.14962809E+01  0.24591017E+00  0.24482614E+00  0.99014185E+03 -0.18778943E+05  0.12561582E+03  0.12561399E+03  0.10000000E+01  0.00000000E+00
  0.28454785E+01  0.21601920E+01 -0.17995009E+00 -0.21751211E+01  0.10060565E+04  0.12101047E+05  0.12531018E+03  0.12531004E+03  0.10000000E+01  0.00000000E+00
  0.81731749E+00  0.13681316E+01 -0.23847308E+01  0.37262872E-01  0.10068441E+04  0.13706887E+05  0.12500000E+03  0.12500000E+03  0.10000000E+01  0.00000000E+00
