  0.00000000E+00  0.00000000E+00  0.00000000E+00  0.00000000E+00  0.10008649E+04  0.17012710E+04  0.12500000E+03  0.18223706E-02  0.69999999E+00  0.99999792E+03
  0.00000000E+00  0.50000000E+00  0.00000000E+00  0.00000000E+00  0.10012942E+04  0.25489741E+04  0.12500000E+03  0.12456137E-02  0.69999999E+00  0.99999860E+03
  0.00000000E+00  0.10000000E+01  0.00000000E+00  0.00000000E+00  0.10044943E+04  0.89376201E+04  0.12500000E+03  0.22424997E-02  0.69999999E+00  0.99999744E+03
  0.00000000E+00  0.15000000E+01  0.00000000E+00  0.00000000E+00  0.10173192E+04  0.35797664E+05  0.12500000E+03  0.82552328E-03  0.69999999E+00  0.99999902E+03
  0.00000000E+00  0.20000000E+01  0.00000000E+00  0.00000000E+00  0.10082264E+04  0.16544020E+05  0.12500000E+03 -0.60887251E-03  0.69999999E+00  0.10000007E+04
  0.00000000E+00  0.25000000E+01  0.00000000E+00  0.00000000E+00  0.10002484E+04  0.48778732E+03  0.12500000E+03  0.11101574E-03  0.69999999E+00  0.99999988E+03
  0.00000000E+00  0.30000000E+01  0.00000000E+00  0.00000000E+00  0.10000000E+04  0.00000000E+00  0.12500000E+03  0.00000000E+00  0.69999999E+00  0.10000000E+04
  0.00000000E+00  0.35000000E+01  0.00000000E+00  0.00000000E+00  0.10000000E+04  0.00000000E+00  0.12500000E+03  0.00000000E+00  0.69999999E+00  0.10000000E+04
  0.00000000E+00  0.40000000E+01  0.00000000E+00  0.00000000E+00  0.10000000E+04  0.00000000E+00  0.12500000E+03  0.00000000E+00  0.69999999E+00  0.10000000E+04
 -0.25000000E+00 -0.25000000E+00  0.00000000E+00  0.00000000E+00  0.10006414E+04  0.12607445E+04  0.12500000E+03  0.52005530E-03  0.69999999E+00  0.99999939E+03
 -0.25000000E+00  0.25000000E+00  0.00000000E+00  0.00000000E+00  0.10011429E+04  0.22502283E+04  0.12500000E+03  0.72317623E-03  0.69999999E+00  0.99999915E+03
 -0.25000000E+00  0.75000000E+00  0.00000000E+00  0.00000000E+00  0.10006598E+04  0.12971389E+04  0.12500000E+03 -0.33976256E-04  0.69999999E+00  0.10000001E+04
 -0.25000000E+00  0.12500000E+01  0.00000000E+00  0.00000000E+00  0.10025736E+04  0.50885752E+04  0.12500000E+03  0.73984551E-03  0.69999999E+00  0.99999915E+03
 -0.25000000E+00  0.17500000E+01  0.00000000E+00  0.00000000E+00  0.10006367E+04  0.12515878E+04  0.12500000E+03 -0.18585019E-03  0.69999999E+00  0.10000002E+04
 -0.25000000E+00  0.22500000E+01  0.00000000E+00  0.00000000E+00  0.10004747E+04  0.93267188E+03  0.12500000E+03 -0.78150333E-04  0.69999999E+00  0.10000001E+04
 -0.25000000E+00  0.27500000E+01  0.00000000E+00  0.00000000E+00  0.10000000E+04  0.00000000E+00  0.12500000E+03  0.00000000E+00  0.69999999E+00  0.10000000E+04
 -0.25000000E+00  0.32500000E+01  0.00000000E+00  0.00000000E+00  0.10000000E+04  0.00000000E+00  0.12500000E+03  0.00000000E+00  0.69999999E+00  0.10000000E+04
 -0.25000000E+00  0.37500000E+01  0.00000000E+00  0.00000000E+00  0.10000000E+04  0.00000000E+00  0.12500000E+03  0.00000000E+00  0.69999999E+00  0.10000000E+04
  0.80000000E+01  0.00000000E+00  0.00000000E+00  0.00000000E+00  0.10000000E+04  0.00000000E+00  0.12500000E+03  0.00000000E+00  0.69999999E+00  0.10000000E+04
  0.80000000E+01  0.50000000E+00  0.00000000E+00  0.00000000E+00  0.10000000E+04  0.00000000E+00  0.12500000E+03  0.00000000E+00  0.69999999E+00  0.10000000E+04
  0.80000000E+01  0.10000000E+01  0.00000000E+00  0.00000000E+00  0.10000000E+04  0.00000000E+00  0.12500000E+03  0.00000000E+00  0.69999999E+00  0.10000000E+04
  0.80000000E+01  0.15000000E+01  0.00000000E+00  0.00000000E+00  0.10000000E+04  0.00000000E+00  0.12500000E+03  0.00000000E+00  0.69999999E+00  0.10000000E+04
  0.80000000E+01  0.20000000E+01  0.00000000E+00  0.00000000E+00  0.10000000E+04  0.00000000E+00  0.12500000E+03  0.00000000E+00  0.69999999E+00  0.10000000E+04
  0.80000000E+01  0.25000000E+01  0.00000000E+00  0.00000000E+00  0.10000000E+04  0.00000000E+00  0.12500000E+03  0.00000000E+00  0.69999999E+00  0.10000000E+04
  0.80000000E+01  0.30000000E+01  0.00000000E+00  0.00000000E+00  0.10000000E+04  0.00000000E+00  0.12500000E+03  0.00000000E+00  0.69999999E+00  0.10000000E+04
  0.80000000E+01  0.35000000E+01  0.00000000E+00  0.00000000E+00  0.10000000E+04  0.00000000E+00  0.12500000E+03  0.00000000E+00  0.69999999E+00  0.10000000E+04
  0.80000000E+01  0.40000000E+01  0.00000000E+00  0.00000000E+00  0.10000000E+04  0.00000000E+00  0.12500000E+03  0.00000000E+00  0.69999999E+00  0.10000000E+04
  0.82500000E+01 -0.25000000E+00  0.00000000E+00  0.00000000E+00  0.10000000E+04  0.00000000E+00  0.12500000E+03  0.00000000E+00  0.69999999E+00  0.10000000E+04
  0.82500000E+01  0.25000000E+00  0.00000000E+00  0.00000000E+00  0.10000000E+04  0.00000000E+00  0.12500000E+03  0.00000000E+00  0.69999999E+00  0.10000000E+04
  0.82500000E+01  0.75000000E+00  0.00000000E+00  0.00000000E+00  0.10000000E+04  0.00000000E+00  0.12500000E+03  0.00000000E+00  0.69999999E+00  0.10000000E+04
  0.82500000E+01  0.12500000E+01  0.00000000E+00  0.00000000E+00  0.10000000E+04  0.00000000E+00  0.12500000E+03  0.00000000E+00  0.69999999E+00  0.10000000E+04
  0.82500000E+01  0.17500000E+01  0.00000000E+00  0.00000000E+00  0.10000000E+04  0.00000000E+00  0.12500000E+03  0.00000000E+00  0.69999999E+00  0.10000000E+04
  0.82500000E+01  0.22500000E+01  0.00000000E+00  0.00000000E+00  0.10000000E+04  0.00000000E+00  0.12500000E+03  0.00000000E+00  0.69999999E+00  0.10000000E+04
  0.82500000E+01  0.27500000E+01  0.00000000E+00  0.00000000E+00  0.10000000E+04  0.00000000E+00  0.12500000E+03  0.00000000E+00  0.69999999E+00  0.10000000E+04
  0.82500000E+01  0.32500000E+01  0.00000000E+00  0.00000000E+00  0.10000000E+04  0.00000000E+00  0.12500000E+03  0.00000000E+00  0.69999999E+00  0.10000000E+04
  0.82500000E+01  0.37500000E+01  0.00000000E+00  0.00000000E+00  0.10000000E+04  0.00000000E+00  0.12500000E+03  0.00000000E+00  0.69999999E+00  0.10000000E+04
  0.50000000E+00  0.00000000E+00  0.00000000E+00  0.00000000E+00  0.10138253E+04  0.28276562E+05  0.12500000E+03  0.87271091E-02  0.69999999E+00  0.99998987E+03
  0.10000000E+01  0.00000000E+00  0.00000000E+00  0.00000000E+00  0.10027664E+04  0.54728721E+04  0.12500000E+03  0.35086866E-02  0.69999999E+00  0.99999597E+03
  0.15000000E+01  0.00000000E+00  0.00000000E+00  0.00000000E+00  0.10454434E+04  0.10227880E+06  0.12500000E+03  0.15645240E-01  0.69999999E+00  0.99998132E+03
  0.20000000E+01  0.00000000E+00  0.00000000E+00  0.00000000E+00  0.11566147E+04  0.49582225E+06  0.12500000E+03  0.17436316E-01  0.69999999E+00  0.99997693E+03
  0.25000000E+01  0.00000000E+00  0.00000000E+00  0.00000000E+00  0.10007628E+04  0.15000828E+04  0.12500000E+03  0.14868856E-02  0.69999999E+00  0.99999829E+03
  0.30000000E+01  0.00000000E+00  0.00000000E+00  0.00000000E+00  0.10006661E+04  0.13095845E+04  0.12500000E+03  0.34770535E-02  0.69999999E+00  0.99999603E+03
  0.35000000E+01  0.00000000E+00  0.00000000E+00  0.00000000E+00  0.10008701E+04  0.17116158E+04  0.12500000E+03  0.13885826E-02  0.69999999E+00  0.99999841E+03
  0.40000000E+01  0.00000000E+00  0.00000000E+00  0.00000000E+00  0.10000131E+04  0.25728762E+02  0.12500000E+03 -0.50405528E-04  0.69999999E+00  0.10000001E+04
  0.45000000E+01  0.00000000E+00  0.00000000E+00  0.00000000E+00  0.10000000E+04  0.00000000E+00  0.12500000E+03  0.00000000E+00  0.69999999E+00  0.10000000E+04
  0.50000000E+01  0.00000000E+00  0.00000000E+00  0.00000000E+00  0.10000000E+04  0.00000000E+00  0.12500000E+03  0.00000000E+00  0.69999999E+00  0.10000000E+04
  0.55000000E+01  0.00000000E+00  0.00000000E+00  0.00000000E+00  0.10000000E+04  0.00000000E+00  0.12500000E+03  0.00000000E+00  0.69999999E+00  0.10000000E+04
  0.60000000E+01  0.00000000E+00  0.00000000E+00  0.00000000E+00  0.10000000E+04  0.00000000E+00  0.12500000E+03  0.00000000E+00  0.69999999E+00  0.10000000E+04
  0.65000000E+01  0.00000000E+00  0.00000000E+00  0.00000000E+00  0.10000000E+04  0.00000000E+00  0.12500000E+03  0.00000000E+00  0.69999999E+00  0.10000000E+04
  0.70000000E+01  0.00000000E+00  0.00000000E+00  0.00000000E+00  0.10000000E+04  0.00000000E+00  0.12500000E+03  0.00000000E+00  0.69999999E+00  0.10000000E+04
  0.75000000E+01  0.00000000E+00  0.00000000E+00  0.00000000E+00  0.10000000E+04  0.00000000E+00  0.12500000E+03  0.00000000E+00  0.69999999E+00  0.10000000E+04
  0.25000000E+00 -0.25000000E+00  0.00000000E+00  0.00000000E+00  0.10052322E+04  0.10428154E+05  0.12500000E+03  0.27088579E-02  0.69999999E+00  0.99999689E+03
  0.75000000E+00 -0.25000000E+00  0.00000000E+00  0.00000000E+00  0.10212729E+04  0.44497527E+05  0.12500000E+03  0.66551999E-02  0.69999999E+00  0.99999225E+03
  0.12500000E+01 -0.25000000E+00  0.00000000E+00  0.00000000E+00  0.10093785E+04  0.18926605E+05  0.12500000E+03  0.54627070E-02  0.69999999E+00  0.99999371E+03
  0.17500000E+01 -0.25000000E+00  0.00000000E+00  0.00000000E+00  0.10175002E+04  0.36191707E+05  0.12500000E+03  0.82579479E-02  0.69999999E+00  0.99999042E+03
  0.22500000E+01 -0.25000000E+00  0.00000000E+00  0.00000000E+00  0.10000427E+04  0.83742851E+02  0.12500000E+03  0.73191868E-02  0.69999999E+00  0.99999164E+03
  0.27500000E+01 -0.25000000E+00  0.00000000E+00  0.00000000E+00  0.10002249E+04  0.44141159E+03  0.12500000E+03  0.13461118E-02  0.69999999E+00  0.99999847E+03
  0.32500000E+01 -0.25000000E+00  0.00000000E+00  0.00000000E+00  0.10002179E+04  0.42782803E+03  0.12500000E+03  0.15043542E-02  0.69999999E+00  0.99999829E+03
  0.37500000E+01 -0.25000000E+00  0.00000000E+00  0.00000000E+00  0.10000071E+04  0.13799721E+02  0.12500000E+03 -0.13200220E-03  0.69999999E+00  0.10000001E+04
  0.42500000E+01 -0.25000000E+00  0.00000000E+00  0.00000000E+00  0.10000000E+04  0.00000000E+00  0.12500000E+03 -0.10348029E-39  0.69999999E+00  0.10000000E+04
  0.47500000E+01 -0.25000000E+00  0.00000000E+00  0.00000000E+00  0.10000000E+04  0.00000000E+00  0.12500000E+03  0.00000000E+00  0.69999999E+00  0.10000000E+04
  0.52500000E+01 -0.25000000E+00  0.00000000E+00  0.00000000E+00  0.10000000E+04  0.00000000E+00  0.12500000E+03  0.00000000E+00  0.69999999E+00  0.10000000E+04
  0.57500000E+01 -0.25000000E+00  0.00000000E+00  0.00000000E+00  0.10000000E+04  0.00000000E+00  0.12500000E+03  0.00000000E+00  0.69999999E+00  0.10000000E+04
  0.62500000E+01 -0.25000000E+00  0.00000000E+00  0.00000000E+00  0.10000000E+04  0.00000000E+00  0.12500000E+03  0.00000000E+00  0.69999999E+00  0.10000000E+04
  0.67500000E+01 -0.25000000E+00  0.00000000E+00  0.00000000E+00  0.10000000E+04  0.00000000E+00  0.12500000E+03  0.00000000E+00  0.69999999E+00  0.10000000E+04
  0.72500000E+01 -0.25000000E+00  0.00000000E+00  0.00000000E+00  0.10000000E+04  0.00000000E+00  0.12500000E+03  0.00000000E+00  0.69999999E+00  0.10000000E+04
  0.77500000E+01 -0.25000000E+00  0.00000000E+00  0.00000000E+00  0.10000000E+04  0.00000000E+00  0.12500000E+03  0.00000000E+00  0.69999999E+00  0.10000000E+04
  0.40000000E+01  0.50000000E+00  0.00000000E+00  0.00000000E+00  0.10004403E+04  0.86512683E+03  0.12500000E+03 -0.15172431E-03  0.69999999E+00  0.10000002E+04
  0.37500000E+01  0.25000000E+00  0.00000000E+00  0.00000000E+00  0.10001483E+04  0.29108694E+03  0.12500000E+03 -0.62890799E-03  0.69999999E+00  0.10000007E+04
  0.40000000E+01  0.10000000E+01  0.00000000E+00  0.00000000E+00  0.10020638E+04  0.40744719E+04  0.12500000E+03 -0.27291266E-04  0.69999999E+00  0.10000001E+04
  0.37500000E+01  0.75000000E+00  0.00000000E+00  0.00000000E+00  0.10074476E+04  0.14942752E+05  0.12500000E+03  0.51981420E-03  0.69999999E+00  0.99999939E+03
  0.40000000E+01  0.15000000E+01  0.00000000E+00  0.00000000E+00  0.10003402E+04  0.66819983E+03  0.12500000E+03  0.18451217E-03  0.69999999E+00  0.99999982E+03
  0.37500000E+01  0.12500000E+01  0.00000000E+00  0.00000000E+00  0.10082220E+04  0.16535176E+05  0.12500000E+03  0.47333550E-03  0.69999999E+00  0.99999945E+03
  0.40000000E+01  0.20000000E+01  0.00000000E+00  0.00000000E+00  0.10005190E+04  0.10199382E+04  0.12500000E+03  0.79433376E-04  0.69999999E+00  0.99999994E+03
  0.37500000E+01  0.17500000E+01  0.00000000E+00  0.00000000E+00  0.10014490E+04  0.28553042E+04  0.12500000E+03  0.66554901E-03  0.69999999E+00  0.99999927E+03
  0.45000000E+01  0.50000000E+00  0.00000000E+00  0.00000000E+00  0.10000000E+04  0.00000000E+00  0.12500000E+03  0.75670117E-43  0.69999999E+00  0.10000000E+04
  0.42500000E+01  0.25000000E+00  0.00000000E+00  0.00000000E+00  0.10000018E+04  0.35083482E+01  0.12500000E+03 -0.74084828E-05  0.69999999E+00  0.10000000E+04
  0.45000000E+01  0.10000000E+01  0.00000000E+00  0.00000000E+00  0.10000000E+04  0.00000000E+00  0.12500000E+03  0.00000000E+00  0.69999999E+00  0.10000000E+04
  0.42500000E+01  0.75000000E+00  0.00000000E+00  0.00000000E+00  0.10000934E+04  0.18318608E+03  0.12500000E+03 -0.62608265E-05  0.69999999E+00  0.10000000E+04
  0.45000000E+01  0.15000000E+01  0.00000000E+00  0.00000000E+00  0.10000000E+04  0.00000000E+00  0.12500000E+03 -0.00000000E+00  0.69999999E+00  0.10000000E+04
  0.42500000E+01  0.12500000E+01  0.00000000E+00  0.00000000E+00  0.99999805E+03 -0.38591397E+01  0.12500000E+03  0.33992947E-05  0.69999999E+00  0.10000000E+04
  0.45000000E+01  0.20000000E+01  0.00000000E+00  0.00000000E+00  0.10000000E+04  0.00000000E+00  0.12500000E+03  0.00000000E+00  0.69999999E+00  0.10000000E+04
  0.42500000E+01  0.17500000E+01  0.00000000E+00  0.00000000E+00  0.10000021E+04  0.39761310E+01  0.12500000E+03  0.68672739E-05  0.69999999E+00  0.10000000E+04
  0.50000000E+01  0.50000000E+00  0.00000000E+00  0.00000000E+00  0.10000000E+04  0.00000000E+00  0.12500000E+03  0.00000000E+00  0.69999999E+00  0.10000000E+04
  0.47500000E+01  0.25000000E+00  0.00000000E+00  0.00000000E+00  0.10000000E+04  0.00000000E+00  0.12500000E+03  0.00000000E+00  0.69999999E+00  0.10000000E+04
  0.50000000E+01  0.10000000E+01  0.00000000E+00  0.00000000E+00  0.10000000E+04  0.00000000E+00  0.12500000E+03  0.00000000E+00  0.69999999E+00  0.10000000E+04
  0.47500000E+01  0.75000000E+00  0.00000000E+00  0.00000000E+00  0.10000000E+04  0.00000000E+00  0.12500000E+03  0.00000000E+00  0.69999999E+00  0.10000000E+04
  0.50000000E+01  0.15000000E+01  0.00000000E+00  0.00000000E+00  0.10000000E+04  0.00000000E+00  0.12500000E+03  0.00000000E+00  0.69999999E+00  0.10000000E+04
  0.47500000E+01  0.12500000E+01  0.00000000E+00  0.00000000E+00  0.10000000E+04  0.00000000E+00  0.12500000E+03  0.00000000E+00  0.69999999E+00  0.10000000E+04
  0.50000000E+01  0.20000000E+01  0.00000000E+00  0.00000000E+00  0.10000000E+04  0.00000000E+00  0.12500000E+03  0.00000000E+00  0.69999999E+00  0.10000000E+04
  0.47500000E+01  0.17500000E+01  0.00000000E+00  0.00000000E+00  0.10000000E+04  0.00000000E+00  0.12500000E+03  0.00000000E+00  0.69999999E+00  0.10000000E+04
  0.24945376E+01  0.16741078E+01  0.25528054E+01 -0.62008029E+00  0.10090496E+04  0.18244553E+05  0.12576698E+03  0.12576674E+03  0.10000000E+01  0.00000000E+00
  0.15166367E+01  0.96357584E+00  0.89662349E+00  0.26756448E+00  0.10171634E+04  0.35458953E+05  0.12561582E+03  0.12561256E+03  0.10000000E+01  0.00000000E+00
  0.15423671E+01  0.90824819E+00  0.22903898E+00 -0.25728106E+00  0.10123455E+04  0.25137512E+05  0.12546356E+03  0.12546333E+03  0.10000000E+01  0.00000000E+00
  0.11139126E+01  0.12791795E+01  0.85403609E+00 -0.17700908E+01  0.10140626E+04  0.28782324E+05  0.12531018E+03  0.12531018E+03  0.10000000E+01  0.00000000E+00
  0.11537043E+01  0.10244668E+01  0.13982060E+01 -0.28211541E+01  0.10120072E+04  0.24423992E+05  0.12515567E+03  0.12515567E+03  0.10000000E+01  0.00000000E+00
  0.26695604E+01  0.23727779E+01 -0.27601990E+00  0.37149739E+00  0.10025986E+04  0.51382212E+04  0.12500000E+03  0.12500000E+03  0.10000000E+01  0.00000000E+00
  0.27791762E+01  0.18105452E+01  0.85830867E+00 -0.21002592E+00  0.99620288E+03 -0.73656079E+04  0.12576698E+03  0.12575494E+03  0.10000000E+01  0.00000000E+00
  0.15408179E+01  0.10493989E+01  0.73462689E+00  0.58646548E+00  0.10131221E+04  0.26781488E+05  0.12561582E+03  0.12560624E+03  0.10000000E+01  0.00000000E+00
  0.17297046E+01  0.13335872E+01  0.67334068E+00  0.12159126E+01  0.99570947E+03 -0.83104209E+04  0.12546356E+03  0.12546037E+03  0.10000000E+01  0.00000000E+00
  0.18405695E+01  0.10660526E+01  0.38172636E+01  0.18912139E+01  0.99883459E+03 -0.22785168E+04  0.12531018E+03  0.12531038E+03  0.10000000E+01  0.00000000E+00
  0.15406222E+01  0.16014532E+01 -0.63000083E-01 -0.87955511E+00  0.99336707E+03 -0.12757683E+05  0.12515567E+03  0.12515567E+03  0.10000000E+01  0.00000000E+00
  0.10262923E+01  0.14025164E+01  0.13502235E+01 -0.13427455E+01  0.10233174E+04  0.49076133E+05  0.12500000E+03  0.12500000E+03  0.10000000E+01  0.00000000E+00
  0.27683098E+01  0.19549067E+01  0.15971291E+01 -0.96855193E+00  0.99492255E+03 -0.98115498E+04  0.12576698E+03  0.12575644E+03  0.10000000E+01  0.00000000E+00
  0.25809877E+01  0.17521673E+01  0.20824397E+01  0.23392959E+01  0.10036300E+04  0.72001748E+04  0.12561582E+03  0.12561089E+03  0.10000000E+01  0.00000000E+00
  0.24673090E+01  0.12551365E+01  0.38608196E+00  0.11986301E+01  0.10048244E+04  0.96035752E+04  0.12546356E+03  0.12546005E+03  0.10000000E+01  0.00000000E+00
  0.26468956E+01  0.13085868E+01  0.46769816E+00  0.20076370E+01  0.99925220E+03 -0.14638960E+04  0.12531018E+03  0.12531018E+03  0.10000000E+01  0.00000000E+00
  0.25348063E+01  0.92327261E+00  0.36397186E+00  0.89687949E+00  0.99351581E+03 -0.12477201E+05  0.12515567E+03  0.12515553E+03  0.10000000E+01  0.00000000E+00
  0.23482091E+01  0.21510675E+01 -0.26848799E+00 -0.92657888E+00  0.10012749E+04  0.25110269E+04  0.12500000E+03  0.12500000E+03  0.10000000E+01  0.00000000E+00
  0.14542522E+01  0.15284598E+01 -0.16328168E+01 -0.59993410E+00  0.98939044E+03 -0.20165018E+05  0.12576698E+03  0.12576566E+03  0.10000000E+01  0.00000000E+00
  0.25635195E+01  0.18189101E+01  0.30260348E+01  0.22758646E+01  0.10067378E+04  0.13489854E+05  0.12561582E+03  0.12561221E+03  0.10000000E+01  0.00000000E+00
  0.24858055E+01  0.91034520E+00 -0.18818243E+01  0.11327000E+01  0.10008485E+04  0.16690632E+04  0.12546356E+03  0.12546202E+03  0.10000000E+01  0.00000000E+00
  0.24399724E+01  0.99150956E+00 -0.25460248E+01  0.13023295E+01  0.10012996E+04  0.25598169E+04  0.12531018E+03  0.12530890E+03  0.10000000E+01  0.00000000E+00
  0.26841836E+01  0.24744980E+01 -0.61505318E+00  0.97501314E+00  0.99845776E+03 -0.30118538E+04  0.12515567E+03  0.12515567E+03  0.10000000E+01  0.00000000E+00
  0.29746213E+01  0.12107787E+01 -0.23939497E+01 -0.32376161E+01  0.99020996E+03 -0.18653074E+05  0.12500000E+03  0.12500012E+03  0.10000000E+01  0.00000000E+00
  0.16796279E+01  0.17290666E+01  0.18401036E+00 -0.54020965E+00  0.98308997E+03 -0.31541000E+05  0.12561582E+03  0.12561399E+03  0.10000000E+01  0.00000000E+00
  0.30082765E+01  0.22710233E+01  0.41093737E+00  0.17368817E+01  0.98684131E+03 -0.24820223E+05  0.12531018E+03  0.12531004E+03  0.10000000E+01  0.00000000E+00
  0.14658585E+01  0.20270293E+01 -0.80995834E+00 -0.17420788E+01  0.99560815E+03 -0.85041045E+04  0.12500000E+03  0.12500000E+03  0.10000000E+01  0.00000000E+00
