  0.00000000E+00  0.00000000E+00  0.00000000E+00  0.00000000E+00  0.10031332E+04  0.62053794E+04  0.12500000E+03  0.21728172E-02  0.69999999E+00  0.99999750E+03
  0.00000000E+00  0.50000000E+00  0.00000000E+00  0.00000000E+00  0.10424150E+04  0.94588523E+05  0.12500000E+03  0.22681942E-02  0.69999999E+00  0.99999731E+03
  0.00000000E+00  0.10000000E+01  0.00000000E+00  0.00000000E+00  0.10383512E+04  0.84477289E+05  0.12500000E+03  0.29928249E-02  0.69999999E+00  0.99999646E+03
  0.00000000E+00  0.15000000E+01  0.00000000E+00  0.00000000E+00  0.10102711E+04  0.20783527E+05  0.12500000E+03  0.10732966E-02  0.69999999E+00  0.99999878E+03
  0.00000000E+00  0.20000000E+01  0.00000000E+00  0.00000000E+00  0.10175846E+04  0.36375250E+05  0.12500000E+03 -0.11010724E-02  0.69999999E+00  0.10000013E+04
  0.00000000E+00  0.25000000E+01  0.00000000E+00  0.00000000E+00  0.10030736E+04  0.60862402E+04  0.12500000E+03  0.33517432E-03  0.69999999E+00  0.99999963E+03
  0.00000000E+00  0.30000000E+01  0.00000000E+00  0.00000000E+00  0.10000000E+04  0.00000000E+00  0.12500000E+03  0.60528782E-05  0.69999999E+00  0.10000000E+04
  0.00000000E+00  0.35000000E+01  0.00000000E+00  0.00000000E+00  0.10000000E+04  0.00000000E+00  0.12500000E+03  0.00000000E+00  0.69999999E+00  0.10000000E+04
  0.00000000E+00  0.40000000E+01  0.00000000E+00  0.00000000E+00  0.10000000E+04  0.00000000E+00  0.12500000E+03  0.00000000E+00  0.69999999E+00  0.10000000E+04
 -0.25000000E+00 -0.25000000E+00  0.00000000E+00  0.00000000E+00  0.10006414E+04  0.12607445E+04  0.12500000E+03  0.52005530E-03  0.69999999E+00  0.99999939E+03
 -0.25000000E+00  0.25000000E+00  0.00000000E+00  0.00000000E+00  0.10026478E+04  0.52365850E+04  0.12500000E+03  0.92262047E-03  0.69999999E+00  0.99999896E+03
 -0.25000000E+00  0.75000000E+00  0.00000000E+00  0.00000000E+00  0.10159731E+04  0.32881582E+05  0.12500000E+03  0.23299814E-03  0.69999999E+00  0.99999976E+03
 -0.25000000E+00  0.12500000E+01  0.00000000E+00  0.00000000E+00  0.10042095E+04  0.83641104E+04  0.12500000E+03  0.95921924E-03  0.69999999E+00  0.99999890E+03
 -0.25000000E+00  0.17500000E+01  0.00000000E+00  0.00000000E+00  0.10011805E+04  0.23244182E+04  0.12500000E+03 -0.24444662E-03  0.69999999E+00  0.10000003E+04
 -0.25000000E+00  0.22500000E+01  0.00000000E+00  0.00000000E+00  0.10012462E+04  0.24542319E+04  0.12500000E+03 -0.15003496E-03  0.69999999E+00  0.10000002E+04
 -0.25000000E+00  0.27500000E+01  0.00000000E+00  0.00000000E+00  0.10000000E+04  0.00000000E+00  0.12500000E+03  0.12891946E-42  0.69999999E+00  0.10000000E+04
 -0.25000000E+00  0.32500000E+01  0.00000000E+00  0.00000000E+00  0.10000000E+04  0.00000000E+00  0.12500000E+03  0.00000000E+00  0.69999999E+00  0.10000000E+04
 -0.25000000E+00  0.37500000E+01  0.00000000E+00  0.00000000E+00  0.10000000E+04  0.00000000E+00  0.12500000E+03  0.00000000E+00  0.69999999E+00  0.10000000E+04
  0.80000000E+01  0.00000000E+00  0.00000000E+00  0.00000000E+00  0.10000000E+04  0.00000000E+00  0.12500000E+03  0.00000000E+00  0.69999999E+00  0.10000000E+04
  0.80000000E+01  0.50000000E+00  0.00000000E+00  0.00000000E+00  0.10000000E+04  0.00000000E+00  0.12500000E+03  0.00000000E+00  0.69999999E+00  0.10000000E+04
  0.80000000E+01  0.10000000E+01  0.00000000E+00  0.00000000E+00  0.10000000E+04  0.00000000E+00  0.12500000E+03  0.00000000E+00  0.69999999E+00  0.10000000E+04
  0.80000000E+01  0.15000000E+01  0.00000000E+00  0.00000000E+00  0.10000000E+04  0.00000000E+00  0.12500000E+03  0.00000000E+00  0.69999999E+00  0.10000000E+04
  0.80000000E+01  0.20000000E+01  0.00000000E+00  0.00000000E+00  0.10000000E+04  0.00000000E+00  0.12500000E+03  0.00000000E+00  0.69999999E+00  0.10000000E+04
  0.80000000E+01  0.25000000E+01  0.00000000E+00  0.00000000E+00  0.10000000E+04  0.00000000E+00  0.12500000E+03  0.00000000E+00  0.69999999E+00  0.10000000E+04
  0.80000000E+01  0.30000000E+01  0.00000000E+00  0.00000000E+00  0.10000000E+04  0.00000000E+00  0.12500000E+03  0.00000000E+00  0.69999999E+00  0.10000000E+04
  0.80000000E+01  0.35000000E+01  0.00000000E+00  0.00000000E+00  0.10000000E+04  0.00000000E+00  0.12500000E+03  0.00000000E+00  0.69999999E+00  0.10000000E+04
  0.80000000E+01  0.40000000E+01  0.00000000E+00  0.00000000E+00  0.10000000E+04  0.00000000E+00  0.12500000E+03  0.00000000E+00  0.69999999E+00  0.10000000E+04
  0.82500000E+01 -0.25000000E+00  0.00000000E+00  0.00000000E+00  0.10000000E+04  0.00000000E+00  0.12500000E+03  0.00000000E+00  0.69999999E+00  0.10000000E+04
  0.82500000E+01  0.25000000E+00  0.00000000E+00  0.00000000E+00  0.10000000E+04  0.00000000E+00  0.12500000E+03  0.00000000E+00  0.69999999E+00  0.10000000E+04
  0.82500000E+01  0.75000000E+00  0.00000000E+00  0.00000000E+00  0.10000000E+04  0.00000000E+00  0.12500000E+03  0.00000000E+00  0.69999999E+00  0.10000000E+04
  0.82500000E+01  0.12500000E+01  0.00000000E+00  0.00000000E+00  0.10000000E+04  0.00000000E+00  0.12500000E+03  0.00000000E+00  0.69999999E+00  0.10000000E+04
  0.82500000E+01  0.17500000E+01  0.00000000E+00  0.00000000E+00  0.10000000E+04  0.00000000E+00  0.12500000E+03  0.00000000E+00  0.69999999E+00  0.10000000E+04
  0.82500000E+01  0.22500000E+01  0.00000000E+00  0.00000000E+00  0.10000000E+04  0.00000000E+00  0.12500000E+03  0.00000000E+00  0.69999999E+00  0.10000000E+04
  0.82500000E+01  0.27500000E+01  0.00000000E+00  0.00000000E+00  0.10000000E+04  0.00000000E+00  0.12500000E+03  0.00000000E+00  0.69999999E+00  0.10000000E+04
  0.82500000E+01  0.32500000E+01  0.00000000E+00  0.00000000E+00  0.10000000E+04  0.00000000E+00  0.12500000E+03  0.00000000E+00  0.69999999E+00  0.10000000E+04
  0.82500000E+01  0.37500000E+01  0.00000000E+00  0.00000000E+00  0.10000000E+04  0.00000000E+00  0.12500000E+03  0.00000000E+00  0.69999999E+00  0.10000000E+04
  0.50000000E+00  0.00000000E+00  0.00000000E+00  0.00000000E+00  0.10475892E+04  0.10780924E+06  0.12500000E+03  0.10689475E-01  0.69999999E+00  0.99998724E+03
  0.10000000E+01  0.00000000E+00  0.00000000E+00  0.00000000E+00  0.10608408E+04  0.14350612E+06  0.12500000E+03  0.55835624E-02  0.69999999E+00  0.99999323E+03
  0.15000000E+01  0.00000000E+00  0.00000000E+00  0.00000000E+00  0.10361353E+04  0.79062883E+05  0.12500000E+03  0.19153293E-01  0.69999999E+00  0.99997729E+03
  0.20000000E+01  0.00000000E+00  0.00000000E+00  0.00000000E+00  0.11478071E+04  0.45538484E+06  0.12500000E+03  0.21782165E-01  0.69999999E+00  0.99997144E+03
  0.25000000E+01  0.00000000E+00  0.00000000E+00  0.00000000E+00  0.10281517E+04  0.60123652E+05  0.12500000E+03  0.49273432E-02  0.69999999E+00  0.99999420E+03
  0.30000000E+01  0.00000000E+00  0.00000000E+00  0.00000000E+00  0.10445603E+04  0.10002242E+06  0.12500000E+03  0.66676429E-02  0.69999999E+00  0.99999207E+03
  0.35000000E+01  0.00000000E+00  0.00000000E+00  0.00000000E+00  0.10074375E+04  0.14921967E+05  0.12500000E+03  0.25615951E-02  0.69999999E+00  0.99999707E+03
  0.40000000E+01  0.00000000E+00  0.00000000E+00  0.00000000E+00  0.10000137E+04  0.26898298E+02  0.12500000E+03 -0.68247195E-04  0.69999999E+00  0.10000001E+04
  0.45000000E+01  0.00000000E+00  0.00000000E+00  0.00000000E+00  0.10000000E+04  0.00000000E+00  0.12500000E+03  0.94755802E-41  0.69999999E+00  0.10000000E+04
  0.50000000E+01  0.00000000E+00  0.00000000E+00  0.00000000E+00  0.10000000E+04  0.00000000E+00  0.12500000E+03 -0.00000000E+00  0.69999999E+00  0.10000000E+04
  0.55000000E+01  0.00000000E+00  0.00000000E+00  0.00000000E+00  0.10000000E+04  0.00000000E+00  0.12500000E+03  0.00000000E+00  0.69999999E+00  0.10000000E+04
  0.60000000E+01  0.00000000E+00  0.00000000E+00  0.00000000E+00  0.10000000E+04  0.00000000E+00  0.12500000E+03  0.00000000E+00  0.69999999E+00  0.10000000E+04
  0.65000000E+01  0.00000000E+00  0.00000000E+00  0.00000000E+00  0.10000000E+04  0.00000000E+00  0.12500000E+03  0.00000000E+00  0.69999999E+00  0.10000000E+04
  0.70000000E+01  0.00000000E+00  0.00000000E+00  0.00000000E+00  0.10000000E+04  0.00000000E+00  0.12500000E+03  0.00000000E+00  0.69999999E+00  0.10000000E+04
  0.75000000E+01  0.00000000E+00  0.00000000E+00  0.00000000E+00  0.10000000E+04  0.00000000E+00  0.12500000E+03  0.00000000E+00  0.69999999E+00  0.10000000E+04
  0.25000000E+00 -0.25000000E+00  0.00000000E+00  0.00000000E+00  0.10058146E+04  0.11609092E+05  0.12500000E+03  0.30193292E-02  0.69999999E+00  0.99999652E+03
  0.75000000E+00 -0.25000000E+00  0.00000000E+00  0.00000000E+00  0.10255901E+04  0.54230824E+05  0.12500000E+03  0.78378506E-02  0.69999999E+00  0.99999084E+03
  0.12500000E+01 -0.25000000E+00  0.00000000E+00  0.00000000E+00  0.10100062E+04  0.20231400E+05  0.12500000E+03  0.63076764E-02  0.69999999E+00  0.99999274E+03
  0.17500000E+01 -0.25000000E+00  0.00000000E+00  0.00000000E+00  0.10166417E+04  0.34327172E+05  0.12500000E+03  0.96370336E-02  0.69999999E+00  0.99998883E+03
  0.22500000E+01 -0.25000000E+00  0.00000000E+00  0.00000000E+00  0.10013806E+04  0.27199084E+04  0.12500000E+03  0.92329755E-02  0.69999999E+00  0.99998944E+03
  0.27500000E+01 -0.25000000E+00  0.00000000E+00  0.00000000E+00  0.10047014E+04  0.93552217E+04  0.12500000E+03  0.33178565E-02  0.69999999E+00  0.99999622E+03
  0.32500000E+01 -0.25000000E+00  0.00000000E+00  0.00000000E+00  0.10015316E+04  0.30188438E+04  0.12500000E+03  0.24607154E-02  0.69999999E+00  0.99999719E+03
  0.37500000E+01 -0.25000000E+00  0.00000000E+00  0.00000000E+00  0.10000070E+04  0.13565822E+02  0.12500000E+03 -0.15635355E-03  0.69999999E+00  0.10000002E+04
  0.42500000E+01 -0.25000000E+00  0.00000000E+00  0.00000000E+00  0.10000000E+04  0.00000000E+00  0.12500000E+03 -0.32354367E-37  0.69999999E+00  0.10000000E+04
  0.47500000E+01 -0.25000000E+00  0.00000000E+00  0.00000000E+00  0.10000000E+04  0.00000000E+00  0.12500000E+03 -0.11557910E-40  0.69999999E+00  0.10000000E+04
  0.52500000E+01 -0.25000000E+00  0.00000000E+00  0.00000000E+00  0.10000000E+04  0.00000000E+00  0.12500000E+03  0.00000000E+00  0.69999999E+00  0.10000000E+04
  0.57500000E+01 -0.25000000E+00  0.00000000E+00  0.00000000E+00  0.10000000E+04  0.00000000E+00  0.12500000E+03  0.00000000E+00  0.69999999E+00  0.10000000E+04
  0.62500000E+01 -0.25000000E+00  0.00000000E+00  0.00000000E+00  0.10000000E+04  0.00000000E+00  0.12500000E+03  0.00000000E+00  0.69999999E+00  0.10000000E+04
  0.67500000E+01 -0.25000000E+00  0.00000000E+00  0.00000000E+00  0.10000000E+04  0.00000000E+00  0.12500000E+03  0.00000000E+00  0.69999999E+00  0.10000000E+04
  0.72500000E+01 -0.25000000E+00  0.00000000E+00  0.00000000E+00  0.10000000E+04  0.00000000E+00  0.12500000E+03  0.00000000E+00  0.69999999E+00  0.10000000E+04
  0.77500000E+01 -0.25000000E+00  0.00000000E+00  0.00000000E+00  0.10000000E+04  0.00000000E+00  0.12500000E+03  0.00000000E+00  0.69999999E+00  0.10000000E+04
  0.40000000E+01  0.50000000E+00  0.00000000E+00  0.00000000E+00  0.10008293E+04  0.16312172E+04  0.12500000E+03 -0.25984168E-03  0.69999999E+00  0.10000003E+04
  0.37500000E+01  0.25000000E+00  0.00000000E+00  0.00000000E+00  0.10057633E+04  0.11504976E+05  0.12500000E+03 -0.11665854E-02  0.69999999E+00  0.10000013E+04
  0.40000000E+01  0.10000000E+01  0.00000000E+00  0.00000000E+00  0.10021895E+04  0.43239160E+04  0.12500000E+03 -0.95863696E-04  0.69999999E+00  0.10000001E+04
  0.37500000E+01  0.75000000E+00  0.00000000E+00  0.00000000E+00  0.10427100E+04  0.95331578E+05  0.12500000E+03  0.80919603E-03  0.69999999E+00  0.99999902E+03
  0.40000000E+01  0.15000000E+01  0.00000000E+00  0.00000000E+00  0.10008190E+04  0.16107681E+04  0.12500000E+03  0.28051256E-03  0.69999999E+00  0.99999969E+03
  0.37500000E+01  0.12500000E+01  0.00000000E+00  0.00000000E+00  0.10217805E+04  0.45629180E+05  0.12500000E+03  0.61165408E-03  0.69999999E+00  0.99999927E+03
  0.40000000E+01  0.20000000E+01  0.00000000E+00  0.00000000E+00  0.10020084E+04  0.39643784E+04  0.12500000E+03  0.24757802E-03  0.69999999E+00  0.99999969E+03
  0.37500000E+01  0.17500000E+01  0.00000000E+00  0.00000000E+00  0.10425269E+04  0.94870102E+05  0.12500000E+03  0.13669203E-02  0.69999999E+00  0.99999835E+03
  0.45000000E+01  0.50000000E+00  0.00000000E+00  0.00000000E+00  0.10000000E+04  0.00000000E+00  0.12500000E+03  0.34570033E-40  0.69999999E+00  0.10000000E+04
  0.42500000E+01  0.25000000E+00  0.00000000E+00  0.00000000E+00  0.10000018E+04  0.35083482E+01  0.12500000E+03 -0.74084828E-05  0.69999999E+00  0.10000000E+04
  0.45000000E+01  0.10000000E+01  0.00000000E+00  0.00000000E+00  0.10000000E+04  0.00000000E+00  0.12500000E+03 -0.00000000E+00  0.69999999E+00  0.10000000E+04
  0.42500000E+01  0.75000000E+00  0.00000000E+00  0.00000000E+00  0.10000944E+04  0.18529227E+03  0.12500000E+03 -0.10442676E-04  0.69999999E+00  0.10000000E+04
  0.45000000E+01  0.15000000E+01  0.00000000E+00  0.00000000E+00  0.10000000E+04  0.00000000E+00  0.12500000E+03  0.00000000E+00  0.69999999E+00  0.10000000E+04
  0.42500000E+01  0.12500000E+01  0.00000000E+00  0.00000000E+00  0.10000066E+04  0.12864128E+02  0.12500000E+03  0.34267537E-05  0.69999999E+00  0.10000000E+04
  0.45000000E+01  0.20000000E+01  0.00000000E+00  0.00000000E+00  0.10000000E+04  0.00000000E+00  0.12500000E+03  0.00000000E+00  0.69999999E+00  0.10000000E+04
  0.42500000E+01  0.17500000E+01  0.00000000E+00  0.00000000E+00  0.10000031E+04  0.60811610E+01  0.12500000E+03  0.28991612E-05  0.69999999E+00  0.10000000E+04
  0.50000000E+01  0.50000000E+00  0.00000000E+00  0.00000000E+00  0.10000000E+04  0.00000000E+00  0.12500000E+03  0.00000000E+00  0.69999999E+00  0.10000000E+04
  0.47500000E+01  0.25000000E+00  0.00000000E+00  0.00000000E+00  0.10000000E+04  0.00000000E+00  0.12500000E+03  0.11395359E-40  0.69999999E+00  0.10000000E+04
  0.50000000E+01  0.10000000E+01  0.00000000E+00  0.00000000E+00  0.10000000E+04  0.00000000E+00  0.12500000E+03  0.00000000E+00  0.69999999E+00  0.10000000E+04
  0.47500000E+01  0.75000000E+00  0.00000000E+00  0.00000000E+00  0.10000000E+04  0.00000000E+00  0.12500000E+03  0.00000000E+00  0.69999999E+00  0.10000000E+04
  0.50000000E+01  0.15000000E+01  0.00000000E+00  0.00000000E+00  0.10000000E+04  0.00000000E+00  0.12500000E+03 -0.00000000E+00  0.69999999E+00  0.10000000E+04
  0.47500000E+01  0.12500000E+01  0.00000000E+00  0.00000000E+00  0.10000000E+04  0.00000000E+00  0.12500000E+03 -0.00000000E+00  0.69999999E+00  0.10000000E+04
  0.50000000E+01  0.20000000E+01  0.00000000E+00  0.00000000E+00  0.10000000E+04  0.00000000E+00  0.12500000E+03  0.00000000E+00  0.69999999E+00  0.10000000E+04
  0.47500000E+01  0.17500000E+01  0.00000000E+00  0.00000000E+00  0.10000000E+04  0.00000000E+00  0.12500000E+03  0.00000000E+00  0.69999999E+00  0.10000000E+04
  0.27338121E+01  0.93332911E+00 -0.46369714E+00 -0.73591661E+00  0.10034713E+04  0.68819390E+04  0.12576698E+03  0.12576674E+03  0.10000000E+01  0.00000000E+00
  0.14756628E+01  0.95773399E+00 -0.36525570E-01 -0.16835427E+00  0.99595624E+03 -0.78382515E+04  0.12561582E+03  0.12561256E+03  0.10000000E+01  0.00000000E+00
  0.15513589E+01  0.12726794E+01  0.97544146E+00 -0.11678731E+01  0.10005215E+04  0.10248651E+04  0.12546356E+03  0.12546333E+03  0.10000000E+01  0.00000000E+00
  0.21867194E+01  0.17442089E+01  0.53360295E+00  0.17345641E+01  0.10011210E+04  0.22068997E+04  0.12531018E+03  0.12531027E+03  0.10000000E+01  0.00000000E+00
  0.25677876E+01  0.18506969E+01  0.77126181E+00  0.19743921E+01  0.10042270E+04  0.83993711E+04  0.12515567E+03  0.12515567E+03  0.10000000E+01  0.00000000E+00
  0.28880854E+01  0.15485024E+01  0.36739584E-01  0.37304002E+00  0.10103416E+04  0.20930775E+05  0.12500000E+03  0.12500000E+03  0.10000000E+01  0.00000000E+00
  0.26608667E+01  0.95460749E+00  0.32234132E+00  0.43267041E+00  0.10006031E+04  0.11856202E+04  0.12576698E+03  0.12575494E+03  0.10000000E+01  0.00000000E+00
  0.11092969E+01  0.92593801E+00 -0.70582545E+00 -0.63626379E-01  0.99650842E+03 -0.67791401E+04  0.12561582E+03  0.12560624E+03  0.10000000E+01  0.00000000E+00
  0.10263820E+01  0.11488667E+01 -0.64574754E+00 -0.77716100E+00  0.10025199E+04  0.49814692E+04  0.12546356E+03  0.12546037E+03  0.10000000E+01  0.00000000E+00
  0.24942896E+01  0.14464034E+01 -0.19185603E+00  0.24264240E+00  0.99842261E+03 -0.30802078E+04  0.12531018E+03  0.12531038E+03  0.10000000E+01  0.00000000E+00
  0.10872358E+01  0.84550703E+00 -0.36898983E+00 -0.16970298E+00  0.10016089E+04  0.31718372E+04  0.12515567E+03  0.12515567E+03  0.10000000E+01  0.00000000E+00
  0.65508199E+00  0.81321168E+00 -0.43646049E+00 -0.13132545E+01  0.10258057E+04  0.54723500E+05  0.12500000E+03  0.12500000E+03  0.10000000E+01  0.00000000E+00
  0.20119531E+01  0.10375575E+01 -0.56867617E+00  0.71289229E+00  0.10092825E+04  0.18727535E+05  0.12576698E+03  0.12575644E+03  0.10000000E+01  0.00000000E+00
  0.25497458E+01  0.94768798E+00  0.13469191E+01  0.90131968E-01  0.10075151E+04  0.15081188E+05  0.12561582E+03  0.12561089E+03  0.10000000E+01  0.00000000E+00
  0.28587832E+01  0.91037869E+00  0.51744342E+00  0.12840006E+01  0.10042919E+04  0.85298936E+04  0.12546356E+03  0.12546005E+03  0.10000000E+01  0.00000000E+00
  0.21903131E+01  0.13620437E+01  0.66432047E+00  0.80314791E+00  0.99116681E+03 -0.16878127E+05  0.12531018E+03  0.12531018E+03  0.10000000E+01  0.00000000E+00
  0.28839359E+01  0.76835608E+00 -0.72654998E+00 -0.63995135E+00  0.10096585E+04  0.19507895E+05  0.12515567E+03  0.12515553E+03  0.10000000E+01  0.00000000E+00
  0.17451494E+01  0.14452612E+01  0.12407212E+01 -0.37130070E+00  0.10031127E+04  0.61643906E+04  0.12500000E+03  0.12499989E+03  0.10000000E+01  0.00000000E+00
  0.85978019E+00  0.97862124E+00 -0.59558326E+00 -0.25034133E+00  0.10064222E+04  0.12845660E+05  0.12576698E+03  0.12576566E+03  0.10000000E+01  0.00000000E+00
  0.24719758E+01  0.97692680E+00  0.55892742E+00  0.39380628E+00  0.10089623E+04  0.18064131E+05  0.12561582E+03  0.12561221E+03  0.10000000E+01  0.00000000E+00
  0.27090611E+01  0.16045821E+01 -0.11262553E+01  0.22753313E+01  0.10044552E+04  0.88588213E+04  0.12546356E+03  0.12546202E+03  0.10000000E+01  0.00000000E+00
  0.19952519E+01  0.97585464E+00  0.63128248E-01  0.25854033E+00  0.10079698E+04  0.16015489E+05  0.12531018E+03  0.12530890E+03  0.10000000E+01  0.00000000E+00
  0.98254311E+00  0.14668992E+01 -0.43253076E+00 -0.16097724E+00  0.10025649E+04  0.50712363E+04  0.12515567E+03  0.12515567E+03  0.10000000E+01  0.00000000E+00
  0.15854812E+01  0.81607199E+00  0.90601575E+00  0.23584059E+00  0.10172780E+04  0.35707969E+05  0.12500000E+03  0.12500012E+03  0.10000000E+01  0.00000000E+00
  0.12714932E+01  0.14002526E+01 -0.12781237E+01 -0.74146926E+00  0.10041645E+04  0.82734561E+04  0.12561582E+03  0.12561399E+03  0.10000000E+01  0.00000000E+00
  0.25539041E+01  0.20823326E+01 -0.78164780E+00  0.13104513E+01  0.10021718E+04  0.42888452E+04  0.12531018E+03  0.12531004E+03  0.10000000E+01  0.00000000E+00
  0.29299710E+01  0.20789118E+01  0.18028750E+01 -0.18029061E+00  0.99677588E+03 -0.62648945E+04  0.12500000E+03  0.12500000E+03  0.10000000E+01  0.00000000E+00
