  0.00000000E+00  0.00000000E+00  0.00000000E+00  0.00000000E+00  0.10047365E+04  0.94259551E+04  0.12500000E+03  0.22019229E-02  0.69999999E+00  0.99999750E+03
  0.00000000E+00  0.50000000E+00  0.00000000E+00  0.00000000E+00  0.10455325E+04  0.10250697E+06  0.12500000E+03  0.23231809E-02  0.69999999E+00  0.99999725E+03
  0.00000000E+00  0.10000000E+01  0.00000000E+00  0.00000000E+00  0.10323026E+04  0.69861086E+05  0.12500000E+03  0.30267697E-02  0.69999999E+00  0.99999640E+03
  0.00000000E+00  0.15000000E+01  0.00000000E+00  0.00000000E+00  0.10092871E+04  0.18736930E+05  0.12500000E+03  0.11102639E-02  0.69999999E+00  0.99999872E+03
  0.00000000E+00  0.20000000E+01  0.00000000E+00  0.00000000E+00  0.10176742E+04  0.36570578E+05  0.12500000E+03 -0.11106208E-02  0.69999999E+00  0.10000013E+04
  0.00000000E+00  0.25000000E+01  0.00000000E+00  0.00000000E+00  0.10030736E+04  0.60862402E+04  0.12500000E+03  0.33517432E-03  0.69999999E+00  0.99999963E+03
  0.00000000E+00  0.30000000E+01  0.00000000E+00  0.00000000E+00  0.10000000E+04  0.00000000E+00  0.12500000E+03  0.60528782E-05  0.69999999E+00  0.10000000E+04
  0.00000000E+00  0.35000000E+01  0.00000000E+00  0.00000000E+00  0.10000000E+04  0.00000000E+00  0.12500000E+03  0.00000000E+00  0.69999999E+00  0.10000000E+04
  0.00000000E+00  0.40000000E+01  0.00000000E+00  0.00000000E+00  0.10000000E+04  0.00000000E+00  0.12500000E+03  0.00000000E+00  0.69999999E+00  0.10000000E+04
 -0.25000000E+00 -0.25000000E+00  0.00000000E+00  0.00000000E+00  0.10006414E+04  0.12607445E+04  0.12500000E+03  0.52005530E-03  0.69999999E+00  0.99999939E+03
 -0.25000000E+00  0.25000000E+00  0.00000000E+00  0.00000000E+00  0.10031323E+04  0.62037109E+04  0.12500000E+03  0.93449926E-03  0.69999999E+00  0.99999890E+03
 -0.25000000E+00  0.75000000E+00  0.00000000E+00  0.00000000E+00  0.10143081E+04  0.29306623E+05  0.12500000E+03  0.23956757E-03  0.69999999E+00  0.99999969E+03
 -0.25000000E+00  0.12500000E+01  0.00000000E+00  0.00000000E+00  0.10024172E+04  0.47770898E+04  0.12500000E+03  0.97501028E-03  0.69999999E+00  0.99999890E+03
 -0.25000000E+00  0.17500000E+01  0.00000000E+00  0.00000000E+00  0.10011827E+04  0.23288938E+04  0.12500000E+03 -0.24796993E-03  0.69999999E+00  0.10000003E+04
 -0.25000000E+00  0.22500000E+01  0.00000000E+00  0.00000000E+00  0.10012462E+04  0.24542319E+04  0.12500000E+03 -0.15003496E-03  0.69999999E+00  0.10000002E+04
 -0.25000000E+00  0.27500000E+01  0.00000000E+00  0.00000000E+00  0.10000000E+04  0.00000000E+00  0.12500000E+03  0.22140516E-42  0.69999999E+00  0.10000000E+04
 -0.25000000E+00  0.32500000E+01  0.00000000E+00  0.00000000E+00  0.10000000E+04  0.00000000E+00  0.12500000E+03  0.00000000E+00  0.69999999E+00  0.10000000E+04
 -0.25000000E+00  0.37500000E+01  0.00000000E+00  0.00000000E+00  0.10000000E+04  0.00000000E+00  0.12500000E+03  0.00000000E+00  0.69999999E+00  0.10000000E+04
  0.80000000E+01  0.00000000E+00  0.00000000E+00  0.00000000E+00  0.10000000E+04  0.00000000E+00  0.12500000E+03  0.00000000E+00  0.69999999E+00  0.10000000E+04
  0.80000000E+01  0.50000000E+00  0.00000000E+00  0.00000000E+00  0.10000000E+04  0.00000000E+00  0.12500000E+03  0.00000000E+00  0.69999999E+00  0.10000000E+04
  0.80000000E+01  0.10000000E+01  0.00000000E+00  0.00000000E+00  0.10000000E+04  0.00000000E+00  0.12500000E+03  0.00000000E+00  0.69999999E+00  0.10000000E+04
  0.80000000E+01  0.15000000E+01  0.00000000E+00  0.00000000E+00  0.10000000E+04  0.00000000E+00  0.12500000E+03  0.00000000E+00  0.69999999E+00  0.10000000E+04
  0.80000000E+01  0.20000000E+01  0.00000000E+00  0.00000000E+00  0.10000000E+04  0.00000000E+00  0.12500000E+03  0.00000000E+00  0.69999999E+00  0.10000000E+04
  0.80000000E+01  0.25000000E+01  0.00000000E+00  0.00000000E+00  0.10000000E+04  0.00000000E+00  0.12500000E+03  0.00000000E+00  0.69999999E+00  0.10000000E+04
  0.80000000E+01  0.30000000E+01  0.00000000E+00  0.00000000E+00  0.10000000E+04  0.00000000E+00  0.12500000E+03  0.00000000E+00  0.69999999E+00  0.10000000E+04
  0.80000000E+01  0.35000000E+01  0.00000000E+00  0.00000000E+00  0.10000000E+04  0.00000000E+00  0.12500000E+03  0.00000000E+00  0.69999999E+00  0.10000000E+04
  0.80000000E+01  0.40000000E+01  0.00000000E+00  0.00000000E+00  0.10000000E+04  0.00000000E+00  0.12500000E+03  0.00000000E+00  0.69999999E+00  0.10000000E+04
  0.82500000E+01 -0.25000000E+00  0.00000000E+00  0.00000000E+00  0.10000000E+04  0.00000000E+00  0.12500000E+03  0.00000000E+00  0.69999999E+00  0.10000000E+04
  0.82500000E+01  0.25000000E+00  0.00000000E+00  0.00000000E+00  0.10000000E+04  0.00000000E+00  0.12500000E+03  0.00000000E+00  0.69999999E+00  0.10000000E+04
  0.82500000E+01  0.75000000E+00  0.00000000E+00  0.00000000E+00  0.10000000E+04  0.00000000E+00  0.12500000E+03  0.00000000E+00  0.69999999E+00  0.10000000E+04
  0.82500000E+01  0.12500000E+01  0.00000000E+00  0.00000000E+00  0.10000000E+04  0.00000000E+00  0.12500000E+03  0.00000000E+00  0.69999999E+00  0.10000000E+04
  0.82500000E+01  0.17500000E+01  0.00000000E+00  0.00000000E+00  0.10000000E+04  0.00000000E+00  0.12500000E+03  0.00000000E+00  0.69999999E+00  0.10000000E+04
  0.82500000E+01  0.22500000E+01  0.00000000E+00  0.00000000E+00  0.10000000E+04  0.00000000E+00  0.12500000E+03  0.00000000E+00  0.69999999E+00  0.10000000E+04
  0.82500000E+01  0.27500000E+01  0.00000000E+00  0.00000000E+00  0.10000000E+04  0.00000000E+00  0.12500000E+03  0.00000000E+00  0.69999999E+00  0.10000000E+04
  0.82500000E+01  0.32500000E+01  0.00000000E+00  0.00000000E+00  0.10000000E+04  0.00000000E+00  0.12500000E+03  0.00000000E+00  0.69999999E+00  0.10000000E+04
  0.82500000E+01  0.37500000E+01  0.00000000E+00  0.00000000E+00  0.10000000E+04  0.00000000E+00  0.12500000E+03  0.00000000E+00  0.69999999E+00  0.10000000E+04
  0.50000000E+00  0.00000000E+00  0.00000000E+00  0.00000000E+00  0.10590924E+04  0.13864088E+06  0.12500000E+03  0.10800347E-01  0.69999999E+00  0.99998694E+03
  0.10000000E+01  0.00000000E+00  0.00000000E+00  0.00000000E+00  0.10648774E+04  0.15492362E+06  0.12500000E+03  0.56478898E-02  0.69999999E+00  0.99999310E+03
  0.15000000E+01  0.00000000E+00  0.00000000E+00  0.00000000E+00  0.10255947E+04  0.54241438E+05  0.12500000E+03  0.19299995E-01  0.69999999E+00  0.99997736E+03
  0.20000000E+01  0.00000000E+00  0.00000000E+00  0.00000000E+00  0.11421665E+04  0.43044794E+06  0.12500000E+03  0.21984210E-01  0.69999999E+00  0.99997131E+03
  0.25000000E+01  0.00000000E+00  0.00000000E+00  0.00000000E+00  0.10291849E+04  0.62525418E+05  0.12500000E+03  0.50946963E-02  0.69999999E+00  0.99999402E+03
  0.30000000E+01  0.00000000E+00  0.00000000E+00  0.00000000E+00  0.10452832E+04  0.10186859E+06  0.12500000E+03  0.68233004E-02  0.69999999E+00  0.99999188E+03
  0.35000000E+01  0.00000000E+00  0.00000000E+00  0.00000000E+00  0.10065938E+04  0.13195584E+05  0.12500000E+03  0.26227122E-02  0.69999999E+00  0.99999701E+03
  0.40000000E+01  0.00000000E+00  0.00000000E+00  0.00000000E+00  0.10000137E+04  0.26898298E+02  0.12500000E+03 -0.68247195E-04  0.69999999E+00  0.10000001E+04
  0.45000000E+01  0.00000000E+00  0.00000000E+00  0.00000000E+00  0.10000000E+04  0.00000000E+00  0.12500000E+03  0.11353320E-40  0.69999999E+00  0.10000000E+04
  0.50000000E+01  0.00000000E+00  0.00000000E+00  0.00000000E+00  0.10000000E+04  0.00000000E+00  0.12500000E+03  0.00000000E+00  0.69999999E+00  0.10000000E+04
  0.55000000E+01  0.00000000E+00  0.00000000E+00  0.00000000E+00  0.10000000E+04  0.00000000E+00  0.12500000E+03  0.00000000E+00  0.69999999E+00  0.10000000E+04
  0.60000000E+01  0.00000000E+00  0.00000000E+00  0.00000000E+00  0.10000000E+04  0.00000000E+00  0.12500000E+03  0.00000000E+00  0.69999999E+00  0.10000000E+04
  0.65000000E+01  0.00000000E+00  0.00000000E+00  0.00000000E+00  0.10000000E+04  0.00000000E+00  0.12500000E+03  0.00000000E+00  0.69999999E+00  0.10000000E+04
  0.70000000E+01  0.00000000E+00  0.00000000E+00  0.00000000E+00  0.10000000E+04  0.00000000E+00  0.12500000E+03  0.00000000E+00  0.69999999E+00  0.10000000E+04
  0.75000000E+01  0.00000000E+00  0.00000000E+00  0.00000000E+00  0.10000000E+04  0.00000000E+00  0.12500000E+03  0.00000000E+00  0.69999999E+00  0.10000000E+04
  0.25000000E+00 -0.25000000E+00  0.00000000E+00  0.00000000E+00  0.10066180E+04  0.13245220E+05  0.12500000E+03  0.30382238E-02  0.69999999E+00  0.99999652E+03
  0.75000000E+00 -0.25000000E+00  0.00000000E+00  0.00000000E+00  0.10280876E+04  0.59975039E+05  0.12500000E+03  0.79106819E-02  0.69999999E+00  0.99999072E+03
  0.12500000E+01 -0.25000000E+00  0.00000000E+00  0.00000000E+00  0.10095176E+04  0.19215148E+05  0.12500000E+03  0.63514970E-02  0.69999999E+00  0.99999268E+03
  0.17500000E+01 -0.25000000E+00  0.00000000E+00  0.00000000E+00  0.10159269E+04  0.32781793E+05  0.12500000E+03  0.97014960E-02  0.69999999E+00  0.99998871E+03
  0.22500000E+01 -0.25000000E+00  0.00000000E+00  0.00000000E+00  0.10015471E+04  0.30495312E+04  0.12500000E+03  0.93315188E-02  0.69999999E+00  0.99998932E+03
  0.27500000E+01 -0.25000000E+00  0.00000000E+00  0.00000000E+00  0.10063674E+04  0.12734120E+05  0.12500000E+03  0.34255648E-02  0.69999999E+00  0.99999603E+03
  0.32500000E+01 -0.25000000E+00  0.00000000E+00  0.00000000E+00  0.10018733E+04  0.36960449E+04  0.12500000E+03  0.25100345E-02  0.69999999E+00  0.99999713E+03
  0.37500000E+01 -0.25000000E+00  0.00000000E+00  0.00000000E+00  0.10000070E+04  0.13565822E+02  0.12500000E+03 -0.15635355E-03  0.69999999E+00  0.10000002E+04
  0.42500000E+01 -0.25000000E+00  0.00000000E+00  0.00000000E+00  0.10000000E+04  0.00000000E+00  0.12500000E+03 -0.39773570E-37  0.69999999E+00  0.10000000E+04
  0.47500000E+01 -0.25000000E+00  0.00000000E+00  0.00000000E+00  0.10000000E+04  0.00000000E+00  0.12500000E+03 -0.14321270E-40  0.69999999E+00  0.10000000E+04
  0.52500000E+01 -0.25000000E+00  0.00000000E+00  0.00000000E+00  0.10000000E+04  0.00000000E+00  0.12500000E+03  0.00000000E+00  0.69999999E+00  0.10000000E+04
  0.57500000E+01 -0.25000000E+00  0.00000000E+00  0.00000000E+00  0.10000000E+04  0.00000000E+00  0.12500000E+03  0.00000000E+00  0.69999999E+00  0.10000000E+04
  0.62500000E+01 -0.25000000E+00  0.00000000E+00  0.00000000E+00  0.10000000E+04  0.00000000E+00  0.12500000E+03  0.00000000E+00  0.69999999E+00  0.10000000E+04
  0.67500000E+01 -0.25000000E+00  0.00000000E+00  0.00000000E+00  0.10000000E+04  0.00000000E+00  0.12500000E+03  0.00000000E+00  0.69999999E+00  0.10000000E+04
  0.72500000E+01 -0.25000000E+00  0.00000000E+00  0.00000000E+00  0.10000000E+04  0.00000000E+00  0.12500000E+03  0.00000000E+00  0.69999999E+00  0.10000000E+04
  0.77500000E+01 -0.25000000E+00  0.00000000E+00  0.00000000E+00  0.10000000E+04  0.00000000E+00  0.12500000E+03  0.00000000E+00  0.69999999E+00  0.10000000E+04
  0.40000000E+01  0.50000000E+00  0.00000000E+00  0.00000000E+00  0.10005675E+04  0.11154415E+04  0.12500000E+03 -0.27027872E-03  0.69999999E+00  0.10000003E+04
  0.37500000E+01  0.25000000E+00  0.00000000E+00  0.00000000E+00  0.10041936E+04  0.83319707E+04  0.12500000E+03 -0.12085361E-02  0.69999999E+00  0.10000014E+04
  0.40000000E+01  0.10000000E+01  0.00000000E+00  0.00000000E+00  0.10021051E+04  0.41564150E+04  0.12500000E+03 -0.97811644E-04  0.69999999E+00  0.10000001E+04
  0.37500000E+01  0.75000000E+00  0.00000000E+00  0.00000000E+00  0.10365767E+04  0.80135922E+05  0.12500000E+03  0.80331427E-03  0.69999999E+00  0.99999902E+03
  0.40000000E+01  0.15000000E+01  0.00000000E+00  0.00000000E+00  0.10009490E+04  0.18672970E+04  0.12500000E+03  0.27712260E-03  0.69999999E+00  0.99999969E+03
  0.37500000E+01  0.12500000E+01  0.00000000E+00  0.00000000E+00  0.10204559E+04  0.42683270E+05  0.12500000E+03  0.61687460E-03  0.69999999E+00  0.99999927E+03
  0.40000000E+01  0.20000000E+01  0.00000000E+00  0.00000000E+00  0.10054401E+04  0.10849291E+05  0.12500000E+03  0.25175349E-03  0.69999999E+00  0.99999969E+03
  0.37500000E+01  0.17500000E+01  0.00000000E+00  0.00000000E+00  0.10532378E+04  0.12269662E+06  0.12500000E+03  0.13688968E-02  0.69999999E+00  0.99999835E+03
  0.45000000E+01  0.50000000E+00  0.00000000E+00  0.00000000E+00  0.10000000E+04  0.00000000E+00  0.12500000E+03  0.42711577E-40  0.69999999E+00  0.10000000E+04
  0.42500000E+01  0.25000000E+00  0.00000000E+00  0.00000000E+00  0.10000018E+04  0.35083482E+01  0.12500000E+03 -0.74084828E-05  0.69999999E+00  0.10000000E+04
  0.45000000E+01  0.10000000E+01  0.00000000E+00  0.00000000E+00  0.10000000E+04  0.00000000E+00  0.12500000E+03  0.00000000E+00  0.69999999E+00  0.10000000E+04
  0.42500000E+01  0.75000000E+00  0.00000000E+00  0.00000000E+00  0.10000944E+04  0.18529227E+03  0.12500000E+03 -0.10442676E-04  0.69999999E+00  0.10000000E+04
  0.45000000E+01  0.15000000E+01  0.00000000E+00  0.00000000E+00  0.10000000E+04  0.00000000E+00  0.12500000E+03 -0.00000000E+00  0.69999999E+00  0.10000000E+04
  0.42500000E+01  0.12500000E+01  0.00000000E+00  0.00000000E+00  0.10000066E+04  0.12864128E+02  0.12500000E+03  0.34267537E-05  0.69999999E+00  0.10000000E+04
  0.45000000E+01  0.20000000E+01  0.00000000E+00  0.00000000E+00  0.10000000E+04  0.00000000E+00  0.12500000E+03  0.00000000E+00  0.69999999E+00  0.10000000E+04
  0.42500000E+01  0.17500000E+01  0.00000000E+00  0.00000000E+00  0.10000031E+04  0.60811610E+01  0.12500000E+03  0.18576793E-05  0.69999999E+00  0.10000000E+04
  0.50000000E+01  0.50000000E+00  0.00000000E+00  0.00000000E+00  0.10000000E+04  0.00000000E+00  0.12500000E+03  0.00000000E+00  0.69999999E+00  0.10000000E+04
  0.47500000E+01  0.25000000E+00  0.00000000E+00  0.00000000E+00  0.10000000E+04  0.00000000E+00  0.12500000E+03  0.14127891E-40  0.69999999E+00  0.10000000E+04
  0.50000000E+01  0.10000000E+01  0.00000000E+00  0.00000000E+00  0.10000000E+04  0.00000000E+00  0.12500000E+03  0.00000000E+00  0.69999999E+00  0.10000000E+04
  0.47500000E+01  0.75000000E+00  0.00000000E+00  0.00000000E+00  0.10000000E+04  0.00000000E+00  0.12500000E+03  0.00000000E+00  0.69999999E+00  0.10000000E+04
  0.50000000E+01  0.15000000E+01  0.00000000E+00  0.00000000E+00  0.10000000E+04  0.00000000E+00  0.12500000E+03  0.00000000E+00  0.69999999E+00  0.10000000E+04
  0.47500000E+01  0.12500000E+01  0.00000000E+00  0.00000000E+00  0.10000000E+04  0.00000000E+00  0.12500000E+03  0.00000000E+00  0.69999999E+00  0.10000000E+04
  0.50000000E+01  0.20000000E+01  0.00000000E+00  0.00000000E+00  0.10000000E+04  0.00000000E+00  0.12500000E+03  0.00000000E+00  0.69999999E+00  0.10000000E+04
  0.47500000E+01  0.17500000E+01  0.00000000E+00  0.00000000E+00  0.10000000E+04  0.00000000E+00  0.12500000E+03 -0.00000000E+00  0.69999999E+00  0.10000000E+04
  0.27236555E+01  0.92037845E+00 -0.47317708E+00 -0.77060264E+00  0.10017988E+04  0.35482468E+04  0.12576698E+03  0.12576674E+03  0.10000000E+01  0.00000000E+00
  0.14806193E+01  0.96248031E+00  0.57696778E-01  0.18654779E+00  0.10032218E+04  0.63824980E+04  0.12561582E+03  0.12561256E+03  0.10000000E+01  0.00000000E+00
  0.16012707E+01  0.12237896E+01  0.93738484E+00 -0.77079141E+00  0.10016491E+04  0.32516672E+04  0.12546356E+03  0.12546333E+03  0.10000000E+01  0.00000000E+00
  0.22310958E+01  0.18444387E+01  0.96973494E-01  0.17602952E+01  0.99978326E+03 -0.42493317E+03  0.12531018E+03  0.12531027E+03  0.10000000E+01  0.00000000E+00
  0.26042523E+01  0.19414700E+01  0.77895784E+00  0.99062705E+00  0.10008727E+04  0.17167883E+04  0.12515567E+03  0.12515567E+03  0.10000000E+01  0.00000000E+00
  0.28711524E+01  0.15820677E+01  0.18488982E+00  0.10532475E+00  0.10009749E+04  0.19183445E+04  0.12500000E+03  0.12500000E+03  0.10000000E+01  0.00000000E+00
  0.26845293E+01  0.98335373E+00  0.50807333E+00  0.15330359E+00  0.10010290E+04  0.20251699E+04  0.12576698E+03  0.12575494E+03  0.10000000E+01  0.00000000E+00
  0.10958961E+01  0.93217301E+00  0.10307211E+00  0.26192182E+00  0.10043801E+04  0.87075225E+04  0.12561582E+03  0.12560624E+03  0.10000000E+01  0.00000000E+00
  0.10029535E+01  0.11327484E+01 -0.39530286E+00  0.33165967E+00  0.10015143E+04  0.29846189E+04  0.12546356E+03  0.12546037E+03  0.10000000E+01  0.00000000E+00
  0.24947932E+01  0.14799577E+01 -0.63406177E-01 -0.92474423E-01  0.99826965E+03 -0.33773213E+04  0.12531018E+03  0.12531038E+03  0.10000000E+01  0.00000000E+00
  0.10896968E+01  0.84525299E+00  0.51485777E+00 -0.83536766E-01  0.10050123E+04  0.99831963E+04  0.12515567E+03  0.12515567E+03  0.10000000E+01  0.00000000E+00
  0.66745985E+00  0.76057565E+00  0.74374080E+00 -0.42952621E+00  0.10215311E+04  0.45072766E+05  0.12500000E+03  0.12500000E+03  0.10000000E+01  0.00000000E+00
  0.20029924E+01  0.10816704E+01 -0.43361545E+00  0.51112580E+00  0.10032435E+04  0.64261367E+04  0.12576698E+03  0.12575644E+03  0.10000000E+01  0.00000000E+00
  0.26133931E+01  0.96547151E+00  0.15642314E+01 -0.16250633E+00  0.10003478E+04  0.68296527E+03  0.12561582E+03  0.12561089E+03  0.10000000E+01  0.00000000E+00
  0.28775849E+01  0.97841918E+00  0.38953203E+00  0.12042153E+01  0.10048292E+04  0.96132051E+04  0.12546356E+03  0.12546005E+03  0.10000000E+01  0.00000000E+00
  0.22391312E+01  0.14203559E+01  0.72591746E+00  0.89689326E+00  0.99935400E+03 -0.12649889E+04  0.12531018E+03  0.12531018E+03  0.10000000E+01  0.00000000E+00
  0.28607707E+01  0.75357699E+00 -0.33410013E+00 -0.42825186E+00  0.10069155E+04  0.13852869E+05  0.12515567E+03  0.12515553E+03  0.10000000E+01  0.00000000E+00
  0.18192146E+01  0.14358616E+01  0.10199096E+01  0.14275348E+00  0.10014761E+04  0.29091006E+04  0.12500000E+03  0.12499989E+03  0.10000000E+01  0.00000000E+00
  0.83666277E+00  0.98623323E+00 -0.46682990E+00  0.72295600E+00  0.10072998E+04  0.14639660E+05  0.12576698E+03  0.12576566E+03  0.10000000E+01  0.00000000E+00
  0.25090861E+01  0.10065609E+01  0.74611163E+00  0.47835179E-01  0.10003325E+04  0.65296637E+03  0.12561582E+03  0.12561221E+03  0.10000000E+01  0.00000000E+00
  0.26464267E+01  0.17276525E+01 -0.13043010E+01  0.20557809E+01  0.99875720E+03 -0.24293333E+04  0.12546356E+03  0.12546202E+03  0.10000000E+01  0.00000000E+00
  0.20129869E+01  0.10013270E+01  0.25319892E+00  0.70445806E-01  0.10037624E+04  0.74656021E+04  0.12531018E+03  0.12530890E+03  0.10000000E+01  0.00000000E+00
  0.96642351E+00  0.14548967E+01 -0.17027597E+00  0.39081925E+00  0.10009730E+04  0.19145803E+04  0.12515567E+03  0.12515567E+03  0.10000000E+01  0.00000000E+00
  0.16371205E+01  0.84780419E+00  0.11236653E+01  0.32142955E+00  0.10070328E+04  0.14093060E+05  0.12500000E+03  0.12500012E+03  0.10000000E+01  0.00000000E+00
  0.12108223E+01  0.13633838E+01 -0.11422001E+01  0.42672716E-01  0.99839038E+03 -0.31428721E+04  0.12561582E+03  0.12561399E+03  0.10000000E+01  0.00000000E+00
  0.25100555E+01  0.21524725E+01 -0.87010717E+00  0.11494912E+01  0.10013551E+04  0.26694441E+04  0.12531018E+03  0.12531004E+03  0.10000000E+01  0.00000000E+00
  0.30034387E+01  0.20613041E+01  0.81945145E+00 -0.28185707E+00  0.10037612E+04  0.74632100E+04  0.12500000E+03  0.12500000E+03  0.10000000E+01  0.00000000E+00
