  0.00000000E+00  0.00000000E+00  0.00000000E+00  0.00000000E+00  0.10020214E+04  0.39899453E+04  0.12500000E+03  0.20950057E-02  0.69999999E+00  0.99999762E+03
  0.00000000E+00  0.50000000E+00  0.00000000E+00  0.00000000E+00  0.10357937E+04  0.78234555E+05  0.12500000E+03  0.20212606E-02  0.69999999E+00  0.99999762E+03
  0.00000000E+00  0.10000000E+01  0.00000000E+00  0.00000000E+00  0.10316260E+04  0.68257695E+05  0.12500000E+03  0.28665497E-02  0.69999999E+00  0.99999664E+03
  0.00000000E+00  0.15000000E+01  0.00000000E+00  0.00000000E+00  0.10098220E+04  0.19848006E+05  0.12500000E+03  0.98892790E-03  0.69999999E+00  0.99999884E+03
  0.00000000E+00  0.20000000E+01  0.00000000E+00  0.00000000E+00  0.10272310E+04  0.57995375E+05  0.12500000E+03 -0.10736799E-02  0.69999999E+00  0.10000013E+04
  0.00000000E+00  0.25000000E+01  0.00000000E+00  0.00000000E+00  0.10036434E+04  0.72269468E+04  0.12500000E+03  0.31074334E-03  0.69999999E+00  0.99999963E+03
  0.00000000E+00  0.30000000E+01  0.00000000E+00  0.00000000E+00  0.10000000E+04  0.00000000E+00  0.12500000E+03  0.60528782E-05  0.69999999E+00  0.10000000E+04
  0.00000000E+00  0.35000000E+01  0.00000000E+00  0.00000000E+00  0.10000000E+04  0.00000000E+00  0.12500000E+03  0.00000000E+00  0.69999999E+00  0.10000000E+04
  0.00000000E+00  0.40000000E+01  0.00000000E+00  0.00000000E+00  0.10000000E+04  0.00000000E+00  0.12500000E+03  0.00000000E+00  0.69999999E+00  0.10000000E+04
 -0.25000000E+00 -0.25000000E+00  0.00000000E+00  0.00000000E+00  0.10006414E+04  0.12607445E+04  0.12500000E+03  0.52005530E-03  0.69999999E+00  0.99999939E+03
 -0.25000000E+00  0.25000000E+00  0.00000000E+00  0.00000000E+00  0.10019608E+04  0.38699399E+04  0.12500000E+03  0.86537452E-03  0.69999999E+00  0.99999902E+03
 -0.25000000E+00  0.75000000E+00  0.00000000E+00  0.00000000E+00  0.10142705E+04  0.29226402E+05  0.12500000E+03  0.17885209E-03  0.69999999E+00  0.99999982E+03
 -0.25000000E+00  0.12500000E+01  0.00000000E+00  0.00000000E+00  0.10037250E+04  0.73904961E+04  0.12500000E+03  0.92275679E-03  0.69999999E+00  0.99999896E+03
 -0.25000000E+00  0.17500000E+01  0.00000000E+00  0.00000000E+00  0.10014054E+04  0.27689653E+04  0.12500000E+03 -0.28906821E-03  0.69999999E+00  0.10000003E+04
 -0.25000000E+00  0.22500000E+01  0.00000000E+00  0.00000000E+00  0.10012673E+04  0.24959434E+04  0.12500000E+03 -0.14342973E-03  0.69999999E+00  0.10000002E+04
 -0.25000000E+00  0.27500000E+01  0.00000000E+00  0.00000000E+00  0.10000000E+04  0.00000000E+00  0.12500000E+03  0.00000000E+00  0.69999999E+00  0.10000000E+04
 -0.25000000E+00  0.32500000E+01  0.00000000E+00  0.00000000E+00  0.10000000E+04  0.00000000E+00  0.12500000E+03  0.00000000E+00  0.69999999E+00  0.10000000E+04
 -0.25000000E+00  0.37500000E+01  0.00000000E+00  0.00000000E+00  0.10000000E+04  0.00000000E+00  0.12500000E+03  0.00000000E+00  0.69999999E+00  0.10000000E+04
  0.80000000E+01  0.00000000E+00  0.00000000E+00  0.00000000E+00  0.10000000E+04  0.00000000E+00  0.12500000E+03  0.00000000E+00  0.69999999E+00  0.10000000E+04
  0.80000000E+01  0.50000000E+00  0.00000000E+00  0.00000000E+00  0.10000000E+04  0.00000000E+00  0.12500000E+03  0.00000000E+00  0.69999999E+00  0.10000000E+04
  0.80000000E+01  0.10000000E+01  0.00000000E+00  0.00000000E+00  0.10000000E+04  0.00000000E+00  0.12500000E+03  0.00000000E+00  0.69999999E+00  0.10000000E+04
  0.80000000E+01  0.15000000E+01  0.00000000E+00  0.00000000E+00  0.10000000E+04  0.00000000E+00  0.12500000E+03  0.00000000E+00  0.69999999E+00  0.10000000E+04
  0.80000000E+01  0.20000000E+01  0.00000000E+00  0.00000000E+00  0.10000000E+04  0.00000000E+00  0.12500000E+03  0.00000000E+00  0.69999999E+00  0.10000000E+04
  0.80000000E+01  0.25000000E+01  0.00000000E+00  0.00000000E+00  0.10000000E+04  0.00000000E+00  0.12500000E+03  0.00000000E+00  0.69999999E+00  0.10000000E+04
  0.80000000E+01  0.30000000E+01  0.00000000E+00  0.00000000E+00  0.10000000E+04  0.00000000E+00  0.12500000E+03  0.00000000E+00  0.69999999E+00  0.10000000E+04
  0.80000000E+01  0.35000000E+01  0.00000000E+00  0.00000000E+00  0.10000000E+04  0.00000000E+00  0.12500000E+03  0.00000000E+00  0.69999999E+00  0.10000000E+04
  0.80000000E+01  0.40000000E+01  0.00000000E+00  0.00000000E+00  0.10000000E+04  0.00000000E+00  0.12500000E+03  0.00000000E+00  0.69999999E+00  0.10000000E+04
  0.82500000E+01 -0.25000000E+00  0.00000000E+00  0.00000000E+00  0.10000000E+04  0.00000000E+00  0.12500000E+03  0.00000000E+00  0.69999999E+00  0.10000000E+04
  0.82500000E+01  0.25000000E+00  0.00000000E+00  0.00000000E+00  0.10000000E+04  0.00000000E+00  0.12500000E+03  0.00000000E+00  0.69999999E+00  0.10000000E+04
  0.82500000E+01  0.75000000E+00  0.00000000E+00  0.00000000E+00  0.10000000E+04  0.00000000E+00  0.12500000E+03  0.00000000E+00  0.69999999E+00  0.10000000E+04
  0.82500000E+01  0.12500000E+01  0.00000000E+00  0.00000000E+00  0.10000000E+04  0.00000000E+00  0.12500000E+03  0.00000000E+00  0.69999999E+00  0.10000000E+04
  0.82500000E+01  0.17500000E+01  0.00000000E+00  0.00000000E+00  0.10000000E+04  0.00000000E+00  0.12500000E+03  0.00000000E+00  0.69999999E+00  0.10000000E+04
  0.82500000E+01  0.22500000E+01  0.00000000E+00  0.00000000E+00  0.10000000E+04  0.00000000E+00  0.12500000E+03  0.00000000E+00  0.69999999E+00  0.10000000E+04
  0.82500000E+01  0.27500000E+01  0.00000000E+00  0.00000000E+00  0.10000000E+04  0.00000000E+00  0.12500000E+03  0.00000000E+00  0.69999999E+00  0.10000000E+04
  0.82500000E+01  0.32500000E+01  0.00000000E+00  0.00000000E+00  0.10000000E+04  0.00000000E+00  0.12500000E+03  0.00000000E+00  0.69999999E+00  0.10000000E+04
  0.82500000E+01  0.37500000E+01  0.00000000E+00  0.00000000E+00  0.10000000E+04  0.00000000E+00  0.12500000E+03  0.00000000E+00  0.69999999E+00  0.10000000E+04
  0.50000000E+00  0.00000000E+00  0.00000000E+00  0.00000000E+00  0.10414542E+04  0.92176469E+05  0.12500000E+03  0.10222474E-01  0.69999999E+00  0.99998785E+03
  0.10000000E+01  0.00000000E+00  0.00000000E+00  0.00000000E+00  0.10724937E+04  0.17718589E+06  0.12500000E+03  0.50563435E-02  0.69999999E+00  0.99999377E+03
  0.15000000E+01  0.00000000E+00  0.00000000E+00  0.00000000E+00  0.10326245E+04  0.70626016E+05  0.12500000E+03  0.18291503E-01  0.69999999E+00  0.99997839E+03
  0.20000000E+01  0.00000000E+00  0.00000000E+00  0.00000000E+00  0.11403669E+04  0.42264612E+06  0.12500000E+03  0.20675456E-01  0.69999999E+00  0.99997308E+03
  0.25000000E+01  0.00000000E+00  0.00000000E+00  0.00000000E+00  0.10225334E+04  0.47314016E+05  0.12500000E+03  0.40380270E-02  0.69999999E+00  0.99999530E+03
  0.30000000E+01  0.00000000E+00  0.00000000E+00  0.00000000E+00  0.10355911E+04  0.77743820E+05  0.12500000E+03  0.58146929E-02  0.69999999E+00  0.99999310E+03
  0.35000000E+01  0.00000000E+00  0.00000000E+00  0.00000000E+00  0.10055432E+04  0.11058363E+05  0.12500000E+03  0.22202188E-02  0.69999999E+00  0.99999744E+03
  0.40000000E+01  0.00000000E+00  0.00000000E+00  0.00000000E+00  0.10000137E+04  0.26898298E+02  0.12500000E+03 -0.68247195E-04  0.69999999E+00  0.10000001E+04
  0.45000000E+01  0.00000000E+00  0.00000000E+00  0.00000000E+00  0.10000000E+04  0.00000000E+00  0.12500000E+03  0.37358617E-41  0.69999999E+00  0.10000000E+04
  0.50000000E+01  0.00000000E+00  0.00000000E+00  0.00000000E+00  0.10000000E+04  0.00000000E+00  0.12500000E+03 -0.00000000E+00  0.69999999E+00  0.10000000E+04
  0.55000000E+01  0.00000000E+00  0.00000000E+00  0.00000000E+00  0.10000000E+04  0.00000000E+00  0.12500000E+03  0.00000000E+00  0.69999999E+00  0.10000000E+04
  0.60000000E+01  0.00000000E+00  0.00000000E+00  0.00000000E+00  0.10000000E+04  0.00000000E+00  0.12500000E+03  0.00000000E+00  0.69999999E+00  0.10000000E+04
  0.65000000E+01  0.00000000E+00  0.00000000E+00  0.00000000E+00  0.10000000E+04  0.00000000E+00  0.12500000E+03  0.00000000E+00  0.69999999E+00  0.10000000E+04
  0.70000000E+01  0.00000000E+00  0.00000000E+00  0.00000000E+00  0.10000000E+04  0.00000000E+00  0.12500000E+03  0.00000000E+00  0.69999999E+00  0.10000000E+04
  0.75000000E+01  0.00000000E+00  0.00000000E+00  0.00000000E+00  0.10000000E+04  0.00000000E+00  0.12500000E+03  0.00000000E+00  0.69999999E+00  0.10000000E+04
  0.25000000E+00 -0.25000000E+00  0.00000000E+00  0.00000000E+00  0.10054921E+04  0.10954657E+05  0.12500000E+03  0.29543997E-02  0.69999999E+00  0.99999658E+03
  0.75000000E+00 -0.25000000E+00  0.00000000E+00  0.00000000E+00  0.10250034E+04  0.52893734E+05  0.12500000E+03  0.75363037E-02  0.69999999E+00  0.99999115E+03
  0.12500000E+01 -0.25000000E+00  0.00000000E+00  0.00000000E+00  0.10136830E+04  0.27973445E+05  0.12500000E+03  0.60205953E-02  0.69999999E+00  0.99999304E+03
  0.17500000E+01 -0.25000000E+00  0.00000000E+00  0.00000000E+00  0.10161857E+04  0.33340488E+05  0.12500000E+03  0.93410127E-02  0.69999999E+00  0.99998914E+03
  0.22500000E+01 -0.25000000E+00  0.00000000E+00  0.00000000E+00  0.10016281E+04  0.32098604E+04  0.12500000E+03  0.86618811E-02  0.69999999E+00  0.99999011E+03
  0.27500000E+01 -0.25000000E+00  0.00000000E+00  0.00000000E+00  0.10062319E+04  0.12457978E+05  0.12500000E+03  0.27545940E-02  0.69999999E+00  0.99999683E+03
  0.32500000E+01 -0.25000000E+00  0.00000000E+00  0.00000000E+00  0.10010608E+04  0.20880107E+04  0.12500000E+03  0.21892721E-02  0.69999999E+00  0.99999750E+03
  0.37500000E+01 -0.25000000E+00  0.00000000E+00  0.00000000E+00  0.10000070E+04  0.13565822E+02  0.12500000E+03 -0.15635355E-03  0.69999999E+00  0.10000002E+04
  0.42500000E+01 -0.25000000E+00  0.00000000E+00  0.00000000E+00  0.10000000E+04  0.00000000E+00  0.12500000E+03 -0.10675038E-37  0.69999999E+00  0.10000000E+04
  0.47500000E+01 -0.25000000E+00  0.00000000E+00  0.00000000E+00  0.10000000E+04  0.00000000E+00  0.12500000E+03 -0.35508903E-41  0.69999999E+00  0.10000000E+04
  0.52500000E+01 -0.25000000E+00  0.00000000E+00  0.00000000E+00  0.10000000E+04  0.00000000E+00  0.12500000E+03  0.00000000E+00  0.69999999E+00  0.10000000E+04
  0.57500000E+01 -0.25000000E+00  0.00000000E+00  0.00000000E+00  0.10000000E+04  0.00000000E+00  0.12500000E+03  0.00000000E+00  0.69999999E+00  0.10000000E+04
  0.62500000E+01 -0.25000000E+00  0.00000000E+00  0.00000000E+00  0.10000000E+04  0.00000000E+00  0.12500000E+03  0.00000000E+00  0.69999999E+00  0.10000000E+04
  0.67500000E+01 -0.25000000E+00  0.00000000E+00  0.00000000E+00  0.10000000E+04  0.00000000E+00  0.12500000E+03  0.00000000E+00  0.69999999E+00  0.10000000E+04
  0.72500000E+01 -0.25000000E+00  0.00000000E+00  0.00000000E+00  0.10000000E+04  0.00000000E+00  0.12500000E+03  0.00000000E+00  0.69999999E+00  0.10000000E+04
  0.77500000E+01 -0.25000000E+00  0.00000000E+00  0.00000000E+00  0.10000000E+04  0.00000000E+00  0.12500000E+03  0.00000000E+00  0.69999999E+00  0.10000000E+04
  0.40000000E+01  0.50000000E+00  0.00000000E+00  0.00000000E+00  0.10010774E+04  0.21207302E+04  0.12500000E+03 -0.21990317E-03  0.69999999E+00  0.10000002E+04
  0.37500000E+01  0.25000000E+00  0.00000000E+00  0.00000000E+00  0.10043811E+04  0.87094434E+04  0.12500000E+03 -0.98132878E-03  0.69999999E+00  0.10000011E+04
  0.40000000E+01  0.10000000E+01  0.00000000E+00  0.00000000E+00  0.10041896E+04  0.83240566E+04  0.12500000E+03 -0.82892875E-04  0.69999999E+00  0.10000001E+04
  0.37500000E+01  0.75000000E+00  0.00000000E+00  0.00000000E+00  0.10495505E+04  0.11292418E+06  0.12500000E+03  0.76360209E-03  0.69999999E+00  0.99999908E+03
  0.40000000E+01  0.15000000E+01  0.00000000E+00  0.00000000E+00  0.10002881E+04  0.56579767E+03  0.12500000E+03  0.23615701E-03  0.69999999E+00  0.99999976E+03
  0.37500000E+01  0.12500000E+01  0.00000000E+00  0.00000000E+00  0.10332474E+04  0.72110648E+05  0.12500000E+03  0.52077690E-03  0.69999999E+00  0.99999939E+03
  0.40000000E+01  0.20000000E+01  0.00000000E+00  0.00000000E+00  0.10001646E+04  0.32292566E+03  0.12500000E+03  0.21769428E-03  0.69999999E+00  0.99999976E+03
  0.37500000E+01  0.17500000E+01  0.00000000E+00  0.00000000E+00  0.10218982E+04  0.45891977E+05  0.12500000E+03  0.11749484E-02  0.69999999E+00  0.99999866E+03
  0.45000000E+01  0.50000000E+00  0.00000000E+00  0.00000000E+00  0.10000000E+04  0.00000000E+00  0.12500000E+03  0.10997390E-40  0.69999999E+00  0.10000000E+04
  0.42500000E+01  0.25000000E+00  0.00000000E+00  0.00000000E+00  0.10000018E+04  0.35083482E+01  0.12500000E+03 -0.74084828E-05  0.69999999E+00  0.10000000E+04
  0.45000000E+01  0.10000000E+01  0.00000000E+00  0.00000000E+00  0.10000000E+04  0.00000000E+00  0.12500000E+03 -0.00000000E+00  0.69999999E+00  0.10000000E+04
  0.42500000E+01  0.75000000E+00  0.00000000E+00  0.00000000E+00  0.10000944E+04  0.18529227E+03  0.12500000E+03 -0.75637886E-05  0.69999999E+00  0.10000000E+04
  0.45000000E+01  0.15000000E+01  0.00000000E+00  0.00000000E+00  0.10000000E+04  0.00000000E+00  0.12500000E+03  0.00000000E+00  0.69999999E+00  0.10000000E+04
  0.42500000E+01  0.12500000E+01  0.00000000E+00  0.00000000E+00  0.10000066E+04  0.12864128E+02  0.12500000E+03  0.34267537E-05  0.69999999E+00  0.10000000E+04
  0.45000000E+01  0.20000000E+01  0.00000000E+00  0.00000000E+00  0.10000000E+04  0.00000000E+00  0.12500000E+03  0.00000000E+00  0.69999999E+00  0.10000000E+04
  0.42500000E+01  0.17500000E+01  0.00000000E+00  0.00000000E+00  0.10000031E+04  0.60811610E+01  0.12500000E+03  0.28991612E-05  0.69999999E+00  0.10000000E+04
  0.50000000E+01  0.50000000E+00  0.00000000E+00  0.00000000E+00  0.10000000E+04  0.00000000E+00  0.12500000E+03  0.00000000E+00  0.69999999E+00  0.10000000E+04
  0.47500000E+01  0.25000000E+00  0.00000000E+00  0.00000000E+00  0.10000000E+04  0.00000000E+00  0.12500000E+03  0.35032462E-41  0.69999999E+00  0.10000000E+04
  0.50000000E+01  0.10000000E+01  0.00000000E+00  0.00000000E+00  0.10000000E+04  0.00000000E+00  0.12500000E+03  0.00000000E+00  0.69999999E+00  0.10000000E+04
  0.47500000E+01  0.75000000E+00  0.00000000E+00  0.00000000E+00  0.10000000E+04  0.00000000E+00  0.12500000E+03  0.00000000E+00  0.69999999E+00  0.10000000E+04
  0.50000000E+01  0.15000000E+01  0.00000000E+00  0.00000000E+00  0.10000000E+04  0.00000000E+00  0.12500000E+03 -0.00000000E+00  0.69999999E+00  0.10000000E+04
  0.47500000E+01  0.12500000E+01  0.00000000E+00  0.00000000E+00  0.10000000E+04  0.00000000E+00  0.12500000E+03 -0.00000000E+00  0.69999999E+00  0.10000000E+04
  0.50000000E+01  0.20000000E+01  0.00000000E+00  0.00000000E+00  0.10000000E+04  0.00000000E+00  0.12500000E+03  0.00000000E+00  0.69999999E+00  0.10000000E+04
  0.47500000E+01  0.17500000E+01  0.00000000E+00  0.00000000E+00  0.10000000E+04  0.00000000E+00  0.12500000E+03  0.00000000E+00  0.69999999E+00  0.10000000E+04
  0.27023709E+01  0.97829568E+00  0.49534929E+00 -0.17236866E+00  0.10011288E+04  0.22222053E+04  0.12576698E+03  0.12576674E+03  0.10000000E+01  0.00000000E+00
  0.12792064E+01  0.10776953E+01  0.61176550E+00 -0.20245148E+00  0.10068496E+04  0.13718339E+05  0.12561582E+03  0.12561256E+03  0.10000000E+01  0.00000000E+00
  0.11093261E+01  0.15789386E+01  0.15353167E+01  0.10163339E+01  0.10014982E+04  0.29527576E+04  0.12546356E+03  0.12546333E+03  0.10000000E+01  0.00000000E+00
  0.15713230E+01  0.17200190E+01  0.20722139E+01 -0.13133696E+01  0.10045082E+04  0.89654922E+04  0.12531018E+03  0.12531027E+03  0.10000000E+01  0.00000000E+00
  0.22193270E+01  0.15197262E+01  0.97385967E+00  0.90855855E+00  0.99574756E+03 -0.82375889E+04  0.12515567E+03  0.12515567E+03  0.10000000E+01  0.00000000E+00
  0.26783428E+01  0.15231056E+01  0.22234342E+01 -0.34984344E+00  0.99589728E+03 -0.79511113E+04  0.12500000E+03  0.12500000E+03  0.10000000E+01  0.00000000E+00
  0.25992928E+01  0.95956051E+00 -0.33678418E+00 -0.62836969E+00  0.10020089E+04  0.39650886E+04  0.12576698E+03  0.12575494E+03  0.10000000E+01  0.00000000E+00
  0.11020225E+01  0.10246344E+01  0.27463266E+00  0.91235131E-01  0.10078710E+04  0.15812442E+05  0.12561582E+03  0.12560624E+03  0.10000000E+01  0.00000000E+00
  0.10253077E+01  0.14929101E+01 -0.21611825E+00 -0.12417004E+01  0.10031713E+04  0.62814121E+04  0.12546356E+03  0.12546037E+03  0.10000000E+01  0.00000000E+00
  0.23961003E+01  0.13171359E+01  0.19215116E+00  0.15423506E+00  0.99718433E+03 -0.54778867E+04  0.12531018E+03  0.12531038E+03  0.10000000E+01  0.00000000E+00
  0.97554827E+00  0.97338271E+00  0.57653183E+00 -0.81791639E+00  0.10060515E+04  0.12090619E+05  0.12515567E+03  0.12515567E+03  0.10000000E+01  0.00000000E+00
  0.66063035E+00  0.85342693E+00  0.18071236E+00  0.13101408E+01  0.10165841E+04  0.34202465E+05  0.12500000E+03  0.12500000E+03  0.10000000E+01  0.00000000E+00
  0.18786919E+01  0.10740236E+01  0.42054880E+00 -0.12636864E+01  0.10055093E+04  0.10989464E+05  0.12576698E+03  0.12575644E+03  0.10000000E+01  0.00000000E+00
  0.22491286E+01  0.96398401E+00  0.15994437E+01 -0.10792992E+01  0.99691437E+03 -0.59982197E+04  0.12561582E+03  0.12561089E+03  0.10000000E+01  0.00000000E+00
  0.26926146E+01  0.78725016E+00  0.14502261E-01 -0.63937294E+00  0.10009702E+04  0.19089342E+04  0.12546356E+03  0.12546005E+03  0.10000000E+01  0.00000000E+00
  0.20501206E+01  0.10042490E+01 -0.92924750E+00  0.16745076E+01  0.99849054E+03 -0.29482368E+04  0.12531018E+03  0.12531018E+03  0.10000000E+01  0.00000000E+00
  0.28657026E+01  0.77295363E+00  0.11920550E+01  0.94979405E+00  0.10039615E+04  0.78655742E+04  0.12515567E+03  0.12515553E+03  0.10000000E+01  0.00000000E+00
  0.11902454E+01  0.18350835E+01  0.22577543E+01 -0.47414154E-02  0.10056490E+04  0.11272887E+05  0.12500000E+03  0.12499989E+03  0.10000000E+01  0.00000000E+00
  0.86571062E+00  0.10056852E+01 -0.19064113E+00  0.24072441E+00  0.10065853E+04  0.13178554E+05  0.12576698E+03  0.12576566E+03  0.10000000E+01  0.00000000E+00
  0.22373447E+01  0.94623387E+00  0.14827930E+01 -0.95202458E+00  0.99640509E+03 -0.69776484E+04  0.12561582E+03  0.12561221E+03  0.10000000E+01  0.00000000E+00
  0.28730283E+01  0.10869226E+01  0.13784276E+00  0.10507092E+01  0.10014219E+04  0.28017527E+04  0.12546356E+03  0.12546202E+03  0.10000000E+01  0.00000000E+00
  0.16385720E+01  0.10635905E+01  0.21293602E+01  0.46942991E+00  0.10099573E+04  0.20129617E+05  0.12531018E+03  0.12530890E+03  0.10000000E+01  0.00000000E+00
  0.89646173E+00  0.18278089E+01  0.59621346E+00 -0.91333961E+00  0.10142444E+04  0.29170641E+05  0.12515567E+03  0.12515567E+03  0.10000000E+01  0.00000000E+00
  0.12232807E+01  0.77275670E+00  0.63264614E+00  0.21757314E+00  0.10114013E+04  0.23149166E+05  0.12500000E+03  0.12500012E+03  0.10000000E+01  0.00000000E+00
  0.13690779E+01  0.17360198E+01  0.42866893E-01  0.37920582E+00  0.10045475E+04  0.90450361E+04  0.12561582E+03  0.12561399E+03  0.10000000E+01  0.00000000E+00
  0.27922201E+01  0.16048746E+01 -0.12678968E+01  0.16115274E+01  0.99698138E+03 -0.58691636E+04  0.12531018E+03  0.12531004E+03  0.10000000E+01  0.00000000E+00
  0.21542218E+01  0.17954798E+01  0.22756152E+01  0.45328119E+00  0.10032292E+04  0.63972822E+04  0.12500000E+03  0.12500000E+03  0.10000000E+01  0.00000000E+00
