  0.00000000E+00  0.00000000E+00  0.00000000E+00  0.00000000E+00  0.10036519E+04  0.72439199E+04  0.12500000E+03  0.20820934E-02  0.69999999E+00  0.99999762E+03
  0.00000000E+00  0.50000000E+00  0.00000000E+00  0.00000000E+00  0.10456301E+04  0.10275725E+06  0.12500000E+03  0.19807280E-02  0.69999999E+00  0.99999762E+03
  0.00000000E+00  0.10000000E+01  0.00000000E+00  0.00000000E+00  0.10319575E+04  0.69042500E+05  0.12500000E+03  0.28332614E-02  0.69999999E+00  0.99999664E+03
  0.00000000E+00  0.15000000E+01  0.00000000E+00  0.00000000E+00  0.10112780E+04  0.22890148E+05  0.12500000E+03  0.97374711E-03  0.69999999E+00  0.99999890E+03
  0.00000000E+00  0.20000000E+01  0.00000000E+00  0.00000000E+00  0.10366409E+04  0.80292344E+05  0.12500000E+03 -0.10571990E-02  0.69999999E+00  0.10000013E+04
  0.00000000E+00  0.25000000E+01  0.00000000E+00  0.00000000E+00  0.10054324E+04  0.10833586E+05  0.12500000E+03  0.29954885E-03  0.69999999E+00  0.99999963E+03
  0.00000000E+00  0.30000000E+01  0.00000000E+00  0.00000000E+00  0.10000000E+04  0.00000000E+00  0.12500000E+03  0.60528782E-05  0.69999999E+00  0.10000000E+04
  0.00000000E+00  0.35000000E+01  0.00000000E+00  0.00000000E+00  0.10000000E+04  0.00000000E+00  0.12500000E+03  0.00000000E+00  0.69999999E+00  0.10000000E+04
  0.00000000E+00  0.40000000E+01  0.00000000E+00  0.00000000E+00  0.10000000E+04  0.00000000E+00  0.12500000E+03  0.00000000E+00  0.69999999E+00  0.10000000E+04
 -0.25000000E+00 -0.25000000E+00  0.00000000E+00  0.00000000E+00  0.10006414E+04  0.12607445E+04  0.12500000E+03  0.52005530E-03  0.69999999E+00  0.99999939E+03
 -0.25000000E+00  0.25000000E+00  0.00000000E+00  0.00000000E+00  0.10028833E+04  0.57062334E+04  0.12500000E+03  0.85646281E-03  0.69999999E+00  0.99999902E+03
 -0.25000000E+00  0.75000000E+00  0.00000000E+00  0.00000000E+00  0.10153340E+04  0.31505232E+05  0.12500000E+03  0.17054394E-03  0.69999999E+00  0.99999982E+03
 -0.25000000E+00  0.12500000E+01  0.00000000E+00  0.00000000E+00  0.10024692E+04  0.48805693E+04  0.12500000E+03  0.91009476E-03  0.69999999E+00  0.99999896E+03
 -0.25000000E+00  0.17500000E+01  0.00000000E+00  0.00000000E+00  0.10019141E+04  0.37769480E+04  0.12500000E+03 -0.29413804E-03  0.69999999E+00  0.10000004E+04
 -0.25000000E+00  0.22500000E+01  0.00000000E+00  0.00000000E+00  0.10015164E+04  0.29886313E+04  0.12500000E+03 -0.13935781E-03  0.69999999E+00  0.10000002E+04
 -0.25000000E+00  0.27500000E+01  0.00000000E+00  0.00000000E+00  0.10000000E+04  0.00000000E+00  0.12500000E+03  0.00000000E+00  0.69999999E+00  0.10000000E+04
 -0.25000000E+00  0.32500000E+01  0.00000000E+00  0.00000000E+00  0.10000000E+04  0.00000000E+00  0.12500000E+03  0.00000000E+00  0.69999999E+00  0.10000000E+04
 -0.25000000E+00  0.37500000E+01  0.00000000E+00  0.00000000E+00  0.10000000E+04  0.00000000E+00  0.12500000E+03  0.00000000E+00  0.69999999E+00  0.10000000E+04
  0.80000000E+01  0.00000000E+00  0.00000000E+00  0.00000000E+00  0.10000000E+04  0.00000000E+00  0.12500000E+03  0.00000000E+00  0.69999999E+00  0.10000000E+04
  0.80000000E+01  0.50000000E+00  0.00000000E+00  0.00000000E+00  0.10000000E+04  0.00000000E+00  0.12500000E+03  0.00000000E+00  0.69999999E+00  0.10000000E+04
  0.80000000E+01  0.10000000E+01  0.00000000E+00  0.00000000E+00  0.10000000E+04  0.00000000E+00  0.12500000E+03  0.00000000E+00  0.69999999E+00  0.10000000E+04
  0.80000000E+01  0.15000000E+01  0.00000000E+00  0.00000000E+00  0.10000000E+04  0.00000000E+00  0.12500000E+03  0.00000000E+00  0.69999999E+00  0.10000000E+04
  0.80000000E+01  0.20000000E+01  0.00000000E+00  0.00000000E+00  0.10000000E+04  0.00000000E+00  0.12500000E+03  0.00000000E+00  0.69999999E+00  0.10000000E+04
  0.80000000E+01  0.25000000E+01  0.00000000E+00  0.00000000E+00  0.10000000E+04  0.00000000E+00  0.12500000E+03  0.00000000E+00  0.69999999E+00  0.10000000E+04
  0.80000000E+01  0.30000000E+01  0.00000000E+00  0.00000000E+00  0.10000000E+04  0.00000000E+00  0.12500000E+03  0.00000000E+00  0.69999999E+00  0.10000000E+04
  0.80000000E+01  0.35000000E+01  0.00000000E+00  0.00000000E+00  0.10000000E+04  0.00000000E+00  0.12500000E+03  0.00000000E+00  0.69999999E+00  0.10000000E+04
  0.80000000E+01  0.40000000E+01  0.00000000E+00  0.00000000E+00  0.10000000E+04  0.00000000E+00  0.12500000E+03  0.00000000E+00  0.69999999E+00  0.10000000E+04
  0.82500000E+01 -0.25000000E+00  0.00000000E+00  0.00000000E+00  0.10000000E+04  0.00000000E+00  0.12500000E+03  0.00000000E+00  0.69999999E+00  0.10000000E+04
  0.82500000E+01  0.25000000E+00  0.00000000E+00  0.00000000E+00  0.10000000E+04  0.00000000E+00  0.12500000E+03  0.00000000E+00  0.69999999E+00  0.10000000E+04
  0.82500000E+01  0.75000000E+00  0.00000000E+00  0.00000000E+00  0.10000000E+04  0.00000000E+00  0.12500000E+03  0.00000000E+00  0.69999999E+00  0.10000000E+04
  0.82500000E+01  0.12500000E+01  0.00000000E+00  0.00000000E+00  0.10000000E+04  0.00000000E+00  0.12500000E+03  0.00000000E+00  0.69999999E+00  0.10000000E+04
  0.82500000E+01  0.17500000E+01  0.00000000E+00  0.00000000E+00  0.10000000E+04  0.00000000E+00  0.12500000E+03  0.00000000E+00  0.69999999E+00  0.10000000E+04
  0.82500000E+01  0.22500000E+01  0.00000000E+00  0.00000000E+00  0.10000000E+04  0.00000000E+00  0.12500000E+03  0.00000000E+00  0.69999999E+00  0.10000000E+04
  0.82500000E+01  0.27500000E+01  0.00000000E+00  0.00000000E+00  0.10000000E+04  0.00000000E+00  0.12500000E+03  0.00000000E+00  0.69999999E+00  0.10000000E+04
  0.82500000E+01  0.32500000E+01  0.00000000E+00  0.00000000E+00  0.10000000E+04  0.00000000E+00  0.12500000E+03  0.00000000E+00  0.69999999E+00  0.10000000E+04
  0.82500000E+01  0.37500000E+01  0.00000000E+00  0.00000000E+00  0.10000000E+04  0.00000000E+00  0.12500000E+03  0.00000000E+00  0.69999999E+00  0.10000000E+04
  0.50000000E+00  0.00000000E+00  0.00000000E+00  0.00000000E+00  0.10526112E+04  0.12102150E+06  0.12500000E+03  0.10144243E-01  0.69999999E+00  0.99998779E+03
  0.10000000E+01  0.00000000E+00  0.00000000E+00  0.00000000E+00  0.10815281E+04  0.20485255E+06  0.12500000E+03  0.49951631E-02  0.69999999E+00  0.99999384E+03
  0.15000000E+01  0.00000000E+00  0.00000000E+00  0.00000000E+00  0.10360784E+04  0.78924859E+05  0.12500000E+03  0.18177312E-01  0.69999999E+00  0.99997845E+03
  0.20000000E+01  0.00000000E+00  0.00000000E+00  0.00000000E+00  0.11394141E+04  0.41854506E+06  0.12500000E+03  0.20535244E-01  0.69999999E+00  0.99997327E+03
  0.25000000E+01  0.00000000E+00  0.00000000E+00  0.00000000E+00  0.10259659E+04  0.55089941E+05  0.12500000E+03  0.39490038E-02  0.69999999E+00  0.99999536E+03
  0.30000000E+01  0.00000000E+00  0.00000000E+00  0.00000000E+00  0.10446619E+04  0.10028134E+06  0.12500000E+03  0.57229139E-02  0.69999999E+00  0.99999316E+03
  0.35000000E+01  0.00000000E+00  0.00000000E+00  0.00000000E+00  0.10057366E+04  0.11450750E+05  0.12500000E+03  0.21770264E-02  0.69999999E+00  0.99999750E+03
  0.40000000E+01  0.00000000E+00  0.00000000E+00  0.00000000E+00  0.10000137E+04  0.26898298E+02  0.12500000E+03 -0.68247195E-04  0.69999999E+00  0.10000001E+04
  0.45000000E+01  0.00000000E+00  0.00000000E+00  0.00000000E+00  0.10000000E+04  0.00000000E+00  0.12500000E+03  0.32706306E-41  0.69999999E+00  0.10000000E+04
  0.50000000E+01  0.00000000E+00  0.00000000E+00  0.00000000E+00  0.10000000E+04  0.00000000E+00  0.12500000E+03  0.00000000E+00  0.69999999E+00  0.10000000E+04
  0.55000000E+01  0.00000000E+00  0.00000000E+00  0.00000000E+00  0.10000000E+04  0.00000000E+00  0.12500000E+03  0.00000000E+00  0.69999999E+00  0.10000000E+04
  0.60000000E+01  0.00000000E+00  0.00000000E+00  0.00000000E+00  0.10000000E+04  0.00000000E+00  0.12500000E+03  0.00000000E+00  0.69999999E+00  0.10000000E+04
  0.65000000E+01  0.00000000E+00  0.00000000E+00  0.00000000E+00  0.10000000E+04  0.00000000E+00  0.12500000E+03  0.00000000E+00  0.69999999E+00  0.10000000E+04
  0.70000000E+01  0.00000000E+00  0.00000000E+00  0.00000000E+00  0.10000000E+04  0.00000000E+00  0.12500000E+03  0.00000000E+00  0.69999999E+00  0.10000000E+04
  0.75000000E+01  0.00000000E+00  0.00000000E+00  0.00000000E+00  0.10000000E+04  0.00000000E+00  0.12500000E+03  0.00000000E+00  0.69999999E+00  0.10000000E+04
  0.25000000E+00 -0.25000000E+00  0.00000000E+00  0.00000000E+00  0.10059716E+04  0.11928176E+05  0.12500000E+03  0.29413127E-02  0.69999999E+00  0.99999664E+03
  0.75000000E+00 -0.25000000E+00  0.00000000E+00  0.00000000E+00  0.10267102E+04  0.56796594E+05  0.12500000E+03  0.74845511E-02  0.69999999E+00  0.99999121E+03
  0.12500000E+01 -0.25000000E+00  0.00000000E+00  0.00000000E+00  0.10143727E+04  0.29444697E+05  0.12500000E+03  0.60057249E-02  0.69999999E+00  0.99999304E+03
  0.17500000E+01 -0.25000000E+00  0.00000000E+00  0.00000000E+00  0.10162625E+04  0.33506383E+05  0.12500000E+03  0.93087964E-02  0.69999999E+00  0.99998920E+03
  0.22500000E+01 -0.25000000E+00  0.00000000E+00  0.00000000E+00  0.10017614E+04  0.34740181E+04  0.12500000E+03  0.85897502E-02  0.69999999E+00  0.99999017E+03
  0.27500000E+01 -0.25000000E+00  0.00000000E+00  0.00000000E+00  0.10087726E+04  0.17671525E+05  0.12500000E+03  0.26952333E-02  0.69999999E+00  0.99999689E+03
  0.32500000E+01 -0.25000000E+00  0.00000000E+00  0.00000000E+00  0.10016879E+04  0.33284453E+04  0.12500000E+03  0.21628481E-02  0.69999999E+00  0.99999750E+03
  0.37500000E+01 -0.25000000E+00  0.00000000E+00  0.00000000E+00  0.10000070E+04  0.13565822E+02  0.12500000E+03 -0.15635355E-03  0.69999999E+00  0.10000002E+04
  0.42500000E+01 -0.25000000E+00  0.00000000E+00  0.00000000E+00  0.10000000E+04  0.00000000E+00  0.12500000E+03 -0.91474438E-38  0.69999999E+00  0.10000000E+04
  0.47500000E+01 -0.25000000E+00  0.00000000E+00  0.00000000E+00  0.10000000E+04  0.00000000E+00  0.12500000E+03 -0.30127917E-41  0.69999999E+00  0.10000000E+04
  0.52500000E+01 -0.25000000E+00  0.00000000E+00  0.00000000E+00  0.10000000E+04  0.00000000E+00  0.12500000E+03  0.00000000E+00  0.69999999E+00  0.10000000E+04
  0.57500000E+01 -0.25000000E+00  0.00000000E+00  0.00000000E+00  0.10000000E+04  0.00000000E+00  0.12500000E+03  0.00000000E+00  0.69999999E+00  0.10000000E+04
  0.62500000E+01 -0.25000000E+00  0.00000000E+00  0.00000000E+00  0.10000000E+04  0.00000000E+00  0.12500000E+03  0.00000000E+00  0.69999999E+00  0.10000000E+04
  0.67500000E+01 -0.25000000E+00  0.00000000E+00  0.00000000E+00  0.10000000E+04  0.00000000E+00  0.12500000E+03  0.00000000E+00  0.69999999E+00  0.10000000E+04
  0.72500000E+01 -0.25000000E+00  0.00000000E+00  0.00000000E+00  0.10000000E+04  0.00000000E+00  0.12500000E+03  0.00000000E+00  0.69999999E+00  0.10000000E+04
  0.77500000E+01 -0.25000000E+00  0.00000000E+00  0.00000000E+00  0.10000000E+04  0.00000000E+00  0.12500000E+03  0.00000000E+00  0.69999999E+00  0.10000000E+04
  0.40000000E+01  0.50000000E+00  0.00000000E+00  0.00000000E+00  0.10009028E+04  0.17762781E+04  0.12500000E+03 -0.22214490E-03  0.69999999E+00  0.10000002E+04
  0.37500000E+01  0.25000000E+00  0.00000000E+00  0.00000000E+00  0.10035360E+04  0.70116338E+04  0.12500000E+03 -0.96928893E-03  0.69999999E+00  0.10000011E+04
  0.40000000E+01  0.10000000E+01  0.00000000E+00  0.00000000E+00  0.10038356E+04  0.76125142E+04  0.12500000E+03 -0.83069666E-04  0.69999999E+00  0.10000001E+04
  0.37500000E+01  0.75000000E+00  0.00000000E+00  0.00000000E+00  0.10441255E+04  0.98915484E+05  0.12500000E+03  0.75547385E-03  0.69999999E+00  0.99999908E+03
  0.40000000E+01  0.15000000E+01  0.00000000E+00  0.00000000E+00  0.10004551E+04  0.89397247E+03  0.12500000E+03  0.23257642E-03  0.69999999E+00  0.99999976E+03
  0.37500000E+01  0.12500000E+01  0.00000000E+00  0.00000000E+00  0.10322504E+04  0.69737133E+05  0.12500000E+03  0.50552533E-03  0.69999999E+00  0.99999939E+03
  0.40000000E+01  0.20000000E+01  0.00000000E+00  0.00000000E+00  0.10001674E+04  0.32854456E+03  0.12500000E+03  0.21381602E-03  0.69999999E+00  0.99999976E+03
  0.37500000E+01  0.17500000E+01  0.00000000E+00  0.00000000E+00  0.10231835E+04  0.48774637E+05  0.12500000E+03  0.11596647E-02  0.69999999E+00  0.99999866E+03
  0.45000000E+01  0.50000000E+00  0.00000000E+00  0.00000000E+00  0.10000000E+04  0.00000000E+00  0.12500000E+03  0.94055153E-41  0.69999999E+00  0.10000000E+04
  0.42500000E+01  0.25000000E+00  0.00000000E+00  0.00000000E+00  0.10000018E+04  0.35083482E+01  0.12500000E+03 -0.74084828E-05  0.69999999E+00  0.10000000E+04
  0.45000000E+01  0.10000000E+01  0.00000000E+00  0.00000000E+00  0.10000000E+04  0.00000000E+00  0.12500000E+03  0.00000000E+00  0.69999999E+00  0.10000000E+04
  0.42500000E+01  0.75000000E+00  0.00000000E+00  0.00000000E+00  0.10000944E+04  0.18529227E+03  0.12500000E+03 -0.75637886E-05  0.69999999E+00  0.10000000E+04
  0.45000000E+01  0.15000000E+01  0.00000000E+00  0.00000000E+00  0.10000000E+04  0.00000000E+00  0.12500000E+03 -0.00000000E+00  0.69999999E+00  0.10000000E+04
  0.42500000E+01  0.12500000E+01  0.00000000E+00  0.00000000E+00  0.10000066E+04  0.12864128E+02  0.12500000E+03  0.34267537E-05  0.69999999E+00  0.10000000E+04
  0.45000000E+01  0.20000000E+01  0.00000000E+00  0.00000000E+00  0.10000000E+04  0.00000000E+00  0.12500000E+03  0.00000000E+00  0.69999999E+00  0.10000000E+04
  0.42500000E+01  0.17500000E+01  0.00000000E+00  0.00000000E+00  0.10000031E+04  0.60811610E+01  0.12500000E+03  0.28991612E-05  0.69999999E+00  0.10000000E+04
  0.50000000E+01  0.50000000E+00  0.00000000E+00  0.00000000E+00  0.10000000E+04  0.00000000E+00  0.12500000E+03  0.00000000E+00  0.69999999E+00  0.10000000E+04
  0.47500000E+01  0.25000000E+00  0.00000000E+00  0.00000000E+00  0.10000000E+04  0.00000000E+00  0.12500000E+03  0.29651476E-41  0.69999999E+00  0.10000000E+04
  0.50000000E+01  0.10000000E+01  0.00000000E+00  0.00000000E+00  0.10000000E+04  0.00000000E+00  0.12500000E+03  0.00000000E+00  0.69999999E+00  0.10000000E+04
  0.47500000E+01  0.75000000E+00  0.00000000E+00  0.00000000E+00  0.10000000E+04  0.00000000E+00  0.12500000E+03  0.00000000E+00  0.69999999E+00  0.10000000E+04
  0.50000000E+01  0.15000000E+01  0.00000000E+00  0.00000000E+00  0.10000000E+04  0.00000000E+00  0.12500000E+03  0.00000000E+00  0.69999999E+00  0.10000000E+04
  0.47500000E+01  0.12500000E+01  0.00000000E+00  0.00000000E+00  0.10000000E+04  0.00000000E+00  0.12500000E+03  0.00000000E+00  0.69999999E+00  0.10000000E+04
  0.50000000E+01  0.20000000E+01  0.00000000E+00  0.00000000E+00  0.10000000E+04  0.00000000E+00  0.12500000E+03  0.00000000E+00  0.69999999E+00  0.10000000E+04
  0.47500000E+01  0.17500000E+01  0.00000000E+00  0.00000000E+00  0.10000000E+04  0.00000000E+00  0.12500000E+03 -0.00000000E+00  0.69999999E+00  0.10000000E+04
  0.26888149E+01  0.97693956E+00  0.11633161E+00 -0.52971065E-01  0.10026106E+04  0.51622153E+04  0.12576698E+03  0.12576674E+03  0.10000000E+01  0.00000000E+00
  0.12567927E+01  0.10795792E+01 -0.78251675E-01 -0.19166934E+00  0.10011938E+04  0.23508010E+04  0.12561582E+03  0.12561256E+03  0.10000000E+01  0.00000000E+00
  0.10384879E+01  0.15568255E+01  0.13527110E+01  0.83480632E+00  0.99745831E+03 -0.49488765E+04  0.12546356E+03  0.12546333E+03  0.10000000E+01  0.00000000E+00
  0.14736670E+01  0.17806772E+01  0.22159300E+01 -0.12206253E+01  0.99797119E+03 -0.39564048E+04  0.12531018E+03  0.12531027E+03  0.10000000E+01  0.00000000E+00
  0.21604128E+01  0.15069371E+01  0.12321885E+01 -0.87963969E-01  0.10057354E+04  0.11448330E+05  0.12515567E+03  0.12515567E+03  0.10000000E+01  0.00000000E+00
  0.25896640E+01  0.15224652E+01  0.20663590E+01  0.24001217E+00  0.99549500E+03 -0.87202061E+04  0.12500000E+03  0.12500000E+03  0.10000000E+01  0.00000000E+00
  0.25996838E+01  0.96592784E+00 -0.19294690E+00 -0.63445710E-01  0.10021213E+04  0.41886294E+04  0.12576698E+03  0.12575494E+03  0.10000000E+01  0.00000000E+00
  0.10816253E+01  0.10160997E+01  0.10682256E+00  0.14050296E+00  0.10022888E+04  0.45216147E+04  0.12561582E+03  0.12560624E+03  0.10000000E+01  0.00000000E+00
  0.10059519E+01  0.15448031E+01 -0.19938605E+00 -0.16042571E+01  0.99764728E+03 -0.45835728E+04  0.12546356E+03  0.12546037E+03  0.10000000E+01  0.00000000E+00
  0.23734491E+01  0.13231319E+01  0.21298400E+00 -0.23313344E+00  0.99764044E+03 -0.45968325E+04  0.12531018E+03  0.12531038E+03  0.10000000E+01  0.00000000E+00
  0.94028544E+00  0.99434245E+00  0.78496724E+00 -0.87890244E+00  0.10041083E+04  0.81605322E+04  0.12515567E+03  0.12515567E+03  0.10000000E+01  0.00000000E+00
  0.65426457E+00  0.80354548E+00 -0.34525883E+00  0.77504641E+00  0.10132889E+04  0.27135496E+05  0.12500000E+03  0.12500000E+03  0.10000000E+01  0.00000000E+00
  0.18395035E+01  0.11035405E+01  0.78306508E+00 -0.38460252E+00  0.10052765E+04  0.10517698E+05  0.12576698E+03  0.12575644E+03  0.10000000E+01  0.00000000E+00
  0.22029560E+01  0.10109924E+01  0.68540210E+00 -0.20275309E+01  0.98177509E+03 -0.33860543E+05  0.12561582E+03  0.12561089E+03  0.10000000E+01  0.00000000E+00
  0.26924891E+01  0.79313445E+00 -0.30322227E+00 -0.43550916E-01  0.10058755E+04  0.11733104E+05  0.12546356E+03  0.12546005E+03  0.10000000E+01  0.00000000E+00
  0.20722892E+01  0.95566094E+00 -0.16786573E+01  0.14829049E+01  0.98836603E+03 -0.22044494E+05  0.12531018E+03  0.12531018E+03  0.10000000E+01  0.00000000E+00
  0.28235316E+01  0.73458815E+00  0.85505998E+00  0.93140411E+00  0.10098994E+04  0.20009006E+05  0.12515567E+03  0.12515553E+03  0.10000000E+01  0.00000000E+00
  0.10866785E+01  0.18558609E+01  0.20707712E+01 -0.13731465E+00  0.99860071E+03 -0.27338870E+04  0.12500000E+03  0.12499989E+03  0.10000000E+01  0.00000000E+00
  0.85090590E+00  0.99699998E+00  0.24724561E+00 -0.25470115E-01  0.10055436E+04  0.11059089E+05  0.12576698E+03  0.12576566E+03  0.10000000E+01  0.00000000E+00
  0.21857028E+01  0.98402345E+00  0.11472551E+01 -0.15082862E+01  0.98687610E+03 -0.24757246E+05  0.12561582E+03  0.12561221E+03  0.10000000E+01  0.00000000E+00
  0.28603811E+01  0.10501301E+01  0.34630501E+00  0.74445015E+00  0.10032598E+04  0.64585708E+04  0.12546356E+03  0.12546202E+03  0.10000000E+01  0.00000000E+00
  0.15596697E+01  0.10328252E+01  0.14559062E+01  0.10729538E+01  0.10030275E+04  0.59942944E+04  0.12531018E+03  0.12530890E+03  0.10000000E+01  0.00000000E+00
  0.84372008E+00  0.18844047E+01  0.42611557E+00 -0.83490920E+00  0.99592188E+03 -0.79041006E+04  0.12515567E+03  0.12515567E+03  0.10000000E+01  0.00000000E+00
  0.12083564E+01  0.76097906E+00 -0.31481516E+00 -0.12186310E+00  0.10081140E+04  0.16312428E+05  0.12500000E+03  0.12500012E+03  0.10000000E+01  0.00000000E+00
  0.13458846E+01  0.17287540E+01  0.23255235E+00  0.72853112E+00  0.99464484E+03 -0.10339562E+05  0.12561582E+03  0.12561399E+03  0.10000000E+01  0.00000000E+00
  0.28296027E+01  0.15191905E+01 -0.75321329E+00  0.21885421E+01  0.99807233E+03 -0.37602942E+04  0.12531018E+03  0.12531004E+03  0.10000000E+01  0.00000000E+00
  0.20352685E+01  0.17796218E+01  0.23047104E+01  0.30927104E+00  0.10037084E+04  0.73572534E+04  0.12500000E+03  0.12500000E+03  0.10000000E+01  0.00000000E+00
