  0.00000000E+00  0.00000000E+00  0.00000000E+00  0.00000000E+00  0.10012144E+04  0.23913213E+04  0.12500000E+03  0.22288749E-02  0.69999999E+00  0.99999744E+03
  0.00000000E+00  0.50000000E+00  0.00000000E+00  0.00000000E+00  0.10107964E+04  0.21881160E+05  0.12500000E+03  0.23991140E-02  0.69999999E+00  0.99999725E+03
  0.00000000E+00  0.10000000E+01  0.00000000E+00  0.00000000E+00  0.10056589E+04  0.11293209E+05  0.12500000E+03  0.30790998E-02  0.69999999E+00  0.99999646E+03
  0.00000000E+00  0.15000000E+01  0.00000000E+00  0.00000000E+00  0.10146661E+04  0.30072297E+05  0.12500000E+03  0.11198060E-02  0.69999999E+00  0.99999872E+03
  0.00000000E+00  0.20000000E+01  0.00000000E+00  0.00000000E+00  0.10182904E+04  0.37915996E+05  0.12500000E+03 -0.11441503E-02  0.69999999E+00  0.10000013E+04
  0.00000000E+00  0.25000000E+01  0.00000000E+00  0.00000000E+00  0.10030736E+04  0.60862402E+04  0.12500000E+03  0.33517432E-03  0.69999999E+00  0.99999963E+03
  0.00000000E+00  0.30000000E+01  0.00000000E+00  0.00000000E+00  0.10000000E+04  0.00000000E+00  0.12500000E+03  0.60528782E-05  0.69999999E+00  0.10000000E+04
  0.00000000E+00  0.35000000E+01  0.00000000E+00  0.00000000E+00  0.10000000E+04  0.00000000E+00  0.12500000E+03  0.00000000E+00  0.69999999E+00  0.10000000E+04
  0.00000000E+00  0.40000000E+01  0.00000000E+00  0.00000000E+00  0.10000000E+04  0.00000000E+00  0.12500000E+03  0.00000000E+00  0.69999999E+00  0.10000000E+04
 -0.25000000E+00 -0.25000000E+00  0.00000000E+00  0.00000000E+00  0.10006414E+04  0.12607445E+04  0.12500000E+03  0.52005530E-03  0.69999999E+00  0.99999939E+03
 -0.25000000E+00  0.25000000E+00  0.00000000E+00  0.00000000E+00  0.10008297E+04  0.16319224E+04  0.12500000E+03  0.94959297E-03  0.69999999E+00  0.99999890E+03
 -0.25000000E+00  0.75000000E+00  0.00000000E+00  0.00000000E+00  0.10050715E+04  0.10103000E+05  0.12500000E+03  0.24959334E-03  0.69999999E+00  0.99999969E+03
 -0.25000000E+00  0.12500000E+01  0.00000000E+00  0.00000000E+00  0.10007263E+04  0.14281925E+04  0.12500000E+03  0.98579121E-03  0.69999999E+00  0.99999890E+03
 -0.25000000E+00  0.17500000E+01  0.00000000E+00  0.00000000E+00  0.10011930E+04  0.23491521E+04  0.12500000E+03 -0.25816739E-03  0.69999999E+00  0.10000003E+04
 -0.25000000E+00  0.22500000E+01  0.00000000E+00  0.00000000E+00  0.10012462E+04  0.24542319E+04  0.12500000E+03 -0.15003496E-03  0.69999999E+00  0.10000002E+04
 -0.25000000E+00  0.27500000E+01  0.00000000E+00  0.00000000E+00  0.10000000E+04  0.00000000E+00  0.12500000E+03  0.35312721E-42  0.69999999E+00  0.10000000E+04
 -0.25000000E+00  0.32500000E+01  0.00000000E+00  0.00000000E+00  0.10000000E+04  0.00000000E+00  0.12500000E+03  0.00000000E+00  0.69999999E+00  0.10000000E+04
 -0.25000000E+00  0.37500000E+01  0.00000000E+00  0.00000000E+00  0.10000000E+04  0.00000000E+00  0.12500000E+03  0.00000000E+00  0.69999999E+00  0.10000000E+04
  0.80000000E+01  0.00000000E+00  0.00000000E+00  0.00000000E+00  0.10000000E+04  0.00000000E+00  0.12500000E+03  0.00000000E+00  0.69999999E+00  0.10000000E+04
  0.80000000E+01  0.50000000E+00  0.00000000E+00  0.00000000E+00  0.10000000E+04  0.00000000E+00  0.12500000E+03  0.00000000E+00  0.69999999E+00  0.10000000E+04
  0.80000000E+01  0.10000000E+01  0.00000000E+00  0.00000000E+00  0.10000000E+04  0.00000000E+00  0.12500000E+03  0.00000000E+00  0.69999999E+00  0.10000000E+04
  0.80000000E+01  0.15000000E+01  0.00000000E+00  0.00000000E+00  0.10000000E+04  0.00000000E+00  0.12500000E+03  0.00000000E+00  0.69999999E+00  0.10000000E+04
  0.80000000E+01  0.20000000E+01  0.00000000E+00  0.00000000E+00  0.10000000E+04  0.00000000E+00  0.12500000E+03  0.00000000E+00  0.69999999E+00  0.10000000E+04
  0.80000000E+01  0.25000000E+01  0.00000000E+00  0.00000000E+00  0.10000000E+04  0.00000000E+00  0.12500000E+03  0.00000000E+00  0.69999999E+00  0.10000000E+04
  0.80000000E+01  0.30000000E+01  0.00000000E+00  0.00000000E+00  0.10000000E+04  0.00000000E+00  0.12500000E+03  0.00000000E+00  0.69999999E+00  0.10000000E+04
  0.80000000E+01  0.35000000E+01  0.00000000E+00  0.00000000E+00  0.10000000E+04  0.00000000E+00  0.12500000E+03  0.00000000E+00  0.69999999E+00  0.10000000E+04
  0.80000000E+01  0.40000000E+01  0.00000000E+00  0.00000000E+00  0.10000000E+04  0.00000000E+00  0.12500000E+03  0.00000000E+00  0.69999999E+00  0.10000000E+04
  0.82500000E+01 -0.25000000E+00  0.00000000E+00  0.00000000E+00  0.10000000E+04  0.00000000E+00  0.12500000E+03  0.00000000E+00  0.69999999E+00  0.10000000E+04
  0.82500000E+01  0.25000000E+00  0.00000000E+00  0.00000000E+00  0.10000000E+04  0.00000000E+00  0.12500000E+03  0.00000000E+00  0.69999999E+00  0.10000000E+04
  0.82500000E+01  0.75000000E+00  0.00000000E+00  0.00000000E+00  0.10000000E+04  0.00000000E+00  0.12500000E+03  0.00000000E+00  0.69999999E+00  0.10000000E+04
  0.82500000E+01  0.12500000E+01  0.00000000E+00  0.00000000E+00  0.10000000E+04  0.00000000E+00  0.12500000E+03  0.00000000E+00  0.69999999E+00  0.10000000E+04
  0.82500000E+01  0.17500000E+01  0.00000000E+00  0.00000000E+00  0.10000000E+04  0.00000000E+00  0.12500000E+03  0.00000000E+00  0.69999999E+00  0.10000000E+04
  0.82500000E+01  0.22500000E+01  0.00000000E+00  0.00000000E+00  0.10000000E+04  0.00000000E+00  0.12500000E+03  0.00000000E+00  0.69999999E+00  0.10000000E+04
  0.82500000E+01  0.27500000E+01  0.00000000E+00  0.00000000E+00  0.10000000E+04  0.00000000E+00  0.12500000E+03  0.00000000E+00  0.69999999E+00  0.10000000E+04
  0.82500000E+01  0.32500000E+01  0.00000000E+00  0.00000000E+00  0.10000000E+04  0.00000000E+00  0.12500000E+03  0.00000000E+00  0.69999999E+00  0.10000000E+04
  0.82500000E+01  0.37500000E+01  0.00000000E+00  0.00000000E+00  0.10000000E+04  0.00000000E+00  0.12500000E+03  0.00000000E+00  0.69999999E+00  0.10000000E+04
  0.50000000E+00  0.00000000E+00  0.00000000E+00  0.00000000E+00  0.10374713E+04  0.82319117E+05  0.12500000E+03  0.10955689E-01  0.69999999E+00  0.99998700E+03
  0.10000000E+01  0.00000000E+00  0.00000000E+00  0.00000000E+00  0.10444810E+04  0.99820125E+05  0.12500000E+03  0.57971184E-02  0.69999999E+00  0.99999310E+03
  0.15000000E+01  0.00000000E+00  0.00000000E+00  0.00000000E+00  0.10140343E+04  0.28722053E+05  0.12500000E+03  0.19546691E-01  0.69999999E+00  0.99997736E+03
  0.20000000E+01  0.00000000E+00  0.00000000E+00  0.00000000E+00  0.11390647E+04  0.41704634E+06  0.12500000E+03  0.22267176E-01  0.69999999E+00  0.99997101E+03
  0.25000000E+01  0.00000000E+00  0.00000000E+00  0.00000000E+00  0.10345363E+04  0.75199000E+05  0.12500000E+03  0.53530703E-02  0.69999999E+00  0.99999365E+03
  0.30000000E+01  0.00000000E+00  0.00000000E+00  0.00000000E+00  0.10476130E+04  0.10787108E+06  0.12500000E+03  0.70535708E-02  0.69999999E+00  0.99999158E+03
  0.35000000E+01  0.00000000E+00  0.00000000E+00  0.00000000E+00  0.10063407E+04  0.12679699E+05  0.12500000E+03  0.27265179E-02  0.69999999E+00  0.99999689E+03
  0.40000000E+01  0.00000000E+00  0.00000000E+00  0.00000000E+00  0.10000137E+04  0.26898298E+02  0.12500000E+03 -0.68247195E-04  0.69999999E+00  0.10000001E+04
  0.45000000E+01  0.00000000E+00  0.00000000E+00  0.00000000E+00  0.10000000E+04  0.00000000E+00  0.12500000E+03  0.14671595E-40  0.69999999E+00  0.10000000E+04
  0.50000000E+01  0.00000000E+00  0.00000000E+00  0.00000000E+00  0.10000000E+04  0.00000000E+00  0.12500000E+03 -0.00000000E+00  0.69999999E+00  0.10000000E+04
  0.55000000E+01  0.00000000E+00  0.00000000E+00  0.00000000E+00  0.10000000E+04  0.00000000E+00  0.12500000E+03  0.00000000E+00  0.69999999E+00  0.10000000E+04
  0.60000000E+01  0.00000000E+00  0.00000000E+00  0.00000000E+00  0.10000000E+04  0.00000000E+00  0.12500000E+03  0.00000000E+00  0.69999999E+00  0.10000000E+04
  0.65000000E+01  0.00000000E+00  0.00000000E+00  0.00000000E+00  0.10000000E+04  0.00000000E+00  0.12500000E+03  0.00000000E+00  0.69999999E+00  0.10000000E+04
  0.70000000E+01  0.00000000E+00  0.00000000E+00  0.00000000E+00  0.10000000E+04  0.00000000E+00  0.12500000E+03  0.00000000E+00  0.69999999E+00  0.10000000E+04
  0.75000000E+01  0.00000000E+00  0.00000000E+00  0.00000000E+00  0.10000000E+04  0.00000000E+00  0.12500000E+03  0.00000000E+00  0.69999999E+00  0.10000000E+04
  0.25000000E+00 -0.25000000E+00  0.00000000E+00  0.00000000E+00  0.10056002E+04  0.11173952E+05  0.12500000E+03  0.30646734E-02  0.69999999E+00  0.99999646E+03
  0.75000000E+00 -0.25000000E+00  0.00000000E+00  0.00000000E+00  0.10258313E+04  0.54782098E+05  0.12500000E+03  0.80073439E-02  0.69999999E+00  0.99999060E+03
  0.12500000E+01 -0.25000000E+00  0.00000000E+00  0.00000000E+00  0.10088693E+04  0.17871471E+05  0.12500000E+03  0.64283749E-02  0.69999999E+00  0.99999261E+03
  0.17500000E+01 -0.25000000E+00  0.00000000E+00  0.00000000E+00  0.10152776E+04  0.31384047E+05  0.12500000E+03  0.97921062E-02  0.69999999E+00  0.99998865E+03
  0.22500000E+01 -0.25000000E+00  0.00000000E+00  0.00000000E+00  0.10016704E+04  0.32937158E+04  0.12500000E+03  0.94602257E-02  0.69999999E+00  0.99998920E+03
  0.27500000E+01 -0.25000000E+00  0.00000000E+00  0.00000000E+00  0.10074401E+04  0.14927347E+05  0.12500000E+03  0.35785644E-02  0.69999999E+00  0.99999591E+03
  0.32500000E+01 -0.25000000E+00  0.00000000E+00  0.00000000E+00  0.10020569E+04  0.40605012E+04  0.12500000E+03  0.25660293E-02  0.69999999E+00  0.99999707E+03
  0.37500000E+01 -0.25000000E+00  0.00000000E+00  0.00000000E+00  0.10000070E+04  0.13565822E+02  0.12500000E+03 -0.15635355E-03  0.69999999E+00  0.10000002E+04
  0.42500000E+01 -0.25000000E+00  0.00000000E+00  0.00000000E+00  0.10000000E+04  0.00000000E+00  0.12500000E+03 -0.53739191E-37  0.69999999E+00  0.10000000E+04
  0.47500000E+01 -0.25000000E+00  0.00000000E+00  0.00000000E+00  0.10000000E+04  0.00000000E+00  0.12500000E+03 -0.19553719E-40  0.69999999E+00  0.10000000E+04
  0.52500000E+01 -0.25000000E+00  0.00000000E+00  0.00000000E+00  0.10000000E+04  0.00000000E+00  0.12500000E+03  0.00000000E+00  0.69999999E+00  0.10000000E+04
  0.57500000E+01 -0.25000000E+00  0.00000000E+00  0.00000000E+00  0.10000000E+04  0.00000000E+00  0.12500000E+03  0.00000000E+00  0.69999999E+00  0.10000000E+04
  0.62500000E+01 -0.25000000E+00  0.00000000E+00  0.00000000E+00  0.10000000E+04  0.00000000E+00  0.12500000E+03  0.00000000E+00  0.69999999E+00  0.10000000E+04
  0.67500000E+01 -0.25000000E+00  0.00000000E+00  0.00000000E+00  0.10000000E+04  0.00000000E+00  0.12500000E+03  0.00000000E+00  0.69999999E+00  0.10000000E+04
  0.72500000E+01 -0.25000000E+00  0.00000000E+00  0.00000000E+00  0.10000000E+04  0.00000000E+00  0.12500000E+03  0.00000000E+00  0.69999999E+00  0.10000000E+04
  0.77500000E+01 -0.25000000E+00  0.00000000E+00  0.00000000E+00  0.10000000E+04  0.00000000E+00  0.12500000E+03  0.00000000E+00  0.69999999E+00  0.10000000E+04
  0.40000000E+01  0.50000000E+00  0.00000000E+00  0.00000000E+00  0.10004902E+04  0.96316553E+03  0.12500000E+03 -0.26727660E-03  0.69999999E+00  0.10000003E+04
  0.37500000E+01  0.25000000E+00  0.00000000E+00  0.00000000E+00  0.10035016E+04  0.69426001E+04  0.12500000E+03 -0.12199203E-02  0.69999999E+00  0.10000014E+04
  0.40000000E+01  0.10000000E+01  0.00000000E+00  0.00000000E+00  0.10024688E+04  0.48796196E+04  0.12500000E+03 -0.10204072E-03  0.69999999E+00  0.10000001E+04
  0.37500000E+01  0.75000000E+00  0.00000000E+00  0.00000000E+00  0.10349148E+04  0.76110680E+05  0.12500000E+03  0.83072507E-03  0.69999999E+00  0.99999902E+03
  0.40000000E+01  0.15000000E+01  0.00000000E+00  0.00000000E+00  0.10007325E+04  0.14404080E+04  0.12500000E+03  0.27087063E-03  0.69999999E+00  0.99999969E+03
  0.37500000E+01  0.12500000E+01  0.00000000E+00  0.00000000E+00  0.10258561E+04  0.54838797E+05  0.12500000E+03  0.62725862E-03  0.69999999E+00  0.99999927E+03
  0.40000000E+01  0.20000000E+01  0.00000000E+00  0.00000000E+00  0.10045272E+04  0.90039404E+04  0.12500000E+03  0.25755493E-03  0.69999999E+00  0.99999969E+03
  0.37500000E+01  0.17500000E+01  0.00000000E+00  0.00000000E+00  0.10466882E+04  0.10547879E+06  0.12500000E+03  0.13804312E-02  0.69999999E+00  0.99999835E+03
  0.45000000E+01  0.50000000E+00  0.00000000E+00  0.00000000E+00  0.10000000E+04  0.00000000E+00  0.12500000E+03  0.58117453E-40  0.69999999E+00  0.10000000E+04
  0.42500000E+01  0.25000000E+00  0.00000000E+00  0.00000000E+00  0.10000018E+04  0.35083482E+01  0.12500000E+03 -0.74084828E-05  0.69999999E+00  0.10000000E+04
  0.45000000E+01  0.10000000E+01  0.00000000E+00  0.00000000E+00  0.10000000E+04  0.00000000E+00  0.12500000E+03 -0.00000000E+00  0.69999999E+00  0.10000000E+04
  0.42500000E+01  0.75000000E+00  0.00000000E+00  0.00000000E+00  0.10000944E+04  0.18529227E+03  0.12500000E+03 -0.10442676E-04  0.69999999E+00  0.10000000E+04
  0.45000000E+01  0.15000000E+01  0.00000000E+00  0.00000000E+00  0.10000000E+04  0.00000000E+00  0.12500000E+03  0.00000000E+00  0.69999999E+00  0.10000000E+04
  0.42500000E+01  0.12500000E+01  0.00000000E+00  0.00000000E+00  0.10000066E+04  0.12864128E+02  0.12500000E+03  0.34267537E-05  0.69999999E+00  0.10000000E+04
  0.45000000E+01  0.20000000E+01  0.00000000E+00  0.00000000E+00  0.10000000E+04  0.00000000E+00  0.12500000E+03  0.00000000E+00  0.69999999E+00  0.10000000E+04
  0.42500000E+01  0.17500000E+01  0.00000000E+00  0.00000000E+00  0.10000031E+04  0.60811610E+01  0.12500000E+03 -0.35628464E-05  0.69999999E+00  0.10000000E+04
  0.50000000E+01  0.50000000E+00  0.00000000E+00  0.00000000E+00  0.10000000E+04  0.00000000E+00  0.12500000E+03  0.00000000E+00  0.69999999E+00  0.10000000E+04
  0.47500000E+01  0.25000000E+00  0.00000000E+00  0.00000000E+00  0.10000000E+04  0.00000000E+00  0.12500000E+03  0.19301485E-40  0.69999999E+00  0.10000000E+04
  0.50000000E+01  0.10000000E+01  0.00000000E+00  0.00000000E+00  0.10000000E+04  0.00000000E+00  0.12500000E+03  0.00000000E+00  0.69999999E+00  0.10000000E+04
  0.47500000E+01  0.75000000E+00  0.00000000E+00  0.00000000E+00  0.10000000E+04  0.00000000E+00  0.12500000E+03  0.00000000E+00  0.69999999E+00  0.10000000E+04
  0.50000000E+01  0.15000000E+01  0.00000000E+00  0.00000000E+00  0.10000000E+04  0.00000000E+00  0.12500000E+03 -0.00000000E+00  0.69999999E+00  0.10000000E+04
  0.47500000E+01  0.12500000E+01  0.00000000E+00  0.00000000E+00  0.10000000E+04  0.00000000E+00  0.12500000E+03 -0.00000000E+00  0.69999999E+00  0.10000000E+04
  0.50000000E+01  0.20000000E+01  0.00000000E+00  0.00000000E+00  0.10000000E+04  0.00000000E+00  0.12500000E+03  0.00000000E+00  0.69999999E+00  0.10000000E+04
  0.47500000E+01  0.17500000E+01  0.00000000E+00  0.00000000E+00  0.10000000E+04  0.00000000E+00  0.12500000E+03  0.00000000E+00  0.69999999E+00  0.10000000E+04
  0.26987813E+01  0.89446211E+00 -0.94293046E+00 -0.32584870E+00  0.10032645E+04  0.64681113E+04  0.12576698E+03  0.12576674E+03  0.10000000E+01  0.00000000E+00
  0.14965519E+01  0.98769712E+00 -0.29632664E+00  0.23148260E+00  0.10017850E+04  0.35208228E+04  0.12561582E+03  0.12561256E+03  0.10000000E+01  0.00000000E+00
  0.16791883E+01  0.11798912E+01  0.70471215E+00 -0.76489019E+00  0.10008809E+04  0.17327766E+04  0.12546356E+03  0.12546333E+03  0.10000000E+01  0.00000000E+00
  0.22457294E+01  0.19670614E+01  0.23955390E+00  0.80474460E+00  0.10059315E+04  0.11846741E+05  0.12531018E+03  0.12531027E+03  0.10000000E+01  0.00000000E+00
  0.26336570E+01  0.19890360E+01  0.22209153E+00 -0.48740199E+00  0.99592462E+03 -0.78988516E+04  0.12515567E+03  0.12515567E+03  0.10000000E+01  0.00000000E+00
  0.28375010E+01  0.15785155E+01 -0.63269854E+00 -0.35046336E+00  0.10154504E+04  0.31755674E+05  0.12500000E+03  0.12500000E+03  0.10000000E+01  0.00000000E+00
  0.27193542E+01  0.99379599E+00  0.18333256E+00 -0.54225110E-01  0.10062158E+04  0.12425205E+05  0.12576698E+03  0.12575494E+03  0.10000000E+01  0.00000000E+00
  0.11360403E+01  0.97796392E+00  0.62781757E+00  0.46973640E+00  0.10012558E+04  0.24730840E+04  0.12561582E+03  0.12560624E+03  0.10000000E+01  0.00000000E+00
  0.10015979E+01  0.11845443E+01  0.88933349E-01  0.47037995E+00  0.10034333E+04  0.68060083E+04  0.12546356E+03  0.12546037E+03  0.10000000E+01  0.00000000E+00
  0.24993989E+01  0.14792165E+01 -0.40337745E-01 -0.37903029E+00  0.10102090E+04  0.20654238E+05  0.12531018E+03  0.12531038E+03  0.10000000E+01  0.00000000E+00
  0.11710678E+01  0.89047825E+00  0.13108525E+01  0.56570613E+00  0.10049806E+04  0.99190928E+04  0.12515567E+03  0.12515567E+03  0.10000000E+01  0.00000000E+00
  0.76693213E+00  0.81951129E+00  0.73129570E+00  0.82767493E+00  0.10167087E+04  0.34472328E+05  0.12500000E+03  0.12500000E+03  0.10000000E+01  0.00000000E+00
  0.20128534E+01  0.11141006E+01 -0.15431659E+00  0.25363266E+00  0.10023070E+04  0.45578955E+04  0.12576698E+03  0.12575644E+03  0.10000000E+01  0.00000000E+00
  0.27071879E+01  0.97064424E+00  0.11423383E+01  0.12922621E+00  0.99602795E+03 -0.77009170E+04  0.12561582E+03  0.12561089E+03  0.10000000E+01  0.00000000E+00
  0.29072046E+01  0.10571951E+01  0.12110965E+00  0.10349023E+01  0.10084464E+04  0.16997830E+05  0.12546356E+03  0.12546005E+03  0.10000000E+01  0.00000000E+00
  0.23061697E+01  0.14889210E+01  0.78059423E+00  0.80307806E+00  0.10074537E+04  0.14955224E+05  0.12531018E+03  0.12531018E+03  0.10000000E+01  0.00000000E+00
  0.28634362E+01  0.74857938E+00  0.30814052E+00 -0.68888068E-04  0.10149644E+04  0.30711727E+05  0.12515567E+03  0.12515553E+03  0.10000000E+01  0.00000000E+00
  0.19166212E+01  0.14583125E+01  0.10306604E+01  0.10176931E+00  0.10007204E+04  0.14164471E+04  0.12500000E+03  0.12499989E+03  0.10000000E+01  0.00000000E+00
  0.84237576E+00  0.10936488E+01  0.18837465E+00  0.14415359E+01  0.10034667E+04  0.68728643E+04  0.12576698E+03  0.12576566E+03  0.10000000E+01  0.00000000E+00
  0.25690627E+01  0.10076264E+01  0.58267581E+00 -0.33259413E+00  0.10070334E+04  0.14094035E+05  0.12561582E+03  0.12561221E+03  0.10000000E+01  0.00000000E+00
  0.25252161E+01  0.18414841E+01 -0.18585181E+01  0.67161405E+00  0.99270209E+03 -0.14008843E+05  0.12546356E+03  0.12546202E+03  0.10000000E+01  0.00000000E+00
  0.20695970E+01  0.10137579E+01  0.63310212E+00  0.30884314E-01  0.10068560E+04  0.13731253E+05  0.12531018E+03  0.12530890E+03  0.10000000E+01  0.00000000E+00
  0.95620716E+00  0.15059984E+01  0.81904963E-01  0.30215105E+00  0.10081522E+04  0.16391244E+05  0.12515567E+03  0.12515567E+03  0.10000000E+01  0.00000000E+00
  0.17290449E+01  0.89247441E+00  0.79063630E+00  0.49282032E+00  0.10144418E+04  0.29592510E+05  0.12500000E+03  0.12500012E+03  0.10000000E+01  0.00000000E+00
  0.11311972E+01  0.13796327E+01 -0.11106395E+01 -0.89273840E-01  0.10083163E+04  0.16729307E+05  0.12561582E+03  0.12561399E+03  0.10000000E+01  0.00000000E+00
  0.24196243E+01  0.22160726E+01 -0.98835993E+00  0.69596186E-01  0.10039615E+04  0.78653345E+04  0.12531018E+03  0.12531004E+03  0.10000000E+01  0.00000000E+00
  0.29808767E+01  0.20553150E+01 -0.99501383E+00  0.80680206E-01  0.10076846E+04  0.15429234E+05  0.12500000E+03  0.12500000E+03  0.10000000E+01  0.00000000E+00
