  0.00000000E+00  0.00000000E+00  0.00000000E+00  0.00000000E+00  0.10013955E+04  0.27493889E+04  0.12500000E+03  0.27298501E-02  0.69999999E+00  0.99999689E+03
  0.00000000E+00  0.50000000E+00  0.00000000E+00  0.00000000E+00  0.10226638E+04  0.47606602E+05  0.12500000E+03  0.40676133E-02  0.69999999E+00  0.99999524E+03
  0.00000000E+00  0.10000000E+01  0.00000000E+00  0.00000000E+00  0.10269998E+04  0.57462621E+05  0.12500000E+03  0.43191575E-02  0.69999999E+00  0.99999493E+03
  0.00000000E+00  0.15000000E+01  0.00000000E+00  0.00000000E+00  0.10191283E+04  0.39753402E+05  0.12500000E+03  0.16201879E-02  0.69999999E+00  0.99999811E+03
  0.00000000E+00  0.20000000E+01  0.00000000E+00  0.00000000E+00  0.10191141E+04  0.39722219E+05  0.12500000E+03 -0.21516331E-02  0.69999999E+00  0.10000025E+04
  0.00000000E+00  0.25000000E+01  0.00000000E+00  0.00000000E+00  0.10034469E+04  0.68332266E+04  0.12500000E+03  0.51974104E-03  0.69999999E+00  0.99999939E+03
  0.00000000E+00  0.30000000E+01  0.00000000E+00  0.00000000E+00  0.10000026E+04  0.51455903E+01  0.12500000E+03  0.38292605E-04  0.69999999E+00  0.99999994E+03
  0.00000000E+00  0.35000000E+01  0.00000000E+00  0.00000000E+00  0.10000000E+04  0.00000000E+00  0.12500000E+03  0.00000000E+00  0.69999999E+00  0.10000000E+04
  0.00000000E+00  0.40000000E+01  0.00000000E+00  0.00000000E+00  0.10000000E+04  0.00000000E+00  0.12500000E+03  0.00000000E+00  0.69999999E+00  0.10000000E+04
 -0.25000000E+00 -0.25000000E+00  0.00000000E+00  0.00000000E+00  0.10006414E+04  0.12607445E+04  0.12500000E+03  0.52005530E-03  0.69999999E+00  0.99999939E+03
 -0.25000000E+00  0.25000000E+00  0.00000000E+00  0.00000000E+00  0.10009170E+04  0.18040280E+04  0.12500000E+03  0.12606382E-02  0.69999999E+00  0.99999854E+03
 -0.25000000E+00  0.75000000E+00  0.00000000E+00  0.00000000E+00  0.10077300E+04  0.15522547E+05  0.12500000E+03  0.70081500E-03  0.69999999E+00  0.99999921E+03
 -0.25000000E+00  0.12500000E+01  0.00000000E+00  0.00000000E+00  0.10049359E+04  0.98287432E+04  0.12500000E+03  0.13559542E-02  0.69999999E+00  0.99999841E+03
 -0.25000000E+00  0.17500000E+01  0.00000000E+00  0.00000000E+00  0.10008846E+04  0.17403008E+04  0.12500000E+03 -0.44309214E-03  0.69999999E+00  0.10000005E+04
 -0.25000000E+00  0.22500000E+01  0.00000000E+00  0.00000000E+00  0.10015139E+04  0.29839109E+04  0.12500000E+03 -0.18548567E-03  0.69999999E+00  0.10000002E+04
 -0.25000000E+00  0.27500000E+01  0.00000000E+00  0.00000000E+00  0.10000007E+04  0.14033347E+01  0.12500000E+03  0.17473474E-04  0.69999999E+00  0.10000000E+04
 -0.25000000E+00  0.32500000E+01  0.00000000E+00  0.00000000E+00  0.10000000E+04  0.00000000E+00  0.12500000E+03  0.23771627E-40  0.69999999E+00  0.10000000E+04
 -0.25000000E+00  0.37500000E+01  0.00000000E+00  0.00000000E+00  0.10000000E+04  0.00000000E+00  0.12500000E+03  0.00000000E+00  0.69999999E+00  0.10000000E+04
  0.80000000E+01  0.00000000E+00  0.00000000E+00  0.00000000E+00  0.10000000E+04  0.00000000E+00  0.12500000E+03  0.00000000E+00  0.69999999E+00  0.10000000E+04
  0.80000000E+01  0.50000000E+00  0.00000000E+00  0.00000000E+00  0.10000000E+04  0.00000000E+00  0.12500000E+03  0.00000000E+00  0.69999999E+00  0.10000000E+04
  0.80000000E+01  0.10000000E+01  0.00000000E+00  0.00000000E+00  0.10000000E+04  0.00000000E+00  0.12500000E+03  0.00000000E+00  0.69999999E+00  0.10000000E+04
  0.80000000E+01  0.15000000E+01  0.00000000E+00  0.00000000E+00  0.10000000E+04  0.00000000E+00  0.12500000E+03  0.00000000E+00  0.69999999E+00  0.10000000E+04
  0.80000000E+01  0.20000000E+01  0.00000000E+00  0.00000000E+00  0.10000000E+04  0.00000000E+00  0.12500000E+03  0.00000000E+00  0.69999999E+00  0.10000000E+04
  0.80000000E+01  0.25000000E+01  0.00000000E+00  0.00000000E+00  0.10000000E+04  0.00000000E+00  0.12500000E+03  0.00000000E+00  0.69999999E+00  0.10000000E+04
  0.80000000E+01  0.30000000E+01  0.00000000E+00  0.00000000E+00  0.10000000E+04  0.00000000E+00  0.12500000E+03  0.00000000E+00  0.69999999E+00  0.10000000E+04
  0.80000000E+01  0.35000000E+01  0.00000000E+00  0.00000000E+00  0.10000000E+04  0.00000000E+00  0.12500000E+03  0.00000000E+00  0.69999999E+00  0.10000000E+04
  0.80000000E+01  0.40000000E+01  0.00000000E+00  0.00000000E+00  0.10000000E+04  0.00000000E+00  0.12500000E+03  0.00000000E+00  0.69999999E+00  0.10000000E+04
  0.82500000E+01 -0.25000000E+00  0.00000000E+00  0.00000000E+00  0.10000000E+04  0.00000000E+00  0.12500000E+03  0.00000000E+00  0.69999999E+00  0.10000000E+04
  0.82500000E+01  0.25000000E+00  0.00000000E+00  0.00000000E+00  0.10000000E+04  0.00000000E+00  0.12500000E+03  0.00000000E+00  0.69999999E+00  0.10000000E+04
  0.82500000E+01  0.75000000E+00  0.00000000E+00  0.00000000E+00  0.10000000E+04  0.00000000E+00  0.12500000E+03  0.00000000E+00  0.69999999E+00  0.10000000E+04
  0.82500000E+01  0.12500000E+01  0.00000000E+00  0.00000000E+00  0.10000000E+04  0.00000000E+00  0.12500000E+03  0.00000000E+00  0.69999999E+00  0.10000000E+04
  0.82500000E+01  0.17500000E+01  0.00000000E+00  0.00000000E+00  0.10000000E+04  0.00000000E+00  0.12500000E+03  0.00000000E+00  0.69999999E+00  0.10000000E+04
  0.82500000E+01  0.22500000E+01  0.00000000E+00  0.00000000E+00  0.10000000E+04  0.00000000E+00  0.12500000E+03  0.00000000E+00  0.69999999E+00  0.10000000E+04
  0.82500000E+01  0.27500000E+01  0.00000000E+00  0.00000000E+00  0.10000000E+04  0.00000000E+00  0.12500000E+03  0.00000000E+00  0.69999999E+00  0.10000000E+04
  0.82500000E+01  0.32500000E+01  0.00000000E+00  0.00000000E+00  0.10000000E+04  0.00000000E+00  0.12500000E+03  0.00000000E+00  0.69999999E+00  0.10000000E+04
  0.82500000E+01  0.37500000E+01  0.00000000E+00  0.00000000E+00  0.10000000E+04  0.00000000E+00  0.12500000E+03  0.00000000E+00  0.69999999E+00  0.10000000E+04
  0.50000000E+00  0.00000000E+00  0.00000000E+00  0.00000000E+00  0.10479408E+04  0.10872212E+06  0.12500000E+03  0.13949161E-01  0.69999999E+00  0.99998328E+03
  0.10000000E+01  0.00000000E+00  0.00000000E+00  0.00000000E+00  0.10751089E+04  0.18505186E+06  0.12500000E+03  0.82543176E-02  0.69999999E+00  0.99998987E+03
  0.15000000E+01  0.00000000E+00  0.00000000E+00  0.00000000E+00  0.10229319E+04  0.48208797E+05  0.12500000E+03  0.24069451E-01  0.69999999E+00  0.99997186E+03
  0.20000000E+01  0.00000000E+00  0.00000000E+00  0.00000000E+00  0.11328508E+04  0.39084978E+06  0.12500000E+03  0.28151361E-01  0.69999999E+00  0.99996356E+03
  0.25000000E+01  0.00000000E+00  0.00000000E+00  0.00000000E+00  0.10300819E+04  0.64622203E+05  0.12500000E+03  0.96167214E-02  0.69999999E+00  0.99998871E+03
  0.30000000E+01  0.00000000E+00  0.00000000E+00  0.00000000E+00  0.10415168E+04  0.92333477E+05  0.12500000E+03  0.11348419E-01  0.69999999E+00  0.99998651E+03
  0.35000000E+01  0.00000000E+00  0.00000000E+00  0.00000000E+00  0.10050929E+04  0.10146159E+05  0.12500000E+03  0.47997311E-02  0.69999999E+00  0.99999451E+03
  0.40000000E+01  0.00000000E+00  0.00000000E+00  0.00000000E+00  0.10000137E+04  0.26898298E+02  0.12500000E+03 -0.68247195E-04  0.69999999E+00  0.10000001E+04
  0.45000000E+01  0.00000000E+00  0.00000000E+00  0.00000000E+00  0.10000000E+04  0.00000000E+00  0.12500000E+03  0.12641085E-38  0.69999999E+00  0.10000000E+04
  0.50000000E+01  0.00000000E+00  0.00000000E+00  0.00000000E+00  0.10000000E+04  0.00000000E+00  0.12500000E+03 -0.63450794E-41  0.69999999E+00  0.10000000E+04
  0.55000000E+01  0.00000000E+00  0.00000000E+00  0.00000000E+00  0.10000000E+04  0.00000000E+00  0.12500000E+03  0.00000000E+00  0.69999999E+00  0.10000000E+04
  0.60000000E+01  0.00000000E+00  0.00000000E+00  0.00000000E+00  0.10000000E+04  0.00000000E+00  0.12500000E+03  0.00000000E+00  0.69999999E+00  0.10000000E+04
  0.65000000E+01  0.00000000E+00  0.00000000E+00  0.00000000E+00  0.10000000E+04  0.00000000E+00  0.12500000E+03  0.00000000E+00  0.69999999E+00  0.10000000E+04
  0.70000000E+01  0.00000000E+00  0.00000000E+00  0.00000000E+00  0.10000000E+04  0.00000000E+00  0.12500000E+03  0.00000000E+00  0.69999999E+00  0.10000000E+04
  0.75000000E+01  0.00000000E+00  0.00000000E+00  0.00000000E+00  0.10000000E+04  0.00000000E+00  0.12500000E+03  0.00000000E+00  0.69999999E+00  0.10000000E+04
  0.25000000E+00 -0.25000000E+00  0.00000000E+00  0.00000000E+00  0.10057015E+04  0.11379594E+05  0.12500000E+03  0.35324427E-02  0.69999999E+00  0.99999591E+03
  0.75000000E+00 -0.25000000E+00  0.00000000E+00  0.00000000E+00  0.10263289E+04  0.55921156E+05  0.12500000E+03  0.99799931E-02  0.69999999E+00  0.99998828E+03
  0.12500000E+01 -0.25000000E+00  0.00000000E+00  0.00000000E+00  0.10098477E+04  0.19901334E+05  0.12500000E+03  0.77363560E-02  0.69999999E+00  0.99999109E+03
  0.17500000E+01 -0.25000000E+00  0.00000000E+00  0.00000000E+00  0.10144753E+04  0.29664145E+05  0.12500000E+03  0.11895472E-01  0.69999999E+00  0.99998621E+03
  0.22500000E+01 -0.25000000E+00  0.00000000E+00  0.00000000E+00  0.10010072E+04  0.19821061E+04  0.12500000E+03  0.12087395E-01  0.69999999E+00  0.99998615E+03
  0.27500000E+01 -0.25000000E+00  0.00000000E+00  0.00000000E+00  0.10019637E+04  0.38756196E+04  0.12500000E+03  0.61521260E-02  0.69999999E+00  0.99999298E+03
  0.32500000E+01 -0.25000000E+00  0.00000000E+00  0.00000000E+00  0.10007521E+04  0.14789369E+04  0.12500000E+03  0.43883421E-02  0.69999999E+00  0.99999500E+03
  0.37500000E+01 -0.25000000E+00  0.00000000E+00  0.00000000E+00  0.10000070E+04  0.13565822E+02  0.12500000E+03 -0.15635355E-03  0.69999999E+00  0.10000002E+04
  0.42500000E+01 -0.25000000E+00  0.00000000E+00  0.00000000E+00  0.10000000E+04  0.00000000E+00  0.12500000E+03 -0.41102361E-35  0.69999999E+00  0.10000000E+04
  0.47500000E+01 -0.25000000E+00  0.00000000E+00  0.00000000E+00  0.10000000E+04  0.00000000E+00  0.12500000E+03 -0.27940798E-38  0.69999999E+00  0.10000000E+04
  0.52500000E+01 -0.25000000E+00  0.00000000E+00  0.00000000E+00  0.10000000E+04  0.00000000E+00  0.12500000E+03  0.00000000E+00  0.69999999E+00  0.10000000E+04
  0.57500000E+01 -0.25000000E+00  0.00000000E+00  0.00000000E+00  0.10000000E+04  0.00000000E+00  0.12500000E+03  0.00000000E+00  0.69999999E+00  0.10000000E+04
  0.62500000E+01 -0.25000000E+00  0.00000000E+00  0.00000000E+00  0.10000000E+04  0.00000000E+00  0.12500000E+03  0.00000000E+00  0.69999999E+00  0.10000000E+04
  0.67500000E+01 -0.25000000E+00  0.00000000E+00  0.00000000E+00  0.10000000E+04  0.00000000E+00  0.12500000E+03  0.00000000E+00  0.69999999E+00  0.10000000E+04
  0.72500000E+01 -0.25000000E+00  0.00000000E+00  0.00000000E+00  0.10000000E+04  0.00000000E+00  0.12500000E+03  0.00000000E+00  0.69999999E+00  0.10000000E+04
  0.77500000E+01 -0.25000000E+00  0.00000000E+00  0.00000000E+00  0.10000000E+04  0.00000000E+00  0.12500000E+03  0.00000000E+00  0.69999999E+00  0.10000000E+04
  0.40000000E+01  0.50000000E+00  0.00000000E+00  0.00000000E+00  0.10015325E+04  0.30204961E+04  0.12500000E+03 -0.52026974E-03  0.69999999E+00  0.10000006E+04
  0.37500000E+01  0.25000000E+00  0.00000000E+00  0.00000000E+00  0.10066437E+04  0.13297540E+05  0.12500000E+03 -0.22957688E-02  0.69999999E+00  0.10000026E+04
  0.40000000E+01  0.10000000E+01  0.00000000E+00  0.00000000E+00  0.10041525E+04  0.82492373E+04  0.12500000E+03 -0.13109224E-03  0.69999999E+00  0.10000001E+04
  0.37500000E+01  0.75000000E+00  0.00000000E+00  0.00000000E+00  0.10663663E+04  0.15920114E+06  0.12500000E+03  0.11271772E-02  0.69999999E+00  0.99999860E+03
  0.40000000E+01  0.15000000E+01  0.00000000E+00  0.00000000E+00  0.10001786E+04  0.35055292E+03  0.12500000E+03  0.50696591E-03  0.69999999E+00  0.99999945E+03
  0.37500000E+01  0.12500000E+01  0.00000000E+00  0.00000000E+00  0.10246946E+04  0.52191574E+05  0.12500000E+03  0.12560743E-02  0.69999999E+00  0.99999854E+03
  0.40000000E+01  0.20000000E+01  0.00000000E+00  0.00000000E+00  0.10013503E+04  0.26600125E+04  0.12500000E+03  0.38575369E-03  0.69999999E+00  0.99999957E+03
  0.37500000E+01  0.17500000E+01  0.00000000E+00  0.00000000E+00  0.10147791E+04  0.30314346E+05  0.12500000E+03  0.26246493E-02  0.69999999E+00  0.99999695E+03
  0.45000000E+01  0.50000000E+00  0.00000000E+00  0.00000000E+00  0.10000000E+04  0.00000000E+00  0.12500000E+03  0.82316840E-38  0.69999999E+00  0.10000000E+04
  0.42500000E+01  0.25000000E+00  0.00000000E+00  0.00000000E+00  0.10000018E+04  0.35083482E+01  0.12500000E+03 -0.74084828E-05  0.69999999E+00  0.10000000E+04
  0.45000000E+01  0.10000000E+01  0.00000000E+00  0.00000000E+00  0.10000000E+04  0.00000000E+00  0.12500000E+03 -0.85395128E-41  0.69999999E+00  0.10000000E+04
  0.42500000E+01  0.75000000E+00  0.00000000E+00  0.00000000E+00  0.10000916E+04  0.17967581E+03  0.12500000E+03 -0.20551628E-04  0.69999999E+00  0.10000000E+04
  0.45000000E+01  0.15000000E+01  0.00000000E+00  0.00000000E+00  0.10000000E+04  0.00000000E+00  0.12500000E+03 -0.34564428E-40  0.69999999E+00  0.10000000E+04
  0.42500000E+01  0.12500000E+01  0.00000000E+00  0.00000000E+00  0.10000066E+04  0.12864128E+02  0.12500000E+03  0.64903998E-05  0.69999999E+00  0.10000000E+04
  0.45000000E+01  0.20000000E+01  0.00000000E+00  0.00000000E+00  0.10000000E+04  0.00000000E+00  0.12500000E+03  0.30750094E-40  0.69999999E+00  0.10000000E+04
  0.42500000E+01  0.17500000E+01  0.00000000E+00  0.00000000E+00  0.10000031E+04  0.60811610E+01  0.12500000E+03 -0.35628464E-05  0.69999999E+00  0.10000000E+04
  0.50000000E+01  0.50000000E+00  0.00000000E+00  0.00000000E+00  0.10000000E+04  0.00000000E+00  0.12500000E+03  0.60115704E-41  0.69999999E+00  0.10000000E+04
  0.47500000E+01  0.25000000E+00  0.00000000E+00  0.00000000E+00  0.10000000E+04  0.00000000E+00  0.12500000E+03  0.27618163E-38  0.69999999E+00  0.10000000E+04
  0.50000000E+01  0.10000000E+01  0.00000000E+00  0.00000000E+00  0.10000000E+04  0.00000000E+00  0.12500000E+03  0.00000000E+00  0.69999999E+00  0.10000000E+04
  0.47500000E+01  0.75000000E+00  0.00000000E+00  0.00000000E+00  0.10000000E+04  0.00000000E+00  0.12500000E+03  0.63618950E-41  0.69999999E+00  0.10000000E+04
  0.50000000E+01  0.15000000E+01  0.00000000E+00  0.00000000E+00  0.10000000E+04  0.00000000E+00  0.12500000E+03 -0.25013178E-40  0.69999999E+00  0.10000000E+04
  0.47500000E+01  0.12500000E+01  0.00000000E+00  0.00000000E+00  0.10000000E+04  0.00000000E+00  0.12500000E+03 -0.23965006E-40  0.69999999E+00  0.10000000E+04
  0.50000000E+01  0.20000000E+01  0.00000000E+00  0.00000000E+00  0.10000000E+04  0.00000000E+00  0.12500000E+03  0.21672482E-40  0.69999999E+00  0.10000000E+04
  0.47500000E+01  0.17500000E+01  0.00000000E+00  0.00000000E+00  0.10000000E+04  0.00000000E+00  0.12500000E+03 -0.12331426E-41  0.69999999E+00  0.10000000E+04
  0.28313220E+01  0.89728129E+00 -0.11662631E+00  0.37881857E+00  0.10063831E+04  0.12765950E+05  0.12576698E+03  0.12576656E+03  0.10000000E+01  0.00000000E+00
  0.88667440E+00  0.13572234E+01  0.26742908E+00 -0.22224195E-01  0.10028274E+04  0.55946470E+04  0.12561582E+03  0.12561256E+03  0.10000000E+01  0.00000000E+00
  0.18287807E+01  0.10841150E+01  0.16026315E+00  0.25132295E+00  0.10149789E+04  0.30742666E+05  0.12546356E+03  0.12546323E+03  0.10000000E+01  0.00000000E+00
  0.27477224E+01  0.15576069E+01 -0.75533855E+00 -0.56506526E+00  0.10062822E+04  0.12560442E+05  0.12531018E+03  0.12531044E+03  0.10000000E+01  0.00000000E+00
  0.24047384E+01  0.16143256E+01 -0.24352155E+01 -0.68263686E+00  0.10019460E+04  0.38403596E+04  0.12515567E+03  0.12515567E+03  0.10000000E+01  0.00000000E+00
  0.26728249E+01  0.16029098E+01 -0.98970175E+00 -0.52697200E+00  0.10045918E+04  0.91342158E+04  0.12500000E+03  0.12499985E+03  0.10000000E+01  0.00000000E+00
  0.26869807E+01  0.84696102E+00 -0.21885395E+00  0.25713354E+00  0.10094099E+04  0.18991668E+05  0.12576698E+03  0.12575461E+03  0.10000000E+01  0.00000000E+00
  0.95196915E+00  0.88694215E+00 -0.47441450E+00  0.19344932E+00  0.10110789E+04  0.22472863E+05  0.12561582E+03  0.12560609E+03  0.10000000E+01  0.00000000E+00
  0.79206407E+00  0.10437859E+01 -0.44433467E-01  0.42661321E+00  0.10071828E+04  0.14400064E+05  0.12546356E+03  0.12546051E+03  0.10000000E+01  0.00000000E+00
  0.28794577E+01  0.90981030E+00 -0.49842608E+00 -0.99334383E+00  0.10046784E+04  0.93087959E+04  0.12531018E+03  0.12531038E+03  0.10000000E+01  0.00000000E+00
  0.10752476E+01  0.87930202E+00 -0.30326331E+00  0.86274624E-01  0.10114891E+04  0.23333725E+05  0.12515567E+03  0.12515535E+03  0.10000000E+01  0.00000000E+00
  0.66775346E+00  0.88319921E+00  0.27516693E+00 -0.41168004E+00  0.10134064E+04  0.27385205E+05  0.12500000E+03  0.12500000E+03  0.10000000E+01  0.00000000E+00
  0.19434845E+01  0.95334303E+00 -0.11414260E+01  0.81431784E-01  0.10040377E+04  0.80184121E+04  0.12576698E+03  0.12575644E+03  0.10000000E+01  0.00000000E+00
  0.26425459E+01  0.85285997E+00 -0.24868402E+00  0.33370459E+00  0.10109940E+04  0.22294998E+05  0.12561582E+03  0.12561059E+03  0.10000000E+01  0.00000000E+00
  0.26866045E+01  0.13245431E+01 -0.30313051E+00 -0.30525652E+00  0.10025889E+04  0.51192168E+04  0.12546356E+03  0.12546005E+03  0.10000000E+01  0.00000000E+00
  0.13963900E+01  0.88068390E+00 -0.72949773E+00 -0.43801969E+00  0.10054727E+04  0.10915262E+05  0.12531018E+03  0.12531018E+03  0.10000000E+01  0.00000000E+00
  0.29497409E+01  0.83387876E+00  0.12258273E+00  0.92266786E+00  0.10129146E+04  0.26341682E+05  0.12515567E+03  0.12515553E+03  0.10000000E+01  0.00000000E+00
  0.10131817E+01  0.16481721E+01 -0.17906565E-01 -0.20412598E-01  0.10021517E+04  0.42490396E+04  0.12500000E+03  0.12500612E+03  0.10000000E+01  0.00000000E+00
  0.95606470E+00  0.15365244E+01  0.42073920E+00  0.14044973E+00  0.10013243E+04  0.26086143E+04  0.12576698E+03  0.12576566E+03  0.10000000E+01  0.00000000E+00
  0.23552384E+01  0.98686159E+00  0.25301918E+00 -0.37046808E+00  0.10043447E+04  0.86362197E+04  0.12561582E+03  0.12561228E+03  0.10000000E+01  0.00000000E+00
  0.16548681E+01  0.11224859E+01 -0.38235825E+00 -0.23974398E+00  0.10091987E+04  0.18553535E+05  0.12546356E+03  0.12546202E+03  0.10000000E+01  0.00000000E+00
  0.21522648E+01  0.95503163E+00 -0.50576341E+00  0.61756301E+00  0.10100447E+04  0.20311605E+05  0.12531018E+03  0.12530890E+03  0.10000000E+01  0.00000000E+00
  0.20519180E+01  0.16051159E+01 -0.75794971E+00  0.63187140E+00  0.99908020E+03 -0.17997124E+04  0.12515567E+03  0.12515567E+03  0.10000000E+01  0.00000000E+00
  0.13374283E+01  0.86559355E+00 -0.27079967E+00 -0.15198934E+00  0.10069397E+04  0.13902356E+05  0.12500000E+03  0.12500012E+03  0.10000000E+01  0.00000000E+00
  0.11361890E+01  0.16482208E+01  0.13169411E+00  0.69471911E-01  0.10020897E+04  0.41256250E+04  0.12561582E+03  0.12560780E+03  0.10000000E+01  0.00000000E+00
  0.14003118E+01  0.17369883E+01 -0.12859454E+01  0.10297751E+01  0.10021667E+04  0.42786562E+04  0.12531018E+03  0.12531004E+03  0.10000000E+01  0.00000000E+00
  0.22943804E+01  0.18953748E+01 -0.23133266E+00 -0.64671189E-01  0.10021786E+04  0.43025889E+04  0.12500000E+03  0.12500000E+03  0.10000000E+01  0.00000000E+00
