  0.00000000E+00  0.00000000E+00  0.00000000E+00  0.00000000E+00  0.10025958E+04  0.51327573E+04  0.12500000E+03  0.20908576E-02  0.69999999E+00  0.99999762E+03
  0.00000000E+00  0.50000000E+00  0.00000000E+00  0.00000000E+00  0.10398269E+04  0.88121578E+05  0.12500000E+03  0.20080279E-02  0.69999999E+00  0.99999762E+03
  0.00000000E+00  0.10000000E+01  0.00000000E+00  0.00000000E+00  0.10316355E+04  0.68280250E+05  0.12500000E+03  0.28560965E-02  0.69999999E+00  0.99999664E+03
  0.00000000E+00  0.15000000E+01  0.00000000E+00  0.00000000E+00  0.10096284E+04  0.19445461E+05  0.12500000E+03  0.98269945E-03  0.69999999E+00  0.99999884E+03
  0.00000000E+00  0.20000000E+01  0.00000000E+00  0.00000000E+00  0.10298298E+04  0.64031965E+05  0.12500000E+03 -0.10683076E-02  0.69999999E+00  0.10000013E+04
  0.00000000E+00  0.25000000E+01  0.00000000E+00  0.00000000E+00  0.10040551E+04  0.80533970E+04  0.12500000E+03  0.30790473E-03  0.69999999E+00  0.99999963E+03
  0.00000000E+00  0.30000000E+01  0.00000000E+00  0.00000000E+00  0.10000000E+04  0.00000000E+00  0.12500000E+03  0.60528782E-05  0.69999999E+00  0.10000000E+04
  0.00000000E+00  0.35000000E+01  0.00000000E+00  0.00000000E+00  0.10000000E+04  0.00000000E+00  0.12500000E+03  0.00000000E+00  0.69999999E+00  0.10000000E+04
  0.00000000E+00  0.40000000E+01  0.00000000E+00  0.00000000E+00  0.10000000E+04  0.00000000E+00  0.12500000E+03  0.00000000E+00  0.69999999E+00  0.10000000E+04
 -0.25000000E+00 -0.25000000E+00  0.00000000E+00  0.00000000E+00  0.10006414E+04  0.12607445E+04  0.12500000E+03  0.52005530E-03  0.69999999E+00  0.99999939E+03
 -0.25000000E+00  0.25000000E+00  0.00000000E+00  0.00000000E+00  0.10023225E+04  0.45887261E+04  0.12500000E+03  0.86245901E-03  0.69999999E+00  0.99999902E+03
 -0.25000000E+00  0.75000000E+00  0.00000000E+00  0.00000000E+00  0.10149257E+04  0.30628637E+05  0.12500000E+03  0.17603606E-03  0.69999999E+00  0.99999982E+03
 -0.25000000E+00  0.12500000E+01  0.00000000E+00  0.00000000E+00  0.10033127E+04  0.65644819E+04  0.12500000E+03  0.91825268E-03  0.69999999E+00  0.99999896E+03
 -0.25000000E+00  0.17500000E+01  0.00000000E+00  0.00000000E+00  0.10015397E+04  0.30348953E+04  0.12500000E+03 -0.29124517E-03  0.69999999E+00  0.10000003E+04
 -0.25000000E+00  0.22500000E+01  0.00000000E+00  0.00000000E+00  0.10013080E+04  0.25763176E+04  0.12500000E+03 -0.14210533E-03  0.69999999E+00  0.10000002E+04
 -0.25000000E+00  0.27500000E+01  0.00000000E+00  0.00000000E+00  0.10000000E+04  0.00000000E+00  0.12500000E+03  0.00000000E+00  0.69999999E+00  0.10000000E+04
 -0.25000000E+00  0.32500000E+01  0.00000000E+00  0.00000000E+00  0.10000000E+04  0.00000000E+00  0.12500000E+03  0.00000000E+00  0.69999999E+00  0.10000000E+04
 -0.25000000E+00  0.37500000E+01  0.00000000E+00  0.00000000E+00  0.10000000E+04  0.00000000E+00  0.12500000E+03  0.00000000E+00  0.69999999E+00  0.10000000E+04
  0.80000000E+01  0.00000000E+00  0.00000000E+00  0.00000000E+00  0.10000000E+04  0.00000000E+00  0.12500000E+03  0.00000000E+00  0.69999999E+00  0.10000000E+04
  0.80000000E+01  0.50000000E+00  0.00000000E+00  0.00000000E+00  0.10000000E+04  0.00000000E+00  0.12500000E+03  0.00000000E+00  0.69999999E+00  0.10000000E+04
  0.80000000E+01  0.10000000E+01  0.00000000E+00  0.00000000E+00  0.10000000E+04  0.00000000E+00  0.12500000E+03  0.00000000E+00  0.69999999E+00  0.10000000E+04
  0.80000000E+01  0.15000000E+01  0.00000000E+00  0.00000000E+00  0.10000000E+04  0.00000000E+00  0.12500000E+03  0.00000000E+00  0.69999999E+00  0.10000000E+04
  0.80000000E+01  0.20000000E+01  0.00000000E+00  0.00000000E+00  0.10000000E+04  0.00000000E+00  0.12500000E+03  0.00000000E+00  0.69999999E+00  0.10000000E+04
  0.80000000E+01  0.25000000E+01  0.00000000E+00  0.00000000E+00  0.10000000E+04  0.00000000E+00  0.12500000E+03  0.00000000E+00  0.69999999E+00  0.10000000E+04
  0.80000000E+01  0.30000000E+01  0.00000000E+00  0.00000000E+00  0.10000000E+04  0.00000000E+00  0.12500000E+03  0.00000000E+00  0.69999999E+00  0.10000000E+04
  0.80000000E+01  0.35000000E+01  0.00000000E+00  0.00000000E+00  0.10000000E+04  0.00000000E+00  0.12500000E+03  0.00000000E+00  0.69999999E+00  0.10000000E+04
  0.80000000E+01  0.40000000E+01  0.00000000E+00  0.00000000E+00  0.10000000E+04  0.00000000E+00  0.12500000E+03  0.00000000E+00  0.69999999E+00  0.10000000E+04
  0.82500000E+01 -0.25000000E+00  0.00000000E+00  0.00000000E+00  0.10000000E+04  0.00000000E+00  0.12500000E+03  0.00000000E+00  0.69999999E+00  0.10000000E+04
  0.82500000E+01  0.25000000E+00  0.00000000E+00  0.00000000E+00  0.10000000E+04  0.00000000E+00  0.12500000E+03  0.00000000E+00  0.69999999E+00  0.10000000E+04
  0.82500000E+01  0.75000000E+00  0.00000000E+00  0.00000000E+00  0.10000000E+04  0.00000000E+00  0.12500000E+03  0.00000000E+00  0.69999999E+00  0.10000000E+04
  0.82500000E+01  0.12500000E+01  0.00000000E+00  0.00000000E+00  0.10000000E+04  0.00000000E+00  0.12500000E+03  0.00000000E+00  0.69999999E+00  0.10000000E+04
  0.82500000E+01  0.17500000E+01  0.00000000E+00  0.00000000E+00  0.10000000E+04  0.00000000E+00  0.12500000E+03  0.00000000E+00  0.69999999E+00  0.10000000E+04
  0.82500000E+01  0.22500000E+01  0.00000000E+00  0.00000000E+00  0.10000000E+04  0.00000000E+00  0.12500000E+03  0.00000000E+00  0.69999999E+00  0.10000000E+04
  0.82500000E+01  0.27500000E+01  0.00000000E+00  0.00000000E+00  0.10000000E+04  0.00000000E+00  0.12500000E+03  0.00000000E+00  0.69999999E+00  0.10000000E+04
  0.82500000E+01  0.32500000E+01  0.00000000E+00  0.00000000E+00  0.10000000E+04  0.00000000E+00  0.12500000E+03  0.00000000E+00  0.69999999E+00  0.10000000E+04
  0.82500000E+01  0.37500000E+01  0.00000000E+00  0.00000000E+00  0.10000000E+04  0.00000000E+00  0.12500000E+03  0.00000000E+00  0.69999999E+00  0.10000000E+04
  0.50000000E+00  0.00000000E+00  0.00000000E+00  0.00000000E+00  0.10455167E+04  0.10246664E+06  0.12500000E+03  0.10197273E-01  0.69999999E+00  0.99998779E+03
  0.10000000E+01  0.00000000E+00  0.00000000E+00  0.00000000E+00  0.10759250E+04  0.18753014E+06  0.12500000E+03  0.50407085E-02  0.69999999E+00  0.99999377E+03
  0.15000000E+01  0.00000000E+00  0.00000000E+00  0.00000000E+00  0.10332222E+04  0.72050320E+05  0.12500000E+03  0.18257048E-01  0.69999999E+00  0.99997845E+03
  0.20000000E+01  0.00000000E+00  0.00000000E+00  0.00000000E+00  0.11395269E+04  0.41902938E+06  0.12500000E+03  0.20628126E-01  0.69999999E+00  0.99997314E+03
  0.25000000E+01  0.00000000E+00  0.00000000E+00  0.00000000E+00  0.10211660E+04  0.44259562E+05  0.12500000E+03  0.40087043E-02  0.69999999E+00  0.99999530E+03
  0.30000000E+01  0.00000000E+00  0.00000000E+00  0.00000000E+00  0.10365024E+04  0.79955492E+05  0.12500000E+03  0.57875607E-02  0.69999999E+00  0.99999316E+03
  0.35000000E+01  0.00000000E+00  0.00000000E+00  0.00000000E+00  0.10053821E+04  0.10731639E+05  0.12500000E+03  0.22058848E-02  0.69999999E+00  0.99999744E+03
  0.40000000E+01  0.00000000E+00  0.00000000E+00  0.00000000E+00  0.10000137E+04  0.26898298E+02  0.12500000E+03 -0.68247195E-04  0.69999999E+00  0.10000001E+04
  0.45000000E+01  0.00000000E+00  0.00000000E+00  0.00000000E+00  0.10000000E+04  0.00000000E+00  0.12500000E+03  0.35761137E-41  0.69999999E+00  0.10000000E+04
  0.50000000E+01  0.00000000E+00  0.00000000E+00  0.00000000E+00  0.10000000E+04  0.00000000E+00  0.12500000E+03  0.00000000E+00  0.69999999E+00  0.10000000E+04
  0.55000000E+01  0.00000000E+00  0.00000000E+00  0.00000000E+00  0.10000000E+04  0.00000000E+00  0.12500000E+03  0.00000000E+00  0.69999999E+00  0.10000000E+04
  0.60000000E+01  0.00000000E+00  0.00000000E+00  0.00000000E+00  0.10000000E+04  0.00000000E+00  0.12500000E+03  0.00000000E+00  0.69999999E+00  0.10000000E+04
  0.65000000E+01  0.00000000E+00  0.00000000E+00  0.00000000E+00  0.10000000E+04  0.00000000E+00  0.12500000E+03  0.00000000E+00  0.69999999E+00  0.10000000E+04
  0.70000000E+01  0.00000000E+00  0.00000000E+00  0.00000000E+00  0.10000000E+04  0.00000000E+00  0.12500000E+03  0.00000000E+00  0.69999999E+00  0.10000000E+04
  0.75000000E+01  0.00000000E+00  0.00000000E+00  0.00000000E+00  0.10000000E+04  0.00000000E+00  0.12500000E+03  0.00000000E+00  0.69999999E+00  0.10000000E+04
  0.25000000E+00 -0.25000000E+00  0.00000000E+00  0.00000000E+00  0.10056285E+04  0.11231519E+05  0.12500000E+03  0.29502255E-02  0.69999999E+00  0.99999658E+03
  0.75000000E+00 -0.25000000E+00  0.00000000E+00  0.00000000E+00  0.10255657E+04  0.54175031E+05  0.12500000E+03  0.75194952E-02  0.69999999E+00  0.99999121E+03
  0.12500000E+01 -0.25000000E+00  0.00000000E+00  0.00000000E+00  0.10139296E+04  0.28498857E+05  0.12500000E+03  0.60182232E-02  0.69999999E+00  0.99999304E+03
  0.17500000E+01 -0.25000000E+00  0.00000000E+00  0.00000000E+00  0.10161935E+04  0.33357488E+05  0.12500000E+03  0.93299951E-02  0.69999999E+00  0.99998914E+03
  0.22500000E+01 -0.25000000E+00  0.00000000E+00  0.00000000E+00  0.10015220E+04  0.29997246E+04  0.12500000E+03  0.86381361E-02  0.69999999E+00  0.99999011E+03
  0.27500000E+01 -0.25000000E+00  0.00000000E+00  0.00000000E+00  0.10066460E+04  0.13302407E+05  0.12500000E+03  0.27351335E-02  0.69999999E+00  0.99999683E+03
  0.32500000E+01 -0.25000000E+00  0.00000000E+00  0.00000000E+00  0.10011821E+04  0.23274805E+04  0.12500000E+03  0.21805549E-02  0.69999999E+00  0.99999750E+03
  0.37500000E+01 -0.25000000E+00  0.00000000E+00  0.00000000E+00  0.10000070E+04  0.13565822E+02  0.12500000E+03 -0.15635355E-03  0.69999999E+00  0.10000002E+04
  0.42500000E+01 -0.25000000E+00  0.00000000E+00  0.00000000E+00  0.10000000E+04  0.00000000E+00  0.12500000E+03 -0.10159470E-37  0.69999999E+00  0.10000000E+04
  0.47500000E+01 -0.25000000E+00  0.00000000E+00  0.00000000E+00  0.10000000E+04  0.00000000E+00  0.12500000E+03 -0.33659189E-41  0.69999999E+00  0.10000000E+04
  0.52500000E+01 -0.25000000E+00  0.00000000E+00  0.00000000E+00  0.10000000E+04  0.00000000E+00  0.12500000E+03  0.00000000E+00  0.69999999E+00  0.10000000E+04
  0.57500000E+01 -0.25000000E+00  0.00000000E+00  0.00000000E+00  0.10000000E+04  0.00000000E+00  0.12500000E+03  0.00000000E+00  0.69999999E+00  0.10000000E+04
  0.62500000E+01 -0.25000000E+00  0.00000000E+00  0.00000000E+00  0.10000000E+04  0.00000000E+00  0.12500000E+03  0.00000000E+00  0.69999999E+00  0.10000000E+04
  0.67500000E+01 -0.25000000E+00  0.00000000E+00  0.00000000E+00  0.10000000E+04  0.00000000E+00  0.12500000E+03  0.00000000E+00  0.69999999E+00  0.10000000E+04
  0.72500000E+01 -0.25000000E+00  0.00000000E+00  0.00000000E+00  0.10000000E+04  0.00000000E+00  0.12500000E+03  0.00000000E+00  0.69999999E+00  0.10000000E+04
  0.77500000E+01 -0.25000000E+00  0.00000000E+00  0.00000000E+00  0.10000000E+04  0.00000000E+00  0.12500000E+03  0.00000000E+00  0.69999999E+00  0.10000000E+04
  0.40000000E+01  0.50000000E+00  0.00000000E+00  0.00000000E+00  0.10009880E+04  0.19442241E+04  0.12500000E+03 -0.22059401E-03  0.69999999E+00  0.10000002E+04
  0.37500000E+01  0.25000000E+00  0.00000000E+00  0.00000000E+00  0.10039337E+04  0.78095352E+04  0.12500000E+03 -0.97721140E-03  0.69999999E+00  0.10000011E+04
  0.40000000E+01  0.10000000E+01  0.00000000E+00  0.00000000E+00  0.10040098E+04  0.79623472E+04  0.12500000E+03 -0.83354447E-04  0.69999999E+00  0.10000001E+04
  0.37500000E+01  0.75000000E+00  0.00000000E+00  0.00000000E+00  0.10468508E+04  0.10589848E+06  0.12500000E+03  0.76103606E-03  0.69999999E+00  0.99999908E+03
  0.40000000E+01  0.15000000E+01  0.00000000E+00  0.00000000E+00  0.10003188E+04  0.62625092E+03  0.12500000E+03  0.23507851E-03  0.69999999E+00  0.99999976E+03
  0.37500000E+01  0.12500000E+01  0.00000000E+00  0.00000000E+00  0.10318834E+04  0.68867125E+05  0.12500000E+03  0.51584170E-03  0.69999999E+00  0.99999939E+03
  0.40000000E+01  0.20000000E+01  0.00000000E+00  0.00000000E+00  0.10001658E+04  0.32550098E+03  0.12500000E+03  0.21650527E-03  0.69999999E+00  0.99999976E+03
  0.37500000E+01  0.17500000E+01  0.00000000E+00  0.00000000E+00  0.10222445E+04  0.46666516E+05  0.12500000E+03  0.11700254E-02  0.69999999E+00  0.99999866E+03
  0.45000000E+01  0.50000000E+00  0.00000000E+00  0.00000000E+00  0.10000000E+04  0.00000000E+00  0.12500000E+03  0.10442476E-40  0.69999999E+00  0.10000000E+04
  0.42500000E+01  0.25000000E+00  0.00000000E+00  0.00000000E+00  0.10000018E+04  0.35083482E+01  0.12500000E+03 -0.74084828E-05  0.69999999E+00  0.10000000E+04
  0.45000000E+01  0.10000000E+01  0.00000000E+00  0.00000000E+00  0.10000000E+04  0.00000000E+00  0.12500000E+03  0.00000000E+00  0.69999999E+00  0.10000000E+04
  0.42500000E+01  0.75000000E+00  0.00000000E+00  0.00000000E+00  0.10000944E+04  0.18529227E+03  0.12500000E+03 -0.75637886E-05  0.69999999E+00  0.10000000E+04
  0.45000000E+01  0.15000000E+01  0.00000000E+00  0.00000000E+00  0.10000000E+04  0.00000000E+00  0.12500000E+03 -0.00000000E+00  0.69999999E+00  0.10000000E+04
  0.42500000E+01  0.12500000E+01  0.00000000E+00  0.00000000E+00  0.10000066E+04  0.12864128E+02  0.12500000E+03  0.34267537E-05  0.69999999E+00  0.10000000E+04
  0.45000000E+01  0.20000000E+01  0.00000000E+00  0.00000000E+00  0.10000000E+04  0.00000000E+00  0.12500000E+03  0.00000000E+00  0.69999999E+00  0.10000000E+04
  0.42500000E+01  0.17500000E+01  0.00000000E+00  0.00000000E+00  0.10000031E+04  0.60811610E+01  0.12500000E+03  0.28991612E-05  0.69999999E+00  0.10000000E+04
  0.50000000E+01  0.50000000E+00  0.00000000E+00  0.00000000E+00  0.10000000E+04  0.00000000E+00  0.12500000E+03  0.00000000E+00  0.69999999E+00  0.10000000E+04
  0.47500000E+01  0.25000000E+00  0.00000000E+00  0.00000000E+00  0.10000000E+04  0.00000000E+00  0.12500000E+03  0.33182748E-41  0.69999999E+00  0.10000000E+04
  0.50000000E+01  0.10000000E+01  0.00000000E+00  0.00000000E+00  0.10000000E+04  0.00000000E+00  0.12500000E+03  0.00000000E+00  0.69999999E+00  0.10000000E+04
  0.47500000E+01  0.75000000E+00  0.00000000E+00  0.00000000E+00  0.10000000E+04  0.00000000E+00  0.12500000E+03  0.00000000E+00  0.69999999E+00  0.10000000E+04
  0.50000000E+01  0.15000000E+01  0.00000000E+00  0.00000000E+00  0.10000000E+04  0.00000000E+00  0.12500000E+03  0.00000000E+00  0.69999999E+00  0.10000000E+04
  0.47500000E+01  0.12500000E+01  0.00000000E+00  0.00000000E+00  0.10000000E+04  0.00000000E+00  0.12500000E+03  0.00000000E+00  0.69999999E+00  0.10000000E+04
  0.50000000E+01  0.20000000E+01  0.00000000E+00  0.00000000E+00  0.10000000E+04  0.00000000E+00  0.12500000E+03  0.00000000E+00  0.69999999E+00  0.10000000E+04
  0.47500000E+01  0.17500000E+01  0.00000000E+00  0.00000000E+00  0.10000000E+04  0.00000000E+00  0.12500000E+03 -0.00000000E+00  0.69999999E+00  0.10000000E+04
  0.26936524E+01  0.97954416E+00  0.30922386E+00 -0.90150148E-01  0.10131279E+04  0.26793881E+05  0.12576698E+03  0.12576674E+03  0.10000000E+01  0.00000000E+00
  0.12691501E+01  0.10788785E+01  0.29489854E+00 -0.38392611E-01  0.10082314E+04  0.16554338E+05  0.12561582E+03  0.12561256E+03  0.10000000E+01  0.00000000E+00
  0.10853655E+01  0.15705529E+01  0.15644944E+01  0.99374068E+00  0.99995587E+03 -0.86527344E+02  0.12546356E+03  0.12546333E+03  0.10000000E+01  0.00000000E+00
  0.15394334E+01  0.17392803E+01  0.17591641E+01 -0.14585997E+01  0.10028800E+04  0.56995703E+04  0.12531018E+03  0.12531027E+03  0.10000000E+01  0.00000000E+00
  0.22017183E+01  0.15076500E+01  0.93904364E+00  0.72345906E+00  0.10146705E+04  0.30081742E+05  0.12515567E+03  0.12515567E+03  0.10000000E+01  0.00000000E+00
  0.26472187E+01  0.15230489E+01  0.21968653E+01 -0.21059269E+00  0.99685193E+03 -0.61185034E+04  0.12500000E+03  0.12500000E+03  0.10000000E+01  0.00000000E+00
  0.25972481E+01  0.96508241E+00 -0.40002042E+00 -0.39335427E+00  0.10216277E+04  0.45288371E+05  0.12576698E+03  0.12575494E+03  0.10000000E+01  0.00000000E+00
  0.10947202E+01  0.10224919E+01  0.27412930E+00  0.29114130E+00  0.10111184E+04  0.22555580E+05  0.12561582E+03  0.12560624E+03  0.10000000E+01  0.00000000E+00
  0.10195975E+01  0.15080888E+01 -0.35624364E-02 -0.13139119E+01  0.10048942E+04  0.97446787E+04  0.12546356E+03  0.12546037E+03  0.10000000E+01  0.00000000E+00
  0.23880188E+01  0.13150049E+01  0.16018045E+00 -0.41369170E-01  0.10177973E+04  0.36839062E+05  0.12531018E+03  0.12531038E+03  0.10000000E+01  0.00000000E+00
  0.96493709E+00  0.98035049E+00  0.75939590E+00 -0.67358840E+00  0.10075833E+04  0.15221147E+05  0.12515567E+03  0.12515567E+03  0.10000000E+01  0.00000000E+00
  0.65674245E+00  0.83491325E+00  0.18173300E+00  0.13037560E+01  0.10158712E+04  0.32661727E+05  0.12500000E+03  0.12500000E+03  0.10000000E+01  0.00000000E+00
  0.18686368E+01  0.10874740E+01  0.49212933E+00 -0.99693871E+00  0.10274517E+04  0.58504359E+05  0.12576698E+03  0.12575644E+03  0.10000000E+01  0.00000000E+00
  0.22301328E+01  0.97677958E+00  0.12895908E+01 -0.13956449E+01  0.97866083E+03 -0.39280531E+05  0.12561582E+03  0.12561089E+03  0.10000000E+01  0.00000000E+00
  0.26888609E+01  0.79422343E+00 -0.13138136E+00 -0.47507593E+00  0.10144092E+04  0.29522674E+05  0.12546356E+03  0.12546005E+03  0.10000000E+01  0.00000000E+00
  0.20550983E+01  0.98894811E+00 -0.11659434E+01  0.17301767E+01  0.10026191E+04  0.51790840E+04  0.12531018E+03  0.12531018E+03  0.10000000E+01  0.00000000E+00
  0.28485789E+01  0.76188576E+00  0.11769817E+01  0.93244743E+00  0.10024933E+04  0.49285225E+04  0.12515567E+03  0.12515553E+03  0.10000000E+01  0.00000000E+00
  0.11553550E+01  0.18397024E+01  0.21951299E+01 -0.40782750E+00  0.10090560E+04  0.18257885E+05  0.12500000E+03  0.12499989E+03  0.10000000E+01  0.00000000E+00
  0.86300921E+00  0.10019537E+01  0.11191222E+00  0.28045410E+00  0.10089135E+04  0.17962730E+05  0.12576698E+03  0.12576566E+03  0.10000000E+01  0.00000000E+00
  0.22188573E+01  0.95798290E+00  0.13423201E+01 -0.11189394E+01  0.99708020E+03 -0.56786982E+04  0.12561582E+03  0.12561221E+03  0.10000000E+01  0.00000000E+00
  0.28671184E+01  0.10742655E+01  0.22871633E+00  0.10024579E+01  0.99972156E+03 -0.54579083E+03  0.12546356E+03  0.12546202E+03  0.10000000E+01  0.00000000E+00
  0.16101398E+01  0.10567982E+01  0.18367751E+01  0.76805806E+00  0.10113477E+04  0.23036777E+05  0.12531018E+03  0.12530890E+03  0.10000000E+01  0.00000000E+00
  0.87935889E+00  0.18454363E+01  0.10426002E+01 -0.13217605E+01  0.10091295E+04  0.18410248E+05  0.12515567E+03  0.12515567E+03  0.10000000E+01  0.00000000E+00
  0.12142742E+01  0.76856482E+00  0.31069052E+00  0.37164015E+00  0.10105424E+04  0.21349973E+05  0.12500000E+03  0.12500012E+03  0.10000000E+01  0.00000000E+00
  0.13618784E+01  0.17343392E+01 -0.18763182E+00  0.29032785E+00  0.99842096E+03 -0.30834512E+04  0.12561582E+03  0.12561399E+03  0.10000000E+01  0.00000000E+00
  0.28052492E+01  0.15782847E+01 -0.11410986E+01  0.17906916E+01  0.99581195E+03 -0.81144536E+04  0.12531018E+03  0.12531004E+03  0.10000000E+01  0.00000000E+00
  0.21156719E+01  0.17873042E+01  0.21977534E+01  0.41176751E+00  0.10008893E+04  0.17494711E+04  0.12500000E+03  0.12500000E+03  0.10000000E+01  0.00000000E+00
