  0.00000000E+00  0.00000000E+00  0.00000000E+00  0.00000000E+00  0.10007657E+04  0.15059568E+04  0.12500000E+03  0.26910214E-02  0.69999999E+00  0.99999695E+03
  0.00000000E+00  0.50000000E+00  0.00000000E+00  0.00000000E+00  0.10101129E+04  0.20453688E+05  0.12500000E+03  0.39151502E-02  0.69999999E+00  0.99999548E+03
  0.00000000E+00  0.10000000E+01  0.00000000E+00  0.00000000E+00  0.10073573E+04  0.14757688E+05  0.12500000E+03  0.41996194E-02  0.69999999E+00  0.99999518E+03
  0.00000000E+00  0.15000000E+01  0.00000000E+00  0.00000000E+00  0.10167574E+04  0.34578004E+05  0.12500000E+03  0.15580729E-02  0.69999999E+00  0.99999817E+03
  0.00000000E+00  0.20000000E+01  0.00000000E+00  0.00000000E+00  0.10195227E+04  0.40621266E+05  0.12500000E+03 -0.20682593E-02  0.69999999E+00  0.10000024E+04
  0.00000000E+00  0.25000000E+01  0.00000000E+00  0.00000000E+00  0.10034469E+04  0.68332266E+04  0.12500000E+03  0.51974104E-03  0.69999999E+00  0.99999939E+03
  0.00000000E+00  0.30000000E+01  0.00000000E+00  0.00000000E+00  0.10000026E+04  0.51455903E+01  0.12500000E+03  0.38292605E-04  0.69999999E+00  0.99999994E+03
  0.00000000E+00  0.35000000E+01  0.00000000E+00  0.00000000E+00  0.10000000E+04  0.00000000E+00  0.12500000E+03  0.00000000E+00  0.69999999E+00  0.10000000E+04
  0.00000000E+00  0.40000000E+01  0.00000000E+00  0.00000000E+00  0.10000000E+04  0.00000000E+00  0.12500000E+03  0.00000000E+00  0.69999999E+00  0.10000000E+04
 -0.25000000E+00 -0.25000000E+00  0.00000000E+00  0.00000000E+00  0.10006414E+04  0.12607445E+04  0.12500000E+03  0.52005530E-03  0.69999999E+00  0.99999939E+03
 -0.25000000E+00  0.25000000E+00  0.00000000E+00  0.00000000E+00  0.10004385E+04  0.86137476E+03  0.12500000E+03  0.12319274E-02  0.69999999E+00  0.99999860E+03
 -0.25000000E+00  0.75000000E+00  0.00000000E+00  0.00000000E+00  0.10045541E+04  0.90580156E+04  0.12500000E+03  0.65827428E-03  0.69999999E+00  0.99999927E+03
 -0.25000000E+00  0.12500000E+01  0.00000000E+00  0.00000000E+00  0.10034507E+04  0.68406284E+04  0.12500000E+03  0.13206962E-02  0.69999999E+00  0.99999847E+03
 -0.25000000E+00  0.17500000E+01  0.00000000E+00  0.00000000E+00  0.10009218E+04  0.18134352E+04  0.12500000E+03 -0.43015898E-03  0.69999999E+00  0.10000005E+04
 -0.25000000E+00  0.22500000E+01  0.00000000E+00  0.00000000E+00  0.10015139E+04  0.29839109E+04  0.12500000E+03 -0.18548567E-03  0.69999999E+00  0.10000002E+04
 -0.25000000E+00  0.27500000E+01  0.00000000E+00  0.00000000E+00  0.10000007E+04  0.14033347E+01  0.12500000E+03  0.17473474E-04  0.69999999E+00  0.10000000E+04
 -0.25000000E+00  0.32500000E+01  0.00000000E+00  0.00000000E+00  0.10000000E+04  0.00000000E+00  0.12500000E+03  0.16655834E-40  0.69999999E+00  0.10000000E+04
 -0.25000000E+00  0.37500000E+01  0.00000000E+00  0.00000000E+00  0.10000000E+04  0.00000000E+00  0.12500000E+03  0.00000000E+00  0.69999999E+00  0.10000000E+04
  0.80000000E+01  0.00000000E+00  0.00000000E+00  0.00000000E+00  0.10000000E+04  0.00000000E+00  0.12500000E+03  0.00000000E+00  0.69999999E+00  0.10000000E+04
  0.80000000E+01  0.50000000E+00  0.00000000E+00  0.00000000E+00  0.10000000E+04  0.00000000E+00  0.12500000E+03  0.00000000E+00  0.69999999E+00  0.10000000E+04
  0.80000000E+01  0.10000000E+01  0.00000000E+00  0.00000000E+00  0.10000000E+04  0.00000000E+00  0.12500000E+03  0.00000000E+00  0.69999999E+00  0.10000000E+04
  0.80000000E+01  0.15000000E+01  0.00000000E+00  0.00000000E+00  0.10000000E+04  0.00000000E+00  0.12500000E+03  0.00000000E+00  0.69999999E+00  0.10000000E+04
  0.80000000E+01  0.20000000E+01  0.00000000E+00  0.00000000E+00  0.10000000E+04  0.00000000E+00  0.12500000E+03  0.00000000E+00  0.69999999E+00  0.10000000E+04
  0.80000000E+01  0.25000000E+01  0.00000000E+00  0.00000000E+00  0.10000000E+04  0.00000000E+00  0.12500000E+03  0.00000000E+00  0.69999999E+00  0.10000000E+04
  0.80000000E+01  0.30000000E+01  0.00000000E+00  0.00000000E+00  0.10000000E+04  0.00000000E+00  0.12500000E+03  0.00000000E+00  0.69999999E+00  0.10000000E+04
  0.80000000E+01  0.35000000E+01  0.00000000E+00  0.00000000E+00  0.10000000E+04  0.00000000E+00  0.12500000E+03  0.00000000E+00  0.69999999E+00  0.10000000E+04
  0.80000000E+01  0.40000000E+01  0.00000000E+00  0.00000000E+00  0.10000000E+04  0.00000000E+00  0.12500000E+03  0.00000000E+00  0.69999999E+00  0.10000000E+04
  0.82500000E+01 -0.25000000E+00  0.00000000E+00  0.00000000E+00  0.10000000E+04  0.00000000E+00  0.12500000E+03  0.00000000E+00  0.69999999E+00  0.10000000E+04
  0.82500000E+01  0.25000000E+00  0.00000000E+00  0.00000000E+00  0.10000000E+04  0.00000000E+00  0.12500000E+03  0.00000000E+00  0.69999999E+00  0.10000000E+04
  0.82500000E+01  0.75000000E+00  0.00000000E+00  0.00000000E+00  0.10000000E+04  0.00000000E+00  0.12500000E+03  0.00000000E+00  0.69999999E+00  0.10000000E+04
  0.82500000E+01  0.12500000E+01  0.00000000E+00  0.00000000E+00  0.10000000E+04  0.00000000E+00  0.12500000E+03  0.00000000E+00  0.69999999E+00  0.10000000E+04
  0.82500000E+01  0.17500000E+01  0.00000000E+00  0.00000000E+00  0.10000000E+04  0.00000000E+00  0.12500000E+03  0.00000000E+00  0.69999999E+00  0.10000000E+04
  0.82500000E+01  0.22500000E+01  0.00000000E+00  0.00000000E+00  0.10000000E+04  0.00000000E+00  0.12500000E+03  0.00000000E+00  0.69999999E+00  0.10000000E+04
  0.82500000E+01  0.27500000E+01  0.00000000E+00  0.00000000E+00  0.10000000E+04  0.00000000E+00  0.12500000E+03  0.00000000E+00  0.69999999E+00  0.10000000E+04
  0.82500000E+01  0.32500000E+01  0.00000000E+00  0.00000000E+00  0.10000000E+04  0.00000000E+00  0.12500000E+03  0.00000000E+00  0.69999999E+00  0.10000000E+04
  0.82500000E+01  0.37500000E+01  0.00000000E+00  0.00000000E+00  0.10000000E+04  0.00000000E+00  0.12500000E+03  0.00000000E+00  0.69999999E+00  0.10000000E+04
  0.50000000E+00  0.00000000E+00  0.00000000E+00  0.00000000E+00  0.10412125E+04  0.91571961E+05  0.12500000E+03  0.13689641E-01  0.69999999E+00  0.99998370E+03
  0.10000000E+01  0.00000000E+00  0.00000000E+00  0.00000000E+00  0.10677639E+04  0.16324906E+06  0.12500000E+03  0.80693252E-02  0.69999999E+00  0.99999017E+03
  0.15000000E+01  0.00000000E+00  0.00000000E+00  0.00000000E+00  0.10195690E+04  0.40723191E+05  0.12500000E+03  0.23682166E-01  0.69999999E+00  0.99997241E+03
  0.20000000E+01  0.00000000E+00  0.00000000E+00  0.00000000E+00  0.11304578E+04  0.38098812E+06  0.12500000E+03  0.27612472E-01  0.69999999E+00  0.99996436E+03
  0.25000000E+01  0.00000000E+00  0.00000000E+00  0.00000000E+00  0.10400382E+04  0.88646078E+05  0.12500000E+03  0.92924610E-02  0.69999999E+00  0.99998895E+03
  0.30000000E+01  0.00000000E+00  0.00000000E+00  0.00000000E+00  0.10499917E+04  0.11408268E+06  0.12500000E+03  0.10964323E-01  0.69999999E+00  0.99998682E+03
  0.35000000E+01  0.00000000E+00  0.00000000E+00  0.00000000E+00  0.10054791E+04  0.10928312E+05  0.12500000E+03  0.46010027E-02  0.69999999E+00  0.99999469E+03
  0.40000000E+01  0.00000000E+00  0.00000000E+00  0.00000000E+00  0.10000137E+04  0.26898298E+02  0.12500000E+03 -0.68247195E-04  0.69999999E+00  0.10000001E+04
  0.45000000E+01  0.00000000E+00  0.00000000E+00  0.00000000E+00  0.10000000E+04  0.00000000E+00  0.12500000E+03  0.89692350E-39  0.69999999E+00  0.10000000E+04
  0.50000000E+01  0.00000000E+00  0.00000000E+00  0.00000000E+00  0.10000000E+04  0.00000000E+00  0.12500000E+03 -0.42235136E-41  0.69999999E+00  0.10000000E+04
  0.55000000E+01  0.00000000E+00  0.00000000E+00  0.00000000E+00  0.10000000E+04  0.00000000E+00  0.12500000E+03  0.00000000E+00  0.69999999E+00  0.10000000E+04
  0.60000000E+01  0.00000000E+00  0.00000000E+00  0.00000000E+00  0.10000000E+04  0.00000000E+00  0.12500000E+03  0.00000000E+00  0.69999999E+00  0.10000000E+04
  0.65000000E+01  0.00000000E+00  0.00000000E+00  0.00000000E+00  0.10000000E+04  0.00000000E+00  0.12500000E+03  0.00000000E+00  0.69999999E+00  0.10000000E+04
  0.70000000E+01  0.00000000E+00  0.00000000E+00  0.00000000E+00  0.10000000E+04  0.00000000E+00  0.12500000E+03  0.00000000E+00  0.69999999E+00  0.10000000E+04
  0.75000000E+01  0.00000000E+00  0.00000000E+00  0.00000000E+00  0.10000000E+04  0.00000000E+00  0.12500000E+03  0.00000000E+00  0.69999999E+00  0.10000000E+04
  0.25000000E+00 -0.25000000E+00  0.00000000E+00  0.00000000E+00  0.10056454E+04  0.11265629E+05  0.12500000E+03  0.34939498E-02  0.69999999E+00  0.99999597E+03
  0.75000000E+00 -0.25000000E+00  0.00000000E+00  0.00000000E+00  0.10258806E+04  0.54894684E+05  0.12500000E+03  0.97769331E-02  0.69999999E+00  0.99998853E+03
  0.12500000E+01 -0.25000000E+00  0.00000000E+00  0.00000000E+00  0.10095574E+04  0.19297846E+05  0.12500000E+03  0.76315887E-02  0.69999999E+00  0.99999121E+03
  0.17500000E+01 -0.25000000E+00  0.00000000E+00  0.00000000E+00  0.10144016E+04  0.29506363E+05  0.12500000E+03  0.11720911E-01  0.69999999E+00  0.99998639E+03
  0.22500000E+01 -0.25000000E+00  0.00000000E+00  0.00000000E+00  0.10011807E+04  0.23246538E+04  0.12500000E+03  0.11822714E-01  0.69999999E+00  0.99998645E+03
  0.27500000E+01 -0.25000000E+00  0.00000000E+00  0.00000000E+00  0.10054801E+04  0.10930246E+05  0.12500000E+03  0.59280973E-02  0.69999999E+00  0.99999316E+03
  0.32500000E+01 -0.25000000E+00  0.00000000E+00  0.00000000E+00  0.10020721E+04  0.40908115E+04  0.12500000E+03  0.42016911E-02  0.69999999E+00  0.99999518E+03
  0.37500000E+01 -0.25000000E+00  0.00000000E+00  0.00000000E+00  0.10000070E+04  0.13565822E+02  0.12500000E+03 -0.15635355E-03  0.69999999E+00  0.10000002E+04
  0.42500000E+01 -0.25000000E+00  0.00000000E+00  0.00000000E+00  0.10000000E+04  0.00000000E+00  0.12500000E+03 -0.30287906E-35  0.69999999E+00  0.10000000E+04
  0.47500000E+01 -0.25000000E+00  0.00000000E+00  0.00000000E+00  0.10000000E+04  0.00000000E+00  0.12500000E+03 -0.19874028E-38  0.69999999E+00  0.10000000E+04
  0.52500000E+01 -0.25000000E+00  0.00000000E+00  0.00000000E+00  0.10000000E+04  0.00000000E+00  0.12500000E+03  0.00000000E+00  0.69999999E+00  0.10000000E+04
  0.57500000E+01 -0.25000000E+00  0.00000000E+00  0.00000000E+00  0.10000000E+04  0.00000000E+00  0.12500000E+03  0.00000000E+00  0.69999999E+00  0.10000000E+04
  0.62500000E+01 -0.25000000E+00  0.00000000E+00  0.00000000E+00  0.10000000E+04  0.00000000E+00  0.12500000E+03  0.00000000E+00  0.69999999E+00  0.10000000E+04
  0.67500000E+01 -0.25000000E+00  0.00000000E+00  0.00000000E+00  0.10000000E+04  0.00000000E+00  0.12500000E+03  0.00000000E+00  0.69999999E+00  0.10000000E+04
  0.72500000E+01 -0.25000000E+00  0.00000000E+00  0.00000000E+00  0.10000000E+04  0.00000000E+00  0.12500000E+03  0.00000000E+00  0.69999999E+00  0.10000000E+04
  0.77500000E+01 -0.25000000E+00  0.00000000E+00  0.00000000E+00  0.10000000E+04  0.00000000E+00  0.12500000E+03  0.00000000E+00  0.69999999E+00  0.10000000E+04
  0.40000000E+01  0.50000000E+00  0.00000000E+00  0.00000000E+00  0.10004034E+04  0.79243762E+03  0.12500000E+03 -0.49266219E-03  0.69999999E+00  0.10000005E+04
  0.37500000E+01  0.25000000E+00  0.00000000E+00  0.00000000E+00  0.10033114E+04  0.65618579E+04  0.12500000E+03 -0.21870108E-02  0.69999999E+00  0.10000025E+04
  0.40000000E+01  0.10000000E+01  0.00000000E+00  0.00000000E+00  0.10016536E+04  0.32604072E+04  0.12500000E+03 -0.13475365E-03  0.69999999E+00  0.10000002E+04
  0.37500000E+01  0.75000000E+00  0.00000000E+00  0.00000000E+00  0.10415365E+04  0.92382438E+05  0.12500000E+03  0.11057418E-02  0.69999999E+00  0.99999866E+03
  0.40000000E+01  0.15000000E+01  0.00000000E+00  0.00000000E+00  0.10011401E+04  0.22445764E+04  0.12500000E+03  0.48434711E-03  0.69999999E+00  0.99999945E+03
  0.37500000E+01  0.12500000E+01  0.00000000E+00  0.00000000E+00  0.10336230E+04  0.73008406E+05  0.12500000E+03  0.12103564E-02  0.69999999E+00  0.99999860E+03
  0.40000000E+01  0.20000000E+01  0.00000000E+00  0.00000000E+00  0.10020704E+04  0.40874963E+04  0.12500000E+03  0.36780315E-03  0.69999999E+00  0.99999957E+03
  0.37500000E+01  0.17500000E+01  0.00000000E+00  0.00000000E+00  0.10561008E+04  0.13042752E+06  0.12500000E+03  0.25024980E-02  0.69999999E+00  0.99999701E+03
  0.45000000E+01  0.50000000E+00  0.00000000E+00  0.00000000E+00  0.10000000E+04  0.00000000E+00  0.12500000E+03  0.58594062E-38  0.69999999E+00  0.10000000E+04
  0.42500000E+01  0.25000000E+00  0.00000000E+00  0.00000000E+00  0.10000018E+04  0.35083482E+01  0.12500000E+03 -0.74084828E-05  0.69999999E+00  0.10000000E+04
  0.45000000E+01  0.10000000E+01  0.00000000E+00  0.00000000E+00  0.10000000E+04  0.00000000E+00  0.12500000E+03 -0.67374430E-41  0.69999999E+00  0.10000000E+04
  0.42500000E+01  0.75000000E+00  0.00000000E+00  0.00000000E+00  0.10000916E+04  0.17967581E+03  0.12500000E+03 -0.20551628E-04  0.69999999E+00  0.10000000E+04
  0.45000000E+01  0.15000000E+01  0.00000000E+00  0.00000000E+00  0.10000000E+04  0.00000000E+00  0.12500000E+03 -0.24096728E-40  0.69999999E+00  0.10000000E+04
  0.42500000E+01  0.12500000E+01  0.00000000E+00  0.00000000E+00  0.10000066E+04  0.12864128E+02  0.12500000E+03  0.64903998E-05  0.69999999E+00  0.10000000E+04
  0.45000000E+01  0.20000000E+01  0.00000000E+00  0.00000000E+00  0.10000000E+04  0.00000000E+00  0.12500000E+03  0.21299737E-40  0.69999999E+00  0.10000000E+04
  0.42500000E+01  0.17500000E+01  0.00000000E+00  0.00000000E+00  0.10000031E+04  0.60811610E+01  0.12500000E+03 -0.35628464E-05  0.69999999E+00  0.10000000E+04
  0.50000000E+01  0.50000000E+00  0.00000000E+00  0.00000000E+00  0.10000000E+04  0.00000000E+00  0.12500000E+03  0.39712798E-41  0.69999999E+00  0.10000000E+04
  0.47500000E+01  0.25000000E+00  0.00000000E+00  0.00000000E+00  0.10000000E+04  0.00000000E+00  0.12500000E+03  0.19667028E-38  0.69999999E+00  0.10000000E+04
  0.50000000E+01  0.10000000E+01  0.00000000E+00  0.00000000E+00  0.10000000E+04  0.00000000E+00  0.12500000E+03  0.00000000E+00  0.69999999E+00  0.10000000E+04
  0.47500000E+01  0.75000000E+00  0.00000000E+00  0.00000000E+00  0.10000000E+04  0.00000000E+00  0.12500000E+03  0.42739603E-41  0.69999999E+00  0.10000000E+04
  0.50000000E+01  0.15000000E+01  0.00000000E+00  0.00000000E+00  0.10000000E+04  0.00000000E+00  0.12500000E+03 -0.17423745E-40  0.69999999E+00  0.10000000E+04
  0.47500000E+01  0.12500000E+01  0.00000000E+00  0.00000000E+00  0.10000000E+04  0.00000000E+00  0.12500000E+03 -0.16667044E-40  0.69999999E+00  0.10000000E+04
  0.50000000E+01  0.20000000E+01  0.00000000E+00  0.00000000E+00  0.10000000E+04  0.00000000E+00  0.12500000E+03  0.14963065E-40  0.69999999E+00  0.10000000E+04
  0.47500000E+01  0.17500000E+01  0.00000000E+00  0.00000000E+00  0.10000000E+04  0.00000000E+00  0.12500000E+03 -0.86600245E-42  0.69999999E+00  0.10000000E+04
  0.28259332E+01  0.91219091E+00  0.32171416E+00 -0.17752768E+00  0.10048754E+04  0.97066279E+04  0.12576698E+03  0.12576656E+03  0.10000000E+01  0.00000000E+00
  0.90971601E+00  0.13732640E+01 -0.27919948E+00  0.23059918E-01  0.10038005E+04  0.75421606E+04  0.12561582E+03  0.12561256E+03  0.10000000E+01  0.00000000E+00
  0.18137627E+01  0.10719545E+01  0.69954377E+00  0.29818135E+00  0.10043112E+04  0.85687715E+04  0.12546356E+03  0.12546323E+03  0.10000000E+01  0.00000000E+00
  0.29216282E+01  0.16890740E+01 -0.50734484E+00 -0.10025668E+01  0.10044808E+04  0.89104707E+04  0.12531018E+03  0.12531044E+03  0.10000000E+01  0.00000000E+00
  0.27696218E+01  0.17000967E+01 -0.20775218E+01 -0.35318676E+00  0.10037395E+04  0.74196753E+04  0.12515567E+03  0.12515567E+03  0.10000000E+01  0.00000000E+00
  0.28643064E+01  0.17127757E+01 -0.53631222E+00 -0.66912127E+00  0.10035119E+04  0.69633804E+04  0.12500000E+03  0.12499985E+03  0.10000000E+01  0.00000000E+00
  0.27284274E+01  0.87344444E+00 -0.42216885E+00 -0.56760329E+00  0.10044260E+04  0.87999756E+04  0.12576698E+03  0.12575461E+03  0.10000000E+01  0.00000000E+00
  0.99587965E+00  0.88473260E+00  0.83177492E-01 -0.19624990E+00  0.10040753E+04  0.80941377E+04  0.12561582E+03  0.12560609E+03  0.10000000E+01  0.00000000E+00
  0.84645557E+00  0.10122100E+01 -0.52088678E+00  0.36090940E+00  0.10037432E+04  0.74270903E+04  0.12546356E+03  0.12546051E+03  0.10000000E+01  0.00000000E+00
  0.28950574E+01  0.10741533E+01  0.24776903E+00 -0.14030457E+01  0.10052578E+04  0.10479802E+05  0.12531018E+03  0.12531038E+03  0.10000000E+01  0.00000000E+00
  0.11392409E+01  0.87400687E+00 -0.40450960E+00 -0.38762785E-01  0.10036203E+04  0.71805747E+04  0.12515567E+03  0.12515535E+03  0.10000000E+01  0.00000000E+00
  0.69335175E+00  0.92013097E+00 -0.13407481E+00 -0.13023968E+00  0.10051862E+04  0.10335015E+05  0.12500000E+03  0.12500000E+03  0.10000000E+01  0.00000000E+00
  0.20947683E+01  0.98039579E+00 -0.62012970E+00 -0.35131368E+00  0.10058942E+04  0.11770898E+05  0.12576698E+03  0.12575644E+03  0.10000000E+01  0.00000000E+00
  0.26853554E+01  0.86686957E+00 -0.43827394E+00 -0.38331920E+00  0.10044767E+04  0.89020625E+04  0.12561582E+03  0.12561059E+03  0.10000000E+01  0.00000000E+00
  0.27876844E+01  0.14053315E+01 -0.32125866E+00 -0.22334439E+00  0.10045361E+04  0.90217236E+04  0.12546356E+03  0.12546005E+03  0.10000000E+01  0.00000000E+00
  0.14807596E+01  0.91638744E+00 -0.12935832E+00 -0.65524578E-01  0.10027421E+04  0.54246030E+04  0.12531018E+03  0.12531018E+03  0.10000000E+01  0.00000000E+00
  0.28886900E+01  0.78117609E+00  0.70299006E+00  0.40772796E-01  0.10051719E+04  0.10306064E+05  0.12515567E+03  0.12515553E+03  0.10000000E+01  0.00000000E+00
  0.10221150E+01  0.16109042E+01 -0.81638526E-02  0.39090908E+00  0.10033577E+04  0.66546758E+04  0.12500000E+03  0.12500612E+03  0.10000000E+01  0.00000000E+00
  0.93492508E+00  0.15011555E+01  0.11919029E+00  0.49376452E+00  0.10037061E+04  0.73527100E+04  0.12576698E+03  0.12576566E+03  0.10000000E+01  0.00000000E+00
  0.24058399E+01  0.10610520E+01 -0.42405421E+00 -0.56069815E+00  0.10048635E+04  0.96825479E+04  0.12561582E+03  0.12561228E+03  0.10000000E+01  0.00000000E+00
  0.16733050E+01  0.11851108E+01  0.56120616E+00 -0.52536857E+00  0.10017281E+04  0.34083132E+04  0.12546356E+03  0.12546202E+03  0.10000000E+01  0.00000000E+00
  0.22562382E+01  0.93470860E+00 -0.58197081E+00 -0.49630016E-01  0.10058247E+04  0.11629677E+05  0.12531018E+03  0.12530890E+03  0.10000000E+01  0.00000000E+00
  0.22019958E+01  0.15827298E+01 -0.56551826E+00 -0.21630830E+00  0.10031067E+04  0.61524766E+04  0.12515567E+03  0.12515567E+03  0.10000000E+01  0.00000000E+00
  0.13901167E+01  0.87715638E+00 -0.60953960E-01 -0.16514072E-01  0.10028925E+04  0.57245571E+04  0.12500000E+03  0.12500012E+03  0.10000000E+01  0.00000000E+00
  0.11067135E+01  0.16088567E+01  0.38444066E+00  0.40698072E+00  0.10022419E+04  0.44284399E+04  0.12561582E+03  0.12560780E+03  0.10000000E+01  0.00000000E+00
  0.16005322E+01  0.16037080E+01 -0.12783693E+01  0.54278266E+00  0.10006871E+04  0.13509163E+04  0.12531018E+03  0.12531004E+03  0.10000000E+01  0.00000000E+00
  0.23553293E+01  0.18497837E+01  0.14046398E+00  0.65131688E+00  0.10018481E+04  0.36461409E+04  0.12500000E+03  0.12500000E+03  0.10000000E+01  0.00000000E+00
