  0.00000000E+00  0.00000000E+00  0.00000000E+00  0.00000000E+00  0.10009733E+04  0.19150509E+04  0.12500000E+03  0.24895363E-02  0.69999999E+00  0.99999713E+03
  0.00000000E+00  0.50000000E+00  0.00000000E+00  0.00000000E+00  0.10137418E+04  0.28098824E+05  0.12500000E+03  0.32862406E-02  0.69999999E+00  0.99999622E+03
  0.00000000E+00  0.10000000E+01  0.00000000E+00  0.00000000E+00  0.10322993E+04  0.69853164E+05  0.12500000E+03  0.37117044E-02  0.69999999E+00  0.99999561E+03
  0.00000000E+00  0.15000000E+01  0.00000000E+00  0.00000000E+00  0.10142423E+04  0.29166057E+05  0.12500000E+03  0.13779213E-02  0.69999999E+00  0.99999841E+03
  0.00000000E+00  0.20000000E+01  0.00000000E+00  0.00000000E+00  0.10159529E+04  0.32837855E+05  0.12500000E+03 -0.16888829E-02  0.69999999E+00  0.10000020E+04
  0.00000000E+00  0.25000000E+01  0.00000000E+00  0.00000000E+00  0.10034469E+04  0.68332266E+04  0.12500000E+03  0.51974104E-03  0.69999999E+00  0.99999939E+03
  0.00000000E+00  0.30000000E+01  0.00000000E+00  0.00000000E+00  0.10000026E+04  0.51455903E+01  0.12500000E+03  0.38292605E-04  0.69999999E+00  0.99999994E+03
  0.00000000E+00  0.35000000E+01  0.00000000E+00  0.00000000E+00  0.10000000E+04  0.00000000E+00  0.12500000E+03  0.00000000E+00  0.69999999E+00  0.10000000E+04
  0.00000000E+00  0.40000000E+01  0.00000000E+00  0.00000000E+00  0.10000000E+04  0.00000000E+00  0.12500000E+03  0.00000000E+00  0.69999999E+00  0.10000000E+04
 -0.25000000E+00 -0.25000000E+00  0.00000000E+00  0.00000000E+00  0.10006414E+04  0.12607445E+04  0.12500000E+03  0.52005530E-03  0.69999999E+00  0.99999939E+03
 -0.25000000E+00  0.25000000E+00  0.00000000E+00  0.00000000E+00  0.10007285E+04  0.14324209E+04  0.12500000E+03  0.11226381E-02  0.69999999E+00  0.99999872E+03
 -0.25000000E+00  0.75000000E+00  0.00000000E+00  0.00000000E+00  0.10079240E+04  0.15921308E+05  0.12500000E+03  0.49383426E-03  0.69999999E+00  0.99999945E+03
 -0.25000000E+00  0.12500000E+01  0.00000000E+00  0.00000000E+00  0.10073026E+04  0.14645524E+05  0.12500000E+03  0.11799466E-02  0.69999999E+00  0.99999866E+03
 -0.25000000E+00  0.17500000E+01  0.00000000E+00  0.00000000E+00  0.10008884E+04  0.17478251E+04  0.12500000E+03 -0.34901866E-03  0.69999999E+00  0.10000004E+04
 -0.25000000E+00  0.22500000E+01  0.00000000E+00  0.00000000E+00  0.10015139E+04  0.29839109E+04  0.12500000E+03 -0.18548567E-03  0.69999999E+00  0.10000002E+04
 -0.25000000E+00  0.27500000E+01  0.00000000E+00  0.00000000E+00  0.10000007E+04  0.14033347E+01  0.12500000E+03  0.17473474E-04  0.69999999E+00  0.10000000E+04
 -0.25000000E+00  0.32500000E+01  0.00000000E+00  0.00000000E+00  0.10000000E+04  0.00000000E+00  0.12500000E+03  0.30520281E-41  0.69999999E+00  0.10000000E+04
 -0.25000000E+00  0.37500000E+01  0.00000000E+00  0.00000000E+00  0.10000000E+04  0.00000000E+00  0.12500000E+03  0.00000000E+00  0.69999999E+00  0.10000000E+04
  0.80000000E+01  0.00000000E+00  0.00000000E+00  0.00000000E+00  0.10000000E+04  0.00000000E+00  0.12500000E+03  0.00000000E+00  0.69999999E+00  0.10000000E+04
  0.80000000E+01  0.50000000E+00  0.00000000E+00  0.00000000E+00  0.10000000E+04  0.00000000E+00  0.12500000E+03  0.00000000E+00  0.69999999E+00  0.10000000E+04
  0.80000000E+01  0.10000000E+01  0.00000000E+00  0.00000000E+00  0.10000000E+04  0.00000000E+00  0.12500000E+03  0.00000000E+00  0.69999999E+00  0.10000000E+04
  0.80000000E+01  0.15000000E+01  0.00000000E+00  0.00000000E+00  0.10000000E+04  0.00000000E+00  0.12500000E+03  0.00000000E+00  0.69999999E+00  0.10000000E+04
  0.80000000E+01  0.20000000E+01  0.00000000E+00  0.00000000E+00  0.10000000E+04  0.00000000E+00  0.12500000E+03  0.00000000E+00  0.69999999E+00  0.10000000E+04
  0.80000000E+01  0.25000000E+01  0.00000000E+00  0.00000000E+00  0.10000000E+04  0.00000000E+00  0.12500000E+03  0.00000000E+00  0.69999999E+00  0.10000000E+04
  0.80000000E+01  0.30000000E+01  0.00000000E+00  0.00000000E+00  0.10000000E+04  0.00000000E+00  0.12500000E+03  0.00000000E+00  0.69999999E+00  0.10000000E+04
  0.80000000E+01  0.35000000E+01  0.00000000E+00  0.00000000E+00  0.10000000E+04  0.00000000E+00  0.12500000E+03  0.00000000E+00  0.69999999E+00  0.10000000E+04
  0.80000000E+01  0.40000000E+01  0.00000000E+00  0.00000000E+00  0.10000000E+04  0.00000000E+00  0.12500000E+03  0.00000000E+00  0.69999999E+00  0.10000000E+04
  0.82500000E+01 -0.25000000E+00  0.00000000E+00  0.00000000E+00  0.10000000E+04  0.00000000E+00  0.12500000E+03  0.00000000E+00  0.69999999E+00  0.10000000E+04
  0.82500000E+01  0.25000000E+00  0.00000000E+00  0.00000000E+00  0.10000000E+04  0.00000000E+00  0.12500000E+03  0.00000000E+00  0.69999999E+00  0.10000000E+04
  0.82500000E+01  0.75000000E+00  0.00000000E+00  0.00000000E+00  0.10000000E+04  0.00000000E+00  0.12500000E+03  0.00000000E+00  0.69999999E+00  0.10000000E+04
  0.82500000E+01  0.12500000E+01  0.00000000E+00  0.00000000E+00  0.10000000E+04  0.00000000E+00  0.12500000E+03  0.00000000E+00  0.69999999E+00  0.10000000E+04
  0.82500000E+01  0.17500000E+01  0.00000000E+00  0.00000000E+00  0.10000000E+04  0.00000000E+00  0.12500000E+03  0.00000000E+00  0.69999999E+00  0.10000000E+04
  0.82500000E+01  0.22500000E+01  0.00000000E+00  0.00000000E+00  0.10000000E+04  0.00000000E+00  0.12500000E+03  0.00000000E+00  0.69999999E+00  0.10000000E+04
  0.82500000E+01  0.27500000E+01  0.00000000E+00  0.00000000E+00  0.10000000E+04  0.00000000E+00  0.12500000E+03  0.00000000E+00  0.69999999E+00  0.10000000E+04
  0.82500000E+01  0.32500000E+01  0.00000000E+00  0.00000000E+00  0.10000000E+04  0.00000000E+00  0.12500000E+03  0.00000000E+00  0.69999999E+00  0.10000000E+04
  0.82500000E+01  0.37500000E+01  0.00000000E+00  0.00000000E+00  0.10000000E+04  0.00000000E+00  0.12500000E+03  0.00000000E+00  0.69999999E+00  0.10000000E+04
  0.50000000E+00  0.00000000E+00  0.00000000E+00  0.00000000E+00  0.10355035E+04  0.77532117E+05  0.12500000E+03  0.12664886E-01  0.69999999E+00  0.99998499E+03
  0.10000000E+01  0.00000000E+00  0.00000000E+00  0.00000000E+00  0.10696594E+04  0.16879019E+06  0.12500000E+03  0.73839440E-02  0.69999999E+00  0.99999097E+03
  0.15000000E+01  0.00000000E+00  0.00000000E+00  0.00000000E+00  0.10392347E+04  0.86655594E+05  0.12500000E+03  0.22207938E-01  0.69999999E+00  0.99997363E+03
  0.20000000E+01  0.00000000E+00  0.00000000E+00  0.00000000E+00  0.11392690E+04  0.41792244E+06  0.12500000E+03  0.25565552E-01  0.69999999E+00  0.99996674E+03
  0.25000000E+01  0.00000000E+00  0.00000000E+00  0.00000000E+00  0.10400536E+04  0.88684266E+05  0.12500000E+03  0.77485708E-02  0.69999999E+00  0.99999078E+03
  0.30000000E+01  0.00000000E+00  0.00000000E+00  0.00000000E+00  0.10331924E+04  0.71979188E+05  0.12500000E+03  0.94796158E-02  0.69999999E+00  0.99998883E+03
  0.35000000E+01  0.00000000E+00  0.00000000E+00  0.00000000E+00  0.10002736E+04  0.53721515E+03  0.12500000E+03  0.39108898E-02  0.69999999E+00  0.99999554E+03
  0.40000000E+01  0.00000000E+00  0.00000000E+00  0.00000000E+00  0.10000137E+04  0.26898298E+02  0.12500000E+03 -0.68247195E-04  0.69999999E+00  0.10000001E+04
  0.45000000E+01  0.00000000E+00  0.00000000E+00  0.00000000E+00  0.10000000E+04  0.00000000E+00  0.12500000E+03  0.19376314E-39  0.69999999E+00  0.10000000E+04
  0.50000000E+01  0.00000000E+00  0.00000000E+00  0.00000000E+00  0.10000000E+04  0.00000000E+00  0.12500000E+03 -0.39236357E-42  0.69999999E+00  0.10000000E+04
  0.55000000E+01  0.00000000E+00  0.00000000E+00  0.00000000E+00  0.10000000E+04  0.00000000E+00  0.12500000E+03  0.00000000E+00  0.69999999E+00  0.10000000E+04
  0.60000000E+01  0.00000000E+00  0.00000000E+00  0.00000000E+00  0.10000000E+04  0.00000000E+00  0.12500000E+03  0.00000000E+00  0.69999999E+00  0.10000000E+04
  0.65000000E+01  0.00000000E+00  0.00000000E+00  0.00000000E+00  0.10000000E+04  0.00000000E+00  0.12500000E+03  0.00000000E+00  0.69999999E+00  0.10000000E+04
  0.70000000E+01  0.00000000E+00  0.00000000E+00  0.00000000E+00  0.10000000E+04  0.00000000E+00  0.12500000E+03  0.00000000E+00  0.69999999E+00  0.10000000E+04
  0.75000000E+01  0.00000000E+00  0.00000000E+00  0.00000000E+00  0.10000000E+04  0.00000000E+00  0.12500000E+03  0.00000000E+00  0.69999999E+00  0.10000000E+04
  0.25000000E+00 -0.25000000E+00  0.00000000E+00  0.00000000E+00  0.10056437E+04  0.11262241E+05  0.12500000E+03  0.33324659E-02  0.69999999E+00  0.99999615E+03
  0.75000000E+00 -0.25000000E+00  0.00000000E+00  0.00000000E+00  0.10255713E+04  0.54188094E+05  0.12500000E+03  0.90576168E-02  0.69999999E+00  0.99998938E+03
  0.12500000E+01 -0.25000000E+00  0.00000000E+00  0.00000000E+00  0.10116162E+04  0.23600838E+05  0.12500000E+03  0.72627626E-02  0.69999999E+00  0.99999158E+03
  0.17500000E+01 -0.25000000E+00  0.00000000E+00  0.00000000E+00  0.10148663E+04  0.30501354E+05  0.12500000E+03  0.11023987E-01  0.69999999E+00  0.99998724E+03
  0.22500000E+01 -0.25000000E+00  0.00000000E+00  0.00000000E+00  0.10013654E+04  0.26897234E+04  0.12500000E+03  0.10908464E-01  0.69999999E+00  0.99998749E+03
  0.27500000E+01 -0.25000000E+00  0.00000000E+00  0.00000000E+00  0.10035293E+04  0.69982559E+04  0.12500000E+03  0.50962577E-02  0.69999999E+00  0.99999414E+03
  0.32500000E+01 -0.25000000E+00  0.00000000E+00  0.00000000E+00  0.10004287E+04  0.84214594E+03  0.12500000E+03  0.35320837E-02  0.69999999E+00  0.99999597E+03
  0.37500000E+01 -0.25000000E+00  0.00000000E+00  0.00000000E+00  0.10000070E+04  0.13565822E+02  0.12500000E+03 -0.15635355E-03  0.69999999E+00  0.10000002E+04
  0.42500000E+01 -0.25000000E+00  0.00000000E+00  0.00000000E+00  0.10000000E+04  0.00000000E+00  0.12500000E+03 -0.81522244E-36  0.69999999E+00  0.10000000E+04
  0.47500000E+01 -0.25000000E+00  0.00000000E+00  0.00000000E+00  0.10000000E+04  0.00000000E+00  0.12500000E+03 -0.44726084E-39  0.69999999E+00  0.10000000E+04
  0.52500000E+01 -0.25000000E+00  0.00000000E+00  0.00000000E+00  0.10000000E+04  0.00000000E+00  0.12500000E+03  0.00000000E+00  0.69999999E+00  0.10000000E+04
  0.57500000E+01 -0.25000000E+00  0.00000000E+00  0.00000000E+00  0.10000000E+04  0.00000000E+00  0.12500000E+03  0.00000000E+00  0.69999999E+00  0.10000000E+04
  0.62500000E+01 -0.25000000E+00  0.00000000E+00  0.00000000E+00  0.10000000E+04  0.00000000E+00  0.12500000E+03  0.00000000E+00  0.69999999E+00  0.10000000E+04
  0.67500000E+01 -0.25000000E+00  0.00000000E+00  0.00000000E+00  0.10000000E+04  0.00000000E+00  0.12500000E+03  0.00000000E+00  0.69999999E+00  0.10000000E+04
  0.72500000E+01 -0.25000000E+00  0.00000000E+00  0.00000000E+00  0.10000000E+04  0.00000000E+00  0.12500000E+03  0.00000000E+00  0.69999999E+00  0.10000000E+04
  0.77500000E+01 -0.25000000E+00  0.00000000E+00  0.00000000E+00  0.10000000E+04  0.00000000E+00  0.12500000E+03  0.00000000E+00  0.69999999E+00  0.10000000E+04
  0.40000000E+01  0.50000000E+00  0.00000000E+00  0.00000000E+00  0.10010099E+04  0.19875182E+04  0.12500000E+03 -0.36119978E-03  0.69999999E+00  0.10000004E+04
  0.37500000E+01  0.25000000E+00  0.00000000E+00  0.00000000E+00  0.10013743E+04  0.27074097E+04  0.12500000E+03 -0.17672547E-02  0.69999999E+00  0.10000020E+04
  0.40000000E+01  0.10000000E+01  0.00000000E+00  0.00000000E+00  0.10034775E+04  0.68945957E+04  0.12500000E+03 -0.12744739E-03  0.69999999E+00  0.10000001E+04
  0.37500000E+01  0.75000000E+00  0.00000000E+00  0.00000000E+00  0.10332031E+04  0.72004797E+05  0.12500000E+03  0.97734598E-03  0.69999999E+00  0.99999884E+03
  0.40000000E+01  0.15000000E+01  0.00000000E+00  0.00000000E+00  0.10001716E+04  0.33697311E+03  0.12500000E+03  0.42958936E-03  0.69999999E+00  0.99999951E+03
  0.37500000E+01  0.12500000E+01  0.00000000E+00  0.00000000E+00  0.10237788E+04  0.50117207E+05  0.12500000E+03  0.10281301E-02  0.69999999E+00  0.99999878E+03
  0.40000000E+01  0.20000000E+01  0.00000000E+00  0.00000000E+00  0.10010588E+04  0.20840093E+04  0.12500000E+03  0.32330409E-03  0.69999999E+00  0.99999963E+03
  0.37500000E+01  0.17500000E+01  0.00000000E+00  0.00000000E+00  0.10204943E+04  0.42768059E+05  0.12500000E+03  0.20796794E-02  0.69999999E+00  0.99999756E+03
  0.45000000E+01  0.50000000E+00  0.00000000E+00  0.00000000E+00  0.10000000E+04  0.00000000E+00  0.12500000E+03  0.13173130E-38  0.69999999E+00  0.10000000E+04
  0.42500000E+01  0.25000000E+00  0.00000000E+00  0.00000000E+00  0.10000018E+04  0.35083482E+01  0.12500000E+03 -0.74084828E-05  0.69999999E+00  0.10000000E+04
  0.45000000E+01  0.10000000E+01  0.00000000E+00  0.00000000E+00  0.10000000E+04  0.00000000E+00  0.12500000E+03 -0.10986180E-41  0.69999999E+00  0.10000000E+04
  0.42500000E+01  0.75000000E+00  0.00000000E+00  0.00000000E+00  0.10000944E+04  0.18529227E+03  0.12500000E+03 -0.12924058E-04  0.69999999E+00  0.10000000E+04
  0.45000000E+01  0.15000000E+01  0.00000000E+00  0.00000000E+00  0.10000000E+04  0.00000000E+00  0.12500000E+03 -0.33014592E-41  0.69999999E+00  0.10000000E+04
  0.42500000E+01  0.12500000E+01  0.00000000E+00  0.00000000E+00  0.10000066E+04  0.12864128E+02  0.12500000E+03  0.34267537E-05  0.69999999E+00  0.10000000E+04
  0.45000000E+01  0.20000000E+01  0.00000000E+00  0.00000000E+00  0.10000000E+04  0.00000000E+00  0.12500000E+03  0.32145787E-41  0.69999999E+00  0.10000000E+04
  0.42500000E+01  0.17500000E+01  0.00000000E+00  0.00000000E+00  0.10000031E+04  0.60811610E+01  0.12500000E+03 -0.35628464E-05  0.69999999E+00  0.10000000E+04
  0.50000000E+01  0.50000000E+00  0.00000000E+00  0.00000000E+00  0.10000000E+04  0.00000000E+00  0.12500000E+03  0.32510124E-42  0.69999999E+00  0.10000000E+04
  0.47500000E+01  0.25000000E+00  0.00000000E+00  0.00000000E+00  0.10000000E+04  0.00000000E+00  0.12500000E+03  0.44218814E-39  0.69999999E+00  0.10000000E+04
  0.50000000E+01  0.10000000E+01  0.00000000E+00  0.00000000E+00  0.10000000E+04  0.00000000E+00  0.12500000E+03 -0.00000000E+00  0.69999999E+00  0.10000000E+04
  0.47500000E+01  0.75000000E+00  0.00000000E+00  0.00000000E+00  0.10000000E+04  0.00000000E+00  0.12500000E+03  0.39236357E-42  0.69999999E+00  0.10000000E+04
  0.50000000E+01  0.15000000E+01  0.00000000E+00  0.00000000E+00  0.10000000E+04  0.00000000E+00  0.12500000E+03 -0.23289580E-41  0.69999999E+00  0.10000000E+04
  0.47500000E+01  0.12500000E+01  0.00000000E+00  0.00000000E+00  0.10000000E+04  0.00000000E+00  0.12500000E+03 -0.22336698E-41  0.69999999E+00  0.10000000E+04
  0.50000000E+01  0.20000000E+01  0.00000000E+00  0.00000000E+00  0.10000000E+04  0.00000000E+00  0.12500000E+03  0.22056438E-41  0.69999999E+00  0.10000000E+04
  0.47500000E+01  0.17500000E+01  0.00000000E+00  0.00000000E+00  0.10000000E+04  0.00000000E+00  0.12500000E+03 -0.00000000E+00  0.69999999E+00  0.10000000E+04
  0.26372941E+01  0.86021507E+00  0.36333364E+00 -0.44622394E+00  0.10044269E+04  0.88018965E+04  0.12576698E+03  0.12576674E+03  0.10000000E+01  0.00000000E+00
  0.84559023E+00  0.11349212E+01 -0.26932082E+00  0.78638566E+00  0.10037906E+04  0.75223018E+04  0.12561582E+03  0.12561256E+03  0.10000000E+01  0.00000000E+00
  0.16443787E+01  0.92644930E+00  0.50898993E+00  0.36320025E+00  0.10084361E+04  0.16976428E+05  0.12546356E+03  0.12546333E+03  0.10000000E+01  0.00000000E+00
  0.18118687E+01  0.15933146E+01  0.14461673E+01  0.50341213E+00  0.10012843E+04  0.25296462E+04  0.12531018E+03  0.12531027E+03  0.10000000E+01  0.00000000E+00
  0.27775273E+01  0.14732870E+01  0.61821770E-01 -0.19835626E+00  0.10032080E+04  0.63550776E+04  0.12515567E+03  0.12515567E+03  0.10000000E+01  0.00000000E+00
  0.23072219E+01  0.15099542E+01 -0.32097340E+00 -0.12675226E+00  0.10048580E+04  0.96714707E+04  0.12500000E+03  0.12500000E+03  0.10000000E+01  0.00000000E+00
  0.27922502E+01  0.95726979E+00 -0.49997978E-01 -0.21526362E+00  0.10036823E+04  0.73048857E+04  0.12576698E+03  0.12575461E+03  0.10000000E+01  0.00000000E+00
  0.88486326E+00  0.10988846E+01 -0.33194259E+00 -0.45056051E+00  0.10054654E+04  0.10900520E+05  0.12561582E+03  0.12560624E+03  0.10000000E+01  0.00000000E+00
  0.10649445E+01  0.86481702E+00  0.88304102E-01 -0.73755503E+00  0.10057053E+04  0.11387096E+05  0.12546356E+03  0.12546037E+03  0.10000000E+01  0.00000000E+00
  0.26579044E+01  0.13239733E+01  0.13302546E+01 -0.18855813E+00  0.99845221E+03 -0.30227451E+04  0.12531018E+03  0.12531038E+03  0.10000000E+01  0.00000000E+00
  0.12084545E+01  0.85357332E+00 -0.37464499E+00 -0.38737601E+00  0.10083719E+04  0.16843871E+05  0.12515567E+03  0.12515535E+03  0.10000000E+01  0.00000000E+00
  0.67120409E+00  0.91753125E+00  0.31472149E+00 -0.95058697E+00  0.10081398E+04  0.16365707E+05  0.12500000E+03  0.12500000E+03  0.10000000E+01  0.00000000E+00
  0.20214455E+01  0.95602810E+00  0.55041945E+00  0.30913696E+00  0.10091664E+04  0.18486824E+05  0.12576698E+03  0.12575644E+03  0.10000000E+01  0.00000000E+00
  0.27450621E+01  0.89680886E+00 -0.13779011E+00 -0.31549275E+00  0.10032557E+04  0.64504619E+04  0.12561582E+03  0.12561059E+03  0.10000000E+01  0.00000000E+00
  0.27030983E+01  0.13688155E+01 -0.59343517E+00  0.14359406E+00  0.99970502E+03 -0.57824548E+03  0.12546356E+03  0.12546005E+03  0.10000000E+01  0.00000000E+00
  0.18440533E+01  0.97725129E+00 -0.82043207E+00 -0.41900665E-01  0.10045675E+04  0.90851758E+04  0.12531018E+03  0.12531018E+03  0.10000000E+01  0.00000000E+00
  0.29545870E+01  0.90530694E+00  0.22094059E+00  0.37041694E+00  0.10039931E+04  0.79290483E+04  0.12515567E+03  0.12515553E+03  0.10000000E+01  0.00000000E+00
  0.11500237E+01  0.16818264E+01 -0.18257026E+00 -0.11044602E+01  0.10019583E+04  0.38649702E+04  0.12500000E+03  0.12499989E+03  0.10000000E+01  0.00000000E+00
  0.10076420E+01  0.14782368E+01 -0.29184875E+00 -0.43661809E+00  0.10023991E+04  0.47410220E+04  0.12576698E+03  0.12576566E+03  0.10000000E+01  0.00000000E+00
  0.26610460E+01  0.86636579E+00 -0.10241199E+01 -0.25984189E+00  0.10029518E+04  0.58430908E+04  0.12561582E+03  0.12561228E+03  0.10000000E+01  0.00000000E+00
  0.15842071E+01  0.12536860E+01  0.56329769E+00 -0.17938785E-01  0.10027004E+04  0.53411582E+04  0.12546356E+03  0.12546202E+03  0.10000000E+01  0.00000000E+00
  0.20924346E+01  0.10181198E+01  0.64006650E+00  0.13549741E+00  0.10091519E+04  0.18456686E+05  0.12531018E+03  0.12530890E+03  0.10000000E+01  0.00000000E+00
  0.14480468E+01  0.19545579E+01  0.16634860E+01 -0.26338726E+00  0.10048196E+04  0.95939463E+04  0.12515567E+03  0.12515567E+03  0.10000000E+01  0.00000000E+00
  0.13396249E+01  0.81553268E+00 -0.61694175E-01 -0.12952524E+00  0.10108710E+04  0.22037354E+05  0.12500000E+03  0.12500012E+03  0.10000000E+01  0.00000000E+00
  0.10620131E+01  0.16280401E+01  0.31007826E+00 -0.50358683E+00  0.10014068E+04  0.27717959E+04  0.12561582E+03  0.12561399E+03  0.10000000E+01  0.00000000E+00
  0.13108989E+01  0.20310736E+01  0.18881137E+01 -0.27243674E+00  0.99997675E+03 -0.45605103E+02  0.12531018E+03  0.12531004E+03  0.10000000E+01  0.00000000E+00
  0.19416897E+01  0.18349655E+01 -0.24105713E+00  0.15683610E+01  0.10040132E+04  0.79695347E+04  0.12500000E+03  0.12500000E+03  0.10000000E+01  0.00000000E+00
