  0.00000000E+00  0.00000000E+00  0.00000000E+00  0.00000000E+00  0.10009205E+04  0.18110834E+04  0.12500000E+03  0.22696627E-02  0.69999999E+00  0.99999738E+03
  0.00000000E+00  0.50000000E+00  0.00000000E+00  0.00000000E+00  0.10067963E+04  0.13609193E+05  0.12500000E+03  0.25360337E-02  0.69999999E+00  0.99999707E+03
  0.00000000E+00  0.10000000E+01  0.00000000E+00  0.00000000E+00  0.10168180E+04  0.34709301E+05  0.12500000E+03  0.31849148E-02  0.69999999E+00  0.99999628E+03
  0.00000000E+00  0.15000000E+01  0.00000000E+00  0.00000000E+00  0.10245630E+04  0.51892777E+05  0.12500000E+03  0.11040429E-02  0.69999999E+00  0.99999872E+03
  0.00000000E+00  0.20000000E+01  0.00000000E+00  0.00000000E+00  0.10177629E+04  0.36763930E+05  0.12500000E+03 -0.12602191E-02  0.69999999E+00  0.10000015E+04
  0.00000000E+00  0.25000000E+01  0.00000000E+00  0.00000000E+00  0.10030736E+04  0.60862402E+04  0.12500000E+03  0.33517432E-03  0.69999999E+00  0.99999963E+03
  0.00000000E+00  0.30000000E+01  0.00000000E+00  0.00000000E+00  0.10000000E+04  0.00000000E+00  0.12500000E+03  0.60528782E-05  0.69999999E+00  0.10000000E+04
  0.00000000E+00  0.35000000E+01  0.00000000E+00  0.00000000E+00  0.10000000E+04  0.00000000E+00  0.12500000E+03  0.00000000E+00  0.69999999E+00  0.10000000E+04
  0.00000000E+00  0.40000000E+01  0.00000000E+00  0.00000000E+00  0.10000000E+04  0.00000000E+00  0.12500000E+03  0.00000000E+00  0.69999999E+00  0.10000000E+04
 -0.25000000E+00 -0.25000000E+00  0.00000000E+00  0.00000000E+00  0.10006414E+04  0.12607445E+04  0.12500000E+03  0.52005530E-03  0.69999999E+00  0.99999939E+03
 -0.25000000E+00  0.25000000E+00  0.00000000E+00  0.00000000E+00  0.10007480E+04  0.14709489E+04  0.12500000E+03  0.97667263E-03  0.69999999E+00  0.99999890E+03
 -0.25000000E+00  0.75000000E+00  0.00000000E+00  0.00000000E+00  0.10050005E+04  0.99593369E+04  0.12500000E+03  0.27872401E-03  0.69999999E+00  0.99999969E+03
 -0.25000000E+00  0.12500000E+01  0.00000000E+00  0.00000000E+00  0.10014117E+04  0.27817024E+04  0.12500000E+03  0.10136547E-02  0.69999999E+00  0.99999884E+03
 -0.25000000E+00  0.17500000E+01  0.00000000E+00  0.00000000E+00  0.10011754E+04  0.23142898E+04  0.12500000E+03 -0.29047864E-03  0.69999999E+00  0.10000003E+04
 -0.25000000E+00  0.22500000E+01  0.00000000E+00  0.00000000E+00  0.10012462E+04  0.24542319E+04  0.12500000E+03 -0.15003496E-03  0.69999999E+00  0.10000002E+04
 -0.25000000E+00  0.27500000E+01  0.00000000E+00  0.00000000E+00  0.10000000E+04  0.00000000E+00  0.12500000E+03  0.61657132E-42  0.69999999E+00  0.10000000E+04
 -0.25000000E+00  0.32500000E+01  0.00000000E+00  0.00000000E+00  0.10000000E+04  0.00000000E+00  0.12500000E+03  0.22420775E-43  0.69999999E+00  0.10000000E+04
 -0.25000000E+00  0.37500000E+01  0.00000000E+00  0.00000000E+00  0.10000000E+04  0.00000000E+00  0.12500000E+03  0.00000000E+00  0.69999999E+00  0.10000000E+04
  0.80000000E+01  0.00000000E+00  0.00000000E+00  0.00000000E+00  0.10000000E+04  0.00000000E+00  0.12500000E+03  0.00000000E+00  0.69999999E+00  0.10000000E+04
  0.80000000E+01  0.50000000E+00  0.00000000E+00  0.00000000E+00  0.10000000E+04  0.00000000E+00  0.12500000E+03  0.00000000E+00  0.69999999E+00  0.10000000E+04
  0.80000000E+01  0.10000000E+01  0.00000000E+00  0.00000000E+00  0.10000000E+04  0.00000000E+00  0.12500000E+03  0.00000000E+00  0.69999999E+00  0.10000000E+04
  0.80000000E+01  0.15000000E+01  0.00000000E+00  0.00000000E+00  0.10000000E+04  0.00000000E+00  0.12500000E+03  0.00000000E+00  0.69999999E+00  0.10000000E+04
  0.80000000E+01  0.20000000E+01  0.00000000E+00  0.00000000E+00  0.10000000E+04  0.00000000E+00  0.12500000E+03  0.00000000E+00  0.69999999E+00  0.10000000E+04
  0.80000000E+01  0.25000000E+01  0.00000000E+00  0.00000000E+00  0.10000000E+04  0.00000000E+00  0.12500000E+03  0.00000000E+00  0.69999999E+00  0.10000000E+04
  0.80000000E+01  0.30000000E+01  0.00000000E+00  0.00000000E+00  0.10000000E+04  0.00000000E+00  0.12500000E+03  0.00000000E+00  0.69999999E+00  0.10000000E+04
  0.80000000E+01  0.35000000E+01  0.00000000E+00  0.00000000E+00  0.10000000E+04  0.00000000E+00  0.12500000E+03  0.00000000E+00  0.69999999E+00  0.10000000E+04
  0.80000000E+01  0.40000000E+01  0.00000000E+00  0.00000000E+00  0.10000000E+04  0.00000000E+00  0.12500000E+03  0.00000000E+00  0.69999999E+00  0.10000000E+04
  0.82500000E+01 -0.25000000E+00  0.00000000E+00  0.00000000E+00  0.10000000E+04  0.00000000E+00  0.12500000E+03  0.00000000E+00  0.69999999E+00  0.10000000E+04
  0.82500000E+01  0.25000000E+00  0.00000000E+00  0.00000000E+00  0.10000000E+04  0.00000000E+00  0.12500000E+03  0.00000000E+00  0.69999999E+00  0.10000000E+04
  0.82500000E+01  0.75000000E+00  0.00000000E+00  0.00000000E+00  0.10000000E+04  0.00000000E+00  0.12500000E+03  0.00000000E+00  0.69999999E+00  0.10000000E+04
  0.82500000E+01  0.12500000E+01  0.00000000E+00  0.00000000E+00  0.10000000E+04  0.00000000E+00  0.12500000E+03  0.00000000E+00  0.69999999E+00  0.10000000E+04
  0.82500000E+01  0.17500000E+01  0.00000000E+00  0.00000000E+00  0.10000000E+04  0.00000000E+00  0.12500000E+03  0.00000000E+00  0.69999999E+00  0.10000000E+04
  0.82500000E+01  0.22500000E+01  0.00000000E+00  0.00000000E+00  0.10000000E+04  0.00000000E+00  0.12500000E+03  0.00000000E+00  0.69999999E+00  0.10000000E+04
  0.82500000E+01  0.27500000E+01  0.00000000E+00  0.00000000E+00  0.10000000E+04  0.00000000E+00  0.12500000E+03  0.00000000E+00  0.69999999E+00  0.10000000E+04
  0.82500000E+01  0.32500000E+01  0.00000000E+00  0.00000000E+00  0.10000000E+04  0.00000000E+00  0.12500000E+03  0.00000000E+00  0.69999999E+00  0.10000000E+04
  0.82500000E+01  0.37500000E+01  0.00000000E+00  0.00000000E+00  0.10000000E+04  0.00000000E+00  0.12500000E+03  0.00000000E+00  0.69999999E+00  0.10000000E+04
  0.50000000E+00  0.00000000E+00  0.00000000E+00  0.00000000E+00  0.10305753E+04  0.65780336E+05  0.12500000E+03  0.11205461E-01  0.69999999E+00  0.99998682E+03
  0.10000000E+01  0.00000000E+00  0.00000000E+00  0.00000000E+00  0.10403311E+04  0.89373695E+05  0.12500000E+03  0.60763122E-02  0.69999999E+00  0.99999280E+03
  0.15000000E+01  0.00000000E+00  0.00000000E+00  0.00000000E+00  0.10281453E+04  0.60108730E+05  0.12500000E+03  0.19990638E-01  0.69999999E+00  0.99997650E+03
  0.20000000E+01  0.00000000E+00  0.00000000E+00  0.00000000E+00  0.11468608E+04  0.45114978E+06  0.12500000E+03  0.22877602E-01  0.69999999E+00  0.99997003E+03
  0.25000000E+01  0.00000000E+00  0.00000000E+00  0.00000000E+00  0.10500104E+04  0.11413158E+06  0.12500000E+03  0.58285226E-02  0.69999999E+00  0.99999298E+03
  0.30000000E+01  0.00000000E+00  0.00000000E+00  0.00000000E+00  0.10403064E+04  0.89312617E+05  0.12500000E+03  0.75185969E-02  0.69999999E+00  0.99999109E+03
  0.35000000E+01  0.00000000E+00  0.00000000E+00  0.00000000E+00  0.10056720E+04  0.11319582E+05  0.12500000E+03  0.29640344E-02  0.69999999E+00  0.99999658E+03
  0.40000000E+01  0.00000000E+00  0.00000000E+00  0.00000000E+00  0.10000137E+04  0.26898298E+02  0.12500000E+03 -0.68247195E-04  0.69999999E+00  0.10000001E+04
  0.45000000E+01  0.00000000E+00  0.00000000E+00  0.00000000E+00  0.10000000E+04  0.00000000E+00  0.12500000E+03  0.23292383E-40  0.69999999E+00  0.10000000E+04
  0.50000000E+01  0.00000000E+00  0.00000000E+00  0.00000000E+00  0.10000000E+04  0.00000000E+00  0.12500000E+03 -0.00000000E+00  0.69999999E+00  0.10000000E+04
  0.55000000E+01  0.00000000E+00  0.00000000E+00  0.00000000E+00  0.10000000E+04  0.00000000E+00  0.12500000E+03  0.00000000E+00  0.69999999E+00  0.10000000E+04
  0.60000000E+01  0.00000000E+00  0.00000000E+00  0.00000000E+00  0.10000000E+04  0.00000000E+00  0.12500000E+03  0.00000000E+00  0.69999999E+00  0.10000000E+04
  0.65000000E+01  0.00000000E+00  0.00000000E+00  0.00000000E+00  0.10000000E+04  0.00000000E+00  0.12500000E+03  0.00000000E+00  0.69999999E+00  0.10000000E+04
  0.70000000E+01  0.00000000E+00  0.00000000E+00  0.00000000E+00  0.10000000E+04  0.00000000E+00  0.12500000E+03  0.00000000E+00  0.69999999E+00  0.10000000E+04
  0.75000000E+01  0.00000000E+00  0.00000000E+00  0.00000000E+00  0.10000000E+04  0.00000000E+00  0.12500000E+03  0.00000000E+00  0.69999999E+00  0.10000000E+04
  0.25000000E+00 -0.25000000E+00  0.00000000E+00  0.00000000E+00  0.10055221E+04  0.11015571E+05  0.12500000E+03  0.31092274E-02  0.69999999E+00  0.99999640E+03
  0.75000000E+00 -0.25000000E+00  0.00000000E+00  0.00000000E+00  0.10248523E+04  0.52549949E+05  0.12500000E+03  0.81219524E-02  0.69999999E+00  0.99999048E+03
  0.12500000E+01 -0.25000000E+00  0.00000000E+00  0.00000000E+00  0.10093584E+04  0.18884803E+05  0.12500000E+03  0.65773064E-02  0.69999999E+00  0.99999243E+03
  0.17500000E+01 -0.25000000E+00  0.00000000E+00  0.00000000E+00  0.10150336E+04  0.30860057E+05  0.12500000E+03  0.99697802E-02  0.69999999E+00  0.99998846E+03
  0.22500000E+01 -0.25000000E+00  0.00000000E+00  0.00000000E+00  0.10019041E+04  0.37570752E+04  0.12500000E+03  0.97127706E-02  0.69999999E+00  0.99998889E+03
  0.27500000E+01 -0.25000000E+00  0.00000000E+00  0.00000000E+00  0.10039891E+04  0.79209038E+04  0.12500000E+03  0.38624627E-02  0.69999999E+00  0.99999554E+03
  0.32500000E+01 -0.25000000E+00  0.00000000E+00  0.00000000E+00  0.10007167E+04  0.14091653E+04  0.12500000E+03  0.26909444E-02  0.69999999E+00  0.99999695E+03
  0.37500000E+01 -0.25000000E+00  0.00000000E+00  0.00000000E+00  0.10000070E+04  0.13565822E+02  0.12500000E+03 -0.15635355E-03  0.69999999E+00  0.10000002E+04
  0.42500000E+01 -0.25000000E+00  0.00000000E+00  0.00000000E+00  0.10000000E+04  0.00000000E+00  0.12500000E+03 -0.95915887E-37  0.69999999E+00  0.10000000E+04
  0.47500000E+01 -0.25000000E+00  0.00000000E+00  0.00000000E+00  0.10000000E+04  0.00000000E+00  0.12500000E+03 -0.37109186E-40  0.69999999E+00  0.10000000E+04
  0.52500000E+01 -0.25000000E+00  0.00000000E+00  0.00000000E+00  0.10000000E+04  0.00000000E+00  0.12500000E+03  0.00000000E+00  0.69999999E+00  0.10000000E+04
  0.57500000E+01 -0.25000000E+00  0.00000000E+00  0.00000000E+00  0.10000000E+04  0.00000000E+00  0.12500000E+03  0.00000000E+00  0.69999999E+00  0.10000000E+04
  0.62500000E+01 -0.25000000E+00  0.00000000E+00  0.00000000E+00  0.10000000E+04  0.00000000E+00  0.12500000E+03  0.00000000E+00  0.69999999E+00  0.10000000E+04
  0.67500000E+01 -0.25000000E+00  0.00000000E+00  0.00000000E+00  0.10000000E+04  0.00000000E+00  0.12500000E+03  0.00000000E+00  0.69999999E+00  0.10000000E+04
  0.72500000E+01 -0.25000000E+00  0.00000000E+00  0.00000000E+00  0.10000000E+04  0.00000000E+00  0.12500000E+03  0.00000000E+00  0.69999999E+00  0.10000000E+04
  0.77500000E+01 -0.25000000E+00  0.00000000E+00  0.00000000E+00  0.10000000E+04  0.00000000E+00  0.12500000E+03  0.00000000E+00  0.69999999E+00  0.10000000E+04
  0.40000000E+01  0.50000000E+00  0.00000000E+00  0.00000000E+00  0.10015044E+04  0.29650295E+04  0.12500000E+03 -0.25837409E-03  0.69999999E+00  0.10000003E+04
  0.37500000E+01  0.25000000E+00  0.00000000E+00  0.00000000E+00  0.10058474E+04  0.11675937E+05  0.12500000E+03 -0.12947326E-02  0.69999999E+00  0.10000015E+04
  0.40000000E+01  0.10000000E+01  0.00000000E+00  0.00000000E+00  0.10040074E+04  0.79577954E+04  0.12500000E+03 -0.10954650E-03  0.69999999E+00  0.10000001E+04
  0.37500000E+01  0.75000000E+00  0.00000000E+00  0.00000000E+00  0.10476873E+04  0.10806374E+06  0.12500000E+03  0.85852924E-03  0.69999999E+00  0.99999896E+03
  0.40000000E+01  0.15000000E+01  0.00000000E+00  0.00000000E+00  0.10006409E+04  0.12598053E+04  0.12500000E+03  0.28192293E-03  0.69999999E+00  0.99999969E+03
  0.37500000E+01  0.12500000E+01  0.00000000E+00  0.00000000E+00  0.10388414E+04  0.85684680E+05  0.12500000E+03  0.68291608E-03  0.69999999E+00  0.99999921E+03
  0.40000000E+01  0.20000000E+01  0.00000000E+00  0.00000000E+00  0.10010640E+04  0.20941306E+04  0.12500000E+03  0.26996230E-03  0.69999999E+00  0.99999969E+03
  0.37500000E+01  0.17500000E+01  0.00000000E+00  0.00000000E+00  0.10233904E+04  0.49240805E+05  0.12500000E+03  0.14698028E-02  0.69999999E+00  0.99999829E+03
  0.45000000E+01  0.50000000E+00  0.00000000E+00  0.00000000E+00  0.10000000E+04  0.00000000E+00  0.12500000E+03  0.10972167E-39  0.69999999E+00  0.10000000E+04
  0.42500000E+01  0.25000000E+00  0.00000000E+00  0.00000000E+00  0.10000018E+04  0.35083482E+01  0.12500000E+03 -0.74084828E-05  0.69999999E+00  0.10000000E+04
  0.45000000E+01  0.10000000E+01  0.00000000E+00  0.00000000E+00  0.10000000E+04  0.00000000E+00  0.12500000E+03  0.00000000E+00  0.69999999E+00  0.10000000E+04
  0.42500000E+01  0.75000000E+00  0.00000000E+00  0.00000000E+00  0.10000944E+04  0.18529227E+03  0.12500000E+03 -0.10442676E-04  0.69999999E+00  0.10000000E+04
  0.45000000E+01  0.15000000E+01  0.00000000E+00  0.00000000E+00  0.10000000E+04  0.00000000E+00  0.12500000E+03  0.00000000E+00  0.69999999E+00  0.10000000E+04
  0.42500000E+01  0.12500000E+01  0.00000000E+00  0.00000000E+00  0.10000066E+04  0.12864128E+02  0.12500000E+03  0.34267537E-05  0.69999999E+00  0.10000000E+04
  0.45000000E+01  0.20000000E+01  0.00000000E+00  0.00000000E+00  0.10000000E+04  0.00000000E+00  0.12500000E+03  0.00000000E+00  0.69999999E+00  0.10000000E+04
  0.42500000E+01  0.17500000E+01  0.00000000E+00  0.00000000E+00  0.10000031E+04  0.60811610E+01  0.12500000E+03 -0.35628464E-05  0.69999999E+00  0.10000000E+04
  0.50000000E+01  0.50000000E+00  0.00000000E+00  0.00000000E+00  0.10000000E+04  0.00000000E+00  0.12500000E+03  0.00000000E+00  0.69999999E+00  0.10000000E+04
  0.47500000E+01  0.25000000E+00  0.00000000E+00  0.00000000E+00  0.10000000E+04  0.00000000E+00  0.12500000E+03  0.36632744E-40  0.69999999E+00  0.10000000E+04
  0.50000000E+01  0.10000000E+01  0.00000000E+00  0.00000000E+00  0.10000000E+04  0.00000000E+00  0.12500000E+03  0.00000000E+00  0.69999999E+00  0.10000000E+04
  0.47500000E+01  0.75000000E+00  0.00000000E+00  0.00000000E+00  0.10000000E+04  0.00000000E+00  0.12500000E+03  0.00000000E+00  0.69999999E+00  0.10000000E+04
  0.50000000E+01  0.15000000E+01  0.00000000E+00  0.00000000E+00  0.10000000E+04  0.00000000E+00  0.12500000E+03 -0.00000000E+00  0.69999999E+00  0.10000000E+04
  0.47500000E+01  0.12500000E+01  0.00000000E+00  0.00000000E+00  0.10000000E+04  0.00000000E+00  0.12500000E+03 -0.00000000E+00  0.69999999E+00  0.10000000E+04
  0.50000000E+01  0.20000000E+01  0.00000000E+00  0.00000000E+00  0.10000000E+04  0.00000000E+00  0.12500000E+03  0.00000000E+00  0.69999999E+00  0.10000000E+04
  0.47500000E+01  0.17500000E+01  0.00000000E+00  0.00000000E+00  0.10000000E+04  0.00000000E+00  0.12500000E+03  0.00000000E+00  0.69999999E+00  0.10000000E+04
  0.25820873E+01  0.85272491E+00 -0.11885692E+01 -0.94411276E-01  0.10054997E+04  0.10970126E+05  0.12576698E+03  0.12576674E+03  0.10000000E+01  0.00000000E+00
  0.13946971E+01  0.90758348E+00 -0.96521258E+00 -0.93579704E+00  0.10117843E+04  0.23954461E+05  0.12561582E+03  0.12561256E+03  0.10000000E+01  0.00000000E+00
  0.17369974E+01  0.10333928E+01  0.11958063E+00 -0.67044020E+00  0.98840094E+03 -0.21980604E+05  0.12546356E+03  0.12546333E+03  0.10000000E+01  0.00000000E+00
  0.21152177E+01  0.20186749E+01 -0.63759387E+00 -0.47035700E+00  0.10027553E+04  0.54507578E+04  0.12531018E+03  0.12531027E+03  0.10000000E+01  0.00000000E+00
  0.25863514E+01  0.18135334E+01 -0.31470750E-02 -0.14659799E+01  0.10046040E+04  0.91587383E+04  0.12515567E+03  0.12515567E+03  0.10000000E+01  0.00000000E+00
  0.28143673E+01  0.14953861E+01  0.62199980E-01 -0.23323220E+00  0.10018126E+04  0.35756733E+04  0.12500000E+03  0.12500000E+03  0.10000000E+01  0.00000000E+00
  0.27117200E+01  0.90736079E+00 -0.51031584E+00 -0.77982509E+00  0.99534100E+03 -0.90141768E+04  0.12576698E+03  0.12575494E+03  0.10000000E+01  0.00000000E+00
  0.11824850E+01  0.95929933E+00 -0.81262097E-01 -0.63450563E+00  0.10089803E+04  0.18101145E+05  0.12561582E+03  0.12560624E+03  0.10000000E+01  0.00000000E+00
  0.98376226E+00  0.11442001E+01 -0.29843962E+00 -0.76608199E+00  0.10083562E+04  0.16811660E+05  0.12546356E+03  0.12546037E+03  0.10000000E+01  0.00000000E+00
  0.24863527E+01  0.14097911E+01  0.72815999E-01 -0.95763102E-01  0.10067185E+04  0.13450409E+05  0.12531018E+03  0.12531038E+03  0.10000000E+01  0.00000000E+00
  0.12987696E+01  0.85983992E+00  0.43826991E+00 -0.75475842E+00  0.10079014E+04  0.15874717E+05  0.12515567E+03  0.12515567E+03  0.10000000E+01  0.00000000E+00
  0.76268518E+00  0.85811031E+00 -0.63258064E+00 -0.56646144E+00  0.10093063E+04  0.18776736E+05  0.12500000E+03  0.12500000E+03  0.10000000E+01  0.00000000E+00
  0.20183856E+01  0.10991675E+01 -0.12951089E+00  0.16792718E+00  0.99456567E+03 -0.10489904E+05  0.12576698E+03  0.12575644E+03  0.10000000E+01  0.00000000E+00
  0.27561977E+01  0.94557488E+00 -0.40105317E-01 -0.38746417E+00  0.10002364E+04  0.46413019E+03  0.12561582E+03  0.12561089E+03  0.10000000E+01  0.00000000E+00
  0.29039760E+01  0.11138381E+01  0.18005502E+00  0.59620583E+00  0.10054330E+04  0.10834794E+05  0.12546356E+03  0.12546005E+03  0.10000000E+01  0.00000000E+00
  0.22894595E+01  0.15591017E+01 -0.53824627E+00  0.65616959E+00  0.99964337E+03 -0.69892975E+03  0.12531018E+03  0.12531018E+03  0.10000000E+01  0.00000000E+00
  0.29417620E+01  0.80187273E+00  0.57457936E+00  0.47410375E+00  0.10083858E+04  0.16872641E+05  0.12515567E+03  0.12515553E+03  0.10000000E+01  0.00000000E+00
  0.19488635E+01  0.14806423E+01 -0.67854261E+00  0.27598739E+00  0.10021241E+04  0.41943145E+04  0.12500000E+03  0.12499989E+03  0.10000000E+01  0.00000000E+00
  0.83905685E+00  0.11665691E+01 -0.29831675E+00 -0.17554632E+00  0.10116496E+04  0.23671033E+05  0.12576698E+03  0.12576566E+03  0.10000000E+01  0.00000000E+00
  0.26347823E+01  0.89307022E+00  0.54932982E+00 -0.61063385E+00  0.99378223E+03 -0.11974066E+05  0.12561582E+03  0.12561221E+03  0.10000000E+01  0.00000000E+00
  0.22104154E+01  0.17760732E+01 -0.18479631E+01 -0.11667702E+01  0.99952576E+03 -0.92908636E+03  0.12546356E+03  0.12546202E+03  0.10000000E+01  0.00000000E+00
  0.21729496E+01  0.95287955E+00  0.24209499E+00 -0.28000250E+00  0.10078868E+04  0.15844804E+05  0.12531018E+03  0.12530890E+03  0.10000000E+01  0.00000000E+00
  0.98439562E+00  0.15132236E+01  0.62855738E+00 -0.41133910E+00  0.10080972E+04  0.16277812E+05  0.12515567E+03  0.12515567E+03  0.10000000E+01  0.00000000E+00
  0.17741880E+01  0.90063584E+00 -0.29921618E+00  0.49107069E+00  0.10196782E+04  0.40963930E+05  0.12500000E+03  0.12500012E+03  0.10000000E+01  0.00000000E+00
  0.96917093E+00  0.13481717E+01 -0.94287479E+00 -0.54131734E+00  0.10049979E+04  0.99542764E+04  0.12561582E+03  0.12561399E+03  0.10000000E+01  0.00000000E+00
  0.21502438E+01  0.21575966E+01 -0.13505945E+01 -0.10093923E+01  0.10036172E+04  0.71743604E+04  0.12531018E+03  0.12531004E+03  0.10000000E+01  0.00000000E+00
  0.27273858E+01  0.20632458E+01 -0.14228168E+01 -0.51886475E+00  0.10039555E+04  0.78533594E+04  0.12500000E+03  0.12500000E+03  0.10000000E+01  0.00000000E+00
