  0.00000000E+00  0.00000000E+00  0.00000000E+00  0.00000000E+00  0.99972986E+03 -0.52956232E+03  0.12500000E+03  0.10550451E-02  0.69999999E+00  0.99999878E+03
  0.00000000E+00  0.50000000E+00  0.00000000E+00  0.00000000E+00  0.99883142E+03 -0.22847876E+04  0.12500000E+03  0.62555674E-03  0.69999999E+00  0.99999927E+03
  0.00000000E+00  0.10000000E+01  0.00000000E+00  0.00000000E+00  0.10121282E+04  0.24678854E+05  0.12500000E+03  0.13079578E-02  0.69999999E+00  0.99999847E+03
  0.00000000E+00  0.15000000E+01  0.00000000E+00  0.00000000E+00  0.10210551E+04  0.44012996E+05  0.12500000E+03  0.38768153E-03  0.69999999E+00  0.99999957E+03
  0.00000000E+00  0.20000000E+01  0.00000000E+00  0.00000000E+00  0.10059073E+04  0.11797550E+05  0.12500000E+03 -0.31668277E-03  0.69999999E+00  0.10000004E+04
  0.00000000E+00  0.25000000E+01  0.00000000E+00  0.00000000E+00  0.10002466E+04  0.48403955E+03  0.12500000E+03  0.71152863E-04  0.69999999E+00  0.99999994E+03
  0.00000000E+00  0.30000000E+01  0.00000000E+00  0.00000000E+00  0.10000000E+04  0.00000000E+00  0.12500000E+03  0.00000000E+00  0.69999999E+00  0.10000000E+04
  0.00000000E+00  0.35000000E+01  0.00000000E+00  0.00000000E+00  0.10000000E+04  0.00000000E+00  0.12500000E+03  0.00000000E+00  0.69999999E+00  0.10000000E+04
  0.00000000E+00  0.40000000E+01  0.00000000E+00  0.00000000E+00  0.10000000E+04  0.00000000E+00  0.12500000E+03  0.00000000E+00  0.69999999E+00  0.10000000E+04
 -0.25000000E+00 -0.25000000E+00  0.00000000E+00  0.00000000E+00  0.10002395E+04  0.47022000E+03  0.12500000E+03  0.33724468E-03  0.69999999E+00  0.99999963E+03
 -0.25000000E+00  0.25000000E+00  0.00000000E+00  0.00000000E+00  0.99942029E+03 -0.11354242E+04  0.12500000E+03  0.43975539E-03  0.69999999E+00  0.99999951E+03
 -0.25000000E+00  0.75000000E+00  0.00000000E+00  0.00000000E+00  0.10012020E+04  0.23668201E+04  0.12500000E+03 -0.96122294E-05  0.69999999E+00  0.10000000E+04
 -0.25000000E+00  0.12500000E+01  0.00000000E+00  0.00000000E+00  0.10096294E+04  0.19447443E+05  0.12500000E+03  0.40827441E-03  0.69999999E+00  0.99999951E+03
 -0.25000000E+00  0.17500000E+01  0.00000000E+00  0.00000000E+00  0.10001616E+04  0.31730682E+03  0.12500000E+03 -0.10675416E-03  0.69999999E+00  0.10000001E+04
 -0.25000000E+00  0.22500000E+01  0.00000000E+00  0.00000000E+00  0.10004730E+04  0.92938812E+03  0.12500000E+03 -0.62706749E-04  0.69999999E+00  0.10000001E+04
 -0.25000000E+00  0.27500000E+01  0.00000000E+00  0.00000000E+00  0.10000000E+04  0.00000000E+00  0.12500000E+03  0.00000000E+00  0.69999999E+00  0.10000000E+04
 -0.25000000E+00  0.32500000E+01  0.00000000E+00  0.00000000E+00  0.10000000E+04  0.00000000E+00  0.12500000E+03  0.00000000E+00  0.69999999E+00  0.10000000E+04
 -0.25000000E+00  0.37500000E+01  0.00000000E+00  0.00000000E+00  0.10000000E+04  0.00000000E+00  0.12500000E+03  0.00000000E+00  0.69999999E+00  0.10000000E+04
  0.80000000E+01  0.00000000E+00  0.00000000E+00  0.00000000E+00  0.10000000E+04  0.00000000E+00  0.12500000E+03  0.00000000E+00  0.69999999E+00  0.10000000E+04
  0.80000000E+01  0.50000000E+00  0.00000000E+00  0.00000000E+00  0.10000000E+04  0.00000000E+00  0.12500000E+03  0.00000000E+00  0.69999999E+00  0.10000000E+04
  0.80000000E+01  0.10000000E+01  0.00000000E+00  0.00000000E+00  0.10000000E+04  0.00000000E+00  0.12500000E+03  0.00000000E+00  0.69999999E+00  0.10000000E+04
  0.80000000E+01  0.15000000E+01  0.00000000E+00  0.00000000E+00  0.10000000E+04  0.00000000E+00  0.12500000E+03  0.00000000E+00  0.69999999E+00  0.10000000E+04
  0.80000000E+01  0.20000000E+01  0.00000000E+00  0.00000000E+00  0.10000000E+04  0.00000000E+00  0.12500000E+03  0.00000000E+00  0.69999999E+00  0.10000000E+04
  0.80000000E+01  0.25000000E+01  0.00000000E+00  0.00000000E+00  0.10000000E+04  0.00000000E+00  0.12500000E+03  0.00000000E+00  0.69999999E+00  0.10000000E+04
  0.80000000E+01  0.30000000E+01  0.00000000E+00  0.00000000E+00  0.10000000E+04  0.00000000E+00  0.12500000E+03  0.00000000E+00  0.69999999E+00  0.10000000E+04
  0.80000000E+01  0.35000000E+01  0.00000000E+00  0.00000000E+00  0.10000000E+04  0.00000000E+00  0.12500000E+03  0.00000000E+00  0.69999999E+00  0.10000000E+04
  0.80000000E+01  0.40000000E+01  0.00000000E+00  0.00000000E+00  0.10000000E+04  0.00000000E+00  0.12500000E+03  0.00000000E+00  0.69999999E+00  0.10000000E+04
  0.82500000E+01 -0.25000000E+00  0.00000000E+00  0.00000000E+00  0.10000000E+04  0.00000000E+00  0.12500000E+03  0.00000000E+00  0.69999999E+00  0.10000000E+04
  0.82500000E+01  0.25000000E+00  0.00000000E+00  0.00000000E+00  0.10000000E+04  0.00000000E+00  0.12500000E+03  0.00000000E+00  0.69999999E+00  0.10000000E+04
  0.82500000E+01  0.75000000E+00  0.00000000E+00  0.00000000E+00  0.10000000E+04  0.00000000E+00  0.12500000E+03  0.00000000E+00  0.69999999E+00  0.10000000E+04
  0.82500000E+01  0.12500000E+01  0.00000000E+00  0.00000000E+00  0.10000000E+04  0.00000000E+00  0.12500000E+03  0.00000000E+00  0.69999999E+00  0.10000000E+04
  0.82500000E+01  0.17500000E+01  0.00000000E+00  0.00000000E+00  0.10000000E+04  0.00000000E+00  0.12500000E+03  0.00000000E+00  0.69999999E+00  0.10000000E+04
  0.82500000E+01  0.22500000E+01  0.00000000E+00  0.00000000E+00  0.10000000E+04  0.00000000E+00  0.12500000E+03  0.00000000E+00  0.69999999E+00  0.10000000E+04
  0.82500000E+01  0.27500000E+01  0.00000000E+00  0.00000000E+00  0.10000000E+04  0.00000000E+00  0.12500000E+03  0.00000000E+00  0.69999999E+00  0.10000000E+04
  0.82500000E+01  0.32500000E+01  0.00000000E+00  0.00000000E+00  0.10000000E+04  0.00000000E+00  0.12500000E+03  0.00000000E+00  0.69999999E+00  0.10000000E+04
  0.82500000E+01  0.37500000E+01  0.00000000E+00  0.00000000E+00  0.10000000E+04  0.00000000E+00  0.12500000E+03  0.00000000E+00  0.69999999E+00  0.10000000E+04
  0.50000000E+00  0.00000000E+00  0.00000000E+00  0.00000000E+00  0.10068313E+04  0.13680815E+05  0.12500000E+03  0.49078050E-02  0.69999999E+00  0.99999438E+03
  0.10000000E+01  0.00000000E+00  0.00000000E+00  0.00000000E+00  0.10052113E+04  0.10385924E+05  0.12500000E+03  0.17887199E-02  0.69999999E+00  0.99999792E+03
  0.15000000E+01  0.00000000E+00  0.00000000E+00  0.00000000E+00  0.10143087E+04  0.29307896E+05  0.12500000E+03  0.76632900E-02  0.69999999E+00  0.99999115E+03
  0.20000000E+01  0.00000000E+00  0.00000000E+00  0.00000000E+00  0.10037277E+04  0.73959966E+04  0.12500000E+03  0.84278453E-02  0.69999999E+00  0.99999036E+03
  0.25000000E+01  0.00000000E+00  0.00000000E+00  0.00000000E+00  0.10097689E+04  0.19737658E+05  0.12500000E+03  0.76106633E-04  0.69999999E+00  0.99999994E+03
  0.30000000E+01  0.00000000E+00  0.00000000E+00  0.00000000E+00  0.10341870E+04  0.74359711E+05  0.12500000E+03  0.12161764E-02  0.69999999E+00  0.99999860E+03
  0.35000000E+01  0.00000000E+00  0.00000000E+00  0.00000000E+00  0.10155320E+04  0.31931111E+05  0.12500000E+03  0.46001381E-03  0.69999999E+00  0.99999945E+03
  0.40000000E+01  0.00000000E+00  0.00000000E+00  0.00000000E+00  0.10000134E+04  0.26430483E+02  0.12500000E+03 -0.24179390E-04  0.69999999E+00  0.10000000E+04
  0.45000000E+01  0.00000000E+00  0.00000000E+00  0.00000000E+00  0.10000000E+04  0.00000000E+00  0.12500000E+03  0.00000000E+00  0.69999999E+00  0.10000000E+04
  0.50000000E+01  0.00000000E+00  0.00000000E+00  0.00000000E+00  0.10000000E+04  0.00000000E+00  0.12500000E+03  0.00000000E+00  0.69999999E+00  0.10000000E+04
  0.55000000E+01  0.00000000E+00  0.00000000E+00  0.00000000E+00  0.10000000E+04  0.00000000E+00  0.12500000E+03  0.00000000E+00  0.69999999E+00  0.10000000E+04
  0.60000000E+01  0.00000000E+00  0.00000000E+00  0.00000000E+00  0.10000000E+04  0.00000000E+00  0.12500000E+03  0.00000000E+00  0.69999999E+00  0.10000000E+04
  0.65000000E+01  0.00000000E+00  0.00000000E+00  0.00000000E+00  0.10000000E+04  0.00000000E+00  0.12500000E+03  0.00000000E+00  0.69999999E+00  0.10000000E+04
  0.70000000E+01  0.00000000E+00  0.00000000E+00  0.00000000E+00  0.10000000E+04  0.00000000E+00  0.12500000E+03  0.00000000E+00  0.69999999E+00  0.10000000E+04
  0.75000000E+01  0.00000000E+00  0.00000000E+00  0.00000000E+00  0.10000000E+04  0.00000000E+00  0.12500000E+03  0.00000000E+00  0.69999999E+00  0.10000000E+04
  0.25000000E+00 -0.25000000E+00  0.00000000E+00  0.00000000E+00  0.10011384E+04  0.22412795E+04  0.12500000E+03  0.16044339E-02  0.69999999E+00  0.99999817E+03
  0.75000000E+00 -0.25000000E+00  0.00000000E+00  0.00000000E+00  0.10053361E+04  0.10638416E+05  0.12500000E+03  0.37015053E-02  0.69999999E+00  0.99999573E+03
  0.12500000E+01 -0.25000000E+00  0.00000000E+00  0.00000000E+00  0.10025657E+04  0.50726611E+04  0.12500000E+03  0.27959547E-02  0.69999999E+00  0.99999683E+03
  0.17500000E+01 -0.25000000E+00  0.00000000E+00  0.00000000E+00  0.10066309E+04  0.13271501E+05  0.12500000E+03  0.41879825E-02  0.69999999E+00  0.99999518E+03
  0.22500000E+01 -0.25000000E+00  0.00000000E+00  0.00000000E+00  0.10013225E+04  0.26050779E+04  0.12500000E+03  0.35792792E-02  0.69999999E+00  0.99999591E+03
  0.27500000E+01 -0.25000000E+00  0.00000000E+00  0.00000000E+00  0.10031613E+04  0.62616274E+04  0.12500000E+03  0.37207390E-03  0.69999999E+00  0.99999957E+03
  0.32500000E+01 -0.25000000E+00  0.00000000E+00  0.00000000E+00  0.10045262E+04  0.90020176E+04  0.12500000E+03  0.49745868E-03  0.69999999E+00  0.99999945E+03
  0.37500000E+01 -0.25000000E+00  0.00000000E+00  0.00000000E+00  0.10000083E+04  0.16372614E+02  0.12500000E+03 -0.44252163E-04  0.69999999E+00  0.10000001E+04
  0.42500000E+01 -0.25000000E+00  0.00000000E+00  0.00000000E+00  0.10000000E+04  0.00000000E+00  0.12500000E+03 -0.00000000E+00  0.69999999E+00  0.10000000E+04
  0.47500000E+01 -0.25000000E+00  0.00000000E+00  0.00000000E+00  0.10000000E+04  0.00000000E+00  0.12500000E+03  0.00000000E+00  0.69999999E+00  0.10000000E+04
  0.52500000E+01 -0.25000000E+00  0.00000000E+00  0.00000000E+00  0.10000000E+04  0.00000000E+00  0.12500000E+03  0.00000000E+00  0.69999999E+00  0.10000000E+04
  0.57500000E+01 -0.25000000E+00  0.00000000E+00  0.00000000E+00  0.10000000E+04  0.00000000E+00  0.12500000E+03  0.00000000E+00  0.69999999E+00  0.10000000E+04
  0.62500000E+01 -0.25000000E+00  0.00000000E+00  0.00000000E+00  0.10000000E+04  0.00000000E+00  0.12500000E+03  0.00000000E+00  0.69999999E+00  0.10000000E+04
  0.67500000E+01 -0.25000000E+00  0.00000000E+00  0.00000000E+00  0.10000000E+04  0.00000000E+00  0.12500000E+03  0.00000000E+00  0.69999999E+00  0.10000000E+04
  0.72500000E+01 -0.25000000E+00  0.00000000E+00  0.00000000E+00  0.10000000E+04  0.00000000E+00  0.12500000E+03  0.00000000E+00  0.69999999E+00  0.10000000E+04
  0.77500000E+01 -0.25000000E+00  0.00000000E+00  0.00000000E+00  0.10000000E+04  0.00000000E+00  0.12500000E+03  0.00000000E+00  0.69999999E+00  0.10000000E+04
  0.40000000E+01  0.50000000E+00  0.00000000E+00  0.00000000E+00  0.10030461E+04  0.60314507E+04  0.12500000E+03 -0.58493144E-04  0.69999999E+00  0.10000001E+04
  0.37500000E+01  0.25000000E+00  0.00000000E+00  0.00000000E+00  0.10110834E+04  0.22482109E+05  0.12500000E+03 -0.22568167E-03  0.69999999E+00  0.10000002E+04
  0.40000000E+01  0.10000000E+01  0.00000000E+00  0.00000000E+00  0.10047512E+04  0.94557930E+04  0.12500000E+03  0.31485317E-05  0.69999999E+00  0.10000000E+04
  0.37500000E+01  0.75000000E+00  0.00000000E+00  0.00000000E+00  0.10467028E+04  0.10551630E+06  0.12500000E+03  0.11499228E-03  0.69999999E+00  0.99999988E+03
  0.40000000E+01  0.15000000E+01  0.00000000E+00  0.00000000E+00  0.10005581E+04  0.10969019E+04  0.12500000E+03  0.68062887E-04  0.69999999E+00  0.99999994E+03
  0.37500000E+01  0.12500000E+01  0.00000000E+00  0.00000000E+00  0.10242688E+04  0.51225645E+05  0.12500000E+03  0.21022637E-03  0.69999999E+00  0.99999976E+03
  0.40000000E+01  0.20000000E+01  0.00000000E+00  0.00000000E+00  0.10000315E+04  0.61752430E+02  0.12500000E+03  0.20776821E-04  0.69999999E+00  0.10000000E+04
  0.37500000E+01  0.17500000E+01  0.00000000E+00  0.00000000E+00  0.10016139E+04  0.31817559E+04  0.12500000E+03  0.20826671E-03  0.69999999E+00  0.99999976E+03
  0.45000000E+01  0.50000000E+00  0.00000000E+00  0.00000000E+00  0.10000000E+04  0.00000000E+00  0.12500000E+03  0.00000000E+00  0.69999999E+00  0.10000000E+04
  0.42500000E+01  0.25000000E+00  0.00000000E+00  0.00000000E+00  0.10000018E+04  0.35083482E+01  0.12500000E+03 -0.74084828E-05  0.69999999E+00  0.10000000E+04
  0.45000000E+01  0.10000000E+01  0.00000000E+00  0.00000000E+00  0.10000000E+04  0.00000000E+00  0.12500000E+03  0.00000000E+00  0.69999999E+00  0.10000000E+04
  0.42500000E+01  0.75000000E+00  0.00000000E+00  0.00000000E+00  0.10001155E+04  0.22671664E+03  0.12500000E+03 -0.28145128E-05  0.69999999E+00  0.10000000E+04
  0.45000000E+01  0.15000000E+01  0.00000000E+00  0.00000000E+00  0.10000000E+04  0.00000000E+00  0.12500000E+03  0.00000000E+00  0.69999999E+00  0.10000000E+04
  0.42500000E+01  0.12500000E+01  0.00000000E+00  0.00000000E+00  0.10000011E+04  0.21050045E+01  0.12500000E+03  0.50987142E-05  0.69999999E+00  0.10000000E+04
  0.45000000E+01  0.20000000E+01  0.00000000E+00  0.00000000E+00  0.10000000E+04  0.00000000E+00  0.12500000E+03  0.00000000E+00  0.69999999E+00  0.10000000E+04
  0.42500000E+01  0.17500000E+01  0.00000000E+00  0.00000000E+00  0.10000000E+04  0.00000000E+00  0.12500000E+03  0.00000000E+00  0.69999999E+00  0.10000000E+04
  0.50000000E+01  0.50000000E+00  0.00000000E+00  0.00000000E+00  0.10000000E+04  0.00000000E+00  0.12500000E+03  0.00000000E+00  0.69999999E+00  0.10000000E+04
  0.47500000E+01  0.25000000E+00  0.00000000E+00  0.00000000E+00  0.10000000E+04  0.00000000E+00  0.12500000E+03  0.00000000E+00  0.69999999E+00  0.10000000E+04
  0.50000000E+01  0.10000000E+01  0.00000000E+00  0.00000000E+00  0.10000000E+04  0.00000000E+00  0.12500000E+03  0.00000000E+00  0.69999999E+00  0.10000000E+04
  0.47500000E+01  0.75000000E+00  0.00000000E+00  0.00000000E+00  0.10000000E+04  0.00000000E+00  0.12500000E+03  0.00000000E+00  0.69999999E+00  0.10000000E+04
  0.50000000E+01  0.15000000E+01  0.00000000E+00  0.00000000E+00  0.10000000E+04  0.00000000E+00  0.12500000E+03  0.00000000E+00  0.69999999E+00  0.10000000E+04
  0.47500000E+01  0.12500000E+01  0.00000000E+00  0.00000000E+00  0.10000000E+04  0.00000000E+00  0.12500000E+03  0.00000000E+00  0.69999999E+00  0.10000000E+04
  0.50000000E+01  0.20000000E+01  0.00000000E+00  0.00000000E+00  0.10000000E+04  0.00000000E+00  0.12500000E+03  0.00000000E+00  0.69999999E+00  0.10000000E+04
  0.47500000E+01  0.17500000E+01  0.00000000E+00  0.00000000E+00  0.10000000E+04  0.00000000E+00  0.12500000E+03  0.00000000E+00  0.69999999E+00  0.10000000E+04
  0.75059032E+00  0.25670061E+00 -0.61044127E+00  0.33498400E+00  0.10062369E+04  0.12468174E+05  0.12576698E+03  0.12576698E+03  0.10000000E+01  0.00000000E+00
  0.56153512E+00  0.53639734E+00  0.32555407E+00  0.34055030E+00  0.10059368E+04  0.11857646E+05  0.12561582E+03  0.12561256E+03  0.10000000E+01  0.00000000E+00
  0.62099254E+00  0.63097310E+00 -0.53164971E+00  0.31379896E+00  0.10052527E+04  0.10469665E+05  0.12546356E+03  0.12546356E+03  0.10000000E+01  0.00000000E+00
  0.91562980E+00  0.82021093E+00  0.97313710E-03  0.24397728E+00  0.10037216E+04  0.73837993E+04  0.12531018E+03  0.12531018E+03  0.10000000E+01  0.00000000E+00
  0.12417241E+01  0.10598867E+01 -0.19225931E+00 -0.42431092E+00  0.10024500E+04  0.48423540E+04  0.12515567E+03  0.12515567E+03  0.10000000E+01  0.00000000E+00
  0.16571028E+01  0.14317739E+01  0.17895916E+01 -0.98715827E-01  0.10081291E+04  0.16343608E+05  0.12500000E+03  0.12500000E+03  0.10000000E+01  0.00000000E+00
  0.13738832E+01  0.18806183E+00 -0.39664537E-01 -0.15524065E+00  0.99776733E+03 -0.43512686E+04  0.12576698E+03  0.12576112E+03  0.10000000E+01  0.00000000E+00
  0.10355905E+01  0.46311438E+00 -0.37573919E+00  0.35666990E+00  0.10051647E+04  0.10291590E+05  0.12561582E+03  0.12561037E+03  0.10000000E+01  0.00000000E+00
  0.14329276E+01  0.59446895E+00 -0.37504941E-01 -0.33953220E+00  0.10012762E+04  0.25133838E+04  0.12546356E+03  0.12546356E+03  0.10000000E+01  0.00000000E+00
  0.11533314E+01  0.77192509E+00 -0.84965098E+00 -0.27428664E-01  0.10080613E+04  0.16203930E+05  0.12531018E+03  0.12531018E+03  0.10000000E+01  0.00000000E+00
  0.16465604E+01  0.11040835E+01  0.86769968E-01 -0.92770690E+00  0.10018474E+04  0.36447219E+04  0.12515567E+03  0.12515567E+03  0.10000000E+01  0.00000000E+00
  0.14246234E+01  0.13758566E+01  0.33871211E-01 -0.10970191E+01  0.10061104E+04  0.12210440E+05  0.12500000E+03  0.12500000E+03  0.10000000E+01  0.00000000E+00
  0.19974465E+01  0.29736456E+00  0.92862582E+00 -0.84300481E-01  0.98933203E+03 -0.20272500E+05  0.12576698E+03  0.12576154E+03  0.10000000E+01  0.00000000E+00
  0.18163545E+01  0.51560664E+00  0.12787091E+01  0.14787915E+00  0.99713641E+03 -0.55703193E+04  0.12561582E+03  0.12561089E+03  0.10000000E+01  0.00000000E+00
  0.24290466E+01  0.66886437E+00  0.15106089E+01 -0.10541403E+01  0.99421265E+03 -0.11159572E+05  0.12546356E+03  0.12546356E+03  0.10000000E+01  0.00000000E+00
  0.18647711E+01  0.79017675E+00  0.92643803E+00 -0.26596382E+00  0.10125051E+04  0.25474773E+05  0.12531018E+03  0.12531018E+03  0.10000000E+01  0.00000000E+00
  0.22114859E+01  0.10973456E+01  0.15216866E+01 -0.35406923E+00  0.10027455E+04  0.54312603E+04  0.12515567E+03  0.12515567E+03  0.10000000E+01  0.00000000E+00
  0.19003592E+01  0.14765034E+01  0.69753098E+00  0.19894302E+00  0.10054320E+04  0.10832860E+05  0.12500000E+03  0.12500000E+03  0.10000000E+01  0.00000000E+00
  0.19752622E+01  0.53663886E+00 -0.11512064E+01  0.18643281E+00  0.10050029E+04  0.99643975E+04  0.12576698E+03  0.12576698E+03  0.10000000E+01  0.00000000E+00
  0.24168777E+01  0.54646808E+00 -0.35306960E+00  0.57153636E+00  0.10029261E+04  0.57916733E+04  0.12561582E+03  0.12561295E+03  0.10000000E+01  0.00000000E+00
  0.28433695E+01  0.61390889E+00  0.11385748E+01  0.12052215E+01  0.10058558E+04  0.11692892E+05  0.12546356E+03  0.12546202E+03  0.10000000E+01  0.00000000E+00
  0.26881108E+01  0.73802066E+00  0.10285470E+01 -0.10002577E+01  0.10066028E+04  0.13214318E+05  0.12531018E+03  0.12531018E+03  0.10000000E+01  0.00000000E+00
  0.27629461E+01  0.11031351E+01  0.26649761E+00 -0.56094849E+00  0.10078300E+04  0.15727875E+05  0.12515567E+03  0.12515567E+03  0.10000000E+01  0.00000000E+00
  0.24242215E+01  0.15004530E+01  0.12149525E+01 -0.67568564E+00  0.99306970E+03 -0.13317776E+05  0.12500000E+03  0.12500000E+03  0.10000000E+01  0.00000000E+00
  0.23293338E+01  0.13217368E+01 -0.16152780E+01  0.36141455E+00  0.10072176E+04  0.14471364E+05  0.12561582E+03  0.12561399E+03  0.10000000E+01  0.00000000E+00
  0.30095267E+01  0.88148081E+00  0.15137941E+01  0.18529521E+00  0.10201288E+04  0.41959004E+05  0.12531018E+03  0.12531018E+03  0.10000000E+01  0.00000000E+00
  0.24561162E+01  0.17893267E+01 -0.11417953E+01  0.52446681E+00  0.10044952E+04  0.89393018E+04  0.12500000E+03  0.12500000E+03  0.10000000E+01  0.00000000E+00
