  0.00000000E+00  0.00000000E+00  0.00000000E+00  0.00000000E+00  0.10011958E+04  0.23545701E+04  0.12500000E+03  0.24976518E-02  0.69999999E+00  0.99999713E+03
  0.00000000E+00  0.50000000E+00  0.00000000E+00  0.00000000E+00  0.10145619E+04  0.29849287E+05  0.12500000E+03  0.33162641E-02  0.69999999E+00  0.99999615E+03
  0.00000000E+00  0.10000000E+01  0.00000000E+00  0.00000000E+00  0.10262078E+04  0.55643797E+05  0.12500000E+03  0.37309441E-02  0.69999999E+00  0.99999561E+03
  0.00000000E+00  0.15000000E+01  0.00000000E+00  0.00000000E+00  0.10119567E+04  0.24317477E+05  0.12500000E+03  0.13830648E-02  0.69999999E+00  0.99999841E+03
  0.00000000E+00  0.20000000E+01  0.00000000E+00  0.00000000E+00  0.10157692E+04  0.32441746E+05  0.12500000E+03 -0.17056367E-02  0.69999999E+00  0.10000020E+04
  0.00000000E+00  0.25000000E+01  0.00000000E+00  0.00000000E+00  0.10034469E+04  0.68332266E+04  0.12500000E+03  0.51974104E-03  0.69999999E+00  0.99999939E+03
  0.00000000E+00  0.30000000E+01  0.00000000E+00  0.00000000E+00  0.10000026E+04  0.51455903E+01  0.12500000E+03  0.38292605E-04  0.69999999E+00  0.99999994E+03
  0.00000000E+00  0.35000000E+01  0.00000000E+00  0.00000000E+00  0.10000000E+04  0.00000000E+00  0.12500000E+03  0.00000000E+00  0.69999999E+00  0.10000000E+04
  0.00000000E+00  0.40000000E+01  0.00000000E+00  0.00000000E+00  0.10000000E+04  0.00000000E+00  0.12500000E+03  0.00000000E+00  0.69999999E+00  0.10000000E+04
 -0.25000000E+00 -0.25000000E+00  0.00000000E+00  0.00000000E+00  0.10006414E+04  0.12607445E+04  0.12500000E+03  0.52005530E-03  0.69999999E+00  0.99999939E+03
 -0.25000000E+00  0.25000000E+00  0.00000000E+00  0.00000000E+00  0.10007963E+04  0.15661134E+04  0.12500000E+03  0.11286181E-02  0.69999999E+00  0.99999872E+03
 -0.25000000E+00  0.75000000E+00  0.00000000E+00  0.00000000E+00  0.10068256E+04  0.13669121E+05  0.12500000E+03  0.50272804E-03  0.69999999E+00  0.99999945E+03
 -0.25000000E+00  0.12500000E+01  0.00000000E+00  0.00000000E+00  0.10056595E+04  0.11294419E+05  0.12500000E+03  0.11833450E-02  0.69999999E+00  0.99999866E+03
 -0.25000000E+00  0.17500000E+01  0.00000000E+00  0.00000000E+00  0.10008844E+04  0.17398304E+04  0.12500000E+03 -0.34933921E-03  0.69999999E+00  0.10000004E+04
 -0.25000000E+00  0.22500000E+01  0.00000000E+00  0.00000000E+00  0.10015139E+04  0.29839109E+04  0.12500000E+03 -0.18548567E-03  0.69999999E+00  0.10000002E+04
 -0.25000000E+00  0.27500000E+01  0.00000000E+00  0.00000000E+00  0.10000007E+04  0.14033347E+01  0.12500000E+03  0.17473474E-04  0.69999999E+00  0.10000000E+04
 -0.25000000E+00  0.32500000E+01  0.00000000E+00  0.00000000E+00  0.10000000E+04  0.00000000E+00  0.12500000E+03  0.33154722E-41  0.69999999E+00  0.10000000E+04
 -0.25000000E+00  0.37500000E+01  0.00000000E+00  0.00000000E+00  0.10000000E+04  0.00000000E+00  0.12500000E+03  0.00000000E+00  0.69999999E+00  0.10000000E+04
  0.80000000E+01  0.00000000E+00  0.00000000E+00  0.00000000E+00  0.10000000E+04  0.00000000E+00  0.12500000E+03  0.00000000E+00  0.69999999E+00  0.10000000E+04
  0.80000000E+01  0.50000000E+00  0.00000000E+00  0.00000000E+00  0.10000000E+04  0.00000000E+00  0.12500000E+03  0.00000000E+00  0.69999999E+00  0.10000000E+04
  0.80000000E+01  0.10000000E+01  0.00000000E+00  0.00000000E+00  0.10000000E+04  0.00000000E+00  0.12500000E+03  0.00000000E+00  0.69999999E+00  0.10000000E+04
  0.80000000E+01  0.15000000E+01  0.00000000E+00  0.00000000E+00  0.10000000E+04  0.00000000E+00  0.12500000E+03  0.00000000E+00  0.69999999E+00  0.10000000E+04
  0.80000000E+01  0.20000000E+01  0.00000000E+00  0.00000000E+00  0.10000000E+04  0.00000000E+00  0.12500000E+03  0.00000000E+00  0.69999999E+00  0.10000000E+04
  0.80000000E+01  0.25000000E+01  0.00000000E+00  0.00000000E+00  0.10000000E+04  0.00000000E+00  0.12500000E+03  0.00000000E+00  0.69999999E+00  0.10000000E+04
  0.80000000E+01  0.30000000E+01  0.00000000E+00  0.00000000E+00  0.10000000E+04  0.00000000E+00  0.12500000E+03  0.00000000E+00  0.69999999E+00  0.10000000E+04
  0.80000000E+01  0.35000000E+01  0.00000000E+00  0.00000000E+00  0.10000000E+04  0.00000000E+00  0.12500000E+03  0.00000000E+00  0.69999999E+00  0.10000000E+04
  0.80000000E+01  0.40000000E+01  0.00000000E+00  0.00000000E+00  0.10000000E+04  0.00000000E+00  0.12500000E+03  0.00000000E+00  0.69999999E+00  0.10000000E+04
  0.82500000E+01 -0.25000000E+00  0.00000000E+00  0.00000000E+00  0.10000000E+04  0.00000000E+00  0.12500000E+03  0.00000000E+00  0.69999999E+00  0.10000000E+04
  0.82500000E+01  0.25000000E+00  0.00000000E+00  0.00000000E+00  0.10000000E+04  0.00000000E+00  0.12500000E+03  0.00000000E+00  0.69999999E+00  0.10000000E+04
  0.82500000E+01  0.75000000E+00  0.00000000E+00  0.00000000E+00  0.10000000E+04  0.00000000E+00  0.12500000E+03  0.00000000E+00  0.69999999E+00  0.10000000E+04
  0.82500000E+01  0.12500000E+01  0.00000000E+00  0.00000000E+00  0.10000000E+04  0.00000000E+00  0.12500000E+03  0.00000000E+00  0.69999999E+00  0.10000000E+04
  0.82500000E+01  0.17500000E+01  0.00000000E+00  0.00000000E+00  0.10000000E+04  0.00000000E+00  0.12500000E+03  0.00000000E+00  0.69999999E+00  0.10000000E+04
  0.82500000E+01  0.22500000E+01  0.00000000E+00  0.00000000E+00  0.10000000E+04  0.00000000E+00  0.12500000E+03  0.00000000E+00  0.69999999E+00  0.10000000E+04
  0.82500000E+01  0.27500000E+01  0.00000000E+00  0.00000000E+00  0.10000000E+04  0.00000000E+00  0.12500000E+03  0.00000000E+00  0.69999999E+00  0.10000000E+04
  0.82500000E+01  0.32500000E+01  0.00000000E+00  0.00000000E+00  0.10000000E+04  0.00000000E+00  0.12500000E+03  0.00000000E+00  0.69999999E+00  0.10000000E+04
  0.82500000E+01  0.37500000E+01  0.00000000E+00  0.00000000E+00  0.10000000E+04  0.00000000E+00  0.12500000E+03  0.00000000E+00  0.69999999E+00  0.10000000E+04
  0.50000000E+00  0.00000000E+00  0.00000000E+00  0.00000000E+00  0.10398636E+04  0.88212938E+05  0.12500000E+03  0.12722440E-01  0.69999999E+00  0.99998486E+03
  0.10000000E+01  0.00000000E+00  0.00000000E+00  0.00000000E+00  0.10761946E+04  0.18835111E+06  0.12500000E+03  0.74541406E-02  0.69999999E+00  0.99999084E+03
  0.15000000E+01  0.00000000E+00  0.00000000E+00  0.00000000E+00  0.10375294E+04  0.82461469E+05  0.12500000E+03  0.22305351E-01  0.69999999E+00  0.99997357E+03
  0.20000000E+01  0.00000000E+00  0.00000000E+00  0.00000000E+00  0.11367297E+04  0.40710153E+06  0.12500000E+03  0.25669532E-01  0.69999999E+00  0.99996667E+03
  0.25000000E+01  0.00000000E+00  0.00000000E+00  0.00000000E+00  0.10443405E+04  0.99462539E+05  0.12500000E+03  0.78065465E-02  0.69999999E+00  0.99999066E+03
  0.30000000E+01  0.00000000E+00  0.00000000E+00  0.00000000E+00  0.10350698E+04  0.76484422E+05  0.12500000E+03  0.95510203E-02  0.69999999E+00  0.99998871E+03
  0.35000000E+01  0.00000000E+00  0.00000000E+00  0.00000000E+00  0.10001517E+04  0.29787582E+03  0.12500000E+03  0.39482061E-02  0.69999999E+00  0.99999548E+03
  0.40000000E+01  0.00000000E+00  0.00000000E+00  0.00000000E+00  0.10000137E+04  0.26898298E+02  0.12500000E+03 -0.68247195E-04  0.69999999E+00  0.10000001E+04
  0.45000000E+01  0.00000000E+00  0.00000000E+00  0.00000000E+00  0.10000000E+04  0.00000000E+00  0.12500000E+03  0.21060395E-39  0.69999999E+00  0.10000000E+04
  0.50000000E+01  0.00000000E+00  0.00000000E+00  0.00000000E+00  0.10000000E+04  0.00000000E+00  0.12500000E+03 -0.47083628E-42  0.69999999E+00  0.10000000E+04
  0.55000000E+01  0.00000000E+00  0.00000000E+00  0.00000000E+00  0.10000000E+04  0.00000000E+00  0.12500000E+03  0.00000000E+00  0.69999999E+00  0.10000000E+04
  0.60000000E+01  0.00000000E+00  0.00000000E+00  0.00000000E+00  0.10000000E+04  0.00000000E+00  0.12500000E+03  0.00000000E+00  0.69999999E+00  0.10000000E+04
  0.65000000E+01  0.00000000E+00  0.00000000E+00  0.00000000E+00  0.10000000E+04  0.00000000E+00  0.12500000E+03  0.00000000E+00  0.69999999E+00  0.10000000E+04
  0.70000000E+01  0.00000000E+00  0.00000000E+00  0.00000000E+00  0.10000000E+04  0.00000000E+00  0.12500000E+03  0.00000000E+00  0.69999999E+00  0.10000000E+04
  0.75000000E+01  0.00000000E+00  0.00000000E+00  0.00000000E+00  0.10000000E+04  0.00000000E+00  0.12500000E+03  0.00000000E+00  0.69999999E+00  0.10000000E+04
  0.25000000E+00 -0.25000000E+00  0.00000000E+00  0.00000000E+00  0.10056709E+04  0.11317404E+05  0.12500000E+03  0.33405228E-02  0.69999999E+00  0.99999615E+03
  0.75000000E+00 -0.25000000E+00  0.00000000E+00  0.00000000E+00  0.10260215E+04  0.55217074E+05  0.12500000E+03  0.90924259E-02  0.69999999E+00  0.99998932E+03
  0.12500000E+01 -0.25000000E+00  0.00000000E+00  0.00000000E+00  0.10118112E+04  0.24010922E+05  0.12500000E+03  0.72962400E-02  0.69999999E+00  0.99999158E+03
  0.17500000E+01 -0.25000000E+00  0.00000000E+00  0.00000000E+00  0.10147406E+04  0.30231857E+05  0.12500000E+03  0.11070227E-01  0.69999999E+00  0.99998718E+03
  0.22500000E+01 -0.25000000E+00  0.00000000E+00  0.00000000E+00  0.10014698E+04  0.28965945E+04  0.12500000E+03  0.10955147E-01  0.69999999E+00  0.99998749E+03
  0.27500000E+01 -0.25000000E+00  0.00000000E+00  0.00000000E+00  0.10039100E+04  0.77621245E+04  0.12500000E+03  0.51452592E-02  0.69999999E+00  0.99999408E+03
  0.32500000E+01 -0.25000000E+00  0.00000000E+00  0.00000000E+00  0.10004060E+04  0.79759570E+03  0.12500000E+03  0.35702400E-02  0.69999999E+00  0.99999591E+03
  0.37500000E+01 -0.25000000E+00  0.00000000E+00  0.00000000E+00  0.10000070E+04  0.13565822E+02  0.12500000E+03 -0.15635355E-03  0.69999999E+00  0.10000002E+04
  0.42500000E+01 -0.25000000E+00  0.00000000E+00  0.00000000E+00  0.10000000E+04  0.00000000E+00  0.12500000E+03 -0.87213498E-36  0.69999999E+00  0.10000000E+04
  0.47500000E+01 -0.25000000E+00  0.00000000E+00  0.00000000E+00  0.10000000E+04  0.00000000E+00  0.12500000E+03 -0.48546864E-39  0.69999999E+00  0.10000000E+04
  0.52500000E+01 -0.25000000E+00  0.00000000E+00  0.00000000E+00  0.10000000E+04  0.00000000E+00  0.12500000E+03  0.00000000E+00  0.69999999E+00  0.10000000E+04
  0.57500000E+01 -0.25000000E+00  0.00000000E+00  0.00000000E+00  0.10000000E+04  0.00000000E+00  0.12500000E+03  0.00000000E+00  0.69999999E+00  0.10000000E+04
  0.62500000E+01 -0.25000000E+00  0.00000000E+00  0.00000000E+00  0.10000000E+04  0.00000000E+00  0.12500000E+03  0.00000000E+00  0.69999999E+00  0.10000000E+04
  0.67500000E+01 -0.25000000E+00  0.00000000E+00  0.00000000E+00  0.10000000E+04  0.00000000E+00  0.12500000E+03  0.00000000E+00  0.69999999E+00  0.10000000E+04
  0.72500000E+01 -0.25000000E+00  0.00000000E+00  0.00000000E+00  0.10000000E+04  0.00000000E+00  0.12500000E+03  0.00000000E+00  0.69999999E+00  0.10000000E+04
  0.77500000E+01 -0.25000000E+00  0.00000000E+00  0.00000000E+00  0.10000000E+04  0.00000000E+00  0.12500000E+03  0.00000000E+00  0.69999999E+00  0.10000000E+04
  0.40000000E+01  0.50000000E+00  0.00000000E+00  0.00000000E+00  0.10010386E+04  0.20439973E+04  0.12500000E+03 -0.36772521E-03  0.69999999E+00  0.10000004E+04
  0.37500000E+01  0.25000000E+00  0.00000000E+00  0.00000000E+00  0.10013199E+04  0.26001272E+04  0.12500000E+03 -0.17933070E-02  0.69999999E+00  0.10000021E+04
  0.40000000E+01  0.10000000E+01  0.00000000E+00  0.00000000E+00  0.10037527E+04  0.74462261E+04  0.12500000E+03 -0.12577113E-03  0.69999999E+00  0.10000001E+04
  0.37500000E+01  0.75000000E+00  0.00000000E+00  0.00000000E+00  0.10340691E+04  0.74076805E+05  0.12500000E+03  0.98008360E-03  0.69999999E+00  0.99999884E+03
  0.40000000E+01  0.15000000E+01  0.00000000E+00  0.00000000E+00  0.10002080E+04  0.40839044E+03  0.12500000E+03  0.43399195E-03  0.69999999E+00  0.99999951E+03
  0.37500000E+01  0.12500000E+01  0.00000000E+00  0.00000000E+00  0.10259652E+04  0.55088305E+05  0.12500000E+03  0.10432682E-02  0.69999999E+00  0.99999878E+03
  0.40000000E+01  0.20000000E+01  0.00000000E+00  0.00000000E+00  0.10010588E+04  0.20840093E+04  0.12500000E+03  0.32330409E-03  0.69999999E+00  0.99999963E+03
  0.37500000E+01  0.17500000E+01  0.00000000E+00  0.00000000E+00  0.10208043E+04  0.43455773E+05  0.12500000E+03  0.21020935E-02  0.69999999E+00  0.99999756E+03
  0.45000000E+01  0.50000000E+00  0.00000000E+00  0.00000000E+00  0.10000000E+04  0.00000000E+00  0.12500000E+03  0.14303194E-38  0.69999999E+00  0.10000000E+04
  0.42500000E+01  0.25000000E+00  0.00000000E+00  0.00000000E+00  0.10000018E+04  0.35083482E+01  0.12500000E+03 -0.74084828E-05  0.69999999E+00  0.10000000E+04
  0.45000000E+01  0.10000000E+01  0.00000000E+00  0.00000000E+00  0.10000000E+04  0.00000000E+00  0.12500000E+03 -0.12331426E-41  0.69999999E+00  0.10000000E+04
  0.42500000E+01  0.75000000E+00  0.00000000E+00  0.00000000E+00  0.10000944E+04  0.18529227E+03  0.12500000E+03 -0.13119739E-04  0.69999999E+00  0.10000000E+04
  0.45000000E+01  0.15000000E+01  0.00000000E+00  0.00000000E+00  0.10000000E+04  0.00000000E+00  0.12500000E+03 -0.36938228E-41  0.69999999E+00  0.10000000E+04
  0.42500000E+01  0.12500000E+01  0.00000000E+00  0.00000000E+00  0.10000066E+04  0.12864128E+02  0.12500000E+03  0.34267537E-05  0.69999999E+00  0.10000000E+04
  0.45000000E+01  0.20000000E+01  0.00000000E+00  0.00000000E+00  0.10000000E+04  0.00000000E+00  0.12500000E+03  0.35929293E-41  0.69999999E+00  0.10000000E+04
  0.42500000E+01  0.17500000E+01  0.00000000E+00  0.00000000E+00  0.10000031E+04  0.60811610E+01  0.12500000E+03 -0.35628464E-05  0.69999999E+00  0.10000000E+04
  0.50000000E+01  0.50000000E+00  0.00000000E+00  0.00000000E+00  0.10000000E+04  0.00000000E+00  0.12500000E+03  0.38675838E-42  0.69999999E+00  0.10000000E+04
  0.47500000E+01  0.25000000E+00  0.00000000E+00  0.00000000E+00  0.10000000E+04  0.00000000E+00  0.12500000E+03  0.48019696E-39  0.69999999E+00  0.10000000E+04
  0.50000000E+01  0.10000000E+01  0.00000000E+00  0.00000000E+00  0.10000000E+04  0.00000000E+00  0.12500000E+03 -0.00000000E+00  0.69999999E+00  0.10000000E+04
  0.47500000E+01  0.75000000E+00  0.00000000E+00  0.00000000E+00  0.10000000E+04  0.00000000E+00  0.12500000E+03  0.47644148E-42  0.69999999E+00  0.10000000E+04
  0.50000000E+01  0.15000000E+01  0.00000000E+00  0.00000000E+00  0.10000000E+04  0.00000000E+00  0.12500000E+03 -0.26008099E-41  0.69999999E+00  0.10000000E+04
  0.47500000E+01  0.12500000E+01  0.00000000E+00  0.00000000E+00  0.10000000E+04  0.00000000E+00  0.12500000E+03 -0.25027191E-41  0.69999999E+00  0.10000000E+04
  0.50000000E+01  0.20000000E+01  0.00000000E+00  0.00000000E+00  0.10000000E+04  0.00000000E+00  0.12500000E+03  0.24746931E-41  0.69999999E+00  0.10000000E+04
  0.47500000E+01  0.17500000E+01  0.00000000E+00  0.00000000E+00  0.10000000E+04  0.00000000E+00  0.12500000E+03 -0.00000000E+00  0.69999999E+00  0.10000000E+04
  0.26481545E+01  0.84943163E+00  0.60325348E+00 -0.27520564E+00  0.10036301E+04  0.72001748E+04  0.12576698E+03  0.12576660E+03  0.10000000E+01  0.00000000E+00
  0.84217346E+00  0.11492766E+01  0.38874246E-01  0.83609712E+00  0.10023697E+04  0.46824199E+04  0.12561582E+03  0.12561256E+03  0.10000000E+01  0.00000000E+00
  0.16552846E+01  0.94191694E+00  0.30363613E+00  0.73855591E+00  0.10061633E+04  0.12318170E+05  0.12546356E+03  0.12546333E+03  0.10000000E+01  0.00000000E+00
  0.18558116E+01  0.16080916E+01  0.12447220E+01  0.25882971E+00  0.99865698E+03 -0.26243965E+04  0.12531018E+03  0.12531027E+03  0.10000000E+01  0.00000000E+00
  0.27834473E+01  0.14687144E+01  0.16003495E+00 -0.82429126E-01  0.10012391E+04  0.24403293E+04  0.12515567E+03  0.12515567E+03  0.10000000E+01  0.00000000E+00
  0.23024788E+01  0.15125508E+01 -0.26483101E+00  0.10328670E+00  0.10015193E+04  0.29945320E+04  0.12500000E+03  0.12500000E+03  0.10000000E+01  0.00000000E+00
  0.27943354E+01  0.94909215E+00  0.85624710E-01 -0.27245194E+00  0.10032924E+04  0.65236880E+04  0.12576698E+03  0.12575461E+03  0.10000000E+01  0.00000000E+00
  0.87784863E+00  0.10850408E+01 -0.22620711E+00 -0.39447510E+00  0.10053957E+04  0.10759176E+05  0.12561582E+03  0.12560624E+03  0.10000000E+01  0.00000000E+00
  0.10646551E+01  0.85160995E+00  0.67148805E-02 -0.98525181E-01  0.10041076E+04  0.81590938E+04  0.12546356E+03  0.12546037E+03  0.10000000E+01  0.00000000E+00
  0.26901562E+01  0.13138174E+01  0.13941407E+01 -0.59856331E+00  0.99553973E+03 -0.86348301E+04  0.12531018E+03  0.12531038E+03  0.10000000E+01  0.00000000E+00
  0.11984452E+01  0.84817219E+00 -0.39400446E+00  0.10731470E+00  0.10079905E+04  0.16058419E+05  0.12515567E+03  0.12515535E+03  0.10000000E+01  0.00000000E+00
  0.68467557E+00  0.88754821E+00  0.64367986E+00 -0.99720705E+00  0.10092031E+04  0.18562678E+05  0.12500000E+03  0.12500000E+03  0.10000000E+01  0.00000000E+00
  0.20376413E+01  0.96825039E+00  0.51705670E+00  0.48257938E+00  0.10086578E+04  0.17434252E+05  0.12576698E+03  0.12575644E+03  0.10000000E+01  0.00000000E+00
  0.27453110E+01  0.88754940E+00  0.18512219E-01 -0.25146550E+00  0.10015731E+04  0.31009980E+04  0.12561582E+03  0.12561059E+03  0.10000000E+01  0.00000000E+00
  0.26938357E+01  0.13675781E+01 -0.51777267E+00 -0.68078682E-01  0.10001472E+04  0.28874597E+03  0.12546356E+03  0.12546005E+03  0.10000000E+01  0.00000000E+00
  0.18249130E+01  0.98493052E+00 -0.10679488E+01  0.41411847E+00  0.99896680E+03 -0.20208405E+04  0.12531018E+03  0.12531018E+03  0.10000000E+01  0.00000000E+00
  0.29596205E+01  0.91007674E+00  0.13021576E+00  0.24486706E+00  0.10065886E+04  0.13185122E+05  0.12515567E+03  0.12515553E+03  0.10000000E+01  0.00000000E+00
  0.11517589E+01  0.16425178E+01 -0.17701660E+00 -0.13773875E+01  0.10036884E+04  0.73173193E+04  0.12500000E+03  0.12499989E+03  0.10000000E+01  0.00000000E+00
  0.10041223E+01  0.14599043E+01 -0.16156256E+00 -0.50354773E+00  0.10035352E+04  0.70102002E+04  0.12576698E+03  0.12576566E+03  0.10000000E+01  0.00000000E+00
  0.26443567E+01  0.86021352E+00 -0.76470137E+00  0.13891968E-01  0.10010876E+04  0.21407402E+04  0.12561582E+03  0.12561228E+03  0.10000000E+01  0.00000000E+00
  0.15990298E+01  0.12553673E+01  0.36008650E+00  0.16283358E-01  0.99949689E+03 -0.98563824E+03  0.12546356E+03  0.12546202E+03  0.10000000E+01  0.00000000E+00
  0.21115425E+01  0.10243983E+01  0.67543590E+00  0.19238798E+00  0.10107122E+04  0.21705090E+05  0.12531018E+03  0.12530890E+03  0.10000000E+01  0.00000000E+00
  0.15074786E+01  0.19408646E+01  0.16259422E+01 -0.48902893E+00  0.10042366E+04  0.84185625E+04  0.12515567E+03  0.12515567E+03  0.10000000E+01  0.00000000E+00
  0.13380566E+01  0.81832242E+00  0.20108851E-01  0.42696497E+00  0.10105086E+04  0.21279490E+05  0.12500000E+03  0.12500012E+03  0.10000000E+01  0.00000000E+00
  0.10753565E+01  0.16037493E+01  0.40904492E+00 -0.78094596E+00  0.10023316E+04  0.46067510E+04  0.12561582E+03  0.12561399E+03  0.10000000E+01  0.00000000E+00
  0.13780285E+01  0.20096745E+01  0.18359940E+01 -0.84762114E+00  0.99984662E+03 -0.30075931E+03  0.12531018E+03  0.12531004E+03  0.10000000E+01  0.00000000E+00
  0.19410365E+01  0.18864806E+01 -0.20235145E+00  0.14194498E+01  0.10028073E+04  0.55544468E+04  0.12500000E+03  0.12500000E+03  0.10000000E+01  0.00000000E+00
