  0.00000000E+00  0.00000000E+00  0.00000000E+00  0.00000000E+00  0.10007217E+04  0.14190311E+04  0.12500000E+03  0.22461771E-02  0.69999999E+00  0.99999744E+03
  0.00000000E+00  0.50000000E+00  0.00000000E+00  0.00000000E+00  0.10009907E+04  0.19496355E+04  0.12500000E+03  0.24584788E-02  0.69999999E+00  0.99999719E+03
  0.00000000E+00  0.10000000E+01  0.00000000E+00  0.00000000E+00  0.10045842E+04  0.91188301E+04  0.12500000E+03  0.31229409E-02  0.69999999E+00  0.99999646E+03
  0.00000000E+00  0.15000000E+01  0.00000000E+00  0.00000000E+00  0.10202869E+04  0.42308957E+05  0.12500000E+03  0.11114031E-02  0.69999999E+00  0.99999872E+03
  0.00000000E+00  0.20000000E+01  0.00000000E+00  0.00000000E+00  0.10189556E+04  0.39373887E+05  0.12500000E+03 -0.11923944E-02  0.69999999E+00  0.10000014E+04
  0.00000000E+00  0.25000000E+01  0.00000000E+00  0.00000000E+00  0.10030736E+04  0.60862402E+04  0.12500000E+03  0.33517432E-03  0.69999999E+00  0.99999963E+03
  0.00000000E+00  0.30000000E+01  0.00000000E+00  0.00000000E+00  0.10000000E+04  0.00000000E+00  0.12500000E+03  0.60528782E-05  0.69999999E+00  0.10000000E+04
  0.00000000E+00  0.35000000E+01  0.00000000E+00  0.00000000E+00  0.10000000E+04  0.00000000E+00  0.12500000E+03  0.00000000E+00  0.69999999E+00  0.10000000E+04
  0.00000000E+00  0.40000000E+01  0.00000000E+00  0.00000000E+00  0.10000000E+04  0.00000000E+00  0.12500000E+03  0.00000000E+00  0.69999999E+00  0.10000000E+04
 -0.25000000E+00 -0.25000000E+00  0.00000000E+00  0.00000000E+00  0.10006414E+04  0.12607445E+04  0.12500000E+03  0.52005530E-03  0.69999999E+00  0.99999939E+03
 -0.25000000E+00  0.25000000E+00  0.00000000E+00  0.00000000E+00  0.10006503E+04  0.12783542E+04  0.12500000E+03  0.96089434E-03  0.69999999E+00  0.99999890E+03
 -0.25000000E+00  0.75000000E+00  0.00000000E+00  0.00000000E+00  0.10034586E+04  0.68566265E+04  0.12500000E+03  0.26081043E-03  0.69999999E+00  0.99999969E+03
 -0.25000000E+00  0.12500000E+01  0.00000000E+00  0.00000000E+00  0.10006522E+04  0.12821111E+04  0.12500000E+03  0.99642156E-03  0.69999999E+00  0.99999884E+03
 -0.25000000E+00  0.17500000E+01  0.00000000E+00  0.00000000E+00  0.10012078E+04  0.23781282E+04  0.12500000E+03 -0.27101970E-03  0.69999999E+00  0.10000003E+04
 -0.25000000E+00  0.22500000E+01  0.00000000E+00  0.00000000E+00  0.10012462E+04  0.24542319E+04  0.12500000E+03 -0.15003496E-03  0.69999999E+00  0.10000002E+04
 -0.25000000E+00  0.27500000E+01  0.00000000E+00  0.00000000E+00  0.10000000E+04  0.00000000E+00  0.12500000E+03  0.46523109E-42  0.69999999E+00  0.10000000E+04
 -0.25000000E+00  0.32500000E+01  0.00000000E+00  0.00000000E+00  0.10000000E+04  0.00000000E+00  0.12500000E+03  0.00000000E+00  0.69999999E+00  0.10000000E+04
 -0.25000000E+00  0.37500000E+01  0.00000000E+00  0.00000000E+00  0.10000000E+04  0.00000000E+00  0.12500000E+03  0.00000000E+00  0.69999999E+00  0.10000000E+04
  0.80000000E+01  0.00000000E+00  0.00000000E+00  0.00000000E+00  0.10000000E+04  0.00000000E+00  0.12500000E+03  0.00000000E+00  0.69999999E+00  0.10000000E+04
  0.80000000E+01  0.50000000E+00  0.00000000E+00  0.00000000E+00  0.10000000E+04  0.00000000E+00  0.12500000E+03  0.00000000E+00  0.69999999E+00  0.10000000E+04
  0.80000000E+01  0.10000000E+01  0.00000000E+00  0.00000000E+00  0.10000000E+04  0.00000000E+00  0.12500000E+03  0.00000000E+00  0.69999999E+00  0.10000000E+04
  0.80000000E+01  0.15000000E+01  0.00000000E+00  0.00000000E+00  0.10000000E+04  0.00000000E+00  0.12500000E+03  0.00000000E+00  0.69999999E+00  0.10000000E+04
  0.80000000E+01  0.20000000E+01  0.00000000E+00  0.00000000E+00  0.10000000E+04  0.00000000E+00  0.12500000E+03  0.00000000E+00  0.69999999E+00  0.10000000E+04
  0.80000000E+01  0.25000000E+01  0.00000000E+00  0.00000000E+00  0.10000000E+04  0.00000000E+00  0.12500000E+03  0.00000000E+00  0.69999999E+00  0.10000000E+04
  0.80000000E+01  0.30000000E+01  0.00000000E+00  0.00000000E+00  0.10000000E+04  0.00000000E+00  0.12500000E+03  0.00000000E+00  0.69999999E+00  0.10000000E+04
  0.80000000E+01  0.35000000E+01  0.00000000E+00  0.00000000E+00  0.10000000E+04  0.00000000E+00  0.12500000E+03  0.00000000E+00  0.69999999E+00  0.10000000E+04
  0.80000000E+01  0.40000000E+01  0.00000000E+00  0.00000000E+00  0.10000000E+04  0.00000000E+00  0.12500000E+03  0.00000000E+00  0.69999999E+00  0.10000000E+04
  0.82500000E+01 -0.25000000E+00  0.00000000E+00  0.00000000E+00  0.10000000E+04  0.00000000E+00  0.12500000E+03  0.00000000E+00  0.69999999E+00  0.10000000E+04
  0.82500000E+01  0.25000000E+00  0.00000000E+00  0.00000000E+00  0.10000000E+04  0.00000000E+00  0.12500000E+03  0.00000000E+00  0.69999999E+00  0.10000000E+04
  0.82500000E+01  0.75000000E+00  0.00000000E+00  0.00000000E+00  0.10000000E+04  0.00000000E+00  0.12500000E+03  0.00000000E+00  0.69999999E+00  0.10000000E+04
  0.82500000E+01  0.12500000E+01  0.00000000E+00  0.00000000E+00  0.10000000E+04  0.00000000E+00  0.12500000E+03  0.00000000E+00  0.69999999E+00  0.10000000E+04
  0.82500000E+01  0.17500000E+01  0.00000000E+00  0.00000000E+00  0.10000000E+04  0.00000000E+00  0.12500000E+03  0.00000000E+00  0.69999999E+00  0.10000000E+04
  0.82500000E+01  0.22500000E+01  0.00000000E+00  0.00000000E+00  0.10000000E+04  0.00000000E+00  0.12500000E+03  0.00000000E+00  0.69999999E+00  0.10000000E+04
  0.82500000E+01  0.27500000E+01  0.00000000E+00  0.00000000E+00  0.10000000E+04  0.00000000E+00  0.12500000E+03  0.00000000E+00  0.69999999E+00  0.10000000E+04
  0.82500000E+01  0.32500000E+01  0.00000000E+00  0.00000000E+00  0.10000000E+04  0.00000000E+00  0.12500000E+03  0.00000000E+00  0.69999999E+00  0.10000000E+04
  0.82500000E+01  0.37500000E+01  0.00000000E+00  0.00000000E+00  0.10000000E+04  0.00000000E+00  0.12500000E+03  0.00000000E+00  0.69999999E+00  0.10000000E+04
  0.50000000E+00  0.00000000E+00  0.00000000E+00  0.00000000E+00  0.10282264E+04  0.60296918E+05  0.12500000E+03  0.11057794E-01  0.69999999E+00  0.99998700E+03
  0.10000000E+01  0.00000000E+00  0.00000000E+00  0.00000000E+00  0.10312949E+04  0.67475531E+05  0.12500000E+03  0.59091761E-02  0.69999999E+00  0.99999304E+03
  0.15000000E+01  0.00000000E+00  0.00000000E+00  0.00000000E+00  0.10129620E+04  0.26441980E+05  0.12500000E+03  0.19727722E-01  0.69999999E+00  0.99997717E+03
  0.20000000E+01  0.00000000E+00  0.00000000E+00  0.00000000E+00  0.11409788E+04  0.42529066E+06  0.12500000E+03  0.22512058E-01  0.69999999E+00  0.99997064E+03
  0.25000000E+01  0.00000000E+00  0.00000000E+00  0.00000000E+00  0.10392994E+04  0.86815617E+05  0.12500000E+03  0.55718361E-02  0.69999999E+00  0.99999341E+03
  0.30000000E+01  0.00000000E+00  0.00000000E+00  0.00000000E+00  0.10482429E+04  0.10950775E+06  0.12500000E+03  0.72533069E-02  0.69999999E+00  0.99999133E+03
  0.35000000E+01  0.00000000E+00  0.00000000E+00  0.00000000E+00  0.10074631E+04  0.14974543E+05  0.12500000E+03  0.28192529E-02  0.69999999E+00  0.99999677E+03
  0.40000000E+01  0.00000000E+00  0.00000000E+00  0.00000000E+00  0.10000137E+04  0.26898298E+02  0.12500000E+03 -0.68247195E-04  0.69999999E+00  0.10000001E+04
  0.45000000E+01  0.00000000E+00  0.00000000E+00  0.00000000E+00  0.10000000E+04  0.00000000E+00  0.12500000E+03  0.17953436E-40  0.69999999E+00  0.10000000E+04
  0.50000000E+01  0.00000000E+00  0.00000000E+00  0.00000000E+00  0.10000000E+04  0.00000000E+00  0.12500000E+03 -0.00000000E+00  0.69999999E+00  0.10000000E+04
  0.55000000E+01  0.00000000E+00  0.00000000E+00  0.00000000E+00  0.10000000E+04  0.00000000E+00  0.12500000E+03  0.00000000E+00  0.69999999E+00  0.10000000E+04
  0.60000000E+01  0.00000000E+00  0.00000000E+00  0.00000000E+00  0.10000000E+04  0.00000000E+00  0.12500000E+03  0.00000000E+00  0.69999999E+00  0.10000000E+04
  0.65000000E+01  0.00000000E+00  0.00000000E+00  0.00000000E+00  0.10000000E+04  0.00000000E+00  0.12500000E+03  0.00000000E+00  0.69999999E+00  0.10000000E+04
  0.70000000E+01  0.00000000E+00  0.00000000E+00  0.00000000E+00  0.10000000E+04  0.00000000E+00  0.12500000E+03  0.00000000E+00  0.69999999E+00  0.10000000E+04
  0.75000000E+01  0.00000000E+00  0.00000000E+00  0.00000000E+00  0.10000000E+04  0.00000000E+00  0.12500000E+03  0.00000000E+00  0.69999999E+00  0.10000000E+04
  0.25000000E+00 -0.25000000E+00  0.00000000E+00  0.00000000E+00  0.10055023E+04  0.10975444E+05  0.12500000E+03  0.30837492E-02  0.69999999E+00  0.99999646E+03
  0.75000000E+00 -0.25000000E+00  0.00000000E+00  0.00000000E+00  0.10246826E+04  0.52164500E+05  0.12500000E+03  0.80573373E-02  0.69999999E+00  0.99999054E+03
  0.12500000E+01 -0.25000000E+00  0.00000000E+00  0.00000000E+00  0.10086049E+04  0.17324910E+05  0.12500000E+03  0.64893700E-02  0.69999999E+00  0.99999249E+03
  0.17500000E+01 -0.25000000E+00  0.00000000E+00  0.00000000E+00  0.10151357E+04  0.31079340E+05  0.12500000E+03  0.98532792E-02  0.69999999E+00  0.99998859E+03
  0.22500000E+01 -0.25000000E+00  0.00000000E+00  0.00000000E+00  0.10016332E+04  0.32200164E+04  0.12500000E+03  0.95550232E-02  0.69999999E+00  0.99998907E+03
  0.27500000E+01 -0.25000000E+00  0.00000000E+00  0.00000000E+00  0.10065537E+04  0.13114090E+05  0.12500000E+03  0.36962174E-02  0.69999999E+00  0.99999573E+03
  0.32500000E+01 -0.25000000E+00  0.00000000E+00  0.00000000E+00  0.10020692E+04  0.40851282E+04  0.12500000E+03  0.26100921E-02  0.69999999E+00  0.99999701E+03
  0.37500000E+01 -0.25000000E+00  0.00000000E+00  0.00000000E+00  0.10000070E+04  0.13565822E+02  0.12500000E+03 -0.15635355E-03  0.69999999E+00  0.10000002E+04
  0.42500000E+01 -0.25000000E+00  0.00000000E+00  0.00000000E+00  0.10000000E+04  0.00000000E+00  0.12500000E+03 -0.69105202E-37  0.69999999E+00  0.10000000E+04
  0.47500000E+01 -0.25000000E+00  0.00000000E+00  0.00000000E+00  0.10000000E+04  0.00000000E+00  0.12500000E+03 -0.25554079E-40  0.69999999E+00  0.10000000E+04
  0.52500000E+01 -0.25000000E+00  0.00000000E+00  0.00000000E+00  0.10000000E+04  0.00000000E+00  0.12500000E+03  0.00000000E+00  0.69999999E+00  0.10000000E+04
  0.57500000E+01 -0.25000000E+00  0.00000000E+00  0.00000000E+00  0.10000000E+04  0.00000000E+00  0.12500000E+03  0.00000000E+00  0.69999999E+00  0.10000000E+04
  0.62500000E+01 -0.25000000E+00  0.00000000E+00  0.00000000E+00  0.10000000E+04  0.00000000E+00  0.12500000E+03  0.00000000E+00  0.69999999E+00  0.10000000E+04
  0.67500000E+01 -0.25000000E+00  0.00000000E+00  0.00000000E+00  0.10000000E+04  0.00000000E+00  0.12500000E+03  0.00000000E+00  0.69999999E+00  0.10000000E+04
  0.72500000E+01 -0.25000000E+00  0.00000000E+00  0.00000000E+00  0.10000000E+04  0.00000000E+00  0.12500000E+03  0.00000000E+00  0.69999999E+00  0.10000000E+04
  0.77500000E+01 -0.25000000E+00  0.00000000E+00  0.00000000E+00  0.10000000E+04  0.00000000E+00  0.12500000E+03  0.00000000E+00  0.69999999E+00  0.10000000E+04
  0.40000000E+01  0.50000000E+00  0.00000000E+00  0.00000000E+00  0.10008639E+04  0.16993901E+04  0.12500000E+03 -0.26288570E-03  0.69999999E+00  0.10000003E+04
  0.37500000E+01  0.25000000E+00  0.00000000E+00  0.00000000E+00  0.10051544E+04  0.10270604E+05  0.12500000E+03 -0.12451017E-02  0.69999999E+00  0.10000014E+04
  0.40000000E+01  0.10000000E+01  0.00000000E+00  0.00000000E+00  0.10030996E+04  0.61381797E+04  0.12500000E+03 -0.10400436E-03  0.69999999E+00  0.10000001E+04
  0.37500000E+01  0.75000000E+00  0.00000000E+00  0.00000000E+00  0.10417119E+04  0.92822164E+05  0.12500000E+03  0.84728678E-03  0.69999999E+00  0.99999896E+03
  0.40000000E+01  0.15000000E+01  0.00000000E+00  0.00000000E+00  0.10006533E+04  0.12842244E+04  0.12500000E+03  0.26740134E-03  0.69999999E+00  0.99999969E+03
  0.37500000E+01  0.12500000E+01  0.00000000E+00  0.00000000E+00  0.10332672E+04  0.72157898E+05  0.12500000E+03  0.64676703E-03  0.69999999E+00  0.99999921E+03
  0.40000000E+01  0.20000000E+01  0.00000000E+00  0.00000000E+00  0.10017314E+04  0.34146941E+04  0.12500000E+03  0.26241096E-03  0.69999999E+00  0.99999969E+03
  0.37500000E+01  0.17500000E+01  0.00000000E+00  0.00000000E+00  0.10323367E+04  0.69942047E+05  0.12500000E+03  0.14096466E-02  0.69999999E+00  0.99999835E+03
  0.45000000E+01  0.50000000E+00  0.00000000E+00  0.00000000E+00  0.10000000E+04  0.00000000E+00  0.12500000E+03  0.75745787E-40  0.69999999E+00  0.10000000E+04
  0.42500000E+01  0.25000000E+00  0.00000000E+00  0.00000000E+00  0.10000018E+04  0.35083482E+01  0.12500000E+03 -0.74084828E-05  0.69999999E+00  0.10000000E+04
  0.45000000E+01  0.10000000E+01  0.00000000E+00  0.00000000E+00  0.10000000E+04  0.00000000E+00  0.12500000E+03 -0.00000000E+00  0.69999999E+00  0.10000000E+04
  0.42500000E+01  0.75000000E+00  0.00000000E+00  0.00000000E+00  0.10000944E+04  0.18529227E+03  0.12500000E+03 -0.10442676E-04  0.69999999E+00  0.10000000E+04
  0.45000000E+01  0.15000000E+01  0.00000000E+00  0.00000000E+00  0.10000000E+04  0.00000000E+00  0.12500000E+03  0.00000000E+00  0.69999999E+00  0.10000000E+04
  0.42500000E+01  0.12500000E+01  0.00000000E+00  0.00000000E+00  0.10000066E+04  0.12864128E+02  0.12500000E+03  0.34267537E-05  0.69999999E+00  0.10000000E+04
  0.45000000E+01  0.20000000E+01  0.00000000E+00  0.00000000E+00  0.10000000E+04  0.00000000E+00  0.12500000E+03  0.00000000E+00  0.69999999E+00  0.10000000E+04
  0.42500000E+01  0.17500000E+01  0.00000000E+00  0.00000000E+00  0.10000031E+04  0.60811610E+01  0.12500000E+03 -0.35628464E-05  0.69999999E+00  0.10000000E+04
  0.50000000E+01  0.50000000E+00  0.00000000E+00  0.00000000E+00  0.10000000E+04  0.00000000E+00  0.12500000E+03  0.00000000E+00  0.69999999E+00  0.10000000E+04
  0.47500000E+01  0.25000000E+00  0.00000000E+00  0.00000000E+00  0.10000000E+04  0.00000000E+00  0.12500000E+03  0.25223372E-40  0.69999999E+00  0.10000000E+04
  0.50000000E+01  0.10000000E+01  0.00000000E+00  0.00000000E+00  0.10000000E+04  0.00000000E+00  0.12500000E+03  0.00000000E+00  0.69999999E+00  0.10000000E+04
  0.47500000E+01  0.75000000E+00  0.00000000E+00  0.00000000E+00  0.10000000E+04  0.00000000E+00  0.12500000E+03  0.00000000E+00  0.69999999E+00  0.10000000E+04
  0.50000000E+01  0.15000000E+01  0.00000000E+00  0.00000000E+00  0.10000000E+04  0.00000000E+00  0.12500000E+03 -0.00000000E+00  0.69999999E+00  0.10000000E+04
  0.47500000E+01  0.12500000E+01  0.00000000E+00  0.00000000E+00  0.10000000E+04  0.00000000E+00  0.12500000E+03 -0.00000000E+00  0.69999999E+00  0.10000000E+04
  0.50000000E+01  0.20000000E+01  0.00000000E+00  0.00000000E+00  0.10000000E+04  0.00000000E+00  0.12500000E+03  0.00000000E+00  0.69999999E+00  0.10000000E+04
  0.47500000E+01  0.17500000E+01  0.00000000E+00  0.00000000E+00  0.10000000E+04  0.00000000E+00  0.12500000E+03  0.00000000E+00  0.69999999E+00  0.10000000E+04
  0.26576998E+01  0.87335610E+00 -0.11542128E+01 -0.42325881E+00  0.10005529E+04  0.10865764E+04  0.12576698E+03  0.12576674E+03  0.10000000E+01  0.00000000E+00
  0.14771570E+01  0.98218751E+00 -0.58318627E+00 -0.42672265E+00  0.10071642E+04  0.14361979E+05  0.12561582E+03  0.12561256E+03  0.10000000E+01  0.00000000E+00
  0.17225599E+01  0.11263572E+01  0.48430610E+00 -0.10607814E+01  0.99536316E+03 -0.89718730E+04  0.12546356E+03  0.12546333E+03  0.10000000E+01  0.00000000E+00
  0.22105961E+01  0.20282969E+01 -0.51988077E+00  0.62866974E+00  0.10076299E+04  0.15316852E+05  0.12531018E+03  0.12531027E+03  0.10000000E+01  0.00000000E+00
  0.26172152E+01  0.19453260E+01  0.15682957E+00 -0.76370132E+00  0.10076905E+04  0.15441479E+05  0.12515567E+03  0.12515567E+03  0.10000000E+01  0.00000000E+00
  0.28211398E+01  0.15524423E+01  0.16269715E+00 -0.33045912E+00  0.10073860E+04  0.14816350E+05  0.12500000E+03  0.12500000E+03  0.10000000E+01  0.00000000E+00
  0.27335911E+01  0.96786511E+00 -0.18198544E-01 -0.68649161E+00  0.99690533E+03 -0.60156685E+04  0.12576698E+03  0.12575494E+03  0.10000000E+01  0.00000000E+00
  0.11753258E+01  0.99958146E+00  0.55659890E+00 -0.49577776E-01  0.99615906E+03 -0.74496108E+04  0.12561582E+03  0.12560624E+03  0.10000000E+01  0.00000000E+00
  0.10028992E+01  0.12038569E+01 -0.12892283E+00 -0.14381805E+00  0.10028381E+04  0.56158193E+04  0.12546356E+03  0.12546037E+03  0.10000000E+01  0.00000000E+00
  0.24957597E+01  0.14564213E+01 -0.38710445E-01 -0.37732953E+00  0.10130973E+04  0.26728885E+05  0.12531018E+03  0.12531038E+03  0.10000000E+01  0.00000000E+00
  0.12499162E+01  0.91129756E+00  0.11735938E+01 -0.26943877E+00  0.10032281E+04  0.63953745E+04  0.12515567E+03  0.12515567E+03  0.10000000E+01  0.00000000E+00
  0.79599261E+00  0.87487340E+00 -0.17292181E+00  0.19527090E+00  0.10064108E+04  0.12822572E+05  0.12500000E+03  0.12500000E+03  0.10000000E+01  0.00000000E+00
  0.20206320E+01  0.11119026E+01 -0.13635759E+00 -0.53292699E-01  0.99447247E+03 -0.10666872E+05  0.12576698E+03  0.12575644E+03  0.10000000E+01  0.00000000E+00
  0.27533643E+01  0.96735656E+00  0.39893264E+00  0.23473579E-01  0.98897437E+03 -0.20929721E+05  0.12561582E+03  0.12561089E+03  0.10000000E+01  0.00000000E+00
  0.29206610E+01  0.10939535E+01  0.24433637E+00  0.56077504E+00  0.99699310E+03 -0.58465386E+04  0.12546356E+03  0.12546005E+03  0.10000000E+01  0.00000000E+00
  0.23263185E+01  0.15311893E+01 -0.28648619E-01  0.75628567E+00  0.10065781E+04  0.13163714E+05  0.12531018E+03  0.12531018E+03  0.10000000E+01  0.00000000E+00
  0.29005156E+01  0.75644410E+00  0.75943285E+00  0.25245589E+00  0.10066353E+04  0.13280505E+05  0.12515567E+03  0.12515553E+03  0.10000000E+01  0.00000000E+00
  0.19697056E+01  0.14719789E+01  0.27239060E+00  0.20929140E+00  0.10069937E+04  0.14012814E+05  0.12500000E+03  0.12499989E+03  0.10000000E+01  0.00000000E+00
  0.85162568E+00  0.11686074E+01 -0.28377062E+00  0.62990284E+00  0.10039593E+04  0.78610234E+04  0.12576698E+03  0.12576566E+03  0.10000000E+01  0.00000000E+00
  0.26031175E+01  0.96387041E+00  0.39964724E+00 -0.10546997E+01  0.99547632E+03 -0.87559424E+04  0.12561582E+03  0.12561221E+03  0.10000000E+01  0.00000000E+00
  0.23972893E+01  0.18585877E+01 -0.19173081E+01 -0.22976838E+00  0.99276862E+03 -0.13883808E+05  0.12546356E+03  0.12546202E+03  0.10000000E+01  0.00000000E+00
  0.21230137E+01  0.99543726E+00  0.59383219E+00 -0.40027252E+00  0.10105347E+04  0.21333783E+05  0.12531018E+03  0.12530890E+03  0.10000000E+01  0.00000000E+00
  0.95258582E+00  0.15484135E+01  0.11843762E+00  0.37906149E+00  0.10008656E+04  0.17026816E+04  0.12515567E+03  0.12515567E+03  0.10000000E+01  0.00000000E+00
  0.17765265E+01  0.89978874E+00  0.37874156E+00  0.13790452E+00  0.10204057E+04  0.42571836E+05  0.12500000E+03  0.12500012E+03  0.10000000E+01  0.00000000E+00
  0.10629666E+01  0.14012625E+01 -0.10294763E+01  0.29140896E+00  0.99913873E+03 -0.16854852E+04  0.12561582E+03  0.12561399E+03  0.10000000E+01  0.00000000E+00
  0.23190746E+01  0.22237029E+01 -0.12247248E+01 -0.13794848E+00  0.10071705E+04  0.14374674E+05  0.12531018E+03  0.12531004E+03  0.10000000E+01  0.00000000E+00
  0.28846896E+01  0.20808530E+01 -0.11708839E+01  0.36434898E+00  0.10042806E+04  0.85073359E+04  0.12500000E+03  0.12500000E+03  0.10000000E+01  0.00000000E+00
