  0.00000000E+00  0.00000000E+00  0.00000000E+00  0.00000000E+00  0.10019359E+04  0.38204829E+04  0.12500000E+03  0.24323750E-02  0.69999999E+00  0.99999719E+03
  0.00000000E+00  0.50000000E+00  0.00000000E+00  0.00000000E+00  0.10195692E+04  0.40723719E+05  0.12500000E+03  0.30795615E-02  0.69999999E+00  0.99999640E+03
  0.00000000E+00  0.10000000E+01  0.00000000E+00  0.00000000E+00  0.10029004E+04  0.57402642E+04  0.12500000E+03  0.35746300E-02  0.69999999E+00  0.99999591E+03
  0.00000000E+00  0.15000000E+01  0.00000000E+00  0.00000000E+00  0.10105776E+04  0.21423709E+05  0.12500000E+03  0.12677705E-02  0.69999999E+00  0.99999854E+03
  0.00000000E+00  0.20000000E+01  0.00000000E+00  0.00000000E+00  0.10642076E+04  0.15301127E+06  0.12500000E+03 -0.15802879E-02  0.69999999E+00  0.10000019E+04
  0.00000000E+00  0.25000000E+01  0.00000000E+00  0.00000000E+00  0.10181943E+04  0.37705887E+05  0.12500000E+03  0.45212859E-03  0.69999999E+00  0.99999945E+03
  0.00000000E+00  0.30000000E+01  0.00000000E+00  0.00000000E+00  0.10000300E+04  0.58945248E+02  0.12500000E+03  0.24658370E-04  0.69999999E+00  0.10000000E+04
  0.00000000E+00  0.35000000E+01  0.00000000E+00  0.00000000E+00  0.10000000E+04  0.00000000E+00  0.12500000E+03  0.00000000E+00  0.69999999E+00  0.10000000E+04
  0.00000000E+00  0.40000000E+01  0.00000000E+00  0.00000000E+00  0.10000000E+04  0.00000000E+00  0.12500000E+03  0.00000000E+00  0.69999999E+00  0.10000000E+04
 -0.25000000E+00 -0.25000000E+00  0.00000000E+00  0.00000000E+00  0.10006414E+04  0.12607445E+04  0.12500000E+03  0.52005530E-03  0.69999999E+00  0.99999939E+03
 -0.25000000E+00  0.25000000E+00  0.00000000E+00  0.00000000E+00  0.10009554E+04  0.18799993E+04  0.12500000E+03  0.10807689E-02  0.69999999E+00  0.99999878E+03
 -0.25000000E+00  0.75000000E+00  0.00000000E+00  0.00000000E+00  0.10041438E+04  0.82319746E+04  0.12500000E+03  0.42806915E-03  0.69999999E+00  0.99999951E+03
 -0.25000000E+00  0.12500000E+01  0.00000000E+00  0.00000000E+00  0.10008439E+04  0.16598951E+04  0.12500000E+03  0.11357625E-02  0.69999999E+00  0.99999872E+03
 -0.25000000E+00  0.17500000E+01  0.00000000E+00  0.00000000E+00  0.10029017E+04  0.57431201E+04  0.12500000E+03 -0.35190367E-03  0.69999999E+00  0.10000004E+04
 -0.25000000E+00  0.22500000E+01  0.00000000E+00  0.00000000E+00  0.10039545E+04  0.78512041E+04  0.12500000E+03 -0.17326436E-03  0.69999999E+00  0.10000002E+04
 -0.25000000E+00  0.27500000E+01  0.00000000E+00  0.00000000E+00  0.10000110E+04  0.21518461E+02  0.12500000E+03  0.11146202E-04  0.69999999E+00  0.10000000E+04
 -0.25000000E+00  0.32500000E+01  0.00000000E+00  0.00000000E+00  0.10000000E+04  0.00000000E+00  0.12500000E+03  0.15750595E-41  0.69999999E+00  0.10000000E+04
 -0.25000000E+00  0.37500000E+01  0.00000000E+00  0.00000000E+00  0.10000000E+04  0.00000000E+00  0.12500000E+03  0.00000000E+00  0.69999999E+00  0.10000000E+04
  0.80000000E+01  0.00000000E+00  0.00000000E+00  0.00000000E+00  0.10000000E+04  0.00000000E+00  0.12500000E+03  0.00000000E+00  0.69999999E+00  0.10000000E+04
  0.80000000E+01  0.50000000E+00  0.00000000E+00  0.00000000E+00  0.10000000E+04  0.00000000E+00  0.12500000E+03  0.00000000E+00  0.69999999E+00  0.10000000E+04
  0.80000000E+01  0.10000000E+01  0.00000000E+00  0.00000000E+00  0.10000000E+04  0.00000000E+00  0.12500000E+03  0.00000000E+00  0.69999999E+00  0.10000000E+04
  0.80000000E+01  0.15000000E+01  0.00000000E+00  0.00000000E+00  0.10000000E+04  0.00000000E+00  0.12500000E+03  0.00000000E+00  0.69999999E+00  0.10000000E+04
  0.80000000E+01  0.20000000E+01  0.00000000E+00  0.00000000E+00  0.10000000E+04  0.00000000E+00  0.12500000E+03  0.00000000E+00  0.69999999E+00  0.10000000E+04
  0.80000000E+01  0.25000000E+01  0.00000000E+00  0.00000000E+00  0.10000000E+04  0.00000000E+00  0.12500000E+03  0.00000000E+00  0.69999999E+00  0.10000000E+04
  0.80000000E+01  0.30000000E+01  0.00000000E+00  0.00000000E+00  0.10000000E+04  0.00000000E+00  0.12500000E+03  0.00000000E+00  0.69999999E+00  0.10000000E+04
  0.80000000E+01  0.35000000E+01  0.00000000E+00  0.00000000E+00  0.10000000E+04  0.00000000E+00  0.12500000E+03  0.00000000E+00  0.69999999E+00  0.10000000E+04
  0.80000000E+01  0.40000000E+01  0.00000000E+00  0.00000000E+00  0.10000000E+04  0.00000000E+00  0.12500000E+03  0.00000000E+00  0.69999999E+00  0.10000000E+04
  0.82500000E+01 -0.25000000E+00  0.00000000E+00  0.00000000E+00  0.10000000E+04  0.00000000E+00  0.12500000E+03  0.00000000E+00  0.69999999E+00  0.10000000E+04
  0.82500000E+01  0.25000000E+00  0.00000000E+00  0.00000000E+00  0.10000000E+04  0.00000000E+00  0.12500000E+03  0.00000000E+00  0.69999999E+00  0.10000000E+04
  0.82500000E+01  0.75000000E+00  0.00000000E+00  0.00000000E+00  0.10000000E+04  0.00000000E+00  0.12500000E+03  0.00000000E+00  0.69999999E+00  0.10000000E+04
  0.82500000E+01  0.12500000E+01  0.00000000E+00  0.00000000E+00  0.10000000E+04  0.00000000E+00  0.12500000E+03  0.00000000E+00  0.69999999E+00  0.10000000E+04
  0.82500000E+01  0.17500000E+01  0.00000000E+00  0.00000000E+00  0.10000000E+04  0.00000000E+00  0.12500000E+03  0.00000000E+00  0.69999999E+00  0.10000000E+04
  0.82500000E+01  0.22500000E+01  0.00000000E+00  0.00000000E+00  0.10000000E+04  0.00000000E+00  0.12500000E+03  0.00000000E+00  0.69999999E+00  0.10000000E+04
  0.82500000E+01  0.27500000E+01  0.00000000E+00  0.00000000E+00  0.10000000E+04  0.00000000E+00  0.12500000E+03  0.00000000E+00  0.69999999E+00  0.10000000E+04
  0.82500000E+01  0.32500000E+01  0.00000000E+00  0.00000000E+00  0.10000000E+04  0.00000000E+00  0.12500000E+03  0.00000000E+00  0.69999999E+00  0.10000000E+04
  0.82500000E+01  0.37500000E+01  0.00000000E+00  0.00000000E+00  0.10000000E+04  0.00000000E+00  0.12500000E+03  0.00000000E+00  0.69999999E+00  0.10000000E+04
  0.50000000E+00  0.00000000E+00  0.00000000E+00  0.00000000E+00  0.10516659E+04  0.11850544E+06  0.12500000E+03  0.12258057E-01  0.69999999E+00  0.99998529E+03
  0.10000000E+01  0.00000000E+00  0.00000000E+00  0.00000000E+00  0.10647458E+04  0.15454759E+06  0.12500000E+03  0.70046787E-02  0.69999999E+00  0.99999146E+03
  0.15000000E+01  0.00000000E+00  0.00000000E+00  0.00000000E+00  0.10217910E+04  0.45652605E+05  0.12500000E+03  0.21528557E-01  0.69999999E+00  0.99997485E+03
  0.20000000E+01  0.00000000E+00  0.00000000E+00  0.00000000E+00  0.11293186E+04  0.37633762E+06  0.12500000E+03  0.24837261E-01  0.69999999E+00  0.99996796E+03
  0.25000000E+01  0.00000000E+00  0.00000000E+00  0.00000000E+00  0.10394286E+04  0.87134945E+05  0.12500000E+03  0.72378297E-02  0.69999999E+00  0.99999139E+03
  0.30000000E+01  0.00000000E+00  0.00000000E+00  0.00000000E+00  0.10634092E+04  0.15074070E+06  0.12500000E+03  0.89414697E-02  0.69999999E+00  0.99998914E+03
  0.35000000E+01  0.00000000E+00  0.00000000E+00  0.00000000E+00  0.10079800E+04  0.16036586E+05  0.12500000E+03  0.36257112E-02  0.69999999E+00  0.99999585E+03
  0.40000000E+01  0.00000000E+00  0.00000000E+00  0.00000000E+00  0.10000137E+04  0.26898298E+02  0.12500000E+03 -0.68247195E-04  0.69999999E+00  0.10000001E+04
  0.45000000E+01  0.00000000E+00  0.00000000E+00  0.00000000E+00  0.10000000E+04  0.00000000E+00  0.12500000E+03  0.10816903E-39  0.69999999E+00  0.10000000E+04
  0.50000000E+01  0.00000000E+00  0.00000000E+00  0.00000000E+00  0.10000000E+04  0.00000000E+00  0.12500000E+03 -0.58854536E-43  0.69999999E+00  0.10000000E+04
  0.55000000E+01  0.00000000E+00  0.00000000E+00  0.00000000E+00  0.10000000E+04  0.00000000E+00  0.12500000E+03  0.00000000E+00  0.69999999E+00  0.10000000E+04
  0.60000000E+01  0.00000000E+00  0.00000000E+00  0.00000000E+00  0.10000000E+04  0.00000000E+00  0.12500000E+03  0.00000000E+00  0.69999999E+00  0.10000000E+04
  0.65000000E+01  0.00000000E+00  0.00000000E+00  0.00000000E+00  0.10000000E+04  0.00000000E+00  0.12500000E+03  0.00000000E+00  0.69999999E+00  0.10000000E+04
  0.70000000E+01  0.00000000E+00  0.00000000E+00  0.00000000E+00  0.10000000E+04  0.00000000E+00  0.12500000E+03  0.00000000E+00  0.69999999E+00  0.10000000E+04
  0.75000000E+01  0.00000000E+00  0.00000000E+00  0.00000000E+00  0.10000000E+04  0.00000000E+00  0.12500000E+03  0.00000000E+00  0.69999999E+00  0.10000000E+04
  0.25000000E+00 -0.25000000E+00  0.00000000E+00  0.00000000E+00  0.10059017E+04  0.11786162E+05  0.12500000E+03  0.32751407E-02  0.69999999E+00  0.99999622E+03
  0.75000000E+00 -0.25000000E+00  0.00000000E+00  0.00000000E+00  0.10271621E+04  0.57836570E+05  0.12500000E+03  0.88011734E-02  0.69999999E+00  0.99998969E+03
  0.12500000E+01 -0.25000000E+00  0.00000000E+00  0.00000000E+00  0.10095637E+04  0.19310971E+05  0.12500000E+03  0.70445212E-02  0.69999999E+00  0.99999188E+03
  0.17500000E+01 -0.25000000E+00  0.00000000E+00  0.00000000E+00  0.10147480E+04  0.30247945E+05  0.12500000E+03  0.10744920E-01  0.69999999E+00  0.99998755E+03
  0.22500000E+01 -0.25000000E+00  0.00000000E+00  0.00000000E+00  0.10012023E+04  0.23672913E+04  0.12500000E+03  0.10578874E-01  0.69999999E+00  0.99998792E+03
  0.27500000E+01 -0.25000000E+00  0.00000000E+00  0.00000000E+00  0.10069835E+04  0.13992086E+05  0.12500000E+03  0.47410401E-02  0.69999999E+00  0.99999457E+03
  0.32500000E+01 -0.25000000E+00  0.00000000E+00  0.00000000E+00  0.10019951E+04  0.39378667E+04  0.12500000E+03  0.32667271E-02  0.69999999E+00  0.99999628E+03
  0.37500000E+01 -0.25000000E+00  0.00000000E+00  0.00000000E+00  0.10000070E+04  0.13565822E+02  0.12500000E+03 -0.15635355E-03  0.69999999E+00  0.10000002E+04
  0.42500000E+01 -0.25000000E+00  0.00000000E+00  0.00000000E+00  0.10000000E+04  0.00000000E+00  0.12500000E+03 -0.47384071E-36  0.69999999E+00  0.10000000E+04
  0.47500000E+01 -0.25000000E+00  0.00000000E+00  0.00000000E+00  0.10000000E+04  0.00000000E+00  0.12500000E+03 -0.24070664E-39  0.69999999E+00  0.10000000E+04
  0.52500000E+01 -0.25000000E+00  0.00000000E+00  0.00000000E+00  0.10000000E+04  0.00000000E+00  0.12500000E+03  0.00000000E+00  0.69999999E+00  0.10000000E+04
  0.57500000E+01 -0.25000000E+00  0.00000000E+00  0.00000000E+00  0.10000000E+04  0.00000000E+00  0.12500000E+03  0.00000000E+00  0.69999999E+00  0.10000000E+04
  0.62500000E+01 -0.25000000E+00  0.00000000E+00  0.00000000E+00  0.10000000E+04  0.00000000E+00  0.12500000E+03  0.00000000E+00  0.69999999E+00  0.10000000E+04
  0.67500000E+01 -0.25000000E+00  0.00000000E+00  0.00000000E+00  0.10000000E+04  0.00000000E+00  0.12500000E+03  0.00000000E+00  0.69999999E+00  0.10000000E+04
  0.72500000E+01 -0.25000000E+00  0.00000000E+00  0.00000000E+00  0.10000000E+04  0.00000000E+00  0.12500000E+03  0.00000000E+00  0.69999999E+00  0.10000000E+04
  0.77500000E+01 -0.25000000E+00  0.00000000E+00  0.00000000E+00  0.10000000E+04  0.00000000E+00  0.12500000E+03  0.00000000E+00  0.69999999E+00  0.10000000E+04
  0.40000000E+01  0.50000000E+00  0.00000000E+00  0.00000000E+00  0.10005872E+04  0.11539324E+04  0.12500000E+03 -0.29499369E-03  0.69999999E+00  0.10000004E+04
  0.37500000E+01  0.25000000E+00  0.00000000E+00  0.00000000E+00  0.10049486E+04  0.98545205E+04  0.12500000E+03 -0.15766344E-02  0.69999999E+00  0.10000018E+04
  0.40000000E+01  0.10000000E+01  0.00000000E+00  0.00000000E+00  0.10006613E+04  0.12999568E+04  0.12500000E+03 -0.13663500E-03  0.69999999E+00  0.10000002E+04
  0.37500000E+01  0.75000000E+00  0.00000000E+00  0.00000000E+00  0.10380261E+04  0.83678648E+05  0.12500000E+03  0.96768094E-03  0.69999999E+00  0.99999884E+03
  0.40000000E+01  0.15000000E+01  0.00000000E+00  0.00000000E+00  0.10001422E+04  0.27914822E+03  0.12500000E+03  0.38181985E-03  0.69999999E+00  0.99999957E+03
  0.37500000E+01  0.12500000E+01  0.00000000E+00  0.00000000E+00  0.10259608E+04  0.55078211E+05  0.12500000E+03  0.91011572E-03  0.69999999E+00  0.99999896E+03
  0.40000000E+01  0.20000000E+01  0.00000000E+00  0.00000000E+00  0.10010588E+04  0.20840093E+04  0.12500000E+03  0.32330409E-03  0.69999999E+00  0.99999963E+03
  0.37500000E+01  0.17500000E+01  0.00000000E+00  0.00000000E+00  0.10238391E+04  0.50253500E+05  0.12500000E+03  0.18749377E-02  0.69999999E+00  0.99999780E+03
  0.45000000E+01  0.50000000E+00  0.00000000E+00  0.00000000E+00  0.10000000E+04  0.00000000E+00  0.12500000E+03  0.70880759E-39  0.69999999E+00  0.10000000E+04
  0.42500000E+01  0.25000000E+00  0.00000000E+00  0.00000000E+00  0.10000018E+04  0.35083482E+01  0.12500000E+03 -0.74084828E-05  0.69999999E+00  0.10000000E+04
  0.45000000E+01  0.10000000E+01  0.00000000E+00  0.00000000E+00  0.10000000E+04  0.00000000E+00  0.12500000E+03 -0.33350903E-42  0.69999999E+00  0.10000000E+04
  0.42500000E+01  0.75000000E+00  0.00000000E+00  0.00000000E+00  0.10000944E+04  0.18529227E+03  0.12500000E+03 -0.10442676E-04  0.69999999E+00  0.10000000E+04
  0.45000000E+01  0.15000000E+01  0.00000000E+00  0.00000000E+00  0.10000000E+04  0.00000000E+00  0.12500000E+03 -0.14041011E-41  0.69999999E+00  0.10000000E+04
  0.42500000E+01  0.12500000E+01  0.00000000E+00  0.00000000E+00  0.10000066E+04  0.12864128E+02  0.12500000E+03  0.34267537E-05  0.69999999E+00  0.10000000E+04
  0.45000000E+01  0.20000000E+01  0.00000000E+00  0.00000000E+00  0.10000000E+04  0.00000000E+00  0.12500000E+03  0.13592595E-41  0.69999999E+00  0.10000000E+04
  0.42500000E+01  0.17500000E+01  0.00000000E+00  0.00000000E+00  0.10000031E+04  0.60811610E+01  0.12500000E+03 -0.35628464E-05  0.69999999E+00  0.10000000E+04
  0.50000000E+01  0.50000000E+00  0.00000000E+00  0.00000000E+00  0.10000000E+04  0.00000000E+00  0.12500000E+03  0.00000000E+00  0.69999999E+00  0.10000000E+04
  0.47500000E+01  0.25000000E+00  0.00000000E+00  0.00000000E+00  0.10000000E+04  0.00000000E+00  0.12500000E+03  0.23780876E-39  0.69999999E+00  0.10000000E+04
  0.50000000E+01  0.10000000E+01  0.00000000E+00  0.00000000E+00  0.10000000E+04  0.00000000E+00  0.12500000E+03  0.00000000E+00  0.69999999E+00  0.10000000E+04
  0.47500000E+01  0.75000000E+00  0.00000000E+00  0.00000000E+00  0.10000000E+04  0.00000000E+00  0.12500000E+03  0.58854536E-43  0.69999999E+00  0.10000000E+04
  0.50000000E+01  0.15000000E+01  0.00000000E+00  0.00000000E+00  0.10000000E+04  0.00000000E+00  0.12500000E+03 -0.93886997E-42  0.69999999E+00  0.10000000E+04
  0.47500000E+01  0.12500000E+01  0.00000000E+00  0.00000000E+00  0.10000000E+04  0.00000000E+00  0.12500000E+03 -0.89402842E-42  0.69999999E+00  0.10000000E+04
  0.50000000E+01  0.20000000E+01  0.00000000E+00  0.00000000E+00  0.10000000E+04  0.00000000E+00  0.12500000E+03  0.88001544E-42  0.69999999E+00  0.10000000E+04
  0.47500000E+01  0.17500000E+01  0.00000000E+00  0.00000000E+00  0.10000000E+04  0.00000000E+00  0.12500000E+03  0.00000000E+00  0.69999999E+00  0.10000000E+04
  0.25841367E+01  0.89763677E+00  0.81954658E+00 -0.31701344E+00  0.10007614E+04  0.14972632E+04  0.12576698E+03  0.12576674E+03  0.10000000E+01  0.00000000E+00
  0.89407206E+00  0.97132766E+00 -0.67190373E+00  0.12498355E+01  0.99556116E+03 -0.85938418E+04  0.12561582E+03  0.12561256E+03  0.10000000E+01  0.00000000E+00
  0.15743780E+01  0.96547019E+00  0.71844602E+00 -0.91203026E-01  0.10013102E+04  0.25807966E+04  0.12546356E+03  0.12546333E+03  0.10000000E+01  0.00000000E+00
  0.15455995E+01  0.15343933E+01  0.11224794E+01  0.13787401E+00  0.99499384E+03 -0.96758633E+04  0.12531018E+03  0.12531027E+03  0.10000000E+01  0.00000000E+00
  0.27945738E+01  0.14819692E+01 -0.12431329E+00 -0.10368207E+00  0.10015580E+04  0.30710142E+04  0.12515567E+03  0.12515567E+03  0.10000000E+01  0.00000000E+00
  0.25071020E+01  0.15709898E+01 -0.12651095E+01 -0.35449117E+00  0.10044225E+04  0.87927705E+04  0.12500000E+03  0.12500000E+03  0.10000000E+01  0.00000000E+00
  0.28232884E+01  0.94006169E+00  0.12159330E+00  0.74842937E-01  0.10012901E+04  0.25409600E+04  0.12576698E+03  0.12575461E+03  0.10000000E+01  0.00000000E+00
  0.90510929E+00  0.11406634E+01  0.24930418E+00  0.40752441E+00  0.10004929E+04  0.96832623E+03  0.12561582E+03  0.12560624E+03  0.10000000E+01  0.00000000E+00
  0.94592834E+00  0.92886901E+00  0.81661415E+00 -0.47395188E+00  0.99731689E+03 -0.52220640E+04  0.12546356E+03  0.12546037E+03  0.10000000E+01  0.00000000E+00
  0.25303562E+01  0.13319443E+01  0.70222896E+00 -0.51479936E-01  0.99857001E+03 -0.27936038E+04  0.12531018E+03  0.12531038E+03  0.10000000E+01  0.00000000E+00
  0.12648846E+01  0.88260221E+00 -0.22157180E+00 -0.78108788E-01  0.99907550E+03 -0.18088999E+04  0.12515567E+03  0.12515535E+03  0.10000000E+01  0.00000000E+00
  0.71911395E+00  0.81282163E+00  0.36550498E+00  0.79590440E+00  0.10122135E+04  0.24858926E+05  0.12500000E+03  0.12500000E+03  0.10000000E+01  0.00000000E+00
  0.20380867E+01  0.98975980E+00 -0.15876243E+00 -0.34177783E+00  0.10047018E+04  0.93559434E+04  0.12576698E+03  0.12575644E+03  0.10000000E+01  0.00000000E+00
  0.27811577E+01  0.89026427E+00  0.15912473E+00 -0.29309854E-01  0.10020390E+04  0.40249846E+04  0.12561582E+03  0.12561059E+03  0.10000000E+01  0.00000000E+00
  0.28352613E+01  0.12881652E+01 -0.78208065E+00  0.60947132E+00  0.10000694E+04  0.13615152E+03  0.12546356E+03  0.12546005E+03  0.10000000E+01  0.00000000E+00
  0.20160029E+01  0.10992361E+01 -0.70666778E+00 -0.44589067E+00  0.10073354E+04  0.14712720E+05  0.12531018E+03  0.12531018E+03  0.10000000E+01  0.00000000E+00
  0.29055629E+01  0.75457942E+00  0.70341671E+00  0.23312925E+00  0.10041113E+04  0.81665249E+04  0.12515567E+03  0.12515553E+03  0.10000000E+01  0.00000000E+00
  0.10690186E+01  0.17367556E+01 -0.33501911E+00  0.77473438E+00  0.10053645E+04  0.10696134E+05  0.12500000E+03  0.12499989E+03  0.10000000E+01  0.00000000E+00
  0.92607629E+00  0.16019508E+01  0.39131653E+00  0.11631362E-01  0.10056058E+04  0.11185319E+05  0.12576698E+03  0.12576566E+03  0.10000000E+01  0.00000000E+00
  0.28133917E+01  0.90819979E+00 -0.47530746E+00 -0.80332005E+00  0.10007442E+04  0.14634308E+04  0.12561582E+03  0.12561228E+03  0.10000000E+01  0.00000000E+00
  0.14898908E+01  0.12676501E+01  0.48986858E+00  0.19841328E+00  0.99918683E+03 -0.15915844E+04  0.12546356E+03  0.12546202E+03  0.10000000E+01  0.00000000E+00
  0.21179507E+01  0.10225966E+01 -0.40723819E+00  0.39294976E+00  0.10062963E+04  0.12589100E+05  0.12531018E+03  0.12530890E+03  0.10000000E+01  0.00000000E+00
  0.10752643E+01  0.20088668E+01  0.97258508E+00  0.38697153E+00  0.10045913E+04  0.91332539E+04  0.12515567E+03  0.12515567E+03  0.10000000E+01  0.00000000E+00
  0.14117830E+01  0.85407281E+00 -0.28645232E+00 -0.22283185E+00  0.10012549E+04  0.24714343E+04  0.12500000E+03  0.12500012E+03  0.10000000E+01  0.00000000E+00
  0.88226986E+00  0.17039804E+01  0.38883048E+00  0.38130689E+00  0.10063231E+04  0.12643748E+05  0.12561582E+03  0.12561399E+03  0.10000000E+01  0.00000000E+00
  0.78237188E+00  0.20648012E+01  0.77412730E+00  0.32406884E+00  0.10021007E+04  0.41476514E+04  0.12531018E+03  0.12531004E+03  0.10000000E+01  0.00000000E+00
  0.21637332E+01  0.16884336E+01 -0.96616936E+00 -0.25228429E+00  0.10045395E+04  0.90286934E+04  0.12500000E+03  0.12500000E+03  0.10000000E+01  0.00000000E+00
