  0.00000000E+00  0.00000000E+00  0.00000000E+00  0.00000000E+00  0.99982886E+03 -0.33557480E+03  0.12500000E+03  0.13803863E-02  0.69999999E+00  0.99999841E+03
  0.00000000E+00  0.50000000E+00  0.00000000E+00  0.00000000E+00  0.99318372E+03 -0.13103131E+05  0.12500000E+03  0.75280637E-03  0.69999999E+00  0.99999915E+03
  0.00000000E+00  0.10000000E+01  0.00000000E+00  0.00000000E+00  0.99816174E+03 -0.35868503E+04  0.12500000E+03  0.16298413E-02  0.69999999E+00  0.99999817E+03
  0.00000000E+00  0.15000000E+01  0.00000000E+00  0.00000000E+00  0.10268286E+04  0.57069012E+05  0.12500000E+03  0.56943274E-03  0.69999999E+00  0.99999933E+03
  0.00000000E+00  0.20000000E+01  0.00000000E+00  0.00000000E+00  0.10059073E+04  0.11797550E+05  0.12500000E+03 -0.31668277E-03  0.69999999E+00  0.10000004E+04
  0.00000000E+00  0.25000000E+01  0.00000000E+00  0.00000000E+00  0.10002466E+04  0.48403955E+03  0.12500000E+03  0.71152863E-04  0.69999999E+00  0.99999994E+03
  0.00000000E+00  0.30000000E+01  0.00000000E+00  0.00000000E+00  0.10000000E+04  0.00000000E+00  0.12500000E+03  0.00000000E+00  0.69999999E+00  0.10000000E+04
  0.00000000E+00  0.35000000E+01  0.00000000E+00  0.00000000E+00  0.10000000E+04  0.00000000E+00  0.12500000E+03  0.00000000E+00  0.69999999E+00  0.10000000E+04
  0.00000000E+00  0.40000000E+01  0.00000000E+00  0.00000000E+00  0.10000000E+04  0.00000000E+00  0.12500000E+03  0.00000000E+00  0.69999999E+00  0.10000000E+04
 -0.25000000E+00 -0.25000000E+00  0.00000000E+00  0.00000000E+00  0.10018975E+04  0.37440640E+04  0.12500000E+03  0.46450578E-03  0.69999999E+00  0.99999945E+03
 -0.25000000E+00  0.25000000E+00  0.00000000E+00  0.00000000E+00  0.99780505E+03 -0.42782207E+04  0.12500000E+03  0.55175711E-03  0.69999999E+00  0.99999939E+03
 -0.25000000E+00  0.75000000E+00  0.00000000E+00  0.00000000E+00  0.99866870E+03 -0.26015427E+04  0.12500000E+03 -0.69682806E-04  0.69999999E+00  0.10000001E+04
 -0.25000000E+00  0.12500000E+01  0.00000000E+00  0.00000000E+00  0.10080359E+04  0.16151656E+05  0.12500000E+03  0.52229367E-03  0.69999999E+00  0.99999939E+03
 -0.25000000E+00  0.17500000E+01  0.00000000E+00  0.00000000E+00  0.10001616E+04  0.31730682E+03  0.12500000E+03 -0.10675416E-03  0.69999999E+00  0.10000001E+04
 -0.25000000E+00  0.22500000E+01  0.00000000E+00  0.00000000E+00  0.10004730E+04  0.92938812E+03  0.12500000E+03 -0.62706749E-04  0.69999999E+00  0.10000001E+04
 -0.25000000E+00  0.27500000E+01  0.00000000E+00  0.00000000E+00  0.10000000E+04  0.00000000E+00  0.12500000E+03  0.00000000E+00  0.69999999E+00  0.10000000E+04
 -0.25000000E+00  0.32500000E+01  0.00000000E+00  0.00000000E+00  0.10000000E+04  0.00000000E+00  0.12500000E+03  0.00000000E+00  0.69999999E+00  0.10000000E+04
 -0.25000000E+00  0.37500000E+01  0.00000000E+00  0.00000000E+00  0.10000000E+04  0.00000000E+00  0.12500000E+03  0.00000000E+00  0.69999999E+00  0.10000000E+04
  0.80000000E+01  0.00000000E+00  0.00000000E+00  0.00000000E+00  0.10000000E+04  0.00000000E+00  0.12500000E+03  0.00000000E+00  0.69999999E+00  0.10000000E+04
  0.80000000E+01  0.50000000E+00  0.00000000E+00  0.00000000E+00  0.10000000E+04  0.00000000E+00  0.12500000E+03  0.00000000E+00  0.69999999E+00  0.10000000E+04
  0.80000000E+01  0.10000000E+01  0.00000000E+00  0.00000000E+00  0.10000000E+04  0.00000000E+00  0.12500000E+03  0.00000000E+00  0.69999999E+00  0.10000000E+04
  0.80000000E+01  0.15000000E+01  0.00000000E+00  0.00000000E+00  0.10000000E+04  0.00000000E+00  0.12500000E+03  0.00000000E+00  0.69999999E+00  0.10000000E+04
  0.80000000E+01  0.20000000E+01  0.00000000E+00  0.00000000E+00  0.10000000E+04  0.00000000E+00  0.12500000E+03  0.00000000E+00  0.69999999E+00  0.10000000E+04
  0.80000000E+01  0.25000000E+01  0.00000000E+00  0.00000000E+00  0.10000000E+04  0.00000000E+00  0.12500000E+03  0.00000000E+00  0.69999999E+00  0.10000000E+04
  0.80000000E+01  0.30000000E+01  0.00000000E+00  0.00000000E+00  0.10000000E+04  0.00000000E+00  0.12500000E+03  0.00000000E+00  0.69999999E+00  0.10000000E+04
  0.80000000E+01  0.35000000E+01  0.00000000E+00  0.00000000E+00  0.10000000E+04  0.00000000E+00  0.12500000E+03  0.00000000E+00  0.69999999E+00  0.10000000E+04
  0.80000000E+01  0.40000000E+01  0.00000000E+00  0.00000000E+00  0.10000000E+04  0.00000000E+00  0.12500000E+03  0.00000000E+00  0.69999999E+00  0.10000000E+04
  0.82500000E+01 -0.25000000E+00  0.00000000E+00  0.00000000E+00  0.10000000E+04  0.00000000E+00  0.12500000E+03  0.00000000E+00  0.69999999E+00  0.10000000E+04
  0.82500000E+01  0.25000000E+00  0.00000000E+00  0.00000000E+00  0.10000000E+04  0.00000000E+00  0.12500000E+03  0.00000000E+00  0.69999999E+00  0.10000000E+04
  0.82500000E+01  0.75000000E+00  0.00000000E+00  0.00000000E+00  0.10000000E+04  0.00000000E+00  0.12500000E+03  0.00000000E+00  0.69999999E+00  0.10000000E+04
  0.82500000E+01  0.12500000E+01  0.00000000E+00  0.00000000E+00  0.10000000E+04  0.00000000E+00  0.12500000E+03  0.00000000E+00  0.69999999E+00  0.10000000E+04
  0.82500000E+01  0.17500000E+01  0.00000000E+00  0.00000000E+00  0.10000000E+04  0.00000000E+00  0.12500000E+03  0.00000000E+00  0.69999999E+00  0.10000000E+04
  0.82500000E+01  0.22500000E+01  0.00000000E+00  0.00000000E+00  0.10000000E+04  0.00000000E+00  0.12500000E+03  0.00000000E+00  0.69999999E+00  0.10000000E+04
  0.82500000E+01  0.27500000E+01  0.00000000E+00  0.00000000E+00  0.10000000E+04  0.00000000E+00  0.12500000E+03  0.00000000E+00  0.69999999E+00  0.10000000E+04
  0.82500000E+01  0.32500000E+01  0.00000000E+00  0.00000000E+00  0.10000000E+04  0.00000000E+00  0.12500000E+03  0.00000000E+00  0.69999999E+00  0.10000000E+04
  0.82500000E+01  0.37500000E+01  0.00000000E+00  0.00000000E+00  0.10000000E+04  0.00000000E+00  0.12500000E+03  0.00000000E+00  0.69999999E+00  0.10000000E+04
  0.50000000E+00  0.00000000E+00  0.00000000E+00  0.00000000E+00  0.99787500E+03 -0.41428130E+04  0.12500000E+03  0.65308535E-02  0.69999999E+00  0.99999255E+03
  0.10000000E+01  0.00000000E+00  0.00000000E+00  0.00000000E+00  0.10047244E+04  0.94016543E+04  0.12500000E+03  0.22827429E-02  0.69999999E+00  0.99999738E+03
  0.15000000E+01  0.00000000E+00  0.00000000E+00  0.00000000E+00  0.10128784E+04  0.26264896E+05  0.12500000E+03  0.10434509E-01  0.69999999E+00  0.99998792E+03
  0.20000000E+01  0.00000000E+00  0.00000000E+00  0.00000000E+00  0.10007020E+04  0.13802744E+04  0.12500000E+03  0.11209957E-01  0.69999999E+00  0.99998718E+03
  0.25000000E+01  0.00000000E+00  0.00000000E+00  0.00000000E+00  0.10018851E+04  0.37196987E+04  0.12500000E+03  0.59866300E-03  0.69999999E+00  0.99999933E+03
  0.30000000E+01  0.00000000E+00  0.00000000E+00  0.00000000E+00  0.10227831E+04  0.47874246E+05  0.12500000E+03  0.18721446E-02  0.69999999E+00  0.99999780E+03
  0.35000000E+01  0.00000000E+00  0.00000000E+00  0.00000000E+00  0.10019921E+04  0.39319492E+04  0.12500000E+03  0.70841558E-03  0.69999999E+00  0.99999921E+03
  0.40000000E+01  0.00000000E+00  0.00000000E+00  0.00000000E+00  0.10000134E+04  0.26430483E+02  0.12500000E+03 -0.27363869E-04  0.69999999E+00  0.10000001E+04
  0.45000000E+01  0.00000000E+00  0.00000000E+00  0.00000000E+00  0.10000000E+04  0.00000000E+00  0.12500000E+03  0.00000000E+00  0.69999999E+00  0.10000000E+04
  0.50000000E+01  0.00000000E+00  0.00000000E+00  0.00000000E+00  0.10000000E+04  0.00000000E+00  0.12500000E+03  0.00000000E+00  0.69999999E+00  0.10000000E+04
  0.55000000E+01  0.00000000E+00  0.00000000E+00  0.00000000E+00  0.10000000E+04  0.00000000E+00  0.12500000E+03  0.00000000E+00  0.69999999E+00  0.10000000E+04
  0.60000000E+01  0.00000000E+00  0.00000000E+00  0.00000000E+00  0.10000000E+04  0.00000000E+00  0.12500000E+03  0.00000000E+00  0.69999999E+00  0.10000000E+04
  0.65000000E+01  0.00000000E+00  0.00000000E+00  0.00000000E+00  0.10000000E+04  0.00000000E+00  0.12500000E+03  0.00000000E+00  0.69999999E+00  0.10000000E+04
  0.70000000E+01  0.00000000E+00  0.00000000E+00  0.00000000E+00  0.10000000E+04  0.00000000E+00  0.12500000E+03  0.00000000E+00  0.69999999E+00  0.10000000E+04
  0.75000000E+01  0.00000000E+00  0.00000000E+00  0.00000000E+00  0.10000000E+04  0.00000000E+00  0.12500000E+03  0.00000000E+00  0.69999999E+00  0.10000000E+04
  0.25000000E+00 -0.25000000E+00  0.00000000E+00  0.00000000E+00  0.10137141E+04  0.28039684E+05  0.12500000E+03  0.21058200E-02  0.69999999E+00  0.99999756E+03
  0.75000000E+00 -0.25000000E+00  0.00000000E+00  0.00000000E+00  0.10213958E+04  0.44771227E+05  0.12500000E+03  0.48192465E-02  0.69999999E+00  0.99999438E+03
  0.12500000E+01 -0.25000000E+00  0.00000000E+00  0.00000000E+00  0.10092437E+04  0.18646703E+05  0.12500000E+03  0.37317900E-02  0.69999999E+00  0.99999573E+03
  0.17500000E+01 -0.25000000E+00  0.00000000E+00  0.00000000E+00  0.99448853E+03 -0.10636329E+05  0.12500000E+03  0.54529244E-02  0.69999999E+00  0.99999384E+03
  0.22500000E+01 -0.25000000E+00  0.00000000E+00  0.00000000E+00  0.10131809E+04  0.26906199E+05  0.12500000E+03  0.46873391E-02  0.69999999E+00  0.99999457E+03
  0.27500000E+01 -0.25000000E+00  0.00000000E+00  0.00000000E+00  0.10126621E+04  0.25806807E+05  0.12500000E+03  0.65957964E-03  0.69999999E+00  0.99999927E+03
  0.32500000E+01 -0.25000000E+00  0.00000000E+00  0.00000000E+00  0.10042798E+04  0.85054170E+04  0.12500000E+03  0.78516064E-03  0.69999999E+00  0.99999908E+03
  0.37500000E+01 -0.25000000E+00  0.00000000E+00  0.00000000E+00  0.10000013E+04  0.25727851E+01  0.12500000E+03 -0.59664068E-04  0.69999999E+00  0.10000001E+04
  0.42500000E+01 -0.25000000E+00  0.00000000E+00  0.00000000E+00  0.10000000E+04  0.00000000E+00  0.12500000E+03 -0.28586489E-42  0.69999999E+00  0.10000000E+04
  0.47500000E+01 -0.25000000E+00  0.00000000E+00  0.00000000E+00  0.10000000E+04  0.00000000E+00  0.12500000E+03  0.00000000E+00  0.69999999E+00  0.10000000E+04
  0.52500000E+01 -0.25000000E+00  0.00000000E+00  0.00000000E+00  0.10000000E+04  0.00000000E+00  0.12500000E+03  0.00000000E+00  0.69999999E+00  0.10000000E+04
  0.57500000E+01 -0.25000000E+00  0.00000000E+00  0.00000000E+00  0.10000000E+04  0.00000000E+00  0.12500000E+03  0.00000000E+00  0.69999999E+00  0.10000000E+04
  0.62500000E+01 -0.25000000E+00  0.00000000E+00  0.00000000E+00  0.10000000E+04  0.00000000E+00  0.12500000E+03  0.00000000E+00  0.69999999E+00  0.10000000E+04
  0.67500000E+01 -0.25000000E+00  0.00000000E+00  0.00000000E+00  0.10000000E+04  0.00000000E+00  0.12500000E+03  0.00000000E+00  0.69999999E+00  0.10000000E+04
  0.72500000E+01 -0.25000000E+00  0.00000000E+00  0.00000000E+00  0.10000000E+04  0.00000000E+00  0.12500000E+03  0.00000000E+00  0.69999999E+00  0.10000000E+04
  0.77500000E+01 -0.25000000E+00  0.00000000E+00  0.00000000E+00  0.10000000E+04  0.00000000E+00  0.12500000E+03  0.00000000E+00  0.69999999E+00  0.10000000E+04
  0.40000000E+01  0.50000000E+00  0.00000000E+00  0.00000000E+00  0.10001036E+04  0.20331239E+03  0.12500000E+03 -0.74891315E-04  0.69999999E+00  0.10000001E+04
  0.37500000E+01  0.25000000E+00  0.00000000E+00  0.00000000E+00  0.10019271E+04  0.38029736E+04  0.12500000E+03 -0.29402378E-03  0.69999999E+00  0.10000004E+04
  0.40000000E+01  0.10000000E+01  0.00000000E+00  0.00000000E+00  0.10010104E+04  0.19884595E+04  0.12500000E+03  0.99883200E-05  0.69999999E+00  0.10000000E+04
  0.37500000E+01  0.75000000E+00  0.00000000E+00  0.00000000E+00  0.10011082E+04  0.21814702E+04  0.12500000E+03  0.17670226E-03  0.69999999E+00  0.99999982E+03
  0.40000000E+01  0.15000000E+01  0.00000000E+00  0.00000000E+00  0.10006598E+04  0.12971389E+04  0.12500000E+03  0.11248417E-03  0.69999999E+00  0.99999988E+03
  0.37500000E+01  0.12500000E+01  0.00000000E+00  0.00000000E+00  0.10202855E+04  0.42305793E+05  0.12500000E+03  0.32329696E-03  0.69999999E+00  0.99999963E+03
  0.40000000E+01  0.20000000E+01  0.00000000E+00  0.00000000E+00  0.10000315E+04  0.61752430E+02  0.12500000E+03  0.20776821E-04  0.69999999E+00  0.10000000E+04
  0.37500000E+01  0.17500000E+01  0.00000000E+00  0.00000000E+00  0.10076671E+04  0.15393238E+05  0.12500000E+03  0.31087664E-03  0.69999999E+00  0.99999963E+03
  0.45000000E+01  0.50000000E+00  0.00000000E+00  0.00000000E+00  0.10000000E+04  0.00000000E+00  0.12500000E+03  0.00000000E+00  0.69999999E+00  0.10000000E+04
  0.42500000E+01  0.25000000E+00  0.00000000E+00  0.00000000E+00  0.10000018E+04  0.35083482E+01  0.12500000E+03 -0.74084828E-05  0.69999999E+00  0.10000000E+04
  0.45000000E+01  0.10000000E+01  0.00000000E+00  0.00000000E+00  0.10000000E+04  0.00000000E+00  0.12500000E+03  0.00000000E+00  0.69999999E+00  0.10000000E+04
  0.42500000E+01  0.75000000E+00  0.00000000E+00  0.00000000E+00  0.10000936E+04  0.18365413E+03  0.12500000E+03 -0.58616174E-05  0.69999999E+00  0.10000000E+04
  0.45000000E+01  0.15000000E+01  0.00000000E+00  0.00000000E+00  0.10000000E+04  0.00000000E+00  0.12500000E+03  0.00000000E+00  0.69999999E+00  0.10000000E+04
  0.42500000E+01  0.12500000E+01  0.00000000E+00  0.00000000E+00  0.10000045E+04  0.88878889E+01  0.12500000E+03  0.12300108E-04  0.69999999E+00  0.10000000E+04
  0.45000000E+01  0.20000000E+01  0.00000000E+00  0.00000000E+00  0.10000000E+04  0.00000000E+00  0.12500000E+03  0.00000000E+00  0.69999999E+00  0.10000000E+04
  0.42500000E+01  0.17500000E+01  0.00000000E+00  0.00000000E+00  0.10000000E+04  0.00000000E+00  0.12500000E+03  0.00000000E+00  0.69999999E+00  0.10000000E+04
  0.50000000E+01  0.50000000E+00  0.00000000E+00  0.00000000E+00  0.10000000E+04  0.00000000E+00  0.12500000E+03  0.00000000E+00  0.69999999E+00  0.10000000E+04
  0.47500000E+01  0.25000000E+00  0.00000000E+00  0.00000000E+00  0.10000000E+04  0.00000000E+00  0.12500000E+03  0.00000000E+00  0.69999999E+00  0.10000000E+04
  0.50000000E+01  0.10000000E+01  0.00000000E+00  0.00000000E+00  0.10000000E+04  0.00000000E+00  0.12500000E+03  0.00000000E+00  0.69999999E+00  0.10000000E+04
  0.47500000E+01  0.75000000E+00  0.00000000E+00  0.00000000E+00  0.10000000E+04  0.00000000E+00  0.12500000E+03  0.00000000E+00  0.69999999E+00  0.10000000E+04
  0.50000000E+01  0.15000000E+01  0.00000000E+00  0.00000000E+00  0.10000000E+04  0.00000000E+00  0.12500000E+03  0.00000000E+00  0.69999999E+00  0.10000000E+04
  0.47500000E+01  0.12500000E+01  0.00000000E+00  0.00000000E+00  0.10000000E+04  0.00000000E+00  0.12500000E+03  0.00000000E+00  0.69999999E+00  0.10000000E+04
  0.50000000E+01  0.20000000E+01  0.00000000E+00  0.00000000E+00  0.10000000E+04  0.00000000E+00  0.12500000E+03  0.00000000E+00  0.69999999E+00  0.10000000E+04
  0.47500000E+01  0.17500000E+01  0.00000000E+00  0.00000000E+00  0.10000000E+04  0.00000000E+00  0.12500000E+03  0.00000000E+00  0.69999999E+00  0.10000000E+04
  0.69656837E+00  0.24770415E+00 -0.20686595E+00 -0.49170339E+00  0.99733270E+03 -0.51915674E+04  0.12576698E+03  0.12576698E+03  0.10000000E+01  0.00000000E+00
  0.66396081E+00  0.60077441E+00  0.77661169E+00  0.29332992E+00  0.10088068E+04  0.17742270E+05  0.12561582E+03  0.12561256E+03  0.10000000E+01  0.00000000E+00
  0.66047561E+00  0.73246706E+00  0.58845270E+00  0.10006943E+01  0.10083350E+04  0.16767900E+05  0.12546356E+03  0.12546356E+03  0.10000000E+01  0.00000000E+00
  0.86611718E+00  0.99258053E+00 -0.13919085E+00  0.12329198E+01  0.99714990E+03 -0.55443398E+04  0.12531018E+03  0.12531018E+03  0.10000000E+01  0.00000000E+00
  0.10890118E+01  0.10713685E+01 -0.94575304E+00  0.95754063E+00  0.10011565E+04  0.22768406E+04  0.12515567E+03  0.12515567E+03  0.10000000E+01  0.00000000E+00
  0.18998153E+01  0.14255419E+01  0.55882406E+00  0.48778838E+00  0.10071816E+04  0.14397379E+05  0.12500000E+03  0.12500000E+03  0.10000000E+01  0.00000000E+00
  0.13496392E+01  0.17878291E+00  0.92764189E-02  0.27253124E+00  0.98592395E+03 -0.26477973E+05  0.12576698E+03  0.12575842E+03  0.10000000E+01  0.00000000E+00
  0.98795807E+00  0.47459233E+00 -0.14611736E+00  0.12849067E-01  0.10040999E+04  0.81437524E+04  0.12561582E+03  0.12560853E+03  0.10000000E+01  0.00000000E+00
  0.13906479E+01  0.53465044E+00 -0.26761033E-02  0.25206247E+00  0.10013364E+04  0.26324263E+04  0.12546356E+03  0.12546185E+03  0.10000000E+01  0.00000000E+00
  0.96895099E+00  0.83068717E+00 -0.10209217E+01  0.99368644E+00  0.10069235E+04  0.13869445E+05  0.12531018E+03  0.12531018E+03  0.10000000E+01  0.00000000E+00
  0.16012259E+01  0.88846731E+00 -0.34396529E+00 -0.59794366E+00  0.10098594E+04  0.19925645E+05  0.12515567E+03  0.12515567E+03  0.10000000E+01  0.00000000E+00
  0.13059126E+01  0.11876588E+01 -0.81358111E+00  0.35181534E+00  0.10059299E+04  0.11843349E+05  0.12500000E+03  0.12500000E+03  0.10000000E+01  0.00000000E+00
  0.19912968E+01  0.30019233E+00 -0.48878527E+00  0.50333774E+00  0.99384589E+03 -0.11853734E+05  0.12576698E+03  0.12575969E+03  0.10000000E+01  0.00000000E+00
  0.19167509E+01  0.54572821E+00  0.87046480E+00  0.35693252E+00  0.99905249E+03 -0.18537875E+04  0.12561582E+03  0.12561089E+03  0.10000000E+01  0.00000000E+00
  0.25216641E+01  0.55590880E+00 -0.41441724E+00 -0.87193899E-01  0.99258002E+03 -0.14237963E+05  0.12546356E+03  0.12546245E+03  0.10000000E+01  0.00000000E+00
  0.19918053E+01  0.79668248E+00  0.97674686E+00  0.39901391E+00  0.10081110E+04  0.16306290E+05  0.12531018E+03  0.12531018E+03  0.10000000E+01  0.00000000E+00
  0.24342918E+01  0.10073593E+01  0.12204649E+01 -0.45451391E+00  0.10126686E+04  0.25820680E+05  0.12515567E+03  0.12515567E+03  0.10000000E+01  0.00000000E+00
  0.19992318E+01  0.15029321E+01  0.36302400E+00 -0.12375744E+00  0.99846124E+03 -0.30051335E+04  0.12500000E+03  0.12500000E+03  0.10000000E+01  0.00000000E+00
  0.18155692E+01  0.55107129E+00 -0.10171832E+01 -0.18204045E+00  0.99494171E+03 -0.97750244E+04  0.12576698E+03  0.12576698E+03  0.10000000E+01  0.00000000E+00
  0.22759047E+01  0.68107623E+00 -0.92002177E+00  0.93574822E+00  0.10038782E+04  0.76979634E+04  0.12561582E+03  0.12561221E+03  0.10000000E+01  0.00000000E+00
  0.27539425E+01  0.77691460E+00 -0.19427320E+00  0.47008649E-01  0.10076748E+04  0.15409154E+05  0.12546356E+03  0.12546202E+03  0.10000000E+01  0.00000000E+00
  0.26886001E+01  0.58256936E+00 -0.45460695E+00 -0.31441665E+00  0.10068981E+04  0.13817525E+05  0.12531018E+03  0.12531018E+03  0.10000000E+01  0.00000000E+00
  0.27869072E+01  0.13039455E+01 -0.13489562E+00  0.10599656E+01  0.99601434E+03 -0.77269497E+04  0.12515567E+03  0.12515567E+03  0.10000000E+01  0.00000000E+00
  0.26562309E+01  0.14138703E+01  0.11679350E+01 -0.50348625E-01  0.99859570E+03 -0.27436279E+04  0.12500000E+03  0.12500000E+03  0.10000000E+01  0.00000000E+00
  0.20181799E+01  0.13648458E+01 -0.17742968E+01 -0.71380979E+00  0.98331140E+03 -0.31148545E+05  0.12561582E+03  0.12561399E+03  0.10000000E+01  0.00000000E+00
  0.29015489E+01  0.11970447E+01 -0.13229507E+00  0.14225262E+01  0.10064801E+04  0.12963802E+05  0.12531018E+03  0.12531018E+03  0.10000000E+01  0.00000000E+00
  0.22047524E+01  0.18365030E+01 -0.89884245E+00  0.24446383E-01  0.10018535E+04  0.36567834E+04  0.12500000E+03  0.12500000E+03  0.10000000E+01  0.00000000E+00
