  0.00000000E+00  0.00000000E+00  0.00000000E+00  0.00000000E+00  0.10037555E+04  0.74517275E+04  0.12500000E+03  0.23057333E-02  0.69999999E+00  0.99999738E+03
  0.00000000E+00  0.50000000E+00  0.00000000E+00  0.00000000E+00  0.10336420E+04  0.73053477E+05  0.12500000E+03  0.26667290E-02  0.69999999E+00  0.99999683E+03
  0.00000000E+00  0.10000000E+01  0.00000000E+00  0.00000000E+00  0.10477180E+04  0.10814355E+06  0.12500000E+03  0.32706254E-02  0.69999999E+00  0.99999609E+03
  0.00000000E+00  0.15000000E+01  0.00000000E+00  0.00000000E+00  0.10286301E+04  0.61233918E+05  0.12500000E+03  0.10919734E-02  0.69999999E+00  0.99999872E+03
  0.00000000E+00  0.20000000E+01  0.00000000E+00  0.00000000E+00  0.10168953E+04  0.34876852E+05  0.12500000E+03 -0.13318034E-02  0.69999999E+00  0.10000015E+04
  0.00000000E+00  0.25000000E+01  0.00000000E+00  0.00000000E+00  0.10030736E+04  0.60862402E+04  0.12500000E+03  0.33517432E-03  0.69999999E+00  0.99999963E+03
  0.00000000E+00  0.30000000E+01  0.00000000E+00  0.00000000E+00  0.10000000E+04  0.00000000E+00  0.12500000E+03  0.60528782E-05  0.69999999E+00  0.10000000E+04
  0.00000000E+00  0.35000000E+01  0.00000000E+00  0.00000000E+00  0.10000000E+04  0.00000000E+00  0.12500000E+03  0.00000000E+00  0.69999999E+00  0.10000000E+04
  0.00000000E+00  0.40000000E+01  0.00000000E+00  0.00000000E+00  0.10000000E+04  0.00000000E+00  0.12500000E+03  0.00000000E+00  0.69999999E+00  0.10000000E+04
 -0.25000000E+00 -0.25000000E+00  0.00000000E+00  0.00000000E+00  0.10006414E+04  0.12607445E+04  0.12500000E+03  0.52005530E-03  0.69999999E+00  0.99999939E+03
 -0.25000000E+00  0.25000000E+00  0.00000000E+00  0.00000000E+00  0.10023605E+04  0.46641538E+04  0.12500000E+03  0.99997618E-03  0.69999999E+00  0.99999884E+03
 -0.25000000E+00  0.75000000E+00  0.00000000E+00  0.00000000E+00  0.10112878E+04  0.22910912E+05  0.12500000E+03  0.31757622E-03  0.69999999E+00  0.99999963E+03
 -0.25000000E+00  0.12500000E+01  0.00000000E+00  0.00000000E+00  0.10033871E+04  0.67133867E+04  0.12500000E+03  0.10301510E-02  0.69999999E+00  0.99999884E+03
 -0.25000000E+00  0.17500000E+01  0.00000000E+00  0.00000000E+00  0.10012020E+04  0.23668201E+04  0.12500000E+03 -0.32315031E-03  0.69999999E+00  0.10000004E+04
 -0.25000000E+00  0.22500000E+01  0.00000000E+00  0.00000000E+00  0.10012462E+04  0.24542319E+04  0.12500000E+03 -0.15003496E-03  0.69999999E+00  0.10000002E+04
 -0.25000000E+00  0.27500000E+01  0.00000000E+00  0.00000000E+00  0.10000000E+04  0.00000000E+00  0.12500000E+03  0.10061323E-41  0.69999999E+00  0.10000000E+04
 -0.25000000E+00  0.32500000E+01  0.00000000E+00  0.00000000E+00  0.10000000E+04  0.00000000E+00  0.12500000E+03  0.22701035E-42  0.69999999E+00  0.10000000E+04
 -0.25000000E+00  0.37500000E+01  0.00000000E+00  0.00000000E+00  0.10000000E+04  0.00000000E+00  0.12500000E+03  0.00000000E+00  0.69999999E+00  0.10000000E+04
  0.80000000E+01  0.00000000E+00  0.00000000E+00  0.00000000E+00  0.10000000E+04  0.00000000E+00  0.12500000E+03  0.00000000E+00  0.69999999E+00  0.10000000E+04
  0.80000000E+01  0.50000000E+00  0.00000000E+00  0.00000000E+00  0.10000000E+04  0.00000000E+00  0.12500000E+03  0.00000000E+00  0.69999999E+00  0.10000000E+04
  0.80000000E+01  0.10000000E+01  0.00000000E+00  0.00000000E+00  0.10000000E+04  0.00000000E+00  0.12500000E+03  0.00000000E+00  0.69999999E+00  0.10000000E+04
  0.80000000E+01  0.15000000E+01  0.00000000E+00  0.00000000E+00  0.10000000E+04  0.00000000E+00  0.12500000E+03  0.00000000E+00  0.69999999E+00  0.10000000E+04
  0.80000000E+01  0.20000000E+01  0.00000000E+00  0.00000000E+00  0.10000000E+04  0.00000000E+00  0.12500000E+03  0.00000000E+00  0.69999999E+00  0.10000000E+04
  0.80000000E+01  0.25000000E+01  0.00000000E+00  0.00000000E+00  0.10000000E+04  0.00000000E+00  0.12500000E+03  0.00000000E+00  0.69999999E+00  0.10000000E+04
  0.80000000E+01  0.30000000E+01  0.00000000E+00  0.00000000E+00  0.10000000E+04  0.00000000E+00  0.12500000E+03  0.00000000E+00  0.69999999E+00  0.10000000E+04
  0.80000000E+01  0.35000000E+01  0.00000000E+00  0.00000000E+00  0.10000000E+04  0.00000000E+00  0.12500000E+03  0.00000000E+00  0.69999999E+00  0.10000000E+04
  0.80000000E+01  0.40000000E+01  0.00000000E+00  0.00000000E+00  0.10000000E+04  0.00000000E+00  0.12500000E+03  0.00000000E+00  0.69999999E+00  0.10000000E+04
  0.82500000E+01 -0.25000000E+00  0.00000000E+00  0.00000000E+00  0.10000000E+04  0.00000000E+00  0.12500000E+03  0.00000000E+00  0.69999999E+00  0.10000000E+04
  0.82500000E+01  0.25000000E+00  0.00000000E+00  0.00000000E+00  0.10000000E+04  0.00000000E+00  0.12500000E+03  0.00000000E+00  0.69999999E+00  0.10000000E+04
  0.82500000E+01  0.75000000E+00  0.00000000E+00  0.00000000E+00  0.10000000E+04  0.00000000E+00  0.12500000E+03  0.00000000E+00  0.69999999E+00  0.10000000E+04
  0.82500000E+01  0.12500000E+01  0.00000000E+00  0.00000000E+00  0.10000000E+04  0.00000000E+00  0.12500000E+03  0.00000000E+00  0.69999999E+00  0.10000000E+04
  0.82500000E+01  0.17500000E+01  0.00000000E+00  0.00000000E+00  0.10000000E+04  0.00000000E+00  0.12500000E+03  0.00000000E+00  0.69999999E+00  0.10000000E+04
  0.82500000E+01  0.22500000E+01  0.00000000E+00  0.00000000E+00  0.10000000E+04  0.00000000E+00  0.12500000E+03  0.00000000E+00  0.69999999E+00  0.10000000E+04
  0.82500000E+01  0.27500000E+01  0.00000000E+00  0.00000000E+00  0.10000000E+04  0.00000000E+00  0.12500000E+03  0.00000000E+00  0.69999999E+00  0.10000000E+04
  0.82500000E+01  0.32500000E+01  0.00000000E+00  0.00000000E+00  0.10000000E+04  0.00000000E+00  0.12500000E+03  0.00000000E+00  0.69999999E+00  0.10000000E+04
  0.82500000E+01  0.37500000E+01  0.00000000E+00  0.00000000E+00  0.10000000E+04  0.00000000E+00  0.12500000E+03  0.00000000E+00  0.69999999E+00  0.10000000E+04
  0.50000000E+00  0.00000000E+00  0.00000000E+00  0.00000000E+00  0.10518273E+04  0.11893409E+06  0.12500000E+03  0.11453560E-01  0.69999999E+00  0.99998621E+03
  0.10000000E+01  0.00000000E+00  0.00000000E+00  0.00000000E+00  0.10772578E+04  0.19160203E+06  0.12500000E+03  0.63664787E-02  0.69999999E+00  0.99999219E+03
  0.15000000E+01  0.00000000E+00  0.00000000E+00  0.00000000E+00  0.10396045E+04  0.87570547E+05  0.12500000E+03  0.20370070E-01  0.69999999E+00  0.99997577E+03
  0.20000000E+01  0.00000000E+00  0.00000000E+00  0.00000000E+00  0.11372998E+04  0.40951819E+06  0.12500000E+03  0.23358287E-01  0.69999999E+00  0.99996967E+03
  0.25000000E+01  0.00000000E+00  0.00000000E+00  0.00000000E+00  0.10488546E+04  0.11110268E+06  0.12500000E+03  0.61705369E-02  0.69999999E+00  0.99999261E+03
  0.30000000E+01  0.00000000E+00  0.00000000E+00  0.00000000E+00  0.10371350E+04  0.81497164E+05  0.12500000E+03  0.78491345E-02  0.69999999E+00  0.99999072E+03
  0.35000000E+01  0.00000000E+00  0.00000000E+00  0.00000000E+00  0.10043159E+04  0.85783721E+04  0.12500000E+03  0.31446482E-02  0.69999999E+00  0.99999640E+03
  0.40000000E+01  0.00000000E+00  0.00000000E+00  0.00000000E+00  0.10000137E+04  0.26898298E+02  0.12500000E+03 -0.68247195E-04  0.69999999E+00  0.10000001E+04
  0.45000000E+01  0.00000000E+00  0.00000000E+00  0.00000000E+00  0.10000000E+04  0.00000000E+00  0.12500000E+03  0.33135103E-40  0.69999999E+00  0.10000000E+04
  0.50000000E+01  0.00000000E+00  0.00000000E+00  0.00000000E+00  0.10000000E+04  0.00000000E+00  0.12500000E+03  0.00000000E+00  0.69999999E+00  0.10000000E+04
  0.55000000E+01  0.00000000E+00  0.00000000E+00  0.00000000E+00  0.10000000E+04  0.00000000E+00  0.12500000E+03  0.00000000E+00  0.69999999E+00  0.10000000E+04
  0.60000000E+01  0.00000000E+00  0.00000000E+00  0.00000000E+00  0.10000000E+04  0.00000000E+00  0.12500000E+03  0.00000000E+00  0.69999999E+00  0.10000000E+04
  0.65000000E+01  0.00000000E+00  0.00000000E+00  0.00000000E+00  0.10000000E+04  0.00000000E+00  0.12500000E+03  0.00000000E+00  0.69999999E+00  0.10000000E+04
  0.70000000E+01  0.00000000E+00  0.00000000E+00  0.00000000E+00  0.10000000E+04  0.00000000E+00  0.12500000E+03  0.00000000E+00  0.69999999E+00  0.10000000E+04
  0.75000000E+01  0.00000000E+00  0.00000000E+00  0.00000000E+00  0.10000000E+04  0.00000000E+00  0.12500000E+03  0.00000000E+00  0.69999999E+00  0.10000000E+04
  0.25000000E+00 -0.25000000E+00  0.00000000E+00  0.00000000E+00  0.10063619E+04  0.12722943E+05  0.12500000E+03  0.31481041E-02  0.69999999E+00  0.99999640E+03
  0.75000000E+00 -0.25000000E+00  0.00000000E+00  0.00000000E+00  0.10277649E+04  0.59228129E+05  0.12500000E+03  0.82687046E-02  0.69999999E+00  0.99999030E+03
  0.12500000E+01 -0.25000000E+00  0.00000000E+00  0.00000000E+00  0.10120571E+04  0.24529283E+05  0.12500000E+03  0.67038853E-02  0.69999999E+00  0.99999225E+03
  0.17500000E+01 -0.25000000E+00  0.00000000E+00  0.00000000E+00  0.10148784E+04  0.30527164E+05  0.12500000E+03  0.10165771E-01  0.69999999E+00  0.99998822E+03
  0.22500000E+01 -0.25000000E+00  0.00000000E+00  0.00000000E+00  0.10016370E+04  0.32275745E+04  0.12500000E+03  0.99435467E-02  0.69999999E+00  0.99998865E+03
  0.27500000E+01 -0.25000000E+00  0.00000000E+00  0.00000000E+00  0.10030674E+04  0.60738525E+04  0.12500000E+03  0.40807165E-02  0.69999999E+00  0.99999530E+03
  0.32500000E+01 -0.25000000E+00  0.00000000E+00  0.00000000E+00  0.10001294E+04  0.25386766E+03  0.12500000E+03  0.28358307E-02  0.69999999E+00  0.99999677E+03
  0.37500000E+01 -0.25000000E+00  0.00000000E+00  0.00000000E+00  0.10000070E+04  0.13565822E+02  0.12500000E+03 -0.15635355E-03  0.69999999E+00  0.10000002E+04
  0.42500000E+01 -0.25000000E+00  0.00000000E+00  0.00000000E+00  0.10000000E+04  0.00000000E+00  0.12500000E+03 -0.14164700E-36  0.69999999E+00  0.10000000E+04
  0.47500000E+01 -0.25000000E+00  0.00000000E+00  0.00000000E+00  0.10000000E+04  0.00000000E+00  0.12500000E+03 -0.60177361E-40  0.69999999E+00  0.10000000E+04
  0.52500000E+01 -0.25000000E+00  0.00000000E+00  0.00000000E+00  0.10000000E+04  0.00000000E+00  0.12500000E+03  0.00000000E+00  0.69999999E+00  0.10000000E+04
  0.57500000E+01 -0.25000000E+00  0.00000000E+00  0.00000000E+00  0.10000000E+04  0.00000000E+00  0.12500000E+03  0.00000000E+00  0.69999999E+00  0.10000000E+04
  0.62500000E+01 -0.25000000E+00  0.00000000E+00  0.00000000E+00  0.10000000E+04  0.00000000E+00  0.12500000E+03  0.00000000E+00  0.69999999E+00  0.10000000E+04
  0.67500000E+01 -0.25000000E+00  0.00000000E+00  0.00000000E+00  0.10000000E+04  0.00000000E+00  0.12500000E+03  0.00000000E+00  0.69999999E+00  0.10000000E+04
  0.72500000E+01 -0.25000000E+00  0.00000000E+00  0.00000000E+00  0.10000000E+04  0.00000000E+00  0.12500000E+03  0.00000000E+00  0.69999999E+00  0.10000000E+04
  0.77500000E+01 -0.25000000E+00  0.00000000E+00  0.00000000E+00  0.10000000E+04  0.00000000E+00  0.12500000E+03  0.00000000E+00  0.69999999E+00  0.10000000E+04
  0.40000000E+01  0.50000000E+00  0.00000000E+00  0.00000000E+00  0.10015280E+04  0.30115264E+04  0.12500000E+03 -0.25502685E-03  0.69999999E+00  0.10000003E+04
  0.37500000E+01  0.25000000E+00  0.00000000E+00  0.00000000E+00  0.10050599E+04  0.10079614E+05  0.12500000E+03 -0.13604939E-02  0.69999999E+00  0.10000016E+04
  0.40000000E+01  0.10000000E+01  0.00000000E+00  0.00000000E+00  0.10043773E+04  0.87020000E+04  0.12500000E+03 -0.11878078E-03  0.69999999E+00  0.10000001E+04
  0.37500000E+01  0.75000000E+00  0.00000000E+00  0.00000000E+00  0.10475142E+04  0.10761484E+06  0.12500000E+03  0.87532785E-03  0.69999999E+00  0.99999896E+03
  0.40000000E+01  0.15000000E+01  0.00000000E+00  0.00000000E+00  0.10010131E+04  0.19936364E+04  0.12500000E+03  0.31403115E-03  0.69999999E+00  0.99999963E+03
  0.37500000E+01  0.12500000E+01  0.00000000E+00  0.00000000E+00  0.10459918E+04  0.10368567E+06  0.12500000E+03  0.74522354E-03  0.69999999E+00  0.99999908E+03
  0.40000000E+01  0.20000000E+01  0.00000000E+00  0.00000000E+00  0.10010637E+04  0.20936599E+04  0.12500000E+03  0.28319407E-03  0.69999999E+00  0.99999969E+03
  0.37500000E+01  0.17500000E+01  0.00000000E+00  0.00000000E+00  0.10263628E+04  0.55999070E+05  0.12500000E+03  0.15440006E-02  0.69999999E+00  0.99999817E+03
  0.45000000E+01  0.50000000E+00  0.00000000E+00  0.00000000E+00  0.10000000E+04  0.00000000E+00  0.12500000E+03  0.17771267E-39  0.69999999E+00  0.10000000E+04
  0.42500000E+01  0.25000000E+00  0.00000000E+00  0.00000000E+00  0.10000018E+04  0.35083482E+01  0.12500000E+03 -0.74084828E-05  0.69999999E+00  0.10000000E+04
  0.45000000E+01  0.10000000E+01  0.00000000E+00  0.00000000E+00  0.10000000E+04  0.00000000E+00  0.12500000E+03  0.00000000E+00  0.69999999E+00  0.10000000E+04
  0.42500000E+01  0.75000000E+00  0.00000000E+00  0.00000000E+00  0.10000944E+04  0.18529227E+03  0.12500000E+03 -0.10442676E-04  0.69999999E+00  0.10000000E+04
  0.45000000E+01  0.15000000E+01  0.00000000E+00  0.00000000E+00  0.10000000E+04  0.00000000E+00  0.12500000E+03 -0.18497140E-42  0.69999999E+00  0.10000000E+04
  0.42500000E+01  0.12500000E+01  0.00000000E+00  0.00000000E+00  0.10000066E+04  0.12864128E+02  0.12500000E+03  0.34267537E-05  0.69999999E+00  0.10000000E+04
  0.45000000E+01  0.20000000E+01  0.00000000E+00  0.00000000E+00  0.10000000E+04  0.00000000E+00  0.12500000E+03  0.18497140E-42  0.69999999E+00  0.10000000E+04
  0.42500000E+01  0.17500000E+01  0.00000000E+00  0.00000000E+00  0.10000031E+04  0.60811610E+01  0.12500000E+03 -0.35628464E-05  0.69999999E+00  0.10000000E+04
  0.50000000E+01  0.50000000E+00  0.00000000E+00  0.00000000E+00  0.10000000E+04  0.00000000E+00  0.12500000E+03  0.00000000E+00  0.69999999E+00  0.10000000E+04
  0.47500000E+01  0.25000000E+00  0.00000000E+00  0.00000000E+00  0.10000000E+04  0.00000000E+00  0.12500000E+03  0.59473909E-40  0.69999999E+00  0.10000000E+04
  0.50000000E+01  0.10000000E+01  0.00000000E+00  0.00000000E+00  0.10000000E+04  0.00000000E+00  0.12500000E+03  0.00000000E+00  0.69999999E+00  0.10000000E+04
  0.47500000E+01  0.75000000E+00  0.00000000E+00  0.00000000E+00  0.10000000E+04  0.00000000E+00  0.12500000E+03  0.00000000E+00  0.69999999E+00  0.10000000E+04
  0.50000000E+01  0.15000000E+01  0.00000000E+00  0.00000000E+00  0.10000000E+04  0.00000000E+00  0.12500000E+03 -0.50446745E-43  0.69999999E+00  0.10000000E+04
  0.47500000E+01  0.12500000E+01  0.00000000E+00  0.00000000E+00  0.10000000E+04  0.00000000E+00  0.12500000E+03 -0.19618179E-43  0.69999999E+00  0.10000000E+04
  0.50000000E+01  0.20000000E+01  0.00000000E+00  0.00000000E+00  0.10000000E+04  0.00000000E+00  0.12500000E+03  0.16815582E-43  0.69999999E+00  0.10000000E+04
  0.47500000E+01  0.17500000E+01  0.00000000E+00  0.00000000E+00  0.10000000E+04  0.00000000E+00  0.12500000E+03 -0.00000000E+00  0.69999999E+00  0.10000000E+04
  0.25140784E+01  0.89012265E+00 -0.46183467E+00  0.44878393E+00  0.10075153E+04  0.15081677E+05  0.12576698E+03  0.12576674E+03  0.10000000E+01  0.00000000E+00
  0.12744230E+01  0.82979953E+00 -0.78282177E+00 -0.83527878E-01  0.10019780E+04  0.39040200E+04  0.12561582E+03  0.12561256E+03  0.10000000E+01  0.00000000E+00
  0.17076001E+01  0.10262350E+01 -0.21306653E+00  0.10173875E+00  0.10106959E+04  0.21670934E+05  0.12546356E+03  0.12546333E+03  0.10000000E+01  0.00000000E+00
  0.19186795E+01  0.18851898E+01 -0.13047826E+01 -0.72945833E+00  0.10109615E+04  0.22226824E+05  0.12531018E+03  0.12531027E+03  0.10000000E+01  0.00000000E+00
  0.26090894E+01  0.16182345E+01  0.94979841E+00 -0.82455885E+00  0.10085519E+04  0.17215357E+05  0.12515567E+03  0.12515567E+03  0.10000000E+01  0.00000000E+00
  0.28439770E+01  0.14638433E+01  0.42383665E+00  0.30385321E+00  0.10083494E+04  0.16797646E+05  0.12500000E+03  0.12500000E+03  0.10000000E+01  0.00000000E+00
  0.26750150E+01  0.87812281E+00  0.19384790E-02 -0.57423048E-01  0.10034749E+04  0.68891030E+04  0.12576698E+03  0.12575461E+03  0.10000000E+01  0.00000000E+00
  0.11093754E+01  0.88452804E+00 -0.81631869E+00 -0.10094899E+00  0.99939630E+03 -0.11822692E+04  0.12561582E+03  0.12560624E+03  0.10000000E+01  0.00000000E+00
  0.91966927E+00  0.10557191E+01 -0.48818862E+00 -0.22908416E+00  0.99934521E+03 -0.12821127E+04  0.12546356E+03  0.12546037E+03  0.10000000E+01  0.00000000E+00
  0.24878032E+01  0.13685127E+01  0.23958828E+00 -0.57336487E-01  0.10039266E+04  0.77951675E+04  0.12531018E+03  0.12531038E+03  0.10000000E+01  0.00000000E+00
  0.12925619E+01  0.81763029E+00  0.24097884E+00  0.44726676E+00  0.10022545E+04  0.44533311E+04  0.12515567E+03  0.12515535E+03  0.10000000E+01  0.00000000E+00
  0.68441415E+00  0.77083385E+00 -0.11539951E-01 -0.13852182E+00  0.10156473E+04  0.32179279E+05  0.12500000E+03  0.12500000E+03  0.10000000E+01  0.00000000E+00
  0.19898803E+01  0.11196355E+01  0.13178672E+00  0.82245290E-01  0.10119634E+04  0.24331543E+05  0.12576698E+03  0.12575644E+03  0.10000000E+01  0.00000000E+00
  0.27378962E+01  0.89832687E+00 -0.15423194E+00 -0.60015327E+00  0.10010844E+04  0.21343840E+04  0.12561582E+03  0.12561089E+03  0.10000000E+01  0.00000000E+00
  0.29043894E+01  0.11500102E+01  0.15625125E+00  0.42421299E+00  0.10056276E+04  0.11229342E+05  0.12546356E+03  0.12546005E+03  0.10000000E+01  0.00000000E+00
  0.21939609E+01  0.15267752E+01 -0.11693624E+00 -0.69900090E+00  0.99839880E+03 -0.31265413E+04  0.12531018E+03  0.12531018E+03  0.10000000E+01  0.00000000E+00
  0.29500117E+01  0.82748640E+00 -0.16446170E+00 -0.31789851E+00  0.10036249E+04  0.71898965E+04  0.12515567E+03  0.12515553E+03  0.10000000E+01  0.00000000E+00
  0.17439852E+01  0.15254397E+01 -0.18971440E+01  0.11959759E+01  0.10043414E+04  0.86294980E+04  0.12500000E+03  0.12499989E+03  0.10000000E+01  0.00000000E+00
  0.80994475E+00  0.11426519E+01  0.13832821E+00  0.68753350E+00  0.10012090E+04  0.23807195E+04  0.12576698E+03  0.12576566E+03  0.10000000E+01  0.00000000E+00
  0.27118831E+01  0.89008784E+00  0.13736832E+01  0.29024866E+00  0.10011899E+04  0.23427917E+04  0.12561582E+03  0.12561245E+03  0.10000000E+01  0.00000000E+00
  0.19358933E+01  0.15844526E+01 -0.20664432E+01 -0.13403842E+01  0.10085784E+04  0.17270252E+05  0.12546356E+03  0.12546202E+03  0.10000000E+01  0.00000000E+00
  0.22035801E+01  0.95675099E+00  0.53453833E+00 -0.18293297E+00  0.10132547E+04  0.27062844E+05  0.12531018E+03  0.12530890E+03  0.10000000E+01  0.00000000E+00
  0.10753137E+01  0.14732294E+01  0.79340440E+00  0.88723803E+00  0.99326819E+03 -0.12944043E+05  0.12515567E+03  0.12515567E+03  0.10000000E+01  0.00000000E+00
  0.17082047E+01  0.97279251E+00 -0.45184237E+00  0.18180311E+00  0.10107942E+04  0.21876420E+05  0.12500000E+03  0.12500012E+03  0.10000000E+01  0.00000000E+00
  0.89294243E+00  0.12805750E+01 -0.18346772E+00  0.32787994E+00  0.99666644E+03 -0.64754146E+04  0.12561582E+03  0.12561399E+03  0.10000000E+01  0.00000000E+00
  0.18711698E+01  0.19800277E+01 -0.20257952E+01 -0.86036134E+00  0.10119363E+04  0.24274529E+05  0.12531018E+03  0.12531004E+03  0.10000000E+01  0.00000000E+00
  0.25604417E+01  0.19318867E+01 -0.71506059E+00 -0.61900485E+00  0.10113004E+04  0.22937182E+05  0.12500000E+03  0.12500000E+03  0.10000000E+01  0.00000000E+00
