  0.00000000E+00  0.00000000E+00  0.00000000E+00  0.00000000E+00  0.10010143E+04  0.19959895E+04  0.12500000E+03  0.23605421E-02  0.69999999E+00  0.99999731E+03
  0.00000000E+00  0.50000000E+00  0.00000000E+00  0.00000000E+00  0.10088649E+04  0.17862348E+05  0.12500000E+03  0.28738356E-02  0.69999999E+00  0.99999670E+03
  0.00000000E+00  0.10000000E+01  0.00000000E+00  0.00000000E+00  0.10092581E+04  0.18676611E+05  0.12500000E+03  0.34019605E-02  0.69999999E+00  0.99999609E+03
  0.00000000E+00  0.15000000E+01  0.00000000E+00  0.00000000E+00  0.10161324E+04  0.33225645E+05  0.12500000E+03  0.10977068E-02  0.69999999E+00  0.99999872E+03
  0.00000000E+00  0.20000000E+01  0.00000000E+00  0.00000000E+00  0.10195667E+04  0.40718199E+05  0.12500000E+03 -0.14574318E-02  0.69999999E+00  0.10000017E+04
  0.00000000E+00  0.25000000E+01  0.00000000E+00  0.00000000E+00  0.10030737E+04  0.60864785E+04  0.12500000E+03  0.33782155E-03  0.69999999E+00  0.99999963E+03
  0.00000000E+00  0.30000000E+01  0.00000000E+00  0.00000000E+00  0.10000000E+04  0.00000000E+00  0.12500000E+03  0.60528782E-05  0.69999999E+00  0.10000000E+04
  0.00000000E+00  0.35000000E+01  0.00000000E+00  0.00000000E+00  0.10000000E+04  0.00000000E+00  0.12500000E+03  0.00000000E+00  0.69999999E+00  0.10000000E+04
  0.00000000E+00  0.40000000E+01  0.00000000E+00  0.00000000E+00  0.10000000E+04  0.00000000E+00  0.12500000E+03  0.00000000E+00  0.69999999E+00  0.10000000E+04
 -0.25000000E+00 -0.25000000E+00  0.00000000E+00  0.00000000E+00  0.10006414E+04  0.12607445E+04  0.12500000E+03  0.52005530E-03  0.69999999E+00  0.99999939E+03
 -0.25000000E+00  0.25000000E+00  0.00000000E+00  0.00000000E+00  0.10007323E+04  0.14399382E+04  0.12500000E+03  0.10359171E-02  0.69999999E+00  0.99999884E+03
 -0.25000000E+00  0.75000000E+00  0.00000000E+00  0.00000000E+00  0.10049868E+04  0.99316240E+04  0.12500000E+03  0.37424715E-03  0.69999999E+00  0.99999957E+03
 -0.25000000E+00  0.12500000E+01  0.00000000E+00  0.00000000E+00  0.10008398E+04  0.16519027E+04  0.12500000E+03  0.10581561E-02  0.69999999E+00  0.99999878E+03
 -0.25000000E+00  0.17500000E+01  0.00000000E+00  0.00000000E+00  0.10011801E+04  0.23234761E+04  0.12500000E+03 -0.36149600E-03  0.69999999E+00  0.10000004E+04
 -0.25000000E+00  0.22500000E+01  0.00000000E+00  0.00000000E+00  0.10012462E+04  0.24542319E+04  0.12500000E+03 -0.15003496E-03  0.69999999E+00  0.10000002E+04
 -0.25000000E+00  0.27500000E+01  0.00000000E+00  0.00000000E+00  0.10000000E+04  0.00000000E+00  0.12500000E+03  0.19562127E-41  0.69999999E+00  0.10000000E+04
 -0.25000000E+00  0.32500000E+01  0.00000000E+00  0.00000000E+00  0.10000000E+04  0.00000000E+00  0.12500000E+03  0.58854536E-42  0.69999999E+00  0.10000000E+04
 -0.25000000E+00  0.37500000E+01  0.00000000E+00  0.00000000E+00  0.10000000E+04  0.00000000E+00  0.12500000E+03  0.00000000E+00  0.69999999E+00  0.10000000E+04
  0.80000000E+01  0.00000000E+00  0.00000000E+00  0.00000000E+00  0.10000000E+04  0.00000000E+00  0.12500000E+03  0.00000000E+00  0.69999999E+00  0.10000000E+04
  0.80000000E+01  0.50000000E+00  0.00000000E+00  0.00000000E+00  0.10000000E+04  0.00000000E+00  0.12500000E+03  0.00000000E+00  0.69999999E+00  0.10000000E+04
  0.80000000E+01  0.10000000E+01  0.00000000E+00  0.00000000E+00  0.10000000E+04  0.00000000E+00  0.12500000E+03  0.00000000E+00  0.69999999E+00  0.10000000E+04
  0.80000000E+01  0.15000000E+01  0.00000000E+00  0.00000000E+00  0.10000000E+04  0.00000000E+00  0.12500000E+03  0.00000000E+00  0.69999999E+00  0.10000000E+04
  0.80000000E+01  0.20000000E+01  0.00000000E+00  0.00000000E+00  0.10000000E+04  0.00000000E+00  0.12500000E+03  0.00000000E+00  0.69999999E+00  0.10000000E+04
  0.80000000E+01  0.25000000E+01  0.00000000E+00  0.00000000E+00  0.10000000E+04  0.00000000E+00  0.12500000E+03  0.00000000E+00  0.69999999E+00  0.10000000E+04
  0.80000000E+01  0.30000000E+01  0.00000000E+00  0.00000000E+00  0.10000000E+04  0.00000000E+00  0.12500000E+03  0.00000000E+00  0.69999999E+00  0.10000000E+04
  0.80000000E+01  0.35000000E+01  0.00000000E+00  0.00000000E+00  0.10000000E+04  0.00000000E+00  0.12500000E+03  0.00000000E+00  0.69999999E+00  0.10000000E+04
  0.80000000E+01  0.40000000E+01  0.00000000E+00  0.00000000E+00  0.10000000E+04  0.00000000E+00  0.12500000E+03  0.00000000E+00  0.69999999E+00  0.10000000E+04
  0.82500000E+01 -0.25000000E+00  0.00000000E+00  0.00000000E+00  0.10000000E+04  0.00000000E+00  0.12500000E+03  0.00000000E+00  0.69999999E+00  0.10000000E+04
  0.82500000E+01  0.25000000E+00  0.00000000E+00  0.00000000E+00  0.10000000E+04  0.00000000E+00  0.12500000E+03  0.00000000E+00  0.69999999E+00  0.10000000E+04
  0.82500000E+01  0.75000000E+00  0.00000000E+00  0.00000000E+00  0.10000000E+04  0.00000000E+00  0.12500000E+03  0.00000000E+00  0.69999999E+00  0.10000000E+04
  0.82500000E+01  0.12500000E+01  0.00000000E+00  0.00000000E+00  0.10000000E+04  0.00000000E+00  0.12500000E+03  0.00000000E+00  0.69999999E+00  0.10000000E+04
  0.82500000E+01  0.17500000E+01  0.00000000E+00  0.00000000E+00  0.10000000E+04  0.00000000E+00  0.12500000E+03  0.00000000E+00  0.69999999E+00  0.10000000E+04
  0.82500000E+01  0.22500000E+01  0.00000000E+00  0.00000000E+00  0.10000000E+04  0.00000000E+00  0.12500000E+03  0.00000000E+00  0.69999999E+00  0.10000000E+04
  0.82500000E+01  0.27500000E+01  0.00000000E+00  0.00000000E+00  0.10000000E+04  0.00000000E+00  0.12500000E+03  0.00000000E+00  0.69999999E+00  0.10000000E+04
  0.82500000E+01  0.32500000E+01  0.00000000E+00  0.00000000E+00  0.10000000E+04  0.00000000E+00  0.12500000E+03  0.00000000E+00  0.69999999E+00  0.10000000E+04
  0.82500000E+01  0.37500000E+01  0.00000000E+00  0.00000000E+00  0.10000000E+04  0.00000000E+00  0.12500000E+03  0.00000000E+00  0.69999999E+00  0.10000000E+04
  0.50000000E+00  0.00000000E+00  0.00000000E+00  0.00000000E+00  0.10341608E+04  0.74296766E+05  0.12500000E+03  0.11811925E-01  0.69999999E+00  0.99998602E+03
  0.10000000E+01  0.00000000E+00  0.00000000E+00  0.00000000E+00  0.10468213E+04  0.10582214E+06  0.12500000E+03  0.67701875E-02  0.69999999E+00  0.99999188E+03
  0.15000000E+01  0.00000000E+00  0.00000000E+00  0.00000000E+00  0.10385347E+04  0.84928672E+05  0.12500000E+03  0.20928733E-01  0.69999999E+00  0.99997516E+03
  0.20000000E+01  0.00000000E+00  0.00000000E+00  0.00000000E+00  0.11497366E+04  0.46408497E+06  0.12500000E+03  0.24057059E-01  0.69999999E+00  0.99996838E+03
  0.25000000E+01  0.00000000E+00  0.00000000E+00  0.00000000E+00  0.10430392E+04  0.96162625E+05  0.12500000E+03  0.66315890E-02  0.69999999E+00  0.99999213E+03
  0.30000000E+01  0.00000000E+00  0.00000000E+00  0.00000000E+00  0.10426777E+04  0.95250422E+05  0.12500000E+03  0.83554145E-02  0.69999999E+00  0.99999005E+03
  0.35000000E+01  0.00000000E+00  0.00000000E+00  0.00000000E+00  0.10047306E+04  0.94141650E+04  0.12500000E+03  0.33691789E-02  0.69999999E+00  0.99999615E+03
  0.40000000E+01  0.00000000E+00  0.00000000E+00  0.00000000E+00  0.10000137E+04  0.26898298E+02  0.12500000E+03 -0.68247195E-04  0.69999999E+00  0.10000001E+04
  0.45000000E+01  0.00000000E+00  0.00000000E+00  0.00000000E+00  0.10000000E+04  0.00000000E+00  0.12500000E+03  0.58476185E-40  0.69999999E+00  0.10000000E+04
  0.50000000E+01  0.00000000E+00  0.00000000E+00  0.00000000E+00  0.10000000E+04  0.00000000E+00  0.12500000E+03  0.00000000E+00  0.69999999E+00  0.10000000E+04
  0.55000000E+01  0.00000000E+00  0.00000000E+00  0.00000000E+00  0.10000000E+04  0.00000000E+00  0.12500000E+03  0.00000000E+00  0.69999999E+00  0.10000000E+04
  0.60000000E+01  0.00000000E+00  0.00000000E+00  0.00000000E+00  0.10000000E+04  0.00000000E+00  0.12500000E+03  0.00000000E+00  0.69999999E+00  0.10000000E+04
  0.65000000E+01  0.00000000E+00  0.00000000E+00  0.00000000E+00  0.10000000E+04  0.00000000E+00  0.12500000E+03  0.00000000E+00  0.69999999E+00  0.10000000E+04
  0.70000000E+01  0.00000000E+00  0.00000000E+00  0.00000000E+00  0.10000000E+04  0.00000000E+00  0.12500000E+03  0.00000000E+00  0.69999999E+00  0.10000000E+04
  0.75000000E+01  0.00000000E+00  0.00000000E+00  0.00000000E+00  0.10000000E+04  0.00000000E+00  0.12500000E+03  0.00000000E+00  0.69999999E+00  0.10000000E+04
  0.25000000E+00 -0.25000000E+00  0.00000000E+00  0.00000000E+00  0.10055938E+04  0.11160892E+05  0.12500000E+03  0.32067723E-02  0.69999999E+00  0.99999634E+03
  0.75000000E+00 -0.25000000E+00  0.00000000E+00  0.00000000E+00  0.10252034E+04  0.53348879E+05  0.12500000E+03  0.85015986E-02  0.69999999E+00  0.99999005E+03
  0.12500000E+01 -0.25000000E+00  0.00000000E+00  0.00000000E+00  0.10095146E+04  0.19209207E+05  0.12500000E+03  0.69047660E-02  0.69999999E+00  0.99999200E+03
  0.17500000E+01 -0.25000000E+00  0.00000000E+00  0.00000000E+00  0.10155220E+04  0.31909562E+05  0.12500000E+03  0.10438194E-01  0.69999999E+00  0.99998792E+03
  0.22500000E+01 -0.25000000E+00  0.00000000E+00  0.00000000E+00  0.10017136E+04  0.33794829E+04  0.12500000E+03  0.10248216E-01  0.69999999E+00  0.99998828E+03
  0.27500000E+01 -0.25000000E+00  0.00000000E+00  0.00000000E+00  0.10057253E+04  0.11427998E+05  0.12500000E+03  0.43820161E-02  0.69999999E+00  0.99999500E+03
  0.32500000E+01 -0.25000000E+00  0.00000000E+00  0.00000000E+00  0.10012345E+04  0.24311399E+04  0.12500000E+03  0.30474723E-02  0.69999999E+00  0.99999652E+03
  0.37500000E+01 -0.25000000E+00  0.00000000E+00  0.00000000E+00  0.10000070E+04  0.13565822E+02  0.12500000E+03 -0.15635355E-03  0.69999999E+00  0.10000002E+04
  0.42500000E+01 -0.25000000E+00  0.00000000E+00  0.00000000E+00  0.10000000E+04  0.00000000E+00  0.12500000E+03 -0.25532514E-36  0.69999999E+00  0.10000000E+04
  0.47500000E+01 -0.25000000E+00  0.00000000E+00  0.00000000E+00  0.10000000E+04  0.00000000E+00  0.12500000E+03 -0.12047523E-39  0.69999999E+00  0.10000000E+04
  0.52500000E+01 -0.25000000E+00  0.00000000E+00  0.00000000E+00  0.10000000E+04  0.00000000E+00  0.12500000E+03  0.00000000E+00  0.69999999E+00  0.10000000E+04
  0.57500000E+01 -0.25000000E+00  0.00000000E+00  0.00000000E+00  0.10000000E+04  0.00000000E+00  0.12500000E+03  0.00000000E+00  0.69999999E+00  0.10000000E+04
  0.62500000E+01 -0.25000000E+00  0.00000000E+00  0.00000000E+00  0.10000000E+04  0.00000000E+00  0.12500000E+03  0.00000000E+00  0.69999999E+00  0.10000000E+04
  0.67500000E+01 -0.25000000E+00  0.00000000E+00  0.00000000E+00  0.10000000E+04  0.00000000E+00  0.12500000E+03  0.00000000E+00  0.69999999E+00  0.10000000E+04
  0.72500000E+01 -0.25000000E+00  0.00000000E+00  0.00000000E+00  0.10000000E+04  0.00000000E+00  0.12500000E+03  0.00000000E+00  0.69999999E+00  0.10000000E+04
  0.77500000E+01 -0.25000000E+00  0.00000000E+00  0.00000000E+00  0.10000000E+04  0.00000000E+00  0.12500000E+03  0.00000000E+00  0.69999999E+00  0.10000000E+04
  0.40000000E+01  0.50000000E+00  0.00000000E+00  0.00000000E+00  0.10002238E+04  0.43930377E+03  0.12500000E+03 -0.25821693E-03  0.69999999E+00  0.10000003E+04
  0.37500000E+01  0.25000000E+00  0.00000000E+00  0.00000000E+00  0.10021572E+04  0.42599380E+04  0.12500000E+03 -0.14594791E-02  0.69999999E+00  0.10000016E+04
  0.40000000E+01  0.10000000E+01  0.00000000E+00  0.00000000E+00  0.10015867E+04  0.31279150E+04  0.12500000E+03 -0.12845194E-03  0.69999999E+00  0.10000001E+04
  0.37500000E+01  0.75000000E+00  0.00000000E+00  0.00000000E+00  0.10331440E+04  0.71863695E+05  0.12500000E+03  0.91596413E-03  0.69999999E+00  0.99999890E+03
  0.40000000E+01  0.15000000E+01  0.00000000E+00  0.00000000E+00  0.10008989E+04  0.17685179E+04  0.12500000E+03  0.35115820E-03  0.69999999E+00  0.99999957E+03
  0.37500000E+01  0.12500000E+01  0.00000000E+00  0.00000000E+00  0.10407001E+04  0.90292664E+05  0.12500000E+03  0.82476722E-03  0.69999999E+00  0.99999902E+03
  0.40000000E+01  0.20000000E+01  0.00000000E+00  0.00000000E+00  0.10010591E+04  0.20844800E+04  0.12500000E+03  0.30372670E-03  0.69999999E+00  0.99999963E+03
  0.37500000E+01  0.17500000E+01  0.00000000E+00  0.00000000E+00  0.10318142E+04  0.68703109E+05  0.12500000E+03  0.16805928E-02  0.69999999E+00  0.99999805E+03
  0.45000000E+01  0.50000000E+00  0.00000000E+00  0.00000000E+00  0.10000000E+04  0.00000000E+00  0.12500000E+03  0.35511986E-39  0.69999999E+00  0.10000000E+04
  0.42500000E+01  0.25000000E+00  0.00000000E+00  0.00000000E+00  0.10000018E+04  0.35083482E+01  0.12500000E+03 -0.74084828E-05  0.69999999E+00  0.10000000E+04
  0.45000000E+01  0.10000000E+01  0.00000000E+00  0.00000000E+00  0.10000000E+04  0.00000000E+00  0.12500000E+03  0.00000000E+00  0.69999999E+00  0.10000000E+04
  0.42500000E+01  0.75000000E+00  0.00000000E+00  0.00000000E+00  0.10000944E+04  0.18529227E+03  0.12500000E+03 -0.10442676E-04  0.69999999E+00  0.10000000E+04
  0.45000000E+01  0.15000000E+01  0.00000000E+00  0.00000000E+00  0.10000000E+04  0.00000000E+00  0.12500000E+03 -0.52688822E-42  0.69999999E+00  0.10000000E+04
  0.42500000E+01  0.12500000E+01  0.00000000E+00  0.00000000E+00  0.10000066E+04  0.12864128E+02  0.12500000E+03  0.34267537E-05  0.69999999E+00  0.10000000E+04
  0.45000000E+01  0.20000000E+01  0.00000000E+00  0.00000000E+00  0.10000000E+04  0.00000000E+00  0.12500000E+03  0.49886225E-42  0.69999999E+00  0.10000000E+04
  0.42500000E+01  0.17500000E+01  0.00000000E+00  0.00000000E+00  0.10000031E+04  0.60811610E+01  0.12500000E+03 -0.35628464E-05  0.69999999E+00  0.10000000E+04
  0.50000000E+01  0.50000000E+00  0.00000000E+00  0.00000000E+00  0.10000000E+04  0.00000000E+00  0.12500000E+03  0.00000000E+00  0.69999999E+00  0.10000000E+04
  0.47500000E+01  0.25000000E+00  0.00000000E+00  0.00000000E+00  0.10000000E+04  0.00000000E+00  0.12500000E+03  0.11904591E-39  0.69999999E+00  0.10000000E+04
  0.50000000E+01  0.10000000E+01  0.00000000E+00  0.00000000E+00  0.10000000E+04  0.00000000E+00  0.12500000E+03  0.00000000E+00  0.69999999E+00  0.10000000E+04
  0.47500000E+01  0.75000000E+00  0.00000000E+00  0.00000000E+00  0.10000000E+04  0.00000000E+00  0.12500000E+03  0.00000000E+00  0.69999999E+00  0.10000000E+04
  0.50000000E+01  0.15000000E+01  0.00000000E+00  0.00000000E+00  0.10000000E+04  0.00000000E+00  0.12500000E+03 -0.36433760E-42  0.69999999E+00  0.10000000E+04
  0.47500000E+01  0.12500000E+01  0.00000000E+00  0.00000000E+00  0.10000000E+04  0.00000000E+00  0.12500000E+03 -0.33350903E-42  0.69999999E+00  0.10000000E+04
  0.50000000E+01  0.20000000E+01  0.00000000E+00  0.00000000E+00  0.10000000E+04  0.00000000E+00  0.12500000E+03  0.33070644E-42  0.69999999E+00  0.10000000E+04
  0.47500000E+01  0.17500000E+01  0.00000000E+00  0.00000000E+00  0.10000000E+04  0.00000000E+00  0.12500000E+03 -0.00000000E+00  0.69999999E+00  0.10000000E+04
  0.24831917E+01  0.92782009E+00  0.63028246E-01  0.30170572E+00  0.10026615E+04  0.52636758E+04  0.12576698E+03  0.12576674E+03  0.10000000E+01  0.00000000E+00
  0.11478902E+01  0.88408816E+00 -0.11197698E+01 -0.12624963E+00  0.10045188E+04  0.89868779E+04  0.12561582E+03  0.12561256E+03  0.10000000E+01  0.00000000E+00
  0.16308393E+01  0.91271579E+00 -0.39579499E+00 -0.78274637E+00  0.99755945E+03 -0.47534849E+04  0.12546356E+03  0.12546333E+03  0.10000000E+01  0.00000000E+00
  0.16062279E+01  0.16646395E+01 -0.90090191E+00 -0.10828491E+01  0.99361957E+03 -0.12281334E+05  0.12531018E+03  0.12531027E+03  0.10000000E+01  0.00000000E+00
  0.27674088E+01  0.15591251E+01  0.88898003E+00 -0.19151959E+00  0.99941815E+03 -0.11396195E+04  0.12515567E+03  0.12515567E+03  0.10000000E+01  0.00000000E+00
  0.27964282E+01  0.15775118E+01 -0.99866956E+00  0.59156042E+00  0.99995087E+03 -0.96347916E+02  0.12500000E+03  0.12500000E+03  0.10000000E+01  0.00000000E+00
  0.27566600E+01  0.92078567E+00  0.62877935E+00  0.58898735E+00  0.99620081E+03 -0.73696084E+04  0.12576698E+03  0.12575461E+03  0.10000000E+01  0.00000000E+00
  0.97076046E+00  0.10214586E+01 -0.90005535E+00  0.59595829E+00  0.99861926E+03 -0.26978196E+04  0.12561582E+03  0.12560624E+03  0.10000000E+01  0.00000000E+00
  0.92031944E+00  0.10859244E+01 -0.14245073E+00 -0.94869524E+00  0.10047646E+04  0.94827451E+04  0.12546356E+03  0.12546037E+03  0.10000000E+01  0.00000000E+00
  0.24971235E+01  0.13299433E+01  0.13694395E+00 -0.37922442E-01  0.10011680E+04  0.22996865E+04  0.12531018E+03  0.12531038E+03  0.10000000E+01  0.00000000E+00
  0.13536505E+01  0.87592018E+00  0.30504316E+00 -0.51167500E+00  0.10039996E+04  0.79419844E+04  0.12515567E+03  0.12515535E+03  0.10000000E+01  0.00000000E+00
  0.73014081E+00  0.87311602E+00 -0.52467299E+00  0.69191501E-01  0.10167144E+04  0.34484730E+05  0.12500000E+03  0.12500000E+03  0.10000000E+01  0.00000000E+00
  0.20174434E+01  0.10362431E+01  0.53819418E+00 -0.66646194E+00  0.98713812E+03 -0.24281848E+05  0.12576698E+03  0.12575644E+03  0.10000000E+01  0.00000000E+00
  0.27394507E+01  0.90296137E+00  0.11959150E-01  0.24767274E+00  0.99932556E+03 -0.13205507E+04  0.12561582E+03  0.12561059E+03  0.10000000E+01  0.00000000E+00
  0.29169517E+01  0.12284151E+01  0.49301054E-01  0.36195284E+00  0.10129105E+04  0.26332840E+05  0.12546356E+03  0.12546005E+03  0.10000000E+01  0.00000000E+00
  0.21565931E+01  0.12399224E+01 -0.41799977E+00 -0.11047132E+01  0.99987860E+03 -0.23812881E+03  0.12531018E+03  0.12531018E+03  0.10000000E+01  0.00000000E+00
  0.28738379E+01  0.77598846E+00 -0.43277645E+00  0.51439241E-01  0.10125037E+04  0.25472002E+05  0.12515567E+03  0.12515553E+03  0.10000000E+01  0.00000000E+00
  0.13859532E+01  0.16139100E+01 -0.17629025E+01  0.25198948E+00  0.99681494E+03 -0.61896421E+04  0.12500000E+03  0.12499989E+03  0.10000000E+01  0.00000000E+00
  0.91709590E+00  0.14065183E+01  0.22300205E+00  0.11320412E+01  0.10057831E+04  0.11545165E+05  0.12576698E+03  0.12576566E+03  0.10000000E+01  0.00000000E+00
  0.28263702E+01  0.99653471E+00  0.13805234E+00  0.36861706E+00  0.10013020E+04  0.25645312E+04  0.12561582E+03  0.12561245E+03  0.10000000E+01  0.00000000E+00
  0.15743964E+01  0.13209200E+01 -0.90753973E+00 -0.86636710E+00  0.10155013E+04  0.31865184E+05  0.12546356E+03  0.12546202E+03  0.10000000E+01  0.00000000E+00
  0.22174385E+01  0.90020561E+00 -0.34583443E+00  0.25115371E+00  0.10054258E+04  0.10820297E+05  0.12531018E+03  0.12530890E+03  0.10000000E+01  0.00000000E+00
  0.11025392E+01  0.18601842E+01 -0.99117190E-01  0.14083579E+01  0.99575903E+03 -0.82157012E+04  0.12515567E+03  0.12515567E+03  0.10000000E+01  0.00000000E+00
  0.15884721E+01  0.85669780E+00 -0.76454109E+00 -0.94381618E+00  0.10063922E+04  0.12784661E+05  0.12500000E+03  0.12500012E+03  0.10000000E+01  0.00000000E+00
  0.92557573E+00  0.14999545E+01 -0.12170452E+00  0.98521399E+00  0.10044459E+04  0.88400859E+04  0.12561582E+03  0.12561399E+03  0.10000000E+01  0.00000000E+00
  0.12849021E+01  0.19515848E+01 -0.26164496E+01  0.75181037E+00  0.10051707E+04  0.10303651E+05  0.12531018E+03  0.12531004E+03  0.10000000E+01  0.00000000E+00
  0.24092710E+01  0.17738326E+01 -0.63232303E+00 -0.43072152E+00  0.99948059E+03 -0.10174662E+04  0.12500000E+03  0.12500000E+03  0.10000000E+01  0.00000000E+00
