  0.00000000E+00  0.00000000E+00  0.00000000E+00  0.00000000E+00  0.10022471E+04  0.44386333E+04  0.12500000E+03  0.90272614E-03  0.69999999E+00  0.99999896E+03
  0.00000000E+00  0.50000000E+00  0.00000000E+00  0.00000000E+00  0.10105033E+04  0.21268285E+05  0.12500000E+03  0.58709219E-03  0.69999999E+00  0.99999933E+03
  0.00000000E+00  0.10000000E+01  0.00000000E+00  0.00000000E+00  0.10083225E+04  0.16742088E+05  0.12500000E+03  0.11493766E-02  0.69999999E+00  0.99999866E+03
  0.00000000E+00  0.15000000E+01  0.00000000E+00  0.00000000E+00  0.10202128E+04  0.42144883E+05  0.12500000E+03  0.31025597E-03  0.69999999E+00  0.99999963E+03
  0.00000000E+00  0.20000000E+01  0.00000000E+00  0.00000000E+00  0.10059073E+04  0.11797550E+05  0.12500000E+03 -0.31668277E-03  0.69999999E+00  0.10000004E+04
  0.00000000E+00  0.25000000E+01  0.00000000E+00  0.00000000E+00  0.10002466E+04  0.48403955E+03  0.12500000E+03  0.71152863E-04  0.69999999E+00  0.99999994E+03
  0.00000000E+00  0.30000000E+01  0.00000000E+00  0.00000000E+00  0.10000000E+04  0.00000000E+00  0.12500000E+03  0.00000000E+00  0.69999999E+00  0.10000000E+04
  0.00000000E+00  0.35000000E+01  0.00000000E+00  0.00000000E+00  0.10000000E+04  0.00000000E+00  0.12500000E+03  0.00000000E+00  0.69999999E+00  0.10000000E+04
  0.00000000E+00  0.40000000E+01  0.00000000E+00  0.00000000E+00  0.10000000E+04  0.00000000E+00  0.12500000E+03  0.00000000E+00  0.69999999E+00  0.10000000E+04
 -0.25000000E+00 -0.25000000E+00  0.00000000E+00  0.00000000E+00  0.10006523E+04  0.12823458E+04  0.12500000E+03  0.27325607E-03  0.69999999E+00  0.99999969E+03
 -0.25000000E+00  0.25000000E+00  0.00000000E+00  0.00000000E+00  0.10023485E+04  0.46404326E+04  0.12500000E+03  0.38271071E-03  0.69999999E+00  0.99999957E+03
 -0.25000000E+00  0.75000000E+00  0.00000000E+00  0.00000000E+00  0.10048020E+04  0.95583193E+04  0.12500000E+03  0.23288383E-04  0.69999999E+00  0.10000000E+04
 -0.25000000E+00  0.12500000E+01  0.00000000E+00  0.00000000E+00  0.10092850E+04  0.18732727E+05  0.12500000E+03  0.35153521E-03  0.69999999E+00  0.99999957E+03
 -0.25000000E+00  0.17500000E+01  0.00000000E+00  0.00000000E+00  0.10001616E+04  0.31730682E+03  0.12500000E+03 -0.10675416E-03  0.69999999E+00  0.10000001E+04
 -0.25000000E+00  0.22500000E+01  0.00000000E+00  0.00000000E+00  0.10004730E+04  0.92938812E+03  0.12500000E+03 -0.62706749E-04  0.69999999E+00  0.10000001E+04
 -0.25000000E+00  0.27500000E+01  0.00000000E+00  0.00000000E+00  0.10000000E+04  0.00000000E+00  0.12500000E+03  0.00000000E+00  0.69999999E+00  0.10000000E+04
 -0.25000000E+00  0.32500000E+01  0.00000000E+00  0.00000000E+00  0.10000000E+04  0.00000000E+00  0.12500000E+03  0.00000000E+00  0.69999999E+00  0.10000000E+04
 -0.25000000E+00  0.37500000E+01  0.00000000E+00  0.00000000E+00  0.10000000E+04  0.00000000E+00  0.12500000E+03  0.00000000E+00  0.69999999E+00  0.10000000E+04
  0.80000000E+01  0.00000000E+00  0.00000000E+00  0.00000000E+00  0.10000000E+04  0.00000000E+00  0.12500000E+03  0.00000000E+00  0.69999999E+00  0.10000000E+04
  0.80000000E+01  0.50000000E+00  0.00000000E+00  0.00000000E+00  0.10000000E+04  0.00000000E+00  0.12500000E+03  0.00000000E+00  0.69999999E+00  0.10000000E+04
  0.80000000E+01  0.10000000E+01  0.00000000E+00  0.00000000E+00  0.10000000E+04  0.00000000E+00  0.12500000E+03  0.00000000E+00  0.69999999E+00  0.10000000E+04
  0.80000000E+01  0.15000000E+01  0.00000000E+00  0.00000000E+00  0.10000000E+04  0.00000000E+00  0.12500000E+03  0.00000000E+00  0.69999999E+00  0.10000000E+04
  0.80000000E+01  0.20000000E+01  0.00000000E+00  0.00000000E+00  0.10000000E+04  0.00000000E+00  0.12500000E+03  0.00000000E+00  0.69999999E+00  0.10000000E+04
  0.80000000E+01  0.25000000E+01  0.00000000E+00  0.00000000E+00  0.10000000E+04  0.00000000E+00  0.12500000E+03  0.00000000E+00  0.69999999E+00  0.10000000E+04
  0.80000000E+01  0.30000000E+01  0.00000000E+00  0.00000000E+00  0.10000000E+04  0.00000000E+00  0.12500000E+03  0.00000000E+00  0.69999999E+00  0.10000000E+04
  0.80000000E+01  0.35000000E+01  0.00000000E+00  0.00000000E+00  0.10000000E+04  0.00000000E+00  0.12500000E+03  0.00000000E+00  0.69999999E+00  0.10000000E+04
  0.80000000E+01  0.40000000E+01  0.00000000E+00  0.00000000E+00  0.10000000E+04  0.00000000E+00  0.12500000E+03  0.00000000E+00  0.69999999E+00  0.10000000E+04
  0.82500000E+01 -0.25000000E+00  0.00000000E+00  0.00000000E+00  0.10000000E+04  0.00000000E+00  0.12500000E+03  0.00000000E+00  0.69999999E+00  0.10000000E+04
  0.82500000E+01  0.25000000E+00  0.00000000E+00  0.00000000E+00  0.10000000E+04  0.00000000E+00  0.12500000E+03  0.00000000E+00  0.69999999E+00  0.10000000E+04
  0.82500000E+01  0.75000000E+00  0.00000000E+00  0.00000000E+00  0.10000000E+04  0.00000000E+00  0.12500000E+03  0.00000000E+00  0.69999999E+00  0.10000000E+04
  0.82500000E+01  0.12500000E+01  0.00000000E+00  0.00000000E+00  0.10000000E+04  0.00000000E+00  0.12500000E+03  0.00000000E+00  0.69999999E+00  0.10000000E+04
  0.82500000E+01  0.17500000E+01  0.00000000E+00  0.00000000E+00  0.10000000E+04  0.00000000E+00  0.12500000E+03  0.00000000E+00  0.69999999E+00  0.10000000E+04
  0.82500000E+01  0.22500000E+01  0.00000000E+00  0.00000000E+00  0.10000000E+04  0.00000000E+00  0.12500000E+03  0.00000000E+00  0.69999999E+00  0.10000000E+04
  0.82500000E+01  0.27500000E+01  0.00000000E+00  0.00000000E+00  0.10000000E+04  0.00000000E+00  0.12500000E+03  0.00000000E+00  0.69999999E+00  0.10000000E+04
  0.82500000E+01  0.32500000E+01  0.00000000E+00  0.00000000E+00  0.10000000E+04  0.00000000E+00  0.12500000E+03  0.00000000E+00  0.69999999E+00  0.10000000E+04
  0.82500000E+01  0.37500000E+01  0.00000000E+00  0.00000000E+00  0.10000000E+04  0.00000000E+00  0.12500000E+03  0.00000000E+00  0.69999999E+00  0.10000000E+04
  0.50000000E+00  0.00000000E+00  0.00000000E+00  0.00000000E+00  0.99890710E+03 -0.21372732E+04  0.12500000E+03  0.42056437E-02  0.69999999E+00  0.99999518E+03
  0.10000000E+01  0.00000000E+00  0.00000000E+00  0.00000000E+00  0.10000801E+04  0.15721094E+03  0.12500000E+03  0.16745013E-02  0.69999999E+00  0.99999811E+03
  0.15000000E+01  0.00000000E+00  0.00000000E+00  0.00000000E+00  0.10052526E+04  0.10469424E+05  0.12500000E+03  0.63551171E-02  0.69999999E+00  0.99999274E+03
  0.20000000E+01  0.00000000E+00  0.00000000E+00  0.00000000E+00  0.10040228E+04  0.79887012E+04  0.12500000E+03  0.71487478E-02  0.69999999E+00  0.99999182E+03
  0.25000000E+01  0.00000000E+00  0.00000000E+00  0.00000000E+00  0.10200186E+04  0.41715520E+05  0.12500000E+03 -0.19309932E-03  0.69999999E+00  0.10000002E+04
  0.30000000E+01  0.00000000E+00  0.00000000E+00  0.00000000E+00  0.10037227E+04  0.73859517E+04  0.12500000E+03  0.93138474E-03  0.69999999E+00  0.99999896E+03
  0.35000000E+01  0.00000000E+00  0.00000000E+00  0.00000000E+00  0.10059084E+04  0.11799974E+05  0.12500000E+03  0.35623281E-03  0.69999999E+00  0.99999957E+03
  0.40000000E+01  0.00000000E+00  0.00000000E+00  0.00000000E+00  0.10000134E+04  0.26430483E+02  0.12500000E+03 -0.24179390E-04  0.69999999E+00  0.10000000E+04
  0.45000000E+01  0.00000000E+00  0.00000000E+00  0.00000000E+00  0.10000000E+04  0.00000000E+00  0.12500000E+03  0.00000000E+00  0.69999999E+00  0.10000000E+04
  0.50000000E+01  0.00000000E+00  0.00000000E+00  0.00000000E+00  0.10000000E+04  0.00000000E+00  0.12500000E+03  0.00000000E+00  0.69999999E+00  0.10000000E+04
  0.55000000E+01  0.00000000E+00  0.00000000E+00  0.00000000E+00  0.10000000E+04  0.00000000E+00  0.12500000E+03  0.00000000E+00  0.69999999E+00  0.10000000E+04
  0.60000000E+01  0.00000000E+00  0.00000000E+00  0.00000000E+00  0.10000000E+04  0.00000000E+00  0.12500000E+03  0.00000000E+00  0.69999999E+00  0.10000000E+04
  0.65000000E+01  0.00000000E+00  0.00000000E+00  0.00000000E+00  0.10000000E+04  0.00000000E+00  0.12500000E+03  0.00000000E+00  0.69999999E+00  0.10000000E+04
  0.70000000E+01  0.00000000E+00  0.00000000E+00  0.00000000E+00  0.10000000E+04  0.00000000E+00  0.12500000E+03  0.00000000E+00  0.69999999E+00  0.10000000E+04
  0.75000000E+01  0.00000000E+00  0.00000000E+00  0.00000000E+00  0.10000000E+04  0.00000000E+00  0.12500000E+03  0.00000000E+00  0.69999999E+00  0.10000000E+04
  0.25000000E+00 -0.25000000E+00  0.00000000E+00  0.00000000E+00  0.10055646E+04  0.11101644E+05  0.12500000E+03  0.13643734E-02  0.69999999E+00  0.99999841E+03
  0.75000000E+00 -0.25000000E+00  0.00000000E+00  0.00000000E+00  0.10008781E+04  0.17273687E+04  0.12500000E+03  0.31565111E-02  0.69999999E+00  0.99999640E+03
  0.12500000E+01 -0.25000000E+00  0.00000000E+00  0.00000000E+00  0.10063365E+04  0.12671197E+05  0.12500000E+03  0.24248166E-02  0.69999999E+00  0.99999719E+03
  0.17500000E+01 -0.25000000E+00  0.00000000E+00  0.00000000E+00  0.10067689E+04  0.13553415E+05  0.12500000E+03  0.35993292E-02  0.69999999E+00  0.99999585E+03
  0.22500000E+01 -0.25000000E+00  0.00000000E+00  0.00000000E+00  0.10041750E+04  0.82947988E+04  0.12500000E+03  0.30803068E-02  0.69999999E+00  0.99999646E+03
  0.27500000E+01 -0.25000000E+00  0.00000000E+00  0.00000000E+00  0.10017830E+04  0.35170403E+04  0.12500000E+03  0.22859919E-03  0.69999999E+00  0.99999976E+03
  0.32500000E+01 -0.25000000E+00  0.00000000E+00  0.00000000E+00  0.10047974E+04  0.95489316E+04  0.12500000E+03  0.36671251E-03  0.69999999E+00  0.99999957E+03
  0.37500000E+01 -0.25000000E+00  0.00000000E+00  0.00000000E+00  0.10000066E+04  0.12864128E+02  0.12500000E+03 -0.31315314E-04  0.69999999E+00  0.10000001E+04
  0.42500000E+01 -0.25000000E+00  0.00000000E+00  0.00000000E+00  0.10000000E+04  0.00000000E+00  0.12500000E+03 -0.00000000E+00  0.69999999E+00  0.10000000E+04
  0.47500000E+01 -0.25000000E+00  0.00000000E+00  0.00000000E+00  0.10000000E+04  0.00000000E+00  0.12500000E+03  0.00000000E+00  0.69999999E+00  0.10000000E+04
  0.52500000E+01 -0.25000000E+00  0.00000000E+00  0.00000000E+00  0.10000000E+04  0.00000000E+00  0.12500000E+03  0.00000000E+00  0.69999999E+00  0.10000000E+04
  0.57500000E+01 -0.25000000E+00  0.00000000E+00  0.00000000E+00  0.10000000E+04  0.00000000E+00  0.12500000E+03  0.00000000E+00  0.69999999E+00  0.10000000E+04
  0.62500000E+01 -0.25000000E+00  0.00000000E+00  0.00000000E+00  0.10000000E+04  0.00000000E+00  0.12500000E+03  0.00000000E+00  0.69999999E+00  0.10000000E+04
  0.67500000E+01 -0.25000000E+00  0.00000000E+00  0.00000000E+00  0.10000000E+04  0.00000000E+00  0.12500000E+03  0.00000000E+00  0.69999999E+00  0.10000000E+04
  0.72500000E+01 -0.25000000E+00  0.00000000E+00  0.00000000E+00  0.10000000E+04  0.00000000E+00  0.12500000E+03  0.00000000E+00  0.69999999E+00  0.10000000E+04
  0.77500000E+01 -0.25000000E+00  0.00000000E+00  0.00000000E+00  0.10000000E+04  0.00000000E+00  0.12500000E+03  0.00000000E+00  0.69999999E+00  0.10000000E+04
  0.40000000E+01  0.50000000E+00  0.00000000E+00  0.00000000E+00  0.10009766E+04  0.19216382E+04  0.12500000E+03 -0.44525525E-04  0.69999999E+00  0.10000001E+04
  0.37500000E+01  0.25000000E+00  0.00000000E+00  0.00000000E+00  0.10009697E+04  0.19082284E+04  0.12500000E+03 -0.17722772E-03  0.69999999E+00  0.10000002E+04
  0.40000000E+01  0.10000000E+01  0.00000000E+00  0.00000000E+00  0.10005165E+04  0.10150112E+04  0.12500000E+03 -0.12422440E-05  0.69999999E+00  0.10000000E+04
  0.37500000E+01  0.75000000E+00  0.00000000E+00  0.00000000E+00  0.10058319E+04  0.11644450E+05  0.12500000E+03  0.10738174E-03  0.69999999E+00  0.99999988E+03
  0.40000000E+01  0.15000000E+01  0.00000000E+00  0.00000000E+00  0.10003606E+04  0.70827899E+03  0.12500000E+03  0.53974971E-04  0.69999999E+00  0.99999994E+03
  0.37500000E+01  0.12500000E+01  0.00000000E+00  0.00000000E+00  0.10070189E+04  0.14064521E+05  0.12500000E+03  0.16059482E-03  0.69999999E+00  0.99999982E+03
  0.40000000E+01  0.20000000E+01  0.00000000E+00  0.00000000E+00  0.10000315E+04  0.61752430E+02  0.12500000E+03  0.20776821E-04  0.69999999E+00  0.10000000E+04
  0.37500000E+01  0.17500000E+01  0.00000000E+00  0.00000000E+00  0.10018442E+04  0.36385732E+04  0.12500000E+03  0.17082413E-03  0.69999999E+00  0.99999982E+03
  0.45000000E+01  0.50000000E+00  0.00000000E+00  0.00000000E+00  0.10000000E+04  0.00000000E+00  0.12500000E+03  0.00000000E+00  0.69999999E+00  0.10000000E+04
  0.42500000E+01  0.25000000E+00  0.00000000E+00  0.00000000E+00  0.10000018E+04  0.35083482E+01  0.12500000E+03 -0.74084828E-05  0.69999999E+00  0.10000000E+04
  0.45000000E+01  0.10000000E+01  0.00000000E+00  0.00000000E+00  0.10000000E+04  0.00000000E+00  0.12500000E+03  0.00000000E+00  0.69999999E+00  0.10000000E+04
  0.42500000E+01  0.75000000E+00  0.00000000E+00  0.00000000E+00  0.10001102E+04  0.21641856E+03  0.12500000E+03 -0.17495760E-05  0.69999999E+00  0.10000000E+04
  0.45000000E+01  0.15000000E+01  0.00000000E+00  0.00000000E+00  0.10000000E+04  0.00000000E+00  0.12500000E+03  0.00000000E+00  0.69999999E+00  0.10000000E+04
  0.42500000E+01  0.12500000E+01  0.00000000E+00  0.00000000E+00  0.10000011E+04  0.21050045E+01  0.12500000E+03  0.48762436E-05  0.69999999E+00  0.10000000E+04
  0.45000000E+01  0.20000000E+01  0.00000000E+00  0.00000000E+00  0.10000000E+04  0.00000000E+00  0.12500000E+03  0.00000000E+00  0.69999999E+00  0.10000000E+04
  0.42500000E+01  0.17500000E+01  0.00000000E+00  0.00000000E+00  0.10000000E+04  0.00000000E+00  0.12500000E+03  0.00000000E+00  0.69999999E+00  0.10000000E+04
  0.50000000E+01  0.50000000E+00  0.00000000E+00  0.00000000E+00  0.10000000E+04  0.00000000E+00  0.12500000E+03  0.00000000E+00  0.69999999E+00  0.10000000E+04
  0.47500000E+01  0.25000000E+00  0.00000000E+00  0.00000000E+00  0.10000000E+04  0.00000000E+00  0.12500000E+03  0.00000000E+00  0.69999999E+00  0.10000000E+04
  0.50000000E+01  0.10000000E+01  0.00000000E+00  0.00000000E+00  0.10000000E+04  0.00000000E+00  0.12500000E+03  0.00000000E+00  0.69999999E+00  0.10000000E+04
  0.47500000E+01  0.75000000E+00  0.00000000E+00  0.00000000E+00  0.10000000E+04  0.00000000E+00  0.12500000E+03  0.00000000E+00  0.69999999E+00  0.10000000E+04
  0.50000000E+01  0.15000000E+01  0.00000000E+00  0.00000000E+00  0.10000000E+04  0.00000000E+00  0.12500000E+03  0.00000000E+00  0.69999999E+00  0.10000000E+04
  0.47500000E+01  0.12500000E+01  0.00000000E+00  0.00000000E+00  0.10000000E+04  0.00000000E+00  0.12500000E+03  0.00000000E+00  0.69999999E+00  0.10000000E+04
  0.50000000E+01  0.20000000E+01  0.00000000E+00  0.00000000E+00  0.10000000E+04  0.00000000E+00  0.12500000E+03  0.00000000E+00  0.69999999E+00  0.10000000E+04
  0.47500000E+01  0.17500000E+01  0.00000000E+00  0.00000000E+00  0.10000000E+04  0.00000000E+00  0.12500000E+03  0.00000000E+00  0.69999999E+00  0.10000000E+04
  0.75850451E+00  0.25412974E+00  0.81592411E-01  0.77160299E-01  0.10041525E+04  0.82494775E+04  0.12576698E+03  0.12576698E+03  0.10000000E+01  0.00000000E+00
  0.52458155E+00  0.51963723E+00  0.32515579E+00  0.26422906E+00  0.10035947E+04  0.71294297E+04  0.12561582E+03  0.12561256E+03  0.10000000E+01  0.00000000E+00
  0.65742946E+00  0.61883485E+00 -0.66982704E+00  0.22497296E+00  0.10025357E+04  0.50130513E+04  0.12546356E+03  0.12546356E+03  0.10000000E+01  0.00000000E+00
  0.89858407E+00  0.80686617E+00  0.45424384E+00 -0.53335344E-02  0.10033675E+04  0.66742451E+04  0.12531018E+03  0.12531018E+03  0.10000000E+01  0.00000000E+00
  0.11983019E+01  0.11262648E+01  0.72713816E+00 -0.44643772E+00  0.10009635E+04  0.18957603E+04  0.12515567E+03  0.12515567E+03  0.10000000E+01  0.00000000E+00
  0.14369280E+01  0.14754283E+01  0.21154428E+01 -0.96827783E-01  0.99870673E+03 -0.25276338E+04  0.12500000E+03  0.12500000E+03  0.10000000E+01  0.00000000E+00
  0.13624544E+01  0.20186156E+00  0.46029574E+00 -0.21506137E+00  0.99941199E+03 -0.11516226E+04  0.12576698E+03  0.12576239E+03  0.10000000E+01  0.00000000E+00
  0.10545892E+01  0.46897244E+00 -0.29850453E+00  0.46567902E-01  0.10021562E+04  0.42580430E+04  0.12561582E+03  0.12561123E+03  0.10000000E+01  0.00000000E+00
  0.14266620E+01  0.62963057E+00 -0.61083175E-01 -0.11976983E-01  0.10017819E+04  0.35146763E+04  0.12546356E+03  0.12546356E+03  0.10000000E+01  0.00000000E+00
  0.11864156E+01  0.81795502E+00 -0.37264407E+00 -0.35177237E+00  0.10021558E+04  0.42570952E+04  0.12531018E+03  0.12531018E+03  0.10000000E+01  0.00000000E+00
  0.15998135E+01  0.11860938E+01  0.14349216E+00 -0.44001913E+00  0.99988562E+03 -0.22433914E+03  0.12515567E+03  0.12515567E+03  0.10000000E+01  0.00000000E+00
  0.13550869E+01  0.14943659E+01  0.71339136E+00 -0.95898414E+00  0.99984698E+03 -0.30005829E+03  0.12500000E+03  0.12500000E+03  0.10000000E+01  0.00000000E+00
  0.19426720E+01  0.30058905E+00  0.66510785E+00 -0.27749807E+00  0.10021148E+04  0.41756011E+04  0.12576698E+03  0.12576239E+03  0.10000000E+01  0.00000000E+00
  0.17299266E+01  0.50633764E+00  0.11025680E+01  0.26492399E+00  0.10025030E+04  0.49479907E+04  0.12561582E+03  0.12561123E+03  0.10000000E+01  0.00000000E+00
  0.22482367E+01  0.72438967E+00  0.24044271E+01 -0.23822999E+00  0.10035125E+04  0.69645747E+04  0.12546356E+03  0.12546356E+03  0.10000000E+01  0.00000000E+00
  0.17805398E+01  0.83431685E+00  0.70622081E+00 -0.34451079E+00  0.10029593E+04  0.58578511E+04  0.12531018E+03  0.12531018E+03  0.10000000E+01  0.00000000E+00
  0.20693436E+01  0.11206207E+01  0.12371125E+01 -0.12385929E+00  0.99960968E+03 -0.76485535E+03  0.12515567E+03  0.12515567E+03  0.10000000E+01  0.00000000E+00
  0.18180494E+01  0.14733260E+01  0.23260000E+00  0.50722197E-01  0.99816260E+03 -0.35851155E+04  0.12500000E+03  0.12500000E+03  0.10000000E+01  0.00000000E+00
  0.20420527E+01  0.52927542E+00 -0.15092806E+01  0.41041064E+00  0.10038272E+04  0.75957622E+04  0.12576698E+03  0.12576698E+03  0.10000000E+01  0.00000000E+00
  0.23747482E+01  0.52330679E+00  0.17698549E+00  0.40663499E+00  0.10089790E+04  0.18098432E+05  0.12561582E+03  0.12561381E+03  0.10000000E+01  0.00000000E+00
  0.27053900E+01  0.55598354E+00  0.51214296E+00  0.66017175E+00  0.10123315E+04  0.25108057E+05  0.12546356E+03  0.12546228E+03  0.10000000E+01  0.00000000E+00
  0.25511804E+01  0.83351088E+00  0.84027541E+00 -0.10995034E+01  0.10040148E+04  0.79724097E+04  0.12531018E+03  0.12531018E+03  0.10000000E+01  0.00000000E+00
  0.27228260E+01  0.11945934E+01 -0.55798277E-01 -0.10940140E+01  0.99837164E+03 -0.31792373E+04  0.12515567E+03  0.12515567E+03  0.10000000E+01  0.00000000E+00
  0.22995954E+01  0.14910858E+01  0.11889381E+01  0.10486783E+01  0.99511139E+03 -0.94518965E+04  0.12500000E+03  0.12500000E+03  0.10000000E+01  0.00000000E+00
  0.24616017E+01  0.12926357E+01 -0.16649406E+01  0.36777914E+00  0.99627118E+03 -0.72345869E+04  0.12561582E+03  0.12561399E+03  0.10000000E+01  0.00000000E+00
  0.28698263E+01  0.92055047E+00  0.58553445E+00 -0.25569379E+00  0.10030723E+04  0.60836196E+04  0.12531018E+03  0.12531018E+03  0.10000000E+01  0.00000000E+00
  0.26113811E+01  0.17101619E+01 -0.11893915E+01  0.12693167E+01  0.10038497E+04  0.76407554E+04  0.12500000E+03  0.12500000E+03  0.10000000E+01  0.00000000E+00
