  0.00000000E+00  0.00000000E+00  0.00000000E+00  0.00000000E+00  0.10030948E+04  0.61286489E+04  0.12500000E+03  0.19514957E-03  0.69999999E+00  0.99999976E+03
  0.00000000E+00  0.50000000E+00  0.00000000E+00  0.00000000E+00  0.10073379E+04  0.14717852E+05  0.12500000E+03  0.17137708E-03  0.69999999E+00  0.99999982E+03
  0.00000000E+00  0.10000000E+01  0.00000000E+00  0.00000000E+00  0.99928601E+03 -0.13978788E+04  0.12500000E+03  0.29253680E-03  0.69999999E+00  0.99999969E+03
  0.00000000E+00  0.15000000E+01  0.00000000E+00  0.00000000E+00  0.99603748E+03 -0.76826470E+04  0.12500000E+03 -0.27668973E-04  0.69999999E+00  0.10000001E+04
  0.00000000E+00  0.20000000E+01  0.00000000E+00  0.00000000E+00  0.10033257E+04  0.65904878E+04  0.12500000E+03 -0.14478917E-03  0.69999999E+00  0.10000002E+04
  0.00000000E+00  0.25000000E+01  0.00000000E+00  0.00000000E+00  0.10000220E+04  0.43038342E+02  0.12500000E+03  0.33654047E-04  0.69999999E+00  0.99999994E+03
  0.00000000E+00  0.30000000E+01  0.00000000E+00  0.00000000E+00  0.10000000E+04  0.00000000E+00  0.12500000E+03  0.00000000E+00  0.69999999E+00  0.10000000E+04
  0.00000000E+00  0.35000000E+01  0.00000000E+00  0.00000000E+00  0.10000000E+04  0.00000000E+00  0.12500000E+03  0.00000000E+00  0.69999999E+00  0.10000000E+04
  0.00000000E+00  0.40000000E+01  0.00000000E+00  0.00000000E+00  0.10000000E+04  0.00000000E+00  0.12500000E+03  0.00000000E+00  0.69999999E+00  0.10000000E+04
 -0.25000000E+00 -0.25000000E+00  0.00000000E+00  0.00000000E+00  0.10001230E+04  0.24146217E+03  0.12500000E+03  0.53526914E-04  0.69999999E+00  0.99999994E+03
 -0.25000000E+00  0.25000000E+00  0.00000000E+00  0.00000000E+00  0.10013314E+04  0.26227598E+04  0.12500000E+03  0.89925154E-04  0.69999999E+00  0.99999988E+03
 -0.25000000E+00  0.75000000E+00  0.00000000E+00  0.00000000E+00  0.10007231E+04  0.14218500E+04  0.12500000E+03  0.40583989E-04  0.69999999E+00  0.99999994E+03
 -0.25000000E+00  0.12500000E+01  0.00000000E+00  0.00000000E+00  0.10037323E+04  0.74053242E+04  0.12500000E+03  0.64559135E-04  0.69999999E+00  0.99999994E+03
 -0.25000000E+00  0.17500000E+01  0.00000000E+00  0.00000000E+00  0.99907727E+03 -0.18054110E+04  0.12500000E+03 -0.69189817E-04  0.69999999E+00  0.10000001E+04
 -0.25000000E+00  0.22500000E+01  0.00000000E+00  0.00000000E+00  0.10002510E+04  0.49270636E+03  0.12500000E+03 -0.27814702E-04  0.69999999E+00  0.10000001E+04
 -0.25000000E+00  0.27500000E+01  0.00000000E+00  0.00000000E+00  0.10000000E+04  0.00000000E+00  0.12500000E+03  0.00000000E+00  0.69999999E+00  0.10000000E+04
 -0.25000000E+00  0.32500000E+01  0.00000000E+00  0.00000000E+00  0.10000000E+04  0.00000000E+00  0.12500000E+03  0.00000000E+00  0.69999999E+00  0.10000000E+04
 -0.25000000E+00  0.37500000E+01  0.00000000E+00  0.00000000E+00  0.10000000E+04  0.00000000E+00  0.12500000E+03  0.00000000E+00  0.69999999E+00  0.10000000E+04
  0.80000000E+01  0.00000000E+00  0.00000000E+00  0.00000000E+00  0.10000000E+04  0.00000000E+00  0.12500000E+03  0.00000000E+00  0.69999999E+00  0.10000000E+04
  0.80000000E+01  0.50000000E+00  0.00000000E+00  0.00000000E+00  0.10000000E+04  0.00000000E+00  0.12500000E+03  0.00000000E+00  0.69999999E+00  0.10000000E+04
  0.80000000E+01  0.10000000E+01  0.00000000E+00  0.00000000E+00  0.10000000E+04  0.00000000E+00  0.12500000E+03  0.00000000E+00  0.69999999E+00  0.10000000E+04
  0.80000000E+01  0.15000000E+01  0.00000000E+00  0.00000000E+00  0.10000000E+04  0.00000000E+00  0.12500000E+03  0.00000000E+00  0.69999999E+00  0.10000000E+04
  0.80000000E+01  0.20000000E+01  0.00000000E+00  0.00000000E+00  0.10000000E+04  0.00000000E+00  0.12500000E+03  0.00000000E+00  0.69999999E+00  0.10000000E+04
  0.80000000E+01  0.25000000E+01  0.00000000E+00  0.00000000E+00  0.10000000E+04  0.00000000E+00  0.12500000E+03  0.00000000E+00  0.69999999E+00  0.10000000E+04
  0.80000000E+01  0.30000000E+01  0.00000000E+00  0.00000000E+00  0.10000000E+04  0.00000000E+00  0.12500000E+03  0.00000000E+00  0.69999999E+00  0.10000000E+04
  0.80000000E+01  0.35000000E+01  0.00000000E+00  0.00000000E+00  0.10000000E+04  0.00000000E+00  0.12500000E+03  0.00000000E+00  0.69999999E+00  0.10000000E+04
  0.80000000E+01  0.40000000E+01  0.00000000E+00  0.00000000E+00  0.10000000E+04  0.00000000E+00  0.12500000E+03  0.00000000E+00  0.69999999E+00  0.10000000E+04
  0.82500000E+01 -0.25000000E+00  0.00000000E+00  0.00000000E+00  0.10000000E+04  0.00000000E+00  0.12500000E+03  0.00000000E+00  0.69999999E+00  0.10000000E+04
  0.82500000E+01  0.25000000E+00  0.00000000E+00  0.00000000E+00  0.10000000E+04  0.00000000E+00  0.12500000E+03  0.00000000E+00  0.69999999E+00  0.10000000E+04
  0.82500000E+01  0.75000000E+00  0.00000000E+00  0.00000000E+00  0.10000000E+04  0.00000000E+00  0.12500000E+03  0.00000000E+00  0.69999999E+00  0.10000000E+04
  0.82500000E+01  0.12500000E+01  0.00000000E+00  0.00000000E+00  0.10000000E+04  0.00000000E+00  0.12500000E+03  0.00000000E+00  0.69999999E+00  0.10000000E+04
  0.82500000E+01  0.17500000E+01  0.00000000E+00  0.00000000E+00  0.10000000E+04  0.00000000E+00  0.12500000E+03  0.00000000E+00  0.69999999E+00  0.10000000E+04
  0.82500000E+01  0.22500000E+01  0.00000000E+00  0.00000000E+00  0.10000000E+04  0.00000000E+00  0.12500000E+03  0.00000000E+00  0.69999999E+00  0.10000000E+04
  0.82500000E+01  0.27500000E+01  0.00000000E+00  0.00000000E+00  0.10000000E+04  0.00000000E+00  0.12500000E+03  0.00000000E+00  0.69999999E+00  0.10000000E+04
  0.82500000E+01  0.32500000E+01  0.00000000E+00  0.00000000E+00  0.10000000E+04  0.00000000E+00  0.12500000E+03  0.00000000E+00  0.69999999E+00  0.10000000E+04
  0.82500000E+01  0.37500000E+01  0.00000000E+00  0.00000000E+00  0.10000000E+04  0.00000000E+00  0.12500000E+03  0.00000000E+00  0.69999999E+00  0.10000000E+04
  0.50000000E+00  0.00000000E+00  0.00000000E+00  0.00000000E+00  0.10068102E+04  0.13637694E+05  0.12500000E+03  0.88156341E-03  0.69999999E+00  0.99999902E+03
  0.10000000E+01  0.00000000E+00  0.00000000E+00  0.00000000E+00  0.99923572E+03 -0.14961429E+04  0.12500000E+03  0.49739610E-03  0.69999999E+00  0.99999945E+03
  0.15000000E+01  0.00000000E+00  0.00000000E+00  0.00000000E+00  0.10031177E+04  0.61743989E+04  0.12500000E+03  0.13059177E-02  0.69999999E+00  0.99999854E+03
  0.20000000E+01  0.00000000E+00  0.00000000E+00  0.00000000E+00  0.99945935E+03 -0.10590828E+04  0.12500000E+03  0.13778486E-02  0.69999999E+00  0.99999841E+03
  0.25000000E+01  0.00000000E+00  0.00000000E+00  0.00000000E+00  0.10092650E+04  0.18691195E+05  0.12500000E+03 -0.23027728E-03  0.69999999E+00  0.10000002E+04
  0.30000000E+01  0.00000000E+00  0.00000000E+00  0.00000000E+00  0.10153990E+04  0.31645172E+05  0.12500000E+03  0.50645860E-04  0.69999999E+00  0.99999994E+03
  0.35000000E+01  0.00000000E+00  0.00000000E+00  0.00000000E+00  0.10008798E+04  0.17306604E+04  0.12500000E+03  0.13398977E-04  0.69999999E+00  0.10000000E+04
  0.40000000E+01  0.00000000E+00  0.00000000E+00  0.00000000E+00  0.10000000E+04  0.00000000E+00  0.12500000E+03  0.00000000E+00  0.69999999E+00  0.10000000E+04
  0.45000000E+01  0.00000000E+00  0.00000000E+00  0.00000000E+00  0.10000000E+04  0.00000000E+00  0.12500000E+03  0.00000000E+00  0.69999999E+00  0.10000000E+04
  0.50000000E+01  0.00000000E+00  0.00000000E+00  0.00000000E+00  0.10000000E+04  0.00000000E+00  0.12500000E+03  0.00000000E+00  0.69999999E+00  0.10000000E+04
  0.55000000E+01  0.00000000E+00  0.00000000E+00  0.00000000E+00  0.10000000E+04  0.00000000E+00  0.12500000E+03  0.00000000E+00  0.69999999E+00  0.10000000E+04
  0.60000000E+01  0.00000000E+00  0.00000000E+00  0.00000000E+00  0.10000000E+04  0.00000000E+00  0.12500000E+03  0.00000000E+00  0.69999999E+00  0.10000000E+04
  0.65000000E+01  0.00000000E+00  0.00000000E+00  0.00000000E+00  0.10000000E+04  0.00000000E+00  0.12500000E+03  0.00000000E+00  0.69999999E+00  0.10000000E+04
  0.70000000E+01  0.00000000E+00  0.00000000E+00  0.00000000E+00  0.10000000E+04  0.00000000E+00  0.12500000E+03  0.00000000E+00  0.69999999E+00  0.10000000E+04
  0.75000000E+01  0.00000000E+00  0.00000000E+00  0.00000000E+00  0.10000000E+04  0.00000000E+00  0.12500000E+03  0.00000000E+00  0.69999999E+00  0.10000000E+04
  0.25000000E+00 -0.25000000E+00  0.00000000E+00  0.00000000E+00  0.10039274E+04  0.77968438E+04  0.12500000E+03  0.28242322E-03  0.69999999E+00  0.99999969E+03
  0.75000000E+00 -0.25000000E+00  0.00000000E+00  0.00000000E+00  0.10037793E+04  0.74995728E+04  0.12500000E+03  0.65461360E-03  0.69999999E+00  0.99999927E+03
  0.12500000E+01 -0.25000000E+00  0.00000000E+00  0.00000000E+00  0.10055063E+04  0.10983662E+05  0.12500000E+03  0.52458525E-03  0.69999999E+00  0.99999939E+03
  0.17500000E+01 -0.25000000E+00  0.00000000E+00  0.00000000E+00  0.10037971E+04  0.75354609E+04  0.12500000E+03  0.77832054E-03  0.69999999E+00  0.99999908E+03
  0.22500000E+01 -0.25000000E+00  0.00000000E+00  0.00000000E+00  0.10046350E+04  0.92212539E+04  0.12500000E+03  0.66680397E-03  0.69999999E+00  0.99999927E+03
  0.27500000E+01 -0.25000000E+00  0.00000000E+00  0.00000000E+00  0.99739990E+03 -0.50617251E+04  0.12500000E+03 -0.35312583E-04  0.69999999E+00  0.10000001E+04
  0.32500000E+01 -0.25000000E+00  0.00000000E+00  0.00000000E+00  0.10008077E+04  0.15886750E+04  0.12500000E+03  0.15069976E-04  0.69999999E+00  0.10000000E+04
  0.37500000E+01 -0.25000000E+00  0.00000000E+00  0.00000000E+00  0.10000000E+04  0.00000000E+00  0.12500000E+03  0.00000000E+00  0.69999999E+00  0.10000000E+04
  0.42500000E+01 -0.25000000E+00  0.00000000E+00  0.00000000E+00  0.10000000E+04  0.00000000E+00  0.12500000E+03  0.00000000E+00  0.69999999E+00  0.10000000E+04
  0.47500000E+01 -0.25000000E+00  0.00000000E+00  0.00000000E+00  0.10000000E+04  0.00000000E+00  0.12500000E+03  0.00000000E+00  0.69999999E+00  0.10000000E+04
  0.52500000E+01 -0.25000000E+00  0.00000000E+00  0.00000000E+00  0.10000000E+04  0.00000000E+00  0.12500000E+03  0.00000000E+00  0.69999999E+00  0.10000000E+04
  0.57500000E+01 -0.25000000E+00  0.00000000E+00  0.00000000E+00  0.10000000E+04  0.00000000E+00  0.12500000E+03  0.00000000E+00  0.69999999E+00  0.10000000E+04
  0.62500000E+01 -0.25000000E+00  0.00000000E+00  0.00000000E+00  0.10000000E+04  0.00000000E+00  0.12500000E+03  0.00000000E+00  0.69999999E+00  0.10000000E+04
  0.67500000E+01 -0.25000000E+00  0.00000000E+00  0.00000000E+00  0.10000000E+04  0.00000000E+00  0.12500000E+03  0.00000000E+00  0.69999999E+00  0.10000000E+04
  0.72500000E+01 -0.25000000E+00  0.00000000E+00  0.00000000E+00  0.10000000E+04  0.00000000E+00  0.12500000E+03  0.00000000E+00  0.69999999E+00  0.10000000E+04
  0.77500000E+01 -0.25000000E+00  0.00000000E+00  0.00000000E+00  0.10000000E+04  0.00000000E+00  0.12500000E+03  0.00000000E+00  0.69999999E+00  0.10000000E+04
  0.40000000E+01  0.50000000E+00  0.00000000E+00  0.00000000E+00  0.10000000E+04  0.00000000E+00  0.12500000E+03  0.00000000E+00  0.69999999E+00  0.10000000E+04
  0.37500000E+01  0.25000000E+00  0.00000000E+00  0.00000000E+00  0.10000278E+04  0.54500591E+02  0.12500000E+03 -0.65669465E-05  0.69999999E+00  0.10000000E+04
  0.40000000E+01  0.10000000E+01  0.00000000E+00  0.00000000E+00  0.10000000E+04  0.00000000E+00  0.12500000E+03  0.00000000E+00  0.69999999E+00  0.10000000E+04
  0.37500000E+01  0.75000000E+00  0.00000000E+00  0.00000000E+00  0.10002087E+04  0.40979553E+03  0.12500000E+03  0.67103424E-05  0.69999999E+00  0.10000000E+04
  0.40000000E+01  0.15000000E+01  0.00000000E+00  0.00000000E+00  0.10000000E+04  0.00000000E+00  0.12500000E+03  0.00000000E+00  0.69999999E+00  0.10000000E+04
  0.37500000E+01  0.12500000E+01  0.00000000E+00  0.00000000E+00  0.10000842E+04  0.16540108E+03  0.12500000E+03  0.14339753E-05  0.69999999E+00  0.10000000E+04
  0.40000000E+01  0.20000000E+01  0.00000000E+00  0.00000000E+00  0.10000000E+04  0.00000000E+00  0.12500000E+03  0.00000000E+00  0.69999999E+00  0.10000000E+04
  0.37500000E+01  0.17500000E+01  0.00000000E+00  0.00000000E+00  0.10000042E+04  0.81862049E+01  0.12500000E+03  0.66865855E-05  0.69999999E+00  0.10000000E+04
  0.45000000E+01  0.50000000E+00  0.00000000E+00  0.00000000E+00  0.10000000E+04  0.00000000E+00  0.12500000E+03  0.00000000E+00  0.69999999E+00  0.10000000E+04
  0.42500000E+01  0.25000000E+00  0.00000000E+00  0.00000000E+00  0.10000000E+04  0.00000000E+00  0.12500000E+03  0.00000000E+00  0.69999999E+00  0.10000000E+04
  0.45000000E+01  0.10000000E+01  0.00000000E+00  0.00000000E+00  0.10000000E+04  0.00000000E+00  0.12500000E+03  0.00000000E+00  0.69999999E+00  0.10000000E+04
  0.42500000E+01  0.75000000E+00  0.00000000E+00  0.00000000E+00  0.10000000E+04  0.00000000E+00  0.12500000E+03  0.00000000E+00  0.69999999E+00  0.10000000E+04
  0.45000000E+01  0.15000000E+01  0.00000000E+00  0.00000000E+00  0.10000000E+04  0.00000000E+00  0.12500000E+03  0.00000000E+00  0.69999999E+00  0.10000000E+04
  0.42500000E+01  0.12500000E+01  0.00000000E+00  0.00000000E+00  0.10000000E+04  0.00000000E+00  0.12500000E+03  0.00000000E+00  0.69999999E+00  0.10000000E+04
  0.45000000E+01  0.20000000E+01  0.00000000E+00  0.00000000E+00  0.10000000E+04  0.00000000E+00  0.12500000E+03  0.00000000E+00  0.69999999E+00  0.10000000E+04
  0.42500000E+01  0.17500000E+01  0.00000000E+00  0.00000000E+00  0.10000000E+04  0.00000000E+00  0.12500000E+03  0.00000000E+00  0.69999999E+00  0.10000000E+04
  0.50000000E+01  0.50000000E+00  0.00000000E+00  0.00000000E+00  0.10000000E+04  0.00000000E+00  0.12500000E+03  0.00000000E+00  0.69999999E+00  0.10000000E+04
  0.47500000E+01  0.25000000E+00  0.00000000E+00  0.00000000E+00  0.10000000E+04  0.00000000E+00  0.12500000E+03  0.00000000E+00  0.69999999E+00  0.10000000E+04
  0.50000000E+01  0.10000000E+01  0.00000000E+00  0.00000000E+00  0.10000000E+04  0.00000000E+00  0.12500000E+03  0.00000000E+00  0.69999999E+00  0.10000000E+04
  0.47500000E+01  0.75000000E+00  0.00000000E+00  0.00000000E+00  0.10000000E+04  0.00000000E+00  0.12500000E+03  0.00000000E+00  0.69999999E+00  0.10000000E+04
  0.50000000E+01  0.15000000E+01  0.00000000E+00  0.00000000E+00  0.10000000E+04  0.00000000E+00  0.12500000E+03  0.00000000E+00  0.69999999E+00  0.10000000E+04
  0.47500000E+01  0.12500000E+01  0.00000000E+00  0.00000000E+00  0.10000000E+04  0.00000000E+00  0.12500000E+03  0.00000000E+00  0.69999999E+00  0.10000000E+04
  0.50000000E+01  0.20000000E+01  0.00000000E+00  0.00000000E+00  0.10000000E+04  0.00000000E+00  0.12500000E+03  0.00000000E+00  0.69999999E+00  0.10000000E+04
  0.47500000E+01  0.17500000E+01  0.00000000E+00  0.00000000E+00  0.10000000E+04  0.00000000E+00  0.12500000E+03  0.00000000E+00  0.69999999E+00  0.10000000E+04
  0.73967862E+00  0.24408889E+00 -0.96744522E-01 -0.31057082E-01  0.10057911E+04  0.11561630E+05  0.12576698E+03  0.12576698E+03  0.10000000E+01  0.00000000E+00
  0.49578863E+00  0.50892413E+00  0.11066170E+00  0.15546480E+00  0.99958148E+03 -0.82015259E+03  0.12561582E+03  0.12561495E+03  0.10000000E+01  0.00000000E+00
  0.74887443E+00  0.73995864E+00 -0.75554684E-01 -0.10513878E+00  0.10056347E+04  0.11243856E+05  0.12546356E+03  0.12546356E+03  0.10000000E+01  0.00000000E+00
  0.51199466E+00  0.99125338E+00  0.26616493E+00 -0.27727488E-01  0.10036847E+04  0.73096680E+04  0.12531018E+03  0.12531018E+03  0.10000000E+01  0.00000000E+00
  0.75502467E+00  0.12400324E+01  0.23685163E-02 -0.80453698E-02  0.99988593E+03 -0.22375482E+03  0.12515567E+03  0.12515567E+03  0.10000000E+01  0.00000000E+00
  0.51232588E+00  0.14768252E+01  0.16119845E+00 -0.44822696E+00  0.10000239E+04  0.46781071E+02  0.12500000E+03  0.12500000E+03  0.10000000E+01  0.00000000E+00
  0.12576580E+01  0.24002925E+00  0.11243916E+00 -0.94973877E-01  0.10083960E+04  0.16893789E+05  0.12576698E+03  0.12576611E+03  0.10000000E+01  0.00000000E+00
  0.10052093E+01  0.49128622E+00  0.11582205E+00 -0.13440838E+00  0.10019792E+04  0.39063867E+04  0.12561582E+03  0.12561495E+03  0.10000000E+01  0.00000000E+00
  0.12659690E+01  0.73365819E+00  0.24902472E+00 -0.24277525E+00  0.10010726E+04  0.21113142E+04  0.12546356E+03  0.12546356E+03  0.10000000E+01  0.00000000E+00
  0.10112144E+01  0.98222661E+00  0.17289832E+00 -0.19708447E+00  0.10021646E+04  0.42746284E+04  0.12531018E+03  0.12531018E+03  0.10000000E+01  0.00000000E+00
  0.12653620E+01  0.12274814E+01  0.24389879E+00 -0.30203962E+00  0.10004620E+04  0.90757538E+03  0.12515567E+03  0.12515567E+03  0.10000000E+01  0.00000000E+00
  0.10076042E+01  0.14784269E+01  0.50776616E-01 -0.19057611E+00  0.10015397E+04  0.30348953E+04  0.12500000E+03  0.12500000E+03  0.10000000E+01  0.00000000E+00
  0.17667623E+01  0.24203223E+00  0.19170165E+00  0.51396694E-02  0.10095394E+04  0.19260457E+05  0.12576698E+03  0.12576611E+03  0.10000000E+01  0.00000000E+00
  0.15180545E+01  0.49170572E+00  0.19998428E+00 -0.12707892E+00  0.10015474E+04  0.30500034E+04  0.12561582E+03  0.12561495E+03  0.10000000E+01  0.00000000E+00
  0.17777488E+01  0.73002267E+00  0.27945581E+00 -0.19510065E+00  0.10050588E+04  0.10077444E+05  0.12546356E+03  0.12546356E+03  0.10000000E+01  0.00000000E+00
  0.15183372E+01  0.97608304E+00  0.19096553E+00 -0.26907593E+00  0.10009787E+04  0.19258729E+04  0.12531018E+03  0.12531018E+03  0.10000000E+01  0.00000000E+00
  0.17671404E+01  0.12110660E+01  0.11002807E+00 -0.57989204E+00  0.99882544E+03 -0.22964001E+04  0.12515567E+03  0.12515567E+03  0.10000000E+01  0.00000000E+00
  0.15126426E+01  0.14646382E+01  0.17256030E+00 -0.26484668E+00  0.10045319E+04  0.90133125E+04  0.12500000E+03  0.12500000E+03  0.10000000E+01  0.00000000E+00
  0.22672734E+01  0.26286694E+00 -0.44277632E+00  0.36903739E+00  0.99723877E+03 -0.53728906E+04  0.12576698E+03  0.12576698E+03  0.10000000E+01  0.00000000E+00
  0.20383506E+01  0.49752235E+00  0.59009653E+00  0.17699921E+00  0.10037907E+04  0.75225410E+04  0.12561582E+03  0.12561582E+03  0.10000000E+01  0.00000000E+00
  0.23299770E+01  0.72693658E+00  0.14728284E+01 -0.21865392E+00  0.10035709E+04  0.70816372E+04  0.12546356E+03  0.12546356E+03  0.10000000E+01  0.00000000E+00
  0.20377688E+01  0.96184397E+00  0.45883110E+00 -0.43160903E+00  0.10026252E+04  0.51914385E+04  0.12531018E+03  0.12531018E+03  0.10000000E+01  0.00000000E+00
  0.22932620E+01  0.11936295E+01  0.53623313E+00 -0.68944585E+00  0.10002147E+04  0.42150482E+03  0.12515567E+03  0.12515567E+03  0.10000000E+01  0.00000000E+00
  0.20125222E+01  0.14420664E+01  0.59517436E-01 -0.68851686E+00  0.10017595E+04  0.34704724E+04  0.12500000E+03  0.12500000E+03  0.10000000E+01  0.00000000E+00
  0.25613089E+01  0.51785982E+00  0.38529301E+00  0.54231977E+00  0.99797095E+03 -0.39568669E+04  0.12561582E+03  0.12561495E+03  0.10000000E+01  0.00000000E+00
  0.25906944E+01  0.93100798E+00  0.13462770E+01 -0.10228301E+01  0.10001970E+04  0.38661237E+03  0.12531018E+03  0.12531018E+03  0.10000000E+01  0.00000000E+00
  0.25448284E+01  0.14293349E+01  0.62667787E+00 -0.80549264E+00  0.10017227E+04  0.33974426E+04  0.12500000E+03  0.12500000E+03  0.10000000E+01  0.00000000E+00
