  0.00000000E+00  0.00000000E+00  0.00000000E+00  0.00000000E+00  0.99997107E+03 -0.56713074E+02  0.12500000E+03  0.88053750E-03  0.69999999E+00  0.99999902E+03
  0.00000000E+00  0.50000000E+00  0.00000000E+00  0.00000000E+00  0.10094365E+04  0.19046844E+05  0.12500000E+03  0.58198866E-03  0.69999999E+00  0.99999933E+03
  0.00000000E+00  0.10000000E+01  0.00000000E+00  0.00000000E+00  0.10058656E+04  0.11712755E+05  0.12500000E+03  0.11264216E-02  0.69999999E+00  0.99999872E+03
  0.00000000E+00  0.15000000E+01  0.00000000E+00  0.00000000E+00  0.10200625E+04  0.41812473E+05  0.12500000E+03  0.29962178E-03  0.69999999E+00  0.99999963E+03
  0.00000000E+00  0.20000000E+01  0.00000000E+00  0.00000000E+00  0.10059073E+04  0.11797550E+05  0.12500000E+03 -0.31668277E-03  0.69999999E+00  0.10000004E+04
  0.00000000E+00  0.25000000E+01  0.00000000E+00  0.00000000E+00  0.10002466E+04  0.48403955E+03  0.12500000E+03  0.71152863E-04  0.69999999E+00  0.99999994E+03
  0.00000000E+00  0.30000000E+01  0.00000000E+00  0.00000000E+00  0.10000000E+04  0.00000000E+00  0.12500000E+03  0.00000000E+00  0.69999999E+00  0.10000000E+04
  0.00000000E+00  0.35000000E+01  0.00000000E+00  0.00000000E+00  0.10000000E+04  0.00000000E+00  0.12500000E+03  0.00000000E+00  0.69999999E+00  0.10000000E+04
  0.00000000E+00  0.40000000E+01  0.00000000E+00  0.00000000E+00  0.10000000E+04  0.00000000E+00  0.12500000E+03  0.00000000E+00  0.69999999E+00  0.10000000E+04
 -0.25000000E+00 -0.25000000E+00  0.00000000E+00  0.00000000E+00  0.99987048E+03 -0.25402127E+03  0.12500000E+03  0.26399389E-03  0.69999999E+00  0.99999969E+03
 -0.25000000E+00  0.25000000E+00  0.00000000E+00  0.00000000E+00  0.10029375E+04  0.58145249E+04  0.12500000E+03  0.37448714E-03  0.69999999E+00  0.99999957E+03
 -0.25000000E+00  0.75000000E+00  0.00000000E+00  0.00000000E+00  0.10040465E+04  0.80363833E+04  0.12500000E+03  0.28242681E-04  0.69999999E+00  0.99999994E+03
 -0.25000000E+00  0.12500000E+01  0.00000000E+00  0.00000000E+00  0.10090709E+04  0.18288746E+05  0.12500000E+03  0.34331967E-03  0.69999999E+00  0.99999963E+03
 -0.25000000E+00  0.17500000E+01  0.00000000E+00  0.00000000E+00  0.10001616E+04  0.31730682E+03  0.12500000E+03 -0.10675416E-03  0.69999999E+00  0.10000001E+04
 -0.25000000E+00  0.22500000E+01  0.00000000E+00  0.00000000E+00  0.10004730E+04  0.92938812E+03  0.12500000E+03 -0.62706749E-04  0.69999999E+00  0.10000001E+04
 -0.25000000E+00  0.27500000E+01  0.00000000E+00  0.00000000E+00  0.10000000E+04  0.00000000E+00  0.12500000E+03  0.00000000E+00  0.69999999E+00  0.10000000E+04
 -0.25000000E+00  0.32500000E+01  0.00000000E+00  0.00000000E+00  0.10000000E+04  0.00000000E+00  0.12500000E+03  0.00000000E+00  0.69999999E+00  0.10000000E+04
 -0.25000000E+00  0.37500000E+01  0.00000000E+00  0.00000000E+00  0.10000000E+04  0.00000000E+00  0.12500000E+03  0.00000000E+00  0.69999999E+00  0.10000000E+04
  0.80000000E+01  0.00000000E+00  0.00000000E+00  0.00000000E+00  0.10000000E+04  0.00000000E+00  0.12500000E+03  0.00000000E+00  0.69999999E+00  0.10000000E+04
  0.80000000E+01  0.50000000E+00  0.00000000E+00  0.00000000E+00  0.10000000E+04  0.00000000E+00  0.12500000E+03  0.00000000E+00  0.69999999E+00  0.10000000E+04
  0.80000000E+01  0.10000000E+01  0.00000000E+00  0.00000000E+00  0.10000000E+04  0.00000000E+00  0.12500000E+03  0.00000000E+00  0.69999999E+00  0.10000000E+04
  0.80000000E+01  0.15000000E+01  0.00000000E+00  0.00000000E+00  0.10000000E+04  0.00000000E+00  0.12500000E+03  0.00000000E+00  0.69999999E+00  0.10000000E+04
  0.80000000E+01  0.20000000E+01  0.00000000E+00  0.00000000E+00  0.10000000E+04  0.00000000E+00  0.12500000E+03  0.00000000E+00  0.69999999E+00  0.10000000E+04
  0.80000000E+01  0.25000000E+01  0.00000000E+00  0.00000000E+00  0.10000000E+04  0.00000000E+00  0.12500000E+03  0.00000000E+00  0.69999999E+00  0.10000000E+04
  0.80000000E+01  0.30000000E+01  0.00000000E+00  0.00000000E+00  0.10000000E+04  0.00000000E+00  0.12500000E+03  0.00000000E+00  0.69999999E+00  0.10000000E+04
  0.80000000E+01  0.35000000E+01  0.00000000E+00  0.00000000E+00  0.10000000E+04  0.00000000E+00  0.12500000E+03  0.00000000E+00  0.69999999E+00  0.10000000E+04
  0.80000000E+01  0.40000000E+01  0.00000000E+00  0.00000000E+00  0.10000000E+04  0.00000000E+00  0.12500000E+03  0.00000000E+00  0.69999999E+00  0.10000000E+04
  0.82500000E+01 -0.25000000E+00  0.00000000E+00  0.00000000E+00  0.10000000E+04  0.00000000E+00  0.12500000E+03  0.00000000E+00  0.69999999E+00  0.10000000E+04
  0.82500000E+01  0.25000000E+00  0.00000000E+00  0.00000000E+00  0.10000000E+04  0.00000000E+00  0.12500000E+03  0.00000000E+00  0.69999999E+00  0.10000000E+04
  0.82500000E+01  0.75000000E+00  0.00000000E+00  0.00000000E+00  0.10000000E+04  0.00000000E+00  0.12500000E+03  0.00000000E+00  0.69999999E+00  0.10000000E+04
  0.82500000E+01  0.12500000E+01  0.00000000E+00  0.00000000E+00  0.10000000E+04  0.00000000E+00  0.12500000E+03  0.00000000E+00  0.69999999E+00  0.10000000E+04
  0.82500000E+01  0.17500000E+01  0.00000000E+00  0.00000000E+00  0.10000000E+04  0.00000000E+00  0.12500000E+03  0.00000000E+00  0.69999999E+00  0.10000000E+04
  0.82500000E+01  0.22500000E+01  0.00000000E+00  0.00000000E+00  0.10000000E+04  0.00000000E+00  0.12500000E+03  0.00000000E+00  0.69999999E+00  0.10000000E+04
  0.82500000E+01  0.27500000E+01  0.00000000E+00  0.00000000E+00  0.10000000E+04  0.00000000E+00  0.12500000E+03  0.00000000E+00  0.69999999E+00  0.10000000E+04
  0.82500000E+01  0.32500000E+01  0.00000000E+00  0.00000000E+00  0.10000000E+04  0.00000000E+00  0.12500000E+03  0.00000000E+00  0.69999999E+00  0.10000000E+04
  0.82500000E+01  0.37500000E+01  0.00000000E+00  0.00000000E+00  0.10000000E+04  0.00000000E+00  0.12500000E+03  0.00000000E+00  0.69999999E+00  0.10000000E+04
  0.50000000E+00  0.00000000E+00  0.00000000E+00  0.00000000E+00  0.10036445E+04  0.72293374E+04  0.12500000E+03  0.41045225E-02  0.69999999E+00  0.99999530E+03
  0.10000000E+01  0.00000000E+00  0.00000000E+00  0.00000000E+00  0.10038452E+04  0.76318999E+04  0.12500000E+03  0.16593180E-02  0.69999999E+00  0.99999811E+03
  0.15000000E+01  0.00000000E+00  0.00000000E+00  0.00000000E+00  0.10080922E+04  0.16267502E+05  0.12500000E+03  0.61746575E-02  0.69999999E+00  0.99999292E+03
  0.20000000E+01  0.00000000E+00  0.00000000E+00  0.00000000E+00  0.99991821E+03 -0.16040825E+03  0.12500000E+03  0.69671604E-02  0.69999999E+00  0.99999207E+03
  0.25000000E+01  0.00000000E+00  0.00000000E+00  0.00000000E+00  0.99427209E+03 -0.11046836E+05  0.12500000E+03 -0.22037610E-03  0.69999999E+00  0.10000002E+04
  0.30000000E+01  0.00000000E+00  0.00000000E+00  0.00000000E+00  0.10035586E+04  0.70570269E+04  0.12500000E+03  0.90124004E-03  0.69999999E+00  0.99999896E+03
  0.35000000E+01  0.00000000E+00  0.00000000E+00  0.00000000E+00  0.10058855E+04  0.11753212E+05  0.12500000E+03  0.34366816E-03  0.69999999E+00  0.99999963E+03
  0.40000000E+01  0.00000000E+00  0.00000000E+00  0.00000000E+00  0.10000134E+04  0.26430483E+02  0.12500000E+03 -0.24179390E-04  0.69999999E+00  0.10000000E+04
  0.45000000E+01  0.00000000E+00  0.00000000E+00  0.00000000E+00  0.10000000E+04  0.00000000E+00  0.12500000E+03  0.00000000E+00  0.69999999E+00  0.10000000E+04
  0.50000000E+01  0.00000000E+00  0.00000000E+00  0.00000000E+00  0.10000000E+04  0.00000000E+00  0.12500000E+03  0.00000000E+00  0.69999999E+00  0.10000000E+04
  0.55000000E+01  0.00000000E+00  0.00000000E+00  0.00000000E+00  0.10000000E+04  0.00000000E+00  0.12500000E+03  0.00000000E+00  0.69999999E+00  0.10000000E+04
  0.60000000E+01  0.00000000E+00  0.00000000E+00  0.00000000E+00  0.10000000E+04  0.00000000E+00  0.12500000E+03  0.00000000E+00  0.69999999E+00  0.10000000E+04
  0.65000000E+01  0.00000000E+00  0.00000000E+00  0.00000000E+00  0.10000000E+04  0.00000000E+00  0.12500000E+03  0.00000000E+00  0.69999999E+00  0.10000000E+04
  0.70000000E+01  0.00000000E+00  0.00000000E+00  0.00000000E+00  0.10000000E+04  0.00000000E+00  0.12500000E+03  0.00000000E+00  0.69999999E+00  0.10000000E+04
  0.75000000E+01  0.00000000E+00  0.00000000E+00  0.00000000E+00  0.10000000E+04  0.00000000E+00  0.12500000E+03  0.00000000E+00  0.69999999E+00  0.10000000E+04
  0.25000000E+00 -0.25000000E+00  0.00000000E+00  0.00000000E+00  0.10074121E+04  0.14869888E+05  0.12500000E+03  0.13295184E-02  0.69999999E+00  0.99999847E+03
  0.75000000E+00 -0.25000000E+00  0.00000000E+00  0.00000000E+00  0.10043815E+04  0.87101641E+04  0.12500000E+03  0.30774903E-02  0.69999999E+00  0.99999646E+03
  0.12500000E+01 -0.25000000E+00  0.00000000E+00  0.00000000E+00  0.10088883E+04  0.17910932E+05  0.12500000E+03  0.23715398E-02  0.69999999E+00  0.99999725E+03
  0.17500000E+01 -0.25000000E+00  0.00000000E+00  0.00000000E+00  0.10040587E+04  0.80608262E+04  0.12500000E+03  0.35126156E-02  0.69999999E+00  0.99999597E+03
  0.22500000E+01 -0.25000000E+00  0.00000000E+00  0.00000000E+00  0.99889087E+03 -0.21688726E+04  0.12500000E+03  0.30089437E-02  0.69999999E+00  0.99999658E+03
  0.27500000E+01 -0.25000000E+00  0.00000000E+00  0.00000000E+00  0.10007000E+04  0.13762815E+04  0.12500000E+03  0.21616039E-03  0.69999999E+00  0.99999976E+03
  0.32500000E+01 -0.25000000E+00  0.00000000E+00  0.00000000E+00  0.10052623E+04  0.10489216E+05  0.12500000E+03  0.35166828E-03  0.69999999E+00  0.99999957E+03
  0.37500000E+01 -0.25000000E+00  0.00000000E+00  0.00000000E+00  0.10000066E+04  0.12864128E+02  0.12500000E+03 -0.31315314E-04  0.69999999E+00  0.10000001E+04
  0.42500000E+01 -0.25000000E+00  0.00000000E+00  0.00000000E+00  0.10000000E+04  0.00000000E+00  0.12500000E+03 -0.00000000E+00  0.69999999E+00  0.10000000E+04
  0.47500000E+01 -0.25000000E+00  0.00000000E+00  0.00000000E+00  0.10000000E+04  0.00000000E+00  0.12500000E+03  0.00000000E+00  0.69999999E+00  0.10000000E+04
  0.52500000E+01 -0.25000000E+00  0.00000000E+00  0.00000000E+00  0.10000000E+04  0.00000000E+00  0.12500000E+03  0.00000000E+00  0.69999999E+00  0.10000000E+04
  0.57500000E+01 -0.25000000E+00  0.00000000E+00  0.00000000E+00  0.10000000E+04  0.00000000E+00  0.12500000E+03  0.00000000E+00  0.69999999E+00  0.10000000E+04
  0.62500000E+01 -0.25000000E+00  0.00000000E+00  0.00000000E+00  0.10000000E+04  0.00000000E+00  0.12500000E+03  0.00000000E+00  0.69999999E+00  0.10000000E+04
  0.67500000E+01 -0.25000000E+00  0.00000000E+00  0.00000000E+00  0.10000000E+04  0.00000000E+00  0.12500000E+03  0.00000000E+00  0.69999999E+00  0.10000000E+04
  0.72500000E+01 -0.25000000E+00  0.00000000E+00  0.00000000E+00  0.10000000E+04  0.00000000E+00  0.12500000E+03  0.00000000E+00  0.69999999E+00  0.10000000E+04
  0.77500000E+01 -0.25000000E+00  0.00000000E+00  0.00000000E+00  0.10000000E+04  0.00000000E+00  0.12500000E+03  0.00000000E+00  0.69999999E+00  0.10000000E+04
  0.40000000E+01  0.50000000E+00  0.00000000E+00  0.00000000E+00  0.10009551E+04  0.18792936E+04  0.12500000E+03 -0.42918688E-04  0.69999999E+00  0.10000001E+04
  0.37500000E+01  0.25000000E+00  0.00000000E+00  0.00000000E+00  0.10007332E+04  0.14415826E+04  0.12500000E+03 -0.17263682E-03  0.69999999E+00  0.10000002E+04
  0.40000000E+01  0.10000000E+01  0.00000000E+00  0.00000000E+00  0.10004125E+04  0.81025671E+03  0.12500000E+03 -0.91291184E-06  0.69999999E+00  0.10000000E+04
  0.37500000E+01  0.75000000E+00  0.00000000E+00  0.00000000E+00  0.10041021E+04  0.81478276E+04  0.12500000E+03  0.10615902E-03  0.69999999E+00  0.99999988E+03
  0.40000000E+01  0.15000000E+01  0.00000000E+00  0.00000000E+00  0.10003605E+04  0.70804456E+03  0.12500000E+03  0.52270650E-04  0.69999999E+00  0.99999994E+03
  0.37500000E+01  0.12500000E+01  0.00000000E+00  0.00000000E+00  0.10063585E+04  0.12715898E+05  0.12500000E+03  0.15610145E-03  0.69999999E+00  0.99999982E+03
  0.40000000E+01  0.20000000E+01  0.00000000E+00  0.00000000E+00  0.10000315E+04  0.61752430E+02  0.12500000E+03  0.20776821E-04  0.69999999E+00  0.10000000E+04
  0.37500000E+01  0.17500000E+01  0.00000000E+00  0.00000000E+00  0.99954468E+03 -0.89211829E+03  0.12500000E+03  0.16560221E-03  0.69999999E+00  0.99999982E+03
  0.45000000E+01  0.50000000E+00  0.00000000E+00  0.00000000E+00  0.10000000E+04  0.00000000E+00  0.12500000E+03  0.00000000E+00  0.69999999E+00  0.10000000E+04
  0.42500000E+01  0.25000000E+00  0.00000000E+00  0.00000000E+00  0.10000018E+04  0.35083482E+01  0.12500000E+03 -0.74084828E-05  0.69999999E+00  0.10000000E+04
  0.45000000E+01  0.10000000E+01  0.00000000E+00  0.00000000E+00  0.10000000E+04  0.00000000E+00  0.12500000E+03  0.00000000E+00  0.69999999E+00  0.10000000E+04
  0.42500000E+01  0.75000000E+00  0.00000000E+00  0.00000000E+00  0.10001102E+04  0.21641856E+03  0.12500000E+03 -0.17495760E-05  0.69999999E+00  0.10000000E+04
  0.45000000E+01  0.15000000E+01  0.00000000E+00  0.00000000E+00  0.10000000E+04  0.00000000E+00  0.12500000E+03  0.00000000E+00  0.69999999E+00  0.10000000E+04
  0.42500000E+01  0.12500000E+01  0.00000000E+00  0.00000000E+00  0.10000011E+04  0.21050045E+01  0.12500000E+03  0.48762436E-05  0.69999999E+00  0.10000000E+04
  0.45000000E+01  0.20000000E+01  0.00000000E+00  0.00000000E+00  0.10000000E+04  0.00000000E+00  0.12500000E+03  0.00000000E+00  0.69999999E+00  0.10000000E+04
  0.42500000E+01  0.17500000E+01  0.00000000E+00  0.00000000E+00  0.10000000E+04  0.00000000E+00  0.12500000E+03  0.00000000E+00  0.69999999E+00  0.10000000E+04
  0.50000000E+01  0.50000000E+00  0.00000000E+00  0.00000000E+00  0.10000000E+04  0.00000000E+00  0.12500000E+03  0.00000000E+00  0.69999999E+00  0.10000000E+04
  0.47500000E+01  0.25000000E+00  0.00000000E+00  0.00000000E+00  0.10000000E+04  0.00000000E+00  0.12500000E+03  0.00000000E+00  0.69999999E+00  0.10000000E+04
  0.50000000E+01  0.10000000E+01  0.00000000E+00  0.00000000E+00  0.10000000E+04  0.00000000E+00  0.12500000E+03  0.00000000E+00  0.69999999E+00  0.10000000E+04
  0.47500000E+01  0.75000000E+00  0.00000000E+00  0.00000000E+00  0.10000000E+04  0.00000000E+00  0.12500000E+03  0.00000000E+00  0.69999999E+00  0.10000000E+04
  0.50000000E+01  0.15000000E+01  0.00000000E+00  0.00000000E+00  0.10000000E+04  0.00000000E+00  0.12500000E+03  0.00000000E+00  0.69999999E+00  0.10000000E+04
  0.47500000E+01  0.12500000E+01  0.00000000E+00  0.00000000E+00  0.10000000E+04  0.00000000E+00  0.12500000E+03  0.00000000E+00  0.69999999E+00  0.10000000E+04
  0.50000000E+01  0.20000000E+01  0.00000000E+00  0.00000000E+00  0.10000000E+04  0.00000000E+00  0.12500000E+03  0.00000000E+00  0.69999999E+00  0.10000000E+04
  0.47500000E+01  0.17500000E+01  0.00000000E+00  0.00000000E+00  0.10000000E+04  0.00000000E+00  0.12500000E+03  0.00000000E+00  0.69999999E+00  0.10000000E+04
  0.75787926E+00  0.25297013E+00  0.13996045E+00  0.65919697E-01  0.10087320E+04  0.17587488E+05  0.12576698E+03  0.12576698E+03  0.10000000E+01  0.00000000E+00
  0.52236855E+00  0.51615310E+00  0.22098367E+00  0.24295138E+00  0.10057845E+04  0.11548070E+05  0.12561582E+03  0.12561260E+03  0.10000000E+01  0.00000000E+00
  0.66554832E+00  0.61625159E+00 -0.72895247E+00  0.95884070E-01  0.10067695E+04  0.13554390E+05  0.12546356E+03  0.12546356E+03  0.10000000E+01  0.00000000E+00
  0.89271837E+00  0.80792999E+00  0.45091248E+00 -0.94085753E-01  0.99970374E+03 -0.58069696E+03  0.12531018E+03  0.12531018E+03  0.10000000E+01  0.00000000E+00
  0.11860172E+01  0.11342514E+01  0.62406862E+00 -0.49925601E+00  0.99722742E+03 -0.53947437E+04  0.12515567E+03  0.12515567E+03  0.10000000E+01  0.00000000E+00
  0.14033773E+01  0.14769516E+01  0.20470805E+01  0.20269549E+00  0.99493939E+03 -0.97794492E+04  0.12500000E+03  0.12500000E+03  0.10000000E+01  0.00000000E+00
  0.13575680E+01  0.20356140E+00  0.47848004E+00 -0.16918442E+00  0.10007577E+04  0.14899796E+04  0.12576698E+03  0.12576251E+03  0.10000000E+01  0.00000000E+00
  0.10567881E+01  0.46891856E+00 -0.26519942E+00 -0.17143801E-01  0.10066796E+04  0.13370802E+05  0.12561582E+03  0.12561135E+03  0.10000000E+01  0.00000000E+00
  0.14246943E+01  0.63106251E+00 -0.42775482E-01 -0.75998917E-01  0.10057206E+04  0.11418316E+05  0.12546356E+03  0.12546356E+03  0.10000000E+01  0.00000000E+00
  0.11883978E+01  0.82414341E+00 -0.30735099E+00 -0.56891739E+00  0.10080380E+04  0.16155828E+05  0.12531018E+03  0.12531018E+03  0.10000000E+01  0.00000000E+00
  0.15925317E+01  0.11930206E+01  0.17179266E+00 -0.43610597E+00  0.99170129E+03 -0.15882241E+05  0.12515567E+03  0.12515567E+03  0.10000000E+01  0.00000000E+00
  0.13403510E+01  0.15078928E+01  0.58865196E+00 -0.65303516E+00  0.99396808E+03 -0.11622631E+05  0.12500000E+03  0.12500000E+03  0.10000000E+01  0.00000000E+00
  0.19351285E+01  0.30212554E+00  0.53241873E+00 -0.67295268E-01  0.99571075E+03 -0.83080283E+04  0.12576698E+03  0.12576251E+03  0.10000000E+01  0.00000000E+00
  0.17166815E+01  0.50474596E+00  0.10568827E+01  0.21784565E+00  0.10078145E+04  0.15696014E+05  0.12561582E+03  0.12561135E+03  0.10000000E+01  0.00000000E+00
  0.22196131E+01  0.72820008E+00  0.23010855E+01 -0.30326408E+00  0.99821887E+03 -0.34759128E+04  0.12546356E+03  0.12546356E+03  0.10000000E+01  0.00000000E+00
  0.17682867E+01  0.84031248E+00  0.67926449E+00 -0.60511088E+00  0.10131520E+04  0.26844977E+05  0.12531018E+03  0.12531018E+03  0.10000000E+01  0.00000000E+00
  0.20507441E+01  0.11226063E+01  0.11346877E+01 -0.18177146E+00  0.10015245E+04  0.30049175E+04  0.12515567E+03  0.12515567E+03  0.10000000E+01  0.00000000E+00
  0.18101661E+01  0.14711237E+01  0.29506898E+00  0.28511679E+00  0.99875098E+03 -0.24414048E+04  0.12500000E+03  0.12500000E+03  0.10000000E+01  0.00000000E+00
  0.20512190E+01  0.52572799E+00 -0.16024226E+01  0.53158081E+00  0.99757074E+03 -0.47315879E+04  0.12576698E+03  0.12576698E+03  0.10000000E+01  0.00000000E+00
  0.23702674E+01  0.52015525E+00 -0.10818523E+00  0.36874580E+00  0.10098576E+04  0.19922172E+05  0.12561582E+03  0.12561393E+03  0.10000000E+01  0.00000000E+00
  0.26986737E+01  0.54908836E+00  0.26084971E+00  0.64238644E+00  0.10001045E+04  0.20518468E+03  0.12546356E+03  0.12546240E+03  0.10000000E+01  0.00000000E+00
  0.25376997E+01  0.84797525E+00  0.91755772E+00 -0.11739560E+01  0.98971460E+03 -0.19567803E+05  0.12531018E+03  0.12531018E+03  0.10000000E+01  0.00000000E+00
  0.27217321E+01  0.12085056E+01  0.17298207E+00 -0.86684763E+00  0.99785028E+03 -0.41906104E+04  0.12515567E+03  0.12515567E+03  0.10000000E+01  0.00000000E+00
  0.22825351E+01  0.14715202E+01  0.12017813E+01  0.14323410E+01  0.10041173E+04  0.81785112E+04  0.12500000E+03  0.12500000E+03  0.10000000E+01  0.00000000E+00
  0.24803057E+01  0.12846708E+01 -0.15354352E+01  0.86187327E+00  0.98768219E+03 -0.23292629E+05  0.12561582E+03  0.12561399E+03  0.10000000E+01  0.00000000E+00
  0.28604178E+01  0.92583990E+00  0.53056014E+00 -0.23931517E+00  0.10040756E+04  0.80948569E+04  0.12531018E+03  0.12531018E+03  0.10000000E+01  0.00000000E+00
  0.26326714E+01  0.16866567E+01 -0.12891198E+01  0.12599032E+01  0.10151519E+04  0.31113895E+05  0.12500000E+03  0.12500000E+03  0.10000000E+01  0.00000000E+00
