  0.00000000E+00  0.00000000E+00  0.00000000E+00  0.00000000E+00  0.10008846E+04  0.17403008E+04  0.12500000E+03  0.20285568E-02  0.69999999E+00  0.99999768E+03
  0.00000000E+00  0.50000000E+00  0.00000000E+00  0.00000000E+00  0.10066251E+04  0.13259820E+05  0.12500000E+03  0.17943163E-02  0.69999999E+00  0.99999792E+03
  0.00000000E+00  0.10000000E+01  0.00000000E+00  0.00000000E+00  0.10243572E+04  0.51426094E+05  0.12500000E+03  0.26422732E-02  0.69999999E+00  0.99999689E+03
  0.00000000E+00  0.15000000E+01  0.00000000E+00  0.00000000E+00  0.10494496E+04  0.11265946E+06  0.12500000E+03  0.92392461E-03  0.69999999E+00  0.99999890E+03
  0.00000000E+00  0.20000000E+01  0.00000000E+00  0.00000000E+00  0.10313779E+04  0.67671422E+05  0.12500000E+03 -0.91087213E-03  0.69999999E+00  0.10000011E+04
  0.00000000E+00  0.25000000E+01  0.00000000E+00  0.00000000E+00  0.10016237E+04  0.32011218E+04  0.12500000E+03  0.20650649E-03  0.69999999E+00  0.99999976E+03
  0.00000000E+00  0.30000000E+01  0.00000000E+00  0.00000000E+00  0.10000000E+04  0.00000000E+00  0.12500000E+03  0.00000000E+00  0.69999999E+00  0.10000000E+04
  0.00000000E+00  0.35000000E+01  0.00000000E+00  0.00000000E+00  0.10000000E+04  0.00000000E+00  0.12500000E+03  0.00000000E+00  0.69999999E+00  0.10000000E+04
  0.00000000E+00  0.40000000E+01  0.00000000E+00  0.00000000E+00  0.10000000E+04  0.00000000E+00  0.12500000E+03  0.00000000E+00  0.69999999E+00  0.10000000E+04
 -0.25000000E+00 -0.25000000E+00  0.00000000E+00  0.00000000E+00  0.10006414E+04  0.12607445E+04  0.12500000E+03  0.52005530E-03  0.69999999E+00  0.99999939E+03
 -0.25000000E+00  0.25000000E+00  0.00000000E+00  0.00000000E+00  0.10006918E+04  0.13600757E+04  0.12500000E+03  0.82134531E-03  0.69999999E+00  0.99999908E+03
 -0.25000000E+00  0.75000000E+00  0.00000000E+00  0.00000000E+00  0.10026415E+04  0.52237534E+04  0.12500000E+03  0.11651540E-03  0.69999999E+00  0.99999988E+03
 -0.25000000E+00  0.12500000E+01  0.00000000E+00  0.00000000E+00  0.10002025E+04  0.39761832E+03  0.12500000E+03  0.85170631E-03  0.69999999E+00  0.99999902E+03
 -0.25000000E+00  0.17500000E+01  0.00000000E+00  0.00000000E+00  0.10020138E+04  0.39750310E+04  0.12500000E+03 -0.27007755E-03  0.69999999E+00  0.10000003E+04
 -0.25000000E+00  0.22500000E+01  0.00000000E+00  0.00000000E+00  0.10005635E+04  0.11074623E+04  0.12500000E+03 -0.10829161E-03  0.69999999E+00  0.10000001E+04
 -0.25000000E+00  0.27500000E+01  0.00000000E+00  0.00000000E+00  0.10000000E+04  0.00000000E+00  0.12500000E+03  0.00000000E+00  0.69999999E+00  0.10000000E+04
 -0.25000000E+00  0.32500000E+01  0.00000000E+00  0.00000000E+00  0.10000000E+04  0.00000000E+00  0.12500000E+03  0.00000000E+00  0.69999999E+00  0.10000000E+04
 -0.25000000E+00  0.37500000E+01  0.00000000E+00  0.00000000E+00  0.10000000E+04  0.00000000E+00  0.12500000E+03  0.00000000E+00  0.69999999E+00  0.10000000E+04
  0.80000000E+01  0.00000000E+00  0.00000000E+00  0.00000000E+00  0.10000000E+04  0.00000000E+00  0.12500000E+03  0.00000000E+00  0.69999999E+00  0.10000000E+04
  0.80000000E+01  0.50000000E+00  0.00000000E+00  0.00000000E+00  0.10000000E+04  0.00000000E+00  0.12500000E+03  0.00000000E+00  0.69999999E+00  0.10000000E+04
  0.80000000E+01  0.10000000E+01  0.00000000E+00  0.00000000E+00  0.10000000E+04  0.00000000E+00  0.12500000E+03  0.00000000E+00  0.69999999E+00  0.10000000E+04
  0.80000000E+01  0.15000000E+01  0.00000000E+00  0.00000000E+00  0.10000000E+04  0.00000000E+00  0.12500000E+03  0.00000000E+00  0.69999999E+00  0.10000000E+04
  0.80000000E+01  0.20000000E+01  0.00000000E+00  0.00000000E+00  0.10000000E+04  0.00000000E+00  0.12500000E+03  0.00000000E+00  0.69999999E+00  0.10000000E+04
  0.80000000E+01  0.25000000E+01  0.00000000E+00  0.00000000E+00  0.10000000E+04  0.00000000E+00  0.12500000E+03  0.00000000E+00  0.69999999E+00  0.10000000E+04
  0.80000000E+01  0.30000000E+01  0.00000000E+00  0.00000000E+00  0.10000000E+04  0.00000000E+00  0.12500000E+03  0.00000000E+00  0.69999999E+00  0.10000000E+04
  0.80000000E+01  0.35000000E+01  0.00000000E+00  0.00000000E+00  0.10000000E+04  0.00000000E+00  0.12500000E+03  0.00000000E+00  0.69999999E+00  0.10000000E+04
  0.80000000E+01  0.40000000E+01  0.00000000E+00  0.00000000E+00  0.10000000E+04  0.00000000E+00  0.12500000E+03  0.00000000E+00  0.69999999E+00  0.10000000E+04
  0.82500000E+01 -0.25000000E+00  0.00000000E+00  0.00000000E+00  0.10000000E+04  0.00000000E+00  0.12500000E+03  0.00000000E+00  0.69999999E+00  0.10000000E+04
  0.82500000E+01  0.25000000E+00  0.00000000E+00  0.00000000E+00  0.10000000E+04  0.00000000E+00  0.12500000E+03  0.00000000E+00  0.69999999E+00  0.10000000E+04
  0.82500000E+01  0.75000000E+00  0.00000000E+00  0.00000000E+00  0.10000000E+04  0.00000000E+00  0.12500000E+03  0.00000000E+00  0.69999999E+00  0.10000000E+04
  0.82500000E+01  0.12500000E+01  0.00000000E+00  0.00000000E+00  0.10000000E+04  0.00000000E+00  0.12500000E+03  0.00000000E+00  0.69999999E+00  0.10000000E+04
  0.82500000E+01  0.17500000E+01  0.00000000E+00  0.00000000E+00  0.10000000E+04  0.00000000E+00  0.12500000E+03  0.00000000E+00  0.69999999E+00  0.10000000E+04
  0.82500000E+01  0.22500000E+01  0.00000000E+00  0.00000000E+00  0.10000000E+04  0.00000000E+00  0.12500000E+03  0.00000000E+00  0.69999999E+00  0.10000000E+04
  0.82500000E+01  0.27500000E+01  0.00000000E+00  0.00000000E+00  0.10000000E+04  0.00000000E+00  0.12500000E+03  0.00000000E+00  0.69999999E+00  0.10000000E+04
  0.82500000E+01  0.32500000E+01  0.00000000E+00  0.00000000E+00  0.10000000E+04  0.00000000E+00  0.12500000E+03  0.00000000E+00  0.69999999E+00  0.10000000E+04
  0.82500000E+01  0.37500000E+01  0.00000000E+00  0.00000000E+00  0.10000000E+04  0.00000000E+00  0.12500000E+03  0.00000000E+00  0.69999999E+00  0.10000000E+04
  0.50000000E+00  0.00000000E+00  0.00000000E+00  0.00000000E+00  0.10356151E+04  0.77802102E+05  0.12500000E+03  0.98249447E-02  0.69999999E+00  0.99998834E+03
  0.10000000E+01  0.00000000E+00  0.00000000E+00  0.00000000E+00  0.10385056E+04  0.84857367E+05  0.12500000E+03  0.46308977E-02  0.69999999E+00  0.99999451E+03
  0.15000000E+01  0.00000000E+00  0.00000000E+00  0.00000000E+00  0.10477888E+04  0.10832735E+06  0.12500000E+03  0.17623913E-01  0.69999999E+00  0.99997888E+03
  0.20000000E+01  0.00000000E+00  0.00000000E+00  0.00000000E+00  0.11670884E+04  0.54637481E+06  0.12500000E+03  0.19849425E-01  0.69999999E+00  0.99997351E+03
  0.25000000E+01  0.00000000E+00  0.00000000E+00  0.00000000E+00  0.10045245E+04  0.89986533E+04  0.12500000E+03  0.33851266E-02  0.69999999E+00  0.99999609E+03
  0.30000000E+01  0.00000000E+00  0.00000000E+00  0.00000000E+00  0.10206882E+04  0.43198098E+05  0.12500000E+03  0.52530887E-02  0.69999999E+00  0.99999390E+03
  0.35000000E+01  0.00000000E+00  0.00000000E+00  0.00000000E+00  0.10042373E+04  0.84200020E+04  0.12500000E+03  0.19890394E-02  0.69999999E+00  0.99999774E+03
  0.40000000E+01  0.00000000E+00  0.00000000E+00  0.00000000E+00  0.10000137E+04  0.26898298E+02  0.12500000E+03 -0.68247195E-04  0.69999999E+00  0.10000001E+04
  0.45000000E+01  0.00000000E+00  0.00000000E+00  0.00000000E+00  0.10000000E+04  0.00000000E+00  0.12500000E+03  0.15302179E-41  0.69999999E+00  0.10000000E+04
  0.50000000E+01  0.00000000E+00  0.00000000E+00  0.00000000E+00  0.10000000E+04  0.00000000E+00  0.12500000E+03 -0.00000000E+00  0.69999999E+00  0.10000000E+04
  0.55000000E+01  0.00000000E+00  0.00000000E+00  0.00000000E+00  0.10000000E+04  0.00000000E+00  0.12500000E+03  0.00000000E+00  0.69999999E+00  0.10000000E+04
  0.60000000E+01  0.00000000E+00  0.00000000E+00  0.00000000E+00  0.10000000E+04  0.00000000E+00  0.12500000E+03  0.00000000E+00  0.69999999E+00  0.10000000E+04
  0.65000000E+01  0.00000000E+00  0.00000000E+00  0.00000000E+00  0.10000000E+04  0.00000000E+00  0.12500000E+03  0.00000000E+00  0.69999999E+00  0.10000000E+04
  0.70000000E+01  0.00000000E+00  0.00000000E+00  0.00000000E+00  0.10000000E+04  0.00000000E+00  0.12500000E+03  0.00000000E+00  0.69999999E+00  0.10000000E+04
  0.75000000E+01  0.00000000E+00  0.00000000E+00  0.00000000E+00  0.10000000E+04  0.00000000E+00  0.12500000E+03  0.00000000E+00  0.69999999E+00  0.10000000E+04
  0.25000000E+00 -0.25000000E+00  0.00000000E+00  0.00000000E+00  0.10054805E+04  0.10931213E+05  0.12500000E+03  0.28836643E-02  0.69999999E+00  0.99999670E+03
  0.75000000E+00 -0.25000000E+00  0.00000000E+00  0.00000000E+00  0.10253083E+04  0.53588195E+05  0.12500000E+03  0.73321476E-02  0.69999999E+00  0.99999139E+03
  0.12500000E+01 -0.25000000E+00  0.00000000E+00  0.00000000E+00  0.10103423E+04  0.20932020E+05  0.12500000E+03  0.59099775E-02  0.69999999E+00  0.99999316E+03
  0.17500000E+01 -0.25000000E+00  0.00000000E+00  0.00000000E+00  0.10185397E+04  0.38461645E+05  0.12500000E+03  0.91070980E-02  0.69999999E+00  0.99998938E+03
  0.22500000E+01 -0.25000000E+00  0.00000000E+00  0.00000000E+00  0.99982031E+03 -0.35239706E+03  0.12500000E+03  0.82760938E-02  0.69999999E+00  0.99999054E+03
  0.27500000E+01 -0.25000000E+00  0.00000000E+00  0.00000000E+00  0.10014238E+04  0.28055269E+04  0.12500000E+03  0.23782377E-02  0.69999999E+00  0.99999725E+03
  0.32500000E+01 -0.25000000E+00  0.00000000E+00  0.00000000E+00  0.10003240E+04  0.63632758E+03  0.12500000E+03  0.20210827E-02  0.69999999E+00  0.99999768E+03
  0.37500000E+01 -0.25000000E+00  0.00000000E+00  0.00000000E+00  0.10000070E+04  0.13565822E+02  0.12500000E+03 -0.15635355E-03  0.69999999E+00  0.10000002E+04
  0.42500000E+01 -0.25000000E+00  0.00000000E+00  0.00000000E+00  0.10000000E+04  0.00000000E+00  0.12500000E+03 -0.40634320E-38  0.69999999E+00  0.10000000E+04
  0.47500000E+01 -0.25000000E+00  0.00000000E+00  0.00000000E+00  0.10000000E+04  0.00000000E+00  0.12500000E+03 -0.13340361E-41  0.69999999E+00  0.10000000E+04
  0.52500000E+01 -0.25000000E+00  0.00000000E+00  0.00000000E+00  0.10000000E+04  0.00000000E+00  0.12500000E+03  0.00000000E+00  0.69999999E+00  0.10000000E+04
  0.57500000E+01 -0.25000000E+00  0.00000000E+00  0.00000000E+00  0.10000000E+04  0.00000000E+00  0.12500000E+03  0.00000000E+00  0.69999999E+00  0.10000000E+04
  0.62500000E+01 -0.25000000E+00  0.00000000E+00  0.00000000E+00  0.10000000E+04  0.00000000E+00  0.12500000E+03  0.00000000E+00  0.69999999E+00  0.10000000E+04
  0.67500000E+01 -0.25000000E+00  0.00000000E+00  0.00000000E+00  0.10000000E+04  0.00000000E+00  0.12500000E+03  0.00000000E+00  0.69999999E+00  0.10000000E+04
  0.72500000E+01 -0.25000000E+00  0.00000000E+00  0.00000000E+00  0.10000000E+04  0.00000000E+00  0.12500000E+03  0.00000000E+00  0.69999999E+00  0.10000000E+04
  0.77500000E+01 -0.25000000E+00  0.00000000E+00  0.00000000E+00  0.10000000E+04  0.00000000E+00  0.12500000E+03  0.00000000E+00  0.69999999E+00  0.10000000E+04
  0.40000000E+01  0.50000000E+00  0.00000000E+00  0.00000000E+00  0.10009950E+04  0.19581058E+04  0.12500000E+03 -0.21584208E-03  0.69999999E+00  0.10000002E+04
  0.37500000E+01  0.25000000E+00  0.00000000E+00  0.00000000E+00  0.10040111E+04  0.79652222E+04  0.12500000E+03 -0.90034836E-03  0.69999999E+00  0.10000010E+04
  0.40000000E+01  0.10000000E+01  0.00000000E+00  0.00000000E+00  0.10047157E+04  0.93840908E+04  0.12500000E+03 -0.77620774E-04  0.69999999E+00  0.10000001E+04
  0.37500000E+01  0.75000000E+00  0.00000000E+00  0.00000000E+00  0.10580164E+04  0.13567036E+06  0.12500000E+03  0.72664430E-03  0.69999999E+00  0.99999915E+03
  0.40000000E+01  0.15000000E+01  0.00000000E+00  0.00000000E+00  0.10015026E+04  0.29612537E+04  0.12500000E+03  0.20485476E-03  0.69999999E+00  0.99999976E+03
  0.37500000E+01  0.12500000E+01  0.00000000E+00  0.00000000E+00  0.10497467E+04  0.11343906E+06  0.12500000E+03  0.41063072E-03  0.69999999E+00  0.99999951E+03
  0.40000000E+01  0.20000000E+01  0.00000000E+00  0.00000000E+00  0.10001676E+04  0.32901282E+03  0.12500000E+03  0.19164399E-03  0.69999999E+00  0.99999976E+03
  0.37500000E+01  0.17500000E+01  0.00000000E+00  0.00000000E+00  0.10233391E+04  0.49125285E+05  0.12500000E+03  0.10787044E-02  0.69999999E+00  0.99999872E+03
  0.45000000E+01  0.50000000E+00  0.00000000E+00  0.00000000E+00  0.10000000E+04  0.00000000E+00  0.12500000E+03  0.44897603E-41  0.69999999E+00  0.10000000E+04
  0.42500000E+01  0.25000000E+00  0.00000000E+00  0.00000000E+00  0.10000018E+04  0.35083482E+01  0.12500000E+03 -0.74084828E-05  0.69999999E+00  0.10000000E+04
  0.45000000E+01  0.10000000E+01  0.00000000E+00  0.00000000E+00  0.10000000E+04  0.00000000E+00  0.12500000E+03 -0.00000000E+00  0.69999999E+00  0.10000000E+04
  0.42500000E+01  0.75000000E+00  0.00000000E+00  0.00000000E+00  0.10000944E+04  0.18529227E+03  0.12500000E+03 -0.75637886E-05  0.69999999E+00  0.10000000E+04
  0.45000000E+01  0.15000000E+01  0.00000000E+00  0.00000000E+00  0.10000000E+04  0.00000000E+00  0.12500000E+03  0.00000000E+00  0.69999999E+00  0.10000000E+04
  0.42500000E+01  0.12500000E+01  0.00000000E+00  0.00000000E+00  0.10000066E+04  0.12864128E+02  0.12500000E+03  0.34267537E-05  0.69999999E+00  0.10000000E+04
  0.45000000E+01  0.20000000E+01  0.00000000E+00  0.00000000E+00  0.10000000E+04  0.00000000E+00  0.12500000E+03  0.00000000E+00  0.69999999E+00  0.10000000E+04
  0.42500000E+01  0.17500000E+01  0.00000000E+00  0.00000000E+00  0.10000031E+04  0.60811610E+01  0.12500000E+03  0.28991612E-05  0.69999999E+00  0.10000000E+04
  0.50000000E+01  0.50000000E+00  0.00000000E+00  0.00000000E+00  0.10000000E+04  0.00000000E+00  0.12500000E+03  0.00000000E+00  0.69999999E+00  0.10000000E+04
  0.47500000E+01  0.25000000E+00  0.00000000E+00  0.00000000E+00  0.10000000E+04  0.00000000E+00  0.12500000E+03  0.13172206E-41  0.69999999E+00  0.10000000E+04
  0.50000000E+01  0.10000000E+01  0.00000000E+00  0.00000000E+00  0.10000000E+04  0.00000000E+00  0.12500000E+03  0.00000000E+00  0.69999999E+00  0.10000000E+04
  0.47500000E+01  0.75000000E+00  0.00000000E+00  0.00000000E+00  0.10000000E+04  0.00000000E+00  0.12500000E+03  0.00000000E+00  0.69999999E+00  0.10000000E+04
  0.50000000E+01  0.15000000E+01  0.00000000E+00  0.00000000E+00  0.10000000E+04  0.00000000E+00  0.12500000E+03 -0.00000000E+00  0.69999999E+00  0.10000000E+04
  0.47500000E+01  0.12500000E+01  0.00000000E+00  0.00000000E+00  0.10000000E+04  0.00000000E+00  0.12500000E+03 -0.00000000E+00  0.69999999E+00  0.10000000E+04
  0.50000000E+01  0.20000000E+01  0.00000000E+00  0.00000000E+00  0.10000000E+04  0.00000000E+00  0.12500000E+03  0.00000000E+00  0.69999999E+00  0.10000000E+04
  0.47500000E+01  0.17500000E+01  0.00000000E+00  0.00000000E+00  0.10000000E+04  0.00000000E+00  0.12500000E+03  0.00000000E+00  0.69999999E+00  0.10000000E+04
  0.25641754E+01  0.96632731E+00  0.80510855E+00  0.89885974E+00  0.10024153E+04  0.47732930E+04  0.12576698E+03  0.12576674E+03  0.10000000E+01  0.00000000E+00
  0.12779273E+01  0.11432973E+01 -0.12327132E+00  0.38779777E+00  0.10073865E+04  0.14817572E+05  0.12561582E+03  0.12561256E+03  0.10000000E+01  0.00000000E+00
  0.82227600E+00  0.13246676E+01  0.57668853E+00  0.20985627E+01  0.10081704E+04  0.16428572E+05  0.12546356E+03  0.12546333E+03  0.10000000E+01  0.00000000E+00
  0.10116922E+01  0.19093264E+01  0.23810601E+01  0.16543529E+01  0.99358710E+03 -0.12342661E+05  0.12531018E+03  0.12531027E+03  0.10000000E+01  0.00000000E+00
  0.17797043E+01  0.15978986E+01  0.15769088E+01 -0.11712916E+01  0.10063596E+04  0.12718085E+05  0.12515567E+03  0.12515567E+03  0.10000000E+01  0.00000000E+00
  0.22710638E+01  0.15731857E+01  0.76424670E+00 -0.46330529E+00  0.10073782E+04  0.14800461E+05  0.12500000E+03  0.12500000E+03  0.10000000E+01  0.00000000E+00
  0.24003100E+01  0.99086237E+00  0.13778074E+01  0.12381719E+00  0.10002079E+04  0.40815628E+03  0.12576698E+03  0.12575494E+03  0.10000000E+01  0.00000000E+00
  0.11914636E+01  0.11234245E+01 -0.39832190E+00  0.27246234E+00  0.10076038E+04  0.15263244E+05  0.12561582E+03  0.12560624E+03  0.10000000E+01  0.00000000E+00
  0.10459354E+01  0.15704987E+01 -0.10214349E+01  0.75388026E+00  0.10026380E+04  0.52168623E+04  0.12546356E+03  0.12546037E+03  0.10000000E+01  0.00000000E+00
  0.21809790E+01  0.14163045E+01  0.75622350E+00 -0.33183685E+00  0.10080643E+04  0.16210311E+05  0.12531018E+03  0.12531038E+03  0.10000000E+01  0.00000000E+00
  0.85618925E+00  0.11528081E+01  0.50742316E+00 -0.85303657E-01  0.10046590E+04  0.92695918E+04  0.12515567E+03  0.12515567E+03  0.10000000E+01  0.00000000E+00
  0.80754590E+00  0.83650196E+00 -0.23734793E+00  0.82431650E+00  0.10017379E+04  0.34274561E+04  0.12500000E+03  0.12500000E+03  0.10000000E+01  0.00000000E+00
  0.17940576E+01  0.10079560E+01 -0.60638690E+00 -0.44212508E+00  0.99539282E+03 -0.89153447E+04  0.12576698E+03  0.12575644E+03  0.10000000E+01  0.00000000E+00
  0.21841090E+01  0.12575589E+01 -0.27981901E+00 -0.79248291E+00  0.10094458E+04  0.19066145E+05  0.12561582E+03  0.12561089E+03  0.10000000E+01  0.00000000E+00
  0.27199283E+01  0.87612069E+00 -0.36529717E+00 -0.26398057E+00  0.10017656E+04  0.34825273E+04  0.12546356E+03  0.12546005E+03  0.10000000E+01  0.00000000E+00
  0.22080991E+01  0.88513160E+00 -0.19414422E+00  0.14583087E+01  0.10131294E+04  0.26796916E+05  0.12531018E+03  0.12531018E+03  0.10000000E+01  0.00000000E+00
  0.28478565E+01  0.80547750E+00 -0.23994206E+00 -0.22648856E+00  0.10007477E+04  0.14704790E+04  0.12515567E+03  0.12515553E+03  0.10000000E+01  0.00000000E+00
  0.83353543E+00  0.17602723E+01  0.18647470E+00 -0.35527575E+00  0.10149724E+04  0.30728857E+05  0.12500000E+03  0.12499989E+03  0.10000000E+01  0.00000000E+00
  0.85323119E+00  0.10538410E+01 -0.13356411E+00  0.61611557E+00  0.10026116E+04  0.51641162E+04  0.12576698E+03  0.12576566E+03  0.10000000E+01  0.00000000E+00
  0.21500974E+01  0.12525618E+01 -0.71150899E+00 -0.96443009E+00  0.10079109E+04  0.15894579E+05  0.12561582E+03  0.12561221E+03  0.10000000E+01  0.00000000E+00
  0.28076377E+01  0.92977929E+00  0.36326337E+00  0.16329203E+01  0.10007176E+04  0.14110446E+04  0.12546356E+03  0.12546202E+03  0.10000000E+01  0.00000000E+00
  0.15538030E+01  0.94001305E+00 -0.20271783E+00 -0.68603635E+00  0.10036080E+04  0.71559570E+04  0.12531018E+03  0.12530890E+03  0.10000000E+01  0.00000000E+00
  0.10250821E+01  0.20437689E+01 -0.30001833E+01 -0.34274578E+00  0.10000013E+04  0.25727851E+01  0.12515567E+03  0.12515567E+03  0.10000000E+01  0.00000000E+00
  0.16717279E+01  0.80987811E+00 -0.27203066E+01  0.21332455E+00  0.10083523E+04  0.16803547E+05  0.12500000E+03  0.12500012E+03  0.10000000E+01  0.00000000E+00
  0.14163675E+01  0.16379128E+01 -0.15274280E+01 -0.42327017E+00  0.10084937E+04  0.17095256E+05  0.12561582E+03  0.12561399E+03  0.10000000E+01  0.00000000E+00
  0.29055080E+01  0.12763665E+01  0.22714859E+00 -0.49688673E+00  0.99887872E+03 -0.21925701E+04  0.12531018E+03  0.12531004E+03  0.10000000E+01  0.00000000E+00
  0.15260208E+01  0.20225487E+01  0.17755284E+01 -0.21482797E+01  0.99706659E+03 -0.57048970E+04  0.12500000E+03  0.12500000E+03  0.10000000E+01  0.00000000E+00
