  0.00000000E+00  0.00000000E+00  0.00000000E+00  0.00000000E+00  0.10009386E+04  0.18468331E+04  0.12500000E+03  0.20219667E-02  0.69999999E+00  0.99999768E+03
  0.00000000E+00  0.50000000E+00  0.00000000E+00  0.00000000E+00  0.10067878E+04  0.13592143E+05  0.12500000E+03  0.17685755E-02  0.69999999E+00  0.99999799E+03
  0.00000000E+00  0.10000000E+01  0.00000000E+00  0.00000000E+00  0.10245225E+04  0.51800801E+05  0.12500000E+03  0.26158879E-02  0.69999999E+00  0.99999695E+03
  0.00000000E+00  0.15000000E+01  0.00000000E+00  0.00000000E+00  0.10454218E+04  0.10222323E+06  0.12500000E+03  0.92092808E-03  0.69999999E+00  0.99999890E+03
  0.00000000E+00  0.20000000E+01  0.00000000E+00  0.00000000E+00  0.10293674E+04  0.62951188E+05  0.12500000E+03 -0.88417239E-03  0.69999999E+00  0.10000010E+04
  0.00000000E+00  0.25000000E+01  0.00000000E+00  0.00000000E+00  0.10010237E+04  0.20145800E+04  0.12500000E+03  0.19176956E-03  0.69999999E+00  0.99999976E+03
  0.00000000E+00  0.30000000E+01  0.00000000E+00  0.00000000E+00  0.10000000E+04  0.00000000E+00  0.12500000E+03  0.00000000E+00  0.69999999E+00  0.10000000E+04
  0.00000000E+00  0.35000000E+01  0.00000000E+00  0.00000000E+00  0.10000000E+04  0.00000000E+00  0.12500000E+03  0.00000000E+00  0.69999999E+00  0.10000000E+04
  0.00000000E+00  0.40000000E+01  0.00000000E+00  0.00000000E+00  0.10000000E+04  0.00000000E+00  0.12500000E+03  0.00000000E+00  0.69999999E+00  0.10000000E+04
 -0.25000000E+00 -0.25000000E+00  0.00000000E+00  0.00000000E+00  0.10006414E+04  0.12607445E+04  0.12500000E+03  0.52005530E-03  0.69999999E+00  0.99999939E+03
 -0.25000000E+00  0.25000000E+00  0.00000000E+00  0.00000000E+00  0.10006904E+04  0.13574922E+04  0.12500000E+03  0.81722374E-03  0.69999999E+00  0.99999908E+03
 -0.25000000E+00  0.75000000E+00  0.00000000E+00  0.00000000E+00  0.10023527E+04  0.46487349E+04  0.12500000E+03  0.10614427E-03  0.69999999E+00  0.99999988E+03
 -0.25000000E+00  0.12500000E+01  0.00000000E+00  0.00000000E+00  0.10001602E+04  0.31426334E+03  0.12500000E+03  0.84628403E-03  0.69999999E+00  0.99999902E+03
 -0.25000000E+00  0.17500000E+01  0.00000000E+00  0.00000000E+00  0.10016562E+04  0.32658403E+04  0.12500000E+03 -0.26435306E-03  0.69999999E+00  0.10000003E+04
 -0.25000000E+00  0.22500000E+01  0.00000000E+00  0.00000000E+00  0.10005438E+04  0.10687423E+04  0.12500000E+03 -0.10291343E-03  0.69999999E+00  0.10000001E+04
 -0.25000000E+00  0.27500000E+01  0.00000000E+00  0.00000000E+00  0.10000000E+04  0.00000000E+00  0.12500000E+03  0.00000000E+00  0.69999999E+00  0.10000000E+04
 -0.25000000E+00  0.32500000E+01  0.00000000E+00  0.00000000E+00  0.10000000E+04  0.00000000E+00  0.12500000E+03  0.00000000E+00  0.69999999E+00  0.10000000E+04
 -0.25000000E+00  0.37500000E+01  0.00000000E+00  0.00000000E+00  0.10000000E+04  0.00000000E+00  0.12500000E+03  0.00000000E+00  0.69999999E+00  0.10000000E+04
  0.80000000E+01  0.00000000E+00  0.00000000E+00  0.00000000E+00  0.10000000E+04  0.00000000E+00  0.12500000E+03  0.00000000E+00  0.69999999E+00  0.10000000E+04
  0.80000000E+01  0.50000000E+00  0.00000000E+00  0.00000000E+00  0.10000000E+04  0.00000000E+00  0.12500000E+03  0.00000000E+00  0.69999999E+00  0.10000000E+04
  0.80000000E+01  0.10000000E+01  0.00000000E+00  0.00000000E+00  0.10000000E+04  0.00000000E+00  0.12500000E+03  0.00000000E+00  0.69999999E+00  0.10000000E+04
  0.80000000E+01  0.15000000E+01  0.00000000E+00  0.00000000E+00  0.10000000E+04  0.00000000E+00  0.12500000E+03  0.00000000E+00  0.69999999E+00  0.10000000E+04
  0.80000000E+01  0.20000000E+01  0.00000000E+00  0.00000000E+00  0.10000000E+04  0.00000000E+00  0.12500000E+03  0.00000000E+00  0.69999999E+00  0.10000000E+04
  0.80000000E+01  0.25000000E+01  0.00000000E+00  0.00000000E+00  0.10000000E+04  0.00000000E+00  0.12500000E+03  0.00000000E+00  0.69999999E+00  0.10000000E+04
  0.80000000E+01  0.30000000E+01  0.00000000E+00  0.00000000E+00  0.10000000E+04  0.00000000E+00  0.12500000E+03  0.00000000E+00  0.69999999E+00  0.10000000E+04
  0.80000000E+01  0.35000000E+01  0.00000000E+00  0.00000000E+00  0.10000000E+04  0.00000000E+00  0.12500000E+03  0.00000000E+00  0.69999999E+00  0.10000000E+04
  0.80000000E+01  0.40000000E+01  0.00000000E+00  0.00000000E+00  0.10000000E+04  0.00000000E+00  0.12500000E+03  0.00000000E+00  0.69999999E+00  0.10000000E+04
  0.82500000E+01 -0.25000000E+00  0.00000000E+00  0.00000000E+00  0.10000000E+04  0.00000000E+00  0.12500000E+03  0.00000000E+00  0.69999999E+00  0.10000000E+04
  0.82500000E+01  0.25000000E+00  0.00000000E+00  0.00000000E+00  0.10000000E+04  0.00000000E+00  0.12500000E+03  0.00000000E+00  0.69999999E+00  0.10000000E+04
  0.82500000E+01  0.75000000E+00  0.00000000E+00  0.00000000E+00  0.10000000E+04  0.00000000E+00  0.12500000E+03  0.00000000E+00  0.69999999E+00  0.10000000E+04
  0.82500000E+01  0.12500000E+01  0.00000000E+00  0.00000000E+00  0.10000000E+04  0.00000000E+00  0.12500000E+03  0.00000000E+00  0.69999999E+00  0.10000000E+04
  0.82500000E+01  0.17500000E+01  0.00000000E+00  0.00000000E+00  0.10000000E+04  0.00000000E+00  0.12500000E+03  0.00000000E+00  0.69999999E+00  0.10000000E+04
  0.82500000E+01  0.22500000E+01  0.00000000E+00  0.00000000E+00  0.10000000E+04  0.00000000E+00  0.12500000E+03  0.00000000E+00  0.69999999E+00  0.10000000E+04
  0.82500000E+01  0.27500000E+01  0.00000000E+00  0.00000000E+00  0.10000000E+04  0.00000000E+00  0.12500000E+03  0.00000000E+00  0.69999999E+00  0.10000000E+04
  0.82500000E+01  0.32500000E+01  0.00000000E+00  0.00000000E+00  0.10000000E+04  0.00000000E+00  0.12500000E+03  0.00000000E+00  0.69999999E+00  0.10000000E+04
  0.82500000E+01  0.37500000E+01  0.00000000E+00  0.00000000E+00  0.10000000E+04  0.00000000E+00  0.12500000E+03  0.00000000E+00  0.69999999E+00  0.10000000E+04
  0.50000000E+00  0.00000000E+00  0.00000000E+00  0.00000000E+00  0.10383651E+04  0.84511586E+05  0.12500000E+03  0.97920988E-02  0.69999999E+00  0.99998840E+03
  0.10000000E+01  0.00000000E+00  0.00000000E+00  0.00000000E+00  0.10420447E+04  0.93657133E+05  0.12500000E+03  0.45863078E-02  0.69999999E+00  0.99999457E+03
  0.15000000E+01  0.00000000E+00  0.00000000E+00  0.00000000E+00  0.10405933E+04  0.90026508E+05  0.12500000E+03  0.17558970E-01  0.69999999E+00  0.99997913E+03
  0.20000000E+01  0.00000000E+00  0.00000000E+00  0.00000000E+00  0.11738843E+04  0.58066431E+06  0.12500000E+03  0.19743813E-01  0.69999999E+00  0.99997351E+03
  0.25000000E+01  0.00000000E+00  0.00000000E+00  0.00000000E+00  0.10029761E+04  0.58914209E+04  0.12500000E+03  0.33287313E-02  0.69999999E+00  0.99999615E+03
  0.30000000E+01  0.00000000E+00  0.00000000E+00  0.00000000E+00  0.10236694E+04  0.49870332E+05  0.12500000E+03  0.51878775E-02  0.69999999E+00  0.99999396E+03
  0.35000000E+01  0.00000000E+00  0.00000000E+00  0.00000000E+00  0.10041534E+04  0.82513955E+04  0.12500000E+03  0.19657521E-02  0.69999999E+00  0.99999774E+03
  0.40000000E+01  0.00000000E+00  0.00000000E+00  0.00000000E+00  0.10000137E+04  0.26898298E+02  0.12500000E+03 -0.68247195E-04  0.69999999E+00  0.10000001E+04
  0.45000000E+01  0.00000000E+00  0.00000000E+00  0.00000000E+00  0.10000000E+04  0.00000000E+00  0.12500000E+03  0.13648647E-41  0.69999999E+00  0.10000000E+04
  0.50000000E+01  0.00000000E+00  0.00000000E+00  0.00000000E+00  0.10000000E+04  0.00000000E+00  0.12500000E+03 -0.00000000E+00  0.69999999E+00  0.10000000E+04
  0.55000000E+01  0.00000000E+00  0.00000000E+00  0.00000000E+00  0.10000000E+04  0.00000000E+00  0.12500000E+03  0.00000000E+00  0.69999999E+00  0.10000000E+04
  0.60000000E+01  0.00000000E+00  0.00000000E+00  0.00000000E+00  0.10000000E+04  0.00000000E+00  0.12500000E+03  0.00000000E+00  0.69999999E+00  0.10000000E+04
  0.65000000E+01  0.00000000E+00  0.00000000E+00  0.00000000E+00  0.10000000E+04  0.00000000E+00  0.12500000E+03  0.00000000E+00  0.69999999E+00  0.10000000E+04
  0.70000000E+01  0.00000000E+00  0.00000000E+00  0.00000000E+00  0.10000000E+04  0.00000000E+00  0.12500000E+03  0.00000000E+00  0.69999999E+00  0.10000000E+04
  0.75000000E+01  0.00000000E+00  0.00000000E+00  0.00000000E+00  0.10000000E+04  0.00000000E+00  0.12500000E+03  0.00000000E+00  0.69999999E+00  0.10000000E+04
  0.25000000E+00 -0.25000000E+00  0.00000000E+00  0.00000000E+00  0.10055072E+04  0.10985354E+05  0.12500000E+03  0.28761351E-02  0.69999999E+00  0.99999670E+03
  0.75000000E+00 -0.25000000E+00  0.00000000E+00  0.00000000E+00  0.10259175E+04  0.54979211E+05  0.12500000E+03  0.73158215E-02  0.69999999E+00  0.99999139E+03
  0.12500000E+01 -0.25000000E+00  0.00000000E+00  0.00000000E+00  0.10102365E+04  0.20711418E+05  0.12500000E+03  0.59024170E-02  0.69999999E+00  0.99999316E+03
  0.17500000E+01 -0.25000000E+00  0.00000000E+00  0.00000000E+00  0.10184384E+04  0.38239738E+05  0.12500000E+03  0.90726539E-02  0.69999999E+00  0.99998944E+03
  0.22500000E+01 -0.25000000E+00  0.00000000E+00  0.00000000E+00  0.10005078E+04  0.99788483E+03  0.12500000E+03  0.82216691E-02  0.69999999E+00  0.99999060E+03
  0.27500000E+01 -0.25000000E+00  0.00000000E+00  0.00000000E+00  0.10014375E+04  0.28326558E+04  0.12500000E+03  0.23398169E-02  0.69999999E+00  0.99999731E+03
  0.32500000E+01 -0.25000000E+00  0.00000000E+00  0.00000000E+00  0.10002277E+04  0.44703253E+03  0.12500000E+03  0.19971780E-02  0.69999999E+00  0.99999774E+03
  0.37500000E+01 -0.25000000E+00  0.00000000E+00  0.00000000E+00  0.10000070E+04  0.13565822E+02  0.12500000E+03 -0.15635355E-03  0.69999999E+00  0.10000002E+04
  0.42500000E+01 -0.25000000E+00  0.00000000E+00  0.00000000E+00  0.10000000E+04  0.00000000E+00  0.12500000E+03 -0.36477425E-38  0.69999999E+00  0.10000000E+04
  0.47500000E+01 -0.25000000E+00  0.00000000E+00  0.00000000E+00  0.10000000E+04  0.00000000E+00  0.12500000E+03 -0.11798933E-41  0.69999999E+00  0.10000000E+04
  0.52500000E+01 -0.25000000E+00  0.00000000E+00  0.00000000E+00  0.10000000E+04  0.00000000E+00  0.12500000E+03  0.00000000E+00  0.69999999E+00  0.10000000E+04
  0.57500000E+01 -0.25000000E+00  0.00000000E+00  0.00000000E+00  0.10000000E+04  0.00000000E+00  0.12500000E+03  0.00000000E+00  0.69999999E+00  0.10000000E+04
  0.62500000E+01 -0.25000000E+00  0.00000000E+00  0.00000000E+00  0.10000000E+04  0.00000000E+00  0.12500000E+03  0.00000000E+00  0.69999999E+00  0.10000000E+04
  0.67500000E+01 -0.25000000E+00  0.00000000E+00  0.00000000E+00  0.10000000E+04  0.00000000E+00  0.12500000E+03  0.00000000E+00  0.69999999E+00  0.10000000E+04
  0.72500000E+01 -0.25000000E+00  0.00000000E+00  0.00000000E+00  0.10000000E+04  0.00000000E+00  0.12500000E+03  0.00000000E+00  0.69999999E+00  0.10000000E+04
  0.77500000E+01 -0.25000000E+00  0.00000000E+00  0.00000000E+00  0.10000000E+04  0.00000000E+00  0.12500000E+03  0.00000000E+00  0.69999999E+00  0.10000000E+04
  0.40000000E+01  0.50000000E+00  0.00000000E+00  0.00000000E+00  0.10009829E+04  0.19341073E+04  0.12500000E+03 -0.21110715E-03  0.69999999E+00  0.10000002E+04
  0.37500000E+01  0.25000000E+00  0.00000000E+00  0.00000000E+00  0.10039194E+04  0.77810400E+04  0.12500000E+03 -0.88483369E-03  0.69999999E+00  0.10000010E+04
  0.40000000E+01  0.10000000E+01  0.00000000E+00  0.00000000E+00  0.10043455E+04  0.86376602E+04  0.12500000E+03 -0.77886682E-04  0.69999999E+00  0.10000001E+04
  0.37500000E+01  0.75000000E+00  0.00000000E+00  0.00000000E+00  0.10556094E+04  0.12909139E+06  0.12500000E+03  0.72638749E-03  0.69999999E+00  0.99999915E+03
  0.40000000E+01  0.15000000E+01  0.00000000E+00  0.00000000E+00  0.10011106E+04  0.21861792E+04  0.12500000E+03  0.20302503E-03  0.69999999E+00  0.99999976E+03
  0.37500000E+01  0.12500000E+01  0.00000000E+00  0.00000000E+00  0.10426901E+04  0.95281383E+05  0.12500000E+03  0.39677124E-03  0.69999999E+00  0.99999951E+03
  0.40000000E+01  0.20000000E+01  0.00000000E+00  0.00000000E+00  0.10001676E+04  0.32901282E+03  0.12500000E+03  0.19164399E-03  0.69999999E+00  0.99999976E+03
  0.37500000E+01  0.17500000E+01  0.00000000E+00  0.00000000E+00  0.10212209E+04  0.44381840E+05  0.12500000E+03  0.10676451E-02  0.69999999E+00  0.99999878E+03
  0.45000000E+01  0.50000000E+00  0.00000000E+00  0.00000000E+00  0.10000000E+04  0.00000000E+00  0.12500000E+03  0.40385422E-41  0.69999999E+00  0.10000000E+04
  0.42500000E+01  0.25000000E+00  0.00000000E+00  0.00000000E+00  0.10000018E+04  0.35083482E+01  0.12500000E+03 -0.74084828E-05  0.69999999E+00  0.10000000E+04
  0.45000000E+01  0.10000000E+01  0.00000000E+00  0.00000000E+00  0.10000000E+04  0.00000000E+00  0.12500000E+03 -0.00000000E+00  0.69999999E+00  0.10000000E+04
  0.42500000E+01  0.75000000E+00  0.00000000E+00  0.00000000E+00  0.10000944E+04  0.18529227E+03  0.12500000E+03 -0.75637886E-05  0.69999999E+00  0.10000000E+04
  0.45000000E+01  0.15000000E+01  0.00000000E+00  0.00000000E+00  0.10000000E+04  0.00000000E+00  0.12500000E+03  0.00000000E+00  0.69999999E+00  0.10000000E+04
  0.42500000E+01  0.12500000E+01  0.00000000E+00  0.00000000E+00  0.10000066E+04  0.12864128E+02  0.12500000E+03  0.34267537E-05  0.69999999E+00  0.10000000E+04
  0.45000000E+01  0.20000000E+01  0.00000000E+00  0.00000000E+00  0.10000000E+04  0.00000000E+00  0.12500000E+03  0.00000000E+00  0.69999999E+00  0.10000000E+04
  0.42500000E+01  0.17500000E+01  0.00000000E+00  0.00000000E+00  0.10000031E+04  0.60811610E+01  0.12500000E+03  0.28991612E-05  0.69999999E+00  0.10000000E+04
  0.50000000E+01  0.50000000E+00  0.00000000E+00  0.00000000E+00  0.10000000E+04  0.00000000E+00  0.12500000E+03  0.00000000E+00  0.69999999E+00  0.10000000E+04
  0.47500000E+01  0.25000000E+00  0.00000000E+00  0.00000000E+00  0.10000000E+04  0.00000000E+00  0.12500000E+03  0.11658803E-41  0.69999999E+00  0.10000000E+04
  0.50000000E+01  0.10000000E+01  0.00000000E+00  0.00000000E+00  0.10000000E+04  0.00000000E+00  0.12500000E+03  0.00000000E+00  0.69999999E+00  0.10000000E+04
  0.47500000E+01  0.75000000E+00  0.00000000E+00  0.00000000E+00  0.10000000E+04  0.00000000E+00  0.12500000E+03  0.00000000E+00  0.69999999E+00  0.10000000E+04
  0.50000000E+01  0.15000000E+01  0.00000000E+00  0.00000000E+00  0.10000000E+04  0.00000000E+00  0.12500000E+03 -0.00000000E+00  0.69999999E+00  0.10000000E+04
  0.47500000E+01  0.12500000E+01  0.00000000E+00  0.00000000E+00  0.10000000E+04  0.00000000E+00  0.12500000E+03 -0.00000000E+00  0.69999999E+00  0.10000000E+04
  0.50000000E+01  0.20000000E+01  0.00000000E+00  0.00000000E+00  0.10000000E+04  0.00000000E+00  0.12500000E+03  0.00000000E+00  0.69999999E+00  0.10000000E+04
  0.47500000E+01  0.17500000E+01  0.00000000E+00  0.00000000E+00  0.10000000E+04  0.00000000E+00  0.12500000E+03  0.00000000E+00  0.69999999E+00  0.10000000E+04
  0.25472586E+01  0.94553566E+00  0.72613275E+00  0.67781389E+00  0.99590228E+03 -0.79415273E+04  0.12576698E+03  0.12576674E+03  0.10000000E+01  0.00000000E+00
  0.12837650E+01  0.11313742E+01  0.19668005E+00  0.23115936E+00  0.10049418E+04  0.98407881E+04  0.12561582E+03  0.12561256E+03  0.10000000E+01  0.00000000E+00
  0.82107866E+00  0.12654618E+01 -0.18710545E+00  0.20749736E+01  0.10102508E+04  0.20741254E+05  0.12546356E+03  0.12546333E+03  0.10000000E+01  0.00000000E+00
  0.96395028E+00  0.18478204E+01  0.18177173E+01  0.29330678E+01  0.99388342E+03 -0.11782730E+05  0.12531018E+03  0.12531027E+03  0.10000000E+01  0.00000000E+00
  0.17324655E+01  0.16378013E+01  0.19405019E+01 -0.12618289E+01  0.10039235E+04  0.77889419E+04  0.12515567E+03  0.12515567E+03  0.10000000E+01  0.00000000E+00
  0.22520227E+01  0.15881758E+01  0.54393554E+00  0.15832443E-01  0.99990814E+03 -0.18016154E+03  0.12500000E+03  0.12500000E+03  0.10000000E+01  0.00000000E+00
  0.23806114E+01  0.98918438E+00  0.67650110E+00 -0.43312764E+00  0.98613739E+03 -0.26093092E+05  0.12576698E+03  0.12575494E+03  0.10000000E+01  0.00000000E+00
  0.12028943E+01  0.11112010E+01 -0.16536745E+00  0.13607100E+00  0.10059487E+04  0.11881882E+05  0.12561582E+03  0.12560624E+03  0.10000000E+01  0.00000000E+00
  0.10735128E+01  0.15409327E+01 -0.12195066E+01  0.11608458E+01  0.99074213E+03 -0.17667145E+05  0.12546356E+03  0.12546037E+03  0.10000000E+01  0.00000000E+00
  0.21662257E+01  0.14301585E+01  0.46786296E+00 -0.16516623E+00  0.10014193E+04  0.27965630E+04  0.12531018E+03  0.12531038E+03  0.10000000E+01  0.00000000E+00
  0.85487103E+00  0.11392173E+01 -0.81476778E-01  0.57466373E-01  0.10080568E+04  0.16194604E+05  0.12515567E+03  0.12515567E+03  0.10000000E+01  0.00000000E+00
  0.82057667E+00  0.81105661E+00 -0.52461565E+00  0.57269776E+00  0.10085944E+04  0.17303244E+05  0.12500000E+03  0.12500000E+03  0.10000000E+01  0.00000000E+00
  0.18161182E+01  0.10318921E+01 -0.85287297E+00 -0.14827857E+01  0.98632733E+03 -0.25750137E+05  0.12576698E+03  0.12575644E+03  0.10000000E+01  0.00000000E+00
  0.21921408E+01  0.12762312E+01 -0.67771614E+00 -0.69457966E+00  0.10100891E+04  0.20404002E+05  0.12561582E+03  0.12561089E+03  0.10000000E+01  0.00000000E+00
  0.27206941E+01  0.87716115E+00 -0.12351832E+00 -0.41801256E+00  0.10075599E+04  0.15173183E+05  0.12546356E+03  0.12546005E+03  0.10000000E+01  0.00000000E+00
  0.22211411E+01  0.85859990E+00 -0.92236376E+00  0.94086987E+00  0.10108591E+04  0.22012148E+05  0.12531018E+03  0.12531018E+03  0.10000000E+01  0.00000000E+00
  0.28421335E+01  0.80681205E+00  0.19727063E+00 -0.22466697E+00  0.10146918E+04  0.30127434E+05  0.12515567E+03  0.12515553E+03  0.10000000E+01  0.00000000E+00
  0.84566951E+00  0.17559249E+01 -0.12304108E+01  0.19794306E+00  0.98667072E+03 -0.25129186E+05  0.12500000E+03  0.12499989E+03  0.10000000E+01  0.00000000E+00
  0.86644840E+00  0.10289985E+01 -0.83719295E+00  0.46597564E+00  0.10017812E+04  0.35134944E+04  0.12576698E+03  0.12576566E+03  0.10000000E+01  0.00000000E+00
  0.21650910E+01  0.12741842E+01 -0.98185384E+00 -0.79384840E+00  0.10083386E+04  0.16775275E+05  0.12561582E+03  0.12561221E+03  0.10000000E+01  0.00000000E+00
  0.27881169E+01  0.88842845E+00  0.86218631E+00  0.16148357E+01  0.10109482E+04  0.22198859E+05  0.12546356E+03  0.12546202E+03  0.10000000E+01  0.00000000E+00
  0.15619626E+01  0.96544766E+00  0.29259288E+00 -0.13530318E+01  0.10036426E+04  0.72255127E+04  0.12531018E+03  0.12530890E+03  0.10000000E+01  0.00000000E+00
  0.11113701E+01  0.20405011E+01 -0.29557211E+01  0.36453265E+00  0.10049819E+04  0.99217441E+04  0.12515567E+03  0.12515567E+03  0.10000000E+01  0.00000000E+00
  0.17381155E+01  0.81907547E+00 -0.18351321E+01 -0.31699991E+00  0.10311039E+04  0.67024711E+05  0.12500000E+03  0.12500012E+03  0.10000000E+01  0.00000000E+00
  0.14473848E+01  0.16471236E+01 -0.87909627E+00 -0.65759256E-01  0.99898010E+03 -0.19949220E+04  0.12561582E+03  0.12561399E+03  0.10000000E+01  0.00000000E+00
  0.28727870E+01  0.12708232E+01  0.17246950E+01  0.54282701E+00  0.10060098E+04  0.12005993E+05  0.12531018E+03  0.12531004E+03  0.10000000E+01  0.00000000E+00
  0.14641495E+01  0.20816798E+01  0.21795108E+01 -0.14530151E+01  0.10050164E+04  0.99913906E+04  0.12500000E+03  0.12500000E+03  0.10000000E+01  0.00000000E+00
