  0.00000000E+00  0.00000000E+00  0.00000000E+00  0.00000000E+00  0.10009697E+04  0.19082284E+04  0.12500000E+03  0.17802669E-02  0.69999999E+00  0.99999799E+03
  0.00000000E+00  0.50000000E+00  0.00000000E+00  0.00000000E+00  0.10015798E+04  0.31144563E+04  0.12500000E+03  0.10951711E-02  0.69999999E+00  0.99999872E+03
  0.00000000E+00  0.10000000E+01  0.00000000E+00  0.00000000E+00  0.10060354E+04  0.12058124E+05  0.12500000E+03  0.20385904E-02  0.69999999E+00  0.99999768E+03
  0.00000000E+00  0.15000000E+01  0.00000000E+00  0.00000000E+00  0.10485674E+04  0.11035316E+06  0.12500000E+03  0.75911917E-03  0.69999999E+00  0.99999908E+03
  0.00000000E+00  0.20000000E+01  0.00000000E+00  0.00000000E+00  0.10110811E+04  0.22477361E+05  0.12500000E+03 -0.43684439E-03  0.69999999E+00  0.10000005E+04
  0.00000000E+00  0.25000000E+01  0.00000000E+00  0.00000000E+00  0.10002466E+04  0.48403955E+03  0.12500000E+03  0.71152863E-04  0.69999999E+00  0.99999994E+03
  0.00000000E+00  0.30000000E+01  0.00000000E+00  0.00000000E+00  0.10000000E+04  0.00000000E+00  0.12500000E+03  0.00000000E+00  0.69999999E+00  0.10000000E+04
  0.00000000E+00  0.35000000E+01  0.00000000E+00  0.00000000E+00  0.10000000E+04  0.00000000E+00  0.12500000E+03  0.00000000E+00  0.69999999E+00  0.10000000E+04
  0.00000000E+00  0.40000000E+01  0.00000000E+00  0.00000000E+00  0.10000000E+04  0.00000000E+00  0.12500000E+03  0.00000000E+00  0.69999999E+00  0.10000000E+04
 -0.25000000E+00 -0.25000000E+00  0.00000000E+00  0.00000000E+00  0.10006414E+04  0.12607445E+04  0.12500000E+03  0.52005530E-03  0.69999999E+00  0.99999939E+03
 -0.25000000E+00  0.25000000E+00  0.00000000E+00  0.00000000E+00  0.10011837E+04  0.23307783E+04  0.12500000E+03  0.71021012E-03  0.69999999E+00  0.99999921E+03
 -0.25000000E+00  0.75000000E+00  0.00000000E+00  0.00000000E+00  0.10061974E+04  0.12387581E+05  0.12500000E+03 -0.45782865E-04  0.69999999E+00  0.10000001E+04
 -0.25000000E+00  0.12500000E+01  0.00000000E+00  0.00000000E+00  0.10053114E+04  0.10588434E+05  0.12500000E+03  0.66387426E-03  0.69999999E+00  0.99999927E+03
 -0.25000000E+00  0.17500000E+01  0.00000000E+00  0.00000000E+00  0.10003522E+04  0.69163733E+03  0.12500000E+03 -0.13690733E-03  0.69999999E+00  0.10000002E+04
 -0.25000000E+00  0.22500000E+01  0.00000000E+00  0.00000000E+00  0.10004730E+04  0.92938812E+03  0.12500000E+03 -0.62706749E-04  0.69999999E+00  0.10000001E+04
 -0.25000000E+00  0.27500000E+01  0.00000000E+00  0.00000000E+00  0.10000000E+04  0.00000000E+00  0.12500000E+03  0.00000000E+00  0.69999999E+00  0.10000000E+04
 -0.25000000E+00  0.32500000E+01  0.00000000E+00  0.00000000E+00  0.10000000E+04  0.00000000E+00  0.12500000E+03  0.00000000E+00  0.69999999E+00  0.10000000E+04
 -0.25000000E+00  0.37500000E+01  0.00000000E+00  0.00000000E+00  0.10000000E+04  0.00000000E+00  0.12500000E+03  0.00000000E+00  0.69999999E+00  0.10000000E+04
  0.80000000E+01  0.00000000E+00  0.00000000E+00  0.00000000E+00  0.10000000E+04  0.00000000E+00  0.12500000E+03  0.00000000E+00  0.69999999E+00  0.10000000E+04
  0.80000000E+01  0.50000000E+00  0.00000000E+00  0.00000000E+00  0.10000000E+04  0.00000000E+00  0.12500000E+03  0.00000000E+00  0.69999999E+00  0.10000000E+04
  0.80000000E+01  0.10000000E+01  0.00000000E+00  0.00000000E+00  0.10000000E+04  0.00000000E+00  0.12500000E+03  0.00000000E+00  0.69999999E+00  0.10000000E+04
  0.80000000E+01  0.15000000E+01  0.00000000E+00  0.00000000E+00  0.10000000E+04  0.00000000E+00  0.12500000E+03  0.00000000E+00  0.69999999E+00  0.10000000E+04
  0.80000000E+01  0.20000000E+01  0.00000000E+00  0.00000000E+00  0.10000000E+04  0.00000000E+00  0.12500000E+03  0.00000000E+00  0.69999999E+00  0.10000000E+04
  0.80000000E+01  0.25000000E+01  0.00000000E+00  0.00000000E+00  0.10000000E+04  0.00000000E+00  0.12500000E+03  0.00000000E+00  0.69999999E+00  0.10000000E+04
  0.80000000E+01  0.30000000E+01  0.00000000E+00  0.00000000E+00  0.10000000E+04  0.00000000E+00  0.12500000E+03  0.00000000E+00  0.69999999E+00  0.10000000E+04
  0.80000000E+01  0.35000000E+01  0.00000000E+00  0.00000000E+00  0.10000000E+04  0.00000000E+00  0.12500000E+03  0.00000000E+00  0.69999999E+00  0.10000000E+04
  0.80000000E+01  0.40000000E+01  0.00000000E+00  0.00000000E+00  0.10000000E+04  0.00000000E+00  0.12500000E+03  0.00000000E+00  0.69999999E+00  0.10000000E+04
  0.82500000E+01 -0.25000000E+00  0.00000000E+00  0.00000000E+00  0.10000000E+04  0.00000000E+00  0.12500000E+03  0.00000000E+00  0.69999999E+00  0.10000000E+04
  0.82500000E+01  0.25000000E+00  0.00000000E+00  0.00000000E+00  0.10000000E+04  0.00000000E+00  0.12500000E+03  0.00000000E+00  0.69999999E+00  0.10000000E+04
  0.82500000E+01  0.75000000E+00  0.00000000E+00  0.00000000E+00  0.10000000E+04  0.00000000E+00  0.12500000E+03  0.00000000E+00  0.69999999E+00  0.10000000E+04
  0.82500000E+01  0.12500000E+01  0.00000000E+00  0.00000000E+00  0.10000000E+04  0.00000000E+00  0.12500000E+03  0.00000000E+00  0.69999999E+00  0.10000000E+04
  0.82500000E+01  0.17500000E+01  0.00000000E+00  0.00000000E+00  0.10000000E+04  0.00000000E+00  0.12500000E+03  0.00000000E+00  0.69999999E+00  0.10000000E+04
  0.82500000E+01  0.22500000E+01  0.00000000E+00  0.00000000E+00  0.10000000E+04  0.00000000E+00  0.12500000E+03  0.00000000E+00  0.69999999E+00  0.10000000E+04
  0.82500000E+01  0.27500000E+01  0.00000000E+00  0.00000000E+00  0.10000000E+04  0.00000000E+00  0.12500000E+03  0.00000000E+00  0.69999999E+00  0.10000000E+04
  0.82500000E+01  0.32500000E+01  0.00000000E+00  0.00000000E+00  0.10000000E+04  0.00000000E+00  0.12500000E+03  0.00000000E+00  0.69999999E+00  0.10000000E+04
  0.82500000E+01  0.37500000E+01  0.00000000E+00  0.00000000E+00  0.10000000E+04  0.00000000E+00  0.12500000E+03  0.00000000E+00  0.69999999E+00  0.10000000E+04
  0.50000000E+00  0.00000000E+00  0.00000000E+00  0.00000000E+00  0.10340488E+04  0.74028188E+05  0.12500000E+03  0.83942395E-02  0.69999999E+00  0.99999005E+03
  0.10000000E+01  0.00000000E+00  0.00000000E+00  0.00000000E+00  0.97678943E+03 -0.42488055E+05  0.12500000E+03  0.29166257E-02  0.69999999E+00  0.99999677E+03
  0.15000000E+01  0.00000000E+00  0.00000000E+00  0.00000000E+00  0.97730078E+03 -0.41615277E+05  0.12500000E+03  0.14474741E-01  0.69999999E+00  0.99998383E+03
  0.20000000E+01  0.00000000E+00  0.00000000E+00  0.00000000E+00  0.10123450E+04  0.25136504E+05  0.12500000E+03  0.15807210E-01  0.69999999E+00  0.99998169E+03
  0.25000000E+01  0.00000000E+00  0.00000000E+00  0.00000000E+00  0.10014235E+04  0.28048191E+04  0.12500000E+03  0.77438715E-03  0.69999999E+00  0.99999908E+03
  0.30000000E+01  0.00000000E+00  0.00000000E+00  0.00000000E+00  0.10237168E+04  0.49977191E+05  0.12500000E+03  0.26812425E-02  0.69999999E+00  0.99999689E+03
  0.35000000E+01  0.00000000E+00  0.00000000E+00  0.00000000E+00  0.10192051E+04  0.39922199E+05  0.12500000E+03  0.10865941E-02  0.69999999E+00  0.99999872E+03
  0.40000000E+01  0.00000000E+00  0.00000000E+00  0.00000000E+00  0.10000131E+04  0.25728762E+02  0.12500000E+03 -0.48731948E-04  0.69999999E+00  0.10000001E+04
  0.45000000E+01  0.00000000E+00  0.00000000E+00  0.00000000E+00  0.10000000E+04  0.00000000E+00  0.12500000E+03  0.00000000E+00  0.69999999E+00  0.10000000E+04
  0.50000000E+01  0.00000000E+00  0.00000000E+00  0.00000000E+00  0.10000000E+04  0.00000000E+00  0.12500000E+03  0.00000000E+00  0.69999999E+00  0.10000000E+04
  0.55000000E+01  0.00000000E+00  0.00000000E+00  0.00000000E+00  0.10000000E+04  0.00000000E+00  0.12500000E+03  0.00000000E+00  0.69999999E+00  0.10000000E+04
  0.60000000E+01  0.00000000E+00  0.00000000E+00  0.00000000E+00  0.10000000E+04  0.00000000E+00  0.12500000E+03  0.00000000E+00  0.69999999E+00  0.10000000E+04
  0.65000000E+01  0.00000000E+00  0.00000000E+00  0.00000000E+00  0.10000000E+04  0.00000000E+00  0.12500000E+03  0.00000000E+00  0.69999999E+00  0.10000000E+04
  0.70000000E+01  0.00000000E+00  0.00000000E+00  0.00000000E+00  0.10000000E+04  0.00000000E+00  0.12500000E+03  0.00000000E+00  0.69999999E+00  0.10000000E+04
  0.75000000E+01  0.00000000E+00  0.00000000E+00  0.00000000E+00  0.10000000E+04  0.00000000E+00  0.12500000E+03  0.00000000E+00  0.69999999E+00  0.10000000E+04
  0.25000000E+00 -0.25000000E+00  0.00000000E+00  0.00000000E+00  0.10052314E+04  0.10426706E+05  0.12500000E+03  0.26694089E-02  0.69999999E+00  0.99999695E+03
  0.75000000E+00 -0.25000000E+00  0.00000000E+00  0.00000000E+00  0.10262251E+04  0.55683406E+05  0.12500000E+03  0.63926694E-02  0.69999999E+00  0.99999249E+03
  0.12500000E+01 -0.25000000E+00  0.00000000E+00  0.00000000E+00  0.99196350E+03 -0.15392504E+05  0.12500000E+03  0.50036833E-02  0.69999999E+00  0.99999432E+03
  0.17500000E+01 -0.25000000E+00  0.00000000E+00  0.00000000E+00  0.10435292E+04  0.97402188E+05  0.12500000E+03  0.76205395E-02  0.69999999E+00  0.99999091E+03
  0.22500000E+01 -0.25000000E+00  0.00000000E+00  0.00000000E+00  0.10045038E+04  0.89566016E+04  0.12500000E+03  0.66044368E-02  0.69999999E+00  0.99999243E+03
  0.27500000E+01 -0.25000000E+00  0.00000000E+00  0.00000000E+00  0.10057964E+04  0.11572284E+05  0.12500000E+03  0.89338317E-03  0.69999999E+00  0.99999896E+03
  0.32500000E+01 -0.25000000E+00  0.00000000E+00  0.00000000E+00  0.10035822E+04  0.71040986E+04  0.12500000E+03  0.12321763E-02  0.69999999E+00  0.99999860E+03
  0.37500000E+01 -0.25000000E+00  0.00000000E+00  0.00000000E+00  0.10000006E+04  0.11694453E+01  0.12500000E+03 -0.10033570E-03  0.69999999E+00  0.10000001E+04
  0.42500000E+01 -0.25000000E+00  0.00000000E+00  0.00000000E+00  0.10000000E+04  0.00000000E+00  0.12500000E+03 -0.10022087E-40  0.69999999E+00  0.10000000E+04
  0.47500000E+01 -0.25000000E+00  0.00000000E+00  0.00000000E+00  0.10000000E+04  0.00000000E+00  0.12500000E+03 -0.00000000E+00  0.69999999E+00  0.10000000E+04
  0.52500000E+01 -0.25000000E+00  0.00000000E+00  0.00000000E+00  0.10000000E+04  0.00000000E+00  0.12500000E+03  0.00000000E+00  0.69999999E+00  0.10000000E+04
  0.57500000E+01 -0.25000000E+00  0.00000000E+00  0.00000000E+00  0.10000000E+04  0.00000000E+00  0.12500000E+03  0.00000000E+00  0.69999999E+00  0.10000000E+04
  0.62500000E+01 -0.25000000E+00  0.00000000E+00  0.00000000E+00  0.10000000E+04  0.00000000E+00  0.12500000E+03  0.00000000E+00  0.69999999E+00  0.10000000E+04
  0.67500000E+01 -0.25000000E+00  0.00000000E+00  0.00000000E+00  0.10000000E+04  0.00000000E+00  0.12500000E+03  0.00000000E+00  0.69999999E+00  0.10000000E+04
  0.72500000E+01 -0.25000000E+00  0.00000000E+00  0.00000000E+00  0.10000000E+04  0.00000000E+00  0.12500000E+03  0.00000000E+00  0.69999999E+00  0.10000000E+04
  0.77500000E+01 -0.25000000E+00  0.00000000E+00  0.00000000E+00  0.10000000E+04  0.00000000E+00  0.12500000E+03  0.00000000E+00  0.69999999E+00  0.10000000E+04
  0.40000000E+01  0.50000000E+00  0.00000000E+00  0.00000000E+00  0.10019850E+04  0.39177476E+04  0.12500000E+03 -0.11947018E-03  0.69999999E+00  0.10000001E+04
  0.37500000E+01  0.25000000E+00  0.00000000E+00  0.00000000E+00  0.10184594E+04  0.38285676E+05  0.12500000E+03 -0.48383593E-03  0.69999999E+00  0.10000005E+04
  0.40000000E+01  0.10000000E+01  0.00000000E+00  0.00000000E+00  0.10019160E+04  0.37809700E+04  0.12500000E+03 -0.11857632E-04  0.69999999E+00  0.10000000E+04
  0.37500000E+01  0.75000000E+00  0.00000000E+00  0.00000000E+00  0.10569545E+04  0.13275705E+06  0.12500000E+03  0.40987437E-03  0.69999999E+00  0.99999951E+03
  0.40000000E+01  0.15000000E+01  0.00000000E+00  0.00000000E+00  0.10004889E+04  0.96058521E+03  0.12500000E+03  0.17266950E-03  0.69999999E+00  0.99999982E+03
  0.37500000E+01  0.12500000E+01  0.00000000E+00  0.00000000E+00  0.10233563E+04  0.49163969E+05  0.12500000E+03  0.45834659E-03  0.69999999E+00  0.99999945E+03
  0.40000000E+01  0.20000000E+01  0.00000000E+00  0.00000000E+00  0.10000315E+04  0.61752430E+02  0.12500000E+03  0.31563177E-04  0.69999999E+00  0.99999994E+03
  0.37500000E+01  0.17500000E+01  0.00000000E+00  0.00000000E+00  0.10098287E+04  0.19861896E+05  0.12500000E+03  0.51877281E-03  0.69999999E+00  0.99999939E+03
  0.45000000E+01  0.50000000E+00  0.00000000E+00  0.00000000E+00  0.10000000E+04  0.00000000E+00  0.12500000E+03  0.00000000E+00  0.69999999E+00  0.10000000E+04
  0.42500000E+01  0.25000000E+00  0.00000000E+00  0.00000000E+00  0.10000018E+04  0.35083482E+01  0.12500000E+03 -0.74084828E-05  0.69999999E+00  0.10000000E+04
  0.45000000E+01  0.10000000E+01  0.00000000E+00  0.00000000E+00  0.10000000E+04  0.00000000E+00  0.12500000E+03  0.00000000E+00  0.69999999E+00  0.10000000E+04
  0.42500000E+01  0.75000000E+00  0.00000000E+00  0.00000000E+00  0.10000934E+04  0.18318608E+03  0.12500000E+03 -0.62019203E-05  0.69999999E+00  0.10000000E+04
  0.45000000E+01  0.15000000E+01  0.00000000E+00  0.00000000E+00  0.10000000E+04  0.00000000E+00  0.12500000E+03  0.00000000E+00  0.69999999E+00  0.10000000E+04
  0.42500000E+01  0.12500000E+01  0.00000000E+00  0.00000000E+00  0.10000045E+04  0.88878889E+01  0.12500000E+03  0.12300108E-04  0.69999999E+00  0.10000000E+04
  0.45000000E+01  0.20000000E+01  0.00000000E+00  0.00000000E+00  0.10000000E+04  0.00000000E+00  0.12500000E+03  0.00000000E+00  0.69999999E+00  0.10000000E+04
  0.42500000E+01  0.17500000E+01  0.00000000E+00  0.00000000E+00  0.10000000E+04  0.00000000E+00  0.12500000E+03  0.00000000E+00  0.69999999E+00  0.10000000E+04
  0.50000000E+01  0.50000000E+00  0.00000000E+00  0.00000000E+00  0.10000000E+04  0.00000000E+00  0.12500000E+03  0.00000000E+00  0.69999999E+00  0.10000000E+04
  0.47500000E+01  0.25000000E+00  0.00000000E+00  0.00000000E+00  0.10000000E+04  0.00000000E+00  0.12500000E+03  0.00000000E+00  0.69999999E+00  0.10000000E+04
  0.50000000E+01  0.10000000E+01  0.00000000E+00  0.00000000E+00  0.10000000E+04  0.00000000E+00  0.12500000E+03  0.00000000E+00  0.69999999E+00  0.10000000E+04
  0.47500000E+01  0.75000000E+00  0.00000000E+00  0.00000000E+00  0.10000000E+04  0.00000000E+00  0.12500000E+03  0.00000000E+00  0.69999999E+00  0.10000000E+04
  0.50000000E+01  0.15000000E+01  0.00000000E+00  0.00000000E+00  0.10000000E+04  0.00000000E+00  0.12500000E+03  0.00000000E+00  0.69999999E+00  0.10000000E+04
  0.47500000E+01  0.12500000E+01  0.00000000E+00  0.00000000E+00  0.10000000E+04  0.00000000E+00  0.12500000E+03  0.00000000E+00  0.69999999E+00  0.10000000E+04
  0.50000000E+01  0.20000000E+01  0.00000000E+00  0.00000000E+00  0.10000000E+04  0.00000000E+00  0.12500000E+03  0.00000000E+00  0.69999999E+00  0.10000000E+04
  0.47500000E+01  0.17500000E+01  0.00000000E+00  0.00000000E+00  0.10000000E+04  0.00000000E+00  0.12500000E+03  0.00000000E+00  0.69999999E+00  0.10000000E+04
  0.14378607E+01  0.78930056E+00  0.55110903E+01  0.43915877E+01  0.97435760E+03 -0.46601371E+05  0.12576698E+03  0.12576674E+03  0.10000000E+01  0.00000000E+00
  0.87989748E+00  0.87076688E+00  0.12017626E+01  0.14024870E+01  0.99070538E+03 -0.17735375E+05  0.12561582E+03  0.12561256E+03  0.10000000E+01  0.00000000E+00
  0.78426683E+00  0.88889945E+00  0.24591932E+01 -0.12986236E+01  0.99022333E+03 -0.18628268E+05  0.12546356E+03  0.12546356E+03  0.10000000E+01  0.00000000E+00
  0.96083850E+00  0.14241010E+01  0.19715212E-01  0.56407034E+00  0.99807758E+03 -0.37501216E+04  0.12531018E+03  0.12531018E+03  0.10000000E+01  0.00000000E+00
  0.87780118E+00  0.14277229E+01 -0.31341910E+00  0.18020755E+00  0.99660693E+03 -0.65897896E+04  0.12515567E+03  0.12515567E+03  0.10000000E+01  0.00000000E+00
  0.22370758E+01  0.12669508E+01  0.15624744E+01  0.12060558E+01  0.10065930E+04  0.13194124E+05  0.12500000E+03  0.12500000E+03  0.10000000E+01  0.00000000E+00
  0.15681417E+01  0.36403608E+00  0.46137714E+01  0.12089741E+01  0.95556598E+03 -0.76381711E+05  0.12576698E+03  0.12575511E+03  0.10000000E+01  0.00000000E+00
  0.10688099E+01  0.83863729E+00 -0.40565270E+00  0.22886260E+01  0.98258344E+03 -0.32436744E+05  0.12561582E+03  0.12560624E+03  0.10000000E+01  0.00000000E+00
  0.14007547E+01  0.75379813E+00 -0.95988452E+00 -0.11931270E+01  0.97974109E+03 -0.37412152E+05  0.12546356E+03  0.12546037E+03  0.10000000E+01  0.00000000E+00
  0.79224432E+00  0.93231761E+00  0.17515769E+01 -0.24075837E+01  0.98664838E+03 -0.25169645E+05  0.12531018E+03  0.12531018E+03  0.10000000E+01  0.00000000E+00
  0.14002314E+01  0.11533095E+01 -0.78820097E+00  0.20646262E+01  0.10045642E+04  0.90784463E+04  0.12515567E+03  0.12515567E+03  0.10000000E+01  0.00000000E+00
  0.95660520E+00  0.15708158E+01 -0.16463087E+01  0.76370001E+00  0.99558325E+03 -0.85517090E+04  0.12500000E+03  0.12500000E+03  0.10000000E+01  0.00000000E+00
  0.19636400E+01  0.37894765E+00 -0.12684748E+01  0.11048692E+01  0.97573230E+03 -0.44283641E+05  0.12576698E+03  0.12575644E+03  0.10000000E+01  0.00000000E+00
  0.21846459E+01  0.48127437E+00  0.33001018E+00 -0.19496813E+00  0.99462830E+03 -0.10370927E+05  0.12561582E+03  0.12561089E+03  0.10000000E+01  0.00000000E+00
  0.25409865E+01  0.64686334E+00  0.46523863E+00  0.50742042E+00  0.10023965E+04  0.47360391E+04  0.12546356E+03  0.12546005E+03  0.10000000E+01  0.00000000E+00
  0.22805851E+01  0.72463131E+00  0.10920757E+01 -0.58492064E+00  0.10048323E+04  0.96197051E+04  0.12531018E+03  0.12531018E+03  0.10000000E+01  0.00000000E+00
  0.28656120E+01  0.66271591E+00 -0.73786326E-01 -0.14284934E+01  0.10028533E+04  0.56462720E+04  0.12515567E+03  0.12515559E+03  0.10000000E+01  0.00000000E+00
  0.22024171E+01  0.12617285E+01  0.10701966E+01  0.93997133E+00  0.10064574E+04  0.12917610E+05  0.12500000E+03  0.12500000E+03  0.10000000E+01  0.00000000E+00
  0.17235453E+01  0.54863709E+00 -0.14991617E+01  0.10681581E+01  0.98320911E+03 -0.31329891E+05  0.12576698E+03  0.12576566E+03  0.10000000E+01  0.00000000E+00
  0.21433921E+01  0.68205744E+00 -0.11095530E+01 -0.67306912E+00  0.10059980E+04  0.11981992E+05  0.12561582E+03  0.12561221E+03  0.10000000E+01  0.00000000E+00
  0.29564562E+01  0.75754082E+00 -0.82794857E+00  0.45371971E+00  0.10051646E+04  0.10291107E+05  0.12546356E+03  0.12546202E+03  0.10000000E+01  0.00000000E+00
  0.28359160E+01  0.79030406E+00 -0.23868972E+00  0.13189024E+01  0.10013245E+04  0.26088501E+04  0.12531018E+03  0.12530890E+03  0.10000000E+01  0.00000000E+00
  0.25600600E+01  0.14407794E+01 -0.73478186E+00  0.17622291E+01  0.10005472E+04  0.10755474E+04  0.12515567E+03  0.12515567E+03  0.10000000E+01  0.00000000E+00
  0.28831072E+01  0.13127251E+01 -0.61941668E-01  0.46276242E+00  0.10003688E+04  0.72445264E+03  0.12500000E+03  0.12500012E+03  0.10000000E+01  0.00000000E+00
  0.15301647E+01  0.12220688E+01 -0.44965121E+00  0.20974791E+01  0.10047122E+04  0.93771143E+04  0.12561582E+03  0.12561399E+03  0.10000000E+01  0.00000000E+00
  0.27899117E+01  0.13943821E+01 -0.50879604E+00  0.12680193E+01  0.10001253E+04  0.24590936E+03  0.12531018E+03  0.12531004E+03  0.10000000E+01  0.00000000E+00
  0.17968991E+01  0.15414729E+01 -0.69440114E+00  0.10651071E+01  0.10099767E+04  0.20169830E+05  0.12500000E+03  0.12500000E+03  0.10000000E+01  0.00000000E+00
