  0.00000000E+00  0.00000000E+00  0.00000000E+00  0.00000000E+00  0.10011660E+04  0.22956824E+04  0.12500000E+03  0.21600474E-02  0.69999999E+00  0.99999756E+03
  0.00000000E+00  0.50000000E+00  0.00000000E+00  0.00000000E+00  0.10237749E+04  0.50108320E+05  0.12500000E+03  0.22270237E-02  0.69999999E+00  0.99999738E+03
  0.00000000E+00  0.10000000E+01  0.00000000E+00  0.00000000E+00  0.10254398E+04  0.53888031E+05  0.12500000E+03  0.29724871E-02  0.69999999E+00  0.99999652E+03
  0.00000000E+00  0.15000000E+01  0.00000000E+00  0.00000000E+00  0.10108103E+04  0.21910098E+05  0.12500000E+03  0.10561775E-02  0.69999999E+00  0.99999878E+03
  0.00000000E+00  0.20000000E+01  0.00000000E+00  0.00000000E+00  0.10177611E+04  0.36760031E+05  0.12500000E+03 -0.10941764E-02  0.69999999E+00  0.10000013E+04
  0.00000000E+00  0.25000000E+01  0.00000000E+00  0.00000000E+00  0.10030736E+04  0.60862402E+04  0.12500000E+03  0.33517432E-03  0.69999999E+00  0.99999963E+03
  0.00000000E+00  0.30000000E+01  0.00000000E+00  0.00000000E+00  0.10000000E+04  0.00000000E+00  0.12500000E+03  0.60528782E-05  0.69999999E+00  0.10000000E+04
  0.00000000E+00  0.35000000E+01  0.00000000E+00  0.00000000E+00  0.10000000E+04  0.00000000E+00  0.12500000E+03  0.00000000E+00  0.69999999E+00  0.10000000E+04
  0.00000000E+00  0.40000000E+01  0.00000000E+00  0.00000000E+00  0.10000000E+04  0.00000000E+00  0.12500000E+03  0.00000000E+00  0.69999999E+00  0.10000000E+04
 -0.25000000E+00 -0.25000000E+00  0.00000000E+00  0.00000000E+00  0.10006414E+04  0.12607445E+04  0.12500000E+03  0.52005530E-03  0.69999999E+00  0.99999939E+03
 -0.25000000E+00  0.25000000E+00  0.00000000E+00  0.00000000E+00  0.10012891E+04  0.25388386E+04  0.12500000E+03  0.91372809E-03  0.69999999E+00  0.99999896E+03
 -0.25000000E+00  0.75000000E+00  0.00000000E+00  0.00000000E+00  0.10114038E+04  0.23154424E+05  0.12500000E+03  0.22680662E-03  0.69999999E+00  0.99999976E+03
 -0.25000000E+00  0.12500000E+01  0.00000000E+00  0.00000000E+00  0.10038027E+04  0.75467070E+04  0.12500000E+03  0.95177820E-03  0.69999999E+00  0.99999890E+03
 -0.25000000E+00  0.17500000E+01  0.00000000E+00  0.00000000E+00  0.10011799E+04  0.23232405E+04  0.12500000E+03 -0.24932221E-03  0.69999999E+00  0.10000003E+04
 -0.25000000E+00  0.22500000E+01  0.00000000E+00  0.00000000E+00  0.10012462E+04  0.24542319E+04  0.12500000E+03 -0.15003496E-03  0.69999999E+00  0.10000002E+04
 -0.25000000E+00  0.27500000E+01  0.00000000E+00  0.00000000E+00  0.10000000E+04  0.00000000E+00  0.12500000E+03  0.58854536E-43  0.69999999E+00  0.10000000E+04
 -0.25000000E+00  0.32500000E+01  0.00000000E+00  0.00000000E+00  0.10000000E+04  0.00000000E+00  0.12500000E+03  0.00000000E+00  0.69999999E+00  0.10000000E+04
 -0.25000000E+00  0.37500000E+01  0.00000000E+00  0.00000000E+00  0.10000000E+04  0.00000000E+00  0.12500000E+03  0.00000000E+00  0.69999999E+00  0.10000000E+04
  0.80000000E+01  0.00000000E+00  0.00000000E+00  0.00000000E+00  0.10000000E+04  0.00000000E+00  0.12500000E+03  0.00000000E+00  0.69999999E+00  0.10000000E+04
  0.80000000E+01  0.50000000E+00  0.00000000E+00  0.00000000E+00  0.10000000E+04  0.00000000E+00  0.12500000E+03  0.00000000E+00  0.69999999E+00  0.10000000E+04
  0.80000000E+01  0.10000000E+01  0.00000000E+00  0.00000000E+00  0.10000000E+04  0.00000000E+00  0.12500000E+03  0.00000000E+00  0.69999999E+00  0.10000000E+04
  0.80000000E+01  0.15000000E+01  0.00000000E+00  0.00000000E+00  0.10000000E+04  0.00000000E+00  0.12500000E+03  0.00000000E+00  0.69999999E+00  0.10000000E+04
  0.80000000E+01  0.20000000E+01  0.00000000E+00  0.00000000E+00  0.10000000E+04  0.00000000E+00  0.12500000E+03  0.00000000E+00  0.69999999E+00  0.10000000E+04
  0.80000000E+01  0.25000000E+01  0.00000000E+00  0.00000000E+00  0.10000000E+04  0.00000000E+00  0.12500000E+03  0.00000000E+00  0.69999999E+00  0.10000000E+04
  0.80000000E+01  0.30000000E+01  0.00000000E+00  0.00000000E+00  0.10000000E+04  0.00000000E+00  0.12500000E+03  0.00000000E+00  0.69999999E+00  0.10000000E+04
  0.80000000E+01  0.35000000E+01  0.00000000E+00  0.00000000E+00  0.10000000E+04  0.00000000E+00  0.12500000E+03  0.00000000E+00  0.69999999E+00  0.10000000E+04
  0.80000000E+01  0.40000000E+01  0.00000000E+00  0.00000000E+00  0.10000000E+04  0.00000000E+00  0.12500000E+03  0.00000000E+00  0.69999999E+00  0.10000000E+04
  0.82500000E+01 -0.25000000E+00  0.00000000E+00  0.00000000E+00  0.10000000E+04  0.00000000E+00  0.12500000E+03  0.00000000E+00  0.69999999E+00  0.10000000E+04
  0.82500000E+01  0.25000000E+00  0.00000000E+00  0.00000000E+00  0.10000000E+04  0.00000000E+00  0.12500000E+03  0.00000000E+00  0.69999999E+00  0.10000000E+04
  0.82500000E+01  0.75000000E+00  0.00000000E+00  0.00000000E+00  0.10000000E+04  0.00000000E+00  0.12500000E+03  0.00000000E+00  0.69999999E+00  0.10000000E+04
  0.82500000E+01  0.12500000E+01  0.00000000E+00  0.00000000E+00  0.10000000E+04  0.00000000E+00  0.12500000E+03  0.00000000E+00  0.69999999E+00  0.10000000E+04
  0.82500000E+01  0.17500000E+01  0.00000000E+00  0.00000000E+00  0.10000000E+04  0.00000000E+00  0.12500000E+03  0.00000000E+00  0.69999999E+00  0.10000000E+04
  0.82500000E+01  0.22500000E+01  0.00000000E+00  0.00000000E+00  0.10000000E+04  0.00000000E+00  0.12500000E+03  0.00000000E+00  0.69999999E+00  0.10000000E+04
  0.82500000E+01  0.27500000E+01  0.00000000E+00  0.00000000E+00  0.10000000E+04  0.00000000E+00  0.12500000E+03  0.00000000E+00  0.69999999E+00  0.10000000E+04
  0.82500000E+01  0.32500000E+01  0.00000000E+00  0.00000000E+00  0.10000000E+04  0.00000000E+00  0.12500000E+03  0.00000000E+00  0.69999999E+00  0.10000000E+04
  0.82500000E+01  0.37500000E+01  0.00000000E+00  0.00000000E+00  0.10000000E+04  0.00000000E+00  0.12500000E+03  0.00000000E+00  0.69999999E+00  0.10000000E+04
  0.50000000E+00  0.00000000E+00  0.00000000E+00  0.00000000E+00  0.10338265E+04  0.73495562E+05  0.12500000E+03  0.10613985E-01  0.69999999E+00  0.99998749E+03
  0.10000000E+01  0.00000000E+00  0.00000000E+00  0.00000000E+00  0.10538196E+04  0.12425728E+06  0.12500000E+03  0.55063586E-02  0.69999999E+00  0.99999335E+03
  0.15000000E+01  0.00000000E+00  0.00000000E+00  0.00000000E+00  0.10426675E+04  0.95224578E+05  0.12500000E+03  0.19027736E-01  0.69999999E+00  0.99997736E+03
  0.20000000E+01  0.00000000E+00  0.00000000E+00  0.00000000E+00  0.11538552E+04  0.48295259E+06  0.12500000E+03  0.21622708E-01  0.69999999E+00  0.99997150E+03
  0.25000000E+01  0.00000000E+00  0.00000000E+00  0.00000000E+00  0.10331029E+04  0.71765578E+05  0.12500000E+03  0.48108208E-02  0.69999999E+00  0.99999432E+03
  0.30000000E+01  0.00000000E+00  0.00000000E+00  0.00000000E+00  0.10469602E+04  0.10618116E+06  0.12500000E+03  0.65454468E-02  0.69999999E+00  0.99999219E+03
  0.35000000E+01  0.00000000E+00  0.00000000E+00  0.00000000E+00  0.10085496E+04  0.17210680E+05  0.12500000E+03  0.25131579E-02  0.69999999E+00  0.99999713E+03
  0.40000000E+01  0.00000000E+00  0.00000000E+00  0.00000000E+00  0.10000137E+04  0.26898298E+02  0.12500000E+03 -0.68247195E-04  0.69999999E+00  0.10000001E+04
  0.45000000E+01  0.00000000E+00  0.00000000E+00  0.00000000E+00  0.10000000E+04  0.00000000E+00  0.12500000E+03  0.82312272E-41  0.69999999E+00  0.10000000E+04
  0.50000000E+01  0.00000000E+00  0.00000000E+00  0.00000000E+00  0.10000000E+04  0.00000000E+00  0.12500000E+03  0.00000000E+00  0.69999999E+00  0.10000000E+04
  0.55000000E+01  0.00000000E+00  0.00000000E+00  0.00000000E+00  0.10000000E+04  0.00000000E+00  0.12500000E+03  0.00000000E+00  0.69999999E+00  0.10000000E+04
  0.60000000E+01  0.00000000E+00  0.00000000E+00  0.00000000E+00  0.10000000E+04  0.00000000E+00  0.12500000E+03  0.00000000E+00  0.69999999E+00  0.10000000E+04
  0.65000000E+01  0.00000000E+00  0.00000000E+00  0.00000000E+00  0.10000000E+04  0.00000000E+00  0.12500000E+03  0.00000000E+00  0.69999999E+00  0.10000000E+04
  0.70000000E+01  0.00000000E+00  0.00000000E+00  0.00000000E+00  0.10000000E+04  0.00000000E+00  0.12500000E+03  0.00000000E+00  0.69999999E+00  0.10000000E+04
  0.75000000E+01  0.00000000E+00  0.00000000E+00  0.00000000E+00  0.10000000E+04  0.00000000E+00  0.12500000E+03  0.00000000E+00  0.69999999E+00  0.10000000E+04
  0.25000000E+00 -0.25000000E+00  0.00000000E+00  0.00000000E+00  0.10053699E+04  0.10707002E+05  0.12500000E+03  0.30063470E-02  0.69999999E+00  0.99999652E+03
  0.75000000E+00 -0.25000000E+00  0.00000000E+00  0.00000000E+00  0.10240859E+04  0.50811562E+05  0.12500000E+03  0.77846632E-02  0.69999999E+00  0.99999091E+03
  0.12500000E+01 -0.25000000E+00  0.00000000E+00  0.00000000E+00  0.10105270E+04  0.21317844E+05  0.12500000E+03  0.62592551E-02  0.69999999E+00  0.99999280E+03
  0.17500000E+01 -0.25000000E+00  0.00000000E+00  0.00000000E+00  0.10170854E+04  0.35289586E+05  0.12500000E+03  0.95798559E-02  0.69999999E+00  0.99998889E+03
  0.22500000E+01 -0.25000000E+00  0.00000000E+00  0.00000000E+00  0.10014052E+04  0.27684937E+04  0.12500000E+03  0.91359802E-02  0.69999999E+00  0.99998956E+03
  0.27500000E+01 -0.25000000E+00  0.00000000E+00  0.00000000E+00  0.10038568E+04  0.76551167E+04  0.12500000E+03  0.32330749E-02  0.69999999E+00  0.99999628E+03
  0.32500000E+01 -0.25000000E+00  0.00000000E+00  0.00000000E+00  0.10012854E+04  0.25317676E+04  0.12500000E+03  0.24217158E-02  0.69999999E+00  0.99999725E+03
  0.37500000E+01 -0.25000000E+00  0.00000000E+00  0.00000000E+00  0.10000070E+04  0.13565822E+02  0.12500000E+03 -0.15635355E-03  0.69999999E+00  0.10000002E+04
  0.42500000E+01 -0.25000000E+00  0.00000000E+00  0.00000000E+00  0.10000000E+04  0.00000000E+00  0.12500000E+03 -0.27484636E-37  0.69999999E+00  0.10000000E+04
  0.47500000E+01 -0.25000000E+00  0.00000000E+00  0.00000000E+00  0.10000000E+04  0.00000000E+00  0.12500000E+03 -0.97502347E-41  0.69999999E+00  0.10000000E+04
  0.52500000E+01 -0.25000000E+00  0.00000000E+00  0.00000000E+00  0.10000000E+04  0.00000000E+00  0.12500000E+03  0.00000000E+00  0.69999999E+00  0.10000000E+04
  0.57500000E+01 -0.25000000E+00  0.00000000E+00  0.00000000E+00  0.10000000E+04  0.00000000E+00  0.12500000E+03  0.00000000E+00  0.69999999E+00  0.10000000E+04
  0.62500000E+01 -0.25000000E+00  0.00000000E+00  0.00000000E+00  0.10000000E+04  0.00000000E+00  0.12500000E+03  0.00000000E+00  0.69999999E+00  0.10000000E+04
  0.67500000E+01 -0.25000000E+00  0.00000000E+00  0.00000000E+00  0.10000000E+04  0.00000000E+00  0.12500000E+03  0.00000000E+00  0.69999999E+00  0.10000000E+04
  0.72500000E+01 -0.25000000E+00  0.00000000E+00  0.00000000E+00  0.10000000E+04  0.00000000E+00  0.12500000E+03  0.00000000E+00  0.69999999E+00  0.10000000E+04
  0.77500000E+01 -0.25000000E+00  0.00000000E+00  0.00000000E+00  0.10000000E+04  0.00000000E+00  0.12500000E+03  0.00000000E+00  0.69999999E+00  0.10000000E+04
  0.40000000E+01  0.50000000E+00  0.00000000E+00  0.00000000E+00  0.10012570E+04  0.24754404E+04  0.12500000E+03 -0.25196408E-03  0.69999999E+00  0.10000003E+04
  0.37500000E+01  0.25000000E+00  0.00000000E+00  0.00000000E+00  0.10075958E+04  0.15246846E+05  0.12500000E+03 -0.11337204E-02  0.69999999E+00  0.10000013E+04
  0.40000000E+01  0.10000000E+01  0.00000000E+00  0.00000000E+00  0.10027456E+04  0.54314980E+04  0.12500000E+03 -0.94958334E-04  0.69999999E+00  0.10000001E+04
  0.37500000E+01  0.75000000E+00  0.00000000E+00  0.00000000E+00  0.10508586E+04  0.11636752E+06  0.12500000E+03  0.80886367E-03  0.69999999E+00  0.99999902E+03
  0.40000000E+01  0.15000000E+01  0.00000000E+00  0.00000000E+00  0.10012584E+04  0.24782686E+04  0.12500000E+03  0.28439384E-03  0.69999999E+00  0.99999969E+03
  0.37500000E+01  0.12500000E+01  0.00000000E+00  0.00000000E+00  0.10308422E+04  0.66408219E+05  0.12500000E+03  0.60587126E-03  0.69999999E+00  0.99999927E+03
  0.40000000E+01  0.20000000E+01  0.00000000E+00  0.00000000E+00  0.10004747E+04  0.93267188E+03  0.12500000E+03  0.24370612E-03  0.69999999E+00  0.99999969E+03
  0.37500000E+01  0.17500000E+01  0.00000000E+00  0.00000000E+00  0.10366384E+04  0.80286242E+05  0.12500000E+03  0.13469954E-02  0.69999999E+00  0.99999841E+03
  0.45000000E+01  0.50000000E+00  0.00000000E+00  0.00000000E+00  0.10000000E+04  0.00000000E+00  0.12500000E+03  0.29264717E-40  0.69999999E+00  0.10000000E+04
  0.42500000E+01  0.25000000E+00  0.00000000E+00  0.00000000E+00  0.10000018E+04  0.35083482E+01  0.12500000E+03 -0.74084828E-05  0.69999999E+00  0.10000000E+04
  0.45000000E+01  0.10000000E+01  0.00000000E+00  0.00000000E+00  0.10000000E+04  0.00000000E+00  0.12500000E+03  0.00000000E+00  0.69999999E+00  0.10000000E+04
  0.42500000E+01  0.75000000E+00  0.00000000E+00  0.00000000E+00  0.10000944E+04  0.18529227E+03  0.12500000E+03 -0.10442676E-04  0.69999999E+00  0.10000000E+04
  0.45000000E+01  0.15000000E+01  0.00000000E+00  0.00000000E+00  0.10000000E+04  0.00000000E+00  0.12500000E+03 -0.00000000E+00  0.69999999E+00  0.10000000E+04
  0.42500000E+01  0.12500000E+01  0.00000000E+00  0.00000000E+00  0.10000066E+04  0.12864128E+02  0.12500000E+03  0.34267537E-05  0.69999999E+00  0.10000000E+04
  0.45000000E+01  0.20000000E+01  0.00000000E+00  0.00000000E+00  0.10000000E+04  0.00000000E+00  0.12500000E+03  0.00000000E+00  0.69999999E+00  0.10000000E+04
  0.42500000E+01  0.17500000E+01  0.00000000E+00  0.00000000E+00  0.10000031E+04  0.60811610E+01  0.12500000E+03  0.28991612E-05  0.69999999E+00  0.10000000E+04
  0.50000000E+01  0.50000000E+00  0.00000000E+00  0.00000000E+00  0.10000000E+04  0.00000000E+00  0.12500000E+03  0.00000000E+00  0.69999999E+00  0.10000000E+04
  0.47500000E+01  0.25000000E+00  0.00000000E+00  0.00000000E+00  0.10000000E+04  0.00000000E+00  0.12500000E+03  0.96185127E-41  0.69999999E+00  0.10000000E+04
  0.50000000E+01  0.10000000E+01  0.00000000E+00  0.00000000E+00  0.10000000E+04  0.00000000E+00  0.12500000E+03  0.00000000E+00  0.69999999E+00  0.10000000E+04
  0.47500000E+01  0.75000000E+00  0.00000000E+00  0.00000000E+00  0.10000000E+04  0.00000000E+00  0.12500000E+03  0.00000000E+00  0.69999999E+00  0.10000000E+04
  0.50000000E+01  0.15000000E+01  0.00000000E+00  0.00000000E+00  0.10000000E+04  0.00000000E+00  0.12500000E+03  0.00000000E+00  0.69999999E+00  0.10000000E+04
  0.47500000E+01  0.12500000E+01  0.00000000E+00  0.00000000E+00  0.10000000E+04  0.00000000E+00  0.12500000E+03  0.00000000E+00  0.69999999E+00  0.10000000E+04
  0.50000000E+01  0.20000000E+01  0.00000000E+00  0.00000000E+00  0.10000000E+04  0.00000000E+00  0.12500000E+03  0.00000000E+00  0.69999999E+00  0.10000000E+04
  0.47500000E+01  0.17500000E+01  0.00000000E+00  0.00000000E+00  0.10000000E+04  0.00000000E+00  0.12500000E+03 -0.00000000E+00  0.69999999E+00  0.10000000E+04
  0.27505829E+01  0.93561172E+00 -0.53184563E+00 -0.67996442E+00  0.10027070E+04  0.53544702E+04  0.12576698E+03  0.12576674E+03  0.10000000E+01  0.00000000E+00
  0.14728624E+01  0.97061622E+00  0.26979643E+00 -0.32978475E+00  0.10009958E+04  0.19595176E+04  0.12561582E+03  0.12561256E+03  0.10000000E+01  0.00000000E+00
  0.15163009E+01  0.13333517E+01  0.10849850E+01 -0.14688983E+01  0.99690057E+03 -0.60248516E+04  0.12546356E+03  0.12546333E+03  0.10000000E+01  0.00000000E+00
  0.21329427E+01  0.16686996E+01  0.13026125E+01  0.13736382E+01  0.99875177E+03 -0.24398960E+04  0.12531018E+03  0.12531027E+03  0.10000000E+01  0.00000000E+00
  0.25333610E+01  0.17672290E+01  0.75063658E+00  0.15726138E+01  0.99819159E+03 -0.35288992E+04  0.12515567E+03  0.12515567E+03  0.10000000E+01  0.00000000E+00
  0.29087076E+01  0.15096412E+01 -0.18572338E-01  0.76577997E+00  0.99554132E+03 -0.86317559E+04  0.12500000E+03  0.12500000E+03  0.10000000E+01  0.00000000E+00
  0.26529355E+01  0.92418313E+00  0.11872096E+00  0.37100911E+00  0.10022039E+04  0.43525918E+04  0.12576698E+03  0.12575494E+03  0.10000000E+01  0.00000000E+00
  0.11428355E+01  0.94043899E+00 -0.86386919E+00 -0.26088300E+00  0.10001289E+04  0.25293138E+03  0.12561582E+03  0.12560624E+03  0.10000000E+01  0.00000000E+00
  0.10532348E+01  0.11951556E+01 -0.64070779E+00 -0.95940208E+00  0.99772156E+03 -0.44398730E+04  0.12546356E+03  0.12546037E+03  0.10000000E+01  0.00000000E+00
  0.24946525E+01  0.14041327E+01 -0.26367265E+00  0.84379244E+00  0.99579297E+03 -0.81507148E+04  0.12531018E+03  0.12531038E+03  0.10000000E+01  0.00000000E+00
  0.11109933E+01  0.86279511E+00 -0.53433645E+00 -0.48883027E+00  0.10022108E+04  0.43665747E+04  0.12515567E+03  0.12515567E+03  0.10000000E+01  0.00000000E+00
  0.69021904E+00  0.87528694E+00 -0.83436787E+00 -0.12406904E+01  0.10168857E+04  0.34856160E+05  0.12500000E+03  0.12500000E+03  0.10000000E+01  0.00000000E+00
  0.20240729E+01  0.10006446E+01 -0.65598232E+00  0.71190012E+00  0.10071850E+04  0.14404459E+05  0.12576698E+03  0.12575644E+03  0.10000000E+01  0.00000000E+00
  0.25103710E+01  0.92173398E+00  0.99675763E+00  0.20658895E+00  0.10036832E+04  0.73067988E+04  0.12561582E+03  0.12561089E+03  0.10000000E+01  0.00000000E+00
  0.28478017E+01  0.85478783E+00  0.49781358E+00  0.12259686E+01  0.10066027E+04  0.13213832E+05  0.12546356E+03  0.12546005E+03  0.10000000E+01  0.00000000E+00
  0.21641042E+01  0.13114496E+01  0.19574711E+00  0.11984993E+01  0.99753876E+03 -0.47934717E+04  0.12531018E+03  0.12531018E+03  0.10000000E+01  0.00000000E+00
  0.29155579E+01  0.78392780E+00 -0.66341925E+00 -0.95856726E+00  0.10077802E+04  0.15625686E+05  0.12515567E+03  0.12515553E+03  0.10000000E+01  0.00000000E+00
  0.16895070E+01  0.14848828E+01  0.13119719E+01 -0.10451853E+01  0.99849066E+03 -0.29478892E+04  0.12500000E+03  0.12499989E+03  0.10000000E+01  0.00000000E+00
  0.89073122E+00  0.10023164E+01 -0.70142794E+00 -0.40457863E+00  0.10047803E+04  0.95145127E+04  0.12576698E+03  0.12576566E+03  0.10000000E+01  0.00000000E+00
  0.24490852E+01  0.94110692E+00  0.37801123E+00  0.57321084E+00  0.10039899E+04  0.79225806E+04  0.12561582E+03  0.12561221E+03  0.10000000E+01  0.00000000E+00
  0.27579627E+01  0.14982486E+01 -0.13049660E+01  0.26674864E+01  0.99597864E+03 -0.77953335E+04  0.12546356E+03  0.12546202E+03  0.10000000E+01  0.00000000E+00
  0.19872632E+01  0.95645010E+00  0.22255238E-02  0.14458716E+00  0.10081220E+04  0.16328877E+05  0.12531018E+03  0.12530890E+03  0.10000000E+01  0.00000000E+00
  0.99525630E+00  0.15124252E+01 -0.24852175E+00 -0.67211771E+00  0.99491974E+03 -0.98168809E+04  0.12515567E+03  0.12515567E+03  0.10000000E+01  0.00000000E+00
  0.15519321E+01  0.80166876E+00  0.10004740E+01  0.12606093E+00  0.10088769E+04  0.17887256E+05  0.12500000E+03  0.12500012E+03  0.10000000E+01  0.00000000E+00
  0.13181434E+01  0.14677458E+01 -0.11134011E+01 -0.11998771E+01  0.99249908E+03 -0.14389684E+05  0.12561582E+03  0.12561399E+03  0.10000000E+01  0.00000000E+00
  0.25828719E+01  0.20234799E+01 -0.85241473E+00  0.11254132E+01  0.99510962E+03 -0.94553037E+04  0.12531018E+03  0.12531004E+03  0.10000000E+01  0.00000000E+00
  0.28385656E+01  0.20770350E+01  0.20125756E+01  0.16218430E+00  0.99492297E+03 -0.98106426E+04  0.12500000E+03  0.12500000E+03  0.10000000E+01  0.00000000E+00
