  0.00000000E+00  0.00000000E+00  0.00000000E+00  0.00000000E+00  0.10020569E+04  0.40605012E+04  0.12500000E+03  0.23844524E-02  0.69999999E+00  0.99999725E+03
  0.00000000E+00  0.50000000E+00  0.00000000E+00  0.00000000E+00  0.10292019E+04  0.62564887E+05  0.12500000E+03  0.29496890E-02  0.69999999E+00  0.99999652E+03
  0.00000000E+00  0.10000000E+01  0.00000000E+00  0.00000000E+00  0.10348416E+04  0.75933984E+05  0.12500000E+03  0.34559004E-02  0.69999999E+00  0.99999591E+03
  0.00000000E+00  0.15000000E+01  0.00000000E+00  0.00000000E+00  0.10197589E+04  0.41142215E+05  0.12500000E+03  0.11244905E-02  0.69999999E+00  0.99999872E+03
  0.00000000E+00  0.20000000E+01  0.00000000E+00  0.00000000E+00  0.10277528E+04  0.59200012E+05  0.12500000E+03 -0.14967388E-02  0.69999999E+00  0.10000018E+04
  0.00000000E+00  0.25000000E+01  0.00000000E+00  0.00000000E+00  0.10037180E+04  0.73766245E+04  0.12500000E+03  0.36082324E-03  0.69999999E+00  0.99999957E+03
  0.00000000E+00  0.30000000E+01  0.00000000E+00  0.00000000E+00  0.10000000E+04  0.00000000E+00  0.12500000E+03  0.60528782E-05  0.69999999E+00  0.10000000E+04
  0.00000000E+00  0.35000000E+01  0.00000000E+00  0.00000000E+00  0.10000000E+04  0.00000000E+00  0.12500000E+03  0.00000000E+00  0.69999999E+00  0.10000000E+04
  0.00000000E+00  0.40000000E+01  0.00000000E+00  0.00000000E+00  0.10000000E+04  0.00000000E+00  0.12500000E+03  0.00000000E+00  0.69999999E+00  0.10000000E+04
 -0.25000000E+00 -0.25000000E+00  0.00000000E+00  0.00000000E+00  0.10006414E+04  0.12607445E+04  0.12500000E+03  0.52005530E-03  0.69999999E+00  0.99999939E+03
 -0.25000000E+00  0.25000000E+00  0.00000000E+00  0.00000000E+00  0.10016060E+04  0.31661694E+04  0.12500000E+03  0.10526767E-02  0.69999999E+00  0.99999878E+03
 -0.25000000E+00  0.75000000E+00  0.00000000E+00  0.00000000E+00  0.10108544E+04  0.22002416E+05  0.12500000E+03  0.39378292E-03  0.69999999E+00  0.99999957E+03
 -0.25000000E+00  0.12500000E+01  0.00000000E+00  0.00000000E+00  0.10030476E+04  0.60343091E+04  0.12500000E+03  0.10732918E-02  0.69999999E+00  0.99999878E+03
 -0.25000000E+00  0.17500000E+01  0.00000000E+00  0.00000000E+00  0.10013435E+04  0.26465728E+04  0.12500000E+03 -0.36198460E-03  0.69999999E+00  0.10000004E+04
 -0.25000000E+00  0.22500000E+01  0.00000000E+00  0.00000000E+00  0.10012462E+04  0.24542319E+04  0.12500000E+03 -0.15019494E-03  0.69999999E+00  0.10000002E+04
 -0.25000000E+00  0.27500000E+01  0.00000000E+00  0.00000000E+00  0.10000000E+04  0.00000000E+00  0.12500000E+03  0.26512567E-41  0.69999999E+00  0.10000000E+04
 -0.25000000E+00  0.32500000E+01  0.00000000E+00  0.00000000E+00  0.10000000E+04  0.00000000E+00  0.12500000E+03  0.86880505E-42  0.69999999E+00  0.10000000E+04
 -0.25000000E+00  0.37500000E+01  0.00000000E+00  0.00000000E+00  0.10000000E+04  0.00000000E+00  0.12500000E+03  0.00000000E+00  0.69999999E+00  0.10000000E+04
  0.80000000E+01  0.00000000E+00  0.00000000E+00  0.00000000E+00  0.10000000E+04  0.00000000E+00  0.12500000E+03  0.00000000E+00  0.69999999E+00  0.10000000E+04
  0.80000000E+01  0.50000000E+00  0.00000000E+00  0.00000000E+00  0.10000000E+04  0.00000000E+00  0.12500000E+03  0.00000000E+00  0.69999999E+00  0.10000000E+04
  0.80000000E+01  0.10000000E+01  0.00000000E+00  0.00000000E+00  0.10000000E+04  0.00000000E+00  0.12500000E+03  0.00000000E+00  0.69999999E+00  0.10000000E+04
  0.80000000E+01  0.15000000E+01  0.00000000E+00  0.00000000E+00  0.10000000E+04  0.00000000E+00  0.12500000E+03  0.00000000E+00  0.69999999E+00  0.10000000E+04
  0.80000000E+01  0.20000000E+01  0.00000000E+00  0.00000000E+00  0.10000000E+04  0.00000000E+00  0.12500000E+03  0.00000000E+00  0.69999999E+00  0.10000000E+04
  0.80000000E+01  0.25000000E+01  0.00000000E+00  0.00000000E+00  0.10000000E+04  0.00000000E+00  0.12500000E+03  0.00000000E+00  0.69999999E+00  0.10000000E+04
  0.80000000E+01  0.30000000E+01  0.00000000E+00  0.00000000E+00  0.10000000E+04  0.00000000E+00  0.12500000E+03  0.00000000E+00  0.69999999E+00  0.10000000E+04
  0.80000000E+01  0.35000000E+01  0.00000000E+00  0.00000000E+00  0.10000000E+04  0.00000000E+00  0.12500000E+03  0.00000000E+00  0.69999999E+00  0.10000000E+04
  0.80000000E+01  0.40000000E+01  0.00000000E+00  0.00000000E+00  0.10000000E+04  0.00000000E+00  0.12500000E+03  0.00000000E+00  0.69999999E+00  0.10000000E+04
  0.82500000E+01 -0.25000000E+00  0.00000000E+00  0.00000000E+00  0.10000000E+04  0.00000000E+00  0.12500000E+03  0.00000000E+00  0.69999999E+00  0.10000000E+04
  0.82500000E+01  0.25000000E+00  0.00000000E+00  0.00000000E+00  0.10000000E+04  0.00000000E+00  0.12500000E+03  0.00000000E+00  0.69999999E+00  0.10000000E+04
  0.82500000E+01  0.75000000E+00  0.00000000E+00  0.00000000E+00  0.10000000E+04  0.00000000E+00  0.12500000E+03  0.00000000E+00  0.69999999E+00  0.10000000E+04
  0.82500000E+01  0.12500000E+01  0.00000000E+00  0.00000000E+00  0.10000000E+04  0.00000000E+00  0.12500000E+03  0.00000000E+00  0.69999999E+00  0.10000000E+04
  0.82500000E+01  0.17500000E+01  0.00000000E+00  0.00000000E+00  0.10000000E+04  0.00000000E+00  0.12500000E+03  0.00000000E+00  0.69999999E+00  0.10000000E+04
  0.82500000E+01  0.22500000E+01  0.00000000E+00  0.00000000E+00  0.10000000E+04  0.00000000E+00  0.12500000E+03  0.00000000E+00  0.69999999E+00  0.10000000E+04
  0.82500000E+01  0.27500000E+01  0.00000000E+00  0.00000000E+00  0.10000000E+04  0.00000000E+00  0.12500000E+03  0.00000000E+00  0.69999999E+00  0.10000000E+04
  0.82500000E+01  0.32500000E+01  0.00000000E+00  0.00000000E+00  0.10000000E+04  0.00000000E+00  0.12500000E+03  0.00000000E+00  0.69999999E+00  0.10000000E+04
  0.82500000E+01  0.37500000E+01  0.00000000E+00  0.00000000E+00  0.10000000E+04  0.00000000E+00  0.12500000E+03  0.00000000E+00  0.69999999E+00  0.10000000E+04
  0.50000000E+00  0.00000000E+00  0.00000000E+00  0.00000000E+00  0.10433441E+04  0.96933695E+05  0.12500000E+03  0.11962576E-01  0.69999999E+00  0.99998572E+03
  0.10000000E+01  0.00000000E+00  0.00000000E+00  0.00000000E+00  0.10563267E+04  0.13104255E+06  0.12500000E+03  0.69447407E-02  0.69999999E+00  0.99999164E+03
  0.15000000E+01  0.00000000E+00  0.00000000E+00  0.00000000E+00  0.10392312E+04  0.86646758E+05  0.12500000E+03  0.21205995E-01  0.69999999E+00  0.99997479E+03
  0.20000000E+01  0.00000000E+00  0.00000000E+00  0.00000000E+00  0.11404709E+04  0.42309531E+06  0.12500000E+03  0.24366839E-01  0.69999999E+00  0.99996826E+03
  0.25000000E+01  0.00000000E+00  0.00000000E+00  0.00000000E+00  0.10295553E+04  0.63389945E+05  0.12500000E+03  0.68160542E-02  0.69999999E+00  0.99999200E+03
  0.30000000E+01  0.00000000E+00  0.00000000E+00  0.00000000E+00  0.10369041E+04  0.80933711E+05  0.12500000E+03  0.85657705E-02  0.69999999E+00  0.99998987E+03
  0.35000000E+01  0.00000000E+00  0.00000000E+00  0.00000000E+00  0.10036772E+04  0.72948438E+04  0.12500000E+03  0.34627791E-02  0.69999999E+00  0.99999603E+03
  0.40000000E+01  0.00000000E+00  0.00000000E+00  0.00000000E+00  0.10000137E+04  0.26898298E+02  0.12500000E+03 -0.68247195E-04  0.69999999E+00  0.10000001E+04
  0.45000000E+01  0.00000000E+00  0.00000000E+00  0.00000000E+00  0.10000000E+04  0.00000000E+00  0.12500000E+03  0.74422961E-40  0.69999999E+00  0.10000000E+04
  0.50000000E+01  0.00000000E+00  0.00000000E+00  0.00000000E+00  0.10000000E+04  0.00000000E+00  0.12500000E+03  0.00000000E+00  0.69999999E+00  0.10000000E+04
  0.55000000E+01  0.00000000E+00  0.00000000E+00  0.00000000E+00  0.10000000E+04  0.00000000E+00  0.12500000E+03  0.00000000E+00  0.69999999E+00  0.10000000E+04
  0.60000000E+01  0.00000000E+00  0.00000000E+00  0.00000000E+00  0.10000000E+04  0.00000000E+00  0.12500000E+03  0.00000000E+00  0.69999999E+00  0.10000000E+04
  0.65000000E+01  0.00000000E+00  0.00000000E+00  0.00000000E+00  0.10000000E+04  0.00000000E+00  0.12500000E+03  0.00000000E+00  0.69999999E+00  0.10000000E+04
  0.70000000E+01  0.00000000E+00  0.00000000E+00  0.00000000E+00  0.10000000E+04  0.00000000E+00  0.12500000E+03  0.00000000E+00  0.69999999E+00  0.10000000E+04
  0.75000000E+01  0.00000000E+00  0.00000000E+00  0.00000000E+00  0.10000000E+04  0.00000000E+00  0.12500000E+03  0.00000000E+00  0.69999999E+00  0.10000000E+04
  0.25000000E+00 -0.25000000E+00  0.00000000E+00  0.00000000E+00  0.10057345E+04  0.11446394E+05  0.12500000E+03  0.32312758E-02  0.69999999E+00  0.99999628E+03
  0.75000000E+00 -0.25000000E+00  0.00000000E+00  0.00000000E+00  0.10256958E+04  0.54472316E+05  0.12500000E+03  0.86060688E-02  0.69999999E+00  0.99998993E+03
  0.12500000E+01 -0.25000000E+00  0.00000000E+00  0.00000000E+00  0.10099263E+04  0.20065088E+05  0.12500000E+03  0.69964351E-02  0.69999999E+00  0.99999194E+03
  0.17500000E+01 -0.25000000E+00  0.00000000E+00  0.00000000E+00  0.10154316E+04  0.31715160E+05  0.12500000E+03  0.10569975E-01  0.69999999E+00  0.99998773E+03
  0.22500000E+01 -0.25000000E+00  0.00000000E+00  0.00000000E+00  0.10012590E+04  0.24796824E+04  0.12500000E+03  0.10386152E-01  0.69999999E+00  0.99998810E+03
  0.27500000E+01 -0.25000000E+00  0.00000000E+00  0.00000000E+00  0.10053254E+04  0.10616925E+05  0.12500000E+03  0.45090606E-02  0.69999999E+00  0.99999481E+03
  0.32500000E+01 -0.25000000E+00  0.00000000E+00  0.00000000E+00  0.10009865E+04  0.19411655E+04  0.12500000E+03  0.31205663E-02  0.69999999E+00  0.99999646E+03
  0.37500000E+01 -0.25000000E+00  0.00000000E+00  0.00000000E+00  0.10000070E+04  0.13565822E+02  0.12500000E+03 -0.15635355E-03  0.69999999E+00  0.10000002E+04
  0.42500000E+01 -0.25000000E+00  0.00000000E+00  0.00000000E+00  0.10000000E+04  0.00000000E+00  0.12500000E+03 -0.32216883E-36  0.69999999E+00  0.10000000E+04
  0.47500000E+01 -0.25000000E+00  0.00000000E+00  0.00000000E+00  0.10000000E+04  0.00000000E+00  0.12500000E+03 -0.15812532E-39  0.69999999E+00  0.10000000E+04
  0.52500000E+01 -0.25000000E+00  0.00000000E+00  0.00000000E+00  0.10000000E+04  0.00000000E+00  0.12500000E+03  0.00000000E+00  0.69999999E+00  0.10000000E+04
  0.57500000E+01 -0.25000000E+00  0.00000000E+00  0.00000000E+00  0.10000000E+04  0.00000000E+00  0.12500000E+03  0.00000000E+00  0.69999999E+00  0.10000000E+04
  0.62500000E+01 -0.25000000E+00  0.00000000E+00  0.00000000E+00  0.10000000E+04  0.00000000E+00  0.12500000E+03  0.00000000E+00  0.69999999E+00  0.10000000E+04
  0.67500000E+01 -0.25000000E+00  0.00000000E+00  0.00000000E+00  0.10000000E+04  0.00000000E+00  0.12500000E+03  0.00000000E+00  0.69999999E+00  0.10000000E+04
  0.72500000E+01 -0.25000000E+00  0.00000000E+00  0.00000000E+00  0.10000000E+04  0.00000000E+00  0.12500000E+03  0.00000000E+00  0.69999999E+00  0.10000000E+04
  0.77500000E+01 -0.25000000E+00  0.00000000E+00  0.00000000E+00  0.10000000E+04  0.00000000E+00  0.12500000E+03  0.00000000E+00  0.69999999E+00  0.10000000E+04
  0.40000000E+01  0.50000000E+00  0.00000000E+00  0.00000000E+00  0.10000774E+04  0.15182896E+03  0.12500000E+03 -0.25883853E-03  0.69999999E+00  0.10000003E+04
  0.37500000E+01  0.25000000E+00  0.00000000E+00  0.00000000E+00  0.10012516E+04  0.24648362E+04  0.12500000E+03 -0.14823559E-02  0.69999999E+00  0.10000017E+04
  0.40000000E+01  0.10000000E+01  0.00000000E+00  0.00000000E+00  0.10011580E+04  0.22799023E+04  0.12500000E+03 -0.12836038E-03  0.69999999E+00  0.10000001E+04
  0.37500000E+01  0.75000000E+00  0.00000000E+00  0.00000000E+00  0.10316968E+04  0.68425195E+05  0.12500000E+03  0.94955578E-03  0.69999999E+00  0.99999890E+03
  0.40000000E+01  0.15000000E+01  0.00000000E+00  0.00000000E+00  0.10008739E+04  0.17191395E+04  0.12500000E+03  0.36376400E-03  0.69999999E+00  0.99999957E+03
  0.37500000E+01  0.12500000E+01  0.00000000E+00  0.00000000E+00  0.10411324E+04  0.91371734E+05  0.12500000E+03  0.85074193E-03  0.69999999E+00  0.99999896E+03
  0.40000000E+01  0.20000000E+01  0.00000000E+00  0.00000000E+00  0.10010588E+04  0.20840093E+04  0.12500000E+03  0.31295599E-03  0.69999999E+00  0.99999963E+03
  0.37500000E+01  0.17500000E+01  0.00000000E+00  0.00000000E+00  0.10302500E+04  0.65016359E+05  0.12500000E+03  0.17458894E-02  0.69999999E+00  0.99999792E+03
  0.45000000E+01  0.50000000E+00  0.00000000E+00  0.00000000E+00  0.10000000E+04  0.00000000E+00  0.12500000E+03  0.46603824E-39  0.69999999E+00  0.10000000E+04
  0.42500000E+01  0.25000000E+00  0.00000000E+00  0.00000000E+00  0.10000018E+04  0.35083482E+01  0.12500000E+03 -0.74084828E-05  0.69999999E+00  0.10000000E+04
  0.45000000E+01  0.10000000E+01  0.00000000E+00  0.00000000E+00  0.10000000E+04  0.00000000E+00  0.12500000E+03 -0.10089349E-42  0.69999999E+00  0.10000000E+04
  0.42500000E+01  0.75000000E+00  0.00000000E+00  0.00000000E+00  0.10000944E+04  0.18529227E+03  0.12500000E+03 -0.10442676E-04  0.69999999E+00  0.10000000E+04
  0.45000000E+01  0.15000000E+01  0.00000000E+00  0.00000000E+00  0.10000000E+04  0.00000000E+00  0.12500000E+03 -0.80714792E-42  0.69999999E+00  0.10000000E+04
  0.42500000E+01  0.12500000E+01  0.00000000E+00  0.00000000E+00  0.10000066E+04  0.12864128E+02  0.12500000E+03  0.34267537E-05  0.69999999E+00  0.10000000E+04
  0.45000000E+01  0.20000000E+01  0.00000000E+00  0.00000000E+00  0.10000000E+04  0.00000000E+00  0.12500000E+03  0.77912195E-42  0.69999999E+00  0.10000000E+04
  0.42500000E+01  0.17500000E+01  0.00000000E+00  0.00000000E+00  0.10000031E+04  0.60811610E+01  0.12500000E+03 -0.35628464E-05  0.69999999E+00  0.10000000E+04
  0.50000000E+01  0.50000000E+00  0.00000000E+00  0.00000000E+00  0.10000000E+04  0.00000000E+00  0.12500000E+03  0.00000000E+00  0.69999999E+00  0.10000000E+04
  0.47500000E+01  0.25000000E+00  0.00000000E+00  0.00000000E+00  0.10000000E+04  0.00000000E+00  0.12500000E+03  0.15630924E-39  0.69999999E+00  0.10000000E+04
  0.50000000E+01  0.10000000E+01  0.00000000E+00  0.00000000E+00  0.10000000E+04  0.00000000E+00  0.12500000E+03  0.00000000E+00  0.69999999E+00  0.10000000E+04
  0.47500000E+01  0.75000000E+00  0.00000000E+00  0.00000000E+00  0.10000000E+04  0.00000000E+00  0.12500000E+03  0.00000000E+00  0.69999999E+00  0.10000000E+04
  0.50000000E+01  0.15000000E+01  0.00000000E+00  0.00000000E+00  0.10000000E+04  0.00000000E+00  0.12500000E+03 -0.50446745E-42  0.69999999E+00  0.10000000E+04
  0.47500000E+01  0.12500000E+01  0.00000000E+00  0.00000000E+00  0.10000000E+04  0.00000000E+00  0.12500000E+03 -0.47363888E-42  0.69999999E+00  0.10000000E+04
  0.50000000E+01  0.20000000E+01  0.00000000E+00  0.00000000E+00  0.10000000E+04  0.00000000E+00  0.12500000E+03  0.47083628E-42  0.69999999E+00  0.10000000E+04
  0.47500000E+01  0.17500000E+01  0.00000000E+00  0.00000000E+00  0.10000000E+04  0.00000000E+00  0.12500000E+03 -0.00000000E+00  0.69999999E+00  0.10000000E+04
  0.24958255E+01  0.94721019E+00  0.41872305E+00  0.95545553E-01  0.10048848E+04  0.97256533E+04  0.12576698E+03  0.12576674E+03  0.10000000E+01  0.00000000E+00
  0.10280057E+01  0.88491654E+00 -0.14828125E+01  0.26402134E+00  0.10067769E+04  0.13569733E+05  0.12561582E+03  0.12561256E+03  0.10000000E+01  0.00000000E+00
  0.15612042E+01  0.90142107E+00 -0.49048978E+00  0.71006501E+00  0.10050737E+04  0.10107340E+05  0.12546356E+03  0.12546333E+03  0.10000000E+01  0.00000000E+00
  0.15108888E+01  0.15677338E+01 -0.50896114E+00 -0.10800766E+01  0.10048083E+04  0.95710771E+04  0.12531018E+03  0.12531027E+03  0.10000000E+01  0.00000000E+00
  0.28075438E+01  0.15387129E+01  0.30148399E+00 -0.47744364E+00  0.10016254E+04  0.32046643E+04  0.12515567E+03  0.12515567E+03  0.10000000E+01  0.00000000E+00
  0.26954660E+01  0.16054487E+01 -0.14049509E+01  0.32327592E-01  0.10005539E+04  0.10884537E+04  0.12500000E+03  0.12500000E+03  0.10000000E+01  0.00000000E+00
  0.27924194E+01  0.95540667E+00  0.36969489E+00  0.29931629E+00  0.99915253E+03 -0.16584930E+04  0.12576698E+03  0.12575461E+03  0.10000000E+01  0.00000000E+00
  0.89272630E+00  0.10482445E+01 -0.43403107E+00  0.48719913E+00  0.10017458E+04  0.34432913E+04  0.12561582E+03  0.12560624E+03  0.10000000E+01  0.00000000E+00
  0.89030421E+00  0.10071774E+01  0.19856027E+00 -0.11979918E+01  0.10064225E+04  0.12846390E+05  0.12546356E+03  0.12546037E+03  0.10000000E+01  0.00000000E+00
  0.24975183E+01  0.13361944E+01  0.15196908E+00  0.46163201E-01  0.10011497E+04  0.22634165E+04  0.12531018E+03  0.12531038E+03  0.10000000E+01  0.00000000E+00
  0.13152345E+01  0.86157668E+00 -0.33012605E+00  0.26403713E+00  0.10059269E+04  0.11837290E+05  0.12515567E+03  0.12515535E+03  0.10000000E+01  0.00000000E+00
  0.66443980E+00  0.84971404E+00 -0.34367859E+00 -0.57981414E+00  0.10235419E+04  0.49582465E+05  0.12500000E+03  0.12500000E+03  0.10000000E+01  0.00000000E+00
  0.20350010E+01  0.10028242E+01  0.47628200E+00  0.65451339E-01  0.10044320E+04  0.88119834E+04  0.12576698E+03  0.12575644E+03  0.10000000E+01  0.00000000E+00
  0.27489355E+01  0.91990614E+00  0.87532029E-01  0.57849661E-01  0.99991278E+03 -0.17104478E+03  0.12561582E+03  0.12561059E+03  0.10000000E+01  0.00000000E+00
  0.29072852E+01  0.12603823E+01 -0.43158269E+00  0.35022914E+00  0.10074930E+04  0.15035934E+05  0.12546356E+03  0.12546005E+03  0.10000000E+01  0.00000000E+00
  0.20986249E+01  0.11633922E+01 -0.65692616E+00 -0.89253867E+00  0.99884833E+03 -0.22518059E+04  0.12531018E+03  0.12531018E+03  0.10000000E+01  0.00000000E+00
  0.28628807E+01  0.78747797E+00 -0.77836618E-01 -0.77776715E-01  0.10072457E+04  0.14529000E+05  0.12515567E+03  0.12515553E+03  0.10000000E+01  0.00000000E+00
  0.12158494E+01  0.16312239E+01 -0.16196499E+01  0.28998718E+00  0.10093483E+04  0.18863781E+05  0.12500000E+03  0.12499989E+03  0.10000000E+01  0.00000000E+00
  0.90247560E+00  0.14876174E+01  0.23583901E+00  0.86872113E+00  0.10079505E+04  0.15975999E+05  0.12576698E+03  0.12576566E+03  0.10000000E+01  0.00000000E+00
  0.28341494E+01  0.10050836E+01 -0.16344762E+00 -0.41957158E+00  0.10017937E+04  0.35383171E+04  0.12561582E+03  0.12561245E+03  0.10000000E+01  0.00000000E+00
  0.14930112E+01  0.12553384E+01 -0.40381455E+00 -0.55718511E+00  0.10025182E+04  0.49781450E+04  0.12546356E+03  0.12546202E+03  0.10000000E+01  0.00000000E+00
  0.21759899E+01  0.94856012E+00 -0.50755566E+00  0.10891130E+01  0.10077240E+04  0.15510300E+05  0.12531018E+03  0.12530890E+03  0.10000000E+01  0.00000000E+00
  0.10548722E+01  0.19575028E+01 -0.53301908E-01  0.44362712E+00  0.10006493E+04  0.12764758E+04  0.12515567E+03  0.12515567E+03  0.10000000E+01  0.00000000E+00
  0.14870958E+01  0.83680356E+00 -0.10131488E+01  0.47061944E+00  0.10099502E+04  0.20114725E+05  0.12500000E+03  0.12500012E+03  0.10000000E+01  0.00000000E+00
  0.88933098E+00  0.15773506E+01 -0.89051008E-01  0.78421485E+00  0.10103589E+04  0.20966850E+05  0.12561582E+03  0.12561399E+03  0.10000000E+01  0.00000000E+00
  0.10169485E+01  0.20091653E+01 -0.26181743E+01  0.18258122E+00  0.10027642E+04  0.54683540E+04  0.12531018E+03  0.12531004E+03  0.10000000E+01  0.00000000E+00
  0.23309505E+01  0.17326107E+01 -0.79659796E+00 -0.53204262E+00  0.10006069E+04  0.11928971E+04  0.12500000E+03  0.12500000E+03  0.10000000E+01  0.00000000E+00
