  0.00000000E+00  0.00000000E+00  0.00000000E+00  0.00000000E+00  0.10008649E+04  0.17012710E+04  0.12500000E+03  0.18223706E-02  0.69999999E+00  0.99999792E+03
  0.00000000E+00  0.50000000E+00  0.00000000E+00  0.00000000E+00  0.10012955E+04  0.25518025E+04  0.12500000E+03  0.12421813E-02  0.69999999E+00  0.99999860E+03
  0.00000000E+00  0.10000000E+01  0.00000000E+00  0.00000000E+00  0.10055767E+04  0.11126067E+05  0.12500000E+03  0.22353109E-02  0.69999999E+00  0.99999744E+03
  0.00000000E+00  0.15000000E+01  0.00000000E+00  0.00000000E+00  0.10206504E+04  0.43114270E+05  0.12500000E+03  0.83093159E-03  0.69999999E+00  0.99999902E+03
  0.00000000E+00  0.20000000E+01  0.00000000E+00  0.00000000E+00  0.10087455E+04  0.17615334E+05  0.12500000E+03 -0.60202915E-03  0.69999999E+00  0.10000007E+04
  0.00000000E+00  0.25000000E+01  0.00000000E+00  0.00000000E+00  0.10002484E+04  0.48778732E+03  0.12500000E+03  0.11101574E-03  0.69999999E+00  0.99999988E+03
  0.00000000E+00  0.30000000E+01  0.00000000E+00  0.00000000E+00  0.10000000E+04  0.00000000E+00  0.12500000E+03  0.00000000E+00  0.69999999E+00  0.10000000E+04
  0.00000000E+00  0.35000000E+01  0.00000000E+00  0.00000000E+00  0.10000000E+04  0.00000000E+00  0.12500000E+03  0.00000000E+00  0.69999999E+00  0.10000000E+04
  0.00000000E+00  0.40000000E+01  0.00000000E+00  0.00000000E+00  0.10000000E+04  0.00000000E+00  0.12500000E+03  0.00000000E+00  0.69999999E+00  0.10000000E+04
 -0.25000000E+00 -0.25000000E+00  0.00000000E+00  0.00000000E+00  0.10006414E+04  0.12607445E+04  0.12500000E+03  0.52005530E-03  0.69999999E+00  0.99999939E+03
 -0.25000000E+00  0.25000000E+00  0.00000000E+00  0.00000000E+00  0.10011429E+04  0.22502283E+04  0.12500000E+03  0.72317623E-03  0.69999999E+00  0.99999915E+03
 -0.25000000E+00  0.75000000E+00  0.00000000E+00  0.00000000E+00  0.10006598E+04  0.12971389E+04  0.12500000E+03 -0.33976256E-04  0.69999999E+00  0.10000001E+04
 -0.25000000E+00  0.12500000E+01  0.00000000E+00  0.00000000E+00  0.10025779E+04  0.50971260E+04  0.12500000E+03  0.73871628E-03  0.69999999E+00  0.99999915E+03
 -0.25000000E+00  0.17500000E+01  0.00000000E+00  0.00000000E+00  0.10006375E+04  0.12529965E+04  0.12500000E+03 -0.18469073E-03  0.69999999E+00  0.10000002E+04
 -0.25000000E+00  0.22500000E+01  0.00000000E+00  0.00000000E+00  0.10004747E+04  0.93267188E+03  0.12500000E+03 -0.78150333E-04  0.69999999E+00  0.10000001E+04
 -0.25000000E+00  0.27500000E+01  0.00000000E+00  0.00000000E+00  0.10000000E+04  0.00000000E+00  0.12500000E+03  0.00000000E+00  0.69999999E+00  0.10000000E+04
 -0.25000000E+00  0.32500000E+01  0.00000000E+00  0.00000000E+00  0.10000000E+04  0.00000000E+00  0.12500000E+03  0.00000000E+00  0.69999999E+00  0.10000000E+04
 -0.25000000E+00  0.37500000E+01  0.00000000E+00  0.00000000E+00  0.10000000E+04  0.00000000E+00  0.12500000E+03  0.00000000E+00  0.69999999E+00  0.10000000E+04
  0.80000000E+01  0.00000000E+00  0.00000000E+00  0.00000000E+00  0.10000000E+04  0.00000000E+00  0.12500000E+03  0.00000000E+00  0.69999999E+00  0.10000000E+04
  0.80000000E+01  0.50000000E+00  0.00000000E+00  0.00000000E+00  0.10000000E+04  0.00000000E+00  0.12500000E+03  0.00000000E+00  0.69999999E+00  0.10000000E+04
  0.80000000E+01  0.10000000E+01  0.00000000E+00  0.00000000E+00  0.10000000E+04  0.00000000E+00  0.12500000E+03  0.00000000E+00  0.69999999E+00  0.10000000E+04
  0.80000000E+01  0.15000000E+01  0.00000000E+00  0.00000000E+00  0.10000000E+04  0.00000000E+00  0.12500000E+03  0.00000000E+00  0.69999999E+00  0.10000000E+04
  0.80000000E+01  0.20000000E+01  0.00000000E+00  0.00000000E+00  0.10000000E+04  0.00000000E+00  0.12500000E+03  0.00000000E+00  0.69999999E+00  0.10000000E+04
  0.80000000E+01  0.25000000E+01  0.00000000E+00  0.00000000E+00  0.10000000E+04  0.00000000E+00  0.12500000E+03  0.00000000E+00  0.69999999E+00  0.10000000E+04
  0.80000000E+01  0.30000000E+01  0.00000000E+00  0.00000000E+00  0.10000000E+04  0.00000000E+00  0.12500000E+03  0.00000000E+00  0.69999999E+00  0.10000000E+04
  0.80000000E+01  0.35000000E+01  0.00000000E+00  0.00000000E+00  0.10000000E+04  0.00000000E+00  0.12500000E+03  0.00000000E+00  0.69999999E+00  0.10000000E+04
  0.80000000E+01  0.40000000E+01  0.00000000E+00  0.00000000E+00  0.10000000E+04  0.00000000E+00  0.12500000E+03  0.00000000E+00  0.69999999E+00  0.10000000E+04
  0.82500000E+01 -0.25000000E+00  0.00000000E+00  0.00000000E+00  0.10000000E+04  0.00000000E+00  0.12500000E+03  0.00000000E+00  0.69999999E+00  0.10000000E+04
  0.82500000E+01  0.25000000E+00  0.00000000E+00  0.00000000E+00  0.10000000E+04  0.00000000E+00  0.12500000E+03  0.00000000E+00  0.69999999E+00  0.10000000E+04
  0.82500000E+01  0.75000000E+00  0.00000000E+00  0.00000000E+00  0.10000000E+04  0.00000000E+00  0.12500000E+03  0.00000000E+00  0.69999999E+00  0.10000000E+04
  0.82500000E+01  0.12500000E+01  0.00000000E+00  0.00000000E+00  0.10000000E+04  0.00000000E+00  0.12500000E+03  0.00000000E+00  0.69999999E+00  0.10000000E+04
  0.82500000E+01  0.17500000E+01  0.00000000E+00  0.00000000E+00  0.10000000E+04  0.00000000E+00  0.12500000E+03  0.00000000E+00  0.69999999E+00  0.10000000E+04
  0.82500000E+01  0.22500000E+01  0.00000000E+00  0.00000000E+00  0.10000000E+04  0.00000000E+00  0.12500000E+03  0.00000000E+00  0.69999999E+00  0.10000000E+04
  0.82500000E+01  0.27500000E+01  0.00000000E+00  0.00000000E+00  0.10000000E+04  0.00000000E+00  0.12500000E+03  0.00000000E+00  0.69999999E+00  0.10000000E+04
  0.82500000E+01  0.32500000E+01  0.00000000E+00  0.00000000E+00  0.10000000E+04  0.00000000E+00  0.12500000E+03  0.00000000E+00  0.69999999E+00  0.10000000E+04
  0.82500000E+01  0.37500000E+01  0.00000000E+00  0.00000000E+00  0.10000000E+04  0.00000000E+00  0.12500000E+03  0.00000000E+00  0.69999999E+00  0.10000000E+04
  0.50000000E+00  0.00000000E+00  0.00000000E+00  0.00000000E+00  0.10137837E+04  0.28187936E+05  0.12500000E+03  0.87202489E-02  0.69999999E+00  0.99998987E+03
  0.10000000E+01  0.00000000E+00  0.00000000E+00  0.00000000E+00  0.10010128E+04  0.19931656E+04  0.12500000E+03  0.34672767E-02  0.69999999E+00  0.99999603E+03
  0.15000000E+01  0.00000000E+00  0.00000000E+00  0.00000000E+00  0.10466572E+04  0.10539883E+06  0.12500000E+03  0.15587165E-01  0.69999999E+00  0.99998138E+03
  0.20000000E+01  0.00000000E+00  0.00000000E+00  0.00000000E+00  0.11563083E+04  0.49438378E+06  0.12500000E+03  0.17368091E-01  0.69999999E+00  0.99997705E+03
  0.25000000E+01  0.00000000E+00  0.00000000E+00  0.00000000E+00  0.10073418E+04  0.14725672E+05  0.12500000E+03  0.14236516E-02  0.69999999E+00  0.99999835E+03
  0.30000000E+01  0.00000000E+00  0.00000000E+00  0.00000000E+00  0.10051547E+04  0.10271086E+05  0.12500000E+03  0.34390937E-02  0.69999999E+00  0.99999603E+03
  0.35000000E+01  0.00000000E+00  0.00000000E+00  0.00000000E+00  0.10008701E+04  0.17116158E+04  0.12500000E+03  0.13883163E-02  0.69999999E+00  0.99999841E+03
  0.40000000E+01  0.00000000E+00  0.00000000E+00  0.00000000E+00  0.10000131E+04  0.25728762E+02  0.12500000E+03 -0.50405528E-04  0.69999999E+00  0.10000001E+04
  0.45000000E+01  0.00000000E+00  0.00000000E+00  0.00000000E+00  0.10000000E+04  0.00000000E+00  0.12500000E+03  0.00000000E+00  0.69999999E+00  0.10000000E+04
  0.50000000E+01  0.00000000E+00  0.00000000E+00  0.00000000E+00  0.10000000E+04  0.00000000E+00  0.12500000E+03  0.00000000E+00  0.69999999E+00  0.10000000E+04
  0.55000000E+01  0.00000000E+00  0.00000000E+00  0.00000000E+00  0.10000000E+04  0.00000000E+00  0.12500000E+03  0.00000000E+00  0.69999999E+00  0.10000000E+04
  0.60000000E+01  0.00000000E+00  0.00000000E+00  0.00000000E+00  0.10000000E+04  0.00000000E+00  0.12500000E+03  0.00000000E+00  0.69999999E+00  0.10000000E+04
  0.65000000E+01  0.00000000E+00  0.00000000E+00  0.00000000E+00  0.10000000E+04  0.00000000E+00  0.12500000E+03  0.00000000E+00  0.69999999E+00  0.10000000E+04
  0.70000000E+01  0.00000000E+00  0.00000000E+00  0.00000000E+00  0.10000000E+04  0.00000000E+00  0.12500000E+03  0.00000000E+00  0.69999999E+00  0.10000000E+04
  0.75000000E+01  0.00000000E+00  0.00000000E+00  0.00000000E+00  0.10000000E+04  0.00000000E+00  0.12500000E+03  0.00000000E+00  0.69999999E+00  0.10000000E+04
  0.25000000E+00 -0.25000000E+00  0.00000000E+00  0.00000000E+00  0.10052322E+04  0.10428154E+05  0.12500000E+03  0.27088579E-02  0.69999999E+00  0.99999689E+03
  0.75000000E+00 -0.25000000E+00  0.00000000E+00  0.00000000E+00  0.10212729E+04  0.44497527E+05  0.12500000E+03  0.66551999E-02  0.69999999E+00  0.99999225E+03
  0.12500000E+01 -0.25000000E+00  0.00000000E+00  0.00000000E+00  0.10093925E+04  0.18955547E+05  0.12500000E+03  0.54445174E-02  0.69999999E+00  0.99999371E+03
  0.17500000E+01 -0.25000000E+00  0.00000000E+00  0.00000000E+00  0.10174923E+04  0.36174316E+05  0.12500000E+03  0.82366727E-02  0.69999999E+00  0.99999042E+03
  0.22500000E+01 -0.25000000E+00  0.00000000E+00  0.00000000E+00  0.10001123E+04  0.22039732E+03  0.12500000E+03  0.72942777E-02  0.69999999E+00  0.99999164E+03
  0.27500000E+01 -0.25000000E+00  0.00000000E+00  0.00000000E+00  0.10005077E+04  0.99765021E+03  0.12500000E+03  0.13207162E-02  0.69999999E+00  0.99999847E+03
  0.32500000E+01 -0.25000000E+00  0.00000000E+00  0.00000000E+00  0.10002179E+04  0.42782803E+03  0.12500000E+03  0.15043542E-02  0.69999999E+00  0.99999829E+03
  0.37500000E+01 -0.25000000E+00  0.00000000E+00  0.00000000E+00  0.10000071E+04  0.13799721E+02  0.12500000E+03 -0.13200220E-03  0.69999999E+00  0.10000001E+04
  0.42500000E+01 -0.25000000E+00  0.00000000E+00  0.00000000E+00  0.10000000E+04  0.00000000E+00  0.12500000E+03 -0.90008203E-40  0.69999999E+00  0.10000000E+04
  0.47500000E+01 -0.25000000E+00  0.00000000E+00  0.00000000E+00  0.10000000E+04  0.00000000E+00  0.12500000E+03  0.00000000E+00  0.69999999E+00  0.10000000E+04
  0.52500000E+01 -0.25000000E+00  0.00000000E+00  0.00000000E+00  0.10000000E+04  0.00000000E+00  0.12500000E+03  0.00000000E+00  0.69999999E+00  0.10000000E+04
  0.57500000E+01 -0.25000000E+00  0.00000000E+00  0.00000000E+00  0.10000000E+04  0.00000000E+00  0.12500000E+03  0.00000000E+00  0.69999999E+00  0.10000000E+04
  0.62500000E+01 -0.25000000E+00  0.00000000E+00  0.00000000E+00  0.10000000E+04  0.00000000E+00  0.12500000E+03  0.00000000E+00  0.69999999E+00  0.10000000E+04
  0.67500000E+01 -0.25000000E+00  0.00000000E+00  0.00000000E+00  0.10000000E+04  0.00000000E+00  0.12500000E+03  0.00000000E+00  0.69999999E+00  0.10000000E+04
  0.72500000E+01 -0.25000000E+00  0.00000000E+00  0.00000000E+00  0.10000000E+04  0.00000000E+00  0.12500000E+03  0.00000000E+00  0.69999999E+00  0.10000000E+04
  0.77500000E+01 -0.25000000E+00  0.00000000E+00  0.00000000E+00  0.10000000E+04  0.00000000E+00  0.12500000E+03  0.00000000E+00  0.69999999E+00  0.10000000E+04
  0.40000000E+01  0.50000000E+00  0.00000000E+00  0.00000000E+00  0.10004335E+04  0.85152570E+03  0.12500000E+03 -0.15645467E-03  0.69999999E+00  0.10000002E+04
  0.37500000E+01  0.25000000E+00  0.00000000E+00  0.00000000E+00  0.10001306E+04  0.25644244E+03  0.12500000E+03 -0.63518382E-03  0.69999999E+00  0.10000007E+04
  0.40000000E+01  0.10000000E+01  0.00000000E+00  0.00000000E+00  0.10026648E+04  0.52703301E+04  0.12500000E+03 -0.24202749E-04  0.69999999E+00  0.10000000E+04
  0.37500000E+01  0.75000000E+00  0.00000000E+00  0.00000000E+00  0.10043860E+04  0.87192881E+04  0.12500000E+03  0.51054952E-03  0.69999999E+00  0.99999939E+03
  0.40000000E+01  0.15000000E+01  0.00000000E+00  0.00000000E+00  0.10012227E+04  0.24075779E+04  0.12500000E+03  0.18844075E-03  0.69999999E+00  0.99999976E+03
  0.37500000E+01  0.12500000E+01  0.00000000E+00  0.00000000E+00  0.10190001E+04  0.39471805E+05  0.12500000E+03  0.48830966E-03  0.69999999E+00  0.99999945E+03
  0.40000000E+01  0.20000000E+01  0.00000000E+00  0.00000000E+00  0.10006379E+04  0.12539357E+04  0.12500000E+03  0.76087541E-04  0.69999999E+00  0.99999994E+03
  0.37500000E+01  0.17500000E+01  0.00000000E+00  0.00000000E+00  0.10113774E+04  0.23099100E+05  0.12500000E+03  0.65747980E-03  0.69999999E+00  0.99999927E+03
  0.45000000E+01  0.50000000E+00  0.00000000E+00  0.00000000E+00  0.10000000E+04  0.00000000E+00  0.12500000E+03  0.28025969E-43  0.69999999E+00  0.10000000E+04
  0.42500000E+01  0.25000000E+00  0.00000000E+00  0.00000000E+00  0.10000018E+04  0.35083482E+01  0.12500000E+03 -0.74084828E-05  0.69999999E+00  0.10000000E+04
  0.45000000E+01  0.10000000E+01  0.00000000E+00  0.00000000E+00  0.10000000E+04  0.00000000E+00  0.12500000E+03  0.00000000E+00  0.69999999E+00  0.10000000E+04
  0.42500000E+01  0.75000000E+00  0.00000000E+00  0.00000000E+00  0.10000934E+04  0.18318608E+03  0.12500000E+03 -0.62608265E-05  0.69999999E+00  0.10000000E+04
  0.45000000E+01  0.15000000E+01  0.00000000E+00  0.00000000E+00  0.10000000E+04  0.00000000E+00  0.12500000E+03 -0.00000000E+00  0.69999999E+00  0.10000000E+04
  0.42500000E+01  0.12500000E+01  0.00000000E+00  0.00000000E+00  0.10000095E+04  0.18711626E+02  0.12500000E+03  0.37302043E-05  0.69999999E+00  0.10000000E+04
  0.45000000E+01  0.20000000E+01  0.00000000E+00  0.00000000E+00  0.10000000E+04  0.00000000E+00  0.12500000E+03  0.00000000E+00  0.69999999E+00  0.10000000E+04
  0.42500000E+01  0.17500000E+01  0.00000000E+00  0.00000000E+00  0.10000021E+04  0.39761310E+01  0.12500000E+03  0.68672739E-05  0.69999999E+00  0.10000000E+04
  0.50000000E+01  0.50000000E+00  0.00000000E+00  0.00000000E+00  0.10000000E+04  0.00000000E+00  0.12500000E+03  0.00000000E+00  0.69999999E+00  0.10000000E+04
  0.47500000E+01  0.25000000E+00  0.00000000E+00  0.00000000E+00  0.10000000E+04  0.00000000E+00  0.12500000E+03  0.00000000E+00  0.69999999E+00  0.10000000E+04
  0.50000000E+01  0.10000000E+01  0.00000000E+00  0.00000000E+00  0.10000000E+04  0.00000000E+00  0.12500000E+03  0.00000000E+00  0.69999999E+00  0.10000000E+04
  0.47500000E+01  0.75000000E+00  0.00000000E+00  0.00000000E+00  0.10000000E+04  0.00000000E+00  0.12500000E+03  0.00000000E+00  0.69999999E+00  0.10000000E+04
  0.50000000E+01  0.15000000E+01  0.00000000E+00  0.00000000E+00  0.10000000E+04  0.00000000E+00  0.12500000E+03  0.00000000E+00  0.69999999E+00  0.10000000E+04
  0.47500000E+01  0.12500000E+01  0.00000000E+00  0.00000000E+00  0.10000000E+04  0.00000000E+00  0.12500000E+03  0.00000000E+00  0.69999999E+00  0.10000000E+04
  0.50000000E+01  0.20000000E+01  0.00000000E+00  0.00000000E+00  0.10000000E+04  0.00000000E+00  0.12500000E+03  0.00000000E+00  0.69999999E+00  0.10000000E+04
  0.47500000E+01  0.17500000E+01  0.00000000E+00  0.00000000E+00  0.10000000E+04  0.00000000E+00  0.12500000E+03  0.00000000E+00  0.69999999E+00  0.10000000E+04
  0.24281757E+01  0.16596329E+01  0.15235791E+01 -0.43045711E-01  0.10006120E+04  0.12029912E+04  0.12576698E+03  0.12576674E+03  0.10000000E+01  0.00000000E+00
  0.14797753E+01  0.96222746E+00  0.12694712E+01 -0.16768607E+00  0.10020441E+04  0.40351655E+04  0.12561582E+03  0.12561256E+03  0.10000000E+01  0.00000000E+00
  0.15206624E+01  0.90960872E+00  0.50215626E+00  0.22291660E+00  0.10149037E+04  0.30581348E+05  0.12546356E+03  0.12546333E+03  0.10000000E+01  0.00000000E+00
  0.10899665E+01  0.13433729E+01 -0.26436388E-01 -0.21247787E+01  0.99533527E+03 -0.90250928E+04  0.12531018E+03  0.12531018E+03  0.10000000E+01  0.00000000E+00
  0.10997509E+01  0.11082029E+01  0.16387396E+01 -0.31718550E+01  0.99763312E+03 -0.46110137E+04  0.12515567E+03  0.12515567E+03  0.10000000E+01  0.00000000E+00
  0.26717525E+01  0.23395014E+01 -0.30870029E+00  0.13066382E+01  0.10025963E+04  0.51337075E+04  0.12500000E+03  0.12500000E+03  0.10000000E+01  0.00000000E+00
  0.27327805E+01  0.17903113E+01  0.12792956E+01  0.54996121E+00  0.10041807E+04  0.83060693E+04  0.12576698E+03  0.12575494E+03  0.10000000E+01  0.00000000E+00
  0.15103248E+01  0.10492175E+01  0.94967663E+00 -0.44727391E+00  0.10000001E+04  0.23388872E+00  0.12561582E+03  0.12560624E+03  0.10000000E+01  0.00000000E+00
  0.17002447E+01  0.13168278E+01  0.10992140E+01  0.27032840E+00  0.10141080E+04  0.28879490E+05  0.12546356E+03  0.12546037E+03  0.10000000E+01  0.00000000E+00
  0.17475269E+01  0.10263327E+01  0.31706729E+01  0.13644903E+01  0.10178508E+04  0.36955824E+05  0.12531018E+03  0.12531038E+03  0.10000000E+01  0.00000000E+00
  0.15384824E+01  0.16133772E+01  0.37490124E+00  0.32183543E+00  0.99568085E+03 -0.83651201E+04  0.12515567E+03  0.12515567E+03  0.10000000E+01  0.00000000E+00
  0.98391354E+00  0.14595287E+01  0.52946836E+00 -0.13140860E+01  0.98538617E+03 -0.27445430E+05  0.12500000E+03  0.12500000E+03  0.10000000E+01  0.00000000E+00
  0.26961153E+01  0.19341521E+01  0.37673573E+01  0.16420121E+01  0.95494513E+03 -0.77307258E+05  0.12576698E+03  0.12575644E+03  0.10000000E+01  0.00000000E+00
  0.25228798E+01  0.16836225E+01  0.11633611E+01  0.29648900E+01  0.99183777E+03 -0.15627506E+05  0.12561582E+03  0.12561089E+03  0.10000000E+01  0.00000000E+00
  0.24650326E+01  0.12109346E+01 -0.31664214E+00  0.14624121E+01  0.10150366E+04  0.30866451E+05  0.12546356E+03  0.12546005E+03  0.10000000E+01  0.00000000E+00
  0.26296275E+01  0.12570872E+01  0.11088047E+01  0.15382650E+01  0.98026721E+03 -0.36497703E+05  0.12531018E+03  0.12531018E+03  0.10000000E+01  0.00000000E+00
  0.25442133E+01  0.90068686E+00 -0.14741763E+00  0.28274161E+00  0.10115682E+04  0.23499832E+05  0.12515567E+03  0.12515559E+03  0.10000000E+01  0.00000000E+00
  0.23413856E+01  0.21551778E+01 -0.11447293E+00 -0.17340046E+00  0.10080444E+04  0.16169080E+05  0.12500000E+03  0.12500000E+03  0.10000000E+01  0.00000000E+00
  0.14909837E+01  0.15366170E+01 -0.20423274E+01  0.75393057E+00  0.98182062E+03 -0.33780520E+05  0.12576698E+03  0.12576566E+03  0.10000000E+01  0.00000000E+00
  0.24852982E+01  0.17498283E+01  0.23423872E+01  0.30355339E+01  0.10071139E+04  0.14258974E+05  0.12561582E+03  0.12561221E+03  0.10000000E+01  0.00000000E+00
  0.25506935E+01  0.88532519E+00 -0.24869173E+01 -0.41564051E-02  0.99843060E+03 -0.30646846E+04  0.12546356E+03  0.12546202E+03  0.10000000E+01  0.00000000E+00
  0.25179148E+01  0.96236861E+00 -0.34397855E+01 -0.97578481E-01  0.98571069E+03 -0.26862031E+05  0.12531018E+03  0.12530890E+03  0.10000000E+01  0.00000000E+00
  0.26992474E+01  0.24292381E+01 -0.65643525E+00  0.13498218E+01  0.10090289E+04  0.18201846E+05  0.12515567E+03  0.12515567E+03  0.10000000E+01  0.00000000E+00
  0.30105915E+01  0.13031747E+01 -0.10688926E+00 -0.35329795E+01  0.99657489E+03 -0.66514297E+04  0.12500000E+03  0.12500012E+03  0.10000000E+01  0.00000000E+00
  0.16624556E+01  0.17272220E+01  0.10190208E+01  0.25447199E+00  0.10255991E+04  0.54251508E+05  0.12561582E+03  0.12561399E+03  0.10000000E+01  0.00000000E+00
  0.29876237E+01  0.21960034E+01  0.42040285E-01  0.26022089E+01  0.10206970E+04  0.43217668E+05  0.12531018E+03  0.12531004E+03  0.10000000E+01  0.00000000E+00
  0.14993486E+01  0.20495441E+01 -0.10051199E+01  0.45828766E+00  0.99304150E+03 -0.13370826E+05  0.12500000E+03  0.12500000E+03  0.10000000E+01  0.00000000E+00
