  0.00000000E+00  0.00000000E+00  0.00000000E+00  0.00000000E+00  0.10161545E+04  0.33273277E+05  0.12500000E+03  0.16652953E-02  0.69999999E+00  0.99999805E+03
  0.00000000E+00  0.50000000E+00  0.00000000E+00  0.00000000E+00  0.10085254E+04  0.17160717E+05  0.12500000E+03  0.95003314E-03  0.69999999E+00  0.99999890E+03
  0.00000000E+00  0.10000000E+01  0.00000000E+00  0.00000000E+00  0.10045343E+04  0.90181191E+04  0.12500000E+03  0.19205990E-02  0.69999999E+00  0.99999780E+03
  0.00000000E+00  0.15000000E+01  0.00000000E+00  0.00000000E+00  0.10425906E+04  0.95030781E+05  0.12500000E+03  0.67142688E-03  0.69999999E+00  0.99999921E+03
  0.00000000E+00  0.20000000E+01  0.00000000E+00  0.00000000E+00  0.10061959E+04  0.12384668E+05  0.12500000E+03 -0.38569127E-03  0.69999999E+00  0.10000004E+04
  0.00000000E+00  0.25000000E+01  0.00000000E+00  0.00000000E+00  0.10002466E+04  0.48403955E+03  0.12500000E+03  0.71152863E-04  0.69999999E+00  0.99999994E+03
  0.00000000E+00  0.30000000E+01  0.00000000E+00  0.00000000E+00  0.10000000E+04  0.00000000E+00  0.12500000E+03  0.00000000E+00  0.69999999E+00  0.10000000E+04
  0.00000000E+00  0.35000000E+01  0.00000000E+00  0.00000000E+00  0.10000000E+04  0.00000000E+00  0.12500000E+03  0.00000000E+00  0.69999999E+00  0.10000000E+04
  0.00000000E+00  0.40000000E+01  0.00000000E+00  0.00000000E+00  0.10000000E+04  0.00000000E+00  0.12500000E+03  0.00000000E+00  0.69999999E+00  0.10000000E+04
 -0.25000000E+00 -0.25000000E+00  0.00000000E+00  0.00000000E+00  0.10006416E+04  0.12612141E+04  0.12500000E+03  0.51917520E-03  0.69999999E+00  0.99999939E+03
 -0.25000000E+00  0.25000000E+00  0.00000000E+00  0.00000000E+00  0.10019082E+04  0.37653555E+04  0.12500000E+03  0.64842036E-03  0.69999999E+00  0.99999927E+03
 -0.25000000E+00  0.75000000E+00  0.00000000E+00  0.00000000E+00  0.10047039E+04  0.93602734E+04  0.12500000E+03 -0.73866380E-04  0.69999999E+00  0.10000001E+04
 -0.25000000E+00  0.12500000E+01  0.00000000E+00  0.00000000E+00  0.10057301E+04  0.11437680E+05  0.12500000E+03  0.61033427E-03  0.69999999E+00  0.99999933E+03
 -0.25000000E+00  0.17500000E+01  0.00000000E+00  0.00000000E+00  0.10001606E+04  0.31543390E+03  0.12500000E+03 -0.13436910E-03  0.69999999E+00  0.10000002E+04
 -0.25000000E+00  0.22500000E+01  0.00000000E+00  0.00000000E+00  0.10004730E+04  0.92938812E+03  0.12500000E+03 -0.62706749E-04  0.69999999E+00  0.10000001E+04
 -0.25000000E+00  0.27500000E+01  0.00000000E+00  0.00000000E+00  0.10000000E+04  0.00000000E+00  0.12500000E+03  0.00000000E+00  0.69999999E+00  0.10000000E+04
 -0.25000000E+00  0.32500000E+01  0.00000000E+00  0.00000000E+00  0.10000000E+04  0.00000000E+00  0.12500000E+03  0.00000000E+00  0.69999999E+00  0.10000000E+04
 -0.25000000E+00  0.37500000E+01  0.00000000E+00  0.00000000E+00  0.10000000E+04  0.00000000E+00  0.12500000E+03  0.00000000E+00  0.69999999E+00  0.10000000E+04
  0.80000000E+01  0.00000000E+00  0.00000000E+00  0.00000000E+00  0.10000000E+04  0.00000000E+00  0.12500000E+03  0.00000000E+00  0.69999999E+00  0.10000000E+04
  0.80000000E+01  0.50000000E+00  0.00000000E+00  0.00000000E+00  0.10000000E+04  0.00000000E+00  0.12500000E+03  0.00000000E+00  0.69999999E+00  0.10000000E+04
  0.80000000E+01  0.10000000E+01  0.00000000E+00  0.00000000E+00  0.10000000E+04  0.00000000E+00  0.12500000E+03  0.00000000E+00  0.69999999E+00  0.10000000E+04
  0.80000000E+01  0.15000000E+01  0.00000000E+00  0.00000000E+00  0.10000000E+04  0.00000000E+00  0.12500000E+03  0.00000000E+00  0.69999999E+00  0.10000000E+04
  0.80000000E+01  0.20000000E+01  0.00000000E+00  0.00000000E+00  0.10000000E+04  0.00000000E+00  0.12500000E+03  0.00000000E+00  0.69999999E+00  0.10000000E+04
  0.80000000E+01  0.25000000E+01  0.00000000E+00  0.00000000E+00  0.10000000E+04  0.00000000E+00  0.12500000E+03  0.00000000E+00  0.69999999E+00  0.10000000E+04
  0.80000000E+01  0.30000000E+01  0.00000000E+00  0.00000000E+00  0.10000000E+04  0.00000000E+00  0.12500000E+03  0.00000000E+00  0.69999999E+00  0.10000000E+04
  0.80000000E+01  0.35000000E+01  0.00000000E+00  0.00000000E+00  0.10000000E+04  0.00000000E+00  0.12500000E+03  0.00000000E+00  0.69999999E+00  0.10000000E+04
  0.80000000E+01  0.40000000E+01  0.00000000E+00  0.00000000E+00  0.10000000E+04  0.00000000E+00  0.12500000E+03  0.00000000E+00  0.69999999E+00  0.10000000E+04
  0.82500000E+01 -0.25000000E+00  0.00000000E+00  0.00000000E+00  0.10000000E+04  0.00000000E+00  0.12500000E+03  0.00000000E+00  0.69999999E+00  0.10000000E+04
  0.82500000E+01  0.25000000E+00  0.00000000E+00  0.00000000E+00  0.10000000E+04  0.00000000E+00  0.12500000E+03  0.00000000E+00  0.69999999E+00  0.10000000E+04
  0.82500000E+01  0.75000000E+00  0.00000000E+00  0.00000000E+00  0.10000000E+04  0.00000000E+00  0.12500000E+03  0.00000000E+00  0.69999999E+00  0.10000000E+04
  0.82500000E+01  0.12500000E+01  0.00000000E+00  0.00000000E+00  0.10000000E+04  0.00000000E+00  0.12500000E+03  0.00000000E+00  0.69999999E+00  0.10000000E+04
  0.82500000E+01  0.17500000E+01  0.00000000E+00  0.00000000E+00  0.10000000E+04  0.00000000E+00  0.12500000E+03  0.00000000E+00  0.69999999E+00  0.10000000E+04
  0.82500000E+01  0.22500000E+01  0.00000000E+00  0.00000000E+00  0.10000000E+04  0.00000000E+00  0.12500000E+03  0.00000000E+00  0.69999999E+00  0.10000000E+04
  0.82500000E+01  0.27500000E+01  0.00000000E+00  0.00000000E+00  0.10000000E+04  0.00000000E+00  0.12500000E+03  0.00000000E+00  0.69999999E+00  0.10000000E+04
  0.82500000E+01  0.32500000E+01  0.00000000E+00  0.00000000E+00  0.10000000E+04  0.00000000E+00  0.12500000E+03  0.00000000E+00  0.69999999E+00  0.10000000E+04
  0.82500000E+01  0.37500000E+01  0.00000000E+00  0.00000000E+00  0.10000000E+04  0.00000000E+00  0.12500000E+03  0.00000000E+00  0.69999999E+00  0.10000000E+04
  0.50000000E+00  0.00000000E+00  0.00000000E+00  0.00000000E+00  0.11205203E+04  0.34135419E+06  0.12500000E+03  0.80251563E-02  0.69999999E+00  0.99998969E+03
  0.10000000E+01  0.00000000E+00  0.00000000E+00  0.00000000E+00  0.10436292E+04  0.97655648E+05  0.12500000E+03  0.25989688E-02  0.69999999E+00  0.99999689E+03
  0.15000000E+01  0.00000000E+00  0.00000000E+00  0.00000000E+00  0.10197537E+04  0.41130645E+05  0.12500000E+03  0.13169709E-01  0.69999999E+00  0.99998468E+03
  0.20000000E+01  0.00000000E+00  0.00000000E+00  0.00000000E+00  0.10115028E+04  0.23362531E+05  0.12500000E+03  0.14197949E-01  0.69999999E+00  0.99998358E+03
  0.25000000E+01  0.00000000E+00  0.00000000E+00  0.00000000E+00  0.99953198E+03 -0.91695850E+03  0.12500000E+03  0.77196315E-03  0.69999999E+00  0.99999915E+03
  0.30000000E+01  0.00000000E+00  0.00000000E+00  0.00000000E+00  0.10286942E+04  0.61383000E+05  0.12500000E+03  0.23765431E-02  0.69999999E+00  0.99999719E+03
  0.35000000E+01  0.00000000E+00  0.00000000E+00  0.00000000E+00  0.10135566E+04  0.27704561E+05  0.12500000E+03  0.91970136E-03  0.69999999E+00  0.99999896E+03
  0.40000000E+01  0.00000000E+00  0.00000000E+00  0.00000000E+00  0.10000134E+04  0.26430483E+02  0.12500000E+03 -0.28181654E-04  0.69999999E+00  0.10000001E+04
  0.45000000E+01  0.00000000E+00  0.00000000E+00  0.00000000E+00  0.10000000E+04  0.00000000E+00  0.12500000E+03  0.00000000E+00  0.69999999E+00  0.10000000E+04
  0.50000000E+01  0.00000000E+00  0.00000000E+00  0.00000000E+00  0.10000000E+04  0.00000000E+00  0.12500000E+03  0.00000000E+00  0.69999999E+00  0.10000000E+04
  0.55000000E+01  0.00000000E+00  0.00000000E+00  0.00000000E+00  0.10000000E+04  0.00000000E+00  0.12500000E+03  0.00000000E+00  0.69999999E+00  0.10000000E+04
  0.60000000E+01  0.00000000E+00  0.00000000E+00  0.00000000E+00  0.10000000E+04  0.00000000E+00  0.12500000E+03  0.00000000E+00  0.69999999E+00  0.10000000E+04
  0.65000000E+01  0.00000000E+00  0.00000000E+00  0.00000000E+00  0.10000000E+04  0.00000000E+00  0.12500000E+03  0.00000000E+00  0.69999999E+00  0.10000000E+04
  0.70000000E+01  0.00000000E+00  0.00000000E+00  0.00000000E+00  0.10000000E+04  0.00000000E+00  0.12500000E+03  0.00000000E+00  0.69999999E+00  0.10000000E+04
  0.75000000E+01  0.00000000E+00  0.00000000E+00  0.00000000E+00  0.10000000E+04  0.00000000E+00  0.12500000E+03  0.00000000E+00  0.69999999E+00  0.10000000E+04
  0.25000000E+00 -0.25000000E+00  0.00000000E+00  0.00000000E+00  0.10383492E+04  0.84472602E+05  0.12500000E+03  0.25421078E-02  0.69999999E+00  0.99999701E+03
  0.75000000E+00 -0.25000000E+00  0.00000000E+00  0.00000000E+00  0.10390087E+04  0.86097031E+05  0.12500000E+03  0.60032490E-02  0.69999999E+00  0.99999286E+03
  0.12500000E+01 -0.25000000E+00  0.00000000E+00  0.00000000E+00  0.10023245E+04  0.45925205E+04  0.12500000E+03  0.45560282E-02  0.69999999E+00  0.99999475E+03
  0.17500000E+01 -0.25000000E+00  0.00000000E+00  0.00000000E+00  0.10063304E+04  0.12658809E+05  0.12500000E+03  0.68742894E-02  0.69999999E+00  0.99999213E+03
  0.22500000E+01 -0.25000000E+00  0.00000000E+00  0.00000000E+00  0.10177740E+04  0.36788367E+05  0.12500000E+03  0.59528714E-02  0.69999999E+00  0.99999310E+03
  0.27500000E+01 -0.25000000E+00  0.00000000E+00  0.00000000E+00  0.10011887E+04  0.23406716E+04  0.12500000E+03  0.83438994E-03  0.69999999E+00  0.99999902E+03
  0.32500000E+01 -0.25000000E+00  0.00000000E+00  0.00000000E+00  0.10036825E+04  0.73053638E+04  0.12500000E+03  0.10526490E-02  0.69999999E+00  0.99999878E+03
  0.37500000E+01 -0.25000000E+00  0.00000000E+00  0.00000000E+00  0.10000013E+04  0.25727851E+01  0.12500000E+03 -0.64909378E-04  0.69999999E+00  0.10000001E+04
  0.42500000E+01 -0.25000000E+00  0.00000000E+00  0.00000000E+00  0.10000000E+04  0.00000000E+00  0.12500000E+03 -0.35284695E-41  0.69999999E+00  0.10000000E+04
  0.47500000E+01 -0.25000000E+00  0.00000000E+00  0.00000000E+00  0.10000000E+04  0.00000000E+00  0.12500000E+03  0.00000000E+00  0.69999999E+00  0.10000000E+04
  0.52500000E+01 -0.25000000E+00  0.00000000E+00  0.00000000E+00  0.10000000E+04  0.00000000E+00  0.12500000E+03  0.00000000E+00  0.69999999E+00  0.10000000E+04
  0.57500000E+01 -0.25000000E+00  0.00000000E+00  0.00000000E+00  0.10000000E+04  0.00000000E+00  0.12500000E+03  0.00000000E+00  0.69999999E+00  0.10000000E+04
  0.62500000E+01 -0.25000000E+00  0.00000000E+00  0.00000000E+00  0.10000000E+04  0.00000000E+00  0.12500000E+03  0.00000000E+00  0.69999999E+00  0.10000000E+04
  0.67500000E+01 -0.25000000E+00  0.00000000E+00  0.00000000E+00  0.10000000E+04  0.00000000E+00  0.12500000E+03  0.00000000E+00  0.69999999E+00  0.10000000E+04
  0.72500000E+01 -0.25000000E+00  0.00000000E+00  0.00000000E+00  0.10000000E+04  0.00000000E+00  0.12500000E+03  0.00000000E+00  0.69999999E+00  0.10000000E+04
  0.77500000E+01 -0.25000000E+00  0.00000000E+00  0.00000000E+00  0.10000000E+04  0.00000000E+00  0.12500000E+03  0.00000000E+00  0.69999999E+00  0.10000000E+04
  0.40000000E+01  0.50000000E+00  0.00000000E+00  0.00000000E+00  0.10013418E+04  0.26432717E+04  0.12500000E+03 -0.93067254E-04  0.69999999E+00  0.10000001E+04
  0.37500000E+01  0.25000000E+00  0.00000000E+00  0.00000000E+00  0.10126085E+04  0.25693572E+05  0.12500000E+03 -0.38971263E-03  0.69999999E+00  0.10000004E+04
  0.40000000E+01  0.10000000E+01  0.00000000E+00  0.00000000E+00  0.10015874E+04  0.31293318E+04  0.12500000E+03 -0.18371560E-04  0.69999999E+00  0.10000000E+04
  0.37500000E+01  0.75000000E+00  0.00000000E+00  0.00000000E+00  0.10397902E+04  0.88030523E+05  0.12500000E+03  0.33609965E-03  0.69999999E+00  0.99999957E+03
  0.40000000E+01  0.15000000E+01  0.00000000E+00  0.00000000E+00  0.10011028E+04  0.21708752E+04  0.12500000E+03  0.14254457E-03  0.69999999E+00  0.99999982E+03
  0.37500000E+01  0.12500000E+01  0.00000000E+00  0.00000000E+00  0.10334419E+04  0.72575094E+05  0.12500000E+03  0.39088048E-03  0.69999999E+00  0.99999951E+03
  0.40000000E+01  0.20000000E+01  0.00000000E+00  0.00000000E+00  0.10000315E+04  0.61752430E+02  0.12500000E+03  0.31563177E-04  0.69999999E+00  0.99999994E+03
  0.37500000E+01  0.17500000E+01  0.00000000E+00  0.00000000E+00  0.10142504E+04  0.29183371E+05  0.12500000E+03  0.43255516E-03  0.69999999E+00  0.99999951E+03
  0.45000000E+01  0.50000000E+00  0.00000000E+00  0.00000000E+00  0.10000000E+04  0.00000000E+00  0.12500000E+03  0.00000000E+00  0.69999999E+00  0.10000000E+04
  0.42500000E+01  0.25000000E+00  0.00000000E+00  0.00000000E+00  0.10000018E+04  0.35083482E+01  0.12500000E+03 -0.74084828E-05  0.69999999E+00  0.10000000E+04
  0.45000000E+01  0.10000000E+01  0.00000000E+00  0.00000000E+00  0.10000000E+04  0.00000000E+00  0.12500000E+03  0.00000000E+00  0.69999999E+00  0.10000000E+04
  0.42500000E+01  0.75000000E+00  0.00000000E+00  0.00000000E+00  0.10000936E+04  0.18365413E+03  0.12500000E+03 -0.58616174E-05  0.69999999E+00  0.10000000E+04
  0.45000000E+01  0.15000000E+01  0.00000000E+00  0.00000000E+00  0.10000000E+04  0.00000000E+00  0.12500000E+03  0.00000000E+00  0.69999999E+00  0.10000000E+04
  0.42500000E+01  0.12500000E+01  0.00000000E+00  0.00000000E+00  0.10000045E+04  0.88878889E+01  0.12500000E+03  0.12300108E-04  0.69999999E+00  0.10000000E+04
  0.45000000E+01  0.20000000E+01  0.00000000E+00  0.00000000E+00  0.10000000E+04  0.00000000E+00  0.12500000E+03  0.00000000E+00  0.69999999E+00  0.10000000E+04
  0.42500000E+01  0.17500000E+01  0.00000000E+00  0.00000000E+00  0.10000000E+04  0.00000000E+00  0.12500000E+03  0.00000000E+00  0.69999999E+00  0.10000000E+04
  0.50000000E+01  0.50000000E+00  0.00000000E+00  0.00000000E+00  0.10000000E+04  0.00000000E+00  0.12500000E+03  0.00000000E+00  0.69999999E+00  0.10000000E+04
  0.47500000E+01  0.25000000E+00  0.00000000E+00  0.00000000E+00  0.10000000E+04  0.00000000E+00  0.12500000E+03  0.00000000E+00  0.69999999E+00  0.10000000E+04
  0.50000000E+01  0.10000000E+01  0.00000000E+00  0.00000000E+00  0.10000000E+04  0.00000000E+00  0.12500000E+03  0.00000000E+00  0.69999999E+00  0.10000000E+04
  0.47500000E+01  0.75000000E+00  0.00000000E+00  0.00000000E+00  0.10000000E+04  0.00000000E+00  0.12500000E+03  0.00000000E+00  0.69999999E+00  0.10000000E+04
  0.50000000E+01  0.15000000E+01  0.00000000E+00  0.00000000E+00  0.10000000E+04  0.00000000E+00  0.12500000E+03  0.00000000E+00  0.69999999E+00  0.10000000E+04
  0.47500000E+01  0.12500000E+01  0.00000000E+00  0.00000000E+00  0.10000000E+04  0.00000000E+00  0.12500000E+03  0.00000000E+00  0.69999999E+00  0.10000000E+04
  0.50000000E+01  0.20000000E+01  0.00000000E+00  0.00000000E+00  0.10000000E+04  0.00000000E+00  0.12500000E+03  0.00000000E+00  0.69999999E+00  0.10000000E+04
  0.47500000E+01  0.17500000E+01  0.00000000E+00  0.00000000E+00  0.10000000E+04  0.00000000E+00  0.12500000E+03  0.00000000E+00  0.69999999E+00  0.10000000E+04
  0.90067470E+00  0.30902231E+00  0.26302335E+01  0.16846734E+01  0.10053317E+04  0.10629723E+05  0.12576698E+03  0.12576698E+03  0.10000000E+01  0.00000000E+00
  0.80731654E+00  0.66115189E+00 -0.26116329E+00  0.27394205E-01  0.10047656E+04  0.94846699E+04  0.12561582E+03  0.12561256E+03  0.10000000E+01  0.00000000E+00
  0.75156152E+00  0.87718403E+00 -0.40599954E+00 -0.15741974E-01  0.10014071E+04  0.27725034E+04  0.12546356E+03  0.12546356E+03  0.10000000E+01  0.00000000E+00
  0.91749734E+00  0.12497879E+01  0.85844439E+00  0.10189986E+01  0.99811462E+03 -0.36782090E+04  0.12531018E+03  0.12531018E+03  0.10000000E+01  0.00000000E+00
  0.92039275E+00  0.12910593E+01 -0.25705534E+00  0.74870610E+00  0.99435663E+03 -0.10886586E+05  0.12515567E+03  0.12515567E+03  0.10000000E+01  0.00000000E+00
  0.20574760E+01  0.12485075E+01  0.10456702E+01 -0.79610050E+00  0.10029875E+04  0.59142788E+04  0.12500000E+03  0.12500000E+03  0.10000000E+01  0.00000000E+00
  0.13533716E+01  0.24903458E+00  0.10715025E+00  0.32929039E+00  0.98801660E+03 -0.22682861E+05  0.12576698E+03  0.12575632E+03  0.10000000E+01  0.00000000E+00
  0.10351676E+01  0.57901555E+00  0.25891080E+00  0.86583179E+00  0.10127395E+04  0.25970793E+05  0.12561582E+03  0.12560642E+03  0.10000000E+01  0.00000000E+00
  0.13542945E+01  0.62714434E+00 -0.33529855E-01  0.62370527E+00  0.10084623E+04  0.17030549E+05  0.12546356E+03  0.12546065E+03  0.10000000E+01  0.00000000E+00
  0.82903636E+00  0.95399559E+00 -0.79298788E+00 -0.50794750E-01  0.99624432E+03 -0.72861558E+04  0.12531018E+03  0.12531018E+03  0.10000000E+01  0.00000000E+00
  0.14469128E+01  0.88700807E+00 -0.60957187E+00  0.84625399E+00  0.10070872E+04  0.14204311E+05  0.12515567E+03  0.12515567E+03  0.10000000E+01  0.00000000E+00
  0.11255323E+01  0.13753471E+01 -0.69288278E+00  0.97515190E+00  0.99149420E+03 -0.16268562E+05  0.12500000E+03  0.12500000E+03  0.10000000E+01  0.00000000E+00
  0.19619615E+01  0.31270567E+00  0.17570887E-01  0.33539659E+00  0.98432526E+03 -0.29344912E+05  0.12576698E+03  0.12575758E+03  0.10000000E+01  0.00000000E+00
  0.20717022E+01  0.48761970E+00  0.11675690E+01 -0.52612156E+00  0.10046151E+04  0.91810986E+04  0.12561582E+03  0.12561089E+03  0.10000000E+01  0.00000000E+00
  0.25180597E+01  0.57893956E+00 -0.34672558E+00  0.57011116E+00  0.10053172E+04  0.10600265E+05  0.12546356E+03  0.12546034E+03  0.10000000E+01  0.00000000E+00
  0.21396234E+01  0.75885069E+00  0.86193454E+00 -0.60823953E+00  0.10115234E+04  0.23405619E+05  0.12531018E+03  0.12531018E+03  0.10000000E+01  0.00000000E+00
  0.27424812E+01  0.78752220E+00  0.18647933E+01 -0.12724258E+01  0.10059805E+04  0.11946356E+05  0.12515567E+03  0.12515567E+03  0.10000000E+01  0.00000000E+00
  0.20708430E+01  0.12499752E+01  0.60121071E+00 -0.79432774E+00  0.10044058E+04  0.87591484E+04  0.12500000E+03  0.12500000E+03  0.10000000E+01  0.00000000E+00
  0.17055860E+01  0.49122727E+00 -0.70699811E-01 -0.28638792E+00  0.99677850E+03 -0.62598477E+04  0.12576698E+03  0.12576617E+03  0.10000000E+01  0.00000000E+00
  0.21502571E+01  0.70153350E+00 -0.72294199E+00 -0.28207624E+00  0.10131194E+04  0.26775924E+05  0.12561582E+03  0.12561221E+03  0.10000000E+01  0.00000000E+00
  0.29287744E+01  0.72947502E+00  0.10981340E+01 -0.99909782E-01  0.10063445E+04  0.12687474E+05  0.12546356E+03  0.12546202E+03  0.10000000E+01  0.00000000E+00
  0.27986403E+01  0.64428020E+00  0.57435870E+00  0.12102226E+01  0.10066146E+04  0.13238163E+05  0.12531018E+03  0.12530896E+03  0.10000000E+01  0.00000000E+00
  0.26962781E+01  0.13239887E+01 -0.10272049E+01 -0.79981729E-01  0.10082292E+04  0.16549670E+05  0.12515567E+03  0.12515567E+03  0.10000000E+01  0.00000000E+00
  0.28897629E+01  0.12915478E+01  0.47017199E+00 -0.43308794E+00  0.10095598E+04  0.19302799E+05  0.12500000E+03  0.12500003E+03  0.10000000E+01  0.00000000E+00
  0.16433816E+01  0.10378280E+01 -0.17906578E+01 -0.69414651E+00  0.10077735E+04  0.15611965E+05  0.12561582E+03  0.12561399E+03  0.10000000E+01  0.00000000E+00
  0.28958158E+01  0.13005849E+01 -0.48617744E+00  0.14034489E+00  0.10063171E+04  0.12631360E+05  0.12531018E+03  0.12531015E+03  0.10000000E+01  0.00000000E+00
  0.19191937E+01  0.15660074E+01 -0.10201045E+01 -0.10275401E+01  0.99911694E+03 -0.17279470E+04  0.12500000E+03  0.12500000E+03  0.10000000E+01  0.00000000E+00
