  0.00000000E+00  0.00000000E+00  0.00000000E+00  0.00000000E+00  0.10030093E+04  0.59578564E+04  0.12500000E+03  0.23183387E-02  0.69999999E+00  0.99999731E+03
  0.00000000E+00  0.50000000E+00  0.00000000E+00  0.00000000E+00  0.10268370E+04  0.57088203E+05  0.12500000E+03  0.27128384E-02  0.69999999E+00  0.99999683E+03
  0.00000000E+00  0.10000000E+01  0.00000000E+00  0.00000000E+00  0.10379490E+04  0.83489383E+05  0.12500000E+03  0.33019104E-02  0.69999999E+00  0.99999609E+03
  0.00000000E+00  0.15000000E+01  0.00000000E+00  0.00000000E+00  0.10273447E+04  0.58257621E+05  0.12500000E+03  0.10897554E-02  0.69999999E+00  0.99999872E+03
  0.00000000E+00  0.20000000E+01  0.00000000E+00  0.00000000E+00  0.10170734E+04  0.35263438E+05  0.12500000E+03 -0.13547696E-02  0.69999999E+00  0.10000016E+04
  0.00000000E+00  0.25000000E+01  0.00000000E+00  0.00000000E+00  0.10030736E+04  0.60862402E+04  0.12500000E+03  0.33517432E-03  0.69999999E+00  0.99999963E+03
  0.00000000E+00  0.30000000E+01  0.00000000E+00  0.00000000E+00  0.10000000E+04  0.00000000E+00  0.12500000E+03  0.60528782E-05  0.69999999E+00  0.10000000E+04
  0.00000000E+00  0.35000000E+01  0.00000000E+00  0.00000000E+00  0.10000000E+04  0.00000000E+00  0.12500000E+03  0.00000000E+00  0.69999999E+00  0.10000000E+04
  0.00000000E+00  0.40000000E+01  0.00000000E+00  0.00000000E+00  0.10000000E+04  0.00000000E+00  0.12500000E+03  0.00000000E+00  0.69999999E+00  0.10000000E+04
 -0.25000000E+00 -0.25000000E+00  0.00000000E+00  0.00000000E+00  0.10006414E+04  0.12607445E+04  0.12500000E+03  0.52005530E-03  0.69999999E+00  0.99999939E+03
 -0.25000000E+00  0.25000000E+00  0.00000000E+00  0.00000000E+00  0.10018446E+04  0.36392827E+04  0.12500000E+03  0.10079583E-02  0.69999999E+00  0.99999884E+03
 -0.25000000E+00  0.75000000E+00  0.00000000E+00  0.00000000E+00  0.10092017E+04  0.18559713E+05  0.12500000E+03  0.33209735E-03  0.69999999E+00  0.99999963E+03
 -0.25000000E+00  0.12500000E+01  0.00000000E+00  0.00000000E+00  0.10023606E+04  0.46643906E+04  0.12500000E+03  0.10347846E-02  0.69999999E+00  0.99999884E+03
 -0.25000000E+00  0.17500000E+01  0.00000000E+00  0.00000000E+00  0.10012080E+04  0.23788350E+04  0.12500000E+03 -0.33307023E-03  0.69999999E+00  0.10000004E+04
 -0.25000000E+00  0.22500000E+01  0.00000000E+00  0.00000000E+00  0.10012462E+04  0.24542319E+04  0.12500000E+03 -0.15003496E-03  0.69999999E+00  0.10000002E+04
 -0.25000000E+00  0.27500000E+01  0.00000000E+00  0.00000000E+00  0.10000000E+04  0.00000000E+00  0.12500000E+03  0.11406569E-41  0.69999999E+00  0.10000000E+04
 -0.25000000E+00  0.32500000E+01  0.00000000E+00  0.00000000E+00  0.10000000E+04  0.00000000E+00  0.12500000E+03  0.29427268E-42  0.69999999E+00  0.10000000E+04
 -0.25000000E+00  0.37500000E+01  0.00000000E+00  0.00000000E+00  0.10000000E+04  0.00000000E+00  0.12500000E+03  0.00000000E+00  0.69999999E+00  0.10000000E+04
  0.80000000E+01  0.00000000E+00  0.00000000E+00  0.00000000E+00  0.10000000E+04  0.00000000E+00  0.12500000E+03  0.00000000E+00  0.69999999E+00  0.10000000E+04
  0.80000000E+01  0.50000000E+00  0.00000000E+00  0.00000000E+00  0.10000000E+04  0.00000000E+00  0.12500000E+03  0.00000000E+00  0.69999999E+00  0.10000000E+04
  0.80000000E+01  0.10000000E+01  0.00000000E+00  0.00000000E+00  0.10000000E+04  0.00000000E+00  0.12500000E+03  0.00000000E+00  0.69999999E+00  0.10000000E+04
  0.80000000E+01  0.15000000E+01  0.00000000E+00  0.00000000E+00  0.10000000E+04  0.00000000E+00  0.12500000E+03  0.00000000E+00  0.69999999E+00  0.10000000E+04
  0.80000000E+01  0.20000000E+01  0.00000000E+00  0.00000000E+00  0.10000000E+04  0.00000000E+00  0.12500000E+03  0.00000000E+00  0.69999999E+00  0.10000000E+04
  0.80000000E+01  0.25000000E+01  0.00000000E+00  0.00000000E+00  0.10000000E+04  0.00000000E+00  0.12500000E+03  0.00000000E+00  0.69999999E+00  0.10000000E+04
  0.80000000E+01  0.30000000E+01  0.00000000E+00  0.00000000E+00  0.10000000E+04  0.00000000E+00  0.12500000E+03  0.00000000E+00  0.69999999E+00  0.10000000E+04
  0.80000000E+01  0.35000000E+01  0.00000000E+00  0.00000000E+00  0.10000000E+04  0.00000000E+00  0.12500000E+03  0.00000000E+00  0.69999999E+00  0.10000000E+04
  0.80000000E+01  0.40000000E+01  0.00000000E+00  0.00000000E+00  0.10000000E+04  0.00000000E+00  0.12500000E+03  0.00000000E+00  0.69999999E+00  0.10000000E+04
  0.82500000E+01 -0.25000000E+00  0.00000000E+00  0.00000000E+00  0.10000000E+04  0.00000000E+00  0.12500000E+03  0.00000000E+00  0.69999999E+00  0.10000000E+04
  0.82500000E+01  0.25000000E+00  0.00000000E+00  0.00000000E+00  0.10000000E+04  0.00000000E+00  0.12500000E+03  0.00000000E+00  0.69999999E+00  0.10000000E+04
  0.82500000E+01  0.75000000E+00  0.00000000E+00  0.00000000E+00  0.10000000E+04  0.00000000E+00  0.12500000E+03  0.00000000E+00  0.69999999E+00  0.10000000E+04
  0.82500000E+01  0.12500000E+01  0.00000000E+00  0.00000000E+00  0.10000000E+04  0.00000000E+00  0.12500000E+03  0.00000000E+00  0.69999999E+00  0.10000000E+04
  0.82500000E+01  0.17500000E+01  0.00000000E+00  0.00000000E+00  0.10000000E+04  0.00000000E+00  0.12500000E+03  0.00000000E+00  0.69999999E+00  0.10000000E+04
  0.82500000E+01  0.22500000E+01  0.00000000E+00  0.00000000E+00  0.10000000E+04  0.00000000E+00  0.12500000E+03  0.00000000E+00  0.69999999E+00  0.10000000E+04
  0.82500000E+01  0.27500000E+01  0.00000000E+00  0.00000000E+00  0.10000000E+04  0.00000000E+00  0.12500000E+03  0.00000000E+00  0.69999999E+00  0.10000000E+04
  0.82500000E+01  0.32500000E+01  0.00000000E+00  0.00000000E+00  0.10000000E+04  0.00000000E+00  0.12500000E+03  0.00000000E+00  0.69999999E+00  0.10000000E+04
  0.82500000E+01  0.37500000E+01  0.00000000E+00  0.00000000E+00  0.10000000E+04  0.00000000E+00  0.12500000E+03  0.00000000E+00  0.69999999E+00  0.10000000E+04
  0.50000000E+00  0.00000000E+00  0.00000000E+00  0.00000000E+00  0.10491703E+04  0.11192798E+06  0.12500000E+03  0.11540091E-01  0.69999999E+00  0.99998615E+03
  0.10000000E+01  0.00000000E+00  0.00000000E+00  0.00000000E+00  0.10698755E+04  0.16942538E+06  0.12500000E+03  0.64665019E-02  0.69999999E+00  0.99999207E+03
  0.15000000E+01  0.00000000E+00  0.00000000E+00  0.00000000E+00  0.10290586E+04  0.62230895E+05  0.12500000E+03  0.20490583E-01  0.69999999E+00  0.99997589E+03
  0.20000000E+01  0.00000000E+00  0.00000000E+00  0.00000000E+00  0.11347671E+04  0.39883659E+06  0.12500000E+03  0.23508148E-01  0.69999999E+00  0.99996948E+03
  0.25000000E+01  0.00000000E+00  0.00000000E+00  0.00000000E+00  0.10469003E+04  0.10602625E+06  0.12500000E+03  0.62737935E-02  0.69999999E+00  0.99999249E+03
  0.30000000E+01  0.00000000E+00  0.00000000E+00  0.00000000E+00  0.10414043E+04  0.92051438E+05  0.12500000E+03  0.79561323E-02  0.69999999E+00  0.99999054E+03
  0.35000000E+01  0.00000000E+00  0.00000000E+00  0.00000000E+00  0.10054417E+04  0.10852433E+05  0.12500000E+03  0.31962565E-02  0.69999999E+00  0.99999634E+03
  0.40000000E+01  0.00000000E+00  0.00000000E+00  0.00000000E+00  0.10000137E+04  0.26898298E+02  0.12500000E+03 -0.68247195E-04  0.69999999E+00  0.10000001E+04
  0.45000000E+01  0.00000000E+00  0.00000000E+00  0.00000000E+00  0.10000000E+04  0.00000000E+00  0.12500000E+03  0.37277342E-40  0.69999999E+00  0.10000000E+04
  0.50000000E+01  0.00000000E+00  0.00000000E+00  0.00000000E+00  0.10000000E+04  0.00000000E+00  0.12500000E+03  0.00000000E+00  0.69999999E+00  0.10000000E+04
  0.55000000E+01  0.00000000E+00  0.00000000E+00  0.00000000E+00  0.10000000E+04  0.00000000E+00  0.12500000E+03  0.00000000E+00  0.69999999E+00  0.10000000E+04
  0.60000000E+01  0.00000000E+00  0.00000000E+00  0.00000000E+00  0.10000000E+04  0.00000000E+00  0.12500000E+03  0.00000000E+00  0.69999999E+00  0.10000000E+04
  0.65000000E+01  0.00000000E+00  0.00000000E+00  0.00000000E+00  0.10000000E+04  0.00000000E+00  0.12500000E+03  0.00000000E+00  0.69999999E+00  0.10000000E+04
  0.70000000E+01  0.00000000E+00  0.00000000E+00  0.00000000E+00  0.10000000E+04  0.00000000E+00  0.12500000E+03  0.00000000E+00  0.69999999E+00  0.10000000E+04
  0.75000000E+01  0.00000000E+00  0.00000000E+00  0.00000000E+00  0.10000000E+04  0.00000000E+00  0.12500000E+03  0.00000000E+00  0.69999999E+00  0.10000000E+04
  0.25000000E+00 -0.25000000E+00  0.00000000E+00  0.00000000E+00  0.10061337E+04  0.12257992E+05  0.12500000E+03  0.31616669E-02  0.69999999E+00  0.99999634E+03
  0.75000000E+00 -0.25000000E+00  0.00000000E+00  0.00000000E+00  0.10273477E+04  0.58264496E+05  0.12500000E+03  0.83204452E-02  0.69999999E+00  0.99999023E+03
  0.12500000E+01 -0.25000000E+00  0.00000000E+00  0.00000000E+00  0.10107278E+04  0.21737504E+05  0.12500000E+03  0.67370739E-02  0.69999999E+00  0.99999225E+03
  0.17500000E+01 -0.25000000E+00  0.00000000E+00  0.00000000E+00  0.10146418E+04  0.30020488E+05  0.12500000E+03  0.10222631E-01  0.69999999E+00  0.99998816E+03
  0.22500000E+01 -0.25000000E+00  0.00000000E+00  0.00000000E+00  0.10015283E+04  0.30122346E+04  0.12500000E+03  0.10011513E-01  0.69999999E+00  0.99998853E+03
  0.27500000E+01 -0.25000000E+00  0.00000000E+00  0.00000000E+00  0.10035161E+04  0.69717407E+04  0.12500000E+03  0.41514300E-02  0.69999999E+00  0.99999524E+03
  0.32500000E+01 -0.25000000E+00  0.00000000E+00  0.00000000E+00  0.10005009E+04  0.98404358E+03  0.12500000E+03  0.28818054E-02  0.69999999E+00  0.99999670E+03
  0.37500000E+01 -0.25000000E+00  0.00000000E+00  0.00000000E+00  0.10000070E+04  0.13565822E+02  0.12500000E+03 -0.15635355E-03  0.69999999E+00  0.10000002E+04
  0.42500000E+01 -0.25000000E+00  0.00000000E+00  0.00000000E+00  0.10000000E+04  0.00000000E+00  0.12500000E+03 -0.16042470E-36  0.69999999E+00  0.10000000E+04
  0.47500000E+01 -0.25000000E+00  0.00000000E+00  0.00000000E+00  0.10000000E+04  0.00000000E+00  0.12500000E+03 -0.70202250E-40  0.69999999E+00  0.10000000E+04
  0.52500000E+01 -0.25000000E+00  0.00000000E+00  0.00000000E+00  0.10000000E+04  0.00000000E+00  0.12500000E+03  0.00000000E+00  0.69999999E+00  0.10000000E+04
  0.57500000E+01 -0.25000000E+00  0.00000000E+00  0.00000000E+00  0.10000000E+04  0.00000000E+00  0.12500000E+03  0.00000000E+00  0.69999999E+00  0.10000000E+04
  0.62500000E+01 -0.25000000E+00  0.00000000E+00  0.00000000E+00  0.10000000E+04  0.00000000E+00  0.12500000E+03  0.00000000E+00  0.69999999E+00  0.10000000E+04
  0.67500000E+01 -0.25000000E+00  0.00000000E+00  0.00000000E+00  0.10000000E+04  0.00000000E+00  0.12500000E+03  0.00000000E+00  0.69999999E+00  0.10000000E+04
  0.72500000E+01 -0.25000000E+00  0.00000000E+00  0.00000000E+00  0.10000000E+04  0.00000000E+00  0.12500000E+03  0.00000000E+00  0.69999999E+00  0.10000000E+04
  0.77500000E+01 -0.25000000E+00  0.00000000E+00  0.00000000E+00  0.10000000E+04  0.00000000E+00  0.12500000E+03  0.00000000E+00  0.69999999E+00  0.10000000E+04
  0.40000000E+01  0.50000000E+00  0.00000000E+00  0.00000000E+00  0.10014390E+04  0.28354868E+04  0.12500000E+03 -0.25377149E-03  0.69999999E+00  0.10000003E+04
  0.37500000E+01  0.25000000E+00  0.00000000E+00  0.00000000E+00  0.10054813E+04  0.10932904E+05  0.12500000E+03 -0.13825528E-02  0.69999999E+00  0.10000016E+04
  0.40000000E+01  0.10000000E+01  0.00000000E+00  0.00000000E+00  0.10038384E+04  0.76182583E+04  0.12500000E+03 -0.12144537E-03  0.69999999E+00  0.10000001E+04
  0.37500000E+01  0.75000000E+00  0.00000000E+00  0.00000000E+00  0.10466699E+04  0.10543173E+06  0.12500000E+03  0.88166911E-03  0.69999999E+00  0.99999896E+03
  0.40000000E+01  0.15000000E+01  0.00000000E+00  0.00000000E+00  0.10011685E+04  0.23006287E+04  0.12500000E+03  0.32431615E-03  0.69999999E+00  0.99999963E+03
  0.37500000E+01  0.12500000E+01  0.00000000E+00  0.00000000E+00  0.10459269E+04  0.10351906E+06  0.12500000E+03  0.76521683E-03  0.69999999E+00  0.99999908E+03
  0.40000000E+01  0.20000000E+01  0.00000000E+00  0.00000000E+00  0.10010654E+04  0.20969553E+04  0.12500000E+03  0.28781185E-03  0.69999999E+00  0.99999969E+03
  0.37500000E+01  0.17500000E+01  0.00000000E+00  0.00000000E+00  0.10287981E+04  0.61624480E+05  0.12500000E+03  0.15683346E-02  0.69999999E+00  0.99999817E+03
  0.45000000E+01  0.50000000E+00  0.00000000E+00  0.00000000E+00  0.10000000E+04  0.00000000E+00  0.12500000E+03  0.20724083E-39  0.69999999E+00  0.10000000E+04
  0.42500000E+01  0.25000000E+00  0.00000000E+00  0.00000000E+00  0.10000018E+04  0.35083482E+01  0.12500000E+03 -0.74084828E-05  0.69999999E+00  0.10000000E+04
  0.45000000E+01  0.10000000E+01  0.00000000E+00  0.00000000E+00  0.10000000E+04  0.00000000E+00  0.12500000E+03  0.00000000E+00  0.69999999E+00  0.10000000E+04
  0.42500000E+01  0.75000000E+00  0.00000000E+00  0.00000000E+00  0.10000944E+04  0.18529227E+03  0.12500000E+03 -0.10442676E-04  0.69999999E+00  0.10000000E+04
  0.45000000E+01  0.15000000E+01  0.00000000E+00  0.00000000E+00  0.10000000E+04  0.00000000E+00  0.12500000E+03 -0.25223372E-42  0.69999999E+00  0.10000000E+04
  0.42500000E+01  0.12500000E+01  0.00000000E+00  0.00000000E+00  0.10000066E+04  0.12864128E+02  0.12500000E+03  0.34267537E-05  0.69999999E+00  0.10000000E+04
  0.45000000E+01  0.20000000E+01  0.00000000E+00  0.00000000E+00  0.10000000E+04  0.00000000E+00  0.12500000E+03  0.25223372E-42  0.69999999E+00  0.10000000E+04
  0.42500000E+01  0.17500000E+01  0.00000000E+00  0.00000000E+00  0.10000031E+04  0.60811610E+01  0.12500000E+03 -0.35628464E-05  0.69999999E+00  0.10000000E+04
  0.50000000E+01  0.50000000E+00  0.00000000E+00  0.00000000E+00  0.10000000E+04  0.00000000E+00  0.12500000E+03  0.00000000E+00  0.69999999E+00  0.10000000E+04
  0.47500000E+01  0.25000000E+00  0.00000000E+00  0.00000000E+00  0.10000000E+04  0.00000000E+00  0.12500000E+03  0.69392300E-40  0.69999999E+00  0.10000000E+04
  0.50000000E+01  0.10000000E+01  0.00000000E+00  0.00000000E+00  0.10000000E+04  0.00000000E+00  0.12500000E+03  0.00000000E+00  0.69999999E+00  0.10000000E+04
  0.47500000E+01  0.75000000E+00  0.00000000E+00  0.00000000E+00  0.10000000E+04  0.00000000E+00  0.12500000E+03  0.00000000E+00  0.69999999E+00  0.10000000E+04
  0.50000000E+01  0.15000000E+01  0.00000000E+00  0.00000000E+00  0.10000000E+04  0.00000000E+00  0.12500000E+03 -0.11770907E-42  0.69999999E+00  0.10000000E+04
  0.47500000E+01  0.12500000E+01  0.00000000E+00  0.00000000E+00  0.10000000E+04  0.00000000E+00  0.12500000E+03 -0.86880505E-43  0.69999999E+00  0.10000000E+04
  0.50000000E+01  0.20000000E+01  0.00000000E+00  0.00000000E+00  0.10000000E+04  0.00000000E+00  0.12500000E+03  0.84077908E-43  0.69999999E+00  0.10000000E+04
  0.47500000E+01  0.17500000E+01  0.00000000E+00  0.00000000E+00  0.10000000E+04  0.00000000E+00  0.12500000E+03 -0.00000000E+00  0.69999999E+00  0.10000000E+04
  0.25039256E+01  0.90635705E+00 -0.58846170E+00  0.41699749E+00  0.10086780E+04  0.17476127E+05  0.12576698E+03  0.12576674E+03  0.10000000E+01  0.00000000E+00
  0.12452410E+01  0.84566009E+00 -0.57442594E+00  0.11940724E+00  0.10078162E+04  0.15699689E+05  0.12561582E+03  0.12561256E+03  0.10000000E+01  0.00000000E+00
  0.16937640E+01  0.10309535E+01  0.26162457E-01 -0.41149870E-01  0.10131454E+04  0.26831062E+05  0.12546356E+03  0.12546333E+03  0.10000000E+01  0.00000000E+00
  0.18430276E+01  0.18401203E+01 -0.11564834E+01 -0.10065898E+01  0.10048271E+04  0.96091123E+04  0.12531018E+03  0.12531027E+03  0.10000000E+01  0.00000000E+00
  0.26396456E+01  0.15839375E+01  0.71480811E+00 -0.37601906E+00  0.10064832E+04  0.12970123E+05  0.12515567E+03  0.12515567E+03  0.10000000E+01  0.00000000E+00
  0.28538733E+01  0.14764924E+01 -0.84117204E-01  0.58115995E+00  0.10076086E+04  0.15273279E+05  0.12500000E+03  0.12500000E+03  0.10000000E+01  0.00000000E+00
  0.26809983E+01  0.88101339E+00  0.21395752E+00  0.29500477E-01  0.10042972E+04  0.85404521E+04  0.12576698E+03  0.12575461E+03  0.10000000E+01  0.00000000E+00
  0.10799168E+01  0.90306342E+00 -0.86762375E+00  0.34186697E+00  0.10061606E+04  0.12312831E+05  0.12561582E+03  0.12560624E+03  0.10000000E+01  0.00000000E+00
  0.91038120E+00  0.10661993E+01 -0.30374271E+00  0.72134778E-01  0.10046931E+04  0.93386230E+04  0.12546356E+03  0.12546037E+03  0.10000000E+01  0.00000000E+00
  0.24899576E+01  0.13585562E+01 -0.21757251E+00  0.36198251E-01  0.10057062E+04  0.11389032E+05  0.12531018E+03  0.12531038E+03  0.10000000E+01  0.00000000E+00
  0.12974442E+01  0.85041928E+00  0.57222164E+00  0.61572516E+00  0.10085022E+04  0.17112975E+05  0.12515567E+03  0.12515535E+03  0.10000000E+01  0.00000000E+00
  0.69750643E+00  0.78308189E+00  0.35396186E+00  0.20378435E+00  0.10160778E+04  0.33107488E+05  0.12500000E+03  0.12500000E+03  0.10000000E+01  0.00000000E+00
  0.19933519E+01  0.11238149E+01  0.53204572E+00  0.44658971E+00  0.10132866E+04  0.27130686E+05  0.12576698E+03  0.12575644E+03  0.10000000E+01  0.00000000E+00
  0.27351377E+01  0.88838661E+00 -0.28322041E+00 -0.28414148E+00  0.10031589E+04  0.62568604E+04  0.12561582E+03  0.12561089E+03  0.10000000E+01  0.00000000E+00
  0.29089985E+01  0.11663541E+01  0.13995962E+00  0.63693887E+00  0.10047289E+04  0.94107969E+04  0.12546356E+03  0.12546005E+03  0.10000000E+01  0.00000000E+00
  0.21811335E+01  0.14741806E+01  0.43623105E-01 -0.17493060E+01  0.10051457E+04  0.10252995E+05  0.12531018E+03  0.12531018E+03  0.10000000E+01  0.00000000E+00
  0.29443994E+01  0.81126833E+00 -0.19608104E+00 -0.77049476E+00  0.10000615E+04  0.12070881E+03  0.12515567E+03  0.12515553E+03  0.10000000E+01  0.00000000E+00
  0.16633646E+01  0.15570726E+01 -0.11846611E+01  0.10721915E+01  0.10052484E+04  0.10460734E+05  0.12500000E+03  0.12499989E+03  0.10000000E+01  0.00000000E+00
  0.82798982E+00  0.11869158E+01  0.45722485E+00  0.13249390E+01  0.10041177E+04  0.81794697E+04  0.12576698E+03  0.12576566E+03  0.10000000E+01  0.00000000E+00
  0.27503576E+01  0.90497959E+00  0.12031555E+01  0.66894066E+00  0.10027999E+04  0.55397002E+04  0.12561582E+03  0.12561245E+03  0.10000000E+01  0.00000000E+00
  0.18503265E+01  0.15283544E+01 -0.16320460E+01 -0.11877668E+01  0.10057814E+04  0.11541775E+05  0.12546356E+03  0.12546202E+03  0.10000000E+01  0.00000000E+00
  0.22203624E+01  0.95334041E+00  0.34632206E+00 -0.16372840E+00  0.10146767E+04  0.30095014E+05  0.12531018E+03  0.12530890E+03  0.10000000E+01  0.00000000E+00
  0.11069306E+01  0.15212197E+01  0.73977619E+00  0.18056668E+01  0.10047773E+04  0.95084961E+04  0.12515567E+03  0.12515567E+03  0.10000000E+01  0.00000000E+00
  0.16873169E+01  0.97806716E+00 -0.21717528E+00 -0.16413556E+00  0.10137480E+04  0.28111771E+05  0.12500000E+03  0.12500012E+03  0.10000000E+01  0.00000000E+00
  0.89911509E+00  0.13093011E+01  0.15444441E+00  0.92254853E+00  0.10036671E+04  0.72742817E+04  0.12561582E+03  0.12561399E+03  0.10000000E+01  0.00000000E+00
  0.17578073E+01  0.19350939E+01 -0.20888598E+01 -0.98336565E+00  0.10060524E+04  0.12092560E+05  0.12531018E+03  0.12531004E+03  0.10000000E+01  0.00000000E+00
  0.25257199E+01  0.18914952E+01 -0.86633551E+00 -0.97156250E+00  0.10062542E+04  0.12503379E+05  0.12500000E+03  0.12500000E+03  0.10000000E+01  0.00000000E+00
