  0.00000000E+00  0.00000000E+00  0.00000000E+00  0.00000000E+00  0.10015258E+04  0.30072778E+04  0.12500000E+03  0.23384148E-02  0.69999999E+00  0.99999731E+03
  0.00000000E+00  0.50000000E+00  0.00000000E+00  0.00000000E+00  0.10130532E+04  0.26635332E+05  0.12500000E+03  0.27927929E-02  0.69999999E+00  0.99999677E+03
  0.00000000E+00  0.10000000E+01  0.00000000E+00  0.00000000E+00  0.10153568E+04  0.31554180E+05  0.12500000E+03  0.33531215E-02  0.69999999E+00  0.99999609E+03
  0.00000000E+00  0.15000000E+01  0.00000000E+00  0.00000000E+00  0.10209810E+04  0.43848180E+05  0.12500000E+03  0.10944842E-02  0.69999999E+00  0.99999872E+03
  0.00000000E+00  0.20000000E+01  0.00000000E+00  0.00000000E+00  0.10177634E+04  0.36764973E+05  0.12500000E+03 -0.14037008E-02  0.69999999E+00  0.10000016E+04
  0.00000000E+00  0.25000000E+01  0.00000000E+00  0.00000000E+00  0.10030736E+04  0.60862402E+04  0.12500000E+03  0.33517432E-03  0.69999999E+00  0.99999963E+03
  0.00000000E+00  0.30000000E+01  0.00000000E+00  0.00000000E+00  0.10000000E+04  0.00000000E+00  0.12500000E+03  0.60528782E-05  0.69999999E+00  0.10000000E+04
  0.00000000E+00  0.35000000E+01  0.00000000E+00  0.00000000E+00  0.10000000E+04  0.00000000E+00  0.12500000E+03  0.00000000E+00  0.69999999E+00  0.10000000E+04
  0.00000000E+00  0.40000000E+01  0.00000000E+00  0.00000000E+00  0.10000000E+04  0.00000000E+00  0.12500000E+03  0.00000000E+00  0.69999999E+00  0.10000000E+04
 -0.25000000E+00 -0.25000000E+00  0.00000000E+00  0.00000000E+00  0.10006414E+04  0.12607445E+04  0.12500000E+03  0.52005530E-03  0.69999999E+00  0.99999939E+03
 -0.25000000E+00  0.25000000E+00  0.00000000E+00  0.00000000E+00  0.10009667E+04  0.19021119E+04  0.12500000E+03  0.10209505E-02  0.69999999E+00  0.99999884E+03
 -0.25000000E+00  0.75000000E+00  0.00000000E+00  0.00000000E+00  0.10056807E+04  0.11337245E+05  0.12500000E+03  0.35346620E-03  0.69999999E+00  0.99999957E+03
 -0.25000000E+00  0.12500000E+01  0.00000000E+00  0.00000000E+00  0.10002832E+04  0.55619183E+03  0.12500000E+03  0.10450387E-02  0.69999999E+00  0.99999878E+03
 -0.25000000E+00  0.17500000E+01  0.00000000E+00  0.00000000E+00  0.10011805E+04  0.23244182E+04  0.12500000E+03 -0.34793920E-03  0.69999999E+00  0.10000004E+04
 -0.25000000E+00  0.22500000E+01  0.00000000E+00  0.00000000E+00  0.10012462E+04  0.24542319E+04  0.12500000E+03 -0.15003496E-03  0.69999999E+00  0.10000002E+04
 -0.25000000E+00  0.27500000E+01  0.00000000E+00  0.00000000E+00  0.10000000E+04  0.00000000E+00  0.12500000E+03  0.14629556E-41  0.69999999E+00  0.10000000E+04
 -0.25000000E+00  0.32500000E+01  0.00000000E+00  0.00000000E+00  0.10000000E+04  0.00000000E+00  0.12500000E+03  0.40917915E-42  0.69999999E+00  0.10000000E+04
 -0.25000000E+00  0.37500000E+01  0.00000000E+00  0.00000000E+00  0.10000000E+04  0.00000000E+00  0.12500000E+03  0.00000000E+00  0.69999999E+00  0.10000000E+04
  0.80000000E+01  0.00000000E+00  0.00000000E+00  0.00000000E+00  0.10000000E+04  0.00000000E+00  0.12500000E+03  0.00000000E+00  0.69999999E+00  0.10000000E+04
  0.80000000E+01  0.50000000E+00  0.00000000E+00  0.00000000E+00  0.10000000E+04  0.00000000E+00  0.12500000E+03  0.00000000E+00  0.69999999E+00  0.10000000E+04
  0.80000000E+01  0.10000000E+01  0.00000000E+00  0.00000000E+00  0.10000000E+04  0.00000000E+00  0.12500000E+03  0.00000000E+00  0.69999999E+00  0.10000000E+04
  0.80000000E+01  0.15000000E+01  0.00000000E+00  0.00000000E+00  0.10000000E+04  0.00000000E+00  0.12500000E+03  0.00000000E+00  0.69999999E+00  0.10000000E+04
  0.80000000E+01  0.20000000E+01  0.00000000E+00  0.00000000E+00  0.10000000E+04  0.00000000E+00  0.12500000E+03  0.00000000E+00  0.69999999E+00  0.10000000E+04
  0.80000000E+01  0.25000000E+01  0.00000000E+00  0.00000000E+00  0.10000000E+04  0.00000000E+00  0.12500000E+03  0.00000000E+00  0.69999999E+00  0.10000000E+04
  0.80000000E+01  0.30000000E+01  0.00000000E+00  0.00000000E+00  0.10000000E+04  0.00000000E+00  0.12500000E+03  0.00000000E+00  0.69999999E+00  0.10000000E+04
  0.80000000E+01  0.35000000E+01  0.00000000E+00  0.00000000E+00  0.10000000E+04  0.00000000E+00  0.12500000E+03  0.00000000E+00  0.69999999E+00  0.10000000E+04
  0.80000000E+01  0.40000000E+01  0.00000000E+00  0.00000000E+00  0.10000000E+04  0.00000000E+00  0.12500000E+03  0.00000000E+00  0.69999999E+00  0.10000000E+04
  0.82500000E+01 -0.25000000E+00  0.00000000E+00  0.00000000E+00  0.10000000E+04  0.00000000E+00  0.12500000E+03  0.00000000E+00  0.69999999E+00  0.10000000E+04
  0.82500000E+01  0.25000000E+00  0.00000000E+00  0.00000000E+00  0.10000000E+04  0.00000000E+00  0.12500000E+03  0.00000000E+00  0.69999999E+00  0.10000000E+04
  0.82500000E+01  0.75000000E+00  0.00000000E+00  0.00000000E+00  0.10000000E+04  0.00000000E+00  0.12500000E+03  0.00000000E+00  0.69999999E+00  0.10000000E+04
  0.82500000E+01  0.12500000E+01  0.00000000E+00  0.00000000E+00  0.10000000E+04  0.00000000E+00  0.12500000E+03  0.00000000E+00  0.69999999E+00  0.10000000E+04
  0.82500000E+01  0.17500000E+01  0.00000000E+00  0.00000000E+00  0.10000000E+04  0.00000000E+00  0.12500000E+03  0.00000000E+00  0.69999999E+00  0.10000000E+04
  0.82500000E+01  0.22500000E+01  0.00000000E+00  0.00000000E+00  0.10000000E+04  0.00000000E+00  0.12500000E+03  0.00000000E+00  0.69999999E+00  0.10000000E+04
  0.82500000E+01  0.27500000E+01  0.00000000E+00  0.00000000E+00  0.10000000E+04  0.00000000E+00  0.12500000E+03  0.00000000E+00  0.69999999E+00  0.10000000E+04
  0.82500000E+01  0.32500000E+01  0.00000000E+00  0.00000000E+00  0.10000000E+04  0.00000000E+00  0.12500000E+03  0.00000000E+00  0.69999999E+00  0.10000000E+04
  0.82500000E+01  0.37500000E+01  0.00000000E+00  0.00000000E+00  0.10000000E+04  0.00000000E+00  0.12500000E+03  0.00000000E+00  0.69999999E+00  0.10000000E+04
  0.50000000E+00  0.00000000E+00  0.00000000E+00  0.00000000E+00  0.10398866E+04  0.88269719E+05  0.12500000E+03  0.11673475E-01  0.69999999E+00  0.99998615E+03
  0.10000000E+01  0.00000000E+00  0.00000000E+00  0.00000000E+00  0.10528682E+04  0.12170759E+06  0.12500000E+03  0.66157212E-02  0.69999999E+00  0.99999207E+03
  0.15000000E+01  0.00000000E+00  0.00000000E+00  0.00000000E+00  0.10220530E+04  0.46238125E+05  0.12500000E+03  0.20688191E-01  0.69999999E+00  0.99997583E+03
  0.20000000E+01  0.00000000E+00  0.00000000E+00  0.00000000E+00  0.11389727E+04  0.41665206E+06  0.12500000E+03  0.23751104E-01  0.69999999E+00  0.99996912E+03
  0.25000000E+01  0.00000000E+00  0.00000000E+00  0.00000000E+00  0.10488431E+04  0.11107279E+06  0.12500000E+03  0.64457343E-02  0.69999999E+00  0.99999225E+03
  0.30000000E+01  0.00000000E+00  0.00000000E+00  0.00000000E+00  0.10488420E+04  0.11106998E+06  0.12500000E+03  0.81401393E-02  0.69999999E+00  0.99999023E+03
  0.35000000E+01  0.00000000E+00  0.00000000E+00  0.00000000E+00  0.10067571E+04  0.13529062E+05  0.12500000E+03  0.32754212E-02  0.69999999E+00  0.99999622E+03
  0.40000000E+01  0.00000000E+00  0.00000000E+00  0.00000000E+00  0.10000137E+04  0.26898298E+02  0.12500000E+03 -0.68247195E-04  0.69999999E+00  0.10000001E+04
  0.45000000E+01  0.00000000E+00  0.00000000E+00  0.00000000E+00  0.10000000E+04  0.00000000E+00  0.12500000E+03  0.45724369E-40  0.69999999E+00  0.10000000E+04
  0.50000000E+01  0.00000000E+00  0.00000000E+00  0.00000000E+00  0.10000000E+04  0.00000000E+00  0.12500000E+03 -0.00000000E+00  0.69999999E+00  0.10000000E+04
  0.55000000E+01  0.00000000E+00  0.00000000E+00  0.00000000E+00  0.10000000E+04  0.00000000E+00  0.12500000E+03  0.00000000E+00  0.69999999E+00  0.10000000E+04
  0.60000000E+01  0.00000000E+00  0.00000000E+00  0.00000000E+00  0.10000000E+04  0.00000000E+00  0.12500000E+03  0.00000000E+00  0.69999999E+00  0.10000000E+04
  0.65000000E+01  0.00000000E+00  0.00000000E+00  0.00000000E+00  0.10000000E+04  0.00000000E+00  0.12500000E+03  0.00000000E+00  0.69999999E+00  0.10000000E+04
  0.70000000E+01  0.00000000E+00  0.00000000E+00  0.00000000E+00  0.10000000E+04  0.00000000E+00  0.12500000E+03  0.00000000E+00  0.69999999E+00  0.10000000E+04
  0.75000000E+01  0.00000000E+00  0.00000000E+00  0.00000000E+00  0.10000000E+04  0.00000000E+00  0.12500000E+03  0.00000000E+00  0.69999999E+00  0.10000000E+04
  0.25000000E+00 -0.25000000E+00  0.00000000E+00  0.00000000E+00  0.10057034E+04  0.11383224E+05  0.12500000E+03  0.31832824E-02  0.69999999E+00  0.99999634E+03
  0.75000000E+00 -0.25000000E+00  0.00000000E+00  0.00000000E+00  0.10259910E+04  0.55147230E+05  0.12500000E+03  0.84054843E-02  0.69999999E+00  0.99999017E+03
  0.12500000E+01 -0.25000000E+00  0.00000000E+00  0.00000000E+00  0.10093997E+04  0.18970391E+05  0.12500000E+03  0.68048928E-02  0.69999999E+00  0.99999213E+03
  0.17500000E+01 -0.25000000E+00  0.00000000E+00  0.00000000E+00  0.10146196E+04  0.29972768E+05  0.12500000E+03  0.10318741E-01  0.69999999E+00  0.99998804E+03
  0.22500000E+01 -0.25000000E+00  0.00000000E+00  0.00000000E+00  0.10016340E+04  0.32216697E+04  0.12500000E+03  0.10122761E-01  0.69999999E+00  0.99998840E+03
  0.27500000E+01 -0.25000000E+00  0.00000000E+00  0.00000000E+00  0.10052100E+04  0.10383028E+05  0.12500000E+03  0.42607961E-02  0.69999999E+00  0.99999512E+03
  0.32500000E+01 -0.25000000E+00  0.00000000E+00  0.00000000E+00  0.10013707E+04  0.27003350E+04  0.12500000E+03  0.29619136E-02  0.69999999E+00  0.99999658E+03
  0.37500000E+01 -0.25000000E+00  0.00000000E+00  0.00000000E+00  0.10000070E+04  0.13565822E+02  0.12500000E+03 -0.15635355E-03  0.69999999E+00  0.10000002E+04
  0.42500000E+01 -0.25000000E+00  0.00000000E+00  0.00000000E+00  0.10000000E+04  0.00000000E+00  0.12500000E+03 -0.19897044E-36  0.69999999E+00  0.10000000E+04
  0.47500000E+01 -0.25000000E+00  0.00000000E+00  0.00000000E+00  0.10000000E+04  0.00000000E+00  0.12500000E+03 -0.90535091E-40  0.69999999E+00  0.10000000E+04
  0.52500000E+01 -0.25000000E+00  0.00000000E+00  0.00000000E+00  0.10000000E+04  0.00000000E+00  0.12500000E+03  0.00000000E+00  0.69999999E+00  0.10000000E+04
  0.57500000E+01 -0.25000000E+00  0.00000000E+00  0.00000000E+00  0.10000000E+04  0.00000000E+00  0.12500000E+03  0.00000000E+00  0.69999999E+00  0.10000000E+04
  0.62500000E+01 -0.25000000E+00  0.00000000E+00  0.00000000E+00  0.10000000E+04  0.00000000E+00  0.12500000E+03  0.00000000E+00  0.69999999E+00  0.10000000E+04
  0.67500000E+01 -0.25000000E+00  0.00000000E+00  0.00000000E+00  0.10000000E+04  0.00000000E+00  0.12500000E+03  0.00000000E+00  0.69999999E+00  0.10000000E+04
  0.72500000E+01 -0.25000000E+00  0.00000000E+00  0.00000000E+00  0.10000000E+04  0.00000000E+00  0.12500000E+03  0.00000000E+00  0.69999999E+00  0.10000000E+04
  0.77500000E+01 -0.25000000E+00  0.00000000E+00  0.00000000E+00  0.10000000E+04  0.00000000E+00  0.12500000E+03  0.00000000E+00  0.69999999E+00  0.10000000E+04
  0.40000000E+01  0.50000000E+00  0.00000000E+00  0.00000000E+00  0.10008829E+04  0.17370089E+04  0.12500000E+03 -0.25565323E-03  0.69999999E+00  0.10000003E+04
  0.37500000E+01  0.25000000E+00  0.00000000E+00  0.00000000E+00  0.10049470E+04  0.98513887E+04  0.12500000E+03 -0.14213428E-02  0.69999999E+00  0.10000016E+04
  0.40000000E+01  0.10000000E+01  0.00000000E+00  0.00000000E+00  0.10025052E+04  0.49525020E+04  0.12500000E+03 -0.12617564E-03  0.69999999E+00  0.10000001E+04
  0.37500000E+01  0.75000000E+00  0.00000000E+00  0.00000000E+00  0.10412175E+04  0.91584477E+05  0.12500000E+03  0.89301332E-03  0.69999999E+00  0.99999896E+03
  0.40000000E+01  0.15000000E+01  0.00000000E+00  0.00000000E+00  0.10011632E+04  0.22902654E+04  0.12500000E+03  0.34042285E-03  0.69999999E+00  0.99999963E+03
  0.37500000E+01  0.12500000E+01  0.00000000E+00  0.00000000E+00  0.10428539E+04  0.95694555E+05  0.12500000E+03  0.79688377E-03  0.69999999E+00  0.99999902E+03
  0.40000000E+01  0.20000000E+01  0.00000000E+00  0.00000000E+00  0.10010670E+04  0.21002507E+04  0.12500000E+03  0.29553811E-03  0.69999999E+00  0.99999963E+03
  0.37500000E+01  0.17500000E+01  0.00000000E+00  0.00000000E+00  0.10313933E+04  0.67707742E+05  0.12500000E+03  0.16222084E-02  0.69999999E+00  0.99999811E+03
  0.45000000E+01  0.50000000E+00  0.00000000E+00  0.00000000E+00  0.10000000E+04  0.00000000E+00  0.12500000E+03  0.26705666E-39  0.69999999E+00  0.10000000E+04
  0.42500000E+01  0.25000000E+00  0.00000000E+00  0.00000000E+00  0.10000018E+04  0.35083482E+01  0.12500000E+03 -0.74084828E-05  0.69999999E+00  0.10000000E+04
  0.45000000E+01  0.10000000E+01  0.00000000E+00  0.00000000E+00  0.10000000E+04  0.00000000E+00  0.12500000E+03 -0.00000000E+00  0.69999999E+00  0.10000000E+04
  0.42500000E+01  0.75000000E+00  0.00000000E+00  0.00000000E+00  0.10000944E+04  0.18529227E+03  0.12500000E+03 -0.10442676E-04  0.69999999E+00  0.10000000E+04
  0.45000000E+01  0.15000000E+01  0.00000000E+00  0.00000000E+00  0.10000000E+04  0.00000000E+00  0.12500000E+03 -0.36714020E-42  0.69999999E+00  0.10000000E+04
  0.42500000E+01  0.12500000E+01  0.00000000E+00  0.00000000E+00  0.10000066E+04  0.12864128E+02  0.12500000E+03  0.34267537E-05  0.69999999E+00  0.10000000E+04
  0.45000000E+01  0.20000000E+01  0.00000000E+00  0.00000000E+00  0.10000000E+04  0.00000000E+00  0.12500000E+03  0.36714020E-42  0.69999999E+00  0.10000000E+04
  0.42500000E+01  0.17500000E+01  0.00000000E+00  0.00000000E+00  0.10000031E+04  0.60811610E+01  0.12500000E+03 -0.35628464E-05  0.69999999E+00  0.10000000E+04
  0.50000000E+01  0.50000000E+00  0.00000000E+00  0.00000000E+00  0.10000000E+04  0.00000000E+00  0.12500000E+03  0.00000000E+00  0.69999999E+00  0.10000000E+04
  0.47500000E+01  0.25000000E+00  0.00000000E+00  0.00000000E+00  0.10000000E+04  0.00000000E+00  0.12500000E+03  0.89475710E-40  0.69999999E+00  0.10000000E+04
  0.50000000E+01  0.10000000E+01  0.00000000E+00  0.00000000E+00  0.10000000E+04  0.00000000E+00  0.12500000E+03  0.00000000E+00  0.69999999E+00  0.10000000E+04
  0.47500000E+01  0.75000000E+00  0.00000000E+00  0.00000000E+00  0.10000000E+04  0.00000000E+00  0.12500000E+03  0.00000000E+00  0.69999999E+00  0.10000000E+04
  0.50000000E+01  0.15000000E+01  0.00000000E+00  0.00000000E+00  0.10000000E+04  0.00000000E+00  0.12500000E+03 -0.23261555E-42  0.69999999E+00  0.10000000E+04
  0.47500000E+01  0.12500000E+01  0.00000000E+00  0.00000000E+00  0.10000000E+04  0.00000000E+00  0.12500000E+03 -0.20178698E-42  0.69999999E+00  0.10000000E+04
  0.50000000E+01  0.20000000E+01  0.00000000E+00  0.00000000E+00  0.10000000E+04  0.00000000E+00  0.12500000E+03  0.19898438E-42  0.69999999E+00  0.10000000E+04
  0.47500000E+01  0.17500000E+01  0.00000000E+00  0.00000000E+00  0.10000000E+04  0.00000000E+00  0.12500000E+03  0.00000000E+00  0.69999999E+00  0.10000000E+04
  0.24904034E+01  0.91511822E+00 -0.14550179E+00  0.12806314E+00  0.10024794E+04  0.49007471E+04  0.12576698E+03  0.12576674E+03  0.10000000E+01  0.00000000E+00
  0.12104095E+01  0.87572336E+00 -0.64637077E+00  0.20971549E+00  0.99772333E+03 -0.44364126E+04  0.12561582E+03  0.12561256E+03  0.10000000E+01  0.00000000E+00
  0.16759708E+01  0.99590838E+00 -0.22323786E+00 -0.90027815E+00  0.10066345E+04  0.13278801E+05  0.12546356E+03  0.12546333E+03  0.10000000E+01  0.00000000E+00
  0.17272527E+01  0.17669029E+01 -0.94572365E+00 -0.80207169E+00  0.10036667E+04  0.72735645E+04  0.12531018E+03  0.12531027E+03  0.10000000E+01  0.00000000E+00
  0.26962833E+01  0.15630807E+01  0.99344468E+00 -0.17451808E+00  0.10028332E+04  0.56063032E+04  0.12515567E+03  0.12515567E+03  0.10000000E+01  0.00000000E+00
  0.28466363E+01  0.15186424E+01 -0.42388046E+00  0.64123851E+00  0.10006443E+04  0.12666143E+04  0.12500000E+03  0.12500000E+03  0.10000000E+01  0.00000000E+00
  0.27122808E+01  0.88799870E+00  0.80367023E+00  0.23598857E+00  0.99789630E+03 -0.41014751E+04  0.12576698E+03  0.12575461E+03  0.10000000E+01  0.00000000E+00
  0.10314797E+01  0.96230400E+00 -0.93755001E+00  0.79183072E+00  0.99253265E+03 -0.14326746E+05  0.12561582E+03  0.12560624E+03  0.10000000E+01  0.00000000E+00
  0.91421676E+00  0.11025870E+01  0.18889672E+00 -0.70213094E-01  0.99426996E+03 -0.11050903E+05  0.12546356E+03  0.12546037E+03  0.10000000E+01  0.00000000E+00
  0.24911468E+01  0.13422378E+01  0.15603612E+00 -0.18948093E+00  0.10042373E+04  0.84200020E+04  0.12531018E+03  0.12531038E+03  0.10000000E+01  0.00000000E+00
  0.13300656E+01  0.89293313E+00  0.67745078E+00  0.23181021E+00  0.10014544E+04  0.28659211E+04  0.12515567E+03  0.12515535E+03  0.10000000E+01  0.00000000E+00
  0.72976887E+00  0.83001053E+00  0.38134441E+00  0.59390247E+00  0.10049199E+04  0.97964639E+04  0.12500000E+03  0.12500000E+03  0.10000000E+01  0.00000000E+00
  0.20100915E+01  0.11048223E+01  0.40860248E+00 -0.38207641E+00  0.10098975E+04  0.20005035E+05  0.12576698E+03  0.12575644E+03  0.10000000E+01  0.00000000E+00
  0.27352707E+01  0.88540030E+00  0.56597302E-02  0.65611981E-01  0.99899060E+03 -0.19744648E+04  0.12561582E+03  0.12561089E+03  0.10000000E+01  0.00000000E+00
  0.29154344E+01  0.11955694E+01 -0.16999844E+00  0.25574523E+00  0.99989838E+03 -0.19932928E+03  0.12546356E+03  0.12546005E+03  0.10000000E+01  0.00000000E+00
  0.21794937E+01  0.13545521E+01  0.25305301E+00 -0.16057506E+01  0.10140688E+04  0.28795803E+05  0.12531018E+03  0.12531018E+03  0.10000000E+01  0.00000000E+00
  0.29157000E+01  0.77662802E+00 -0.86187083E+00 -0.32680058E+00  0.99725049E+03 -0.53502310E+04  0.12515567E+03  0.12515553E+03  0.10000000E+01  0.00000000E+00
  0.15429618E+01  0.15974913E+01 -0.14583554E+01  0.53355581E+00  0.10031517E+04  0.62425591E+04  0.12500000E+03  0.12499989E+03  0.10000000E+01  0.00000000E+00
  0.88352835E+00  0.12969483E+01  0.89405811E+00  0.12261207E+01  0.99952771E+03 -0.92535480E+03  0.12576698E+03  0.12576566E+03  0.10000000E+01  0.00000000E+00
  0.28015466E+01  0.94626606E+00  0.64504588E+00  0.89656186E+00  0.99719421E+03 -0.54587993E+04  0.12561582E+03  0.12561245E+03  0.10000000E+01  0.00000000E+00
  0.17196774E+01  0.14390471E+01 -0.17255991E+01 -0.13629849E+01  0.10067401E+04  0.13494481E+05  0.12546356E+03  0.12546202E+03  0.10000000E+01  0.00000000E+00
  0.22341554E+01  0.92055845E+00  0.12125880E+00 -0.53263748E+00  0.10123550E+04  0.25157652E+05  0.12531018E+03  0.12530890E+03  0.10000000E+01  0.00000000E+00
  0.11284369E+01  0.16858082E+01  0.25666483E-01  0.22830086E+01  0.99564844E+03 -0.84271006E+04  0.12515567E+03  0.12515567E+03  0.10000000E+01  0.00000000E+00
  0.16546564E+01  0.94230688E+00 -0.57275593E+00 -0.87591922E+00  0.10104473E+04  0.21151266E+05  0.12500000E+03  0.12500012E+03  0.10000000E+01  0.00000000E+00
  0.92348409E+00  0.14008300E+01  0.26022220E+00  0.95691824E+00  0.99693768E+03 -0.59533315E+04  0.12561582E+03  0.12561399E+03  0.10000000E+01  0.00000000E+00
  0.15476449E+01  0.19028430E+01 -0.25470607E+01  0.16036190E+00  0.10061479E+04  0.12287109E+05  0.12531018E+03  0.12531004E+03  0.10000000E+01  0.00000000E+00
  0.24699943E+01  0.18317635E+01 -0.59194136E+00 -0.65333349E+00  0.10035367E+04  0.70130669E+04  0.12500000E+03  0.12500000E+03  0.10000000E+01  0.00000000E+00
