  0.00000000E+00  0.00000000E+00  0.00000000E+00  0.00000000E+00  0.10020342E+04  0.40155142E+04  0.12500000E+03  0.22216619E-02  0.69999999E+00  0.99999744E+03
  0.00000000E+00  0.50000000E+00  0.00000000E+00  0.00000000E+00  0.10206663E+04  0.43149438E+05  0.12500000E+03  0.23750775E-02  0.69999999E+00  0.99999725E+03
  0.00000000E+00  0.10000000E+01  0.00000000E+00  0.00000000E+00  0.10130558E+04  0.26640893E+05  0.12500000E+03  0.30622103E-02  0.69999999E+00  0.99999646E+03
  0.00000000E+00  0.15000000E+01  0.00000000E+00  0.00000000E+00  0.10124475E+04  0.25353080E+05  0.12500000E+03  0.11190965E-02  0.69999999E+00  0.99999872E+03
  0.00000000E+00  0.20000000E+01  0.00000000E+00  0.00000000E+00  0.10181418E+04  0.37591234E+05  0.12500000E+03 -0.11283450E-02  0.69999999E+00  0.10000013E+04
  0.00000000E+00  0.25000000E+01  0.00000000E+00  0.00000000E+00  0.10030736E+04  0.60862402E+04  0.12500000E+03  0.33517432E-03  0.69999999E+00  0.99999963E+03
  0.00000000E+00  0.30000000E+01  0.00000000E+00  0.00000000E+00  0.10000000E+04  0.00000000E+00  0.12500000E+03  0.60528782E-05  0.69999999E+00  0.10000000E+04
  0.00000000E+00  0.35000000E+01  0.00000000E+00  0.00000000E+00  0.10000000E+04  0.00000000E+00  0.12500000E+03  0.00000000E+00  0.69999999E+00  0.10000000E+04
  0.00000000E+00  0.40000000E+01  0.00000000E+00  0.00000000E+00  0.10000000E+04  0.00000000E+00  0.12500000E+03  0.00000000E+00  0.69999999E+00  0.10000000E+04
 -0.25000000E+00 -0.25000000E+00  0.00000000E+00  0.00000000E+00  0.10006414E+04  0.12607445E+04  0.12500000E+03  0.52005530E-03  0.69999999E+00  0.99999939E+03
 -0.25000000E+00  0.25000000E+00  0.00000000E+00  0.00000000E+00  0.10012240E+04  0.24104053E+04  0.12500000E+03  0.94503997E-03  0.69999999E+00  0.99999890E+03
 -0.25000000E+00  0.75000000E+00  0.00000000E+00  0.00000000E+00  0.10071292E+04  0.14290214E+05  0.12500000E+03  0.24592614E-03  0.69999999E+00  0.99999969E+03
 -0.25000000E+00  0.12500000E+01  0.00000000E+00  0.00000000E+00  0.10009702E+04  0.19091694E+04  0.12500000E+03  0.98214438E-03  0.69999999E+00  0.99999890E+03
 -0.25000000E+00  0.17500000E+01  0.00000000E+00  0.00000000E+00  0.10011906E+04  0.23442051E+04  0.12500000E+03 -0.25289209E-03  0.69999999E+00  0.10000003E+04
 -0.25000000E+00  0.22500000E+01  0.00000000E+00  0.00000000E+00  0.10012462E+04  0.24542319E+04  0.12500000E+03 -0.15003496E-03  0.69999999E+00  0.10000002E+04
 -0.25000000E+00  0.27500000E+01  0.00000000E+00  0.00000000E+00  0.10000000E+04  0.00000000E+00  0.12500000E+03  0.31108826E-42  0.69999999E+00  0.10000000E+04
 -0.25000000E+00  0.32500000E+01  0.00000000E+00  0.00000000E+00  0.10000000E+04  0.00000000E+00  0.12500000E+03  0.00000000E+00  0.69999999E+00  0.10000000E+04
 -0.25000000E+00  0.37500000E+01  0.00000000E+00  0.00000000E+00  0.10000000E+04  0.00000000E+00  0.12500000E+03  0.00000000E+00  0.69999999E+00  0.10000000E+04
  0.80000000E+01  0.00000000E+00  0.00000000E+00  0.00000000E+00  0.10000000E+04  0.00000000E+00  0.12500000E+03  0.00000000E+00  0.69999999E+00  0.10000000E+04
  0.80000000E+01  0.50000000E+00  0.00000000E+00  0.00000000E+00  0.10000000E+04  0.00000000E+00  0.12500000E+03  0.00000000E+00  0.69999999E+00  0.10000000E+04
  0.80000000E+01  0.10000000E+01  0.00000000E+00  0.00000000E+00  0.10000000E+04  0.00000000E+00  0.12500000E+03  0.00000000E+00  0.69999999E+00  0.10000000E+04
  0.80000000E+01  0.15000000E+01  0.00000000E+00  0.00000000E+00  0.10000000E+04  0.00000000E+00  0.12500000E+03  0.00000000E+00  0.69999999E+00  0.10000000E+04
  0.80000000E+01  0.20000000E+01  0.00000000E+00  0.00000000E+00  0.10000000E+04  0.00000000E+00  0.12500000E+03  0.00000000E+00  0.69999999E+00  0.10000000E+04
  0.80000000E+01  0.25000000E+01  0.00000000E+00  0.00000000E+00  0.10000000E+04  0.00000000E+00  0.12500000E+03  0.00000000E+00  0.69999999E+00  0.10000000E+04
  0.80000000E+01  0.30000000E+01  0.00000000E+00  0.00000000E+00  0.10000000E+04  0.00000000E+00  0.12500000E+03  0.00000000E+00  0.69999999E+00  0.10000000E+04
  0.80000000E+01  0.35000000E+01  0.00000000E+00  0.00000000E+00  0.10000000E+04  0.00000000E+00  0.12500000E+03  0.00000000E+00  0.69999999E+00  0.10000000E+04
  0.80000000E+01  0.40000000E+01  0.00000000E+00  0.00000000E+00  0.10000000E+04  0.00000000E+00  0.12500000E+03  0.00000000E+00  0.69999999E+00  0.10000000E+04
  0.82500000E+01 -0.25000000E+00  0.00000000E+00  0.00000000E+00  0.10000000E+04  0.00000000E+00  0.12500000E+03  0.00000000E+00  0.69999999E+00  0.10000000E+04
  0.82500000E+01  0.25000000E+00  0.00000000E+00  0.00000000E+00  0.10000000E+04  0.00000000E+00  0.12500000E+03  0.00000000E+00  0.69999999E+00  0.10000000E+04
  0.82500000E+01  0.75000000E+00  0.00000000E+00  0.00000000E+00  0.10000000E+04  0.00000000E+00  0.12500000E+03  0.00000000E+00  0.69999999E+00  0.10000000E+04
  0.82500000E+01  0.12500000E+01  0.00000000E+00  0.00000000E+00  0.10000000E+04  0.00000000E+00  0.12500000E+03  0.00000000E+00  0.69999999E+00  0.10000000E+04
  0.82500000E+01  0.17500000E+01  0.00000000E+00  0.00000000E+00  0.10000000E+04  0.00000000E+00  0.12500000E+03  0.00000000E+00  0.69999999E+00  0.10000000E+04
  0.82500000E+01  0.22500000E+01  0.00000000E+00  0.00000000E+00  0.10000000E+04  0.00000000E+00  0.12500000E+03  0.00000000E+00  0.69999999E+00  0.10000000E+04
  0.82500000E+01  0.27500000E+01  0.00000000E+00  0.00000000E+00  0.10000000E+04  0.00000000E+00  0.12500000E+03  0.00000000E+00  0.69999999E+00  0.10000000E+04
  0.82500000E+01  0.32500000E+01  0.00000000E+00  0.00000000E+00  0.10000000E+04  0.00000000E+00  0.12500000E+03  0.00000000E+00  0.69999999E+00  0.10000000E+04
  0.82500000E+01  0.37500000E+01  0.00000000E+00  0.00000000E+00  0.10000000E+04  0.00000000E+00  0.12500000E+03  0.00000000E+00  0.69999999E+00  0.10000000E+04
  0.50000000E+00  0.00000000E+00  0.00000000E+00  0.00000000E+00  0.10455658E+04  0.10259252E+06  0.12500000E+03  0.10908075E-01  0.69999999E+00  0.99998694E+03
  0.10000000E+01  0.00000000E+00  0.00000000E+00  0.00000000E+00  0.10535911E+04  0.12364359E+06  0.12500000E+03  0.57510869E-02  0.69999999E+00  0.99999310E+03
  0.15000000E+01  0.00000000E+00  0.00000000E+00  0.00000000E+00  0.10174410E+04  0.36062734E+05  0.12500000E+03  0.19468002E-01  0.69999999E+00  0.99997736E+03
  0.20000000E+01  0.00000000E+00  0.00000000E+00  0.00000000E+00  0.11397808E+04  0.42012088E+06  0.12500000E+03  0.22176011E-01  0.69999999E+00  0.99997113E+03
  0.25000000E+01  0.00000000E+00  0.00000000E+00  0.00000000E+00  0.10337186E+04  0.73236930E+05  0.12500000E+03  0.52693230E-02  0.69999999E+00  0.99999377E+03
  0.30000000E+01  0.00000000E+00  0.00000000E+00  0.00000000E+00  0.10481638E+04  0.10930176E+06  0.12500000E+03  0.69780517E-02  0.69999999E+00  0.99999164E+03
  0.35000000E+01  0.00000000E+00  0.00000000E+00  0.00000000E+00  0.10065059E+04  0.13016322E+05  0.12500000E+03  0.26916096E-02  0.69999999E+00  0.99999689E+03
  0.40000000E+01  0.00000000E+00  0.00000000E+00  0.00000000E+00  0.10000137E+04  0.26898298E+02  0.12500000E+03 -0.68247195E-04  0.69999999E+00  0.10000001E+04
  0.45000000E+01  0.00000000E+00  0.00000000E+00  0.00000000E+00  0.10000000E+04  0.00000000E+00  0.12500000E+03  0.13528135E-40  0.69999999E+00  0.10000000E+04
  0.50000000E+01  0.00000000E+00  0.00000000E+00  0.00000000E+00  0.10000000E+04  0.00000000E+00  0.12500000E+03  0.00000000E+00  0.69999999E+00  0.10000000E+04
  0.55000000E+01  0.00000000E+00  0.00000000E+00  0.00000000E+00  0.10000000E+04  0.00000000E+00  0.12500000E+03  0.00000000E+00  0.69999999E+00  0.10000000E+04
  0.60000000E+01  0.00000000E+00  0.00000000E+00  0.00000000E+00  0.10000000E+04  0.00000000E+00  0.12500000E+03  0.00000000E+00  0.69999999E+00  0.10000000E+04
  0.65000000E+01  0.00000000E+00  0.00000000E+00  0.00000000E+00  0.10000000E+04  0.00000000E+00  0.12500000E+03  0.00000000E+00  0.69999999E+00  0.10000000E+04
  0.70000000E+01  0.00000000E+00  0.00000000E+00  0.00000000E+00  0.10000000E+04  0.00000000E+00  0.12500000E+03  0.00000000E+00  0.69999999E+00  0.10000000E+04
  0.75000000E+01  0.00000000E+00  0.00000000E+00  0.00000000E+00  0.10000000E+04  0.00000000E+00  0.12500000E+03  0.00000000E+00  0.69999999E+00  0.10000000E+04
  0.25000000E+00 -0.25000000E+00  0.00000000E+00  0.00000000E+00  0.10058425E+04  0.11666006E+05  0.12500000E+03  0.30566710E-02  0.69999999E+00  0.99999646E+03
  0.75000000E+00 -0.25000000E+00  0.00000000E+00  0.00000000E+00  0.10269160E+04  0.57270020E+05  0.12500000E+03  0.79817101E-02  0.69999999E+00  0.99999066E+03
  0.12500000E+01 -0.25000000E+00  0.00000000E+00  0.00000000E+00  0.10091418E+04  0.18435689E+05  0.12500000E+03  0.64041410E-02  0.69999999E+00  0.99999261E+03
  0.17500000E+01 -0.25000000E+00  0.00000000E+00  0.00000000E+00  0.10154381E+04  0.31729006E+05  0.12500000E+03  0.97643081E-02  0.69999999E+00  0.99998865E+03
  0.22500000E+01 -0.25000000E+00  0.00000000E+00  0.00000000E+00  0.10016786E+04  0.33100168E+04  0.12500000E+03  0.94190575E-02  0.69999999E+00  0.99998920E+03
  0.27500000E+01 -0.25000000E+00  0.00000000E+00  0.00000000E+00  0.10075603E+04  0.15173917E+05  0.12500000E+03  0.35317733E-02  0.69999999E+00  0.99999591E+03
  0.32500000E+01 -0.25000000E+00  0.00000000E+00  0.00000000E+00  0.10021292E+04  0.42042637E+04  0.12500000E+03  0.25492893E-02  0.69999999E+00  0.99999707E+03
  0.37500000E+01 -0.25000000E+00  0.00000000E+00  0.00000000E+00  0.10000070E+04  0.13565822E+02  0.12500000E+03 -0.15635355E-03  0.69999999E+00  0.10000002E+04
  0.42500000E+01 -0.25000000E+00  0.00000000E+00  0.00000000E+00  0.10000000E+04  0.00000000E+00  0.12500000E+03 -0.48734324E-37  0.69999999E+00  0.10000000E+04
  0.47500000E+01 -0.25000000E+00  0.00000000E+00  0.00000000E+00  0.10000000E+04  0.00000000E+00  0.12500000E+03 -0.17661966E-40  0.69999999E+00  0.10000000E+04
  0.52500000E+01 -0.25000000E+00  0.00000000E+00  0.00000000E+00  0.10000000E+04  0.00000000E+00  0.12500000E+03  0.00000000E+00  0.69999999E+00  0.10000000E+04
  0.57500000E+01 -0.25000000E+00  0.00000000E+00  0.00000000E+00  0.10000000E+04  0.00000000E+00  0.12500000E+03  0.00000000E+00  0.69999999E+00  0.10000000E+04
  0.62500000E+01 -0.25000000E+00  0.00000000E+00  0.00000000E+00  0.10000000E+04  0.00000000E+00  0.12500000E+03  0.00000000E+00  0.69999999E+00  0.10000000E+04
  0.67500000E+01 -0.25000000E+00  0.00000000E+00  0.00000000E+00  0.10000000E+04  0.00000000E+00  0.12500000E+03  0.00000000E+00  0.69999999E+00  0.10000000E+04
  0.72500000E+01 -0.25000000E+00  0.00000000E+00  0.00000000E+00  0.10000000E+04  0.00000000E+00  0.12500000E+03  0.00000000E+00  0.69999999E+00  0.10000000E+04
  0.77500000E+01 -0.25000000E+00  0.00000000E+00  0.00000000E+00  0.10000000E+04  0.00000000E+00  0.12500000E+03  0.00000000E+00  0.69999999E+00  0.10000000E+04
  0.40000000E+01  0.50000000E+00  0.00000000E+00  0.00000000E+00  0.10004940E+04  0.97067206E+03  0.12500000E+03 -0.26895688E-03  0.69999999E+00  0.10000003E+04
  0.37500000E+01  0.25000000E+00  0.00000000E+00  0.00000000E+00  0.10036377E+04  0.72154727E+04  0.12500000E+03 -0.12162619E-02  0.69999999E+00  0.10000014E+04
  0.40000000E+01  0.10000000E+01  0.00000000E+00  0.00000000E+00  0.10024108E+04  0.47642759E+04  0.12500000E+03 -0.10046155E-03  0.69999999E+00  0.10000001E+04
  0.37500000E+01  0.75000000E+00  0.00000000E+00  0.00000000E+00  0.10350945E+04  0.76543969E+05  0.12500000E+03  0.81992964E-03  0.69999999E+00  0.99999902E+03
  0.40000000E+01  0.15000000E+01  0.00000000E+00  0.00000000E+00  0.10009702E+04  0.19091694E+04  0.12500000E+03  0.27278392E-03  0.69999999E+00  0.99999969E+03
  0.37500000E+01  0.12500000E+01  0.00000000E+00  0.00000000E+00  0.10245333E+04  0.51825418E+05  0.12500000E+03  0.62151108E-03  0.69999999E+00  0.99999927E+03
  0.40000000E+01  0.20000000E+01  0.00000000E+00  0.00000000E+00  0.10058569E+04  0.11695314E+05  0.12500000E+03  0.25566434E-03  0.69999999E+00  0.99999969E+03
  0.37500000E+01  0.17500000E+01  0.00000000E+00  0.00000000E+00  0.10528333E+04  0.12161425E+06  0.12500000E+03  0.13755148E-02  0.69999999E+00  0.99999835E+03
  0.45000000E+01  0.50000000E+00  0.00000000E+00  0.00000000E+00  0.10000000E+04  0.00000000E+00  0.12500000E+03  0.52548692E-40  0.69999999E+00  0.10000000E+04
  0.42500000E+01  0.25000000E+00  0.00000000E+00  0.00000000E+00  0.10000018E+04  0.35083482E+01  0.12500000E+03 -0.74084828E-05  0.69999999E+00  0.10000000E+04
  0.45000000E+01  0.10000000E+01  0.00000000E+00  0.00000000E+00  0.10000000E+04  0.00000000E+00  0.12500000E+03  0.00000000E+00  0.69999999E+00  0.10000000E+04
  0.42500000E+01  0.75000000E+00  0.00000000E+00  0.00000000E+00  0.10000944E+04  0.18529227E+03  0.12500000E+03 -0.10442676E-04  0.69999999E+00  0.10000000E+04
  0.45000000E+01  0.15000000E+01  0.00000000E+00  0.00000000E+00  0.10000000E+04  0.00000000E+00  0.12500000E+03 -0.00000000E+00  0.69999999E+00  0.10000000E+04
  0.42500000E+01  0.12500000E+01  0.00000000E+00  0.00000000E+00  0.10000066E+04  0.12864128E+02  0.12500000E+03  0.34267537E-05  0.69999999E+00  0.10000000E+04
  0.45000000E+01  0.20000000E+01  0.00000000E+00  0.00000000E+00  0.10000000E+04  0.00000000E+00  0.12500000E+03  0.00000000E+00  0.69999999E+00  0.10000000E+04
  0.42500000E+01  0.17500000E+01  0.00000000E+00  0.00000000E+00  0.10000031E+04  0.60811610E+01  0.12500000E+03 -0.20004272E-05  0.69999999E+00  0.10000000E+04
  0.50000000E+01  0.50000000E+00  0.00000000E+00  0.00000000E+00  0.10000000E+04  0.00000000E+00  0.12500000E+03  0.00000000E+00  0.69999999E+00  0.10000000E+04
  0.47500000E+01  0.25000000E+00  0.00000000E+00  0.00000000E+00  0.10000000E+04  0.00000000E+00  0.12500000E+03  0.17432153E-40  0.69999999E+00  0.10000000E+04
  0.50000000E+01  0.10000000E+01  0.00000000E+00  0.00000000E+00  0.10000000E+04  0.00000000E+00  0.12500000E+03  0.00000000E+00  0.69999999E+00  0.10000000E+04
  0.47500000E+01  0.75000000E+00  0.00000000E+00  0.00000000E+00  0.10000000E+04  0.00000000E+00  0.12500000E+03  0.00000000E+00  0.69999999E+00  0.10000000E+04
  0.50000000E+01  0.15000000E+01  0.00000000E+00  0.00000000E+00  0.10000000E+04  0.00000000E+00  0.12500000E+03  0.00000000E+00  0.69999999E+00  0.10000000E+04
  0.47500000E+01  0.12500000E+01  0.00000000E+00  0.00000000E+00  0.10000000E+04  0.00000000E+00  0.12500000E+03  0.00000000E+00  0.69999999E+00  0.10000000E+04
  0.50000000E+01  0.20000000E+01  0.00000000E+00  0.00000000E+00  0.10000000E+04  0.00000000E+00  0.12500000E+03  0.00000000E+00  0.69999999E+00  0.10000000E+04
  0.47500000E+01  0.17500000E+01  0.00000000E+00  0.00000000E+00  0.10000000E+04  0.00000000E+00  0.12500000E+03 -0.00000000E+00  0.69999999E+00  0.10000000E+04
  0.27092483E+01  0.90133989E+00 -0.71349716E+00 -0.64329982E+00  0.99900439E+03 -0.19474966E+04  0.12576698E+03  0.12576674E+03  0.10000000E+01  0.00000000E+00
  0.14939018E+01  0.97979307E+00 -0.35056174E-01  0.82749009E-01  0.10012641E+04  0.24895803E+04  0.12561582E+03  0.12561256E+03  0.10000000E+01  0.00000000E+00
  0.16555889E+01  0.11936744E+01  0.86253595E+00 -0.67907882E+00  0.10010934E+04  0.21522761E+04  0.12546356E+03  0.12546333E+03  0.10000000E+01  0.00000000E+00
  0.22462010E+01  0.19342507E+01 -0.19392174E+00  0.14367654E+01  0.99860242E+03 -0.27306399E+04  0.12531018E+03  0.12531027E+03  0.10000000E+01  0.00000000E+00
  0.26291614E+01  0.19862562E+01  0.70932698E+00  0.48391575E+00  0.99637714E+03 -0.70313184E+04  0.12515567E+03  0.12515567E+03  0.10000000E+01  0.00000000E+00
  0.28519559E+01  0.15870965E+01  0.32772921E-01 -0.29730132E+00  0.99768176E+03 -0.45169209E+04  0.12500000E+03  0.12500000E+03  0.10000000E+01  0.00000000E+00
  0.27095170E+01  0.99405801E+00  0.39008671E+00 -0.15897283E+00  0.99900452E+03 -0.19472640E+04  0.12576698E+03  0.12575494E+03  0.10000000E+01  0.00000000E+00
  0.11194876E+01  0.96098053E+00  0.42246008E+00  0.18461913E+00  0.99987238E+03 -0.25028194E+03  0.12561582E+03  0.12560624E+03  0.10000000E+01  0.00000000E+00
  0.99931836E+00  0.11643655E+01 -0.22967136E+00  0.54812169E+00  0.99809680E+03 -0.37127800E+04  0.12546356E+03  0.12546037E+03  0.10000000E+01  0.00000000E+00
  0.24977286E+01  0.14855279E+01  0.48170947E-01 -0.45318681E+00  0.99717316E+03 -0.54995029E+04  0.12531018E+03  0.12531038E+03  0.10000000E+01  0.00000000E+00
  0.11389850E+01  0.87179685E+00  0.10961707E+01  0.21946424E+00  0.10020728E+04  0.40922324E+04  0.12515567E+03  0.12515567E+03  0.10000000E+01  0.00000000E+00
  0.73782098E+00  0.78908706E+00  0.99085259E+00  0.71276766E+00  0.10152846E+04  0.31399160E+05  0.12500000E+03  0.12500000E+03  0.10000000E+01  0.00000000E+00
  0.20074518E+01  0.11079570E+01 -0.19904292E+00  0.17283505E+00  0.10026011E+04  0.51432100E+04  0.12576698E+03  0.12575644E+03  0.10000000E+01  0.00000000E+00
  0.26788352E+01  0.96962214E+00  0.14465234E+01 -0.17469282E+00  0.99700928E+03 -0.58154126E+04  0.12561582E+03  0.12561089E+03  0.10000000E+01  0.00000000E+00
  0.29015312E+01  0.10350026E+01  0.38667905E+00  0.94804764E+00  0.99930078E+03 -0.13689994E+04  0.12546356E+03  0.12546005E+03  0.10000000E+01  0.00000000E+00
  0.22863553E+01  0.14699527E+01  0.61772835E+00  0.81277072E+00  0.99767700E+03 -0.45260312E+04  0.12531018E+03  0.12531018E+03  0.10000000E+01  0.00000000E+00
  0.28586044E+01  0.74537754E+00 -0.92661120E-02 -0.44416189E-01  0.10062442E+04  0.12482983E+05  0.12515567E+03  0.12515553E+03  0.10000000E+01  0.00000000E+00
  0.18864801E+01  0.14507999E+01  0.85028756E+00  0.37690818E+00  0.99973615E+03 -0.51730286E+03  0.12500000E+03  0.12499989E+03  0.10000000E+01  0.00000000E+00
  0.83700740E+00  0.10518218E+01 -0.21533373E+00  0.12961116E+01  0.10014691E+04  0.28949429E+04  0.12576698E+03  0.12576566E+03  0.10000000E+01  0.00000000E+00
  0.25499854E+01  0.10127043E+01  0.75476778E+00 -0.41391253E+00  0.99853973E+03 -0.28524983E+04  0.12561582E+03  0.12561221E+03  0.10000000E+01  0.00000000E+00
  0.25687923E+01  0.18166873E+01 -0.16677835E+01  0.12850487E+01  0.99525482E+03 -0.91785635E+04  0.12546356E+03  0.12546202E+03  0.10000000E+01  0.00000000E+00
  0.20477145E+01  0.10131602E+01  0.58419746E+00 -0.16626304E+00  0.10032990E+04  0.65370469E+04  0.12531018E+03  0.12530890E+03  0.10000000E+01  0.00000000E+00
  0.95710158E+00  0.14905469E+01 -0.20267984E+00  0.79204702E+00  0.99501331E+03 -0.96387539E+04  0.12515567E+03  0.12515567E+03  0.10000000E+01  0.00000000E+00
  0.17010386E+01  0.87978053E+00  0.10379905E+01  0.27795577E+00  0.10077881E+04  0.15642103E+05  0.12500000E+03  0.12500012E+03  0.10000000E+01  0.00000000E+00
  0.11574733E+01  0.13724844E+01 -0.11258589E+01  0.49206734E+00  0.99378552E+03 -0.11967871E+05  0.12561582E+03  0.12561399E+03  0.10000000E+01  0.00000000E+00
  0.24524083E+01  0.22022820E+01 -0.10138084E+01  0.71074677E+00  0.10024240E+04  0.47906162E+04  0.12531018E+03  0.12531004E+03  0.10000000E+01  0.00000000E+00
  0.30059831E+01  0.20535083E+01 -0.28408682E+00  0.65381035E-01  0.10042641E+04  0.84739834E+04  0.12500000E+03  0.12500000E+03  0.10000000E+01  0.00000000E+00
