  0.00000000E+00  0.00000000E+00  0.00000000E+00  0.00000000E+00  0.10230632E+04  0.48503949E+05  0.12500000E+03  0.15248486E-02  0.69999999E+00  0.99999823E+03
  0.00000000E+00  0.50000000E+00  0.00000000E+00  0.00000000E+00  0.10040938E+04  0.81312881E+04  0.12500000E+03  0.83871785E-03  0.69999999E+00  0.99999902E+03
  0.00000000E+00  0.10000000E+01  0.00000000E+00  0.00000000E+00  0.99987476E+03 -0.24560771E+03  0.12500000E+03  0.17736740E-02  0.69999999E+00  0.99999799E+03
  0.00000000E+00  0.15000000E+01  0.00000000E+00  0.00000000E+00  0.10351021E+04  0.76562086E+05  0.12500000E+03  0.61659853E-03  0.69999999E+00  0.99999927E+03
  0.00000000E+00  0.20000000E+01  0.00000000E+00  0.00000000E+00  0.10059197E+04  0.11822751E+05  0.12500000E+03 -0.33536620E-03  0.69999999E+00  0.10000004E+04
  0.00000000E+00  0.25000000E+01  0.00000000E+00  0.00000000E+00  0.10002466E+04  0.48403955E+03  0.12500000E+03  0.71152863E-04  0.69999999E+00  0.99999994E+03
  0.00000000E+00  0.30000000E+01  0.00000000E+00  0.00000000E+00  0.10000000E+04  0.00000000E+00  0.12500000E+03  0.00000000E+00  0.69999999E+00  0.10000000E+04
  0.00000000E+00  0.35000000E+01  0.00000000E+00  0.00000000E+00  0.10000000E+04  0.00000000E+00  0.12500000E+03  0.00000000E+00  0.69999999E+00  0.10000000E+04
  0.00000000E+00  0.40000000E+01  0.00000000E+00  0.00000000E+00  0.10000000E+04  0.00000000E+00  0.12500000E+03  0.00000000E+00  0.69999999E+00  0.10000000E+04
 -0.25000000E+00 -0.25000000E+00  0.00000000E+00  0.00000000E+00  0.10008075E+04  0.15882050E+04  0.12500000E+03  0.49990381E-03  0.69999999E+00  0.99999945E+03
 -0.25000000E+00  0.25000000E+00  0.00000000E+00  0.00000000E+00  0.10029496E+04  0.58385679E+04  0.12500000E+03  0.59935328E-03  0.69999999E+00  0.99999933E+03
 -0.25000000E+00  0.75000000E+00  0.00000000E+00  0.00000000E+00  0.99918579E+03 -0.15935626E+04  0.12500000E+03 -0.84665473E-04  0.69999999E+00  0.10000001E+04
 -0.25000000E+00  0.12500000E+01  0.00000000E+00  0.00000000E+00  0.10059634E+04  0.11911451E+05  0.12500000E+03  0.56473090E-03  0.69999999E+00  0.99999933E+03
 -0.25000000E+00  0.17500000E+01  0.00000000E+00  0.00000000E+00  0.10001616E+04  0.31730682E+03  0.12500000E+03 -0.11340133E-03  0.69999999E+00  0.10000001E+04
 -0.25000000E+00  0.22500000E+01  0.00000000E+00  0.00000000E+00  0.10004730E+04  0.92938812E+03  0.12500000E+03 -0.62706749E-04  0.69999999E+00  0.10000001E+04
 -0.25000000E+00  0.27500000E+01  0.00000000E+00  0.00000000E+00  0.10000000E+04  0.00000000E+00  0.12500000E+03  0.00000000E+00  0.69999999E+00  0.10000000E+04
 -0.25000000E+00  0.32500000E+01  0.00000000E+00  0.00000000E+00  0.10000000E+04  0.00000000E+00  0.12500000E+03  0.00000000E+00  0.69999999E+00  0.10000000E+04
 -0.25000000E+00  0.37500000E+01  0.00000000E+00  0.00000000E+00  0.10000000E+04  0.00000000E+00  0.12500000E+03  0.00000000E+00  0.69999999E+00  0.10000000E+04
  0.80000000E+01  0.00000000E+00  0.00000000E+00  0.00000000E+00  0.10000000E+04  0.00000000E+00  0.12500000E+03  0.00000000E+00  0.69999999E+00  0.10000000E+04
  0.80000000E+01  0.50000000E+00  0.00000000E+00  0.00000000E+00  0.10000000E+04  0.00000000E+00  0.12500000E+03  0.00000000E+00  0.69999999E+00  0.10000000E+04
  0.80000000E+01  0.10000000E+01  0.00000000E+00  0.00000000E+00  0.10000000E+04  0.00000000E+00  0.12500000E+03  0.00000000E+00  0.69999999E+00  0.10000000E+04
  0.80000000E+01  0.15000000E+01  0.00000000E+00  0.00000000E+00  0.10000000E+04  0.00000000E+00  0.12500000E+03  0.00000000E+00  0.69999999E+00  0.10000000E+04
  0.80000000E+01  0.20000000E+01  0.00000000E+00  0.00000000E+00  0.10000000E+04  0.00000000E+00  0.12500000E+03  0.00000000E+00  0.69999999E+00  0.10000000E+04
  0.80000000E+01  0.25000000E+01  0.00000000E+00  0.00000000E+00  0.10000000E+04  0.00000000E+00  0.12500000E+03  0.00000000E+00  0.69999999E+00  0.10000000E+04
  0.80000000E+01  0.30000000E+01  0.00000000E+00  0.00000000E+00  0.10000000E+04  0.00000000E+00  0.12500000E+03  0.00000000E+00  0.69999999E+00  0.10000000E+04
  0.80000000E+01  0.35000000E+01  0.00000000E+00  0.00000000E+00  0.10000000E+04  0.00000000E+00  0.12500000E+03  0.00000000E+00  0.69999999E+00  0.10000000E+04
  0.80000000E+01  0.40000000E+01  0.00000000E+00  0.00000000E+00  0.10000000E+04  0.00000000E+00  0.12500000E+03  0.00000000E+00  0.69999999E+00  0.10000000E+04
  0.82500000E+01 -0.25000000E+00  0.00000000E+00  0.00000000E+00  0.10000000E+04  0.00000000E+00  0.12500000E+03  0.00000000E+00  0.69999999E+00  0.10000000E+04
  0.82500000E+01  0.25000000E+00  0.00000000E+00  0.00000000E+00  0.10000000E+04  0.00000000E+00  0.12500000E+03  0.00000000E+00  0.69999999E+00  0.10000000E+04
  0.82500000E+01  0.75000000E+00  0.00000000E+00  0.00000000E+00  0.10000000E+04  0.00000000E+00  0.12500000E+03  0.00000000E+00  0.69999999E+00  0.10000000E+04
  0.82500000E+01  0.12500000E+01  0.00000000E+00  0.00000000E+00  0.10000000E+04  0.00000000E+00  0.12500000E+03  0.00000000E+00  0.69999999E+00  0.10000000E+04
  0.82500000E+01  0.17500000E+01  0.00000000E+00  0.00000000E+00  0.10000000E+04  0.00000000E+00  0.12500000E+03  0.00000000E+00  0.69999999E+00  0.10000000E+04
  0.82500000E+01  0.22500000E+01  0.00000000E+00  0.00000000E+00  0.10000000E+04  0.00000000E+00  0.12500000E+03  0.00000000E+00  0.69999999E+00  0.10000000E+04
  0.82500000E+01  0.27500000E+01  0.00000000E+00  0.00000000E+00  0.10000000E+04  0.00000000E+00  0.12500000E+03  0.00000000E+00  0.69999999E+00  0.10000000E+04
  0.82500000E+01  0.32500000E+01  0.00000000E+00  0.00000000E+00  0.10000000E+04  0.00000000E+00  0.12500000E+03  0.00000000E+00  0.69999999E+00  0.10000000E+04
  0.82500000E+01  0.37500000E+01  0.00000000E+00  0.00000000E+00  0.10000000E+04  0.00000000E+00  0.12500000E+03  0.00000000E+00  0.69999999E+00  0.10000000E+04
  0.50000000E+00  0.00000000E+00  0.00000000E+00  0.00000000E+00  0.99664600E+03 -0.65147285E+04  0.12500000E+03  0.73599690E-02  0.69999999E+00  0.99999164E+03
  0.10000000E+01  0.00000000E+00  0.00000000E+00  0.00000000E+00  0.10164767E+04  0.33969688E+05  0.12500000E+03  0.25458550E-02  0.69999999E+00  0.99999707E+03
  0.15000000E+01  0.00000000E+00  0.00000000E+00  0.00000000E+00  0.10236816E+04  0.49897785E+05  0.12500000E+03  0.11803628E-01  0.69999999E+00  0.99998621E+03
  0.20000000E+01  0.00000000E+00  0.00000000E+00  0.00000000E+00  0.10008723E+04  0.17160830E+04  0.12500000E+03  0.12592051E-01  0.69999999E+00  0.99998560E+03
  0.25000000E+01  0.00000000E+00  0.00000000E+00  0.00000000E+00  0.10004210E+04  0.82713885E+03  0.12500000E+03  0.68868150E-03  0.69999999E+00  0.99999921E+03
  0.30000000E+01  0.00000000E+00  0.00000000E+00  0.00000000E+00  0.10174034E+04  0.35981016E+05  0.12500000E+03  0.21040051E-02  0.69999999E+00  0.99999756E+03
  0.35000000E+01  0.00000000E+00  0.00000000E+00  0.00000000E+00  0.10022159E+04  0.43767666E+04  0.12500000E+03  0.78929117E-03  0.69999999E+00  0.99999908E+03
  0.40000000E+01  0.00000000E+00  0.00000000E+00  0.00000000E+00  0.10000134E+04  0.26430483E+02  0.12500000E+03 -0.27363869E-04  0.69999999E+00  0.10000001E+04
  0.45000000E+01  0.00000000E+00  0.00000000E+00  0.00000000E+00  0.10000000E+04  0.00000000E+00  0.12500000E+03  0.00000000E+00  0.69999999E+00  0.10000000E+04
  0.50000000E+01  0.00000000E+00  0.00000000E+00  0.00000000E+00  0.10000000E+04  0.00000000E+00  0.12500000E+03  0.00000000E+00  0.69999999E+00  0.10000000E+04
  0.55000000E+01  0.00000000E+00  0.00000000E+00  0.00000000E+00  0.10000000E+04  0.00000000E+00  0.12500000E+03  0.00000000E+00  0.69999999E+00  0.10000000E+04
  0.60000000E+01  0.00000000E+00  0.00000000E+00  0.00000000E+00  0.10000000E+04  0.00000000E+00  0.12500000E+03  0.00000000E+00  0.69999999E+00  0.10000000E+04
  0.65000000E+01  0.00000000E+00  0.00000000E+00  0.00000000E+00  0.10000000E+04  0.00000000E+00  0.12500000E+03  0.00000000E+00  0.69999999E+00  0.10000000E+04
  0.70000000E+01  0.00000000E+00  0.00000000E+00  0.00000000E+00  0.10000000E+04  0.00000000E+00  0.12500000E+03  0.00000000E+00  0.69999999E+00  0.10000000E+04
  0.75000000E+01  0.00000000E+00  0.00000000E+00  0.00000000E+00  0.10000000E+04  0.00000000E+00  0.12500000E+03  0.00000000E+00  0.69999999E+00  0.10000000E+04
  0.25000000E+00 -0.25000000E+00  0.00000000E+00  0.00000000E+00  0.10058633E+04  0.11708152E+05  0.12500000E+03  0.23328243E-02  0.69999999E+00  0.99999731E+03
  0.75000000E+00 -0.25000000E+00  0.00000000E+00  0.00000000E+00  0.10122675E+04  0.24972900E+05  0.12500000E+03  0.54037073E-02  0.69999999E+00  0.99999377E+03
  0.12500000E+01 -0.25000000E+00  0.00000000E+00  0.00000000E+00  0.10073186E+04  0.14678266E+05  0.12500000E+03  0.41576494E-02  0.69999999E+00  0.99999524E+03
  0.17500000E+01 -0.25000000E+00  0.00000000E+00  0.00000000E+00  0.10016803E+04  0.33133245E+04  0.12500000E+03  0.61284387E-02  0.69999999E+00  0.99999298E+03
  0.22500000E+01 -0.25000000E+00  0.00000000E+00  0.00000000E+00  0.10132166E+04  0.26981855E+05  0.12500000E+03  0.52916147E-02  0.69999999E+00  0.99999390E+03
  0.27500000E+01 -0.25000000E+00  0.00000000E+00  0.00000000E+00  0.10056537E+04  0.11282563E+05  0.12500000E+03  0.73857466E-03  0.69999999E+00  0.99999915E+03
  0.32500000E+01 -0.25000000E+00  0.00000000E+00  0.00000000E+00  0.10041729E+04  0.82902422E+04  0.12500000E+03  0.89564611E-03  0.69999999E+00  0.99999896E+03
  0.37500000E+01 -0.25000000E+00  0.00000000E+00  0.00000000E+00  0.10000013E+04  0.25727851E+01  0.12500000E+03 -0.59664068E-04  0.69999999E+00  0.10000001E+04
  0.42500000E+01 -0.25000000E+00  0.00000000E+00  0.00000000E+00  0.10000000E+04  0.00000000E+00  0.12500000E+03 -0.10705920E-41  0.69999999E+00  0.10000000E+04
  0.47500000E+01 -0.25000000E+00  0.00000000E+00  0.00000000E+00  0.10000000E+04  0.00000000E+00  0.12500000E+03 -0.00000000E+00  0.69999999E+00  0.10000000E+04
  0.52500000E+01 -0.25000000E+00  0.00000000E+00  0.00000000E+00  0.10000000E+04  0.00000000E+00  0.12500000E+03  0.00000000E+00  0.69999999E+00  0.10000000E+04
  0.57500000E+01 -0.25000000E+00  0.00000000E+00  0.00000000E+00  0.10000000E+04  0.00000000E+00  0.12500000E+03  0.00000000E+00  0.69999999E+00  0.10000000E+04
  0.62500000E+01 -0.25000000E+00  0.00000000E+00  0.00000000E+00  0.10000000E+04  0.00000000E+00  0.12500000E+03  0.00000000E+00  0.69999999E+00  0.10000000E+04
  0.67500000E+01 -0.25000000E+00  0.00000000E+00  0.00000000E+00  0.10000000E+04  0.00000000E+00  0.12500000E+03  0.00000000E+00  0.69999999E+00  0.10000000E+04
  0.72500000E+01 -0.25000000E+00  0.00000000E+00  0.00000000E+00  0.10000000E+04  0.00000000E+00  0.12500000E+03  0.00000000E+00  0.69999999E+00  0.10000000E+04
  0.77500000E+01 -0.25000000E+00  0.00000000E+00  0.00000000E+00  0.10000000E+04  0.00000000E+00  0.12500000E+03  0.00000000E+00  0.69999999E+00  0.10000000E+04
  0.40000000E+01  0.50000000E+00  0.00000000E+00  0.00000000E+00  0.10001049E+04  0.20588678E+03  0.12500000E+03 -0.81518563E-04  0.69999999E+00  0.10000001E+04
  0.37500000E+01  0.25000000E+00  0.00000000E+00  0.00000000E+00  0.10021271E+04  0.41999995E+04  0.12500000E+03 -0.32683421E-03  0.69999999E+00  0.10000004E+04
  0.40000000E+01  0.10000000E+01  0.00000000E+00  0.00000000E+00  0.10004960E+04  0.97466003E+03  0.12500000E+03 -0.41417825E-05  0.69999999E+00  0.10000000E+04
  0.37500000E+01  0.75000000E+00  0.00000000E+00  0.00000000E+00  0.10040090E+04  0.79609102E+04  0.12500000E+03  0.24972629E-03  0.69999999E+00  0.99999969E+03
  0.40000000E+01  0.15000000E+01  0.00000000E+00  0.00000000E+00  0.10007906E+04  0.15548333E+04  0.12500000E+03  0.12586956E-03  0.69999999E+00  0.99999988E+03
  0.37500000E+01  0.12500000E+01  0.00000000E+00  0.00000000E+00  0.10208212E+04  0.43493355E+05  0.12500000E+03  0.34823225E-03  0.69999999E+00  0.99999957E+03
  0.40000000E+01  0.20000000E+01  0.00000000E+00  0.00000000E+00  0.10000315E+04  0.61752430E+02  0.12500000E+03  0.20776821E-04  0.69999999E+00  0.10000000E+04
  0.37500000E+01  0.17500000E+01  0.00000000E+00  0.00000000E+00  0.10134060E+04  0.27384445E+05  0.12500000E+03  0.36550371E-03  0.69999999E+00  0.99999957E+03
  0.45000000E+01  0.50000000E+00  0.00000000E+00  0.00000000E+00  0.10000000E+04  0.00000000E+00  0.12500000E+03  0.00000000E+00  0.69999999E+00  0.10000000E+04
  0.42500000E+01  0.25000000E+00  0.00000000E+00  0.00000000E+00  0.10000018E+04  0.35083482E+01  0.12500000E+03 -0.74084828E-05  0.69999999E+00  0.10000000E+04
  0.45000000E+01  0.10000000E+01  0.00000000E+00  0.00000000E+00  0.10000000E+04  0.00000000E+00  0.12500000E+03  0.00000000E+00  0.69999999E+00  0.10000000E+04
  0.42500000E+01  0.75000000E+00  0.00000000E+00  0.00000000E+00  0.10000936E+04  0.18365413E+03  0.12500000E+03 -0.58616174E-05  0.69999999E+00  0.10000000E+04
  0.45000000E+01  0.15000000E+01  0.00000000E+00  0.00000000E+00  0.10000000E+04  0.00000000E+00  0.12500000E+03  0.00000000E+00  0.69999999E+00  0.10000000E+04
  0.42500000E+01  0.12500000E+01  0.00000000E+00  0.00000000E+00  0.10000045E+04  0.88878889E+01  0.12500000E+03  0.12300108E-04  0.69999999E+00  0.10000000E+04
  0.45000000E+01  0.20000000E+01  0.00000000E+00  0.00000000E+00  0.10000000E+04  0.00000000E+00  0.12500000E+03  0.00000000E+00  0.69999999E+00  0.10000000E+04
  0.42500000E+01  0.17500000E+01  0.00000000E+00  0.00000000E+00  0.10000000E+04  0.00000000E+00  0.12500000E+03  0.00000000E+00  0.69999999E+00  0.10000000E+04
  0.50000000E+01  0.50000000E+00  0.00000000E+00  0.00000000E+00  0.10000000E+04  0.00000000E+00  0.12500000E+03  0.00000000E+00  0.69999999E+00  0.10000000E+04
  0.47500000E+01  0.25000000E+00  0.00000000E+00  0.00000000E+00  0.10000000E+04  0.00000000E+00  0.12500000E+03  0.00000000E+00  0.69999999E+00  0.10000000E+04
  0.50000000E+01  0.10000000E+01  0.00000000E+00  0.00000000E+00  0.10000000E+04  0.00000000E+00  0.12500000E+03  0.00000000E+00  0.69999999E+00  0.10000000E+04
  0.47500000E+01  0.75000000E+00  0.00000000E+00  0.00000000E+00  0.10000000E+04  0.00000000E+00  0.12500000E+03  0.00000000E+00  0.69999999E+00  0.10000000E+04
  0.50000000E+01  0.15000000E+01  0.00000000E+00  0.00000000E+00  0.10000000E+04  0.00000000E+00  0.12500000E+03  0.00000000E+00  0.69999999E+00  0.10000000E+04
  0.47500000E+01  0.12500000E+01  0.00000000E+00  0.00000000E+00  0.10000000E+04  0.00000000E+00  0.12500000E+03  0.00000000E+00  0.69999999E+00  0.10000000E+04
  0.50000000E+01  0.20000000E+01  0.00000000E+00  0.00000000E+00  0.10000000E+04  0.00000000E+00  0.12500000E+03  0.00000000E+00  0.69999999E+00  0.10000000E+04
  0.47500000E+01  0.17500000E+01  0.00000000E+00  0.00000000E+00  0.10000000E+04  0.00000000E+00  0.12500000E+03  0.00000000E+00  0.69999999E+00  0.10000000E+04
  0.73866594E+00  0.24964252E+00  0.95466781E+00 -0.10586269E+00  0.98758569E+03 -0.23468340E+05  0.12576698E+03  0.12576698E+03  0.10000000E+01  0.00000000E+00
  0.75120056E+00  0.63347983E+00  0.82419372E+00  0.23853518E-01  0.10030902E+04  0.61195952E+04  0.12561582E+03  0.12561256E+03  0.10000000E+01  0.00000000E+00
  0.72997689E+00  0.82154667E+00  0.46601576E+00  0.69943440E+00  0.10068868E+04  0.13794371E+05  0.12546356E+03  0.12546356E+03  0.10000000E+01  0.00000000E+00
  0.86080223E+00  0.11180879E+01  0.20617539E+00  0.99234569E+00  0.10076179E+04  0.15292128E+05  0.12531018E+03  0.12531018E+03  0.10000000E+01  0.00000000E+00
  0.98639977E+00  0.11756837E+01 -0.75527543E+00  0.10750446E+01  0.10047764E+04  0.95068115E+04  0.12515567E+03  0.12515567E+03  0.10000000E+01  0.00000000E+00
  0.19570959E+01  0.13861692E+01  0.85873830E+00 -0.45983058E+00  0.10044272E+04  0.88023770E+04  0.12500000E+03  0.12500000E+03  0.10000000E+01  0.00000000E+00
  0.13409269E+01  0.21206734E+00  0.39897725E-01  0.43747944E+00  0.97868518E+03 -0.39238504E+05  0.12576698E+03  0.12575743E+03  0.10000000E+01  0.00000000E+00
  0.99534941E+00  0.49920154E+00  0.20927349E+00  0.41730285E+00  0.99462714E+03 -0.10373191E+05  0.12561582E+03  0.12560754E+03  0.10000000E+01  0.00000000E+00
  0.13727217E+01  0.55859363E+00 -0.16788539E-01  0.38801152E+00  0.99688556E+03 -0.60537764E+04  0.12546356E+03  0.12546086E+03  0.10000000E+01  0.00000000E+00
  0.89100468E+00  0.90944612E+00 -0.69501162E+00  0.42797840E+00  0.10054871E+04  0.10944506E+05  0.12531018E+03  0.12531018E+03  0.10000000E+01  0.00000000E+00
  0.15415215E+01  0.84390926E+00 -0.50810844E+00  0.26624128E-02  0.10041375E+04  0.82192666E+04  0.12515567E+03  0.12515567E+03  0.10000000E+01  0.00000000E+00
  0.12150487E+01  0.12467320E+01 -0.33728462E+00  0.10849876E+01  0.10023187E+04  0.45808994E+04  0.12500000E+03  0.12500000E+03  0.10000000E+01  0.00000000E+00
  0.19576871E+01  0.31030443E+00 -0.22988471E+00 -0.97290099E-01  0.98967975E+03 -0.19632092E+05  0.12576698E+03  0.12575870E+03  0.10000000E+01  0.00000000E+00
  0.19719076E+01  0.54034758E+00  0.10745829E+01 -0.27336493E+00  0.99748346E+03 -0.49003853E+04  0.12561582E+03  0.12561089E+03  0.10000000E+01  0.00000000E+00
  0.24981847E+01  0.55376542E+00  0.98104596E-01  0.18326154E+00  0.10056392E+04  0.11253049E+05  0.12546356E+03  0.12546146E+03  0.10000000E+01  0.00000000E+00
  0.20527174E+01  0.81744623E+00  0.86081737E+00  0.31743875E+00  0.10025674E+04  0.50762241E+04  0.12531018E+03  0.12531018E+03  0.10000000E+01  0.00000000E+00
  0.25538039E+01  0.93461287E+00  0.11801398E+01 -0.96113360E+00  0.10053399E+04  0.10646143E+05  0.12515567E+03  0.12515567E+03  0.10000000E+01  0.00000000E+00
  0.20181749E+01  0.14038496E+01  0.41555861E+00 -0.87887859E+00  0.10051908E+04  0.10344424E+05  0.12500000E+03  0.12500000E+03  0.10000000E+01  0.00000000E+00
  0.17389412E+01  0.51723540E+00 -0.70768368E+00 -0.38733625E+00  0.99588196E+03 -0.79804326E+04  0.12576698E+03  0.12576698E+03  0.10000000E+01  0.00000000E+00
  0.22050147E+01  0.73107105E+00 -0.77172554E+00  0.53499532E+00  0.10021706E+04  0.42864756E+04  0.12561582E+03  0.12561221E+03  0.10000000E+01  0.00000000E+00
  0.27643480E+01  0.76287258E+00  0.82030362E+00 -0.24798293E-01  0.10070085E+04  0.14043057E+05  0.12546356E+03  0.12546202E+03  0.10000000E+01  0.00000000E+00
  0.26884623E+01  0.57899821E+00  0.64622986E+00  0.28022164E+00  0.10074047E+04  0.14854730E+05  0.12531018E+03  0.12530922E+03  0.10000000E+01  0.00000000E+00
  0.27717738E+01  0.13676364E+01 -0.48046675E+00 -0.97656399E-01  0.10016414E+04  0.32363140E+04  0.12515567E+03  0.12515567E+03  0.10000000E+01  0.00000000E+00
  0.27836099E+01  0.13807993E+01  0.83791745E+00 -0.87218177E+00  0.10032409E+04  0.64208901E+04  0.12500000E+03  0.12500000E+03  0.10000000E+01  0.00000000E+00
  0.18504901E+01  0.12073674E+01 -0.14035287E+01 -0.15302646E+01  0.10063093E+04  0.12615572E+05  0.12561582E+03  0.12561399E+03  0.10000000E+01  0.00000000E+00
  0.29001651E+01  0.12954894E+01 -0.25241113E+00  0.39580172E+00  0.10038311E+04  0.76034199E+04  0.12531018E+03  0.12531018E+03  0.10000000E+01  0.00000000E+00
  0.20670538E+01  0.17449832E+01 -0.95362186E+00 -0.10652423E+01  0.10034875E+04  0.69144175E+04  0.12500000E+03  0.12500000E+03  0.10000000E+01  0.00000000E+00
