  0.00000000E+00  0.00000000E+00  0.00000000E+00  0.00000000E+00  0.10011489E+04  0.22620034E+04  0.12500000E+03  0.28277452E-02  0.69999999E+00  0.99999677E+03
  0.00000000E+00  0.50000000E+00  0.00000000E+00  0.00000000E+00  0.10107781E+04  0.21842746E+05  0.12500000E+03  0.43273936E-02  0.69999999E+00  0.99999500E+03
  0.00000000E+00  0.10000000E+01  0.00000000E+00  0.00000000E+00  0.10159512E+04  0.32834258E+05  0.12500000E+03  0.45219082E-02  0.69999999E+00  0.99999475E+03
  0.00000000E+00  0.15000000E+01  0.00000000E+00  0.00000000E+00  0.10188013E+04  0.39035031E+05  0.12500000E+03  0.17345471E-02  0.69999999E+00  0.99999799E+03
  0.00000000E+00  0.20000000E+01  0.00000000E+00  0.00000000E+00  0.10216023E+04  0.45231469E+05  0.12500000E+03 -0.23399307E-02  0.69999999E+00  0.10000027E+04
  0.00000000E+00  0.25000000E+01  0.00000000E+00  0.00000000E+00  0.10034716E+04  0.68826553E+04  0.12500000E+03  0.55930630E-03  0.69999999E+00  0.99999933E+03
  0.00000000E+00  0.30000000E+01  0.00000000E+00  0.00000000E+00  0.10000026E+04  0.51455903E+01  0.12500000E+03  0.38292605E-04  0.69999999E+00  0.99999994E+03
  0.00000000E+00  0.35000000E+01  0.00000000E+00  0.00000000E+00  0.10000000E+04  0.00000000E+00  0.12500000E+03  0.00000000E+00  0.69999999E+00  0.10000000E+04
  0.00000000E+00  0.40000000E+01  0.00000000E+00  0.00000000E+00  0.10000000E+04  0.00000000E+00  0.12500000E+03  0.00000000E+00  0.69999999E+00  0.10000000E+04
 -0.25000000E+00 -0.25000000E+00  0.00000000E+00  0.00000000E+00  0.10006414E+04  0.12607445E+04  0.12500000E+03  0.52005530E-03  0.69999999E+00  0.99999939E+03
 -0.25000000E+00  0.25000000E+00  0.00000000E+00  0.00000000E+00  0.10004089E+04  0.80322272E+03  0.12500000E+03  0.13080742E-02  0.69999999E+00  0.99999854E+03
 -0.25000000E+00  0.75000000E+00  0.00000000E+00  0.00000000E+00  0.10017085E+04  0.33693220E+04  0.12500000E+03  0.77270449E-03  0.69999999E+00  0.99999915E+03
 -0.25000000E+00  0.12500000E+01  0.00000000E+00  0.00000000E+00  0.10022832E+04  0.45104702E+04  0.12500000E+03  0.14136776E-02  0.69999999E+00  0.99999835E+03
 -0.25000000E+00  0.17500000E+01  0.00000000E+00  0.00000000E+00  0.10009102E+04  0.17906230E+04  0.12500000E+03 -0.46604365E-03  0.69999999E+00  0.10000005E+04
 -0.25000000E+00  0.22500000E+01  0.00000000E+00  0.00000000E+00  0.10015139E+04  0.29839109E+04  0.12500000E+03 -0.18548567E-03  0.69999999E+00  0.10000002E+04
 -0.25000000E+00  0.27500000E+01  0.00000000E+00  0.00000000E+00  0.10000007E+04  0.14033347E+01  0.12500000E+03  0.17473474E-04  0.69999999E+00  0.10000000E+04
 -0.25000000E+00  0.32500000E+01  0.00000000E+00  0.00000000E+00  0.10000000E+04  0.00000000E+00  0.12500000E+03  0.43950325E-40  0.69999999E+00  0.10000000E+04
 -0.25000000E+00  0.37500000E+01  0.00000000E+00  0.00000000E+00  0.10000000E+04  0.00000000E+00  0.12500000E+03  0.00000000E+00  0.69999999E+00  0.10000000E+04
  0.80000000E+01  0.00000000E+00  0.00000000E+00  0.00000000E+00  0.10000000E+04  0.00000000E+00  0.12500000E+03  0.00000000E+00  0.69999999E+00  0.10000000E+04
  0.80000000E+01  0.50000000E+00  0.00000000E+00  0.00000000E+00  0.10000000E+04  0.00000000E+00  0.12500000E+03  0.00000000E+00  0.69999999E+00  0.10000000E+04
  0.80000000E+01  0.10000000E+01  0.00000000E+00  0.00000000E+00  0.10000000E+04  0.00000000E+00  0.12500000E+03  0.00000000E+00  0.69999999E+00  0.10000000E+04
  0.80000000E+01  0.15000000E+01  0.00000000E+00  0.00000000E+00  0.10000000E+04  0.00000000E+00  0.12500000E+03  0.00000000E+00  0.69999999E+00  0.10000000E+04
  0.80000000E+01  0.20000000E+01  0.00000000E+00  0.00000000E+00  0.10000000E+04  0.00000000E+00  0.12500000E+03  0.00000000E+00  0.69999999E+00  0.10000000E+04
  0.80000000E+01  0.25000000E+01  0.00000000E+00  0.00000000E+00  0.10000000E+04  0.00000000E+00  0.12500000E+03  0.00000000E+00  0.69999999E+00  0.10000000E+04
  0.80000000E+01  0.30000000E+01  0.00000000E+00  0.00000000E+00  0.10000000E+04  0.00000000E+00  0.12500000E+03  0.00000000E+00  0.69999999E+00  0.10000000E+04
  0.80000000E+01  0.35000000E+01  0.00000000E+00  0.00000000E+00  0.10000000E+04  0.00000000E+00  0.12500000E+03  0.00000000E+00  0.69999999E+00  0.10000000E+04
  0.80000000E+01  0.40000000E+01  0.00000000E+00  0.00000000E+00  0.10000000E+04  0.00000000E+00  0.12500000E+03  0.00000000E+00  0.69999999E+00  0.10000000E+04
  0.82500000E+01 -0.25000000E+00  0.00000000E+00  0.00000000E+00  0.10000000E+04  0.00000000E+00  0.12500000E+03  0.00000000E+00  0.69999999E+00  0.10000000E+04
  0.82500000E+01  0.25000000E+00  0.00000000E+00  0.00000000E+00  0.10000000E+04  0.00000000E+00  0.12500000E+03  0.00000000E+00  0.69999999E+00  0.10000000E+04
  0.82500000E+01  0.75000000E+00  0.00000000E+00  0.00000000E+00  0.10000000E+04  0.00000000E+00  0.12500000E+03  0.00000000E+00  0.69999999E+00  0.10000000E+04
  0.82500000E+01  0.12500000E+01  0.00000000E+00  0.00000000E+00  0.10000000E+04  0.00000000E+00  0.12500000E+03  0.00000000E+00  0.69999999E+00  0.10000000E+04
  0.82500000E+01  0.17500000E+01  0.00000000E+00  0.00000000E+00  0.10000000E+04  0.00000000E+00  0.12500000E+03  0.00000000E+00  0.69999999E+00  0.10000000E+04
  0.82500000E+01  0.22500000E+01  0.00000000E+00  0.00000000E+00  0.10000000E+04  0.00000000E+00  0.12500000E+03  0.00000000E+00  0.69999999E+00  0.10000000E+04
  0.82500000E+01  0.27500000E+01  0.00000000E+00  0.00000000E+00  0.10000000E+04  0.00000000E+00  0.12500000E+03  0.00000000E+00  0.69999999E+00  0.10000000E+04
  0.82500000E+01  0.32500000E+01  0.00000000E+00  0.00000000E+00  0.10000000E+04  0.00000000E+00  0.12500000E+03  0.00000000E+00  0.69999999E+00  0.10000000E+04
  0.82500000E+01  0.37500000E+01  0.00000000E+00  0.00000000E+00  0.10000000E+04  0.00000000E+00  0.12500000E+03  0.00000000E+00  0.69999999E+00  0.10000000E+04
  0.50000000E+00  0.00000000E+00  0.00000000E+00  0.00000000E+00  0.10444410E+04  0.99718406E+05  0.12500000E+03  0.14435511E-01  0.69999999E+00  0.99998279E+03
  0.10000000E+01  0.00000000E+00  0.00000000E+00  0.00000000E+00  0.10660623E+04  0.15832458E+06  0.12500000E+03  0.86145494E-02  0.69999999E+00  0.99998950E+03
  0.15000000E+01  0.00000000E+00  0.00000000E+00  0.00000000E+00  0.10258527E+04  0.54830891E+05  0.12500000E+03  0.24717141E-01  0.69999999E+00  0.99997101E+03
  0.20000000E+01  0.00000000E+00  0.00000000E+00  0.00000000E+00  0.11271035E+04  0.36737528E+06  0.12500000E+03  0.29032240E-01  0.69999999E+00  0.99996259E+03
  0.25000000E+01  0.00000000E+00  0.00000000E+00  0.00000000E+00  0.10402111E+04  0.89075508E+05  0.12500000E+03  0.10317156E-01  0.69999999E+00  0.99998773E+03
  0.30000000E+01  0.00000000E+00  0.00000000E+00  0.00000000E+00  0.10285994E+04  0.61162445E+05  0.12500000E+03  0.12019599E-01  0.69999999E+00  0.99998590E+03
  0.35000000E+01  0.00000000E+00  0.00000000E+00  0.00000000E+00  0.10002524E+04  0.49575150E+03  0.12500000E+03  0.51157130E-02  0.69999999E+00  0.99999414E+03
  0.40000000E+01  0.00000000E+00  0.00000000E+00  0.00000000E+00  0.10000137E+04  0.26898298E+02  0.12500000E+03 -0.68247195E-04  0.69999999E+00  0.10000001E+04
  0.45000000E+01  0.00000000E+00  0.00000000E+00  0.00000000E+00  0.10000000E+04  0.00000000E+00  0.12500000E+03  0.22774856E-38  0.69999999E+00  0.10000000E+04
  0.50000000E+01  0.00000000E+00  0.00000000E+00  0.00000000E+00  0.10000000E+04  0.00000000E+00  0.12500000E+03 -0.12757421E-40  0.69999999E+00  0.10000000E+04
  0.55000000E+01  0.00000000E+00  0.00000000E+00  0.00000000E+00  0.10000000E+04  0.00000000E+00  0.12500000E+03  0.00000000E+00  0.69999999E+00  0.10000000E+04
  0.60000000E+01  0.00000000E+00  0.00000000E+00  0.00000000E+00  0.10000000E+04  0.00000000E+00  0.12500000E+03  0.00000000E+00  0.69999999E+00  0.10000000E+04
  0.65000000E+01  0.00000000E+00  0.00000000E+00  0.00000000E+00  0.10000000E+04  0.00000000E+00  0.12500000E+03  0.00000000E+00  0.69999999E+00  0.10000000E+04
  0.70000000E+01  0.00000000E+00  0.00000000E+00  0.00000000E+00  0.10000000E+04  0.00000000E+00  0.12500000E+03  0.00000000E+00  0.69999999E+00  0.10000000E+04
  0.75000000E+01  0.00000000E+00  0.00000000E+00  0.00000000E+00  0.10000000E+04  0.00000000E+00  0.12500000E+03  0.00000000E+00  0.69999999E+00  0.10000000E+04
  0.25000000E+00 -0.25000000E+00  0.00000000E+00  0.00000000E+00  0.10057285E+04  0.11434291E+05  0.12500000E+03  0.36004218E-02  0.69999999E+00  0.99999585E+03
  0.75000000E+00 -0.25000000E+00  0.00000000E+00  0.00000000E+00  0.10263962E+04  0.56075902E+05  0.12500000E+03  0.10328915E-01  0.69999999E+00  0.99998792E+03
  0.12500000E+01 -0.25000000E+00  0.00000000E+00  0.00000000E+00  0.10102162E+04  0.20669154E+05  0.12500000E+03  0.78837685E-02  0.69999999E+00  0.99999091E+03
  0.17500000E+01 -0.25000000E+00  0.00000000E+00  0.00000000E+00  0.10146189E+04  0.29971236E+05  0.12500000E+03  0.12130991E-01  0.69999999E+00  0.99998596E+03
  0.22500000E+01 -0.25000000E+00  0.00000000E+00  0.00000000E+00  0.10014362E+04  0.28298250E+04  0.12500000E+03  0.12477845E-01  0.69999999E+00  0.99998572E+03
  0.27500000E+01 -0.25000000E+00  0.00000000E+00  0.00000000E+00  0.10040369E+04  0.80169741E+04  0.12500000E+03  0.66261739E-02  0.69999999E+00  0.99999237E+03
  0.32500000E+01 -0.25000000E+00  0.00000000E+00  0.00000000E+00  0.10004113E+04  0.80791205E+03  0.12500000E+03  0.47096605E-02  0.69999999E+00  0.99999463E+03
  0.37500000E+01 -0.25000000E+00  0.00000000E+00  0.00000000E+00  0.10000070E+04  0.13565822E+02  0.12500000E+03 -0.15635355E-03  0.69999999E+00  0.10000002E+04
  0.42500000E+01 -0.25000000E+00  0.00000000E+00  0.00000000E+00  0.10000000E+04  0.00000000E+00  0.12500000E+03 -0.65296265E-35  0.69999999E+00  0.10000000E+04
  0.47500000E+01 -0.25000000E+00  0.00000000E+00  0.00000000E+00  0.10000000E+04  0.00000000E+00  0.12500000E+03 -0.48491289E-38  0.69999999E+00  0.10000000E+04
  0.52500000E+01 -0.25000000E+00  0.00000000E+00  0.00000000E+00  0.10000000E+04  0.00000000E+00  0.12500000E+03  0.00000000E+00  0.69999999E+00  0.10000000E+04
  0.57500000E+01 -0.25000000E+00  0.00000000E+00  0.00000000E+00  0.10000000E+04  0.00000000E+00  0.12500000E+03  0.00000000E+00  0.69999999E+00  0.10000000E+04
  0.62500000E+01 -0.25000000E+00  0.00000000E+00  0.00000000E+00  0.10000000E+04  0.00000000E+00  0.12500000E+03  0.00000000E+00  0.69999999E+00  0.10000000E+04
  0.67500000E+01 -0.25000000E+00  0.00000000E+00  0.00000000E+00  0.10000000E+04  0.00000000E+00  0.12500000E+03  0.00000000E+00  0.69999999E+00  0.10000000E+04
  0.72500000E+01 -0.25000000E+00  0.00000000E+00  0.00000000E+00  0.10000000E+04  0.00000000E+00  0.12500000E+03  0.00000000E+00  0.69999999E+00  0.10000000E+04
  0.77500000E+01 -0.25000000E+00  0.00000000E+00  0.00000000E+00  0.10000000E+04  0.00000000E+00  0.12500000E+03  0.00000000E+00  0.69999999E+00  0.10000000E+04
  0.40000000E+01  0.50000000E+00  0.00000000E+00  0.00000000E+00  0.10006184E+04  0.12156678E+04  0.12500000E+03 -0.59207436E-03  0.69999999E+00  0.10000007E+04
  0.37500000E+01  0.25000000E+00  0.00000000E+00  0.00000000E+00  0.10004730E+04  0.92938812E+03  0.12500000E+03 -0.24996148E-02  0.69999999E+00  0.10000029E+04
  0.40000000E+01  0.10000000E+01  0.00000000E+00  0.00000000E+00  0.10039153E+04  0.77726597E+04  0.12500000E+03 -0.11279878E-03  0.69999999E+00  0.10000001E+04
  0.37500000E+01  0.75000000E+00  0.00000000E+00  0.00000000E+00  0.10438966E+04  0.98333992E+05  0.12500000E+03  0.10804872E-02  0.69999999E+00  0.99999872E+03
  0.40000000E+01  0.15000000E+01  0.00000000E+00  0.00000000E+00  0.10003245E+04  0.63726495E+03  0.12500000E+03  0.54908206E-03  0.69999999E+00  0.99999939E+03
  0.37500000E+01  0.12500000E+01  0.00000000E+00  0.00000000E+00  0.10246813E+04  0.52161523E+05  0.12500000E+03  0.13864723E-02  0.69999999E+00  0.99999835E+03
  0.40000000E+01  0.20000000E+01  0.00000000E+00  0.00000000E+00  0.10013503E+04  0.26600125E+04  0.12500000E+03  0.38575369E-03  0.69999999E+00  0.99999957E+03
  0.37500000E+01  0.17500000E+01  0.00000000E+00  0.00000000E+00  0.10120043E+04  0.24417711E+05  0.12500000E+03  0.28018516E-02  0.69999999E+00  0.99999677E+03
  0.45000000E+01  0.50000000E+00  0.00000000E+00  0.00000000E+00  0.10000000E+04  0.00000000E+00  0.12500000E+03  0.14306254E-37  0.69999999E+00  0.10000000E+04
  0.42500000E+01  0.25000000E+00  0.00000000E+00  0.00000000E+00  0.10000018E+04  0.35083482E+01  0.12500000E+03 -0.74084828E-05  0.69999999E+00  0.10000000E+04
  0.45000000E+01  0.10000000E+01  0.00000000E+00  0.00000000E+00  0.10000000E+04  0.00000000E+00  0.12500000E+03 -0.65945106E-41  0.69999999E+00  0.10000000E+04
  0.42500000E+01  0.75000000E+00  0.00000000E+00  0.00000000E+00  0.10000916E+04  0.17967581E+03  0.12500000E+03 -0.21151425E-04  0.69999999E+00  0.10000000E+04
  0.45000000E+01  0.15000000E+01  0.00000000E+00  0.00000000E+00  0.10000000E+04  0.00000000E+00  0.12500000E+03 -0.59342187E-40  0.69999999E+00  0.10000000E+04
  0.42500000E+01  0.12500000E+01  0.00000000E+00  0.00000000E+00  0.10000066E+04  0.12864128E+02  0.12500000E+03  0.64903998E-05  0.69999999E+00  0.10000000E+04
  0.45000000E+01  0.20000000E+01  0.00000000E+00  0.00000000E+00  0.10000000E+04  0.00000000E+00  0.12500000E+03  0.55398933E-40  0.69999999E+00  0.10000000E+04
  0.42500000E+01  0.17500000E+01  0.00000000E+00  0.00000000E+00  0.10000031E+04  0.60811610E+01  0.12500000E+03 -0.35628464E-05  0.69999999E+00  0.10000000E+04
  0.50000000E+01  0.50000000E+00  0.00000000E+00  0.00000000E+00  0.10000000E+04  0.00000000E+00  0.12500000E+03  0.12210915E-40  0.69999999E+00  0.10000000E+04
  0.47500000E+01  0.25000000E+00  0.00000000E+00  0.00000000E+00  0.10000000E+04  0.00000000E+00  0.12500000E+03  0.48012857E-38  0.69999999E+00  0.10000000E+04
  0.50000000E+01  0.10000000E+01  0.00000000E+00  0.00000000E+00  0.10000000E+04  0.00000000E+00  0.12500000E+03  0.00000000E+00  0.69999999E+00  0.10000000E+04
  0.47500000E+01  0.75000000E+00  0.00000000E+00  0.00000000E+00  0.10000000E+04  0.00000000E+00  0.12500000E+03  0.12737803E-40  0.69999999E+00  0.10000000E+04
  0.50000000E+01  0.15000000E+01  0.00000000E+00  0.00000000E+00  0.10000000E+04  0.00000000E+00  0.12500000E+03 -0.42823681E-40  0.69999999E+00  0.10000000E+04
  0.47500000E+01  0.12500000E+01  0.00000000E+00  0.00000000E+00  0.10000000E+04  0.00000000E+00  0.12500000E+03 -0.41523276E-40  0.69999999E+00  0.10000000E+04
  0.50000000E+01  0.20000000E+01  0.00000000E+00  0.00000000E+00  0.10000000E+04  0.00000000E+00  0.12500000E+03  0.39225147E-40  0.69999999E+00  0.10000000E+04
  0.47500000E+01  0.17500000E+01  0.00000000E+00  0.00000000E+00  0.10000000E+04  0.00000000E+00  0.12500000E+03 -0.12527608E-41  0.69999999E+00  0.10000000E+04
  0.28184750E+01  0.97905791E+00  0.15305169E+00  0.25649607E+00  0.10048300E+04  0.96148906E+04  0.12576698E+03  0.12576656E+03  0.10000000E+01  0.00000000E+00
  0.92530322E+00  0.14763829E+01  0.29057217E+00  0.37003320E+00  0.10031705E+04  0.62799819E+04  0.12561582E+03  0.12561256E+03  0.10000000E+01  0.00000000E+00
  0.18501508E+01  0.11401811E+01  0.10633702E+01 -0.33217773E+00  0.10045599E+04  0.90700332E+04  0.12546356E+03  0.12546323E+03  0.10000000E+01  0.00000000E+00
  0.26676633E+01  0.14710970E+01  0.29935789E+00 -0.18397278E+00  0.10025703E+04  0.50819243E+04  0.12531018E+03  0.12531044E+03  0.10000000E+01  0.00000000E+00
  0.19174662E+01  0.14648069E+01 -0.15001142E+01 -0.54585850E+00  0.10018615E+04  0.36726294E+04  0.12515567E+03  0.12515567E+03  0.10000000E+01  0.00000000E+00
  0.25118632E+01  0.15173898E+01 -0.27973369E+00 -0.23759711E+00  0.10023451E+04  0.46335537E+04  0.12500000E+03  0.12499985E+03  0.10000000E+01  0.00000000E+00
  0.26948843E+01  0.85140979E+00  0.61875308E+00  0.29253817E+00  0.10039636E+04  0.78696455E+04  0.12576698E+03  0.12575461E+03  0.10000000E+01  0.00000000E+00
  0.82806480E+00  0.10262635E+01 -0.45081770E+00  0.46696234E+00  0.10039417E+04  0.78255796E+04  0.12561582E+03  0.12560609E+03  0.10000000E+01  0.00000000E+00
  0.77916324E+00  0.11736475E+01  0.46926904E-02  0.13224426E+00  0.10037725E+04  0.74859360E+04  0.12546356E+03  0.12546051E+03  0.10000000E+01  0.00000000E+00
  0.27559197E+01  0.79334867E+00 -0.46272653E+00 -0.62746413E-01  0.10045585E+04  0.90671484E+04  0.12531018E+03  0.12531038E+03  0.10000000E+01  0.00000000E+00
  0.10254418E+01  0.94708776E+00 -0.36470833E+00  0.52694418E-01  0.10047653E+04  0.94841885E+04  0.12515567E+03  0.12515535E+03  0.10000000E+01  0.00000000E+00
  0.71241653E+00  0.88545990E+00  0.14193141E+00 -0.20935407E+00  0.10048944E+04  0.97449199E+04  0.12500000E+03  0.12500000E+03  0.10000000E+01  0.00000000E+00
  0.16897957E+01  0.94584334E+00 -0.73552370E+00 -0.35472828E+00  0.10046030E+04  0.91568145E+04  0.12576698E+03  0.12575644E+03  0.10000000E+01  0.00000000E+00
  0.25891316E+01  0.86195517E+00 -0.13010302E+00  0.23945405E+00  0.10039666E+04  0.78756333E+04  0.12561582E+03  0.12561059E+03  0.10000000E+01  0.00000000E+00
  0.26309781E+01  0.12993842E+01  0.25236872E+00  0.10165098E+00  0.10027958E+04  0.55316133E+04  0.12546356E+03  0.12546005E+03  0.10000000E+01  0.00000000E+00
  0.12735746E+01  0.86015141E+00 -0.30945587E+00 -0.21403873E+00  0.10053120E+04  0.10589641E+05  0.12531018E+03  0.12530966E+03  0.10000000E+01  0.00000000E+00
  0.29315181E+01  0.97317147E+00  0.29847893E+00  0.40256506E+00  0.10047535E+04  0.94606055E+04  0.12515567E+03  0.12515553E+03  0.10000000E+01  0.00000000E+00
  0.98784196E+00  0.17812524E+01 -0.27315795E-01  0.13056993E+00  0.10028962E+04  0.57319346E+04  0.12500000E+03  0.12500612E+03  0.10000000E+01  0.00000000E+00
  0.10038087E+01  0.16835967E+01  0.24470592E+00  0.30161202E+00  0.10030244E+04  0.59881021E+04  0.12576698E+03  0.12576566E+03  0.10000000E+01  0.00000000E+00
  0.23562598E+01  0.94758391E+00  0.18644888E-01  0.11612263E+00  0.10039253E+04  0.77927729E+04  0.12561582E+03  0.12561228E+03  0.10000000E+01  0.00000000E+00
  0.15206213E+01  0.11333385E+01 -0.14782391E-01 -0.17370111E+00  0.10058922E+04  0.11766779E+05  0.12546356E+03  0.12546202E+03  0.10000000E+01  0.00000000E+00
  0.20683839E+01  0.10188236E+01  0.29921663E+00 -0.86281344E-01  0.10044201E+04  0.87882070E+04  0.12531018E+03  0.12530890E+03  0.10000000E+01  0.00000000E+00
  0.19246275E+01  0.17078424E+01  0.13239442E+00 -0.31767619E+00  0.10004329E+04  0.85058771E+03  0.12515567E+03  0.12515567E+03  0.10000000E+01  0.00000000E+00
  0.13177063E+01  0.88330936E+00  0.24387980E+00 -0.12857145E+00  0.10053063E+04  0.10578052E+05  0.12500000E+03  0.12500012E+03  0.10000000E+01  0.00000000E+00
  0.11996045E+01  0.17756128E+01  0.45449358E+00  0.41123284E-02  0.10026317E+04  0.52042690E+04  0.12561582E+03  0.12560780E+03  0.10000000E+01  0.00000000E+00
  0.11948558E+01  0.20015252E+01 -0.49686742E+00  0.29866385E+00  0.10020458E+04  0.40387173E+04  0.12531018E+03  0.12531004E+03  0.10000000E+01  0.00000000E+00
  0.21426208E+01  0.18222768E+01 -0.45839432E+00 -0.50050509E+00  0.10001782E+04  0.34985049E+03  0.12500000E+03  0.12500000E+03  0.10000000E+01  0.00000000E+00
