  0.00000000E+00  0.00000000E+00  0.00000000E+00  0.00000000E+00  0.10008649E+04  0.17012710E+04  0.12500000E+03  0.18223706E-02  0.69999999E+00  0.99999792E+03
  0.00000000E+00  0.50000000E+00  0.00000000E+00  0.00000000E+00  0.10012874E+04  0.25355388E+04  0.12500000E+03  0.12194689E-02  0.69999999E+00  0.99999860E+03
  0.00000000E+00  0.10000000E+01  0.00000000E+00  0.00000000E+00  0.10103567E+04  0.20962123E+05  0.12500000E+03  0.21783125E-02  0.69999999E+00  0.99999750E+03
  0.00000000E+00  0.15000000E+01  0.00000000E+00  0.00000000E+00  0.10476846E+04  0.10805662E+06  0.12500000E+03  0.84135938E-03  0.69999999E+00  0.99999896E+03
  0.00000000E+00  0.20000000E+01  0.00000000E+00  0.00000000E+00  0.10167596E+04  0.34582656E+05  0.12500000E+03 -0.54320390E-03  0.69999999E+00  0.10000006E+04
  0.00000000E+00  0.25000000E+01  0.00000000E+00  0.00000000E+00  0.10002490E+04  0.48895853E+03  0.12500000E+03  0.10363528E-03  0.69999999E+00  0.99999988E+03
  0.00000000E+00  0.30000000E+01  0.00000000E+00  0.00000000E+00  0.10000000E+04  0.00000000E+00  0.12500000E+03  0.00000000E+00  0.69999999E+00  0.10000000E+04
  0.00000000E+00  0.35000000E+01  0.00000000E+00  0.00000000E+00  0.10000000E+04  0.00000000E+00  0.12500000E+03  0.00000000E+00  0.69999999E+00  0.10000000E+04
  0.00000000E+00  0.40000000E+01  0.00000000E+00  0.00000000E+00  0.10000000E+04  0.00000000E+00  0.12500000E+03  0.00000000E+00  0.69999999E+00  0.10000000E+04
 -0.25000000E+00 -0.25000000E+00  0.00000000E+00  0.00000000E+00  0.10006414E+04  0.12607445E+04  0.12500000E+03  0.52005530E-03  0.69999999E+00  0.99999939E+03
 -0.25000000E+00  0.25000000E+00  0.00000000E+00  0.00000000E+00  0.10011429E+04  0.22502283E+04  0.12500000E+03  0.72317623E-03  0.69999999E+00  0.99999915E+03
 -0.25000000E+00  0.75000000E+00  0.00000000E+00  0.00000000E+00  0.10006598E+04  0.12971389E+04  0.12500000E+03 -0.33976256E-04  0.69999999E+00  0.10000001E+04
 -0.25000000E+00  0.12500000E+01  0.00000000E+00  0.00000000E+00  0.10030546E+04  0.60483633E+04  0.12500000E+03  0.72465726E-03  0.69999999E+00  0.99999915E+03
 -0.25000000E+00  0.17500000E+01  0.00000000E+00  0.00000000E+00  0.10013295E+04  0.26187517E+04  0.12500000E+03 -0.17145765E-03  0.69999999E+00  0.10000002E+04
 -0.25000000E+00  0.22500000E+01  0.00000000E+00  0.00000000E+00  0.10004747E+04  0.93267188E+03  0.12500000E+03 -0.77952020E-04  0.69999999E+00  0.10000001E+04
 -0.25000000E+00  0.27500000E+01  0.00000000E+00  0.00000000E+00  0.10000000E+04  0.00000000E+00  0.12500000E+03  0.00000000E+00  0.69999999E+00  0.10000000E+04
 -0.25000000E+00  0.32500000E+01  0.00000000E+00  0.00000000E+00  0.10000000E+04  0.00000000E+00  0.12500000E+03  0.00000000E+00  0.69999999E+00  0.10000000E+04
 -0.25000000E+00  0.37500000E+01  0.00000000E+00  0.00000000E+00  0.10000000E+04  0.00000000E+00  0.12500000E+03  0.00000000E+00  0.69999999E+00  0.10000000E+04
  0.80000000E+01  0.00000000E+00  0.00000000E+00  0.00000000E+00  0.10000000E+04  0.00000000E+00  0.12500000E+03  0.00000000E+00  0.69999999E+00  0.10000000E+04
  0.80000000E+01  0.50000000E+00  0.00000000E+00  0.00000000E+00  0.10000000E+04  0.00000000E+00  0.12500000E+03  0.00000000E+00  0.69999999E+00  0.10000000E+04
  0.80000000E+01  0.10000000E+01  0.00000000E+00  0.00000000E+00  0.10000000E+04  0.00000000E+00  0.12500000E+03  0.00000000E+00  0.69999999E+00  0.10000000E+04
  0.80000000E+01  0.15000000E+01  0.00000000E+00  0.00000000E+00  0.10000000E+04  0.00000000E+00  0.12500000E+03  0.00000000E+00  0.69999999E+00  0.10000000E+04
  0.80000000E+01  0.20000000E+01  0.00000000E+00  0.00000000E+00  0.10000000E+04  0.00000000E+00  0.12500000E+03  0.00000000E+00  0.69999999E+00  0.10000000E+04
  0.80000000E+01  0.25000000E+01  0.00000000E+00  0.00000000E+00  0.10000000E+04  0.00000000E+00  0.12500000E+03  0.00000000E+00  0.69999999E+00  0.10000000E+04
  0.80000000E+01  0.30000000E+01  0.00000000E+00  0.00000000E+00  0.10000000E+04  0.00000000E+00  0.12500000E+03  0.00000000E+00  0.69999999E+00  0.10000000E+04
  0.80000000E+01  0.35000000E+01  0.00000000E+00  0.00000000E+00  0.10000000E+04  0.00000000E+00  0.12500000E+03  0.00000000E+00  0.69999999E+00  0.10000000E+04
  0.80000000E+01  0.40000000E+01  0.00000000E+00  0.00000000E+00  0.10000000E+04  0.00000000E+00  0.12500000E+03  0.00000000E+00  0.69999999E+00  0.10000000E+04
  0.82500000E+01 -0.25000000E+00  0.00000000E+00  0.00000000E+00  0.10000000E+04  0.00000000E+00  0.12500000E+03  0.00000000E+00  0.69999999E+00  0.10000000E+04
  0.82500000E+01  0.25000000E+00  0.00000000E+00  0.00000000E+00  0.10000000E+04  0.00000000E+00  0.12500000E+03  0.00000000E+00  0.69999999E+00  0.10000000E+04
  0.82500000E+01  0.75000000E+00  0.00000000E+00  0.00000000E+00  0.10000000E+04  0.00000000E+00  0.12500000E+03  0.00000000E+00  0.69999999E+00  0.10000000E+04
  0.82500000E+01  0.12500000E+01  0.00000000E+00  0.00000000E+00  0.10000000E+04  0.00000000E+00  0.12500000E+03  0.00000000E+00  0.69999999E+00  0.10000000E+04
  0.82500000E+01  0.17500000E+01  0.00000000E+00  0.00000000E+00  0.10000000E+04  0.00000000E+00  0.12500000E+03  0.00000000E+00  0.69999999E+00  0.10000000E+04
  0.82500000E+01  0.22500000E+01  0.00000000E+00  0.00000000E+00  0.10000000E+04  0.00000000E+00  0.12500000E+03  0.00000000E+00  0.69999999E+00  0.10000000E+04
  0.82500000E+01  0.27500000E+01  0.00000000E+00  0.00000000E+00  0.10000000E+04  0.00000000E+00  0.12500000E+03  0.00000000E+00  0.69999999E+00  0.10000000E+04
  0.82500000E+01  0.32500000E+01  0.00000000E+00  0.00000000E+00  0.10000000E+04  0.00000000E+00  0.12500000E+03  0.00000000E+00  0.69999999E+00  0.10000000E+04
  0.82500000E+01  0.37500000E+01  0.00000000E+00  0.00000000E+00  0.10000000E+04  0.00000000E+00  0.12500000E+03  0.00000000E+00  0.69999999E+00  0.10000000E+04
  0.50000000E+00  0.00000000E+00  0.00000000E+00  0.00000000E+00  0.10145970E+04  0.29924545E+05  0.12500000E+03  0.86704399E-02  0.69999999E+00  0.99998993E+03
  0.10000000E+01  0.00000000E+00  0.00000000E+00  0.00000000E+00  0.10174542E+04  0.36091535E+05  0.12500000E+03  0.32509486E-02  0.69999999E+00  0.99999622E+03
  0.15000000E+01  0.00000000E+00  0.00000000E+00  0.00000000E+00  0.10661343E+04  0.15853233E+06  0.12500000E+03  0.15305891E-01  0.69999999E+00  0.99998138E+03
  0.20000000E+01  0.00000000E+00  0.00000000E+00  0.00000000E+00  0.11527471E+04  0.47783622E+06  0.12500000E+03  0.17027309E-01  0.69999999E+00  0.99997754E+03
  0.25000000E+01  0.00000000E+00  0.00000000E+00  0.00000000E+00  0.10103802E+04  0.21011389E+05  0.12500000E+03  0.11165461E-02  0.69999999E+00  0.99999872E+03
  0.30000000E+01  0.00000000E+00  0.00000000E+00  0.00000000E+00  0.98986865E+03 -0.19283660E+05  0.12500000E+03  0.31881740E-02  0.69999999E+00  0.99999640E+03
  0.35000000E+01  0.00000000E+00  0.00000000E+00  0.00000000E+00  0.99984204E+03 -0.30975562E+03  0.12500000E+03  0.13070002E-02  0.69999999E+00  0.99999854E+03
  0.40000000E+01  0.00000000E+00  0.00000000E+00  0.00000000E+00  0.10000131E+04  0.25728762E+02  0.12500000E+03 -0.50405528E-04  0.69999999E+00  0.10000001E+04
  0.45000000E+01  0.00000000E+00  0.00000000E+00  0.00000000E+00  0.10000000E+04  0.00000000E+00  0.12500000E+03  0.00000000E+00  0.69999999E+00  0.10000000E+04
  0.50000000E+01  0.00000000E+00  0.00000000E+00  0.00000000E+00  0.10000000E+04  0.00000000E+00  0.12500000E+03  0.00000000E+00  0.69999999E+00  0.10000000E+04
  0.55000000E+01  0.00000000E+00  0.00000000E+00  0.00000000E+00  0.10000000E+04  0.00000000E+00  0.12500000E+03  0.00000000E+00  0.69999999E+00  0.10000000E+04
  0.60000000E+01  0.00000000E+00  0.00000000E+00  0.00000000E+00  0.10000000E+04  0.00000000E+00  0.12500000E+03  0.00000000E+00  0.69999999E+00  0.10000000E+04
  0.65000000E+01  0.00000000E+00  0.00000000E+00  0.00000000E+00  0.10000000E+04  0.00000000E+00  0.12500000E+03  0.00000000E+00  0.69999999E+00  0.10000000E+04
  0.70000000E+01  0.00000000E+00  0.00000000E+00  0.00000000E+00  0.10000000E+04  0.00000000E+00  0.12500000E+03  0.00000000E+00  0.69999999E+00  0.10000000E+04
  0.75000000E+01  0.00000000E+00  0.00000000E+00  0.00000000E+00  0.10000000E+04  0.00000000E+00  0.12500000E+03  0.00000000E+00  0.69999999E+00  0.10000000E+04
  0.25000000E+00 -0.25000000E+00  0.00000000E+00  0.00000000E+00  0.10052322E+04  0.10428154E+05  0.12500000E+03  0.27088579E-02  0.69999999E+00  0.99999689E+03
  0.75000000E+00 -0.25000000E+00  0.00000000E+00  0.00000000E+00  0.10213539E+04  0.44677758E+05  0.12500000E+03  0.66311401E-02  0.69999999E+00  0.99999225E+03
  0.12500000E+01 -0.25000000E+00  0.00000000E+00  0.00000000E+00  0.10117767E+04  0.23938402E+05  0.12500000E+03  0.53113503E-02  0.69999999E+00  0.99999384E+03
  0.17500000E+01 -0.25000000E+00  0.00000000E+00  0.00000000E+00  0.10177446E+04  0.36724160E+05  0.12500000E+03  0.81360582E-02  0.69999999E+00  0.99999054E+03
  0.22500000E+01 -0.25000000E+00  0.00000000E+00  0.00000000E+00  0.10002784E+04  0.54682050E+03  0.12500000E+03  0.71822032E-02  0.69999999E+00  0.99999176E+03
  0.27500000E+01 -0.25000000E+00  0.00000000E+00  0.00000000E+00  0.99905420E+03 -0.18504154E+04  0.12500000E+03  0.11699533E-02  0.69999999E+00  0.99999866E+03
  0.32500000E+01 -0.25000000E+00  0.00000000E+00  0.00000000E+00  0.99993652E+03 -0.12452198E+03  0.12500000E+03  0.14466173E-02  0.69999999E+00  0.99999835E+03
  0.37500000E+01 -0.25000000E+00  0.00000000E+00  0.00000000E+00  0.10000071E+04  0.13799721E+02  0.12500000E+03 -0.13200220E-03  0.69999999E+00  0.10000001E+04
  0.42500000E+01 -0.25000000E+00  0.00000000E+00  0.00000000E+00  0.10000000E+04  0.00000000E+00  0.12500000E+03 -0.39121451E-40  0.69999999E+00  0.10000000E+04
  0.47500000E+01 -0.25000000E+00  0.00000000E+00  0.00000000E+00  0.10000000E+04  0.00000000E+00  0.12500000E+03 -0.00000000E+00  0.69999999E+00  0.10000000E+04
  0.52500000E+01 -0.25000000E+00  0.00000000E+00  0.00000000E+00  0.10000000E+04  0.00000000E+00  0.12500000E+03  0.00000000E+00  0.69999999E+00  0.10000000E+04
  0.57500000E+01 -0.25000000E+00  0.00000000E+00  0.00000000E+00  0.10000000E+04  0.00000000E+00  0.12500000E+03  0.00000000E+00  0.69999999E+00  0.10000000E+04
  0.62500000E+01 -0.25000000E+00  0.00000000E+00  0.00000000E+00  0.10000000E+04  0.00000000E+00  0.12500000E+03  0.00000000E+00  0.69999999E+00  0.10000000E+04
  0.67500000E+01 -0.25000000E+00  0.00000000E+00  0.00000000E+00  0.10000000E+04  0.00000000E+00  0.12500000E+03  0.00000000E+00  0.69999999E+00  0.10000000E+04
  0.72500000E+01 -0.25000000E+00  0.00000000E+00  0.00000000E+00  0.10000000E+04  0.00000000E+00  0.12500000E+03  0.00000000E+00  0.69999999E+00  0.10000000E+04
  0.77500000E+01 -0.25000000E+00  0.00000000E+00  0.00000000E+00  0.10000000E+04  0.00000000E+00  0.12500000E+03  0.00000000E+00  0.69999999E+00  0.10000000E+04
  0.40000000E+01  0.50000000E+00  0.00000000E+00  0.00000000E+00  0.10005299E+04  0.10412891E+04  0.12500000E+03 -0.15232012E-03  0.69999999E+00  0.10000002E+04
  0.37500000E+01  0.25000000E+00  0.00000000E+00  0.00000000E+00  0.10018962E+04  0.37416985E+04  0.12500000E+03 -0.59606408E-03  0.69999999E+00  0.10000007E+04
  0.40000000E+01  0.10000000E+01  0.00000000E+00  0.00000000E+00  0.10009537E+04  0.18767061E+04  0.12500000E+03 -0.73795391E-05  0.69999999E+00  0.10000000E+04
  0.37500000E+01  0.75000000E+00  0.00000000E+00  0.00000000E+00  0.10151438E+04  0.31096488E+05  0.12500000E+03  0.47888490E-03  0.69999999E+00  0.99999945E+03
  0.40000000E+01  0.15000000E+01  0.00000000E+00  0.00000000E+00  0.10054271E+04  0.10822955E+05  0.12500000E+03  0.19962489E-03  0.69999999E+00  0.99999976E+03
  0.37500000E+01  0.12500000E+01  0.00000000E+00  0.00000000E+00  0.10354365E+04  0.77370102E+05  0.12500000E+03  0.50944870E-03  0.69999999E+00  0.99999939E+03
  0.40000000E+01  0.20000000E+01  0.00000000E+00  0.00000000E+00  0.10015352E+04  0.30259253E+04  0.12500000E+03  0.57381134E-04  0.69999999E+00  0.99999994E+03
  0.37500000E+01  0.17500000E+01  0.00000000E+00  0.00000000E+00  0.10512245E+04  0.11733518E+06  0.12500000E+03  0.63252618E-03  0.69999999E+00  0.99999927E+03
  0.45000000E+01  0.50000000E+00  0.00000000E+00  0.00000000E+00  0.10000000E+04  0.00000000E+00  0.12500000E+03  0.00000000E+00  0.69999999E+00  0.10000000E+04
  0.42500000E+01  0.25000000E+00  0.00000000E+00  0.00000000E+00  0.10000018E+04  0.35083482E+01  0.12500000E+03 -0.74084828E-05  0.69999999E+00  0.10000000E+04
  0.45000000E+01  0.10000000E+01  0.00000000E+00  0.00000000E+00  0.10000000E+04  0.00000000E+00  0.12500000E+03  0.00000000E+00  0.69999999E+00  0.10000000E+04
  0.42500000E+01  0.75000000E+00  0.00000000E+00  0.00000000E+00  0.10000934E+04  0.18318608E+03  0.12500000E+03 -0.62608265E-05  0.69999999E+00  0.10000000E+04
  0.45000000E+01  0.15000000E+01  0.00000000E+00  0.00000000E+00  0.10000000E+04  0.00000000E+00  0.12500000E+03  0.00000000E+00  0.69999999E+00  0.10000000E+04
  0.42500000E+01  0.12500000E+01  0.00000000E+00  0.00000000E+00  0.10000060E+04  0.11694640E+02  0.12500000E+03  0.10314341E-04  0.69999999E+00  0.10000000E+04
  0.45000000E+01  0.20000000E+01  0.00000000E+00  0.00000000E+00  0.10000000E+04  0.00000000E+00  0.12500000E+03  0.00000000E+00  0.69999999E+00  0.10000000E+04
  0.42500000E+01  0.17500000E+01  0.00000000E+00  0.00000000E+00  0.10000004E+04  0.70166665E+00  0.12500000E+03  0.13043159E-05  0.69999999E+00  0.10000000E+04
  0.50000000E+01  0.50000000E+00  0.00000000E+00  0.00000000E+00  0.10000000E+04  0.00000000E+00  0.12500000E+03  0.00000000E+00  0.69999999E+00  0.10000000E+04
  0.47500000E+01  0.25000000E+00  0.00000000E+00  0.00000000E+00  0.10000000E+04  0.00000000E+00  0.12500000E+03  0.00000000E+00  0.69999999E+00  0.10000000E+04
  0.50000000E+01  0.10000000E+01  0.00000000E+00  0.00000000E+00  0.10000000E+04  0.00000000E+00  0.12500000E+03  0.00000000E+00  0.69999999E+00  0.10000000E+04
  0.47500000E+01  0.75000000E+00  0.00000000E+00  0.00000000E+00  0.10000000E+04  0.00000000E+00  0.12500000E+03  0.00000000E+00  0.69999999E+00  0.10000000E+04
  0.50000000E+01  0.15000000E+01  0.00000000E+00  0.00000000E+00  0.10000000E+04  0.00000000E+00  0.12500000E+03  0.00000000E+00  0.69999999E+00  0.10000000E+04
  0.47500000E+01  0.12500000E+01  0.00000000E+00  0.00000000E+00  0.10000000E+04  0.00000000E+00  0.12500000E+03  0.00000000E+00  0.69999999E+00  0.10000000E+04
  0.50000000E+01  0.20000000E+01  0.00000000E+00  0.00000000E+00  0.10000000E+04  0.00000000E+00  0.12500000E+03  0.00000000E+00  0.69999999E+00  0.10000000E+04
  0.47500000E+01  0.17500000E+01  0.00000000E+00  0.00000000E+00  0.10000000E+04  0.00000000E+00  0.12500000E+03  0.00000000E+00  0.69999999E+00  0.10000000E+04
  0.21120870E+01  0.14226344E+01  0.31432247E+01  0.46579313E+00  0.10139194E+04  0.28477256E+05  0.12576698E+03  0.12576674E+03  0.10000000E+01  0.00000000E+00
  0.11763731E+01  0.96529567E+00  0.18163404E+01 -0.74907327E+00  0.10019961E+04  0.39397603E+04  0.12561582E+03  0.12561256E+03  0.10000000E+01  0.00000000E+00
  0.12539760E+01  0.84107459E+00  0.22837319E+01  0.51047027E-01  0.10222158E+04  0.46602465E+05  0.12546356E+03  0.12546333E+03  0.10000000E+01  0.00000000E+00
  0.99052697E+00  0.14826955E+01 -0.34801349E-01  0.68571609E-02  0.10042565E+04  0.84586279E+04  0.12531018E+03  0.12531018E+03  0.10000000E+01  0.00000000E+00
  0.91970110E+00  0.14001720E+01  0.14585261E+00 -0.11924489E+01  0.10124405E+04  0.25338219E+05  0.12515567E+03  0.12515567E+03  0.10000000E+01  0.00000000E+00
  0.26036325E+01  0.19253383E+01  0.11937175E+01  0.28102298E+01  0.98562726E+03 -0.27012170E+05  0.12500000E+03  0.12500000E+03  0.10000000E+01  0.00000000E+00
  0.24137878E+01  0.14455500E+01  0.51093941E+01  0.39199419E+01  0.99374146E+03 -0.12051108E+05  0.12576698E+03  0.12575494E+03  0.10000000E+01  0.00000000E+00
  0.12593249E+01  0.10319793E+01  0.13796010E+01 -0.58167773E+00  0.98365900E+03 -0.30531482E+05  0.12561582E+03  0.12560624E+03  0.10000000E+01  0.00000000E+00
  0.15474198E+01  0.11336398E+01  0.12548521E+01  0.19023285E+01  0.97905688E+03 -0.38596941E+05  0.12546356E+03  0.12546037E+03  0.10000000E+01  0.00000000E+00
  0.13227327E+01  0.83386385E+00  0.32799315E+01  0.61440301E+00  0.10202304E+04  0.42183918E+05  0.12531018E+03  0.12531038E+03  0.10000000E+01  0.00000000E+00
  0.14335256E+01  0.15208207E+01  0.58498818E+00  0.16442209E+01  0.99332507E+03 -0.12836891E+05  0.12515567E+03  0.12515567E+03  0.10000000E+01  0.00000000E+00
  0.84993422E+00  0.15575347E+01  0.71099699E+00 -0.22599322E+00  0.10171082E+04  0.35339043E+05  0.12500000E+03  0.12500000E+03  0.10000000E+01  0.00000000E+00
  0.22377274E+01  0.14434409E+01  0.28374503E+01  0.56817398E+01  0.95139667E+03 -0.82528531E+05  0.12576698E+03  0.12575644E+03  0.10000000E+01  0.00000000E+00
  0.23863447E+01  0.12074863E+01 -0.12575209E+00  0.41340294E+01  0.10622251E+04  0.14739227E+06  0.12561582E+03  0.12561089E+03  0.10000000E+01  0.00000000E+00
  0.25517592E+01  0.88427770E+00 -0.18523395E+01  0.27321749E+01  0.99473376E+03 -0.10170567E+05  0.12546356E+03  0.12546005E+03  0.10000000E+01  0.00000000E+00
  0.24980204E+01  0.97006512E+00  0.12817707E+01  0.29355490E+01  0.99424194E+03 -0.11104000E+05  0.12531018E+03  0.12531018E+03  0.10000000E+01  0.00000000E+00
  0.27186103E+01  0.72453928E+00 -0.25120902E+01  0.18878965E+01  0.10190970E+04  0.39684750E+05  0.12515567E+03  0.12515559E+03  0.10000000E+01  0.00000000E+00
  0.23521655E+01  0.18987379E+01  0.15169561E+00  0.20580335E+01  0.97657373E+03 -0.42855410E+05  0.12500000E+03  0.12500000E+03  0.10000000E+01  0.00000000E+00
  0.15822062E+01  0.13088956E+01 -0.14298539E+01  0.26116896E+01  0.97281134E+03 -0.49184973E+05  0.12576698E+03  0.12576566E+03  0.10000000E+01  0.00000000E+00
  0.21830397E+01  0.12415338E+01  0.26832111E+01  0.42574434E+01  0.95789624E+03 -0.72875461E+05  0.12561582E+03  0.12561221E+03  0.10000000E+01  0.00000000E+00
  0.28766165E+01  0.88630223E+00 -0.12956283E+01 -0.14394124E+01  0.10022628E+04  0.44699268E+04  0.12546356E+03  0.12546202E+03  0.10000000E+01  0.00000000E+00
  0.28232875E+01  0.99283457E+00 -0.56527185E+00 -0.13302034E+01  0.10058455E+04  0.11672061E+05  0.12531018E+03  0.12530890E+03  0.10000000E+01  0.00000000E+00
  0.26906371E+01  0.20103204E+01  0.39825207E+00  0.22836523E+01  0.99338385E+03 -0.12726105E+05  0.12515567E+03  0.12515567E+03  0.10000000E+01  0.00000000E+00
  0.30107760E+01  0.14837565E+01 -0.16043550E+00  0.18593539E+00  0.10065466E+04  0.13099496E+05  0.12500000E+03  0.12500012E+03  0.10000000E+01  0.00000000E+00
  0.15715806E+01  0.16803827E+01  0.56074160E+00  0.63025963E+00  0.95358008E+03 -0.79329633E+05  0.12561582E+03  0.12561399E+03  0.10000000E+01  0.00000000E+00
  0.29277120E+01  0.17873420E+01 -0.62895313E-01  0.18890653E+01  0.99654437E+03 -0.67100796E+04  0.12531018E+03  0.12531004E+03  0.10000000E+01  0.00000000E+00
  0.16155589E+01  0.20062878E+01 -0.87782729E+00  0.18021815E+01  0.96583447E+03 -0.60540230E+05  0.12500000E+03  0.12500000E+03  0.10000000E+01  0.00000000E+00
