  0.00000000E+00  0.00000000E+00  0.00000000E+00  0.00000000E+00  0.10010070E+04  0.19816355E+04  0.12500000E+03  0.17707716E-02  0.69999999E+00  0.99999799E+03
  0.00000000E+00  0.50000000E+00  0.00000000E+00  0.00000000E+00  0.10067196E+04  0.13452601E+05  0.12500000E+03  0.10804415E-02  0.69999999E+00  0.99999878E+03
  0.00000000E+00  0.10000000E+01  0.00000000E+00  0.00000000E+00  0.10212244E+04  0.44389535E+05  0.12500000E+03  0.20274611E-02  0.69999999E+00  0.99999762E+03
  0.00000000E+00  0.15000000E+01  0.00000000E+00  0.00000000E+00  0.10511326E+04  0.11709189E+06  0.12500000E+03  0.74689451E-03  0.69999999E+00  0.99999908E+03
  0.00000000E+00  0.20000000E+01  0.00000000E+00  0.00000000E+00  0.10094686E+04  0.19113662E+05  0.12500000E+03 -0.42932181E-03  0.69999999E+00  0.10000005E+04
  0.00000000E+00  0.25000000E+01  0.00000000E+00  0.00000000E+00  0.10002466E+04  0.48403955E+03  0.12500000E+03  0.71152863E-04  0.69999999E+00  0.99999994E+03
  0.00000000E+00  0.30000000E+01  0.00000000E+00  0.00000000E+00  0.10000000E+04  0.00000000E+00  0.12500000E+03  0.00000000E+00  0.69999999E+00  0.10000000E+04
  0.00000000E+00  0.35000000E+01  0.00000000E+00  0.00000000E+00  0.10000000E+04  0.00000000E+00  0.12500000E+03  0.00000000E+00  0.69999999E+00  0.10000000E+04
  0.00000000E+00  0.40000000E+01  0.00000000E+00  0.00000000E+00  0.10000000E+04  0.00000000E+00  0.12500000E+03  0.00000000E+00  0.69999999E+00  0.10000000E+04
 -0.25000000E+00 -0.25000000E+00  0.00000000E+00  0.00000000E+00  0.10006414E+04  0.12607445E+04  0.12500000E+03  0.52005530E-03  0.69999999E+00  0.99999939E+03
 -0.25000000E+00  0.25000000E+00  0.00000000E+00  0.00000000E+00  0.10012188E+04  0.24000386E+04  0.12500000E+03  0.70372497E-03  0.69999999E+00  0.99999921E+03
 -0.25000000E+00  0.75000000E+00  0.00000000E+00  0.00000000E+00  0.10082301E+04  0.16551635E+05  0.12500000E+03 -0.48429334E-04  0.69999999E+00  0.10000001E+04
 -0.25000000E+00  0.12500000E+01  0.00000000E+00  0.00000000E+00  0.10070748E+04  0.14178935E+05  0.12500000E+03  0.65715617E-03  0.69999999E+00  0.99999927E+03
 -0.25000000E+00  0.17500000E+01  0.00000000E+00  0.00000000E+00  0.10002734E+04  0.53698090E+03  0.12500000E+03 -0.13467134E-03  0.69999999E+00  0.10000002E+04
 -0.25000000E+00  0.22500000E+01  0.00000000E+00  0.00000000E+00  0.10004730E+04  0.92938812E+03  0.12500000E+03 -0.62706749E-04  0.69999999E+00  0.10000001E+04
 -0.25000000E+00  0.27500000E+01  0.00000000E+00  0.00000000E+00  0.10000000E+04  0.00000000E+00  0.12500000E+03  0.00000000E+00  0.69999999E+00  0.10000000E+04
 -0.25000000E+00  0.32500000E+01  0.00000000E+00  0.00000000E+00  0.10000000E+04  0.00000000E+00  0.12500000E+03  0.00000000E+00  0.69999999E+00  0.10000000E+04
 -0.25000000E+00  0.37500000E+01  0.00000000E+00  0.00000000E+00  0.10000000E+04  0.00000000E+00  0.12500000E+03  0.00000000E+00  0.69999999E+00  0.10000000E+04
  0.80000000E+01  0.00000000E+00  0.00000000E+00  0.00000000E+00  0.10000000E+04  0.00000000E+00  0.12500000E+03  0.00000000E+00  0.69999999E+00  0.10000000E+04
  0.80000000E+01  0.50000000E+00  0.00000000E+00  0.00000000E+00  0.10000000E+04  0.00000000E+00  0.12500000E+03  0.00000000E+00  0.69999999E+00  0.10000000E+04
  0.80000000E+01  0.10000000E+01  0.00000000E+00  0.00000000E+00  0.10000000E+04  0.00000000E+00  0.12500000E+03  0.00000000E+00  0.69999999E+00  0.10000000E+04
  0.80000000E+01  0.15000000E+01  0.00000000E+00  0.00000000E+00  0.10000000E+04  0.00000000E+00  0.12500000E+03  0.00000000E+00  0.69999999E+00  0.10000000E+04
  0.80000000E+01  0.20000000E+01  0.00000000E+00  0.00000000E+00  0.10000000E+04  0.00000000E+00  0.12500000E+03  0.00000000E+00  0.69999999E+00  0.10000000E+04
  0.80000000E+01  0.25000000E+01  0.00000000E+00  0.00000000E+00  0.10000000E+04  0.00000000E+00  0.12500000E+03  0.00000000E+00  0.69999999E+00  0.10000000E+04
  0.80000000E+01  0.30000000E+01  0.00000000E+00  0.00000000E+00  0.10000000E+04  0.00000000E+00  0.12500000E+03  0.00000000E+00  0.69999999E+00  0.10000000E+04
  0.80000000E+01  0.35000000E+01  0.00000000E+00  0.00000000E+00  0.10000000E+04  0.00000000E+00  0.12500000E+03  0.00000000E+00  0.69999999E+00  0.10000000E+04
  0.80000000E+01  0.40000000E+01  0.00000000E+00  0.00000000E+00  0.10000000E+04  0.00000000E+00  0.12500000E+03  0.00000000E+00  0.69999999E+00  0.10000000E+04
  0.82500000E+01 -0.25000000E+00  0.00000000E+00  0.00000000E+00  0.10000000E+04  0.00000000E+00  0.12500000E+03  0.00000000E+00  0.69999999E+00  0.10000000E+04
  0.82500000E+01  0.25000000E+00  0.00000000E+00  0.00000000E+00  0.10000000E+04  0.00000000E+00  0.12500000E+03  0.00000000E+00  0.69999999E+00  0.10000000E+04
  0.82500000E+01  0.75000000E+00  0.00000000E+00  0.00000000E+00  0.10000000E+04  0.00000000E+00  0.12500000E+03  0.00000000E+00  0.69999999E+00  0.10000000E+04
  0.82500000E+01  0.12500000E+01  0.00000000E+00  0.00000000E+00  0.10000000E+04  0.00000000E+00  0.12500000E+03  0.00000000E+00  0.69999999E+00  0.10000000E+04
  0.82500000E+01  0.17500000E+01  0.00000000E+00  0.00000000E+00  0.10000000E+04  0.00000000E+00  0.12500000E+03  0.00000000E+00  0.69999999E+00  0.10000000E+04
  0.82500000E+01  0.22500000E+01  0.00000000E+00  0.00000000E+00  0.10000000E+04  0.00000000E+00  0.12500000E+03  0.00000000E+00  0.69999999E+00  0.10000000E+04
  0.82500000E+01  0.27500000E+01  0.00000000E+00  0.00000000E+00  0.10000000E+04  0.00000000E+00  0.12500000E+03  0.00000000E+00  0.69999999E+00  0.10000000E+04
  0.82500000E+01  0.32500000E+01  0.00000000E+00  0.00000000E+00  0.10000000E+04  0.00000000E+00  0.12500000E+03  0.00000000E+00  0.69999999E+00  0.10000000E+04
  0.82500000E+01  0.37500000E+01  0.00000000E+00  0.00000000E+00  0.10000000E+04  0.00000000E+00  0.12500000E+03  0.00000000E+00  0.69999999E+00  0.10000000E+04
  0.50000000E+00  0.00000000E+00  0.00000000E+00  0.00000000E+00  0.10373711E+04  0.82073914E+05  0.12500000E+03  0.83619971E-02  0.69999999E+00  0.99999011E+03
  0.10000000E+01  0.00000000E+00  0.00000000E+00  0.00000000E+00  0.10173104E+04  0.35778480E+05  0.12500000E+03  0.28920239E-02  0.69999999E+00  0.99999664E+03
  0.15000000E+01  0.00000000E+00  0.00000000E+00  0.00000000E+00  0.10265668E+04  0.56467152E+05  0.12500000E+03  0.14350292E-01  0.69999999E+00  0.99998309E+03
  0.20000000E+01  0.00000000E+00  0.00000000E+00  0.00000000E+00  0.10184895E+04  0.38351719E+05  0.12500000E+03  0.15643204E-01  0.69999999E+00  0.99998181E+03
  0.25000000E+01  0.00000000E+00  0.00000000E+00  0.00000000E+00  0.10003058E+04  0.60047491E+03  0.12500000E+03  0.78026950E-03  0.69999999E+00  0.99999908E+03
  0.30000000E+01  0.00000000E+00  0.00000000E+00  0.00000000E+00  0.10214454E+04  0.44881719E+05  0.12500000E+03  0.26526910E-02  0.69999999E+00  0.99999689E+03
  0.35000000E+01  0.00000000E+00  0.00000000E+00  0.00000000E+00  0.10194705E+04  0.40506238E+05  0.12500000E+03  0.10681495E-02  0.69999999E+00  0.99999878E+03
  0.40000000E+01  0.00000000E+00  0.00000000E+00  0.00000000E+00  0.10000131E+04  0.25728762E+02  0.12500000E+03 -0.46524627E-04  0.69999999E+00  0.10000001E+04
  0.45000000E+01  0.00000000E+00  0.00000000E+00  0.00000000E+00  0.10000000E+04  0.00000000E+00  0.12500000E+03  0.00000000E+00  0.69999999E+00  0.10000000E+04
  0.50000000E+01  0.00000000E+00  0.00000000E+00  0.00000000E+00  0.10000000E+04  0.00000000E+00  0.12500000E+03  0.00000000E+00  0.69999999E+00  0.10000000E+04
  0.55000000E+01  0.00000000E+00  0.00000000E+00  0.00000000E+00  0.10000000E+04  0.00000000E+00  0.12500000E+03  0.00000000E+00  0.69999999E+00  0.10000000E+04
  0.60000000E+01  0.00000000E+00  0.00000000E+00  0.00000000E+00  0.10000000E+04  0.00000000E+00  0.12500000E+03  0.00000000E+00  0.69999999E+00  0.10000000E+04
  0.65000000E+01  0.00000000E+00  0.00000000E+00  0.00000000E+00  0.10000000E+04  0.00000000E+00  0.12500000E+03  0.00000000E+00  0.69999999E+00  0.10000000E+04
  0.70000000E+01  0.00000000E+00  0.00000000E+00  0.00000000E+00  0.10000000E+04  0.00000000E+00  0.12500000E+03  0.00000000E+00  0.69999999E+00  0.10000000E+04
  0.75000000E+01  0.00000000E+00  0.00000000E+00  0.00000000E+00  0.10000000E+04  0.00000000E+00  0.12500000E+03  0.00000000E+00  0.69999999E+00  0.10000000E+04
  0.25000000E+00 -0.25000000E+00  0.00000000E+00  0.00000000E+00  0.10052321E+04  0.10427913E+05  0.12500000E+03  0.26624613E-02  0.69999999E+00  0.99999695E+03
  0.75000000E+00 -0.25000000E+00  0.00000000E+00  0.00000000E+00  0.10317507E+04  0.68552703E+05  0.12500000E+03  0.63599884E-02  0.69999999E+00  0.99999249E+03
  0.12500000E+01 -0.25000000E+00  0.00000000E+00  0.00000000E+00  0.10185598E+04  0.38505781E+05  0.12500000E+03  0.49663773E-02  0.69999999E+00  0.99999420E+03
  0.17500000E+01 -0.25000000E+00  0.00000000E+00  0.00000000E+00  0.98852234E+03 -0.21758412E+05  0.12500000E+03  0.75432044E-02  0.69999999E+00  0.99999146E+03
  0.22500000E+01 -0.25000000E+00  0.00000000E+00  0.00000000E+00  0.10000729E+04  0.14293718E+03  0.12500000E+03  0.65358337E-02  0.69999999E+00  0.99999255E+03
  0.27500000E+01 -0.25000000E+00  0.00000000E+00  0.00000000E+00  0.10053201E+04  0.10606060E+05  0.12500000E+03  0.88893611E-03  0.69999999E+00  0.99999896E+03
  0.32500000E+01 -0.25000000E+00  0.00000000E+00  0.00000000E+00  0.10029491E+04  0.58376157E+04  0.12500000E+03  0.12145832E-02  0.69999999E+00  0.99999860E+03
  0.37500000E+01 -0.25000000E+00  0.00000000E+00  0.00000000E+00  0.10000004E+04  0.70166665E+00  0.12500000E+03 -0.94595678E-04  0.69999999E+00  0.10000001E+04
  0.42500000E+01 -0.25000000E+00  0.00000000E+00  0.00000000E+00  0.10000000E+04  0.00000000E+00  0.12500000E+03 -0.89963361E-41  0.69999999E+00  0.10000000E+04
  0.47500000E+01 -0.25000000E+00  0.00000000E+00  0.00000000E+00  0.10000000E+04  0.00000000E+00  0.12500000E+03 -0.00000000E+00  0.69999999E+00  0.10000000E+04
  0.52500000E+01 -0.25000000E+00  0.00000000E+00  0.00000000E+00  0.10000000E+04  0.00000000E+00  0.12500000E+03  0.00000000E+00  0.69999999E+00  0.10000000E+04
  0.57500000E+01 -0.25000000E+00  0.00000000E+00  0.00000000E+00  0.10000000E+04  0.00000000E+00  0.12500000E+03  0.00000000E+00  0.69999999E+00  0.10000000E+04
  0.62500000E+01 -0.25000000E+00  0.00000000E+00  0.00000000E+00  0.10000000E+04  0.00000000E+00  0.12500000E+03  0.00000000E+00  0.69999999E+00  0.10000000E+04
  0.67500000E+01 -0.25000000E+00  0.00000000E+00  0.00000000E+00  0.10000000E+04  0.00000000E+00  0.12500000E+03  0.00000000E+00  0.69999999E+00  0.10000000E+04
  0.72500000E+01 -0.25000000E+00  0.00000000E+00  0.00000000E+00  0.10000000E+04  0.00000000E+00  0.12500000E+03  0.00000000E+00  0.69999999E+00  0.10000000E+04
  0.77500000E+01 -0.25000000E+00  0.00000000E+00  0.00000000E+00  0.10000000E+04  0.00000000E+00  0.12500000E+03  0.00000000E+00  0.69999999E+00  0.10000000E+04
  0.40000000E+01  0.50000000E+00  0.00000000E+00  0.00000000E+00  0.10023718E+04  0.46866904E+04  0.12500000E+03 -0.11641646E-03  0.69999999E+00  0.10000001E+04
  0.37500000E+01  0.25000000E+00  0.00000000E+00  0.00000000E+00  0.10195612E+04  0.40706113E+05  0.12500000E+03 -0.47320832E-03  0.69999999E+00  0.10000005E+04
  0.40000000E+01  0.10000000E+01  0.00000000E+00  0.00000000E+00  0.10022753E+04  0.44945840E+04  0.12500000E+03 -0.12508297E-04  0.69999999E+00  0.10000000E+04
  0.37500000E+01  0.75000000E+00  0.00000000E+00  0.00000000E+00  0.10609227E+04  0.14373520E+06  0.12500000E+03  0.40381699E-03  0.69999999E+00  0.99999951E+03
  0.40000000E+01  0.15000000E+01  0.00000000E+00  0.00000000E+00  0.10005011E+04  0.98474738E+03  0.12500000E+03  0.16942702E-03  0.69999999E+00  0.99999982E+03
  0.37500000E+01  0.12500000E+01  0.00000000E+00  0.00000000E+00  0.10254602E+04  0.53934535E+05  0.12500000E+03  0.45140632E-03  0.69999999E+00  0.99999945E+03
  0.40000000E+01  0.20000000E+01  0.00000000E+00  0.00000000E+00  0.10000315E+04  0.61752430E+02  0.12500000E+03  0.31563177E-04  0.69999999E+00  0.99999994E+03
  0.37500000E+01  0.17500000E+01  0.00000000E+00  0.00000000E+00  0.10097079E+04  0.19610736E+05  0.12500000E+03  0.51002397E-03  0.69999999E+00  0.99999939E+03
  0.45000000E+01  0.50000000E+00  0.00000000E+00  0.00000000E+00  0.10000000E+04  0.00000000E+00  0.12500000E+03  0.00000000E+00  0.69999999E+00  0.10000000E+04
  0.42500000E+01  0.25000000E+00  0.00000000E+00  0.00000000E+00  0.10000018E+04  0.35083482E+01  0.12500000E+03 -0.74084828E-05  0.69999999E+00  0.10000000E+04
  0.45000000E+01  0.10000000E+01  0.00000000E+00  0.00000000E+00  0.10000000E+04  0.00000000E+00  0.12500000E+03  0.00000000E+00  0.69999999E+00  0.10000000E+04
  0.42500000E+01  0.75000000E+00  0.00000000E+00  0.00000000E+00  0.10000934E+04  0.18318608E+03  0.12500000E+03 -0.61167807E-05  0.69999999E+00  0.10000000E+04
  0.45000000E+01  0.15000000E+01  0.00000000E+00  0.00000000E+00  0.10000000E+04  0.00000000E+00  0.12500000E+03  0.00000000E+00  0.69999999E+00  0.10000000E+04
  0.42500000E+01  0.12500000E+01  0.00000000E+00  0.00000000E+00  0.10000045E+04  0.88878889E+01  0.12500000E+03  0.12300108E-04  0.69999999E+00  0.10000000E+04
  0.45000000E+01  0.20000000E+01  0.00000000E+00  0.00000000E+00  0.10000000E+04  0.00000000E+00  0.12500000E+03  0.00000000E+00  0.69999999E+00  0.10000000E+04
  0.42500000E+01  0.17500000E+01  0.00000000E+00  0.00000000E+00  0.10000000E+04  0.00000000E+00  0.12500000E+03  0.00000000E+00  0.69999999E+00  0.10000000E+04
  0.50000000E+01  0.50000000E+00  0.00000000E+00  0.00000000E+00  0.10000000E+04  0.00000000E+00  0.12500000E+03  0.00000000E+00  0.69999999E+00  0.10000000E+04
  0.47500000E+01  0.25000000E+00  0.00000000E+00  0.00000000E+00  0.10000000E+04  0.00000000E+00  0.12500000E+03  0.00000000E+00  0.69999999E+00  0.10000000E+04
  0.50000000E+01  0.10000000E+01  0.00000000E+00  0.00000000E+00  0.10000000E+04  0.00000000E+00  0.12500000E+03  0.00000000E+00  0.69999999E+00  0.10000000E+04
  0.47500000E+01  0.75000000E+00  0.00000000E+00  0.00000000E+00  0.10000000E+04  0.00000000E+00  0.12500000E+03  0.00000000E+00  0.69999999E+00  0.10000000E+04
  0.50000000E+01  0.15000000E+01  0.00000000E+00  0.00000000E+00  0.10000000E+04  0.00000000E+00  0.12500000E+03  0.00000000E+00  0.69999999E+00  0.10000000E+04
  0.47500000E+01  0.12500000E+01  0.00000000E+00  0.00000000E+00  0.10000000E+04  0.00000000E+00  0.12500000E+03  0.00000000E+00  0.69999999E+00  0.10000000E+04
  0.50000000E+01  0.20000000E+01  0.00000000E+00  0.00000000E+00  0.10000000E+04  0.00000000E+00  0.12500000E+03  0.00000000E+00  0.69999999E+00  0.10000000E+04
  0.47500000E+01  0.17500000E+01  0.00000000E+00  0.00000000E+00  0.10000000E+04  0.00000000E+00  0.12500000E+03  0.00000000E+00  0.69999999E+00  0.10000000E+04
  0.13742778E+01  0.72852802E+00  0.60270071E+01  0.52628207E+01  0.97511682E+03 -0.45323738E+05  0.12576698E+03  0.12576654E+03  0.10000000E+01  0.00000000E+00
  0.86386442E+00  0.85104334E+00  0.71652293E+00  0.16061823E+01  0.10137551E+04  0.28127002E+05  0.12561582E+03  0.12561256E+03  0.10000000E+01  0.00000000E+00
  0.75720203E+00  0.89992034E+00  0.14075341E+01 -0.11712036E+01  0.99079852E+03 -0.17562502E+05  0.12546356E+03  0.12546356E+03  0.10000000E+01  0.00000000E+00
  0.96189266E+00  0.14069284E+01  0.59131324E-01  0.11629435E+01  0.10054769E+04  0.10923962E+05  0.12531018E+03  0.12531018E+03  0.10000000E+01  0.00000000E+00
  0.88433313E+00  0.14158425E+01 -0.51389444E+00  0.80799186E+00  0.10058386E+04  0.11657771E+05  0.12515567E+03  0.12515567E+03  0.10000000E+01  0.00000000E+00
  0.22140574E+01  0.12458704E+01  0.16308664E+01  0.96532083E+00  0.10172397E+04  0.35624770E+05  0.12500000E+03  0.12500000E+03  0.10000000E+01  0.00000000E+00
  0.15230606E+01  0.34430856E+00  0.40944796E+01  0.15505750E+01  0.94228455E+03 -0.95411914E+05  0.12576698E+03  0.12575526E+03  0.10000000E+01  0.00000000E+00
  0.10660561E+01  0.80653518E+00 -0.76769781E+00  0.21656554E+01  0.94247327E+03 -0.95152508E+05  0.12561582E+03  0.12560624E+03  0.10000000E+01  0.00000000E+00
  0.13983307E+01  0.74613571E+00 -0.58261478E+00 -0.42302209E+00  0.10335925E+04  0.72935398E+05  0.12546356E+03  0.12546065E+03  0.10000000E+01  0.00000000E+00
  0.77356446E+00  0.95312440E+00  0.56185156E+00 -0.20398307E+01  0.97559552E+03 -0.44515148E+05  0.12531018E+03  0.12531018E+03  0.10000000E+01  0.00000000E+00
  0.14030464E+01  0.11123804E+01 -0.37723520E+00  0.26776967E+01  0.10260635E+04  0.55313137E+05  0.12515567E+03  0.12515567E+03  0.10000000E+01  0.00000000E+00
  0.98110425E+00  0.15504642E+01 -0.16445525E+01  0.14915596E+01  0.99198401E+03 -0.15354174E+05  0.12500000E+03  0.12500000E+03  0.10000000E+01  0.00000000E+00
  0.19664481E+01  0.36518571E+00 -0.53363115E+00  0.14171742E+01  0.97154346E+03 -0.51285176E+05  0.12576698E+03  0.12575653E+03  0.10000000E+01  0.00000000E+00
  0.21759188E+01  0.47895885E+00  0.10517465E+01  0.22022888E+00  0.99473889E+03 -0.10160824E+05  0.12561582E+03  0.12561089E+03  0.10000000E+01  0.00000000E+00
  0.25338492E+01  0.63909841E+00  0.46911794E+00  0.74652708E+00  0.10178989E+04  0.37060652E+05  0.12546356E+03  0.12546005E+03  0.10000000E+01  0.00000000E+00
  0.22645767E+01  0.72551286E+00  0.14741031E+01 -0.26746163E+00  0.10196437E+04  0.40887961E+05  0.12531018E+03  0.12531018E+03  0.10000000E+01  0.00000000E+00
  0.28654084E+01  0.67720568E+00  0.12765902E+00 -0.14004165E+01  0.99670190E+03 -0.64072056E+04  0.12515567E+03  0.12515559E+03  0.10000000E+01  0.00000000E+00
  0.21848643E+01  0.12435112E+01  0.12008984E+01  0.75901270E+00  0.10145429E+04  0.29808730E+05  0.12500000E+03  0.12500000E+03  0.10000000E+01  0.00000000E+00
  0.17260480E+01  0.52684194E+00 -0.78519052E+00  0.14930308E+01  0.10223923E+04  0.46997875E+05  0.12576698E+03  0.12576566E+03  0.10000000E+01  0.00000000E+00
  0.21467295E+01  0.68240935E+00 -0.42880958E+00 -0.26110873E+00  0.10188771E+04  0.39201672E+05  0.12561582E+03  0.12561221E+03  0.10000000E+01  0.00000000E+00
  0.29656825E+01  0.75088513E+00 -0.71061432E+00  0.38469943E+00  0.10141463E+04  0.28961162E+05  0.12546356E+03  0.12546202E+03  0.10000000E+01  0.00000000E+00
  0.28381720E+01  0.77337146E+00 -0.19456750E+00  0.13359517E+01  0.10034274E+04  0.67940708E+04  0.12531018E+03  0.12530890E+03  0.10000000E+01  0.00000000E+00
  0.25707464E+01  0.14116108E+01 -0.96619320E+00  0.15986670E+01  0.10026648E+04  0.52703301E+04  0.12515567E+03  0.12515567E+03  0.10000000E+01  0.00000000E+00
  0.28852119E+01  0.13014748E+01 -0.11606532E+00  0.39638847E+00  0.10034647E+04  0.68688047E+04  0.12500000E+03  0.12500012E+03  0.10000000E+01  0.00000000E+00
  0.15311353E+01  0.11804345E+01 -0.10432744E+00  0.25590003E+01  0.10139388E+04  0.28518426E+05  0.12561582E+03  0.12561399E+03  0.10000000E+01  0.00000000E+00
  0.27985215E+01  0.13718323E+01 -0.67908520E+00  0.11697241E+01  0.10048992E+04  0.97547949E+04  0.12531018E+03  0.12531004E+03  0.10000000E+01  0.00000000E+00
  0.18059464E+01  0.15213134E+01 -0.56043911E+00  0.65992892E+00  0.10098823E+04  0.19973525E+05  0.12500000E+03  0.12500000E+03  0.10000000E+01  0.00000000E+00
