  0.00000000E+00  0.00000000E+00  0.00000000E+00  0.00000000E+00  0.10076516E+04  0.15361408E+05  0.12500000E+03  0.15748243E-02  0.69999999E+00  0.99999817E+03
  0.00000000E+00  0.50000000E+00  0.00000000E+00  0.00000000E+00  0.10042664E+04  0.84785420E+04  0.12500000E+03  0.87412429E-03  0.69999999E+00  0.99999902E+03
  0.00000000E+00  0.10000000E+01  0.00000000E+00  0.00000000E+00  0.10047626E+04  0.94786543E+04  0.12500000E+03  0.18252856E-02  0.69999999E+00  0.99999792E+03
  0.00000000E+00  0.15000000E+01  0.00000000E+00  0.00000000E+00  0.10374548E+04  0.82278875E+05  0.12500000E+03  0.63383672E-03  0.69999999E+00  0.99999927E+03
  0.00000000E+00  0.20000000E+01  0.00000000E+00  0.00000000E+00  0.10059518E+04  0.11887940E+05  0.12500000E+03 -0.35171231E-03  0.69999999E+00  0.10000004E+04
  0.00000000E+00  0.25000000E+01  0.00000000E+00  0.00000000E+00  0.10002466E+04  0.48403955E+03  0.12500000E+03  0.71152863E-04  0.69999999E+00  0.99999994E+03
  0.00000000E+00  0.30000000E+01  0.00000000E+00  0.00000000E+00  0.10000000E+04  0.00000000E+00  0.12500000E+03  0.00000000E+00  0.69999999E+00  0.10000000E+04
  0.00000000E+00  0.35000000E+01  0.00000000E+00  0.00000000E+00  0.10000000E+04  0.00000000E+00  0.12500000E+03  0.00000000E+00  0.69999999E+00  0.10000000E+04
  0.00000000E+00  0.40000000E+01  0.00000000E+00  0.00000000E+00  0.10000000E+04  0.00000000E+00  0.12500000E+03  0.00000000E+00  0.69999999E+00  0.10000000E+04
 -0.25000000E+00 -0.25000000E+00  0.00000000E+00  0.00000000E+00  0.10000817E+04  0.16025296E+03  0.12500000E+03  0.50719292E-03  0.69999999E+00  0.99999945E+03
 -0.25000000E+00  0.25000000E+00  0.00000000E+00  0.00000000E+00  0.99849426E+03 -0.29409358E+04  0.12500000E+03  0.61584223E-03  0.69999999E+00  0.99999927E+03
 -0.25000000E+00  0.75000000E+00  0.00000000E+00  0.00000000E+00  0.10053546E+04  0.10676088E+05  0.12500000E+03 -0.84733605E-04  0.69999999E+00  0.10000001E+04
 -0.25000000E+00  0.12500000E+01  0.00000000E+00  0.00000000E+00  0.10053362E+04  0.10638657E+05  0.12500000E+03  0.57992298E-03  0.69999999E+00  0.99999933E+03
 -0.25000000E+00  0.17500000E+01  0.00000000E+00  0.00000000E+00  0.10001616E+04  0.31730682E+03  0.12500000E+03 -0.11883746E-03  0.69999999E+00  0.10000001E+04
 -0.25000000E+00  0.22500000E+01  0.00000000E+00  0.00000000E+00  0.10004730E+04  0.92938812E+03  0.12500000E+03 -0.62706749E-04  0.69999999E+00  0.10000001E+04
 -0.25000000E+00  0.27500000E+01  0.00000000E+00  0.00000000E+00  0.10000000E+04  0.00000000E+00  0.12500000E+03  0.00000000E+00  0.69999999E+00  0.10000000E+04
 -0.25000000E+00  0.32500000E+01  0.00000000E+00  0.00000000E+00  0.10000000E+04  0.00000000E+00  0.12500000E+03  0.00000000E+00  0.69999999E+00  0.10000000E+04
 -0.25000000E+00  0.37500000E+01  0.00000000E+00  0.00000000E+00  0.10000000E+04  0.00000000E+00  0.12500000E+03  0.00000000E+00  0.69999999E+00  0.10000000E+04
  0.80000000E+01  0.00000000E+00  0.00000000E+00  0.00000000E+00  0.10000000E+04  0.00000000E+00  0.12500000E+03  0.00000000E+00  0.69999999E+00  0.10000000E+04
  0.80000000E+01  0.50000000E+00  0.00000000E+00  0.00000000E+00  0.10000000E+04  0.00000000E+00  0.12500000E+03  0.00000000E+00  0.69999999E+00  0.10000000E+04
  0.80000000E+01  0.10000000E+01  0.00000000E+00  0.00000000E+00  0.10000000E+04  0.00000000E+00  0.12500000E+03  0.00000000E+00  0.69999999E+00  0.10000000E+04
  0.80000000E+01  0.15000000E+01  0.00000000E+00  0.00000000E+00  0.10000000E+04  0.00000000E+00  0.12500000E+03  0.00000000E+00  0.69999999E+00  0.10000000E+04
  0.80000000E+01  0.20000000E+01  0.00000000E+00  0.00000000E+00  0.10000000E+04  0.00000000E+00  0.12500000E+03  0.00000000E+00  0.69999999E+00  0.10000000E+04
  0.80000000E+01  0.25000000E+01  0.00000000E+00  0.00000000E+00  0.10000000E+04  0.00000000E+00  0.12500000E+03  0.00000000E+00  0.69999999E+00  0.10000000E+04
  0.80000000E+01  0.30000000E+01  0.00000000E+00  0.00000000E+00  0.10000000E+04  0.00000000E+00  0.12500000E+03  0.00000000E+00  0.69999999E+00  0.10000000E+04
  0.80000000E+01  0.35000000E+01  0.00000000E+00  0.00000000E+00  0.10000000E+04  0.00000000E+00  0.12500000E+03  0.00000000E+00  0.69999999E+00  0.10000000E+04
  0.80000000E+01  0.40000000E+01  0.00000000E+00  0.00000000E+00  0.10000000E+04  0.00000000E+00  0.12500000E+03  0.00000000E+00  0.69999999E+00  0.10000000E+04
  0.82500000E+01 -0.25000000E+00  0.00000000E+00  0.00000000E+00  0.10000000E+04  0.00000000E+00  0.12500000E+03  0.00000000E+00  0.69999999E+00  0.10000000E+04
  0.82500000E+01  0.25000000E+00  0.00000000E+00  0.00000000E+00  0.10000000E+04  0.00000000E+00  0.12500000E+03  0.00000000E+00  0.69999999E+00  0.10000000E+04
  0.82500000E+01  0.75000000E+00  0.00000000E+00  0.00000000E+00  0.10000000E+04  0.00000000E+00  0.12500000E+03  0.00000000E+00  0.69999999E+00  0.10000000E+04
  0.82500000E+01  0.12500000E+01  0.00000000E+00  0.00000000E+00  0.10000000E+04  0.00000000E+00  0.12500000E+03  0.00000000E+00  0.69999999E+00  0.10000000E+04
  0.82500000E+01  0.17500000E+01  0.00000000E+00  0.00000000E+00  0.10000000E+04  0.00000000E+00  0.12500000E+03  0.00000000E+00  0.69999999E+00  0.10000000E+04
  0.82500000E+01  0.22500000E+01  0.00000000E+00  0.00000000E+00  0.10000000E+04  0.00000000E+00  0.12500000E+03  0.00000000E+00  0.69999999E+00  0.10000000E+04
  0.82500000E+01  0.27500000E+01  0.00000000E+00  0.00000000E+00  0.10000000E+04  0.00000000E+00  0.12500000E+03  0.00000000E+00  0.69999999E+00  0.10000000E+04
  0.82500000E+01  0.32500000E+01  0.00000000E+00  0.00000000E+00  0.10000000E+04  0.00000000E+00  0.12500000E+03  0.00000000E+00  0.69999999E+00  0.10000000E+04
  0.82500000E+01  0.37500000E+01  0.00000000E+00  0.00000000E+00  0.10000000E+04  0.00000000E+00  0.12500000E+03  0.00000000E+00  0.69999999E+00  0.10000000E+04
  0.50000000E+00  0.00000000E+00  0.00000000E+00  0.00000000E+00  0.10178727E+04  0.37003422E+05  0.12500000E+03  0.76260469E-02  0.69999999E+00  0.99999115E+03
  0.10000000E+01  0.00000000E+00  0.00000000E+00  0.00000000E+00  0.10151743E+04  0.31162020E+05  0.12500000E+03  0.26082569E-02  0.69999999E+00  0.99999695E+03
  0.15000000E+01  0.00000000E+00  0.00000000E+00  0.00000000E+00  0.10239600E+04  0.50526770E+05  0.12500000E+03  0.12286049E-01  0.69999999E+00  0.99998566E+03
  0.20000000E+01  0.00000000E+00  0.00000000E+00  0.00000000E+00  0.10076428E+04  0.15343536E+05  0.12500000E+03  0.13126740E-01  0.69999999E+00  0.99998486E+03
  0.25000000E+01  0.00000000E+00  0.00000000E+00  0.00000000E+00  0.10080709E+04  0.16223811E+05  0.12500000E+03  0.72286674E-03  0.69999999E+00  0.99999915E+03
  0.30000000E+01  0.00000000E+00  0.00000000E+00  0.00000000E+00  0.10277870E+04  0.59279129E+05  0.12500000E+03  0.21904882E-02  0.69999999E+00  0.99999744E+03
  0.35000000E+01  0.00000000E+00  0.00000000E+00  0.00000000E+00  0.10053613E+04  0.10689612E+05  0.12500000E+03  0.82712359E-03  0.69999999E+00  0.99999902E+03
  0.40000000E+01  0.00000000E+00  0.00000000E+00  0.00000000E+00  0.10000134E+04  0.26430483E+02  0.12500000E+03 -0.27363869E-04  0.69999999E+00  0.10000001E+04
  0.45000000E+01  0.00000000E+00  0.00000000E+00  0.00000000E+00  0.10000000E+04  0.00000000E+00  0.12500000E+03  0.00000000E+00  0.69999999E+00  0.10000000E+04
  0.50000000E+01  0.00000000E+00  0.00000000E+00  0.00000000E+00  0.10000000E+04  0.00000000E+00  0.12500000E+03  0.00000000E+00  0.69999999E+00  0.10000000E+04
  0.55000000E+01  0.00000000E+00  0.00000000E+00  0.00000000E+00  0.10000000E+04  0.00000000E+00  0.12500000E+03  0.00000000E+00  0.69999999E+00  0.10000000E+04
  0.60000000E+01  0.00000000E+00  0.00000000E+00  0.00000000E+00  0.10000000E+04  0.00000000E+00  0.12500000E+03  0.00000000E+00  0.69999999E+00  0.10000000E+04
  0.65000000E+01  0.00000000E+00  0.00000000E+00  0.00000000E+00  0.10000000E+04  0.00000000E+00  0.12500000E+03  0.00000000E+00  0.69999999E+00  0.10000000E+04
  0.70000000E+01  0.00000000E+00  0.00000000E+00  0.00000000E+00  0.10000000E+04  0.00000000E+00  0.12500000E+03  0.00000000E+00  0.69999999E+00  0.10000000E+04
  0.75000000E+01  0.00000000E+00  0.00000000E+00  0.00000000E+00  0.10000000E+04  0.00000000E+00  0.12500000E+03  0.00000000E+00  0.69999999E+00  0.10000000E+04
  0.25000000E+00 -0.25000000E+00  0.00000000E+00  0.00000000E+00  0.98963440E+03 -0.19715705E+05  0.12500000E+03  0.24102880E-02  0.69999999E+00  0.99999725E+03
  0.75000000E+00 -0.25000000E+00  0.00000000E+00  0.00000000E+00  0.99508618E+03 -0.94999268E+04  0.12500000E+03  0.56192796E-02  0.69999999E+00  0.99999359E+03
  0.12500000E+01 -0.25000000E+00  0.00000000E+00  0.00000000E+00  0.99857263E+03 -0.27885022E+04  0.12500000E+03  0.43046121E-02  0.69999999E+00  0.99999512E+03
  0.17500000E+01 -0.25000000E+00  0.00000000E+00  0.00000000E+00  0.99877393E+03 -0.23967146E+04  0.12500000E+03  0.63866200E-02  0.69999999E+00  0.99999274E+03
  0.22500000E+01 -0.25000000E+00  0.00000000E+00  0.00000000E+00  0.10155737E+04  0.32020914E+05  0.12500000E+03  0.55152206E-02  0.69999999E+00  0.99999359E+03
  0.27500000E+01 -0.25000000E+00  0.00000000E+00  0.00000000E+00  0.10038379E+04  0.76173008E+04  0.12500000E+03  0.77210332E-03  0.69999999E+00  0.99999908E+03
  0.32500000E+01 -0.25000000E+00  0.00000000E+00  0.00000000E+00  0.10051150E+04  0.10191012E+05  0.12500000E+03  0.93976845E-03  0.69999999E+00  0.99999890E+03
  0.37500000E+01 -0.25000000E+00  0.00000000E+00  0.00000000E+00  0.10000013E+04  0.25727851E+01  0.12500000E+03 -0.59664068E-04  0.69999999E+00  0.10000001E+04
  0.42500000E+01 -0.25000000E+00  0.00000000E+00  0.00000000E+00  0.10000000E+04  0.00000000E+00  0.12500000E+03 -0.16311114E-41  0.69999999E+00  0.10000000E+04
  0.47500000E+01 -0.25000000E+00  0.00000000E+00  0.00000000E+00  0.10000000E+04  0.00000000E+00  0.12500000E+03  0.00000000E+00  0.69999999E+00  0.10000000E+04
  0.52500000E+01 -0.25000000E+00  0.00000000E+00  0.00000000E+00  0.10000000E+04  0.00000000E+00  0.12500000E+03  0.00000000E+00  0.69999999E+00  0.10000000E+04
  0.57500000E+01 -0.25000000E+00  0.00000000E+00  0.00000000E+00  0.10000000E+04  0.00000000E+00  0.12500000E+03  0.00000000E+00  0.69999999E+00  0.10000000E+04
  0.62500000E+01 -0.25000000E+00  0.00000000E+00  0.00000000E+00  0.10000000E+04  0.00000000E+00  0.12500000E+03  0.00000000E+00  0.69999999E+00  0.10000000E+04
  0.67500000E+01 -0.25000000E+00  0.00000000E+00  0.00000000E+00  0.10000000E+04  0.00000000E+00  0.12500000E+03  0.00000000E+00  0.69999999E+00  0.10000000E+04
  0.72500000E+01 -0.25000000E+00  0.00000000E+00  0.00000000E+00  0.10000000E+04  0.00000000E+00  0.12500000E+03  0.00000000E+00  0.69999999E+00  0.10000000E+04
  0.77500000E+01 -0.25000000E+00  0.00000000E+00  0.00000000E+00  0.10000000E+04  0.00000000E+00  0.12500000E+03  0.00000000E+00  0.69999999E+00  0.10000000E+04
  0.40000000E+01  0.50000000E+00  0.00000000E+00  0.00000000E+00  0.10001455E+04  0.28570276E+03  0.12500000E+03 -0.84615443E-04  0.69999999E+00  0.10000001E+04
  0.37500000E+01  0.25000000E+00  0.00000000E+00  0.00000000E+00  0.10039409E+04  0.78241426E+04  0.12500000E+03 -0.34227991E-03  0.69999999E+00  0.10000004E+04
  0.40000000E+01  0.10000000E+01  0.00000000E+00  0.00000000E+00  0.10004940E+04  0.97067206E+03  0.12500000E+03 -0.12446763E-04  0.69999999E+00  0.10000000E+04
  0.37500000E+01  0.75000000E+00  0.00000000E+00  0.00000000E+00  0.10098458E+04  0.19897613E+05  0.12500000E+03  0.27805066E-03  0.69999999E+00  0.99999969E+03
  0.40000000E+01  0.15000000E+01  0.00000000E+00  0.00000000E+00  0.10008958E+04  0.17621688E+04  0.12500000E+03  0.13115996E-03  0.69999999E+00  0.99999988E+03
  0.37500000E+01  0.12500000E+01  0.00000000E+00  0.00000000E+00  0.10242637E+04  0.51214031E+05  0.12500000E+03  0.35941447E-03  0.69999999E+00  0.99999957E+03
  0.40000000E+01  0.20000000E+01  0.00000000E+00  0.00000000E+00  0.10000315E+04  0.61752430E+02  0.12500000E+03  0.22335589E-04  0.69999999E+00  0.10000000E+04
  0.37500000E+01  0.17500000E+01  0.00000000E+00  0.00000000E+00  0.10144744E+04  0.29662105E+05  0.12500000E+03  0.38737076E-03  0.69999999E+00  0.99999957E+03
  0.45000000E+01  0.50000000E+00  0.00000000E+00  0.00000000E+00  0.10000000E+04  0.00000000E+00  0.12500000E+03  0.00000000E+00  0.69999999E+00  0.10000000E+04
  0.42500000E+01  0.25000000E+00  0.00000000E+00  0.00000000E+00  0.10000018E+04  0.35083482E+01  0.12500000E+03 -0.74084828E-05  0.69999999E+00  0.10000000E+04
  0.45000000E+01  0.10000000E+01  0.00000000E+00  0.00000000E+00  0.10000000E+04  0.00000000E+00  0.12500000E+03  0.00000000E+00  0.69999999E+00  0.10000000E+04
  0.42500000E+01  0.75000000E+00  0.00000000E+00  0.00000000E+00  0.10000936E+04  0.18365413E+03  0.12500000E+03 -0.58616174E-05  0.69999999E+00  0.10000000E+04
  0.45000000E+01  0.15000000E+01  0.00000000E+00  0.00000000E+00  0.10000000E+04  0.00000000E+00  0.12500000E+03  0.00000000E+00  0.69999999E+00  0.10000000E+04
  0.42500000E+01  0.12500000E+01  0.00000000E+00  0.00000000E+00  0.10000045E+04  0.88878889E+01  0.12500000E+03  0.12300108E-04  0.69999999E+00  0.10000000E+04
  0.45000000E+01  0.20000000E+01  0.00000000E+00  0.00000000E+00  0.10000000E+04  0.00000000E+00  0.12500000E+03  0.00000000E+00  0.69999999E+00  0.10000000E+04
  0.42500000E+01  0.17500000E+01  0.00000000E+00  0.00000000E+00  0.10000000E+04  0.00000000E+00  0.12500000E+03  0.00000000E+00  0.69999999E+00  0.10000000E+04
  0.50000000E+01  0.50000000E+00  0.00000000E+00  0.00000000E+00  0.10000000E+04  0.00000000E+00  0.12500000E+03  0.00000000E+00  0.69999999E+00  0.10000000E+04
  0.47500000E+01  0.25000000E+00  0.00000000E+00  0.00000000E+00  0.10000000E+04  0.00000000E+00  0.12500000E+03  0.00000000E+00  0.69999999E+00  0.10000000E+04
  0.50000000E+01  0.10000000E+01  0.00000000E+00  0.00000000E+00  0.10000000E+04  0.00000000E+00  0.12500000E+03  0.00000000E+00  0.69999999E+00  0.10000000E+04
  0.47500000E+01  0.75000000E+00  0.00000000E+00  0.00000000E+00  0.10000000E+04  0.00000000E+00  0.12500000E+03  0.00000000E+00  0.69999999E+00  0.10000000E+04
  0.50000000E+01  0.15000000E+01  0.00000000E+00  0.00000000E+00  0.10000000E+04  0.00000000E+00  0.12500000E+03  0.00000000E+00  0.69999999E+00  0.10000000E+04
  0.47500000E+01  0.12500000E+01  0.00000000E+00  0.00000000E+00  0.10000000E+04  0.00000000E+00  0.12500000E+03  0.00000000E+00  0.69999999E+00  0.10000000E+04
  0.50000000E+01  0.20000000E+01  0.00000000E+00  0.00000000E+00  0.10000000E+04  0.00000000E+00  0.12500000E+03  0.00000000E+00  0.69999999E+00  0.10000000E+04
  0.47500000E+01  0.17500000E+01  0.00000000E+00  0.00000000E+00  0.10000000E+04  0.00000000E+00  0.12500000E+03  0.00000000E+00  0.69999999E+00  0.10000000E+04
  0.77582765E+00  0.25726777E+00  0.16221762E+01  0.34138113E+00  0.98790295E+03 -0.22890240E+05  0.12576698E+03  0.12576698E+03  0.10000000E+01  0.00000000E+00
  0.78511620E+00  0.64087141E+00  0.69456065E+00  0.18702435E+00  0.10172865E+04  0.35726633E+05  0.12561582E+03  0.12561256E+03  0.10000000E+01  0.00000000E+00
  0.75175285E+00  0.84602439E+00  0.43248564E+00  0.49206674E+00  0.10129865E+04  0.26493783E+05  0.12546356E+03  0.12546356E+03  0.10000000E+01  0.00000000E+00
  0.87392849E+00  0.11621236E+01  0.56520015E+00  0.96142781E+00  0.10057775E+04  0.11533785E+05  0.12531018E+03  0.12531018E+03  0.10000000E+01  0.00000000E+00
  0.95944703E+00  0.12149549E+01 -0.51840216E+00  0.60819018E+00  0.10040123E+04  0.79673784E+04  0.12515567E+03  0.12515567E+03  0.10000000E+01  0.00000000E+00
  0.19836400E+01  0.13465276E+01  0.83457470E+00 -0.80644715E+00  0.99046210E+03 -0.18186287E+05  0.12500000E+03  0.12500000E+03  0.10000000E+01  0.00000000E+00
  0.13440697E+01  0.22886315E+00  0.60356572E-01  0.18764299E+00  0.97291992E+03 -0.49004320E+05  0.12576698E+03  0.12575705E+03  0.10000000E+01  0.00000000E+00
  0.10079652E+01  0.52150744E+00  0.34127772E+00  0.59584683E+00  0.10025369E+04  0.50154258E+04  0.12561582E+03  0.12560715E+03  0.10000000E+01  0.00000000E+00
  0.13677824E+01  0.57647657E+00 -0.25020453E+00  0.62459987E+00  0.10143632E+04  0.29424314E+05  0.12546356E+03  0.12546065E+03  0.10000000E+01  0.00000000E+00
  0.87401545E+00  0.92700052E+00 -0.54534465E+00  0.25207615E+00  0.10117347E+04  0.23850092E+05  0.12531018E+03  0.12531018E+03  0.10000000E+01  0.00000000E+00
  0.15106244E+01  0.83966291E+00 -0.80083269E+00  0.49161986E+00  0.10278523E+04  0.59430238E+05  0.12515567E+03  0.12515567E+03  0.10000000E+01  0.00000000E+00
  0.11867450E+01  0.12805753E+01 -0.66404897E+00  0.56249785E+00  0.10059428E+04  0.11869764E+05  0.12500000E+03  0.12500000E+03  0.10000000E+01  0.00000000E+00
  0.19551764E+01  0.30791983E+00  0.42531407E-02  0.12811509E+00  0.99373590E+03 -0.12061582E+05  0.12576698E+03  0.12575832E+03  0.10000000E+01  0.00000000E+00
  0.20015523E+01  0.52241647E+00  0.13165561E+01 -0.33977562E+00  0.10077696E+04  0.15603879E+05  0.12561582E+03  0.12561089E+03  0.10000000E+01  0.00000000E+00
  0.25047221E+01  0.55284441E+00  0.38180489E-01  0.35706159E+00  0.10104467E+04  0.21150020E+05  0.12546356E+03  0.12546107E+03  0.10000000E+01  0.00000000E+00
  0.20780795E+01  0.80274820E+00  0.10074291E+01 -0.19393224E+00  0.10032994E+04  0.65377627E+04  0.12531018E+03  0.12531018E+03  0.10000000E+01  0.00000000E+00
  0.26057105E+01  0.88300478E+00  0.12269173E+01 -0.14791914E+01  0.10034849E+04  0.69094023E+04  0.12515567E+03  0.12515567E+03  0.10000000E+01  0.00000000E+00
  0.20307148E+01  0.13531721E+01  0.39793590E+00 -0.91730618E+00  0.99636304E+03 -0.70583218E+04  0.12500000E+03  0.12500000E+03  0.10000000E+01  0.00000000E+00
  0.17207503E+01  0.50421488E+00 -0.50441921E+00 -0.18274876E+00  0.10077257E+04  0.15513729E+05  0.12576698E+03  0.12576682E+03  0.10000000E+01  0.00000000E+00
  0.21826315E+01  0.72568601E+00 -0.73588836E+00  0.30004922E-01  0.10039582E+04  0.78588682E+04  0.12561582E+03  0.12561221E+03  0.10000000E+01  0.00000000E+00
  0.28129854E+01  0.74826860E+00  0.89984083E+00 -0.37116933E+00  0.99668597E+03 -0.64378154E+04  0.12546356E+03  0.12546202E+03  0.10000000E+01  0.00000000E+00
  0.27220540E+01  0.58451474E+00  0.68608344E+00  0.51462781E+00  0.10009587E+04  0.18863507E+04  0.12531018E+03  0.12530896E+03  0.10000000E+01  0.00000000E+00
  0.27560282E+01  0.13570695E+01 -0.67698872E+00 -0.25631887E+00  0.99886462E+03 -0.22199824E+04  0.12515567E+03  0.12515567E+03  0.10000000E+01  0.00000000E+00
  0.28270073E+01  0.13468688E+01  0.90951347E+00 -0.55904794E+00  0.10067977E+04  0.13612116E+05  0.12500000E+03  0.12500000E+03  0.10000000E+01  0.00000000E+00
  0.17817221E+01  0.11313052E+01 -0.16466532E+01 -0.13890240E+01  0.10053336E+04  0.10633345E+05  0.12561582E+03  0.12561399E+03  0.10000000E+01  0.00000000E+00
  0.29038401E+01  0.13029841E+01  0.34610417E-01  0.14528587E+00  0.10054075E+04  0.10783092E+05  0.12531018E+03  0.12531018E+03  0.10000000E+01  0.00000000E+00
  0.20165501E+01  0.16921070E+01 -0.10100573E+01 -0.97321784E+00  0.99940057E+03 -0.11739961E+04  0.12500000E+03  0.12500000E+03  0.10000000E+01  0.00000000E+00
