  0.00000000E+00  0.00000000E+00  0.00000000E+00  0.00000000E+00  0.10011189E+04  0.22026614E+04  0.12500000E+03  0.22731984E-02  0.69999999E+00  0.99999738E+03
  0.00000000E+00  0.50000000E+00  0.00000000E+00  0.00000000E+00  0.10104064E+04  0.21065889E+05  0.12500000E+03  0.25495044E-02  0.69999999E+00  0.99999707E+03
  0.00000000E+00  0.10000000E+01  0.00000000E+00  0.00000000E+00  0.10222500E+04  0.46679059E+05  0.12500000E+03  0.31936977E-02  0.69999999E+00  0.99999628E+03
  0.00000000E+00  0.15000000E+01  0.00000000E+00  0.00000000E+00  0.10258447E+04  0.54812625E+05  0.12500000E+03  0.11030405E-02  0.69999999E+00  0.99999872E+03
  0.00000000E+00  0.20000000E+01  0.00000000E+00  0.00000000E+00  0.10176072E+04  0.36424594E+05  0.12500000E+03 -0.12679258E-02  0.69999999E+00  0.10000015E+04
  0.00000000E+00  0.25000000E+01  0.00000000E+00  0.00000000E+00  0.10030736E+04  0.60862402E+04  0.12500000E+03  0.33517432E-03  0.69999999E+00  0.99999963E+03
  0.00000000E+00  0.30000000E+01  0.00000000E+00  0.00000000E+00  0.10000000E+04  0.00000000E+00  0.12500000E+03  0.60528782E-05  0.69999999E+00  0.10000000E+04
  0.00000000E+00  0.35000000E+01  0.00000000E+00  0.00000000E+00  0.10000000E+04  0.00000000E+00  0.12500000E+03  0.00000000E+00  0.69999999E+00  0.10000000E+04
  0.00000000E+00  0.40000000E+01  0.00000000E+00  0.00000000E+00  0.10000000E+04  0.00000000E+00  0.12500000E+03  0.00000000E+00  0.69999999E+00  0.10000000E+04
 -0.25000000E+00 -0.25000000E+00  0.00000000E+00  0.00000000E+00  0.10006414E+04  0.12607445E+04  0.12500000E+03  0.52005530E-03  0.69999999E+00  0.99999939E+03
 -0.25000000E+00  0.25000000E+00  0.00000000E+00  0.00000000E+00  0.10008479E+04  0.16678878E+04  0.12500000E+03  0.97902585E-03  0.69999999E+00  0.99999890E+03
 -0.25000000E+00  0.75000000E+00  0.00000000E+00  0.00000000E+00  0.10058510E+04  0.11682961E+05  0.12500000E+03  0.28221612E-03  0.69999999E+00  0.99999969E+03
 -0.25000000E+00  0.12500000E+01  0.00000000E+00  0.00000000E+00  0.10018130E+04  0.35763826E+04  0.12500000E+03  0.10159488E-02  0.69999999E+00  0.99999884E+03
 -0.25000000E+00  0.17500000E+01  0.00000000E+00  0.00000000E+00  0.10011785E+04  0.23204141E+04  0.12500000E+03 -0.29416726E-03  0.69999999E+00  0.10000004E+04
 -0.25000000E+00  0.22500000E+01  0.00000000E+00  0.00000000E+00  0.10012462E+04  0.24542319E+04  0.12500000E+03 -0.15003496E-03  0.69999999E+00  0.10000002E+04
 -0.25000000E+00  0.27500000E+01  0.00000000E+00  0.00000000E+00  0.10000000E+04  0.00000000E+00  0.12500000E+03  0.64179470E-42  0.69999999E+00  0.10000000E+04
 -0.25000000E+00  0.32500000E+01  0.00000000E+00  0.00000000E+00  0.10000000E+04  0.00000000E+00  0.12500000E+03  0.44841551E-43  0.69999999E+00  0.10000000E+04
 -0.25000000E+00  0.37500000E+01  0.00000000E+00  0.00000000E+00  0.10000000E+04  0.00000000E+00  0.12500000E+03  0.00000000E+00  0.69999999E+00  0.10000000E+04
  0.80000000E+01  0.00000000E+00  0.00000000E+00  0.00000000E+00  0.10000000E+04  0.00000000E+00  0.12500000E+03  0.00000000E+00  0.69999999E+00  0.10000000E+04
  0.80000000E+01  0.50000000E+00  0.00000000E+00  0.00000000E+00  0.10000000E+04  0.00000000E+00  0.12500000E+03  0.00000000E+00  0.69999999E+00  0.10000000E+04
  0.80000000E+01  0.10000000E+01  0.00000000E+00  0.00000000E+00  0.10000000E+04  0.00000000E+00  0.12500000E+03  0.00000000E+00  0.69999999E+00  0.10000000E+04
  0.80000000E+01  0.15000000E+01  0.00000000E+00  0.00000000E+00  0.10000000E+04  0.00000000E+00  0.12500000E+03  0.00000000E+00  0.69999999E+00  0.10000000E+04
  0.80000000E+01  0.20000000E+01  0.00000000E+00  0.00000000E+00  0.10000000E+04  0.00000000E+00  0.12500000E+03  0.00000000E+00  0.69999999E+00  0.10000000E+04
  0.80000000E+01  0.25000000E+01  0.00000000E+00  0.00000000E+00  0.10000000E+04  0.00000000E+00  0.12500000E+03  0.00000000E+00  0.69999999E+00  0.10000000E+04
  0.80000000E+01  0.30000000E+01  0.00000000E+00  0.00000000E+00  0.10000000E+04  0.00000000E+00  0.12500000E+03  0.00000000E+00  0.69999999E+00  0.10000000E+04
  0.80000000E+01  0.35000000E+01  0.00000000E+00  0.00000000E+00  0.10000000E+04  0.00000000E+00  0.12500000E+03  0.00000000E+00  0.69999999E+00  0.10000000E+04
  0.80000000E+01  0.40000000E+01  0.00000000E+00  0.00000000E+00  0.10000000E+04  0.00000000E+00  0.12500000E+03  0.00000000E+00  0.69999999E+00  0.10000000E+04
  0.82500000E+01 -0.25000000E+00  0.00000000E+00  0.00000000E+00  0.10000000E+04  0.00000000E+00  0.12500000E+03  0.00000000E+00  0.69999999E+00  0.10000000E+04
  0.82500000E+01  0.25000000E+00  0.00000000E+00  0.00000000E+00  0.10000000E+04  0.00000000E+00  0.12500000E+03  0.00000000E+00  0.69999999E+00  0.10000000E+04
  0.82500000E+01  0.75000000E+00  0.00000000E+00  0.00000000E+00  0.10000000E+04  0.00000000E+00  0.12500000E+03  0.00000000E+00  0.69999999E+00  0.10000000E+04
  0.82500000E+01  0.12500000E+01  0.00000000E+00  0.00000000E+00  0.10000000E+04  0.00000000E+00  0.12500000E+03  0.00000000E+00  0.69999999E+00  0.10000000E+04
  0.82500000E+01  0.17500000E+01  0.00000000E+00  0.00000000E+00  0.10000000E+04  0.00000000E+00  0.12500000E+03  0.00000000E+00  0.69999999E+00  0.10000000E+04
  0.82500000E+01  0.22500000E+01  0.00000000E+00  0.00000000E+00  0.10000000E+04  0.00000000E+00  0.12500000E+03  0.00000000E+00  0.69999999E+00  0.10000000E+04
  0.82500000E+01  0.27500000E+01  0.00000000E+00  0.00000000E+00  0.10000000E+04  0.00000000E+00  0.12500000E+03  0.00000000E+00  0.69999999E+00  0.10000000E+04
  0.82500000E+01  0.32500000E+01  0.00000000E+00  0.00000000E+00  0.10000000E+04  0.00000000E+00  0.12500000E+03  0.00000000E+00  0.69999999E+00  0.10000000E+04
  0.82500000E+01  0.37500000E+01  0.00000000E+00  0.00000000E+00  0.10000000E+04  0.00000000E+00  0.12500000E+03  0.00000000E+00  0.69999999E+00  0.10000000E+04
  0.50000000E+00  0.00000000E+00  0.00000000E+00  0.00000000E+00  0.10329047E+04  0.71292953E+05  0.12500000E+03  0.11230120E-01  0.69999999E+00  0.99998676E+03
  0.10000000E+01  0.00000000E+00  0.00000000E+00  0.00000000E+00  0.10456785E+04  0.10288138E+06  0.12500000E+03  0.61034714E-02  0.69999999E+00  0.99999274E+03
  0.15000000E+01  0.00000000E+00  0.00000000E+00  0.00000000E+00  0.10327627E+04  0.70954812E+05  0.12500000E+03  0.20030748E-01  0.69999999E+00  0.99997638E+03
  0.20000000E+01  0.00000000E+00  0.00000000E+00  0.00000000E+00  0.11473989E+04  0.45355550E+06  0.12500000E+03  0.22930795E-01  0.69999999E+00  0.99996991E+03
  0.25000000E+01  0.00000000E+00  0.00000000E+00  0.00000000E+00  0.10517880E+04  0.11882958E+06  0.12500000E+03  0.58659459E-02  0.69999999E+00  0.99999298E+03
  0.30000000E+01  0.00000000E+00  0.00000000E+00  0.00000000E+00  0.10395618E+04  0.87464555E+05  0.12500000E+03  0.75553246E-02  0.69999999E+00  0.99999103E+03
  0.35000000E+01  0.00000000E+00  0.00000000E+00  0.00000000E+00  0.10054307E+04  0.10830203E+05  0.12500000E+03  0.29849943E-02  0.69999999E+00  0.99999658E+03
  0.40000000E+01  0.00000000E+00  0.00000000E+00  0.00000000E+00  0.10000137E+04  0.26898298E+02  0.12500000E+03 -0.68247195E-04  0.69999999E+00  0.10000001E+04
  0.45000000E+01  0.00000000E+00  0.00000000E+00  0.00000000E+00  0.10000000E+04  0.00000000E+00  0.12500000E+03  0.24172399E-40  0.69999999E+00  0.10000000E+04
  0.50000000E+01  0.00000000E+00  0.00000000E+00  0.00000000E+00  0.10000000E+04  0.00000000E+00  0.12500000E+03 -0.00000000E+00  0.69999999E+00  0.10000000E+04
  0.55000000E+01  0.00000000E+00  0.00000000E+00  0.00000000E+00  0.10000000E+04  0.00000000E+00  0.12500000E+03  0.00000000E+00  0.69999999E+00  0.10000000E+04
  0.60000000E+01  0.00000000E+00  0.00000000E+00  0.00000000E+00  0.10000000E+04  0.00000000E+00  0.12500000E+03  0.00000000E+00  0.69999999E+00  0.10000000E+04
  0.65000000E+01  0.00000000E+00  0.00000000E+00  0.00000000E+00  0.10000000E+04  0.00000000E+00  0.12500000E+03  0.00000000E+00  0.69999999E+00  0.10000000E+04
  0.70000000E+01  0.00000000E+00  0.00000000E+00  0.00000000E+00  0.10000000E+04  0.00000000E+00  0.12500000E+03  0.00000000E+00  0.69999999E+00  0.10000000E+04
  0.75000000E+01  0.00000000E+00  0.00000000E+00  0.00000000E+00  0.10000000E+04  0.00000000E+00  0.12500000E+03  0.00000000E+00  0.69999999E+00  0.10000000E+04
  0.25000000E+00 -0.25000000E+00  0.00000000E+00  0.00000000E+00  0.10055547E+04  0.11081574E+05  0.12500000E+03  0.31130435E-02  0.69999999E+00  0.99999640E+03
  0.75000000E+00 -0.25000000E+00  0.00000000E+00  0.00000000E+00  0.10251106E+04  0.53137660E+05  0.12500000E+03  0.81340708E-02  0.69999999E+00  0.99999048E+03
  0.12500000E+01 -0.25000000E+00  0.00000000E+00  0.00000000E+00  0.10098158E+04  0.19835109E+05  0.12500000E+03  0.65906905E-02  0.69999999E+00  0.99999237E+03
  0.17500000E+01 -0.25000000E+00  0.00000000E+00  0.00000000E+00  0.10150475E+04  0.30889730E+05  0.12500000E+03  0.99896435E-02  0.69999999E+00  0.99998840E+03
  0.22500000E+01 -0.25000000E+00  0.00000000E+00  0.00000000E+00  0.10019666E+04  0.38812996E+04  0.12500000E+03  0.97393394E-02  0.69999999E+00  0.99998883E+03
  0.27500000E+01 -0.25000000E+00  0.00000000E+00  0.00000000E+00  0.10038239E+04  0.75890615E+04  0.12500000E+03  0.38864363E-02  0.69999999E+00  0.99999554E+03
  0.32500000E+01 -0.25000000E+00  0.00000000E+00  0.00000000E+00  0.10005741E+04  0.11283496E+04  0.12500000E+03  0.27092770E-02  0.69999999E+00  0.99999689E+03
  0.37500000E+01 -0.25000000E+00  0.00000000E+00  0.00000000E+00  0.10000070E+04  0.13565822E+02  0.12500000E+03 -0.15635355E-03  0.69999999E+00  0.10000002E+04
  0.42500000E+01 -0.25000000E+00  0.00000000E+00  0.00000000E+00  0.10000000E+04  0.00000000E+00  0.12500000E+03 -0.10025760E-36  0.69999999E+00  0.10000000E+04
  0.47500000E+01 -0.25000000E+00  0.00000000E+00  0.00000000E+00  0.10000000E+04  0.00000000E+00  0.12500000E+03 -0.39132661E-40  0.69999999E+00  0.10000000E+04
  0.52500000E+01 -0.25000000E+00  0.00000000E+00  0.00000000E+00  0.10000000E+04  0.00000000E+00  0.12500000E+03  0.00000000E+00  0.69999999E+00  0.10000000E+04
  0.57500000E+01 -0.25000000E+00  0.00000000E+00  0.00000000E+00  0.10000000E+04  0.00000000E+00  0.12500000E+03  0.00000000E+00  0.69999999E+00  0.10000000E+04
  0.62500000E+01 -0.25000000E+00  0.00000000E+00  0.00000000E+00  0.10000000E+04  0.00000000E+00  0.12500000E+03  0.00000000E+00  0.69999999E+00  0.10000000E+04
  0.67500000E+01 -0.25000000E+00  0.00000000E+00  0.00000000E+00  0.10000000E+04  0.00000000E+00  0.12500000E+03  0.00000000E+00  0.69999999E+00  0.10000000E+04
  0.72500000E+01 -0.25000000E+00  0.00000000E+00  0.00000000E+00  0.10000000E+04  0.00000000E+00  0.12500000E+03  0.00000000E+00  0.69999999E+00  0.10000000E+04
  0.77500000E+01 -0.25000000E+00  0.00000000E+00  0.00000000E+00  0.10000000E+04  0.00000000E+00  0.12500000E+03  0.00000000E+00  0.69999999E+00  0.10000000E+04
  0.40000000E+01  0.50000000E+00  0.00000000E+00  0.00000000E+00  0.10015936E+04  0.31416106E+04  0.12500000E+03 -0.25791890E-03  0.69999999E+00  0.10000003E+04
  0.37500000E+01  0.25000000E+00  0.00000000E+00  0.00000000E+00  0.10058901E+04  0.11762660E+05  0.12500000E+03 -0.13019138E-02  0.69999999E+00  0.10000015E+04
  0.40000000E+01  0.10000000E+01  0.00000000E+00  0.00000000E+00  0.10042383E+04  0.84219209E+04  0.12500000E+03 -0.11029335E-03  0.69999999E+00  0.10000001E+04
  0.37500000E+01  0.75000000E+00  0.00000000E+00  0.00000000E+00  0.10484919E+04  0.11015642E+06  0.12500000E+03  0.86026918E-03  0.69999999E+00  0.99999896E+03
  0.40000000E+01  0.15000000E+01  0.00000000E+00  0.00000000E+00  0.10006656E+04  0.13086451E+04  0.12500000E+03  0.28541614E-03  0.69999999E+00  0.99999969E+03
  0.37500000E+01  0.12500000E+01  0.00000000E+00  0.00000000E+00  0.10400922E+04  0.88779898E+05  0.12500000E+03  0.68964931E-03  0.69999999E+00  0.99999921E+03
  0.40000000E+01  0.20000000E+01  0.00000000E+00  0.00000000E+00  0.10010637E+04  0.20936599E+04  0.12500000E+03  0.27120416E-03  0.69999999E+00  0.99999969E+03
  0.37500000E+01  0.17500000E+01  0.00000000E+00  0.00000000E+00  0.10230343E+04  0.48439055E+05  0.12500000E+03  0.14782534E-02  0.69999999E+00  0.99999829E+03
  0.45000000E+01  0.50000000E+00  0.00000000E+00  0.00000000E+00  0.10000000E+04  0.00000000E+00  0.12500000E+03  0.11568840E-39  0.69999999E+00  0.10000000E+04
  0.42500000E+01  0.25000000E+00  0.00000000E+00  0.00000000E+00  0.10000018E+04  0.35083482E+01  0.12500000E+03 -0.74084828E-05  0.69999999E+00  0.10000000E+04
  0.45000000E+01  0.10000000E+01  0.00000000E+00  0.00000000E+00  0.10000000E+04  0.00000000E+00  0.12500000E+03  0.00000000E+00  0.69999999E+00  0.10000000E+04
  0.42500000E+01  0.75000000E+00  0.00000000E+00  0.00000000E+00  0.10000944E+04  0.18529227E+03  0.12500000E+03 -0.10442676E-04  0.69999999E+00  0.10000000E+04
  0.45000000E+01  0.15000000E+01  0.00000000E+00  0.00000000E+00  0.10000000E+04  0.00000000E+00  0.12500000E+03 -0.28025969E-44  0.69999999E+00  0.10000000E+04
  0.42500000E+01  0.12500000E+01  0.00000000E+00  0.00000000E+00  0.10000066E+04  0.12864128E+02  0.12500000E+03  0.34267537E-05  0.69999999E+00  0.10000000E+04
  0.45000000E+01  0.20000000E+01  0.00000000E+00  0.00000000E+00  0.10000000E+04  0.00000000E+00  0.12500000E+03  0.28025969E-44  0.69999999E+00  0.10000000E+04
  0.42500000E+01  0.17500000E+01  0.00000000E+00  0.00000000E+00  0.10000031E+04  0.60811610E+01  0.12500000E+03 -0.35628464E-05  0.69999999E+00  0.10000000E+04
  0.50000000E+01  0.50000000E+00  0.00000000E+00  0.00000000E+00  0.10000000E+04  0.00000000E+00  0.12500000E+03  0.00000000E+00  0.69999999E+00  0.10000000E+04
  0.47500000E+01  0.25000000E+00  0.00000000E+00  0.00000000E+00  0.10000000E+04  0.00000000E+00  0.12500000E+03  0.38633799E-40  0.69999999E+00  0.10000000E+04
  0.50000000E+01  0.10000000E+01  0.00000000E+00  0.00000000E+00  0.10000000E+04  0.00000000E+00  0.12500000E+03  0.00000000E+00  0.69999999E+00  0.10000000E+04
  0.47500000E+01  0.75000000E+00  0.00000000E+00  0.00000000E+00  0.10000000E+04  0.00000000E+00  0.12500000E+03  0.00000000E+00  0.69999999E+00  0.10000000E+04
  0.50000000E+01  0.15000000E+01  0.00000000E+00  0.00000000E+00  0.10000000E+04  0.00000000E+00  0.12500000E+03 -0.00000000E+00  0.69999999E+00  0.10000000E+04
  0.47500000E+01  0.12500000E+01  0.00000000E+00  0.00000000E+00  0.10000000E+04  0.00000000E+00  0.12500000E+03 -0.00000000E+00  0.69999999E+00  0.10000000E+04
  0.50000000E+01  0.20000000E+01  0.00000000E+00  0.00000000E+00  0.10000000E+04  0.00000000E+00  0.12500000E+03  0.00000000E+00  0.69999999E+00  0.10000000E+04
  0.47500000E+01  0.17500000E+01  0.00000000E+00  0.00000000E+00  0.10000000E+04  0.00000000E+00  0.12500000E+03  0.00000000E+00  0.69999999E+00  0.10000000E+04
  0.25705111E+01  0.85156012E+00 -0.94754827E+00  0.23049378E+00  0.99819122E+03 -0.35295933E+04  0.12576698E+03  0.12576674E+03  0.10000000E+01  0.00000000E+00
  0.13837520E+01  0.89195096E+00 -0.82635367E+00 -0.99293172E+00  0.10036959E+04  0.73321445E+04  0.12561582E+03  0.12561256E+03  0.10000000E+01  0.00000000E+00
  0.17380579E+01  0.10248982E+01  0.22920722E+00 -0.50884461E+00  0.10028506E+04  0.56407998E+04  0.12546356E+03  0.12546333E+03  0.10000000E+01  0.00000000E+00
  0.20986562E+01  0.20080199E+01 -0.88553274E+00 -0.46471947E+00  0.10052012E+04  0.10365414E+05  0.12531018E+03  0.12531027E+03  0.10000000E+01  0.00000000E+00
  0.25832205E+01  0.17908560E+01  0.25171924E+00 -0.15465399E+01  0.10050474E+04  0.10054302E+05  0.12515567E+03  0.12515567E+03  0.10000000E+01  0.00000000E+00
  0.28137879E+01  0.14883394E+01  0.99624261E-01 -0.54079002E+00  0.10034376E+04  0.68146035E+04  0.12500000E+03  0.12500000E+03  0.10000000E+01  0.00000000E+00
  0.27054172E+01  0.89975524E+00 -0.60437840E+00 -0.57424033E+00  0.99695044E+03 -0.59287607E+04  0.12576698E+03  0.12575494E+03  0.10000000E+01  0.00000000E+00
  0.11794184E+01  0.94602156E+00 -0.10488732E+00 -0.76005089E+00  0.10014514E+04  0.28600229E+04  0.12561582E+03  0.12560624E+03  0.10000000E+01  0.00000000E+00
  0.97733784E+00  0.11308601E+01 -0.36128575E+00 -0.78951412E+00  0.99967603E+03 -0.63497498E+03  0.12546356E+03  0.12546037E+03  0.10000000E+01  0.00000000E+00
  0.24844816E+01  0.14045976E+01  0.18750027E+00 -0.43229762E+00  0.10030595E+04  0.60581299E+04  0.12531018E+03  0.12531038E+03  0.10000000E+01  0.00000000E+00
  0.13021282E+01  0.84563804E+00  0.44307679E+00 -0.81633121E+00  0.10035062E+04  0.69519150E+04  0.12515567E+03  0.12515567E+03  0.10000000E+01  0.00000000E+00
  0.75056958E+00  0.84519827E+00 -0.77387619E+00 -0.76763463E+00  0.10035481E+04  0.70360020E+04  0.12500000E+03  0.12500000E+03  0.10000000E+01  0.00000000E+00
  0.20163949E+01  0.11000866E+01  0.40772252E-01  0.15262532E+00  0.10038041E+04  0.75493389E+04  0.12576698E+03  0.12575644E+03  0.10000000E+01  0.00000000E+00
  0.27539165E+01  0.94047999E+00 -0.22180724E+00 -0.41616654E+00  0.99738385E+03 -0.50928096E+04  0.12561582E+03  0.12561089E+03  0.10000000E+01  0.00000000E+00
  0.29033794E+01  0.11178111E+01 -0.22386397E+00  0.30903256E+00  0.99929742E+03 -0.13755208E+04  0.12546356E+03  0.12546005E+03  0.10000000E+01  0.00000000E+00
  0.22784879E+01  0.15607859E+01 -0.57838333E+00  0.34200770E+00  0.10032545E+04  0.64480771E+04  0.12531018E+03  0.12531018E+03  0.10000000E+01  0.00000000E+00
  0.29460759E+01  0.80731487E+00  0.19408131E+00  0.63959283E+00  0.99836932E+03 -0.31837537E+04  0.12515567E+03  0.12515553E+03  0.10000000E+01  0.00000000E+00
  0.19356771E+01  0.14815397E+01 -0.85893250E+00  0.13586557E+00  0.10037537E+04  0.74483789E+04  0.12500000E+03  0.12499989E+03  0.10000000E+01  0.00000000E+00
  0.83123362E+00  0.11601585E+01 -0.46813199E+00 -0.20550087E+00  0.99987988E+03 -0.23555791E+03  0.12576698E+03  0.12576566E+03  0.10000000E+01  0.00000000E+00
  0.26389627E+01  0.88754666E+00  0.69774097E+00 -0.27229583E+00  0.99750488E+03 -0.48589141E+04  0.12561582E+03  0.12561221E+03  0.10000000E+01  0.00000000E+00
  0.21822600E+01  0.17574205E+01 -0.19806919E+01 -0.13811953E+01  0.10040231E+04  0.79891807E+04  0.12546356E+03  0.12546202E+03  0.10000000E+01  0.00000000E+00
  0.21751549E+01  0.94955444E+00  0.41310006E+00 -0.15585774E+00  0.10037998E+04  0.75407251E+04  0.12531018E+03  0.12530890E+03  0.10000000E+01  0.00000000E+00
  0.99219072E+00  0.15076010E+01  0.68740457E+00 -0.19688460E+00  0.99599933E+03 -0.77557207E+04  0.12515567E+03  0.12515567E+03  0.10000000E+01  0.00000000E+00
  0.17705755E+01  0.90489972E+00 -0.21225309E+00  0.57431453E+00  0.10077928E+04  0.15651659E+05  0.12500000E+03  0.12500012E+03  0.10000000E+01  0.00000000E+00
  0.95600200E+00  0.13389072E+01 -0.90155971E+00 -0.45800638E+00  0.99735767E+03 -0.51433433E+04  0.12561582E+03  0.12561399E+03  0.10000000E+01  0.00000000E+00
  0.21240554E+01  0.21402068E+01 -0.15250518E+01 -0.84707391E+00  0.10059153E+04  0.11814027E+05  0.12531018E+03  0.12531004E+03  0.10000000E+01  0.00000000E+00
  0.27046835E+01  0.20527377E+01 -0.11218050E+01 -0.39776939E+00  0.10067401E+04  0.13494481E+05  0.12500000E+03  0.12500000E+03  0.10000000E+01  0.00000000E+00
