  0.00000000E+00  0.00000000E+00  0.00000000E+00  0.00000000E+00  0.10008148E+04  0.16025417E+04  0.12500000E+03  0.24780824E-02  0.69999999E+00  0.99999719E+03
  0.00000000E+00  0.50000000E+00  0.00000000E+00  0.00000000E+00  0.10130363E+04  0.26599434E+05  0.12500000E+03  0.32423902E-02  0.69999999E+00  0.99999628E+03
  0.00000000E+00  0.10000000E+01  0.00000000E+00  0.00000000E+00  0.10384377E+04  0.84690164E+05  0.12500000E+03  0.36859626E-02  0.69999999E+00  0.99999561E+03
  0.00000000E+00  0.15000000E+01  0.00000000E+00  0.00000000E+00  0.10177075E+04  0.36643074E+05  0.12500000E+03  0.13683229E-02  0.69999999E+00  0.99999841E+03
  0.00000000E+00  0.20000000E+01  0.00000000E+00  0.00000000E+00  0.10168484E+04  0.34775227E+05  0.12500000E+03 -0.16674299E-02  0.69999999E+00  0.10000020E+04
  0.00000000E+00  0.25000000E+01  0.00000000E+00  0.00000000E+00  0.10034469E+04  0.68332266E+04  0.12500000E+03  0.51924930E-03  0.69999999E+00  0.99999939E+03
  0.00000000E+00  0.30000000E+01  0.00000000E+00  0.00000000E+00  0.10000026E+04  0.51455903E+01  0.12500000E+03  0.38292605E-04  0.69999999E+00  0.99999994E+03
  0.00000000E+00  0.35000000E+01  0.00000000E+00  0.00000000E+00  0.10000000E+04  0.00000000E+00  0.12500000E+03  0.00000000E+00  0.69999999E+00  0.10000000E+04
  0.00000000E+00  0.40000000E+01  0.00000000E+00  0.00000000E+00  0.10000000E+04  0.00000000E+00  0.12500000E+03  0.00000000E+00  0.69999999E+00  0.10000000E+04
 -0.25000000E+00 -0.25000000E+00  0.00000000E+00  0.00000000E+00  0.10006414E+04  0.12607445E+04  0.12500000E+03  0.52005530E-03  0.69999999E+00  0.99999939E+03
 -0.25000000E+00  0.25000000E+00  0.00000000E+00  0.00000000E+00  0.10006583E+04  0.12940863E+04  0.12500000E+03  0.11138776E-02  0.69999999E+00  0.99999872E+03
 -0.25000000E+00  0.75000000E+00  0.00000000E+00  0.00000000E+00  0.10087505E+04  0.17625684E+05  0.12500000E+03  0.48036774E-03  0.69999999E+00  0.99999945E+03
 -0.25000000E+00  0.12500000E+01  0.00000000E+00  0.00000000E+00  0.10089375E+04  0.18012564E+05  0.12500000E+03  0.11751677E-02  0.69999999E+00  0.99999866E+03
 -0.25000000E+00  0.17500000E+01  0.00000000E+00  0.00000000E+00  0.10009181E+04  0.18063798E+04  0.12500000E+03 -0.34775172E-03  0.69999999E+00  0.10000004E+04
 -0.25000000E+00  0.22500000E+01  0.00000000E+00  0.00000000E+00  0.10015139E+04  0.29839109E+04  0.12500000E+03 -0.18548567E-03  0.69999999E+00  0.10000002E+04
 -0.25000000E+00  0.27500000E+01  0.00000000E+00  0.00000000E+00  0.10000007E+04  0.14033347E+01  0.12500000E+03  0.17473474E-04  0.69999999E+00  0.10000000E+04
 -0.25000000E+00  0.32500000E+01  0.00000000E+00  0.00000000E+00  0.10000000E+04  0.00000000E+00  0.12500000E+03  0.27297294E-41  0.69999999E+00  0.10000000E+04
 -0.25000000E+00  0.37500000E+01  0.00000000E+00  0.00000000E+00  0.10000000E+04  0.00000000E+00  0.12500000E+03  0.00000000E+00  0.69999999E+00  0.10000000E+04
  0.80000000E+01  0.00000000E+00  0.00000000E+00  0.00000000E+00  0.10000000E+04  0.00000000E+00  0.12500000E+03  0.00000000E+00  0.69999999E+00  0.10000000E+04
  0.80000000E+01  0.50000000E+00  0.00000000E+00  0.00000000E+00  0.10000000E+04  0.00000000E+00  0.12500000E+03  0.00000000E+00  0.69999999E+00  0.10000000E+04
  0.80000000E+01  0.10000000E+01  0.00000000E+00  0.00000000E+00  0.10000000E+04  0.00000000E+00  0.12500000E+03  0.00000000E+00  0.69999999E+00  0.10000000E+04
  0.80000000E+01  0.15000000E+01  0.00000000E+00  0.00000000E+00  0.10000000E+04  0.00000000E+00  0.12500000E+03  0.00000000E+00  0.69999999E+00  0.10000000E+04
  0.80000000E+01  0.20000000E+01  0.00000000E+00  0.00000000E+00  0.10000000E+04  0.00000000E+00  0.12500000E+03  0.00000000E+00  0.69999999E+00  0.10000000E+04
  0.80000000E+01  0.25000000E+01  0.00000000E+00  0.00000000E+00  0.10000000E+04  0.00000000E+00  0.12500000E+03  0.00000000E+00  0.69999999E+00  0.10000000E+04
  0.80000000E+01  0.30000000E+01  0.00000000E+00  0.00000000E+00  0.10000000E+04  0.00000000E+00  0.12500000E+03  0.00000000E+00  0.69999999E+00  0.10000000E+04
  0.80000000E+01  0.35000000E+01  0.00000000E+00  0.00000000E+00  0.10000000E+04  0.00000000E+00  0.12500000E+03  0.00000000E+00  0.69999999E+00  0.10000000E+04
  0.80000000E+01  0.40000000E+01  0.00000000E+00  0.00000000E+00  0.10000000E+04  0.00000000E+00  0.12500000E+03  0.00000000E+00  0.69999999E+00  0.10000000E+04
  0.82500000E+01 -0.25000000E+00  0.00000000E+00  0.00000000E+00  0.10000000E+04  0.00000000E+00  0.12500000E+03  0.00000000E+00  0.69999999E+00  0.10000000E+04
  0.82500000E+01  0.25000000E+00  0.00000000E+00  0.00000000E+00  0.10000000E+04  0.00000000E+00  0.12500000E+03  0.00000000E+00  0.69999999E+00  0.10000000E+04
  0.82500000E+01  0.75000000E+00  0.00000000E+00  0.00000000E+00  0.10000000E+04  0.00000000E+00  0.12500000E+03  0.00000000E+00  0.69999999E+00  0.10000000E+04
  0.82500000E+01  0.12500000E+01  0.00000000E+00  0.00000000E+00  0.10000000E+04  0.00000000E+00  0.12500000E+03  0.00000000E+00  0.69999999E+00  0.10000000E+04
  0.82500000E+01  0.17500000E+01  0.00000000E+00  0.00000000E+00  0.10000000E+04  0.00000000E+00  0.12500000E+03  0.00000000E+00  0.69999999E+00  0.10000000E+04
  0.82500000E+01  0.22500000E+01  0.00000000E+00  0.00000000E+00  0.10000000E+04  0.00000000E+00  0.12500000E+03  0.00000000E+00  0.69999999E+00  0.10000000E+04
  0.82500000E+01  0.27500000E+01  0.00000000E+00  0.00000000E+00  0.10000000E+04  0.00000000E+00  0.12500000E+03  0.00000000E+00  0.69999999E+00  0.10000000E+04
  0.82500000E+01  0.32500000E+01  0.00000000E+00  0.00000000E+00  0.10000000E+04  0.00000000E+00  0.12500000E+03  0.00000000E+00  0.69999999E+00  0.10000000E+04
  0.82500000E+01  0.37500000E+01  0.00000000E+00  0.00000000E+00  0.10000000E+04  0.00000000E+00  0.12500000E+03  0.00000000E+00  0.69999999E+00  0.10000000E+04
  0.50000000E+00  0.00000000E+00  0.00000000E+00  0.00000000E+00  0.10320560E+04  0.69275891E+05  0.12500000E+03  0.12584552E-01  0.69999999E+00  0.99998517E+03
  0.10000000E+01  0.00000000E+00  0.00000000E+00  0.00000000E+00  0.10609268E+04  0.14374655E+06  0.12500000E+03  0.72880820E-02  0.69999999E+00  0.99999115E+03
  0.15000000E+01  0.00000000E+00  0.00000000E+00  0.00000000E+00  0.10377823E+04  0.83080727E+05  0.12500000E+03  0.22063449E-01  0.69999999E+00  0.99997382E+03
  0.20000000E+01  0.00000000E+00  0.00000000E+00  0.00000000E+00  0.11401565E+04  0.42173878E+06  0.12500000E+03  0.25416242E-01  0.69999999E+00  0.99996686E+03
  0.25000000E+01  0.00000000E+00  0.00000000E+00  0.00000000E+00  0.10333468E+04  0.72347789E+05  0.12500000E+03  0.76678707E-02  0.69999999E+00  0.99999097E+03
  0.30000000E+01  0.00000000E+00  0.00000000E+00  0.00000000E+00  0.10334280E+04  0.72541766E+05  0.12500000E+03  0.93778726E-02  0.69999999E+00  0.99998895E+03
  0.35000000E+01  0.00000000E+00  0.00000000E+00  0.00000000E+00  0.10010979E+04  0.21612224E+04  0.12500000E+03  0.38571700E-02  0.69999999E+00  0.99999561E+03
  0.40000000E+01  0.00000000E+00  0.00000000E+00  0.00000000E+00  0.10000137E+04  0.26898298E+02  0.12500000E+03 -0.68247195E-04  0.69999999E+00  0.10000001E+04
  0.45000000E+01  0.00000000E+00  0.00000000E+00  0.00000000E+00  0.10000000E+04  0.00000000E+00  0.12500000E+03  0.17198977E-39  0.69999999E+00  0.10000000E+04
  0.50000000E+01  0.00000000E+00  0.00000000E+00  0.00000000E+00  0.10000000E+04  0.00000000E+00  0.12500000E+03 -0.32790384E-42  0.69999999E+00  0.10000000E+04
  0.55000000E+01  0.00000000E+00  0.00000000E+00  0.00000000E+00  0.10000000E+04  0.00000000E+00  0.12500000E+03  0.00000000E+00  0.69999999E+00  0.10000000E+04
  0.60000000E+01  0.00000000E+00  0.00000000E+00  0.00000000E+00  0.10000000E+04  0.00000000E+00  0.12500000E+03  0.00000000E+00  0.69999999E+00  0.10000000E+04
  0.65000000E+01  0.00000000E+00  0.00000000E+00  0.00000000E+00  0.10000000E+04  0.00000000E+00  0.12500000E+03  0.00000000E+00  0.69999999E+00  0.10000000E+04
  0.70000000E+01  0.00000000E+00  0.00000000E+00  0.00000000E+00  0.10000000E+04  0.00000000E+00  0.12500000E+03  0.00000000E+00  0.69999999E+00  0.10000000E+04
  0.75000000E+01  0.00000000E+00  0.00000000E+00  0.00000000E+00  0.10000000E+04  0.00000000E+00  0.12500000E+03  0.00000000E+00  0.69999999E+00  0.10000000E+04
  0.25000000E+00 -0.25000000E+00  0.00000000E+00  0.00000000E+00  0.10056355E+04  0.11245550E+05  0.12500000E+03  0.33213422E-02  0.69999999E+00  0.99999615E+03
  0.75000000E+00 -0.25000000E+00  0.00000000E+00  0.00000000E+00  0.10252463E+04  0.53446922E+05  0.12500000E+03  0.90093594E-02  0.69999999E+00  0.99998944E+03
  0.12500000E+01 -0.25000000E+00  0.00000000E+00  0.00000000E+00  0.10110626E+04  0.22438633E+05  0.12500000E+03  0.72061988E-02  0.69999999E+00  0.99999170E+03
  0.17500000E+01 -0.25000000E+00  0.00000000E+00  0.00000000E+00  0.10149729E+04  0.30729881E+05  0.12500000E+03  0.10962497E-01  0.69999999E+00  0.99998730E+03
  0.22500000E+01 -0.25000000E+00  0.00000000E+00  0.00000000E+00  0.10012197E+04  0.24019233E+04  0.12500000E+03  0.10839401E-01  0.69999999E+00  0.99998761E+03
  0.27500000E+01 -0.25000000E+00  0.00000000E+00  0.00000000E+00  0.10031277E+04  0.61944165E+04  0.12500000E+03  0.50268229E-02  0.69999999E+00  0.99999426E+03
  0.32500000E+01 -0.25000000E+00  0.00000000E+00  0.00000000E+00  0.10005316E+04  0.10448086E+04  0.12500000E+03  0.34775054E-02  0.69999999E+00  0.99999603E+03
  0.37500000E+01 -0.25000000E+00  0.00000000E+00  0.00000000E+00  0.10000070E+04  0.13565822E+02  0.12500000E+03 -0.15635355E-03  0.69999999E+00  0.10000002E+04
  0.42500000E+01 -0.25000000E+00  0.00000000E+00  0.00000000E+00  0.10000000E+04  0.00000000E+00  0.12500000E+03 -0.73982922E-36  0.69999999E+00  0.10000000E+04
  0.47500000E+01 -0.25000000E+00  0.00000000E+00  0.00000000E+00  0.10000000E+04  0.00000000E+00  0.12500000E+03 -0.39711117E-39  0.69999999E+00  0.10000000E+04
  0.52500000E+01 -0.25000000E+00  0.00000000E+00  0.00000000E+00  0.10000000E+04  0.00000000E+00  0.12500000E+03  0.00000000E+00  0.69999999E+00  0.10000000E+04
  0.57500000E+01 -0.25000000E+00  0.00000000E+00  0.00000000E+00  0.10000000E+04  0.00000000E+00  0.12500000E+03  0.00000000E+00  0.69999999E+00  0.10000000E+04
  0.62500000E+01 -0.25000000E+00  0.00000000E+00  0.00000000E+00  0.10000000E+04  0.00000000E+00  0.12500000E+03  0.00000000E+00  0.69999999E+00  0.10000000E+04
  0.67500000E+01 -0.25000000E+00  0.00000000E+00  0.00000000E+00  0.10000000E+04  0.00000000E+00  0.12500000E+03  0.00000000E+00  0.69999999E+00  0.10000000E+04
  0.72500000E+01 -0.25000000E+00  0.00000000E+00  0.00000000E+00  0.10000000E+04  0.00000000E+00  0.12500000E+03  0.00000000E+00  0.69999999E+00  0.10000000E+04
  0.77500000E+01 -0.25000000E+00  0.00000000E+00  0.00000000E+00  0.10000000E+04  0.00000000E+00  0.12500000E+03  0.00000000E+00  0.69999999E+00  0.10000000E+04
  0.40000000E+01  0.50000000E+00  0.00000000E+00  0.00000000E+00  0.10011230E+04  0.22109026E+04  0.12500000E+03 -0.35189145E-03  0.69999999E+00  0.10000004E+04
  0.37500000E+01  0.25000000E+00  0.00000000E+00  0.00000000E+00  0.10021339E+04  0.42137397E+04  0.12500000E+03 -0.17295303E-02  0.69999999E+00  0.10000020E+04
  0.40000000E+01  0.10000000E+01  0.00000000E+00  0.00000000E+00  0.10033339E+04  0.66067129E+04  0.12500000E+03 -0.12981598E-03  0.69999999E+00  0.10000001E+04
  0.37500000E+01  0.75000000E+00  0.00000000E+00  0.00000000E+00  0.10360657E+04  0.78894188E+05  0.12500000E+03  0.97407948E-03  0.69999999E+00  0.99999884E+03
  0.40000000E+01  0.15000000E+01  0.00000000E+00  0.00000000E+00  0.10001334E+04  0.26182614E+03  0.12500000E+03  0.42239082E-03  0.69999999E+00  0.99999951E+03
  0.37500000E+01  0.12500000E+01  0.00000000E+00  0.00000000E+00  0.10236217E+04  0.49762426E+05  0.12500000E+03  0.10066265E-02  0.69999999E+00  0.99999884E+03
  0.40000000E+01  0.20000000E+01  0.00000000E+00  0.00000000E+00  0.10010588E+04  0.20840093E+04  0.12500000E+03  0.32330409E-03  0.69999999E+00  0.99999963E+03
  0.37500000E+01  0.17500000E+01  0.00000000E+00  0.00000000E+00  0.10206023E+04  0.43007730E+05  0.12500000E+03  0.20479716E-02  0.69999999E+00  0.99999762E+03
  0.45000000E+01  0.50000000E+00  0.00000000E+00  0.00000000E+00  0.10000000E+04  0.00000000E+00  0.12500000E+03  0.11690417E-38  0.69999999E+00  0.10000000E+04
  0.42500000E+01  0.25000000E+00  0.00000000E+00  0.00000000E+00  0.10000018E+04  0.35083482E+01  0.12500000E+03 -0.74084828E-05  0.69999999E+00  0.10000000E+04
  0.45000000E+01  0.10000000E+01  0.00000000E+00  0.00000000E+00  0.10000000E+04  0.00000000E+00  0.12500000E+03 -0.90523881E-42  0.69999999E+00  0.10000000E+04
  0.42500000E+01  0.75000000E+00  0.00000000E+00  0.00000000E+00  0.10000944E+04  0.18529227E+03  0.12500000E+03 -0.12924058E-04  0.69999999E+00  0.10000000E+04
  0.45000000E+01  0.15000000E+01  0.00000000E+00  0.00000000E+00  0.10000000E+04  0.00000000E+00  0.12500000E+03 -0.27969917E-41  0.69999999E+00  0.10000000E+04
  0.42500000E+01  0.12500000E+01  0.00000000E+00  0.00000000E+00  0.10000066E+04  0.12864128E+02  0.12500000E+03  0.34267537E-05  0.69999999E+00  0.10000000E+04
  0.45000000E+01  0.20000000E+01  0.00000000E+00  0.00000000E+00  0.10000000E+04  0.00000000E+00  0.12500000E+03  0.27241242E-41  0.69999999E+00  0.10000000E+04
  0.42500000E+01  0.17500000E+01  0.00000000E+00  0.00000000E+00  0.10000031E+04  0.60811610E+01  0.12500000E+03 -0.35628464E-05  0.69999999E+00  0.10000000E+04
  0.50000000E+01  0.50000000E+00  0.00000000E+00  0.00000000E+00  0.10000000E+04  0.00000000E+00  0.12500000E+03  0.26064151E-42  0.69999999E+00  0.10000000E+04
  0.47500000E+01  0.25000000E+00  0.00000000E+00  0.00000000E+00  0.10000000E+04  0.00000000E+00  0.12500000E+03  0.39232714E-39  0.69999999E+00  0.10000000E+04
  0.50000000E+01  0.10000000E+01  0.00000000E+00  0.00000000E+00  0.10000000E+04  0.00000000E+00  0.12500000E+03  0.00000000E+00  0.69999999E+00  0.10000000E+04
  0.47500000E+01  0.75000000E+00  0.00000000E+00  0.00000000E+00  0.10000000E+04  0.00000000E+00  0.12500000E+03  0.32790384E-42  0.69999999E+00  0.10000000E+04
  0.50000000E+01  0.15000000E+01  0.00000000E+00  0.00000000E+00  0.10000000E+04  0.00000000E+00  0.12500000E+03 -0.19590153E-41  0.69999999E+00  0.10000000E+04
  0.47500000E+01  0.12500000E+01  0.00000000E+00  0.00000000E+00  0.10000000E+04  0.00000000E+00  0.12500000E+03 -0.18833451E-41  0.69999999E+00  0.10000000E+04
  0.50000000E+01  0.20000000E+01  0.00000000E+00  0.00000000E+00  0.10000000E+04  0.00000000E+00  0.12500000E+03  0.18581218E-41  0.69999999E+00  0.10000000E+04
  0.47500000E+01  0.17500000E+01  0.00000000E+00  0.00000000E+00  0.10000000E+04  0.00000000E+00  0.12500000E+03  0.00000000E+00  0.69999999E+00  0.10000000E+04
  0.26320679E+01  0.87648094E+00  0.31008762E+00 -0.43668023E+00  0.10043115E+04  0.85692520E+04  0.12576698E+03  0.12576674E+03  0.10000000E+01  0.00000000E+00
  0.84641516E+00  0.11161255E+01 -0.23036292E+00  0.73144233E+00  0.10015988E+04  0.31517646E+04  0.12561582E+03  0.12561256E+03  0.10000000E+01  0.00000000E+00
  0.16305783E+01  0.91461539E+00  0.42478335E+00  0.17199175E+00  0.10027101E+04  0.53606504E+04  0.12546356E+03  0.12546333E+03  0.10000000E+01  0.00000000E+00
  0.17550466E+01  0.15733647E+01  0.11898774E+01  0.45452374E+00  0.10033604E+04  0.66599263E+04  0.12531018E+03  0.12531027E+03  0.10000000E+01  0.00000000E+00
  0.27749357E+01  0.14817287E+01  0.13264346E+00 -0.94741270E-01  0.10005759E+04  0.11318700E+04  0.12515567E+03  0.12515567E+03  0.10000000E+01  0.00000000E+00
  0.23270936E+01  0.15171118E+01 -0.74694359E+00 -0.22723004E+00  0.10033092E+04  0.65575635E+04  0.12500000E+03  0.12500000E+03  0.10000000E+01  0.00000000E+00
  0.28011699E+01  0.96571529E+00 -0.26330835E+00 -0.19431631E+00  0.10034242E+04  0.67876250E+04  0.12576698E+03  0.12575461E+03  0.10000000E+01  0.00000000E+00
  0.88671327E+00  0.11192811E+01 -0.23212522E+00 -0.43525010E+00  0.10001655E+04  0.32503271E+03  0.12561582E+03  0.12560624E+03  0.10000000E+01  0.00000000E+00
  0.10519047E+01  0.89037716E+00  0.46352684E+00 -0.70236635E+00  0.10022103E+04  0.43653896E+04  0.12546356E+03  0.12546037E+03  0.10000000E+01  0.00000000E+00
  0.26209233E+01  0.13308846E+01  0.11380312E+01 -0.75174198E-01  0.99845227E+03 -0.30226292E+04  0.12531018E+03  0.12531038E+03  0.10000000E+01  0.00000000E+00
  0.12188197E+01  0.86606240E+00 -0.31644148E+00 -0.33312115E+00  0.10030949E+04  0.61288872E+04  0.12515567E+03  0.12515535E+03  0.10000000E+01  0.00000000E+00
  0.65948069E+00  0.94498229E+00 -0.11708781E-01 -0.25739324E+00  0.10133733E+04  0.27314783E+05  0.12500000E+03  0.12500000E+03  0.10000000E+01  0.00000000E+00
  0.20096242E+01  0.94715476E+00  0.25734872E+00  0.18570483E+00  0.10112501E+04  0.22831863E+05  0.12576698E+03  0.12575644E+03  0.10000000E+01  0.00000000E+00
  0.27563961E+01  0.90735126E+00 -0.32067105E+00 -0.21241727E+00  0.10034688E+04  0.68769238E+04  0.12561582E+03  0.12561059E+03  0.10000000E+01  0.00000000E+00
  0.27235312E+01  0.13654886E+01 -0.62529409E+00  0.21805158E+00  0.99943121E+03 -0.11140970E+04  0.12546356E+03  0.12546005E+03  0.10000000E+01  0.00000000E+00
  0.18747587E+01  0.98313916E+00 -0.88766289E+00 -0.51538348E+00  0.99680688E+03 -0.62052446E+04  0.12531018E+03  0.12531018E+03  0.10000000E+01  0.00000000E+00
  0.29566140E+01  0.88934815E+00 -0.14846224E+00  0.70072305E+00  0.10051174E+04  0.10195835E+05  0.12515567E+03  0.12515553E+03  0.10000000E+01  0.00000000E+00
  0.11381810E+01  0.17351999E+01  0.53010534E-01 -0.84541810E+00  0.99424591E+03 -0.11096544E+05  0.12500000E+03  0.12499989E+03  0.10000000E+01  0.00000000E+00
  0.10025153E+01  0.15099403E+01  0.60661766E-02 -0.57280308E+00  0.99807416E+03 -0.37567107E+04  0.12576698E+03  0.12576566E+03  0.10000000E+01  0.00000000E+00
  0.26969023E+01  0.87745404E+00 -0.11534774E+01 -0.27462533E+00  0.10033682E+04  0.66754385E+04  0.12561582E+03  0.12561228E+03  0.10000000E+01  0.00000000E+00
  0.15643942E+01  0.12600017E+01  0.48919171E+00 -0.82144715E-01  0.99569336E+03 -0.83411904E+04  0.12546356E+03  0.12546202E+03  0.10000000E+01  0.00000000E+00
  0.20785563E+01  0.10145385E+01  0.27627492E+00  0.26056895E-01  0.10073048E+04  0.14649922E+05  0.12531018E+03  0.12530890E+03  0.10000000E+01  0.00000000E+00
  0.13668391E+01  0.19813912E+01  0.14748397E+01 -0.54201609E+00  0.10015440E+04  0.30433936E+04  0.12515567E+03  0.12515567E+03  0.10000000E+01  0.00000000E+00
  0.13463738E+01  0.81960571E+00 -0.25878161E+00 -0.17840162E+00  0.10055798E+04  0.11132597E+05  0.12500000E+03  0.12500012E+03  0.10000000E+01  0.00000000E+00
  0.10316668E+01  0.16627829E+01  0.68972141E+00 -0.51191479E+00  0.99835577E+03 -0.32101562E+04  0.12561582E+03  0.12561399E+03  0.10000000E+01  0.00000000E+00
  0.12071186E+01  0.20588923E+01  0.21761081E+01 -0.56025779E+00  0.10033782E+04  0.66957246E+04  0.12531018E+03  0.12531004E+03  0.10000000E+01  0.00000000E+00
  0.19617190E+01  0.17679839E+01 -0.83650100E+00  0.11895607E+01  0.10061310E+04  0.12252412E+05  0.12500000E+03  0.12500000E+03  0.10000000E+01  0.00000000E+00
