  0.00000000E+00  0.00000000E+00  0.00000000E+00  0.00000000E+00  0.10020710E+04  0.40886804E+04  0.12500000E+03  0.19558293E-02  0.69999999E+00  0.99999774E+03
  0.00000000E+00  0.50000000E+00  0.00000000E+00  0.00000000E+00  0.10270881E+04  0.57666301E+05  0.12500000E+03  0.15732204E-02  0.69999999E+00  0.99999817E+03
  0.00000000E+00  0.10000000E+01  0.00000000E+00  0.00000000E+00  0.10602133E+04  0.14175411E+06  0.12500000E+03  0.24500776E-02  0.69999999E+00  0.99999701E+03
  0.00000000E+00  0.15000000E+01  0.00000000E+00  0.00000000E+00  0.10366320E+04  0.80270570E+05  0.12500000E+03  0.90647745E-03  0.69999999E+00  0.99999890E+03
  0.00000000E+00  0.20000000E+01  0.00000000E+00  0.00000000E+00  0.10085659E+04  0.17244404E+05  0.12500000E+03 -0.74015895E-03  0.69999999E+00  0.10000009E+04
  0.00000000E+00  0.25000000E+01  0.00000000E+00  0.00000000E+00  0.10002810E+04  0.55174042E+03  0.12500000E+03  0.14213950E-03  0.69999999E+00  0.99999982E+03
  0.00000000E+00  0.30000000E+01  0.00000000E+00  0.00000000E+00  0.10000000E+04  0.00000000E+00  0.12500000E+03  0.00000000E+00  0.69999999E+00  0.10000000E+04
  0.00000000E+00  0.35000000E+01  0.00000000E+00  0.00000000E+00  0.10000000E+04  0.00000000E+00  0.12500000E+03  0.00000000E+00  0.69999999E+00  0.10000000E+04
  0.00000000E+00  0.40000000E+01  0.00000000E+00  0.00000000E+00  0.10000000E+04  0.00000000E+00  0.12500000E+03  0.00000000E+00  0.69999999E+00  0.10000000E+04
 -0.25000000E+00 -0.25000000E+00  0.00000000E+00  0.00000000E+00  0.10006414E+04  0.12607445E+04  0.12500000E+03  0.52005530E-03  0.69999999E+00  0.99999939E+03
 -0.25000000E+00  0.25000000E+00  0.00000000E+00  0.00000000E+00  0.10016552E+04  0.32634783E+04  0.12500000E+03  0.78674633E-03  0.69999999E+00  0.99999908E+03
 -0.25000000E+00  0.75000000E+00  0.00000000E+00  0.00000000E+00  0.10055978E+04  0.11169114E+05  0.12500000E+03  0.42902982E-04  0.69999999E+00  0.99999994E+03
 -0.25000000E+00  0.12500000E+01  0.00000000E+00  0.00000000E+00  0.10050121E+04  0.99827139E+04  0.12500000E+03  0.80720062E-03  0.69999999E+00  0.99999908E+03
 -0.25000000E+00  0.17500000E+01  0.00000000E+00  0.00000000E+00  0.10008645E+04  0.17005657E+04  0.12500000E+03 -0.21933176E-03  0.69999999E+00  0.10000002E+04
 -0.25000000E+00  0.22500000E+01  0.00000000E+00  0.00000000E+00  0.10004747E+04  0.93267188E+03  0.12500000E+03 -0.90573652E-04  0.69999999E+00  0.10000001E+04
 -0.25000000E+00  0.27500000E+01  0.00000000E+00  0.00000000E+00  0.10000000E+04  0.00000000E+00  0.12500000E+03  0.00000000E+00  0.69999999E+00  0.10000000E+04
 -0.25000000E+00  0.32500000E+01  0.00000000E+00  0.00000000E+00  0.10000000E+04  0.00000000E+00  0.12500000E+03  0.00000000E+00  0.69999999E+00  0.10000000E+04
 -0.25000000E+00  0.37500000E+01  0.00000000E+00  0.00000000E+00  0.10000000E+04  0.00000000E+00  0.12500000E+03  0.00000000E+00  0.69999999E+00  0.10000000E+04
  0.80000000E+01  0.00000000E+00  0.00000000E+00  0.00000000E+00  0.10000000E+04  0.00000000E+00  0.12500000E+03  0.00000000E+00  0.69999999E+00  0.10000000E+04
  0.80000000E+01  0.50000000E+00  0.00000000E+00  0.00000000E+00  0.10000000E+04  0.00000000E+00  0.12500000E+03  0.00000000E+00  0.69999999E+00  0.10000000E+04
  0.80000000E+01  0.10000000E+01  0.00000000E+00  0.00000000E+00  0.10000000E+04  0.00000000E+00  0.12500000E+03  0.00000000E+00  0.69999999E+00  0.10000000E+04
  0.80000000E+01  0.15000000E+01  0.00000000E+00  0.00000000E+00  0.10000000E+04  0.00000000E+00  0.12500000E+03  0.00000000E+00  0.69999999E+00  0.10000000E+04
  0.80000000E+01  0.20000000E+01  0.00000000E+00  0.00000000E+00  0.10000000E+04  0.00000000E+00  0.12500000E+03  0.00000000E+00  0.69999999E+00  0.10000000E+04
  0.80000000E+01  0.25000000E+01  0.00000000E+00  0.00000000E+00  0.10000000E+04  0.00000000E+00  0.12500000E+03  0.00000000E+00  0.69999999E+00  0.10000000E+04
  0.80000000E+01  0.30000000E+01  0.00000000E+00  0.00000000E+00  0.10000000E+04  0.00000000E+00  0.12500000E+03  0.00000000E+00  0.69999999E+00  0.10000000E+04
  0.80000000E+01  0.35000000E+01  0.00000000E+00  0.00000000E+00  0.10000000E+04  0.00000000E+00  0.12500000E+03  0.00000000E+00  0.69999999E+00  0.10000000E+04
  0.80000000E+01  0.40000000E+01  0.00000000E+00  0.00000000E+00  0.10000000E+04  0.00000000E+00  0.12500000E+03  0.00000000E+00  0.69999999E+00  0.10000000E+04
  0.82500000E+01 -0.25000000E+00  0.00000000E+00  0.00000000E+00  0.10000000E+04  0.00000000E+00  0.12500000E+03  0.00000000E+00  0.69999999E+00  0.10000000E+04
  0.82500000E+01  0.25000000E+00  0.00000000E+00  0.00000000E+00  0.10000000E+04  0.00000000E+00  0.12500000E+03  0.00000000E+00  0.69999999E+00  0.10000000E+04
  0.82500000E+01  0.75000000E+00  0.00000000E+00  0.00000000E+00  0.10000000E+04  0.00000000E+00  0.12500000E+03  0.00000000E+00  0.69999999E+00  0.10000000E+04
  0.82500000E+01  0.12500000E+01  0.00000000E+00  0.00000000E+00  0.10000000E+04  0.00000000E+00  0.12500000E+03  0.00000000E+00  0.69999999E+00  0.10000000E+04
  0.82500000E+01  0.17500000E+01  0.00000000E+00  0.00000000E+00  0.10000000E+04  0.00000000E+00  0.12500000E+03  0.00000000E+00  0.69999999E+00  0.10000000E+04
  0.82500000E+01  0.22500000E+01  0.00000000E+00  0.00000000E+00  0.10000000E+04  0.00000000E+00  0.12500000E+03  0.00000000E+00  0.69999999E+00  0.10000000E+04
  0.82500000E+01  0.27500000E+01  0.00000000E+00  0.00000000E+00  0.10000000E+04  0.00000000E+00  0.12500000E+03  0.00000000E+00  0.69999999E+00  0.10000000E+04
  0.82500000E+01  0.32500000E+01  0.00000000E+00  0.00000000E+00  0.10000000E+04  0.00000000E+00  0.12500000E+03  0.00000000E+00  0.69999999E+00  0.10000000E+04
  0.82500000E+01  0.37500000E+01  0.00000000E+00  0.00000000E+00  0.10000000E+04  0.00000000E+00  0.12500000E+03  0.00000000E+00  0.69999999E+00  0.10000000E+04
  0.50000000E+00  0.00000000E+00  0.00000000E+00  0.00000000E+00  0.10335033E+04  0.72721859E+05  0.12500000E+03  0.94180629E-02  0.69999999E+00  0.99998889E+03
  0.10000000E+01  0.00000000E+00  0.00000000E+00  0.00000000E+00  0.10329661E+04  0.71439258E+05  0.12500000E+03  0.43497193E-02  0.69999999E+00  0.99999487E+03
  0.15000000E+01  0.00000000E+00  0.00000000E+00  0.00000000E+00  0.10330520E+04  0.71644172E+05  0.12500000E+03  0.17141119E-01  0.69999999E+00  0.99997974E+03
  0.20000000E+01  0.00000000E+00  0.00000000E+00  0.00000000E+00  0.11479253E+04  0.45591503E+06  0.12500000E+03  0.19061258E-01  0.69999999E+00  0.99997498E+03
  0.25000000E+01  0.00000000E+00  0.00000000E+00  0.00000000E+00  0.10049425E+04  0.98422344E+04  0.12500000E+03  0.27550734E-02  0.69999999E+00  0.99999683E+03
  0.30000000E+01  0.00000000E+00  0.00000000E+00  0.00000000E+00  0.10198956E+04  0.41444027E+05  0.12500000E+03  0.46543237E-02  0.69999999E+00  0.99999457E+03
  0.35000000E+01  0.00000000E+00  0.00000000E+00  0.00000000E+00  0.10033145E+04  0.65680605E+04  0.12500000E+03  0.17896630E-02  0.69999999E+00  0.99999792E+03
  0.40000000E+01  0.00000000E+00  0.00000000E+00  0.00000000E+00  0.10000137E+04  0.26898298E+02  0.12500000E+03 -0.68247195E-04  0.69999999E+00  0.10000001E+04
  0.45000000E+01  0.00000000E+00  0.00000000E+00  0.00000000E+00  0.10000000E+04  0.00000000E+00  0.12500000E+03  0.45962590E-42  0.69999999E+00  0.10000000E+04
  0.50000000E+01  0.00000000E+00  0.00000000E+00  0.00000000E+00  0.10000000E+04  0.00000000E+00  0.12500000E+03 -0.00000000E+00  0.69999999E+00  0.10000000E+04
  0.55000000E+01  0.00000000E+00  0.00000000E+00  0.00000000E+00  0.10000000E+04  0.00000000E+00  0.12500000E+03  0.00000000E+00  0.69999999E+00  0.10000000E+04
  0.60000000E+01  0.00000000E+00  0.00000000E+00  0.00000000E+00  0.10000000E+04  0.00000000E+00  0.12500000E+03  0.00000000E+00  0.69999999E+00  0.10000000E+04
  0.65000000E+01  0.00000000E+00  0.00000000E+00  0.00000000E+00  0.10000000E+04  0.00000000E+00  0.12500000E+03  0.00000000E+00  0.69999999E+00  0.10000000E+04
  0.70000000E+01  0.00000000E+00  0.00000000E+00  0.00000000E+00  0.10000000E+04  0.00000000E+00  0.12500000E+03  0.00000000E+00  0.69999999E+00  0.10000000E+04
  0.75000000E+01  0.00000000E+00  0.00000000E+00  0.00000000E+00  0.10000000E+04  0.00000000E+00  0.12500000E+03  0.00000000E+00  0.69999999E+00  0.10000000E+04
  0.25000000E+00 -0.25000000E+00  0.00000000E+00  0.00000000E+00  0.10055095E+04  0.10989947E+05  0.12500000E+03  0.28115353E-02  0.69999999E+00  0.99999677E+03
  0.75000000E+00 -0.25000000E+00  0.00000000E+00  0.00000000E+00  0.10225323E+04  0.47311609E+05  0.12500000E+03  0.71414602E-02  0.69999999E+00  0.99999164E+03
  0.12500000E+01 -0.25000000E+00  0.00000000E+00  0.00000000E+00  0.10089590E+04  0.18056975E+05  0.12500000E+03  0.58884211E-02  0.69999999E+00  0.99999323E+03
  0.17500000E+01 -0.25000000E+00  0.00000000E+00  0.00000000E+00  0.10167944E+04  0.34658121E+05  0.12500000E+03  0.89070257E-02  0.69999999E+00  0.99998962E+03
  0.22500000E+01 -0.25000000E+00  0.00000000E+00  0.00000000E+00  0.10002195E+04  0.43087256E+03  0.12500000E+03  0.79016890E-02  0.69999999E+00  0.99999097E+03
  0.27500000E+01 -0.25000000E+00  0.00000000E+00  0.00000000E+00  0.10006830E+04  0.13426964E+04  0.12500000E+03  0.20159476E-02  0.69999999E+00  0.99999768E+03
  0.32500000E+01 -0.25000000E+00  0.00000000E+00  0.00000000E+00  0.10000044E+04  0.86539936E+01  0.12500000E+03  0.18249920E-02  0.69999999E+00  0.99999792E+03
  0.37500000E+01 -0.25000000E+00  0.00000000E+00  0.00000000E+00  0.10000070E+04  0.13565822E+02  0.12500000E+03 -0.15635355E-03  0.69999999E+00  0.10000002E+04
  0.42500000E+01 -0.25000000E+00  0.00000000E+00  0.00000000E+00  0.10000000E+04  0.00000000E+00  0.12500000E+03 -0.14495676E-38  0.69999999E+00  0.10000000E+04
  0.47500000E+01 -0.25000000E+00  0.00000000E+00  0.00000000E+00  0.10000000E+04  0.00000000E+00  0.12500000E+03 -0.37554799E-42  0.69999999E+00  0.10000000E+04
  0.52500000E+01 -0.25000000E+00  0.00000000E+00  0.00000000E+00  0.10000000E+04  0.00000000E+00  0.12500000E+03  0.00000000E+00  0.69999999E+00  0.10000000E+04
  0.57500000E+01 -0.25000000E+00  0.00000000E+00  0.00000000E+00  0.10000000E+04  0.00000000E+00  0.12500000E+03  0.00000000E+00  0.69999999E+00  0.10000000E+04
  0.62500000E+01 -0.25000000E+00  0.00000000E+00  0.00000000E+00  0.10000000E+04  0.00000000E+00  0.12500000E+03  0.00000000E+00  0.69999999E+00  0.10000000E+04
  0.67500000E+01 -0.25000000E+00  0.00000000E+00  0.00000000E+00  0.10000000E+04  0.00000000E+00  0.12500000E+03  0.00000000E+00  0.69999999E+00  0.10000000E+04
  0.72500000E+01 -0.25000000E+00  0.00000000E+00  0.00000000E+00  0.10000000E+04  0.00000000E+00  0.12500000E+03  0.00000000E+00  0.69999999E+00  0.10000000E+04
  0.77500000E+01 -0.25000000E+00  0.00000000E+00  0.00000000E+00  0.10000000E+04  0.00000000E+00  0.12500000E+03  0.00000000E+00  0.69999999E+00  0.10000000E+04
  0.40000000E+01  0.50000000E+00  0.00000000E+00  0.00000000E+00  0.10012186E+04  0.23998030E+04  0.12500000E+03 -0.18486289E-03  0.69999999E+00  0.10000002E+04
  0.37500000E+01  0.25000000E+00  0.00000000E+00  0.00000000E+00  0.10041196E+04  0.81833057E+04  0.12500000E+03 -0.77653251E-03  0.69999999E+00  0.10000009E+04
  0.40000000E+01  0.10000000E+01  0.00000000E+00  0.00000000E+00  0.10051472E+04  0.10256131E+05  0.12500000E+03 -0.80169979E-04  0.69999999E+00  0.10000001E+04
  0.37500000E+01  0.75000000E+00  0.00000000E+00  0.00000000E+00  0.10590967E+04  0.13865277E+06  0.12500000E+03  0.71517657E-03  0.69999999E+00  0.99999915E+03
  0.40000000E+01  0.15000000E+01  0.00000000E+00  0.00000000E+00  0.10011765E+04  0.23164097E+04  0.12500000E+03  0.18542988E-03  0.69999999E+00  0.99999982E+03
  0.37500000E+01  0.12500000E+01  0.00000000E+00  0.00000000E+00  0.10439200E+04  0.98393625E+05  0.12500000E+03  0.29995642E-03  0.69999999E+00  0.99999963E+03
  0.40000000E+01  0.20000000E+01  0.00000000E+00  0.00000000E+00  0.10002026E+04  0.39785248E+03  0.12500000E+03  0.18328654E-03  0.69999999E+00  0.99999982E+03
  0.37500000E+01  0.17500000E+01  0.00000000E+00  0.00000000E+00  0.10286915E+04  0.61376629E+05  0.12500000E+03  0.99801016E-03  0.69999999E+00  0.99999884E+03
  0.45000000E+01  0.50000000E+00  0.00000000E+00  0.00000000E+00  0.10000000E+04  0.00000000E+00  0.12500000E+03  0.16955711E-41  0.69999999E+00  0.10000000E+04
  0.42500000E+01  0.25000000E+00  0.00000000E+00  0.00000000E+00  0.10000018E+04  0.35083482E+01  0.12500000E+03 -0.74084828E-05  0.69999999E+00  0.10000000E+04
  0.45000000E+01  0.10000000E+01  0.00000000E+00  0.00000000E+00  0.10000000E+04  0.00000000E+00  0.12500000E+03 -0.00000000E+00  0.69999999E+00  0.10000000E+04
  0.42500000E+01  0.75000000E+00  0.00000000E+00  0.00000000E+00  0.10000944E+04  0.18529227E+03  0.12500000E+03 -0.75637886E-05  0.69999999E+00  0.10000000E+04
  0.45000000E+01  0.15000000E+01  0.00000000E+00  0.00000000E+00  0.10000000E+04  0.00000000E+00  0.12500000E+03  0.00000000E+00  0.69999999E+00  0.10000000E+04
  0.42500000E+01  0.12500000E+01  0.00000000E+00  0.00000000E+00  0.10000066E+04  0.12864128E+02  0.12500000E+03  0.34267537E-05  0.69999999E+00  0.10000000E+04
  0.45000000E+01  0.20000000E+01  0.00000000E+00  0.00000000E+00  0.10000000E+04  0.00000000E+00  0.12500000E+03  0.00000000E+00  0.69999999E+00  0.10000000E+04
  0.42500000E+01  0.17500000E+01  0.00000000E+00  0.00000000E+00  0.10000031E+04  0.60811610E+01  0.12500000E+03  0.28991612E-05  0.69999999E+00  0.10000000E+04
  0.50000000E+01  0.50000000E+00  0.00000000E+00  0.00000000E+00  0.10000000E+04  0.00000000E+00  0.12500000E+03  0.00000000E+00  0.69999999E+00  0.10000000E+04
  0.47500000E+01  0.25000000E+00  0.00000000E+00  0.00000000E+00  0.10000000E+04  0.00000000E+00  0.12500000E+03  0.36994279E-42  0.69999999E+00  0.10000000E+04
  0.50000000E+01  0.10000000E+01  0.00000000E+00  0.00000000E+00  0.10000000E+04  0.00000000E+00  0.12500000E+03  0.00000000E+00  0.69999999E+00  0.10000000E+04
  0.47500000E+01  0.75000000E+00  0.00000000E+00  0.00000000E+00  0.10000000E+04  0.00000000E+00  0.12500000E+03  0.00000000E+00  0.69999999E+00  0.10000000E+04
  0.50000000E+01  0.15000000E+01  0.00000000E+00  0.00000000E+00  0.10000000E+04  0.00000000E+00  0.12500000E+03 -0.00000000E+00  0.69999999E+00  0.10000000E+04
  0.47500000E+01  0.12500000E+01  0.00000000E+00  0.00000000E+00  0.10000000E+04  0.00000000E+00  0.12500000E+03 -0.00000000E+00  0.69999999E+00  0.10000000E+04
  0.50000000E+01  0.20000000E+01  0.00000000E+00  0.00000000E+00  0.10000000E+04  0.00000000E+00  0.12500000E+03  0.00000000E+00  0.69999999E+00  0.10000000E+04
  0.47500000E+01  0.17500000E+01  0.00000000E+00  0.00000000E+00  0.10000000E+04  0.00000000E+00  0.12500000E+03  0.00000000E+00  0.69999999E+00  0.10000000E+04
  0.26049464E+01  0.10690839E+01 -0.97991362E-01 -0.10646404E+01  0.99998236E+03 -0.34613686E+02  0.12576698E+03  0.12576674E+03  0.10000000E+01  0.00000000E+00
  0.14630240E+01  0.10142893E+01 -0.11370513E+01  0.91053736E+00  0.10157659E+04  0.32434809E+05  0.12561582E+03  0.12561256E+03  0.10000000E+01  0.00000000E+00
  0.95257604E+00  0.10410532E+01 -0.13307583E+01  0.45962310E+00  0.10131923E+04  0.26930488E+05  0.12546356E+03  0.12546333E+03  0.10000000E+01  0.00000000E+00
  0.82732403E+00  0.12207786E+01  0.51763916E+00  0.18045714E+01  0.10151551E+04  0.31120805E+05  0.12531018E+03  0.12531018E+03  0.10000000E+01  0.00000000E+00
  0.14199634E+01  0.19002296E+01  0.21069181E+01  0.87784648E+00  0.99976703E+03 -0.45681592E+03  0.12515567E+03  0.12515567E+03  0.10000000E+01  0.00000000E+00
  0.22882099E+01  0.18249402E+01  0.16754521E-01 -0.10420263E+01  0.10029298E+04  0.57990522E+04  0.12500000E+03  0.12500000E+03  0.10000000E+01  0.00000000E+00
  0.25254812E+01  0.11925042E+01 -0.81259835E+00 -0.29414707E+00  0.10018866E+04  0.37225374E+04  0.12576698E+03  0.12575494E+03  0.10000000E+01  0.00000000E+00
  0.14418741E+01  0.10201356E+01 -0.16878493E+01  0.52130967E+00  0.10160402E+04  0.33026426E+05  0.12561582E+03  0.12560624E+03  0.10000000E+01  0.00000000E+00
  0.13821383E+01  0.13209641E+01 -0.19032351E+01  0.54697740E+00  0.10120267E+04  0.24465201E+05  0.12546356E+03  0.12546037E+03  0.10000000E+01  0.00000000E+00
  0.21882756E+01  0.16149415E+01  0.34046960E+00 -0.94545648E-01  0.99825000E+03 -0.34155120E+04  0.12531018E+03  0.12531038E+03  0.10000000E+01  0.00000000E+00
  0.98375905E+00  0.11241597E+01 -0.13032173E+01 -0.10974412E+01  0.10148643E+04  0.30496754E+05  0.12515567E+03  0.12515567E+03  0.10000000E+01  0.00000000E+00
  0.71266162E+00  0.85094845E+00  0.47192328E-01 -0.23936667E+01  0.10042699E+04  0.84855010E+04  0.12500000E+03  0.12500000E+03  0.10000000E+01  0.00000000E+00
  0.21565726E+01  0.14870172E+01 -0.19815717E+01 -0.23492785E+01  0.99843542E+03 -0.30553008E+04  0.12576698E+03  0.12575644E+03  0.10000000E+01  0.00000000E+00
  0.24522278E+01  0.14859849E+01 -0.14771588E+01 -0.40002960E+00  0.99993018E+03 -0.13691312E+03  0.12561582E+03  0.12561089E+03  0.10000000E+01  0.00000000E+00
  0.28181086E+01  0.99400473E+00 -0.31244940E+00 -0.16229464E+00  0.10052536E+04  0.10471354E+05  0.12546356E+03  0.12546005E+03  0.10000000E+01  0.00000000E+00
  0.25232294E+01  0.91171646E+00 -0.17659893E+01 -0.55141401E+00  0.99765155E+03 -0.45752710E+04  0.12531018E+03  0.12531018E+03  0.10000000E+01  0.00000000E+00
  0.29195471E+01  0.89853442E+00 -0.46081296E+00  0.32712889E+00  0.10106434E+04  0.21561006E+05  0.12515567E+03  0.12515553E+03  0.10000000E+01  0.00000000E+00
  0.12696004E+01  0.17351038E+01 -0.22231941E+01 -0.11344265E+01  0.99762177E+03 -0.46329189E+04  0.12500000E+03  0.12500000E+03  0.10000000E+01  0.00000000E+00
  0.11108179E+01  0.86165428E+00 -0.16255252E+01  0.37756783E+00  0.10117913E+04  0.23969014E+05  0.12576698E+03  0.12576566E+03  0.10000000E+01  0.00000000E+00
  0.24459662E+01  0.14858801E+01 -0.15771279E+01 -0.37189382E+00  0.99978119E+03 -0.42902087E+03  0.12561582E+03  0.12561221E+03  0.10000000E+01  0.00000000E+00
  0.27453647E+01  0.84340298E+00  0.43950796E+00  0.13702369E+00  0.10070035E+04  0.14032813E+05  0.12546356E+03  0.12546202E+03  0.10000000E+01  0.00000000E+00
  0.16258609E+01  0.95629823E+00 -0.71668339E+00  0.15549008E+01  0.10171981E+04  0.35534340E+05  0.12531018E+03  0.12530890E+03  0.10000000E+01  0.00000000E+00
  0.16744115E+01  0.20346951E+01 -0.28349860E+01  0.92952669E+00  0.10066701E+04  0.13351572E+05  0.12515567E+03  0.12515567E+03  0.10000000E+01  0.00000000E+00
  0.18259401E+01  0.10103564E+01 -0.76373696E+00  0.10699422E+01  0.10151603E+04  0.31132068E+05  0.12500000E+03  0.12500012E+03  0.10000000E+01  0.00000000E+00
  0.16408737E+01  0.17246752E+01 -0.85130727E+00 -0.52679348E+00  0.10036199E+04  0.71798579E+04  0.12561582E+03  0.12561399E+03  0.10000000E+01  0.00000000E+00
  0.28791466E+01  0.15457613E+01  0.47493708E+00 -0.12254169E+01  0.10056004E+04  0.11174436E+05  0.12531018E+03  0.12531004E+03  0.10000000E+01  0.00000000E+00
  0.10619407E+01  0.19382172E+01  0.15921638E+01  0.21293516E+01  0.10060693E+04  0.12126998E+05  0.12500000E+03  0.12500000E+03  0.10000000E+01  0.00000000E+00
