  0.00000000E+00  0.00000000E+00  0.00000000E+00  0.00000000E+00  0.10031782E+04  0.62954766E+04  0.12500000E+03  0.22971861E-02  0.69999999E+00  0.99999738E+03
  0.00000000E+00  0.50000000E+00  0.00000000E+00  0.00000000E+00  0.10300558E+04  0.64561016E+05  0.12500000E+03  0.26368378E-02  0.69999999E+00  0.99999689E+03
  0.00000000E+00  0.10000000E+01  0.00000000E+00  0.00000000E+00  0.10439243E+04  0.98404523E+05  0.12500000E+03  0.32503565E-02  0.69999999E+00  0.99999609E+03
  0.00000000E+00  0.15000000E+01  0.00000000E+00  0.00000000E+00  0.10269111E+04  0.57258773E+05  0.12500000E+03  0.10943031E-02  0.69999999E+00  0.99999872E+03
  0.00000000E+00  0.20000000E+01  0.00000000E+00  0.00000000E+00  0.10168054E+04  0.34681902E+05  0.12500000E+03 -0.13161248E-02  0.69999999E+00  0.10000015E+04
  0.00000000E+00  0.25000000E+01  0.00000000E+00  0.00000000E+00  0.10030736E+04  0.60862402E+04  0.12500000E+03  0.33517432E-03  0.69999999E+00  0.99999963E+03
  0.00000000E+00  0.30000000E+01  0.00000000E+00  0.00000000E+00  0.10000000E+04  0.00000000E+00  0.12500000E+03  0.60528782E-05  0.69999999E+00  0.10000000E+04
  0.00000000E+00  0.35000000E+01  0.00000000E+00  0.00000000E+00  0.10000000E+04  0.00000000E+00  0.12500000E+03  0.00000000E+00  0.69999999E+00  0.10000000E+04
  0.00000000E+00  0.40000000E+01  0.00000000E+00  0.00000000E+00  0.10000000E+04  0.00000000E+00  0.12500000E+03  0.00000000E+00  0.69999999E+00  0.10000000E+04
 -0.25000000E+00 -0.25000000E+00  0.00000000E+00  0.00000000E+00  0.10006414E+04  0.12607445E+04  0.12500000E+03  0.52005530E-03  0.69999999E+00  0.99999939E+03
 -0.25000000E+00  0.25000000E+00  0.00000000E+00  0.00000000E+00  0.10020186E+04  0.39845002E+04  0.12500000E+03  0.99456566E-03  0.69999999E+00  0.99999884E+03
 -0.25000000E+00  0.75000000E+00  0.00000000E+00  0.00000000E+00  0.10104789E+04  0.21217240E+05  0.12500000E+03  0.30803145E-03  0.69999999E+00  0.99999963E+03
 -0.25000000E+00  0.12500000E+01  0.00000000E+00  0.00000000E+00  0.10030946E+04  0.61281724E+04  0.12500000E+03  0.10273615E-02  0.69999999E+00  0.99999884E+03
 -0.25000000E+00  0.17500000E+01  0.00000000E+00  0.00000000E+00  0.10011855E+04  0.23343115E+04  0.12500000E+03 -0.31633250E-03  0.69999999E+00  0.10000004E+04
 -0.25000000E+00  0.22500000E+01  0.00000000E+00  0.00000000E+00  0.10012462E+04  0.24542319E+04  0.12500000E+03 -0.15003496E-03  0.69999999E+00  0.10000002E+04
 -0.25000000E+00  0.27500000E+01  0.00000000E+00  0.00000000E+00  0.10000000E+04  0.00000000E+00  0.12500000E+03  0.91644920E-42  0.69999999E+00  0.10000000E+04
 -0.25000000E+00  0.32500000E+01  0.00000000E+00  0.00000000E+00  0.10000000E+04  0.00000000E+00  0.12500000E+03  0.18216880E-42  0.69999999E+00  0.10000000E+04
 -0.25000000E+00  0.37500000E+01  0.00000000E+00  0.00000000E+00  0.10000000E+04  0.00000000E+00  0.12500000E+03  0.00000000E+00  0.69999999E+00  0.10000000E+04
  0.80000000E+01  0.00000000E+00  0.00000000E+00  0.00000000E+00  0.10000000E+04  0.00000000E+00  0.12500000E+03  0.00000000E+00  0.69999999E+00  0.10000000E+04
  0.80000000E+01  0.50000000E+00  0.00000000E+00  0.00000000E+00  0.10000000E+04  0.00000000E+00  0.12500000E+03  0.00000000E+00  0.69999999E+00  0.10000000E+04
  0.80000000E+01  0.10000000E+01  0.00000000E+00  0.00000000E+00  0.10000000E+04  0.00000000E+00  0.12500000E+03  0.00000000E+00  0.69999999E+00  0.10000000E+04
  0.80000000E+01  0.15000000E+01  0.00000000E+00  0.00000000E+00  0.10000000E+04  0.00000000E+00  0.12500000E+03  0.00000000E+00  0.69999999E+00  0.10000000E+04
  0.80000000E+01  0.20000000E+01  0.00000000E+00  0.00000000E+00  0.10000000E+04  0.00000000E+00  0.12500000E+03  0.00000000E+00  0.69999999E+00  0.10000000E+04
  0.80000000E+01  0.25000000E+01  0.00000000E+00  0.00000000E+00  0.10000000E+04  0.00000000E+00  0.12500000E+03  0.00000000E+00  0.69999999E+00  0.10000000E+04
  0.80000000E+01  0.30000000E+01  0.00000000E+00  0.00000000E+00  0.10000000E+04  0.00000000E+00  0.12500000E+03  0.00000000E+00  0.69999999E+00  0.10000000E+04
  0.80000000E+01  0.35000000E+01  0.00000000E+00  0.00000000E+00  0.10000000E+04  0.00000000E+00  0.12500000E+03  0.00000000E+00  0.69999999E+00  0.10000000E+04
  0.80000000E+01  0.40000000E+01  0.00000000E+00  0.00000000E+00  0.10000000E+04  0.00000000E+00  0.12500000E+03  0.00000000E+00  0.69999999E+00  0.10000000E+04
  0.82500000E+01 -0.25000000E+00  0.00000000E+00  0.00000000E+00  0.10000000E+04  0.00000000E+00  0.12500000E+03  0.00000000E+00  0.69999999E+00  0.10000000E+04
  0.82500000E+01  0.25000000E+00  0.00000000E+00  0.00000000E+00  0.10000000E+04  0.00000000E+00  0.12500000E+03  0.00000000E+00  0.69999999E+00  0.10000000E+04
  0.82500000E+01  0.75000000E+00  0.00000000E+00  0.00000000E+00  0.10000000E+04  0.00000000E+00  0.12500000E+03  0.00000000E+00  0.69999999E+00  0.10000000E+04
  0.82500000E+01  0.12500000E+01  0.00000000E+00  0.00000000E+00  0.10000000E+04  0.00000000E+00  0.12500000E+03  0.00000000E+00  0.69999999E+00  0.10000000E+04
  0.82500000E+01  0.17500000E+01  0.00000000E+00  0.00000000E+00  0.10000000E+04  0.00000000E+00  0.12500000E+03  0.00000000E+00  0.69999999E+00  0.10000000E+04
  0.82500000E+01  0.22500000E+01  0.00000000E+00  0.00000000E+00  0.10000000E+04  0.00000000E+00  0.12500000E+03  0.00000000E+00  0.69999999E+00  0.10000000E+04
  0.82500000E+01  0.27500000E+01  0.00000000E+00  0.00000000E+00  0.10000000E+04  0.00000000E+00  0.12500000E+03  0.00000000E+00  0.69999999E+00  0.10000000E+04
  0.82500000E+01  0.32500000E+01  0.00000000E+00  0.00000000E+00  0.10000000E+04  0.00000000E+00  0.12500000E+03  0.00000000E+00  0.69999999E+00  0.10000000E+04
  0.82500000E+01  0.37500000E+01  0.00000000E+00  0.00000000E+00  0.10000000E+04  0.00000000E+00  0.12500000E+03  0.00000000E+00  0.69999999E+00  0.10000000E+04
  0.50000000E+00  0.00000000E+00  0.00000000E+00  0.00000000E+00  0.10482543E+04  0.10953723E+06  0.12500000E+03  0.11395404E-01  0.69999999E+00  0.99998633E+03
  0.10000000E+01  0.00000000E+00  0.00000000E+00  0.00000000E+00  0.10736956E+04  0.18078656E+06  0.12500000E+03  0.62966202E-02  0.69999999E+00  0.99999225E+03
  0.15000000E+01  0.00000000E+00  0.00000000E+00  0.00000000E+00  0.10422322E+04  0.94128430E+05  0.12500000E+03  0.20286694E-01  0.69999999E+00  0.99997583E+03
  0.20000000E+01  0.00000000E+00  0.00000000E+00  0.00000000E+00  0.11404265E+04  0.42290338E+06  0.12500000E+03  0.23255294E-01  0.69999999E+00  0.99996967E+03
  0.25000000E+01  0.00000000E+00  0.00000000E+00  0.00000000E+00  0.10515009E+04  0.11806739E+06  0.12500000E+03  0.60958876E-02  0.69999999E+00  0.99999268E+03
  0.30000000E+01  0.00000000E+00  0.00000000E+00  0.00000000E+00  0.10363882E+04  0.79677453E+05  0.12500000E+03  0.77770902E-02  0.69999999E+00  0.99999078E+03
  0.35000000E+01  0.00000000E+00  0.00000000E+00  0.00000000E+00  0.10039695E+04  0.78813818E+04  0.12500000E+03  0.31081068E-02  0.69999999E+00  0.99999646E+03
  0.40000000E+01  0.00000000E+00  0.00000000E+00  0.00000000E+00  0.10000137E+04  0.26898298E+02  0.12500000E+03 -0.68247195E-04  0.69999999E+00  0.10000001E+04
  0.45000000E+01  0.00000000E+00  0.00000000E+00  0.00000000E+00  0.10000000E+04  0.00000000E+00  0.12500000E+03  0.30626779E-40  0.69999999E+00  0.10000000E+04
  0.50000000E+01  0.00000000E+00  0.00000000E+00  0.00000000E+00  0.10000000E+04  0.00000000E+00  0.12500000E+03  0.00000000E+00  0.69999999E+00  0.10000000E+04
  0.55000000E+01  0.00000000E+00  0.00000000E+00  0.00000000E+00  0.10000000E+04  0.00000000E+00  0.12500000E+03  0.00000000E+00  0.69999999E+00  0.10000000E+04
  0.60000000E+01  0.00000000E+00  0.00000000E+00  0.00000000E+00  0.10000000E+04  0.00000000E+00  0.12500000E+03  0.00000000E+00  0.69999999E+00  0.10000000E+04
  0.65000000E+01  0.00000000E+00  0.00000000E+00  0.00000000E+00  0.10000000E+04  0.00000000E+00  0.12500000E+03  0.00000000E+00  0.69999999E+00  0.10000000E+04
  0.70000000E+01  0.00000000E+00  0.00000000E+00  0.00000000E+00  0.10000000E+04  0.00000000E+00  0.12500000E+03  0.00000000E+00  0.69999999E+00  0.10000000E+04
  0.75000000E+01  0.00000000E+00  0.00000000E+00  0.00000000E+00  0.10000000E+04  0.00000000E+00  0.12500000E+03  0.00000000E+00  0.69999999E+00  0.10000000E+04
  0.25000000E+00 -0.25000000E+00  0.00000000E+00  0.00000000E+00  0.10061505E+04  0.12292205E+05  0.12500000E+03  0.31389114E-02  0.69999999E+00  0.99999640E+03
  0.75000000E+00 -0.25000000E+00  0.00000000E+00  0.00000000E+00  0.10272234E+04  0.57977789E+05  0.12500000E+03  0.82338545E-02  0.69999999E+00  0.99999036E+03
  0.12500000E+01 -0.25000000E+00  0.00000000E+00  0.00000000E+00  0.10120472E+04  0.24508424E+05  0.12500000E+03  0.66788290E-02  0.69999999E+00  0.99999225E+03
  0.17500000E+01 -0.25000000E+00  0.00000000E+00  0.00000000E+00  0.10149622E+04  0.30706867E+05  0.12500000E+03  0.10121448E-01  0.69999999E+00  0.99998828E+03
  0.22500000E+01 -0.25000000E+00  0.00000000E+00  0.00000000E+00  0.10017725E+04  0.34960012E+04  0.12500000E+03  0.98974016E-02  0.69999999E+00  0.99998865E+03
  0.27500000E+01 -0.25000000E+00  0.00000000E+00  0.00000000E+00  0.10030928E+04  0.61245986E+04  0.12500000E+03  0.40329536E-02  0.69999999E+00  0.99999536E+03
  0.32500000E+01 -0.25000000E+00  0.00000000E+00  0.00000000E+00  0.10000435E+04  0.85380493E+02  0.12500000E+03  0.28051930E-02  0.69999999E+00  0.99999677E+03
  0.37500000E+01 -0.25000000E+00  0.00000000E+00  0.00000000E+00  0.10000070E+04  0.13565822E+02  0.12500000E+03 -0.15635355E-03  0.69999999E+00  0.10000002E+04
  0.42500000E+01 -0.25000000E+00  0.00000000E+00  0.00000000E+00  0.10000000E+04  0.00000000E+00  0.12500000E+03 -0.13027393E-36  0.69999999E+00  0.10000000E+04
  0.47500000E+01 -0.25000000E+00  0.00000000E+00  0.00000000E+00  0.10000000E+04  0.00000000E+00  0.12500000E+03 -0.54179804E-40  0.69999999E+00  0.10000000E+04
  0.52500000E+01 -0.25000000E+00  0.00000000E+00  0.00000000E+00  0.10000000E+04  0.00000000E+00  0.12500000E+03  0.00000000E+00  0.69999999E+00  0.10000000E+04
  0.57500000E+01 -0.25000000E+00  0.00000000E+00  0.00000000E+00  0.10000000E+04  0.00000000E+00  0.12500000E+03  0.00000000E+00  0.69999999E+00  0.10000000E+04
  0.62500000E+01 -0.25000000E+00  0.00000000E+00  0.00000000E+00  0.10000000E+04  0.00000000E+00  0.12500000E+03  0.00000000E+00  0.69999999E+00  0.10000000E+04
  0.67500000E+01 -0.25000000E+00  0.00000000E+00  0.00000000E+00  0.10000000E+04  0.00000000E+00  0.12500000E+03  0.00000000E+00  0.69999999E+00  0.10000000E+04
  0.72500000E+01 -0.25000000E+00  0.00000000E+00  0.00000000E+00  0.10000000E+04  0.00000000E+00  0.12500000E+03  0.00000000E+00  0.69999999E+00  0.10000000E+04
  0.77500000E+01 -0.25000000E+00  0.00000000E+00  0.00000000E+00  0.10000000E+04  0.00000000E+00  0.12500000E+03  0.00000000E+00  0.69999999E+00  0.10000000E+04
  0.40000000E+01  0.50000000E+00  0.00000000E+00  0.00000000E+00  0.10015303E+04  0.30162473E+04  0.12500000E+03 -0.25573233E-03  0.69999999E+00  0.10000003E+04
  0.37500000E+01  0.25000000E+00  0.00000000E+00  0.00000000E+00  0.10048989E+04  0.97540723E+04  0.12500000E+03 -0.13458894E-02  0.69999999E+00  0.10000015E+04
  0.40000000E+01  0.10000000E+01  0.00000000E+00  0.00000000E+00  0.10044706E+04  0.88898105E+04  0.12500000E+03 -0.11667359E-03  0.69999999E+00  0.10000001E+04
  0.37500000E+01  0.75000000E+00  0.00000000E+00  0.00000000E+00  0.10475933E+04  0.10781976E+06  0.12500000E+03  0.87136670E-03  0.69999999E+00  0.99999896E+03
  0.40000000E+01  0.15000000E+01  0.00000000E+00  0.00000000E+00  0.10009056E+04  0.17816868E+04  0.12500000E+03  0.30697568E-03  0.69999999E+00  0.99999963E+03
  0.37500000E+01  0.12500000E+01  0.00000000E+00  0.00000000E+00  0.10450582E+04  0.10129327E+06  0.12500000E+03  0.73151285E-03  0.69999999E+00  0.99999915E+03
  0.40000000E+01  0.20000000E+01  0.00000000E+00  0.00000000E+00  0.10010637E+04  0.20936599E+04  0.12500000E+03  0.28013787E-03  0.69999999E+00  0.99999969E+03
  0.37500000E+01  0.17500000E+01  0.00000000E+00  0.00000000E+00  0.10251760E+04  0.53286695E+05  0.12500000E+03  0.15282719E-02  0.69999999E+00  0.99999823E+03
  0.45000000E+01  0.50000000E+00  0.00000000E+00  0.00000000E+00  0.10000000E+04  0.00000000E+00  0.12500000E+03  0.16002268E-39  0.69999999E+00  0.10000000E+04
  0.42500000E+01  0.25000000E+00  0.00000000E+00  0.00000000E+00  0.10000018E+04  0.35083482E+01  0.12500000E+03 -0.74084828E-05  0.69999999E+00  0.10000000E+04
  0.45000000E+01  0.10000000E+01  0.00000000E+00  0.00000000E+00  0.10000000E+04  0.00000000E+00  0.12500000E+03  0.00000000E+00  0.69999999E+00  0.10000000E+04
  0.42500000E+01  0.75000000E+00  0.00000000E+00  0.00000000E+00  0.10000944E+04  0.18529227E+03  0.12500000E+03 -0.10442676E-04  0.69999999E+00  0.10000000E+04
  0.45000000E+01  0.15000000E+01  0.00000000E+00  0.00000000E+00  0.10000000E+04  0.00000000E+00  0.12500000E+03 -0.14012985E-42  0.69999999E+00  0.10000000E+04
  0.42500000E+01  0.12500000E+01  0.00000000E+00  0.00000000E+00  0.10000066E+04  0.12864128E+02  0.12500000E+03  0.34267537E-05  0.69999999E+00  0.10000000E+04
  0.45000000E+01  0.20000000E+01  0.00000000E+00  0.00000000E+00  0.10000000E+04  0.00000000E+00  0.12500000E+03  0.14012985E-42  0.69999999E+00  0.10000000E+04
  0.42500000E+01  0.17500000E+01  0.00000000E+00  0.00000000E+00  0.10000031E+04  0.60811610E+01  0.12500000E+03 -0.35628464E-05  0.69999999E+00  0.10000000E+04
  0.50000000E+01  0.50000000E+00  0.00000000E+00  0.00000000E+00  0.10000000E+04  0.00000000E+00  0.12500000E+03  0.00000000E+00  0.69999999E+00  0.10000000E+04
  0.47500000E+01  0.25000000E+00  0.00000000E+00  0.00000000E+00  0.10000000E+04  0.00000000E+00  0.12500000E+03  0.53526799E-40  0.69999999E+00  0.10000000E+04
  0.50000000E+01  0.10000000E+01  0.00000000E+00  0.00000000E+00  0.10000000E+04  0.00000000E+00  0.12500000E+03  0.00000000E+00  0.69999999E+00  0.10000000E+04
  0.47500000E+01  0.75000000E+00  0.00000000E+00  0.00000000E+00  0.10000000E+04  0.00000000E+00  0.12500000E+03  0.00000000E+00  0.69999999E+00  0.10000000E+04
  0.50000000E+01  0.15000000E+01  0.00000000E+00  0.00000000E+00  0.10000000E+04  0.00000000E+00  0.12500000E+03 -0.56051939E-44  0.69999999E+00  0.10000000E+04
  0.47500000E+01  0.12500000E+01  0.00000000E+00  0.00000000E+00  0.10000000E+04  0.00000000E+00  0.12500000E+03  0.00000000E+00  0.69999999E+00  0.10000000E+04
  0.50000000E+01  0.20000000E+01  0.00000000E+00  0.00000000E+00  0.10000000E+04  0.00000000E+00  0.12500000E+03  0.00000000E+00  0.69999999E+00  0.10000000E+04
  0.47500000E+01  0.17500000E+01  0.00000000E+00  0.00000000E+00  0.10000000E+04  0.00000000E+00  0.12500000E+03 -0.00000000E+00  0.69999999E+00  0.10000000E+04
  0.25238049E+01  0.87643337E+00 -0.71299529E+00  0.62730092E+00  0.10076125E+04  0.15281357E+05  0.12576698E+03  0.12576674E+03  0.10000000E+01  0.00000000E+00
  0.12970027E+01  0.83381057E+00 -0.94996500E+00 -0.16678724E+00  0.10128932E+04  0.26296215E+05  0.12561582E+03  0.12561256E+03  0.10000000E+01  0.00000000E+00
  0.17135918E+01  0.10165952E+01 -0.14652035E+00  0.28290227E+00  0.10099879E+04  0.20193166E+05  0.12546356E+03  0.12546333E+03  0.10000000E+01  0.00000000E+00
  0.19650090E+01  0.19231048E+01 -0.11662016E+01 -0.10358782E+01  0.99816272E+03 -0.35848840E+04  0.12531018E+03  0.12531027E+03  0.10000000E+01  0.00000000E+00
  0.25957808E+01  0.16520947E+01  0.54034138E+00 -0.13175310E+01  0.10034159E+04  0.67711528E+04  0.12515567E+03  0.12515567E+03  0.10000000E+01  0.00000000E+00
  0.28383126E+01  0.14621112E+01  0.28499216E+00  0.16085653E+00  0.99956744E+03 -0.84756439E+03  0.12500000E+03  0.12500000E+03  0.10000000E+01  0.00000000E+00
  0.26770849E+01  0.87621224E+00 -0.34206796E+00 -0.11638227E+00  0.99919379E+03 -0.15779681E+04  0.12576698E+03  0.12575461E+03  0.10000000E+01  0.00000000E+00
  0.11313933E+01  0.88920546E+00 -0.72706705E+00 -0.18371680E+00  0.10106156E+04  0.21502941E+05  0.12561582E+03  0.12560624E+03  0.10000000E+01  0.00000000E+00
  0.93584025E+00  0.10617347E+01 -0.43593705E+00 -0.38858902E+00  0.10091733E+04  0.18500906E+05  0.12546356E+03  0.12546037E+03  0.10000000E+01  0.00000000E+00
  0.24869621E+01  0.13732239E+01  0.11539140E+00 -0.56101635E-01  0.99586487E+03 -0.80131729E+04  0.12531018E+03  0.12531038E+03  0.10000000E+01  0.00000000E+00
  0.12927412E+01  0.81060493E+00  0.87157093E-01  0.32933116E+00  0.10123906E+04  0.25232939E+05  0.12515567E+03  0.12515559E+03  0.10000000E+01  0.00000000E+00
  0.69412446E+00  0.77989435E+00 -0.24935487E+00 -0.30615771E+00  0.10166871E+04  0.34425574E+05  0.12500000E+03  0.12500000E+03  0.10000000E+01  0.00000000E+00
  0.19910052E+01  0.11110390E+01 -0.30628942E-01  0.30677617E+00  0.10074372E+04  0.14921479E+05  0.12576698E+03  0.12575644E+03  0.10000000E+01  0.00000000E+00
  0.27411692E+01  0.90618825E+00 -0.24987736E+00 -0.59141707E+00  0.99742639E+03 -0.50106025E+04  0.12561582E+03  0.12561089E+03  0.10000000E+01  0.00000000E+00
  0.29008279E+01  0.11380049E+01  0.12425597E+00  0.54870081E+00  0.10078718E+04  0.15813913E+05  0.12546356E+03  0.12546005E+03  0.10000000E+01  0.00000000E+00
  0.22092345E+01  0.15468746E+01 -0.41343522E+00 -0.29328763E+00  0.97424719E+03 -0.46786633E+05  0.12531018E+03  0.12531018E+03  0.10000000E+01  0.00000000E+00
  0.29502268E+01  0.83090961E+00  0.39119206E-01 -0.79494029E-01  0.10088035E+04  0.17735367E+05  0.12515567E+03  0.12515553E+03  0.10000000E+01  0.00000000E+00
  0.17939987E+01  0.15035675E+01 -0.15462209E+01  0.79243779E+00  0.99917505E+03 -0.16145094E+04  0.12500000E+03  0.12499989E+03  0.10000000E+01  0.00000000E+00
  0.81322682E+00  0.11300939E+01  0.20589343E+00  0.25149563E+00  0.10121001E+04  0.24619771E+05  0.12576698E+03  0.12576566E+03  0.10000000E+01  0.00000000E+00
  0.26885176E+01  0.88215411E+00  0.11085436E+01  0.21651068E+00  0.99819958E+03 -0.35133977E+04  0.12561582E+03  0.12561245E+03  0.10000000E+01  0.00000000E+00
  0.19941134E+01  0.16252387E+01 -0.20043507E+01 -0.16398330E+01  0.10006083E+04  0.11957141E+04  0.12546356E+03  0.12546202E+03  0.10000000E+01  0.00000000E+00
  0.21919959E+01  0.95099354E+00  0.41466385E+00  0.23910160E+00  0.10075400E+04  0.15132320E+05  0.12531018E+03  0.12530890E+03  0.10000000E+01  0.00000000E+00
  0.10531842E+01  0.14514992E+01  0.82675999E+00 -0.12950999E+00  0.10129427E+04  0.26401049E+05  0.12515567E+03  0.12515567E+03  0.10000000E+01  0.00000000E+00
  0.17200339E+01  0.95809615E+00 -0.47068280E+00  0.74087375E+00  0.10185112E+04  0.38399238E+05  0.12500000E+03  0.12500012E+03  0.10000000E+01  0.00000000E+00
  0.90252864E+00  0.12756424E+01 -0.26090613E+00 -0.34024686E+00  0.10063962E+04  0.12792681E+05  0.12561582E+03  0.12561399E+03  0.10000000E+01  0.00000000E+00
  0.19367697E+01  0.20258169E+01 -0.17771151E+01 -0.12624854E+01  0.99805176E+03 -0.38001731E+04  0.12531018E+03  0.12531004E+03  0.10000000E+01  0.00000000E+00
  0.25936687E+01  0.19689198E+01 -0.97932935E+00 -0.93801409E+00  0.99677618E+03 -0.62643208E+04  0.12500000E+03  0.12500000E+03  0.10000000E+01  0.00000000E+00
