  0.00000000E+00  0.00000000E+00  0.00000000E+00  0.00000000E+00  0.10062410E+04  0.12476429E+05  0.12500000E+03  0.59571950E-03  0.69999999E+00  0.99999933E+03
  0.00000000E+00  0.50000000E+00  0.00000000E+00  0.00000000E+00  0.99953687E+03 -0.90739581E+03  0.12500000E+03  0.48815104E-03  0.69999999E+00  0.99999945E+03
  0.00000000E+00  0.10000000E+01  0.00000000E+00  0.00000000E+00  0.10088336E+04  0.17797742E+05  0.12500000E+03  0.81681571E-03  0.69999999E+00  0.99999908E+03
  0.00000000E+00  0.15000000E+01  0.00000000E+00  0.00000000E+00  0.99059863E+03 -0.17933346E+05  0.12500000E+03  0.15898542E-03  0.69999999E+00  0.99999982E+03
  0.00000000E+00  0.20000000E+01  0.00000000E+00  0.00000000E+00  0.10067380E+04  0.13490342E+05  0.12500000E+03 -0.28735455E-03  0.69999999E+00  0.10000003E+04
  0.00000000E+00  0.25000000E+01  0.00000000E+00  0.00000000E+00  0.10002466E+04  0.48403955E+03  0.12500000E+03  0.71152863E-04  0.69999999E+00  0.99999994E+03
  0.00000000E+00  0.30000000E+01  0.00000000E+00  0.00000000E+00  0.10000000E+04  0.00000000E+00  0.12500000E+03  0.00000000E+00  0.69999999E+00  0.10000000E+04
  0.00000000E+00  0.35000000E+01  0.00000000E+00  0.00000000E+00  0.10000000E+04  0.00000000E+00  0.12500000E+03  0.00000000E+00  0.69999999E+00  0.10000000E+04
  0.00000000E+00  0.40000000E+01  0.00000000E+00  0.00000000E+00  0.10000000E+04  0.00000000E+00  0.12500000E+03  0.00000000E+00  0.69999999E+00  0.10000000E+04
 -0.25000000E+00 -0.25000000E+00  0.00000000E+00  0.00000000E+00  0.10004268E+04  0.83839410E+03  0.12500000E+03  0.16600036E-03  0.69999999E+00  0.99999982E+03
 -0.25000000E+00  0.25000000E+00  0.00000000E+00  0.00000000E+00  0.10034686E+04  0.68766851E+04  0.12500000E+03  0.26745093E-03  0.69999999E+00  0.99999969E+03
 -0.25000000E+00  0.75000000E+00  0.00000000E+00  0.00000000E+00  0.10031046E+04  0.61481875E+04  0.12500000E+03  0.85592437E-04  0.69999999E+00  0.99999988E+03
 -0.25000000E+00  0.12500000E+01  0.00000000E+00  0.00000000E+00  0.10116335E+04  0.23637188E+05  0.12500000E+03  0.23835109E-03  0.69999999E+00  0.99999969E+03
 -0.25000000E+00  0.17500000E+01  0.00000000E+00  0.00000000E+00  0.10001825E+04  0.35827960E+03  0.12500000E+03 -0.10374657E-03  0.69999999E+00  0.10000001E+04
 -0.25000000E+00  0.22500000E+01  0.00000000E+00  0.00000000E+00  0.10004730E+04  0.92938812E+03  0.12500000E+03 -0.62706749E-04  0.69999999E+00  0.10000001E+04
 -0.25000000E+00  0.27500000E+01  0.00000000E+00  0.00000000E+00  0.10000000E+04  0.00000000E+00  0.12500000E+03  0.00000000E+00  0.69999999E+00  0.10000000E+04
 -0.25000000E+00  0.32500000E+01  0.00000000E+00  0.00000000E+00  0.10000000E+04  0.00000000E+00  0.12500000E+03  0.00000000E+00  0.69999999E+00  0.10000000E+04
 -0.25000000E+00  0.37500000E+01  0.00000000E+00  0.00000000E+00  0.10000000E+04  0.00000000E+00  0.12500000E+03  0.00000000E+00  0.69999999E+00  0.10000000E+04
  0.80000000E+01  0.00000000E+00  0.00000000E+00  0.00000000E+00  0.10000000E+04  0.00000000E+00  0.12500000E+03  0.00000000E+00  0.69999999E+00  0.10000000E+04
  0.80000000E+01  0.50000000E+00  0.00000000E+00  0.00000000E+00  0.10000000E+04  0.00000000E+00  0.12500000E+03  0.00000000E+00  0.69999999E+00  0.10000000E+04
  0.80000000E+01  0.10000000E+01  0.00000000E+00  0.00000000E+00  0.10000000E+04  0.00000000E+00  0.12500000E+03  0.00000000E+00  0.69999999E+00  0.10000000E+04
  0.80000000E+01  0.15000000E+01  0.00000000E+00  0.00000000E+00  0.10000000E+04  0.00000000E+00  0.12500000E+03  0.00000000E+00  0.69999999E+00  0.10000000E+04
  0.80000000E+01  0.20000000E+01  0.00000000E+00  0.00000000E+00  0.10000000E+04  0.00000000E+00  0.12500000E+03  0.00000000E+00  0.69999999E+00  0.10000000E+04
  0.80000000E+01  0.25000000E+01  0.00000000E+00  0.00000000E+00  0.10000000E+04  0.00000000E+00  0.12500000E+03  0.00000000E+00  0.69999999E+00  0.10000000E+04
  0.80000000E+01  0.30000000E+01  0.00000000E+00  0.00000000E+00  0.10000000E+04  0.00000000E+00  0.12500000E+03  0.00000000E+00  0.69999999E+00  0.10000000E+04
  0.80000000E+01  0.35000000E+01  0.00000000E+00  0.00000000E+00  0.10000000E+04  0.00000000E+00  0.12500000E+03  0.00000000E+00  0.69999999E+00  0.10000000E+04
  0.80000000E+01  0.40000000E+01  0.00000000E+00  0.00000000E+00  0.10000000E+04  0.00000000E+00  0.12500000E+03  0.00000000E+00  0.69999999E+00  0.10000000E+04
  0.82500000E+01 -0.25000000E+00  0.00000000E+00  0.00000000E+00  0.10000000E+04  0.00000000E+00  0.12500000E+03  0.00000000E+00  0.69999999E+00  0.10000000E+04
  0.82500000E+01  0.25000000E+00  0.00000000E+00  0.00000000E+00  0.10000000E+04  0.00000000E+00  0.12500000E+03  0.00000000E+00  0.69999999E+00  0.10000000E+04
  0.82500000E+01  0.75000000E+00  0.00000000E+00  0.00000000E+00  0.10000000E+04  0.00000000E+00  0.12500000E+03  0.00000000E+00  0.69999999E+00  0.10000000E+04
  0.82500000E+01  0.12500000E+01  0.00000000E+00  0.00000000E+00  0.10000000E+04  0.00000000E+00  0.12500000E+03  0.00000000E+00  0.69999999E+00  0.10000000E+04
  0.82500000E+01  0.17500000E+01  0.00000000E+00  0.00000000E+00  0.10000000E+04  0.00000000E+00  0.12500000E+03  0.00000000E+00  0.69999999E+00  0.10000000E+04
  0.82500000E+01  0.22500000E+01  0.00000000E+00  0.00000000E+00  0.10000000E+04  0.00000000E+00  0.12500000E+03  0.00000000E+00  0.69999999E+00  0.10000000E+04
  0.82500000E+01  0.27500000E+01  0.00000000E+00  0.00000000E+00  0.10000000E+04  0.00000000E+00  0.12500000E+03  0.00000000E+00  0.69999999E+00  0.10000000E+04
  0.82500000E+01  0.32500000E+01  0.00000000E+00  0.00000000E+00  0.10000000E+04  0.00000000E+00  0.12500000E+03  0.00000000E+00  0.69999999E+00  0.10000000E+04
  0.82500000E+01  0.37500000E+01  0.00000000E+00  0.00000000E+00  0.10000000E+04  0.00000000E+00  0.12500000E+03  0.00000000E+00  0.69999999E+00  0.10000000E+04
  0.50000000E+00  0.00000000E+00  0.00000000E+00  0.00000000E+00  0.10176243E+04  0.36461734E+05  0.12500000E+03  0.27564550E-02  0.69999999E+00  0.99999683E+03
  0.10000000E+01  0.00000000E+00  0.00000000E+00  0.00000000E+00  0.99542834E+03 -0.88475430E+04  0.12500000E+03  0.13355707E-02  0.69999999E+00  0.99999847E+03
  0.15000000E+01  0.00000000E+00  0.00000000E+00  0.00000000E+00  0.99981396E+03 -0.36477957E+03  0.12500000E+03  0.40043322E-02  0.69999999E+00  0.99999542E+03
  0.20000000E+01  0.00000000E+00  0.00000000E+00  0.00000000E+00  0.10026843E+04  0.53093076E+04  0.12500000E+03  0.45225429E-02  0.69999999E+00  0.99999481E+03
  0.25000000E+01  0.00000000E+00  0.00000000E+00  0.00000000E+00  0.10188545E+04  0.39151961E+05  0.12500000E+03 -0.58023690E-03  0.69999999E+00  0.10000007E+04
  0.30000000E+01  0.00000000E+00  0.00000000E+00  0.00000000E+00  0.10067792E+04  0.13574361E+05  0.12500000E+03  0.46675082E-03  0.69999999E+00  0.99999945E+03
  0.35000000E+01  0.00000000E+00  0.00000000E+00  0.00000000E+00  0.10142380E+04  0.29156891E+05  0.12500000E+03  0.19722318E-03  0.69999999E+00  0.99999976E+03
  0.40000000E+01  0.00000000E+00  0.00000000E+00  0.00000000E+00  0.10000024E+04  0.46778059E+01  0.12500000E+03 -0.20408406E-04  0.69999999E+00  0.10000000E+04
  0.45000000E+01  0.00000000E+00  0.00000000E+00  0.00000000E+00  0.10000000E+04  0.00000000E+00  0.12500000E+03  0.00000000E+00  0.69999999E+00  0.10000000E+04
  0.50000000E+01  0.00000000E+00  0.00000000E+00  0.00000000E+00  0.10000000E+04  0.00000000E+00  0.12500000E+03  0.00000000E+00  0.69999999E+00  0.10000000E+04
  0.55000000E+01  0.00000000E+00  0.00000000E+00  0.00000000E+00  0.10000000E+04  0.00000000E+00  0.12500000E+03  0.00000000E+00  0.69999999E+00  0.10000000E+04
  0.60000000E+01  0.00000000E+00  0.00000000E+00  0.00000000E+00  0.10000000E+04  0.00000000E+00  0.12500000E+03  0.00000000E+00  0.69999999E+00  0.10000000E+04
  0.65000000E+01  0.00000000E+00  0.00000000E+00  0.00000000E+00  0.10000000E+04  0.00000000E+00  0.12500000E+03  0.00000000E+00  0.69999999E+00  0.10000000E+04
  0.70000000E+01  0.00000000E+00  0.00000000E+00  0.00000000E+00  0.10000000E+04  0.00000000E+00  0.12500000E+03  0.00000000E+00  0.69999999E+00  0.10000000E+04
  0.75000000E+01  0.00000000E+00  0.00000000E+00  0.00000000E+00  0.10000000E+04  0.00000000E+00  0.12500000E+03  0.00000000E+00  0.69999999E+00  0.10000000E+04
  0.25000000E+00 -0.25000000E+00  0.00000000E+00  0.00000000E+00  0.10041564E+04  0.82571504E+04  0.12500000E+03  0.88056311E-03  0.69999999E+00  0.99999896E+03
  0.75000000E+00 -0.25000000E+00  0.00000000E+00  0.00000000E+00  0.10066432E+04  0.13296566E+05  0.12500000E+03  0.20439061E-02  0.69999999E+00  0.99999768E+03
  0.12500000E+01 -0.25000000E+00  0.00000000E+00  0.00000000E+00  0.10053981E+04  0.10764007E+05  0.12500000E+03  0.16403726E-02  0.69999999E+00  0.99999811E+03
  0.17500000E+01 -0.25000000E+00  0.00000000E+00  0.00000000E+00  0.99681018E+03 -0.61988203E+04  0.12500000E+03  0.23739806E-02  0.69999999E+00  0.99999731E+03
  0.22500000E+01 -0.25000000E+00  0.00000000E+00  0.00000000E+00  0.10143510E+04  0.29398328E+05  0.12500000E+03  0.20469285E-02  0.69999999E+00  0.99999762E+03
  0.27500000E+01 -0.25000000E+00  0.00000000E+00  0.00000000E+00  0.10005642E+04  0.11088704E+04  0.12500000E+03  0.21401036E-04  0.69999999E+00  0.10000000E+04
  0.32500000E+01 -0.25000000E+00  0.00000000E+00  0.00000000E+00  0.10007805E+04  0.15348588E+04  0.12500000E+03  0.18704562E-03  0.69999999E+00  0.99999982E+03
  0.37500000E+01 -0.25000000E+00  0.00000000E+00  0.00000000E+00  0.10000095E+04  0.18711626E+02  0.12500000E+03 -0.27171476E-04  0.69999999E+00  0.10000001E+04
  0.42500000E+01 -0.25000000E+00  0.00000000E+00  0.00000000E+00  0.10000000E+04  0.00000000E+00  0.12500000E+03  0.00000000E+00  0.69999999E+00  0.10000000E+04
  0.47500000E+01 -0.25000000E+00  0.00000000E+00  0.00000000E+00  0.10000000E+04  0.00000000E+00  0.12500000E+03  0.00000000E+00  0.69999999E+00  0.10000000E+04
  0.52500000E+01 -0.25000000E+00  0.00000000E+00  0.00000000E+00  0.10000000E+04  0.00000000E+00  0.12500000E+03  0.00000000E+00  0.69999999E+00  0.10000000E+04
  0.57500000E+01 -0.25000000E+00  0.00000000E+00  0.00000000E+00  0.10000000E+04  0.00000000E+00  0.12500000E+03  0.00000000E+00  0.69999999E+00  0.10000000E+04
  0.62500000E+01 -0.25000000E+00  0.00000000E+00  0.00000000E+00  0.10000000E+04  0.00000000E+00  0.12500000E+03  0.00000000E+00  0.69999999E+00  0.10000000E+04
  0.67500000E+01 -0.25000000E+00  0.00000000E+00  0.00000000E+00  0.10000000E+04  0.00000000E+00  0.12500000E+03  0.00000000E+00  0.69999999E+00  0.10000000E+04
  0.72500000E+01 -0.25000000E+00  0.00000000E+00  0.00000000E+00  0.10000000E+04  0.00000000E+00  0.12500000E+03  0.00000000E+00  0.69999999E+00  0.10000000E+04
  0.77500000E+01 -0.25000000E+00  0.00000000E+00  0.00000000E+00  0.10000000E+04  0.00000000E+00  0.12500000E+03  0.00000000E+00  0.69999999E+00  0.10000000E+04
  0.40000000E+01  0.50000000E+00  0.00000000E+00  0.00000000E+00  0.10039973E+04  0.79374326E+04  0.12500000E+03 -0.22326196E-04  0.69999999E+00  0.10000000E+04
  0.37500000E+01  0.25000000E+00  0.00000000E+00  0.00000000E+00  0.10149606E+04  0.30703289E+05  0.12500000E+03 -0.10404873E-03  0.69999999E+00  0.10000001E+04
  0.40000000E+01  0.10000000E+01  0.00000000E+00  0.00000000E+00  0.10059146E+04  0.11812331E+05  0.12500000E+03  0.91541460E-05  0.69999999E+00  0.10000000E+04
  0.37500000E+01  0.75000000E+00  0.00000000E+00  0.00000000E+00  0.10602854E+04  0.14195545E+06  0.12500000E+03  0.55121352E-04  0.69999999E+00  0.99999994E+03
  0.40000000E+01  0.15000000E+01  0.00000000E+00  0.00000000E+00  0.10028872E+04  0.57140864E+04  0.12500000E+03  0.27713635E-04  0.69999999E+00  0.99999994E+03
  0.37500000E+01  0.12500000E+01  0.00000000E+00  0.00000000E+00  0.10534503E+04  0.12326624E+06  0.12500000E+03  0.98929682E-04  0.69999999E+00  0.99999988E+03
  0.40000000E+01  0.20000000E+01  0.00000000E+00  0.00000000E+00  0.10000380E+04  0.74385040E+02  0.12500000E+03  0.63048128E-05  0.69999999E+00  0.10000000E+04
  0.37500000E+01  0.17500000E+01  0.00000000E+00  0.00000000E+00  0.10167858E+04  0.34639254E+05  0.12500000E+03  0.73440911E-04  0.69999999E+00  0.99999994E+03
  0.45000000E+01  0.50000000E+00  0.00000000E+00  0.00000000E+00  0.10000000E+04  0.00000000E+00  0.12500000E+03  0.00000000E+00  0.69999999E+00  0.10000000E+04
  0.42500000E+01  0.25000000E+00  0.00000000E+00  0.00000000E+00  0.10000018E+04  0.35083482E+01  0.12500000E+03 -0.74084828E-05  0.69999999E+00  0.10000000E+04
  0.45000000E+01  0.10000000E+01  0.00000000E+00  0.00000000E+00  0.10000000E+04  0.00000000E+00  0.12500000E+03  0.00000000E+00  0.69999999E+00  0.10000000E+04
  0.42500000E+01  0.75000000E+00  0.00000000E+00  0.00000000E+00  0.99998474E+03 -0.29936375E+02  0.12500000E+03 -0.98366161E-06  0.69999999E+00  0.10000000E+04
  0.45000000E+01  0.15000000E+01  0.00000000E+00  0.00000000E+00  0.10000000E+04  0.00000000E+00  0.12500000E+03  0.00000000E+00  0.69999999E+00  0.10000000E+04
  0.42500000E+01  0.12500000E+01  0.00000000E+00  0.00000000E+00  0.10000011E+04  0.21050045E+01  0.12500000E+03  0.55612413E-05  0.69999999E+00  0.10000000E+04
  0.45000000E+01  0.20000000E+01  0.00000000E+00  0.00000000E+00  0.10000000E+04  0.00000000E+00  0.12500000E+03  0.00000000E+00  0.69999999E+00  0.10000000E+04
  0.42500000E+01  0.17500000E+01  0.00000000E+00  0.00000000E+00  0.10000000E+04  0.00000000E+00  0.12500000E+03  0.00000000E+00  0.69999999E+00  0.10000000E+04
  0.50000000E+01  0.50000000E+00  0.00000000E+00  0.00000000E+00  0.10000000E+04  0.00000000E+00  0.12500000E+03  0.00000000E+00  0.69999999E+00  0.10000000E+04
  0.47500000E+01  0.25000000E+00  0.00000000E+00  0.00000000E+00  0.10000000E+04  0.00000000E+00  0.12500000E+03  0.00000000E+00  0.69999999E+00  0.10000000E+04
  0.50000000E+01  0.10000000E+01  0.00000000E+00  0.00000000E+00  0.10000000E+04  0.00000000E+00  0.12500000E+03  0.00000000E+00  0.69999999E+00  0.10000000E+04
  0.47500000E+01  0.75000000E+00  0.00000000E+00  0.00000000E+00  0.10000000E+04  0.00000000E+00  0.12500000E+03  0.00000000E+00  0.69999999E+00  0.10000000E+04
  0.50000000E+01  0.15000000E+01  0.00000000E+00  0.00000000E+00  0.10000000E+04  0.00000000E+00  0.12500000E+03  0.00000000E+00  0.69999999E+00  0.10000000E+04
  0.47500000E+01  0.12500000E+01  0.00000000E+00  0.00000000E+00  0.10000000E+04  0.00000000E+00  0.12500000E+03  0.00000000E+00  0.69999999E+00  0.10000000E+04
  0.50000000E+01  0.20000000E+01  0.00000000E+00  0.00000000E+00  0.10000000E+04  0.00000000E+00  0.12500000E+03  0.00000000E+00  0.69999999E+00  0.10000000E+04
  0.47500000E+01  0.17500000E+01  0.00000000E+00  0.00000000E+00  0.10000000E+04  0.00000000E+00  0.12500000E+03  0.00000000E+00  0.69999999E+00  0.10000000E+04
  0.72970271E+00  0.24346164E+00 -0.73178306E-01  0.13025892E+00  0.10025602E+04  0.50619736E+04  0.12576698E+03  0.12576698E+03  0.10000000E+01  0.00000000E+00
  0.50941110E+00  0.51511610E+00  0.12825068E-01  0.13357274E+00  0.10063816E+04  0.12763034E+05  0.12561582E+03  0.12561346E+03  0.10000000E+01  0.00000000E+00
  0.72901964E+00  0.68631625E+00 -0.38144165E+00 -0.46336374E+00  0.10070311E+04  0.14089400E+05  0.12546356E+03  0.12546356E+03  0.10000000E+01  0.00000000E+00
  0.72514766E+00  0.87177598E+00  0.16417748E+01 -0.10223968E+01  0.10152387E+04  0.31300547E+05  0.12531018E+03  0.12531018E+03  0.10000000E+01  0.00000000E+00
  0.92685056E+00  0.12185116E+01  0.11706445E+01 -0.10952620E+00  0.10049628E+04  0.98831914E+04  0.12515567E+03  0.12515567E+03  0.10000000E+01  0.00000000E+00
  0.91477311E+00  0.13641350E+01  0.24821658E+01  0.83884645E+00  0.10062759E+04  0.12547572E+05  0.12500000E+03  0.12500000E+03  0.10000000E+01  0.00000000E+00
  0.13040643E+01  0.21176344E+00  0.35698807E+00 -0.21982442E+00  0.10057445E+04  0.11466727E+05  0.12576698E+03  0.12576411E+03  0.10000000E+01  0.00000000E+00
  0.10486935E+01  0.46569973E+00  0.49504358E-01  0.58371171E-01  0.10052753E+04  0.10515284E+05  0.12561582E+03  0.12561295E+03  0.10000000E+01  0.00000000E+00
  0.13769569E+01  0.64515865E+00  0.44884920E+00 -0.28114501E+00  0.10057005E+04  0.11377416E+05  0.12546356E+03  0.12546356E+03  0.10000000E+01  0.00000000E+00
  0.11162668E+01  0.91549397E+00  0.15757036E+00 -0.75577512E-01  0.10033442E+04  0.66277109E+04  0.12531018E+03  0.12531018E+03  0.10000000E+01  0.00000000E+00
  0.14316142E+01  0.11806130E+01  0.94486362E+00  0.45988566E+00  0.99985388E+03 -0.28650491E+03  0.12515567E+03  0.12515567E+03  0.10000000E+01  0.00000000E+00
  0.11418537E+01  0.14769588E+01  0.70416379E+00  0.59877884E+00  0.10047198E+04  0.93925117E+04  0.12500000E+03  0.12500000E+03  0.10000000E+01  0.00000000E+00
  0.18804879E+01  0.25860855E+00  0.32148343E+00  0.36043966E+00  0.10020039E+04  0.39553831E+04  0.12576698E+03  0.12576411E+03  0.10000000E+01  0.00000000E+00
  0.16186311E+01  0.46938324E+00  0.43326890E+00  0.81781298E-01  0.10060627E+04  0.12113416E+05  0.12561582E+03  0.12561295E+03  0.10000000E+01  0.00000000E+00
  0.19773579E+01  0.68941319E+00  0.81452096E+00  0.55646780E-02  0.10105878E+04  0.21444885E+05  0.12546356E+03  0.12546356E+03  0.10000000E+01  0.00000000E+00
  0.16467626E+01  0.88390088E+00  0.59549260E+00 -0.17137748E+00  0.10036160E+04  0.71719702E+04  0.12531018E+03  0.12531018E+03  0.10000000E+01  0.00000000E+00
  0.18834743E+01  0.10740600E+01  0.33885524E+00  0.85737541E-01  0.10035031E+04  0.69457051E+04  0.12515567E+03  0.12515567E+03  0.10000000E+01  0.00000000E+00
  0.16457586E+01  0.13850930E+01  0.68380296E+00  0.21356401E+00  0.10019105E+04  0.37698506E+04  0.12500000E+03  0.12500000E+03  0.10000000E+01  0.00000000E+00
  0.22162256E+01  0.38210359E+00 -0.16272601E+01  0.14668195E+01  0.99782080E+03 -0.42477500E+04  0.12576698E+03  0.12576698E+03  0.10000000E+01  0.00000000E+00
  0.23149481E+01  0.51489329E+00  0.95990014E+00 -0.54895110E-01  0.10035080E+04  0.69554980E+04  0.12561582E+03  0.12561553E+03  0.10000000E+01  0.00000000E+00
  0.27176113E+01  0.62244976E+00  0.21964888E+00 -0.10641481E+01  0.10089362E+04  0.18009850E+05  0.12546356E+03  0.12546356E+03  0.10000000E+01  0.00000000E+00
  0.23420053E+01  0.82744789E+00  0.10204548E+01  0.17654076E+00  0.10120544E+04  0.24523252E+05  0.12531018E+03  0.12531018E+03  0.10000000E+01  0.00000000E+00
  0.26658993E+01  0.10521152E+01  0.13011537E+01  0.14100116E+01  0.99940161E+03 -0.11718986E+04  0.12515567E+03  0.12515567E+03  0.10000000E+01  0.00000000E+00
  0.20974908E+01  0.12519267E+01  0.17843683E+00  0.42678350E+00  0.10005961E+04  0.11717711E+04  0.12500000E+03  0.12500000E+03  0.10000000E+01  0.00000000E+00
  0.27402916E+01  0.85653901E+00 -0.86045706E+00  0.26350448E+01  0.10097757E+04  0.19751543E+05  0.12561582E+03  0.12561399E+03  0.10000000E+01  0.00000000E+00
  0.30370512E+01  0.78370845E+00 -0.20921588E+01  0.98178756E+00  0.10286681E+04  0.61322031E+05  0.12531018E+03  0.12531018E+03  0.10000000E+01  0.00000000E+00
  0.29769239E+01  0.13486235E+01 -0.12384753E+00  0.18800591E+01  0.98381885E+03 -0.30247221E+05  0.12500000E+03  0.12500000E+03  0.10000000E+01  0.00000000E+00
