  0.00000000E+00  0.00000000E+00  0.00000000E+00  0.00000000E+00  0.10007931E+04  0.15597683E+04  0.12500000E+03  0.24706440E-02  0.69999999E+00  0.99999719E+03
  0.00000000E+00  0.50000000E+00  0.00000000E+00  0.00000000E+00  0.10119661E+04  0.24337320E+05  0.12500000E+03  0.32133996E-02  0.69999999E+00  0.99999628E+03
  0.00000000E+00  0.10000000E+01  0.00000000E+00  0.00000000E+00  0.10340283E+04  0.73979016E+05  0.12500000E+03  0.36694768E-02  0.69999999E+00  0.99999567E+03
  0.00000000E+00  0.15000000E+01  0.00000000E+00  0.00000000E+00  0.10154806E+04  0.31820555E+05  0.12500000E+03  0.13589673E-02  0.69999999E+00  0.99999841E+03
  0.00000000E+00  0.20000000E+01  0.00000000E+00  0.00000000E+00  0.10181163E+04  0.37535484E+05  0.12500000E+03 -0.16539244E-02  0.69999999E+00  0.10000020E+04
  0.00000000E+00  0.25000000E+01  0.00000000E+00  0.00000000E+00  0.10034910E+04  0.69213438E+04  0.12500000E+03  0.51656220E-03  0.69999999E+00  0.99999939E+03
  0.00000000E+00  0.30000000E+01  0.00000000E+00  0.00000000E+00  0.10000026E+04  0.51455903E+01  0.12500000E+03  0.38292605E-04  0.69999999E+00  0.99999994E+03
  0.00000000E+00  0.35000000E+01  0.00000000E+00  0.00000000E+00  0.10000000E+04  0.00000000E+00  0.12500000E+03  0.00000000E+00  0.69999999E+00  0.10000000E+04
  0.00000000E+00  0.40000000E+01  0.00000000E+00  0.00000000E+00  0.10000000E+04  0.00000000E+00  0.12500000E+03  0.00000000E+00  0.69999999E+00  0.10000000E+04
 -0.25000000E+00 -0.25000000E+00  0.00000000E+00  0.00000000E+00  0.10006414E+04  0.12607445E+04  0.12500000E+03  0.52005530E-03  0.69999999E+00  0.99999939E+03
 -0.25000000E+00  0.25000000E+00  0.00000000E+00  0.00000000E+00  0.10006223E+04  0.12231802E+04  0.12500000E+03  0.11081130E-02  0.69999999E+00  0.99999872E+03
 -0.25000000E+00  0.75000000E+00  0.00000000E+00  0.00000000E+00  0.10081826E+04  0.16453869E+05  0.12500000E+03  0.47139416E-03  0.69999999E+00  0.99999945E+03
 -0.25000000E+00  0.12500000E+01  0.00000000E+00  0.00000000E+00  0.10082169E+04  0.16524611E+05  0.12500000E+03  0.11719684E-02  0.69999999E+00  0.99999866E+03
 -0.25000000E+00  0.17500000E+01  0.00000000E+00  0.00000000E+00  0.10009116E+04  0.17934451E+04  0.12500000E+03 -0.34409499E-03  0.69999999E+00  0.10000004E+04
 -0.25000000E+00  0.22500000E+01  0.00000000E+00  0.00000000E+00  0.10015139E+04  0.29839109E+04  0.12500000E+03 -0.18548567E-03  0.69999999E+00  0.10000002E+04
 -0.25000000E+00  0.27500000E+01  0.00000000E+00  0.00000000E+00  0.10000007E+04  0.14033347E+01  0.12500000E+03  0.17473474E-04  0.69999999E+00  0.10000000E+04
 -0.25000000E+00  0.32500000E+01  0.00000000E+00  0.00000000E+00  0.10000000E+04  0.00000000E+00  0.12500000E+03  0.25195346E-41  0.69999999E+00  0.10000000E+04
 -0.25000000E+00  0.37500000E+01  0.00000000E+00  0.00000000E+00  0.10000000E+04  0.00000000E+00  0.12500000E+03  0.00000000E+00  0.69999999E+00  0.10000000E+04
  0.80000000E+01  0.00000000E+00  0.00000000E+00  0.00000000E+00  0.10000000E+04  0.00000000E+00  0.12500000E+03  0.00000000E+00  0.69999999E+00  0.10000000E+04
  0.80000000E+01  0.50000000E+00  0.00000000E+00  0.00000000E+00  0.10000000E+04  0.00000000E+00  0.12500000E+03  0.00000000E+00  0.69999999E+00  0.10000000E+04
  0.80000000E+01  0.10000000E+01  0.00000000E+00  0.00000000E+00  0.10000000E+04  0.00000000E+00  0.12500000E+03  0.00000000E+00  0.69999999E+00  0.10000000E+04
  0.80000000E+01  0.15000000E+01  0.00000000E+00  0.00000000E+00  0.10000000E+04  0.00000000E+00  0.12500000E+03  0.00000000E+00  0.69999999E+00  0.10000000E+04
  0.80000000E+01  0.20000000E+01  0.00000000E+00  0.00000000E+00  0.10000000E+04  0.00000000E+00  0.12500000E+03  0.00000000E+00  0.69999999E+00  0.10000000E+04
  0.80000000E+01  0.25000000E+01  0.00000000E+00  0.00000000E+00  0.10000000E+04  0.00000000E+00  0.12500000E+03  0.00000000E+00  0.69999999E+00  0.10000000E+04
  0.80000000E+01  0.30000000E+01  0.00000000E+00  0.00000000E+00  0.10000000E+04  0.00000000E+00  0.12500000E+03  0.00000000E+00  0.69999999E+00  0.10000000E+04
  0.80000000E+01  0.35000000E+01  0.00000000E+00  0.00000000E+00  0.10000000E+04  0.00000000E+00  0.12500000E+03  0.00000000E+00  0.69999999E+00  0.10000000E+04
  0.80000000E+01  0.40000000E+01  0.00000000E+00  0.00000000E+00  0.10000000E+04  0.00000000E+00  0.12500000E+03  0.00000000E+00  0.69999999E+00  0.10000000E+04
  0.82500000E+01 -0.25000000E+00  0.00000000E+00  0.00000000E+00  0.10000000E+04  0.00000000E+00  0.12500000E+03  0.00000000E+00  0.69999999E+00  0.10000000E+04
  0.82500000E+01  0.25000000E+00  0.00000000E+00  0.00000000E+00  0.10000000E+04  0.00000000E+00  0.12500000E+03  0.00000000E+00  0.69999999E+00  0.10000000E+04
  0.82500000E+01  0.75000000E+00  0.00000000E+00  0.00000000E+00  0.10000000E+04  0.00000000E+00  0.12500000E+03  0.00000000E+00  0.69999999E+00  0.10000000E+04
  0.82500000E+01  0.12500000E+01  0.00000000E+00  0.00000000E+00  0.10000000E+04  0.00000000E+00  0.12500000E+03  0.00000000E+00  0.69999999E+00  0.10000000E+04
  0.82500000E+01  0.17500000E+01  0.00000000E+00  0.00000000E+00  0.10000000E+04  0.00000000E+00  0.12500000E+03  0.00000000E+00  0.69999999E+00  0.10000000E+04
  0.82500000E+01  0.22500000E+01  0.00000000E+00  0.00000000E+00  0.10000000E+04  0.00000000E+00  0.12500000E+03  0.00000000E+00  0.69999999E+00  0.10000000E+04
  0.82500000E+01  0.27500000E+01  0.00000000E+00  0.00000000E+00  0.10000000E+04  0.00000000E+00  0.12500000E+03  0.00000000E+00  0.69999999E+00  0.10000000E+04
  0.82500000E+01  0.32500000E+01  0.00000000E+00  0.00000000E+00  0.10000000E+04  0.00000000E+00  0.12500000E+03  0.00000000E+00  0.69999999E+00  0.10000000E+04
  0.82500000E+01  0.37500000E+01  0.00000000E+00  0.00000000E+00  0.10000000E+04  0.00000000E+00  0.12500000E+03  0.00000000E+00  0.69999999E+00  0.10000000E+04
  0.50000000E+00  0.00000000E+00  0.00000000E+00  0.00000000E+00  0.10314169E+04  0.67763492E+05  0.12500000E+03  0.12532640E-01  0.69999999E+00  0.99998523E+03
  0.10000000E+01  0.00000000E+00  0.00000000E+00  0.00000000E+00  0.10550312E+04  0.12752476E+06  0.12500000E+03  0.72290064E-02  0.69999999E+00  0.99999127E+03
  0.15000000E+01  0.00000000E+00  0.00000000E+00  0.00000000E+00  0.10335841E+04  0.72915148E+05  0.12500000E+03  0.21966219E-01  0.69999999E+00  0.99997406E+03
  0.20000000E+01  0.00000000E+00  0.00000000E+00  0.00000000E+00  0.11384207E+04  0.41429138E+06  0.12500000E+03  0.25322573E-01  0.69999999E+00  0.99996704E+03
  0.25000000E+01  0.00000000E+00  0.00000000E+00  0.00000000E+00  0.10297523E+04  0.63850656E+05  0.12500000E+03  0.76041589E-02  0.69999999E+00  0.99999103E+03
  0.30000000E+01  0.00000000E+00  0.00000000E+00  0.00000000E+00  0.10358748E+04  0.78431008E+05  0.12500000E+03  0.93104839E-02  0.69999999E+00  0.99998895E+03
  0.35000000E+01  0.00000000E+00  0.00000000E+00  0.00000000E+00  0.10021844E+04  0.43139634E+04  0.12500000E+03  0.38210803E-02  0.69999999E+00  0.99999561E+03
  0.40000000E+01  0.00000000E+00  0.00000000E+00  0.00000000E+00  0.10000137E+04  0.26898298E+02  0.12500000E+03 -0.68247195E-04  0.69999999E+00  0.10000001E+04
  0.45000000E+01  0.00000000E+00  0.00000000E+00  0.00000000E+00  0.10000000E+04  0.00000000E+00  0.12500000E+03  0.15913426E-39  0.69999999E+00  0.10000000E+04
  0.50000000E+01  0.00000000E+00  0.00000000E+00  0.00000000E+00  0.10000000E+04  0.00000000E+00  0.12500000E+03 -0.28586489E-42  0.69999999E+00  0.10000000E+04
  0.55000000E+01  0.00000000E+00  0.00000000E+00  0.00000000E+00  0.10000000E+04  0.00000000E+00  0.12500000E+03  0.00000000E+00  0.69999999E+00  0.10000000E+04
  0.60000000E+01  0.00000000E+00  0.00000000E+00  0.00000000E+00  0.10000000E+04  0.00000000E+00  0.12500000E+03  0.00000000E+00  0.69999999E+00  0.10000000E+04
  0.65000000E+01  0.00000000E+00  0.00000000E+00  0.00000000E+00  0.10000000E+04  0.00000000E+00  0.12500000E+03  0.00000000E+00  0.69999999E+00  0.10000000E+04
  0.70000000E+01  0.00000000E+00  0.00000000E+00  0.00000000E+00  0.10000000E+04  0.00000000E+00  0.12500000E+03  0.00000000E+00  0.69999999E+00  0.10000000E+04
  0.75000000E+01  0.00000000E+00  0.00000000E+00  0.00000000E+00  0.10000000E+04  0.00000000E+00  0.12500000E+03  0.00000000E+00  0.69999999E+00  0.10000000E+04
  0.25000000E+00 -0.25000000E+00  0.00000000E+00  0.00000000E+00  0.10056354E+04  0.11245308E+05  0.12500000E+03  0.33141687E-02  0.69999999E+00  0.99999622E+03
  0.75000000E+00 -0.25000000E+00  0.00000000E+00  0.00000000E+00  0.10251426E+04  0.53210406E+05  0.12500000E+03  0.89784209E-02  0.69999999E+00  0.99998950E+03
  0.12500000E+01 -0.25000000E+00  0.00000000E+00  0.00000000E+00  0.10104854E+04  0.21230934E+05  0.12500000E+03  0.71696760E-02  0.69999999E+00  0.99999170E+03
  0.17500000E+01 -0.25000000E+00  0.00000000E+00  0.00000000E+00  0.10149147E+04  0.30604863E+05  0.12500000E+03  0.10922203E-01  0.69999999E+00  0.99998730E+03
  0.22500000E+01 -0.25000000E+00  0.00000000E+00  0.00000000E+00  0.10011565E+04  0.22768406E+04  0.12500000E+03  0.10794554E-01  0.69999999E+00  0.99998767E+03
  0.27500000E+01 -0.25000000E+00  0.00000000E+00  0.00000000E+00  0.10030582E+04  0.60555093E+04  0.12500000E+03  0.49814153E-02  0.69999999E+00  0.99999426E+03
  0.32500000E+01 -0.25000000E+00  0.00000000E+00  0.00000000E+00  0.10006876E+04  0.13518557E+04  0.12500000E+03  0.34412392E-02  0.69999999E+00  0.99999609E+03
  0.37500000E+01 -0.25000000E+00  0.00000000E+00  0.00000000E+00  0.10000070E+04  0.13565822E+02  0.12500000E+03 -0.15635355E-03  0.69999999E+00  0.10000002E+04
  0.42500000E+01 -0.25000000E+00  0.00000000E+00  0.00000000E+00  0.10000000E+04  0.00000000E+00  0.12500000E+03 -0.69337087E-36  0.69999999E+00  0.10000000E+04
  0.47500000E+01 -0.25000000E+00  0.00000000E+00  0.00000000E+00  0.10000000E+04  0.00000000E+00  0.12500000E+03 -0.36687395E-39  0.69999999E+00  0.10000000E+04
  0.52500000E+01 -0.25000000E+00  0.00000000E+00  0.00000000E+00  0.10000000E+04  0.00000000E+00  0.12500000E+03  0.00000000E+00  0.69999999E+00  0.10000000E+04
  0.57500000E+01 -0.25000000E+00  0.00000000E+00  0.00000000E+00  0.10000000E+04  0.00000000E+00  0.12500000E+03  0.00000000E+00  0.69999999E+00  0.10000000E+04
  0.62500000E+01 -0.25000000E+00  0.00000000E+00  0.00000000E+00  0.10000000E+04  0.00000000E+00  0.12500000E+03  0.00000000E+00  0.69999999E+00  0.10000000E+04
  0.67500000E+01 -0.25000000E+00  0.00000000E+00  0.00000000E+00  0.10000000E+04  0.00000000E+00  0.12500000E+03  0.00000000E+00  0.69999999E+00  0.10000000E+04
  0.72500000E+01 -0.25000000E+00  0.00000000E+00  0.00000000E+00  0.10000000E+04  0.00000000E+00  0.12500000E+03  0.00000000E+00  0.69999999E+00  0.10000000E+04
  0.77500000E+01 -0.25000000E+00  0.00000000E+00  0.00000000E+00  0.10000000E+04  0.00000000E+00  0.12500000E+03  0.00000000E+00  0.69999999E+00  0.10000000E+04
  0.40000000E+01  0.50000000E+00  0.00000000E+00  0.00000000E+00  0.10012992E+04  0.25588740E+04  0.12500000E+03 -0.34525275E-03  0.69999999E+00  0.10000004E+04
  0.37500000E+01  0.25000000E+00  0.00000000E+00  0.00000000E+00  0.10031519E+04  0.62427974E+04  0.12500000E+03 -0.17040181E-02  0.69999999E+00  0.10000020E+04
  0.40000000E+01  0.10000000E+01  0.00000000E+00  0.00000000E+00  0.10033179E+04  0.65747412E+04  0.12500000E+03 -0.13196416E-03  0.69999999E+00  0.10000001E+04
  0.37500000E+01  0.75000000E+00  0.00000000E+00  0.00000000E+00  0.10400278E+04  0.88620328E+05  0.12500000E+03  0.97236701E-03  0.69999999E+00  0.99999884E+03
  0.40000000E+01  0.15000000E+01  0.00000000E+00  0.00000000E+00  0.10001075E+04  0.21103561E+03  0.12500000E+03  0.41744788E-03  0.69999999E+00  0.99999951E+03
  0.37500000E+01  0.12500000E+01  0.00000000E+00  0.00000000E+00  0.10246594E+04  0.52111711E+05  0.12500000E+03  0.99200360E-03  0.69999999E+00  0.99999884E+03
  0.40000000E+01  0.20000000E+01  0.00000000E+00  0.00000000E+00  0.10010588E+04  0.20840093E+04  0.12500000E+03  0.32330409E-03  0.69999999E+00  0.99999963E+03
  0.37500000E+01  0.17500000E+01  0.00000000E+00  0.00000000E+00  0.10207201E+04  0.43268980E+05  0.12500000E+03  0.20230568E-02  0.69999999E+00  0.99999762E+03
  0.45000000E+01  0.50000000E+00  0.00000000E+00  0.00000000E+00  0.10000000E+04  0.00000000E+00  0.12500000E+03  0.10797285E-38  0.69999999E+00  0.10000000E+04
  0.42500000E+01  0.25000000E+00  0.00000000E+00  0.00000000E+00  0.10000018E+04  0.35083482E+01  0.12500000E+03 -0.74084828E-05  0.69999999E+00  0.10000000E+04
  0.45000000E+01  0.10000000E+01  0.00000000E+00  0.00000000E+00  0.10000000E+04  0.00000000E+00  0.12500000E+03 -0.77912195E-42  0.69999999E+00  0.10000000E+04
  0.42500000E+01  0.75000000E+00  0.00000000E+00  0.00000000E+00  0.10000944E+04  0.18529227E+03  0.12500000E+03 -0.12074728E-04  0.69999999E+00  0.10000000E+04
  0.45000000E+01  0.15000000E+01  0.00000000E+00  0.00000000E+00  0.10000000E+04  0.00000000E+00  0.12500000E+03 -0.25027191E-41  0.69999999E+00  0.10000000E+04
  0.42500000E+01  0.12500000E+01  0.00000000E+00  0.00000000E+00  0.10000066E+04  0.12864128E+02  0.12500000E+03  0.34267537E-05  0.69999999E+00  0.10000000E+04
  0.45000000E+01  0.20000000E+01  0.00000000E+00  0.00000000E+00  0.10000000E+04  0.00000000E+00  0.12500000E+03  0.24298515E-41  0.69999999E+00  0.10000000E+04
  0.42500000E+01  0.17500000E+01  0.00000000E+00  0.00000000E+00  0.10000031E+04  0.60811610E+01  0.12500000E+03 -0.35628464E-05  0.69999999E+00  0.10000000E+04
  0.50000000E+01  0.50000000E+00  0.00000000E+00  0.00000000E+00  0.10000000E+04  0.00000000E+00  0.12500000E+03  0.21860256E-42  0.69999999E+00  0.10000000E+04
  0.47500000E+01  0.25000000E+00  0.00000000E+00  0.00000000E+00  0.10000000E+04  0.00000000E+00  0.12500000E+03  0.36230011E-39  0.69999999E+00  0.10000000E+04
  0.50000000E+01  0.10000000E+01  0.00000000E+00  0.00000000E+00  0.10000000E+04  0.00000000E+00  0.12500000E+03 -0.00000000E+00  0.69999999E+00  0.10000000E+04
  0.47500000E+01  0.75000000E+00  0.00000000E+00  0.00000000E+00  0.10000000E+04  0.00000000E+00  0.12500000E+03  0.28586489E-42  0.69999999E+00  0.10000000E+04
  0.50000000E+01  0.15000000E+01  0.00000000E+00  0.00000000E+00  0.10000000E+04  0.00000000E+00  0.12500000E+03 -0.17488205E-41  0.69999999E+00  0.10000000E+04
  0.47500000E+01  0.12500000E+01  0.00000000E+00  0.00000000E+00  0.10000000E+04  0.00000000E+00  0.12500000E+03 -0.16731504E-41  0.69999999E+00  0.10000000E+04
  0.50000000E+01  0.20000000E+01  0.00000000E+00  0.00000000E+00  0.10000000E+04  0.00000000E+00  0.12500000E+03  0.16479270E-41  0.69999999E+00  0.10000000E+04
  0.47500000E+01  0.17500000E+01  0.00000000E+00  0.00000000E+00  0.10000000E+04  0.00000000E+00  0.12500000E+03 -0.00000000E+00  0.69999999E+00  0.10000000E+04
  0.26309965E+01  0.88559437E+00  0.23137850E+00 -0.39367321E+00  0.10023242E+04  0.45918091E+04  0.12576698E+03  0.12576674E+03  0.10000000E+01  0.00000000E+00
  0.85451412E+00  0.11050123E+01 -0.17598033E+00  0.63181424E+00  0.10076748E+04  0.15409154E+05  0.12561582E+03  0.12561256E+03  0.10000000E+01  0.00000000E+00
  0.16208916E+01  0.91789591E+00  0.28299773E+00 -0.67851901E-01  0.10075239E+04  0.15099291E+05  0.12546356E+03  0.12546333E+03  0.10000000E+01  0.00000000E+00
  0.17185140E+01  0.15601840E+01  0.12349995E+01  0.35746193E+00  0.10058247E+04  0.11629677E+05  0.12531018E+03  0.12531027E+03  0.10000000E+01  0.00000000E+00
  0.27741580E+01  0.14836947E+01  0.37230860E-01 -0.84570333E-01  0.10020588E+04  0.40642898E+04  0.12515567E+03  0.12515567E+03  0.10000000E+01  0.00000000E+00
  0.23485308E+01  0.15243664E+01 -0.82331562E+00 -0.43261236E+00  0.10045000E+04  0.89491533E+04  0.12500000E+03  0.12500000E+03  0.10000000E+01  0.00000000E+00
  0.28110995E+01  0.96837759E+00 -0.29565340E+00 -0.37197601E-01  0.10019760E+04  0.38997598E+04  0.12576698E+03  0.12575461E+03  0.10000000E+01  0.00000000E+00
  0.89494991E+00  0.11342027E+01 -0.23954642E+00 -0.61152232E+00  0.10073345E+04  0.14710765E+05  0.12561582E+03  0.12560624E+03  0.10000000E+01  0.00000000E+00
  0.10428586E+01  0.90841281E+00  0.60809922E+00 -0.39640439E+00  0.10100263E+04  0.20273363E+05  0.12546356E+03  0.12546037E+03  0.10000000E+01  0.00000000E+00
  0.26019075E+01  0.13307520E+01  0.98368150E+00  0.13036481E+00  0.10013319E+04  0.26237029E+04  0.12531018E+03  0.12531038E+03  0.10000000E+01  0.00000000E+00
  0.12284003E+01  0.87773716E+00 -0.48979133E+00 -0.15408665E+00  0.10102995E+04  0.20842717E+05  0.12515567E+03  0.12515535E+03  0.10000000E+01  0.00000000E+00
  0.66481471E+00  0.94605303E+00 -0.15293491E+00  0.33186775E+00  0.10093671E+04  0.18902859E+05  0.12500000E+03  0.12500000E+03  0.10000000E+01  0.00000000E+00
  0.20048268E+01  0.94680333E+00  0.85640311E-01  0.28254136E-01  0.10057330E+04  0.11443489E+05  0.12576698E+03  0.12575644E+03  0.10000000E+01  0.00000000E+00
  0.27677333E+01  0.91057003E+00 -0.37957653E+00 -0.62432762E-01  0.10021677E+04  0.42807891E+04  0.12561582E+03  0.12561059E+03  0.10000000E+01  0.00000000E+00
  0.27394767E+01  0.13593339E+01 -0.70679307E+00  0.38655776E+00  0.10011690E+04  0.23015708E+04  0.12546356E+03  0.12546005E+03  0.10000000E+01  0.00000000E+00
  0.18930461E+01  0.10005215E+01 -0.94209230E+00 -0.78830290E+00  0.10042048E+04  0.83547559E+04  0.12531018E+03  0.12531018E+03  0.10000000E+01  0.00000000E+00
  0.29614153E+01  0.87212133E+00  0.15989220E+00  0.80395424E+00  0.10016761E+04  0.33052920E+04  0.12515567E+03  0.12515553E+03  0.10000000E+01  0.00000000E+00
  0.11272752E+01  0.17571576E+01  0.17314244E-01 -0.65101635E+00  0.10018369E+04  0.36239114E+04  0.12500000E+03  0.12499989E+03  0.10000000E+01  0.00000000E+00
  0.99956179E+00  0.15311667E+01 -0.50219197E-01 -0.87484342E+00  0.10048425E+04  0.96401699E+04  0.12576698E+03  0.12576566E+03  0.10000000E+01  0.00000000E+00
  0.27240076E+01  0.88265133E+00 -0.12337332E+01 -0.17824611E+00  0.10023215E+04  0.45865913E+04  0.12561582E+03  0.12561228E+03  0.10000000E+01  0.00000000E+00
  0.15499575E+01  0.12639430E+01  0.40034705E+00 -0.18720269E+00  0.10065919E+04  0.13191935E+05  0.12546356E+03  0.12546202E+03  0.10000000E+01  0.00000000E+00
  0.20740407E+01  0.10162694E+01  0.82411721E-01  0.16248841E-02  0.10046241E+04  0.91993721E+04  0.12531018E+03  0.12530890E+03  0.10000000E+01  0.00000000E+00
  0.13124844E+01  0.19944966E+01  0.15694723E+01 -0.22640654E+00  0.10017260E+04  0.34040596E+04  0.12515567E+03  0.12515567E+03  0.10000000E+01  0.00000000E+00
  0.13552163E+01  0.82979727E+00 -0.53165776E+00 -0.17627546E+00  0.10105212E+04  0.21305641E+05  0.12500000E+03  0.12500012E+03  0.10000000E+01  0.00000000E+00
  0.10096412E+01  0.16804051E+01  0.61338180E+00 -0.56484658E+00  0.10030674E+04  0.60740908E+04  0.12561582E+03  0.12561399E+03  0.10000000E+01  0.00000000E+00
  0.11323639E+01  0.20749207E+01  0.22295024E+01 -0.30763417E+00  0.10012861E+04  0.25329460E+04  0.12531018E+03  0.12531004E+03  0.10000000E+01  0.00000000E+00
  0.19862092E+01  0.17323861E+01 -0.90869248E+00  0.99259615E+00  0.10053981E+04  0.10764007E+05  0.12500000E+03  0.12500000E+03  0.10000000E+01  0.00000000E+00
