  0.00000000E+00  0.00000000E+00  0.00000000E+00  0.00000000E+00  0.10012621E+04  0.24855740E+04  0.12500000E+03  0.17507353E-02  0.69999999E+00  0.99999799E+03
  0.00000000E+00  0.50000000E+00  0.00000000E+00  0.00000000E+00  0.99899548E+03 -0.19649332E+04  0.12500000E+03  0.10478734E-02  0.69999999E+00  0.99999878E+03
  0.00000000E+00  0.10000000E+01  0.00000000E+00  0.00000000E+00  0.10320603E+04  0.69286070E+05  0.12500000E+03  0.20051778E-02  0.69999999E+00  0.99999762E+03
  0.00000000E+00  0.15000000E+01  0.00000000E+00  0.00000000E+00  0.10526831E+04  0.12121338E+06  0.12500000E+03  0.72270818E-03  0.69999999E+00  0.99999915E+03
  0.00000000E+00  0.20000000E+01  0.00000000E+00  0.00000000E+00  0.10075559E+04  0.15165107E+05  0.12500000E+03 -0.42032477E-03  0.69999999E+00  0.10000005E+04
  0.00000000E+00  0.25000000E+01  0.00000000E+00  0.00000000E+00  0.10002466E+04  0.48403955E+03  0.12500000E+03  0.71152863E-04  0.69999999E+00  0.99999994E+03
  0.00000000E+00  0.30000000E+01  0.00000000E+00  0.00000000E+00  0.10000000E+04  0.00000000E+00  0.12500000E+03  0.00000000E+00  0.69999999E+00  0.10000000E+04
  0.00000000E+00  0.35000000E+01  0.00000000E+00  0.00000000E+00  0.10000000E+04  0.00000000E+00  0.12500000E+03  0.00000000E+00  0.69999999E+00  0.10000000E+04
  0.00000000E+00  0.40000000E+01  0.00000000E+00  0.00000000E+00  0.10000000E+04  0.00000000E+00  0.12500000E+03  0.00000000E+00  0.69999999E+00  0.10000000E+04
 -0.25000000E+00 -0.25000000E+00  0.00000000E+00  0.00000000E+00  0.10006414E+04  0.12607445E+04  0.12500000E+03  0.52005530E-03  0.69999999E+00  0.99999939E+03
 -0.25000000E+00  0.25000000E+00  0.00000000E+00  0.00000000E+00  0.10012739E+04  0.25089058E+04  0.12500000E+03  0.69008552E-03  0.69999999E+00  0.99999921E+03
 -0.25000000E+00  0.75000000E+00  0.00000000E+00  0.00000000E+00  0.10096604E+04  0.19511859E+05  0.12500000E+03 -0.54170050E-04  0.69999999E+00  0.10000001E+04
 -0.25000000E+00  0.12500000E+01  0.00000000E+00  0.00000000E+00  0.10086794E+04  0.17478836E+05  0.12500000E+03  0.64404641E-03  0.69999999E+00  0.99999927E+03
 -0.25000000E+00  0.17500000E+01  0.00000000E+00  0.00000000E+00  0.10002090E+04  0.41026389E+03  0.12500000E+03 -0.13551032E-03  0.69999999E+00  0.10000002E+04
 -0.25000000E+00  0.22500000E+01  0.00000000E+00  0.00000000E+00  0.10004730E+04  0.92938812E+03  0.12500000E+03 -0.62706749E-04  0.69999999E+00  0.10000001E+04
 -0.25000000E+00  0.27500000E+01  0.00000000E+00  0.00000000E+00  0.10000000E+04  0.00000000E+00  0.12500000E+03  0.00000000E+00  0.69999999E+00  0.10000000E+04
 -0.25000000E+00  0.32500000E+01  0.00000000E+00  0.00000000E+00  0.10000000E+04  0.00000000E+00  0.12500000E+03  0.00000000E+00  0.69999999E+00  0.10000000E+04
 -0.25000000E+00  0.37500000E+01  0.00000000E+00  0.00000000E+00  0.10000000E+04  0.00000000E+00  0.12500000E+03  0.00000000E+00  0.69999999E+00  0.10000000E+04
  0.80000000E+01  0.00000000E+00  0.00000000E+00  0.00000000E+00  0.10000000E+04  0.00000000E+00  0.12500000E+03  0.00000000E+00  0.69999999E+00  0.10000000E+04
  0.80000000E+01  0.50000000E+00  0.00000000E+00  0.00000000E+00  0.10000000E+04  0.00000000E+00  0.12500000E+03  0.00000000E+00  0.69999999E+00  0.10000000E+04
  0.80000000E+01  0.10000000E+01  0.00000000E+00  0.00000000E+00  0.10000000E+04  0.00000000E+00  0.12500000E+03  0.00000000E+00  0.69999999E+00  0.10000000E+04
  0.80000000E+01  0.15000000E+01  0.00000000E+00  0.00000000E+00  0.10000000E+04  0.00000000E+00  0.12500000E+03  0.00000000E+00  0.69999999E+00  0.10000000E+04
  0.80000000E+01  0.20000000E+01  0.00000000E+00  0.00000000E+00  0.10000000E+04  0.00000000E+00  0.12500000E+03  0.00000000E+00  0.69999999E+00  0.10000000E+04
  0.80000000E+01  0.25000000E+01  0.00000000E+00  0.00000000E+00  0.10000000E+04  0.00000000E+00  0.12500000E+03  0.00000000E+00  0.69999999E+00  0.10000000E+04
  0.80000000E+01  0.30000000E+01  0.00000000E+00  0.00000000E+00  0.10000000E+04  0.00000000E+00  0.12500000E+03  0.00000000E+00  0.69999999E+00  0.10000000E+04
  0.80000000E+01  0.35000000E+01  0.00000000E+00  0.00000000E+00  0.10000000E+04  0.00000000E+00  0.12500000E+03  0.00000000E+00  0.69999999E+00  0.10000000E+04
  0.80000000E+01  0.40000000E+01  0.00000000E+00  0.00000000E+00  0.10000000E+04  0.00000000E+00  0.12500000E+03  0.00000000E+00  0.69999999E+00  0.10000000E+04
  0.82500000E+01 -0.25000000E+00  0.00000000E+00  0.00000000E+00  0.10000000E+04  0.00000000E+00  0.12500000E+03  0.00000000E+00  0.69999999E+00  0.10000000E+04
  0.82500000E+01  0.25000000E+00  0.00000000E+00  0.00000000E+00  0.10000000E+04  0.00000000E+00  0.12500000E+03  0.00000000E+00  0.69999999E+00  0.10000000E+04
  0.82500000E+01  0.75000000E+00  0.00000000E+00  0.00000000E+00  0.10000000E+04  0.00000000E+00  0.12500000E+03  0.00000000E+00  0.69999999E+00  0.10000000E+04
  0.82500000E+01  0.12500000E+01  0.00000000E+00  0.00000000E+00  0.10000000E+04  0.00000000E+00  0.12500000E+03  0.00000000E+00  0.69999999E+00  0.10000000E+04
  0.82500000E+01  0.17500000E+01  0.00000000E+00  0.00000000E+00  0.10000000E+04  0.00000000E+00  0.12500000E+03  0.00000000E+00  0.69999999E+00  0.10000000E+04
  0.82500000E+01  0.22500000E+01  0.00000000E+00  0.00000000E+00  0.10000000E+04  0.00000000E+00  0.12500000E+03  0.00000000E+00  0.69999999E+00  0.10000000E+04
  0.82500000E+01  0.27500000E+01  0.00000000E+00  0.00000000E+00  0.10000000E+04  0.00000000E+00  0.12500000E+03  0.00000000E+00  0.69999999E+00  0.10000000E+04
  0.82500000E+01  0.32500000E+01  0.00000000E+00  0.00000000E+00  0.10000000E+04  0.00000000E+00  0.12500000E+03  0.00000000E+00  0.69999999E+00  0.10000000E+04
  0.82500000E+01  0.37500000E+01  0.00000000E+00  0.00000000E+00  0.10000000E+04  0.00000000E+00  0.12500000E+03  0.00000000E+00  0.69999999E+00  0.10000000E+04
  0.50000000E+00  0.00000000E+00  0.00000000E+00  0.00000000E+00  0.10626997E+04  0.14873158E+06  0.12500000E+03  0.82928613E-02  0.69999999E+00  0.99998993E+03
  0.10000000E+01  0.00000000E+00  0.00000000E+00  0.00000000E+00  0.10281438E+04  0.60105141E+05  0.12500000E+03  0.28202017E-02  0.69999999E+00  0.99999664E+03
  0.15000000E+01  0.00000000E+00  0.00000000E+00  0.00000000E+00  0.99336719E+03 -0.12757458E+05  0.12500000E+03  0.14062219E-01  0.69999999E+00  0.99998401E+03
  0.20000000E+01  0.00000000E+00  0.00000000E+00  0.00000000E+00  0.10424717E+04  0.94731094E+05  0.12500000E+03  0.15292672E-01  0.69999999E+00  0.99998181E+03
  0.25000000E+01  0.00000000E+00  0.00000000E+00  0.00000000E+00  0.10025212E+04  0.49843184E+04  0.12500000E+03  0.78748190E-03  0.69999999E+00  0.99999908E+03
  0.30000000E+01  0.00000000E+00  0.00000000E+00  0.00000000E+00  0.10228768E+04  0.48085016E+05  0.12500000E+03  0.25875217E-02  0.69999999E+00  0.99999695E+03
  0.35000000E+01  0.00000000E+00  0.00000000E+00  0.00000000E+00  0.10202407E+04  0.42206602E+05  0.12500000E+03  0.10300810E-02  0.69999999E+00  0.99999878E+03
  0.40000000E+01  0.00000000E+00  0.00000000E+00  0.00000000E+00  0.10000153E+04  0.29939116E+02  0.12500000E+03 -0.41896426E-04  0.69999999E+00  0.10000001E+04
  0.45000000E+01  0.00000000E+00  0.00000000E+00  0.00000000E+00  0.10000000E+04  0.00000000E+00  0.12500000E+03  0.00000000E+00  0.69999999E+00  0.10000000E+04
  0.50000000E+01  0.00000000E+00  0.00000000E+00  0.00000000E+00  0.10000000E+04  0.00000000E+00  0.12500000E+03  0.00000000E+00  0.69999999E+00  0.10000000E+04
  0.55000000E+01  0.00000000E+00  0.00000000E+00  0.00000000E+00  0.10000000E+04  0.00000000E+00  0.12500000E+03  0.00000000E+00  0.69999999E+00  0.10000000E+04
  0.60000000E+01  0.00000000E+00  0.00000000E+00  0.00000000E+00  0.10000000E+04  0.00000000E+00  0.12500000E+03  0.00000000E+00  0.69999999E+00  0.10000000E+04
  0.65000000E+01  0.00000000E+00  0.00000000E+00  0.00000000E+00  0.10000000E+04  0.00000000E+00  0.12500000E+03  0.00000000E+00  0.69999999E+00  0.10000000E+04
  0.70000000E+01  0.00000000E+00  0.00000000E+00  0.00000000E+00  0.10000000E+04  0.00000000E+00  0.12500000E+03  0.00000000E+00  0.69999999E+00  0.10000000E+04
  0.75000000E+01  0.00000000E+00  0.00000000E+00  0.00000000E+00  0.10000000E+04  0.00000000E+00  0.12500000E+03  0.00000000E+00  0.69999999E+00  0.10000000E+04
  0.25000000E+00 -0.25000000E+00  0.00000000E+00  0.00000000E+00  0.10053158E+04  0.10597367E+05  0.12500000E+03  0.26456285E-02  0.69999999E+00  0.99999695E+03
  0.75000000E+00 -0.25000000E+00  0.00000000E+00  0.00000000E+00  0.99699109E+03 -0.58504434E+04  0.12500000E+03  0.62887776E-02  0.69999999E+00  0.99999286E+03
  0.12500000E+01 -0.25000000E+00  0.00000000E+00  0.00000000E+00  0.10755212E+04  0.18630262E+06  0.12500000E+03  0.48720622E-02  0.69999999E+00  0.99999402E+03
  0.17500000E+01 -0.25000000E+00  0.00000000E+00  0.00000000E+00  0.10090503E+04  0.18246033E+05  0.12500000E+03  0.73810965E-02  0.69999999E+00  0.99999152E+03
  0.22500000E+01 -0.25000000E+00  0.00000000E+00  0.00000000E+00  0.10204034E+04  0.42566820E+05  0.12500000E+03  0.63944291E-02  0.69999999E+00  0.99999255E+03
  0.27500000E+01 -0.25000000E+00  0.00000000E+00  0.00000000E+00  0.99912366E+03 -0.17149183E+04  0.12500000E+03  0.87868236E-03  0.69999999E+00  0.99999902E+03
  0.32500000E+01 -0.25000000E+00  0.00000000E+00  0.00000000E+00  0.10025685E+04  0.50783618E+04  0.12500000E+03  0.11747216E-02  0.69999999E+00  0.99999866E+03
  0.37500000E+01 -0.25000000E+00  0.00000000E+00  0.00000000E+00  0.10000040E+04  0.79523101E+01  0.12500000E+03 -0.83702696E-04  0.69999999E+00  0.10000001E+04
  0.42500000E+01 -0.25000000E+00  0.00000000E+00  0.00000000E+00  0.10000000E+04  0.00000000E+00  0.12500000E+03 -0.71914637E-41  0.69999999E+00  0.10000000E+04
  0.47500000E+01 -0.25000000E+00  0.00000000E+00  0.00000000E+00  0.10000000E+04  0.00000000E+00  0.12500000E+03  0.00000000E+00  0.69999999E+00  0.10000000E+04
  0.52500000E+01 -0.25000000E+00  0.00000000E+00  0.00000000E+00  0.10000000E+04  0.00000000E+00  0.12500000E+03  0.00000000E+00  0.69999999E+00  0.10000000E+04
  0.57500000E+01 -0.25000000E+00  0.00000000E+00  0.00000000E+00  0.10000000E+04  0.00000000E+00  0.12500000E+03  0.00000000E+00  0.69999999E+00  0.10000000E+04
  0.62500000E+01 -0.25000000E+00  0.00000000E+00  0.00000000E+00  0.10000000E+04  0.00000000E+00  0.12500000E+03  0.00000000E+00  0.69999999E+00  0.10000000E+04
  0.67500000E+01 -0.25000000E+00  0.00000000E+00  0.00000000E+00  0.10000000E+04  0.00000000E+00  0.12500000E+03  0.00000000E+00  0.69999999E+00  0.10000000E+04
  0.72500000E+01 -0.25000000E+00  0.00000000E+00  0.00000000E+00  0.10000000E+04  0.00000000E+00  0.12500000E+03  0.00000000E+00  0.69999999E+00  0.10000000E+04
  0.77500000E+01 -0.25000000E+00  0.00000000E+00  0.00000000E+00  0.10000000E+04  0.00000000E+00  0.12500000E+03  0.00000000E+00  0.69999999E+00  0.10000000E+04
  0.40000000E+01  0.50000000E+00  0.00000000E+00  0.00000000E+00  0.10030389E+04  0.60169214E+04  0.12500000E+03 -0.11015289E-03  0.69999999E+00  0.10000001E+04
  0.37500000E+01  0.25000000E+00  0.00000000E+00  0.00000000E+00  0.10212386E+04  0.44421371E+05  0.12500000E+03 -0.45128621E-03  0.69999999E+00  0.10000005E+04
  0.40000000E+01  0.10000000E+01  0.00000000E+00  0.00000000E+00  0.10029246E+04  0.57885791E+04  0.12500000E+03 -0.14130503E-04  0.69999999E+00  0.10000000E+04
  0.37500000E+01  0.75000000E+00  0.00000000E+00  0.00000000E+00  0.10665814E+04  0.15982194E+06  0.12500000E+03  0.39088709E-03  0.69999999E+00  0.99999951E+03
  0.40000000E+01  0.15000000E+01  0.00000000E+00  0.00000000E+00  0.10006315E+04  0.12412574E+04  0.12500000E+03  0.16235298E-03  0.69999999E+00  0.99999982E+03
  0.37500000E+01  0.12500000E+01  0.00000000E+00  0.00000000E+00  0.10307935E+04  0.66293453E+05  0.12500000E+03  0.43614444E-03  0.69999999E+00  0.99999951E+03
  0.40000000E+01  0.20000000E+01  0.00000000E+00  0.00000000E+00  0.10000315E+04  0.61752430E+02  0.12500000E+03  0.31563177E-04  0.69999999E+00  0.99999994E+03
  0.37500000E+01  0.17500000E+01  0.00000000E+00  0.00000000E+00  0.10105255E+04  0.21314605E+05  0.12500000E+03  0.49127341E-03  0.69999999E+00  0.99999945E+03
  0.45000000E+01  0.50000000E+00  0.00000000E+00  0.00000000E+00  0.10000000E+04  0.00000000E+00  0.12500000E+03  0.00000000E+00  0.69999999E+00  0.10000000E+04
  0.42500000E+01  0.25000000E+00  0.00000000E+00  0.00000000E+00  0.10000018E+04  0.35083482E+01  0.12500000E+03 -0.74084828E-05  0.69999999E+00  0.10000000E+04
  0.45000000E+01  0.10000000E+01  0.00000000E+00  0.00000000E+00  0.10000000E+04  0.00000000E+00  0.12500000E+03  0.00000000E+00  0.69999999E+00  0.10000000E+04
  0.42500000E+01  0.75000000E+00  0.00000000E+00  0.00000000E+00  0.10000936E+04  0.18365413E+03  0.12500000E+03 -0.59832387E-05  0.69999999E+00  0.10000000E+04
  0.45000000E+01  0.15000000E+01  0.00000000E+00  0.00000000E+00  0.10000000E+04  0.00000000E+00  0.12500000E+03  0.00000000E+00  0.69999999E+00  0.10000000E+04
  0.42500000E+01  0.12500000E+01  0.00000000E+00  0.00000000E+00  0.10000045E+04  0.88878889E+01  0.12500000E+03  0.12300108E-04  0.69999999E+00  0.10000000E+04
  0.45000000E+01  0.20000000E+01  0.00000000E+00  0.00000000E+00  0.10000000E+04  0.00000000E+00  0.12500000E+03  0.00000000E+00  0.69999999E+00  0.10000000E+04
  0.42500000E+01  0.17500000E+01  0.00000000E+00  0.00000000E+00  0.10000000E+04  0.00000000E+00  0.12500000E+03  0.00000000E+00  0.69999999E+00  0.10000000E+04
  0.50000000E+01  0.50000000E+00  0.00000000E+00  0.00000000E+00  0.10000000E+04  0.00000000E+00  0.12500000E+03  0.00000000E+00  0.69999999E+00  0.10000000E+04
  0.47500000E+01  0.25000000E+00  0.00000000E+00  0.00000000E+00  0.10000000E+04  0.00000000E+00  0.12500000E+03  0.00000000E+00  0.69999999E+00  0.10000000E+04
  0.50000000E+01  0.10000000E+01  0.00000000E+00  0.00000000E+00  0.10000000E+04  0.00000000E+00  0.12500000E+03  0.00000000E+00  0.69999999E+00  0.10000000E+04
  0.47500000E+01  0.75000000E+00  0.00000000E+00  0.00000000E+00  0.10000000E+04  0.00000000E+00  0.12500000E+03  0.00000000E+00  0.69999999E+00  0.10000000E+04
  0.50000000E+01  0.15000000E+01  0.00000000E+00  0.00000000E+00  0.10000000E+04  0.00000000E+00  0.12500000E+03  0.00000000E+00  0.69999999E+00  0.10000000E+04
  0.47500000E+01  0.12500000E+01  0.00000000E+00  0.00000000E+00  0.10000000E+04  0.00000000E+00  0.12500000E+03  0.00000000E+00  0.69999999E+00  0.10000000E+04
  0.50000000E+01  0.20000000E+01  0.00000000E+00  0.00000000E+00  0.10000000E+04  0.00000000E+00  0.12500000E+03  0.00000000E+00  0.69999999E+00  0.10000000E+04
  0.47500000E+01  0.17500000E+01  0.00000000E+00  0.00000000E+00  0.10000000E+04  0.00000000E+00  0.12500000E+03  0.00000000E+00  0.69999999E+00  0.10000000E+04
  0.12253838E+01  0.59649742E+00  0.68774881E+01  0.56315541E+01  0.98838062E+03 -0.22017783E+05  0.12576698E+03  0.12576654E+03  0.10000000E+01  0.00000000E+00
  0.83355987E+00  0.79456997E+00  0.10554180E+01  0.23727078E+01  0.10025127E+04  0.49672227E+04  0.12561582E+03  0.12561256E+03  0.10000000E+01  0.00000000E+00
  0.73079669E+00  0.90916693E+00  0.54748273E+00 -0.43496484E+00  0.99885284E+03 -0.22429792E+04  0.12546356E+03  0.12546356E+03  0.10000000E+01  0.00000000E+00
  0.95765442E+00  0.13656472E+01  0.50540048E+00  0.75407243E+00  0.10101208E+04  0.20470332E+05  0.12531018E+03  0.12531018E+03  0.10000000E+01  0.00000000E+00
  0.89425099E+00  0.13837183E+01 -0.74433461E-02  0.48089296E+00  0.10081520E+04  0.16390754E+05  0.12515567E+03  0.12515567E+03  0.10000000E+01  0.00000000E+00
  0.21679859E+01  0.12244053E+01  0.14900080E+01  0.29353103E+00  0.10033787E+04  0.66964409E+04  0.12500000E+03  0.12500000E+03  0.10000000E+01  0.00000000E+00
  0.14494905E+01  0.31007773E+00  0.27663715E+01  0.62328041E+00  0.96194934E+03 -0.66653672E+05  0.12576698E+03  0.12575555E+03  0.10000000E+01  0.00000000E+00
  0.10626830E+01  0.74530739E+00 -0.76363802E+00  0.19506488E+01  0.98790637E+03 -0.22883936E+05  0.12561582E+03  0.12560624E+03  0.10000000E+01  0.00000000E+00
  0.13800688E+01  0.71923435E+00 -0.59249297E-01  0.20902133E+00  0.10202170E+04  0.42154379E+05  0.12546356E+03  0.12546065E+03  0.10000000E+01  0.00000000E+00
  0.76958835E+00  0.97454619E+00 -0.45683134E+00 -0.92679632E+00  0.99835663E+03 -0.32084192E+04  0.12531018E+03  0.12531018E+03  0.10000000E+01  0.00000000E+00
  0.14033306E+01  0.10300511E+01 -0.65094906E+00  0.22471051E+01  0.10223977E+04  0.47009895E+05  0.12515567E+03  0.12515567E+03  0.10000000E+01  0.00000000E+00
  0.10277907E+01  0.14988277E+01 -0.15531971E+01  0.85801446E+00  0.10080839E+04  0.16250319E+05  0.12500000E+03  0.12500000E+03  0.10000000E+01  0.00000000E+00
  0.19697685E+01  0.33410189E+00 -0.63336444E+00  0.92231429E+00  0.98832849E+03 -0.22113057E+05  0.12576698E+03  0.12575682E+03  0.10000000E+01  0.00000000E+00
  0.21513121E+01  0.46594411E+00  0.10242165E+01  0.79076752E-01  0.99823792E+03 -0.34390024E+04  0.12561582E+03  0.12561089E+03  0.10000000E+01  0.00000000E+00
  0.25264835E+01  0.61727726E+00 -0.59487082E-01  0.78988075E+00  0.10076008E+04  0.15257125E+05  0.12546356E+03  0.12546005E+03  0.10000000E+01  0.00000000E+00
  0.22292702E+01  0.72460961E+00  0.12984630E+01 -0.37630802E+00  0.10044061E+04  0.87598691E+04  0.12531018E+03  0.12531018E+03  0.10000000E+01  0.00000000E+00
  0.28579707E+01  0.70393264E+00  0.63040864E+00 -0.13247451E+01  0.10022135E+04  0.43717891E+04  0.12515567E+03  0.12515559E+03  0.10000000E+01  0.00000000E+00
  0.21487458E+01  0.12256246E+01  0.10772963E+01  0.18037847E+00  0.10026297E+04  0.52004673E+04  0.12500000E+03  0.12500000E+03  0.10000000E+01  0.00000000E+00
  0.17222121E+01  0.49544597E+00 -0.35475105E+00  0.15004495E+00  0.10086243E+04  0.17365049E+05  0.12576698E+03  0.12576566E+03  0.10000000E+01  0.00000000E+00
  0.21453776E+01  0.67967004E+00 -0.39608389E+00 -0.35582620E+00  0.10033520E+04  0.66432217E+04  0.12561582E+03  0.12561221E+03  0.10000000E+01  0.00000000E+00
  0.29813509E+01  0.73920393E+00 -0.27414951E+00  0.29897568E+00  0.10076473E+04  0.15352595E+05  0.12546356E+03  0.12546202E+03  0.10000000E+01  0.00000000E+00
  0.28425632E+01  0.73792827E+00 -0.24286019E-01  0.13951350E+01  0.10045630E+04  0.90762822E+04  0.12531018E+03  0.12530890E+03  0.10000000E+01  0.00000000E+00
  0.26030760E+01  0.13653278E+01 -0.11790880E+01  0.12468308E+01  0.10039905E+04  0.79237783E+04  0.12515567E+03  0.12515567E+03  0.10000000E+01  0.00000000E+00
  0.28947968E+01  0.12858973E+01 -0.15876776E+00  0.17792213E+00  0.10051843E+04  0.10331154E+05  0.12500000E+03  0.12500012E+03  0.10000000E+01  0.00000000E+00
  0.15335970E+01  0.11031408E+01 -0.81915951E+00  0.18203626E+01  0.10153127E+04  0.31459367E+05  0.12561582E+03  0.12561399E+03  0.10000000E+01  0.00000000E+00
  0.28259263E+01  0.13368355E+01 -0.90489632E+00  0.80791318E+00  0.10057447E+04  0.11467211E+05  0.12531018E+03  0.12531004E+03  0.10000000E+01  0.00000000E+00
  0.18253212E+01  0.15089600E+01 -0.86592686E+00 -0.14022252E+00  0.99697717E+03 -0.58773169E+04  0.12500000E+03  0.12500000E+03  0.10000000E+01  0.00000000E+00
