  0.00000000E+00  0.00000000E+00  0.00000000E+00  0.00000000E+00  0.10007933E+04  0.15602383E+04  0.12500000E+03  0.26985805E-02  0.69999999E+00  0.99999689E+03
  0.00000000E+00  0.50000000E+00  0.00000000E+00  0.00000000E+00  0.10108710E+04  0.22037104E+05  0.12500000E+03  0.39444133E-02  0.69999999E+00  0.99999542E+03
  0.00000000E+00  0.10000000E+01  0.00000000E+00  0.00000000E+00  0.10098979E+04  0.20006027E+05  0.12500000E+03  0.42232722E-02  0.69999999E+00  0.99999512E+03
  0.00000000E+00  0.15000000E+01  0.00000000E+00  0.00000000E+00  0.10175472E+04  0.36293980E+05  0.12500000E+03  0.15700662E-02  0.69999999E+00  0.99999817E+03
  0.00000000E+00  0.20000000E+01  0.00000000E+00  0.00000000E+00  0.10195240E+04  0.40624418E+05  0.12500000E+03 -0.20849877E-02  0.69999999E+00  0.10000024E+04
  0.00000000E+00  0.25000000E+01  0.00000000E+00  0.00000000E+00  0.10034469E+04  0.68332266E+04  0.12500000E+03  0.51974104E-03  0.69999999E+00  0.99999939E+03
  0.00000000E+00  0.30000000E+01  0.00000000E+00  0.00000000E+00  0.10000026E+04  0.51455903E+01  0.12500000E+03  0.38292605E-04  0.69999999E+00  0.99999994E+03
  0.00000000E+00  0.35000000E+01  0.00000000E+00  0.00000000E+00  0.10000000E+04  0.00000000E+00  0.12500000E+03  0.00000000E+00  0.69999999E+00  0.10000000E+04
  0.00000000E+00  0.40000000E+01  0.00000000E+00  0.00000000E+00  0.10000000E+04  0.00000000E+00  0.12500000E+03  0.00000000E+00  0.69999999E+00  0.10000000E+04
 -0.25000000E+00 -0.25000000E+00  0.00000000E+00  0.00000000E+00  0.10006414E+04  0.12607445E+04  0.12500000E+03  0.52005530E-03  0.69999999E+00  0.99999939E+03
 -0.25000000E+00  0.25000000E+00  0.00000000E+00  0.00000000E+00  0.10004591E+04  0.90194653E+03  0.12500000E+03  0.12375305E-02  0.69999999E+00  0.99999860E+03
 -0.25000000E+00  0.75000000E+00  0.00000000E+00  0.00000000E+00  0.10048070E+04  0.95684287E+04  0.12500000E+03  0.66444394E-03  0.69999999E+00  0.99999927E+03
 -0.25000000E+00  0.12500000E+01  0.00000000E+00  0.00000000E+00  0.10036935E+04  0.73273623E+04  0.12500000E+03  0.13274497E-02  0.69999999E+00  0.99999847E+03
 -0.25000000E+00  0.17500000E+01  0.00000000E+00  0.00000000E+00  0.10009193E+04  0.18087316E+04  0.12500000E+03 -0.43009006E-03  0.69999999E+00  0.10000005E+04
 -0.25000000E+00  0.22500000E+01  0.00000000E+00  0.00000000E+00  0.10015139E+04  0.29839109E+04  0.12500000E+03 -0.18548567E-03  0.69999999E+00  0.10000002E+04
 -0.25000000E+00  0.27500000E+01  0.00000000E+00  0.00000000E+00  0.10000007E+04  0.14033347E+01  0.12500000E+03  0.17473474E-04  0.69999999E+00  0.10000000E+04
 -0.25000000E+00  0.32500000E+01  0.00000000E+00  0.00000000E+00  0.10000000E+04  0.00000000E+00  0.12500000E+03  0.17908594E-40  0.69999999E+00  0.10000000E+04
 -0.25000000E+00  0.37500000E+01  0.00000000E+00  0.00000000E+00  0.10000000E+04  0.00000000E+00  0.12500000E+03  0.00000000E+00  0.69999999E+00  0.10000000E+04
  0.80000000E+01  0.00000000E+00  0.00000000E+00  0.00000000E+00  0.10000000E+04  0.00000000E+00  0.12500000E+03  0.00000000E+00  0.69999999E+00  0.10000000E+04
  0.80000000E+01  0.50000000E+00  0.00000000E+00  0.00000000E+00  0.10000000E+04  0.00000000E+00  0.12500000E+03  0.00000000E+00  0.69999999E+00  0.10000000E+04
  0.80000000E+01  0.10000000E+01  0.00000000E+00  0.00000000E+00  0.10000000E+04  0.00000000E+00  0.12500000E+03  0.00000000E+00  0.69999999E+00  0.10000000E+04
  0.80000000E+01  0.15000000E+01  0.00000000E+00  0.00000000E+00  0.10000000E+04  0.00000000E+00  0.12500000E+03  0.00000000E+00  0.69999999E+00  0.10000000E+04
  0.80000000E+01  0.20000000E+01  0.00000000E+00  0.00000000E+00  0.10000000E+04  0.00000000E+00  0.12500000E+03  0.00000000E+00  0.69999999E+00  0.10000000E+04
  0.80000000E+01  0.25000000E+01  0.00000000E+00  0.00000000E+00  0.10000000E+04  0.00000000E+00  0.12500000E+03  0.00000000E+00  0.69999999E+00  0.10000000E+04
  0.80000000E+01  0.30000000E+01  0.00000000E+00  0.00000000E+00  0.10000000E+04  0.00000000E+00  0.12500000E+03  0.00000000E+00  0.69999999E+00  0.10000000E+04
  0.80000000E+01  0.35000000E+01  0.00000000E+00  0.00000000E+00  0.10000000E+04  0.00000000E+00  0.12500000E+03  0.00000000E+00  0.69999999E+00  0.10000000E+04
  0.80000000E+01  0.40000000E+01  0.00000000E+00  0.00000000E+00  0.10000000E+04  0.00000000E+00  0.12500000E+03  0.00000000E+00  0.69999999E+00  0.10000000E+04
  0.82500000E+01 -0.25000000E+00  0.00000000E+00  0.00000000E+00  0.10000000E+04  0.00000000E+00  0.12500000E+03  0.00000000E+00  0.69999999E+00  0.10000000E+04
  0.82500000E+01  0.25000000E+00  0.00000000E+00  0.00000000E+00  0.10000000E+04  0.00000000E+00  0.12500000E+03  0.00000000E+00  0.69999999E+00  0.10000000E+04
  0.82500000E+01  0.75000000E+00  0.00000000E+00  0.00000000E+00  0.10000000E+04  0.00000000E+00  0.12500000E+03  0.00000000E+00  0.69999999E+00  0.10000000E+04
  0.82500000E+01  0.12500000E+01  0.00000000E+00  0.00000000E+00  0.10000000E+04  0.00000000E+00  0.12500000E+03  0.00000000E+00  0.69999999E+00  0.10000000E+04
  0.82500000E+01  0.17500000E+01  0.00000000E+00  0.00000000E+00  0.10000000E+04  0.00000000E+00  0.12500000E+03  0.00000000E+00  0.69999999E+00  0.10000000E+04
  0.82500000E+01  0.22500000E+01  0.00000000E+00  0.00000000E+00  0.10000000E+04  0.00000000E+00  0.12500000E+03  0.00000000E+00  0.69999999E+00  0.10000000E+04
  0.82500000E+01  0.27500000E+01  0.00000000E+00  0.00000000E+00  0.10000000E+04  0.00000000E+00  0.12500000E+03  0.00000000E+00  0.69999999E+00  0.10000000E+04
  0.82500000E+01  0.32500000E+01  0.00000000E+00  0.00000000E+00  0.10000000E+04  0.00000000E+00  0.12500000E+03  0.00000000E+00  0.69999999E+00  0.10000000E+04
  0.82500000E+01  0.37500000E+01  0.00000000E+00  0.00000000E+00  0.10000000E+04  0.00000000E+00  0.12500000E+03  0.00000000E+00  0.69999999E+00  0.10000000E+04
  0.50000000E+00  0.00000000E+00  0.00000000E+00  0.00000000E+00  0.10412975E+04  0.91784203E+05  0.12500000E+03  0.13738627E-01  0.69999999E+00  0.99998364E+03
  0.10000000E+01  0.00000000E+00  0.00000000E+00  0.00000000E+00  0.10669451E+04  0.16087356E+06  0.12500000E+03  0.81229061E-02  0.69999999E+00  0.99999011E+03
  0.15000000E+01  0.00000000E+00  0.00000000E+00  0.00000000E+00  0.10181711E+04  0.37655332E+05  0.12500000E+03  0.23770001E-01  0.69999999E+00  0.99997235E+03
  0.20000000E+01  0.00000000E+00  0.00000000E+00  0.00000000E+00  0.11320842E+04  0.38767697E+06  0.12500000E+03  0.27717764E-01  0.69999999E+00  0.99996411E+03
  0.25000000E+01  0.00000000E+00  0.00000000E+00  0.00000000E+00  0.10422582E+04  0.94193781E+05  0.12500000E+03  0.93545094E-02  0.69999999E+00  0.99998883E+03
  0.30000000E+01  0.00000000E+00  0.00000000E+00  0.00000000E+00  0.10527495E+04  0.12139069E+06  0.12500000E+03  0.11039373E-01  0.69999999E+00  0.99998669E+03
  0.35000000E+01  0.00000000E+00  0.00000000E+00  0.00000000E+00  0.10061384E+04  0.12267697E+05  0.12500000E+03  0.46400698E-02  0.69999999E+00  0.99999469E+03
  0.40000000E+01  0.00000000E+00  0.00000000E+00  0.00000000E+00  0.10000137E+04  0.26898298E+02  0.12500000E+03 -0.68247195E-04  0.69999999E+00  0.10000001E+04
  0.45000000E+01  0.00000000E+00  0.00000000E+00  0.00000000E+00  0.10000000E+04  0.00000000E+00  0.12500000E+03  0.96124590E-39  0.69999999E+00  0.10000000E+04
  0.50000000E+01  0.00000000E+00  0.00000000E+00  0.00000000E+00  0.10000000E+04  0.00000000E+00  0.12500000E+03 -0.45822460E-41  0.69999999E+00  0.10000000E+04
  0.55000000E+01  0.00000000E+00  0.00000000E+00  0.00000000E+00  0.10000000E+04  0.00000000E+00  0.12500000E+03  0.00000000E+00  0.69999999E+00  0.10000000E+04
  0.60000000E+01  0.00000000E+00  0.00000000E+00  0.00000000E+00  0.10000000E+04  0.00000000E+00  0.12500000E+03  0.00000000E+00  0.69999999E+00  0.10000000E+04
  0.65000000E+01  0.00000000E+00  0.00000000E+00  0.00000000E+00  0.10000000E+04  0.00000000E+00  0.12500000E+03  0.00000000E+00  0.69999999E+00  0.10000000E+04
  0.70000000E+01  0.00000000E+00  0.00000000E+00  0.00000000E+00  0.10000000E+04  0.00000000E+00  0.12500000E+03  0.00000000E+00  0.69999999E+00  0.10000000E+04
  0.75000000E+01  0.00000000E+00  0.00000000E+00  0.00000000E+00  0.10000000E+04  0.00000000E+00  0.12500000E+03  0.00000000E+00  0.69999999E+00  0.10000000E+04
  0.25000000E+00 -0.25000000E+00  0.00000000E+00  0.00000000E+00  0.10056465E+04  0.11267806E+05  0.12500000E+03  0.35014749E-02  0.69999999E+00  0.99999597E+03
  0.75000000E+00 -0.25000000E+00  0.00000000E+00  0.00000000E+00  0.10258833E+04  0.54900953E+05  0.12500000E+03  0.98174568E-02  0.69999999E+00  0.99998846E+03
  0.12500000E+01 -0.25000000E+00  0.00000000E+00  0.00000000E+00  0.10094478E+04  0.19070352E+05  0.12500000E+03  0.76620374E-02  0.69999999E+00  0.99999115E+03
  0.17500000E+01 -0.25000000E+00  0.00000000E+00  0.00000000E+00  0.10143726E+04  0.29444443E+05  0.12500000E+03  0.11758883E-01  0.69999999E+00  0.99998639E+03
  0.22500000E+01 -0.25000000E+00  0.00000000E+00  0.00000000E+00  0.10012295E+04  0.24212437E+04  0.12500000E+03  0.11869939E-01  0.69999999E+00  0.99998639E+03
  0.27500000E+01 -0.25000000E+00  0.00000000E+00  0.00000000E+00  0.10053872E+04  0.10742025E+05  0.12500000E+03  0.59638377E-02  0.69999999E+00  0.99999316E+03
  0.32500000E+01 -0.25000000E+00  0.00000000E+00  0.00000000E+00  0.10020614E+04  0.40694993E+04  0.12500000E+03  0.42343982E-02  0.69999999E+00  0.99999518E+03
  0.37500000E+01 -0.25000000E+00  0.00000000E+00  0.00000000E+00  0.10000070E+04  0.13565822E+02  0.12500000E+03 -0.15635355E-03  0.69999999E+00  0.10000002E+04
  0.42500000E+01 -0.25000000E+00  0.00000000E+00  0.00000000E+00  0.10000000E+04  0.00000000E+00  0.12500000E+03 -0.32240164E-35  0.69999999E+00  0.10000000E+04
  0.47500000E+01 -0.25000000E+00  0.00000000E+00  0.00000000E+00  0.10000000E+04  0.00000000E+00  0.12500000E+03 -0.21276083E-38  0.69999999E+00  0.10000000E+04
  0.52500000E+01 -0.25000000E+00  0.00000000E+00  0.00000000E+00  0.10000000E+04  0.00000000E+00  0.12500000E+03  0.00000000E+00  0.69999999E+00  0.10000000E+04
  0.57500000E+01 -0.25000000E+00  0.00000000E+00  0.00000000E+00  0.10000000E+04  0.00000000E+00  0.12500000E+03  0.00000000E+00  0.69999999E+00  0.10000000E+04
  0.62500000E+01 -0.25000000E+00  0.00000000E+00  0.00000000E+00  0.10000000E+04  0.00000000E+00  0.12500000E+03  0.00000000E+00  0.69999999E+00  0.10000000E+04
  0.67500000E+01 -0.25000000E+00  0.00000000E+00  0.00000000E+00  0.10000000E+04  0.00000000E+00  0.12500000E+03  0.00000000E+00  0.69999999E+00  0.10000000E+04
  0.72500000E+01 -0.25000000E+00  0.00000000E+00  0.00000000E+00  0.10000000E+04  0.00000000E+00  0.12500000E+03  0.00000000E+00  0.69999999E+00  0.10000000E+04
  0.77500000E+01 -0.25000000E+00  0.00000000E+00  0.00000000E+00  0.10000000E+04  0.00000000E+00  0.12500000E+03  0.00000000E+00  0.69999999E+00  0.10000000E+04
  0.40000000E+01  0.50000000E+00  0.00000000E+00  0.00000000E+00  0.10006357E+04  0.12497095E+04  0.12500000E+03 -0.49411284E-03  0.69999999E+00  0.10000005E+04
  0.37500000E+01  0.25000000E+00  0.00000000E+00  0.00000000E+00  0.10044365E+04  0.88211104E+04  0.12500000E+03 -0.22017765E-02  0.69999999E+00  0.10000025E+04
  0.40000000E+01  0.10000000E+01  0.00000000E+00  0.00000000E+00  0.10020984E+04  0.41431514E+04  0.12500000E+03 -0.13852702E-03  0.69999999E+00  0.10000002E+04
  0.37500000E+01  0.75000000E+00  0.00000000E+00  0.00000000E+00  0.10477509E+04  0.10822863E+06  0.12500000E+03  0.11159997E-02  0.69999999E+00  0.99999866E+03
  0.40000000E+01  0.15000000E+01  0.00000000E+00  0.00000000E+00  0.10005736E+04  0.11274108E+04  0.12500000E+03  0.48394507E-03  0.69999999E+00  0.99999945E+03
  0.37500000E+01  0.12500000E+01  0.00000000E+00  0.00000000E+00  0.10305244E+04  0.65660703E+05  0.12500000E+03  0.12131776E-02  0.69999999E+00  0.99999860E+03
  0.40000000E+01  0.20000000E+01  0.00000000E+00  0.00000000E+00  0.10016042E+04  0.31626272E+04  0.12500000E+03  0.37344656E-03  0.69999999E+00  0.99999957E+03
  0.37500000E+01  0.17500000E+01  0.00000000E+00  0.00000000E+00  0.10422581E+04  0.94193484E+05  0.12500000E+03  0.25261121E-02  0.69999999E+00  0.99999701E+03
  0.45000000E+01  0.50000000E+00  0.00000000E+00  0.00000000E+00  0.10000000E+04  0.00000000E+00  0.12500000E+03  0.62720746E-38  0.69999999E+00  0.10000000E+04
  0.42500000E+01  0.25000000E+00  0.00000000E+00  0.00000000E+00  0.10000018E+04  0.35083482E+01  0.12500000E+03 -0.74084828E-05  0.69999999E+00  0.10000000E+04
  0.45000000E+01  0.10000000E+01  0.00000000E+00  0.00000000E+00  0.10000000E+04  0.00000000E+00  0.12500000E+03 -0.73540143E-41  0.69999999E+00  0.10000000E+04
  0.42500000E+01  0.75000000E+00  0.00000000E+00  0.00000000E+00  0.10000916E+04  0.17967581E+03  0.12500000E+03 -0.20551628E-04  0.69999999E+00  0.10000000E+04
  0.45000000E+01  0.15000000E+01  0.00000000E+00  0.00000000E+00  0.10000000E+04  0.00000000E+00  0.12500000E+03 -0.26198676E-40  0.69999999E+00  0.10000000E+04
  0.42500000E+01  0.12500000E+01  0.00000000E+00  0.00000000E+00  0.10000066E+04  0.12864128E+02  0.12500000E+03  0.64903998E-05  0.69999999E+00  0.10000000E+04
  0.45000000E+01  0.20000000E+01  0.00000000E+00  0.00000000E+00  0.10000000E+04  0.00000000E+00  0.12500000E+03  0.23031742E-40  0.69999999E+00  0.10000000E+04
  0.42500000E+01  0.17500000E+01  0.00000000E+00  0.00000000E+00  0.10000031E+04  0.60811610E+01  0.12500000E+03 -0.35628464E-05  0.69999999E+00  0.10000000E+04
  0.50000000E+01  0.50000000E+00  0.00000000E+00  0.00000000E+00  0.10000000E+04  0.00000000E+00  0.12500000E+03  0.43300123E-41  0.69999999E+00  0.10000000E+04
  0.47500000E+01  0.25000000E+00  0.00000000E+00  0.00000000E+00  0.10000000E+04  0.00000000E+00  0.12500000E+03  0.21050810E-38  0.69999999E+00  0.10000000E+04
  0.50000000E+01  0.10000000E+01  0.00000000E+00  0.00000000E+00  0.10000000E+04  0.00000000E+00  0.12500000E+03  0.00000000E+00  0.69999999E+00  0.10000000E+04
  0.47500000E+01  0.75000000E+00  0.00000000E+00  0.00000000E+00  0.10000000E+04  0.00000000E+00  0.12500000E+03  0.46326927E-41  0.69999999E+00  0.10000000E+04
  0.50000000E+01  0.15000000E+01  0.00000000E+00  0.00000000E+00  0.10000000E+04  0.00000000E+00  0.12500000E+03 -0.18948358E-40  0.69999999E+00  0.10000000E+04
  0.47500000E+01  0.12500000E+01  0.00000000E+00  0.00000000E+00  0.10000000E+04  0.00000000E+00  0.12500000E+03 -0.18101974E-40  0.69999999E+00  0.10000000E+04
  0.50000000E+01  0.20000000E+01  0.00000000E+00  0.00000000E+00  0.10000000E+04  0.00000000E+00  0.12500000E+03  0.16190602E-40  0.69999999E+00  0.10000000E+04
  0.47500000E+01  0.17500000E+01  0.00000000E+00  0.00000000E+00  0.10000000E+04  0.00000000E+00  0.12500000E+03 -0.99492191E-42  0.69999999E+00  0.10000000E+04
  0.28291895E+01  0.90113139E+00  0.16272542E+00 -0.39317623E-01  0.10007756E+04  0.15252245E+04  0.12576698E+03  0.12576656E+03  0.10000000E+01  0.00000000E+00
  0.90460145E+00  0.13720270E+01 -0.10747707E+00 -0.34458032E+00  0.10026320E+04  0.52047441E+04  0.12561582E+03  0.12561256E+03  0.10000000E+01  0.00000000E+00
  0.18241460E+01  0.10756094E+01  0.42569792E+00  0.16597790E+00  0.10136213E+04  0.27842275E+05  0.12546356E+03  0.12546323E+03  0.10000000E+01  0.00000000E+00
  0.28905385E+01  0.16555252E+01 -0.95047498E+00 -0.10234945E+01  0.10064097E+04  0.12820142E+05  0.12531018E+03  0.12531044E+03  0.10000000E+01  0.00000000E+00
  0.27029018E+01  0.16831065E+01 -0.23356867E+01 -0.45212111E+00  0.10027860E+04  0.55121113E+04  0.12515567E+03  0.12515567E+03  0.10000000E+01  0.00000000E+00
  0.28324628E+01  0.16867552E+01 -0.98060930E+00 -0.81833696E+00  0.10018837E+04  0.37168604E+04  0.12500000E+03  0.12499985E+03  0.10000000E+01  0.00000000E+00
  0.27187352E+01  0.85709894E+00 -0.29614902E+00 -0.23125181E+00  0.10008877E+04  0.17464143E+04  0.12576698E+03  0.12575461E+03  0.10000000E+01  0.00000000E+00
  0.99599040E+00  0.88649738E+00  0.11902800E+00  0.22884110E+00  0.10049492E+04  0.98557256E+04  0.12561582E+03  0.12560609E+03  0.10000000E+01  0.00000000E+00
  0.83586526E+00  0.10212179E+01 -0.20567498E+00  0.33778113E+00  0.99967542E+03 -0.63625885E+03  0.12546356E+03  0.12546051E+03  0.10000000E+01  0.00000000E+00
  0.28932512E+01  0.10343293E+01 -0.16220251E+00 -0.16049616E+01  0.10029246E+04  0.57888174E+04  0.12531018E+03  0.12531038E+03  0.10000000E+01  0.00000000E+00
  0.11280781E+01  0.87875879E+00 -0.43318695E+00  0.34986088E+00  0.10045547E+04  0.90594570E+04  0.12515567E+03  0.12515535E+03  0.10000000E+01  0.00000000E+00
  0.69090080E+00  0.91866660E+00  0.84279492E-01 -0.61047994E-01  0.10064194E+04  0.12840070E+05  0.12500000E+03  0.12500000E+03  0.10000000E+01  0.00000000E+00
  0.20724676E+01  0.96938431E+00 -0.83488286E+00 -0.32498583E+00  0.10107878E+04  0.21862951E+05  0.12576698E+03  0.12575644E+03  0.10000000E+01  0.00000000E+00
  0.26755545E+01  0.85433328E+00 -0.22349972E+00 -0.48294052E-01  0.10028866E+04  0.57128965E+04  0.12561582E+03  0.12561059E+03  0.10000000E+01  0.00000000E+00
  0.27684131E+01  0.13873566E+01 -0.50794321E+00 -0.59430641E+00  0.10001252E+04  0.24567529E+03  0.12546356E+03  0.12546005E+03  0.10000000E+01  0.00000000E+00
  0.14712605E+01  0.91589594E+00 -0.57995075E+00 -0.15625281E-01  0.10033893E+04  0.67179219E+04  0.12531018E+03  0.12531018E+03  0.10000000E+01  0.00000000E+00
  0.29027581E+01  0.78035688E+00  0.57401621E+00  0.50148284E+00  0.10065272E+04  0.13059852E+05  0.12515567E+03  0.12515553E+03  0.10000000E+01  0.00000000E+00
  0.10220537E+01  0.16195273E+01 -0.12321724E-02  0.70195094E-01  0.10023903E+04  0.47234639E+04  0.12500000E+03  0.12500612E+03  0.10000000E+01  0.00000000E+00
  0.93902683E+00  0.15106591E+01  0.26481587E+00  0.77984110E-01  0.10012546E+04  0.24707273E+04  0.12576698E+03  0.12576566E+03  0.10000000E+01  0.00000000E+00
  0.23925548E+01  0.10421299E+01 -0.12174347E+00 -0.63621914E+00  0.10023161E+04  0.45759194E+04  0.12561582E+03  0.12561228E+03  0.10000000E+01  0.00000000E+00
  0.16799488E+01  0.11702628E+01  0.18212649E+00 -0.64307940E+00  0.10046401E+04  0.92315947E+04  0.12546356E+03  0.12546202E+03  0.10000000E+01  0.00000000E+00
  0.22377803E+01  0.93032622E+00 -0.50048125E+00  0.72950840E-01  0.10094812E+04  0.19139648E+05  0.12531018E+03  0.12530890E+03  0.10000000E+01  0.00000000E+00
  0.21780076E+01  0.15762501E+01 -0.63551676E+00 -0.94546914E-01  0.10023228E+04  0.45892002E+04  0.12515567E+03  0.12515567E+03  0.10000000E+01  0.00000000E+00
  0.13832517E+01  0.88019931E+00 -0.40152150E+00  0.21065593E+00  0.10038841E+04  0.77099331E+04  0.12500000E+03  0.12500012E+03  0.10000000E+01  0.00000000E+00
  0.11150732E+01  0.16168213E+01  0.30849135E+00  0.25429741E-01  0.10026185E+04  0.51781333E+04  0.12561582E+03  0.12560780E+03  0.10000000E+01  0.00000000E+00
  0.15583900E+01  0.16189334E+01 -0.13863596E+01  0.50831258E+00  0.10047831E+04  0.95202891E+04  0.12531018E+03  0.12531004E+03  0.10000000E+01  0.00000000E+00
  0.23516390E+01  0.18640113E+01  0.11803375E+00  0.34698540E+00  0.99824731E+03 -0.34207192E+04  0.12500000E+03  0.12500000E+03  0.10000000E+01  0.00000000E+00
