  0.00000000E+00  0.00000000E+00  0.00000000E+00  0.00000000E+00  0.10008649E+04  0.17012710E+04  0.12500000E+03  0.18223706E-02  0.69999999E+00  0.99999792E+03
  0.00000000E+00  0.50000000E+00  0.00000000E+00  0.00000000E+00  0.10012924E+04  0.25454385E+04  0.12500000E+03  0.12356618E-02  0.69999999E+00  0.99999860E+03
  0.00000000E+00  0.10000000E+01  0.00000000E+00  0.00000000E+00  0.10073645E+04  0.14772353E+05  0.12500000E+03  0.22203696E-02  0.69999999E+00  0.99999744E+03
  0.00000000E+00  0.15000000E+01  0.00000000E+00  0.00000000E+00  0.10263005E+04  0.55856375E+05  0.12500000E+03  0.83718135E-03  0.69999999E+00  0.99999902E+03
  0.00000000E+00  0.20000000E+01  0.00000000E+00  0.00000000E+00  0.10097522E+04  0.19702699E+05  0.12500000E+03 -0.58690202E-03  0.69999999E+00  0.10000007E+04
  0.00000000E+00  0.25000000E+01  0.00000000E+00  0.00000000E+00  0.10002484E+04  0.48778732E+03  0.12500000E+03  0.11101574E-03  0.69999999E+00  0.99999988E+03
  0.00000000E+00  0.30000000E+01  0.00000000E+00  0.00000000E+00  0.10000000E+04  0.00000000E+00  0.12500000E+03  0.00000000E+00  0.69999999E+00  0.10000000E+04
  0.00000000E+00  0.35000000E+01  0.00000000E+00  0.00000000E+00  0.10000000E+04  0.00000000E+00  0.12500000E+03  0.00000000E+00  0.69999999E+00  0.10000000E+04
  0.00000000E+00  0.40000000E+01  0.00000000E+00  0.00000000E+00  0.10000000E+04  0.00000000E+00  0.12500000E+03  0.00000000E+00  0.69999999E+00  0.10000000E+04
 -0.25000000E+00 -0.25000000E+00  0.00000000E+00  0.00000000E+00  0.10006414E+04  0.12607445E+04  0.12500000E+03  0.52005530E-03  0.69999999E+00  0.99999939E+03
 -0.25000000E+00  0.25000000E+00  0.00000000E+00  0.00000000E+00  0.10011429E+04  0.22502283E+04  0.12500000E+03  0.72317623E-03  0.69999999E+00  0.99999915E+03
 -0.25000000E+00  0.75000000E+00  0.00000000E+00  0.00000000E+00  0.10006598E+04  0.12971389E+04  0.12500000E+03 -0.33976256E-04  0.69999999E+00  0.10000001E+04
 -0.25000000E+00  0.12500000E+01  0.00000000E+00  0.00000000E+00  0.10025931E+04  0.51275312E+04  0.12500000E+03  0.73646341E-03  0.69999999E+00  0.99999915E+03
 -0.25000000E+00  0.17500000E+01  0.00000000E+00  0.00000000E+00  0.10006576E+04  0.12926775E+04  0.12500000E+03 -0.18224888E-03  0.69999999E+00  0.10000002E+04
 -0.25000000E+00  0.22500000E+01  0.00000000E+00  0.00000000E+00  0.10004747E+04  0.93267188E+03  0.12500000E+03 -0.78150333E-04  0.69999999E+00  0.10000001E+04
 -0.25000000E+00  0.27500000E+01  0.00000000E+00  0.00000000E+00  0.10000000E+04  0.00000000E+00  0.12500000E+03  0.00000000E+00  0.69999999E+00  0.10000000E+04
 -0.25000000E+00  0.32500000E+01  0.00000000E+00  0.00000000E+00  0.10000000E+04  0.00000000E+00  0.12500000E+03  0.00000000E+00  0.69999999E+00  0.10000000E+04
 -0.25000000E+00  0.37500000E+01  0.00000000E+00  0.00000000E+00  0.10000000E+04  0.00000000E+00  0.12500000E+03  0.00000000E+00  0.69999999E+00  0.10000000E+04
  0.80000000E+01  0.00000000E+00  0.00000000E+00  0.00000000E+00  0.10000000E+04  0.00000000E+00  0.12500000E+03  0.00000000E+00  0.69999999E+00  0.10000000E+04
  0.80000000E+01  0.50000000E+00  0.00000000E+00  0.00000000E+00  0.10000000E+04  0.00000000E+00  0.12500000E+03  0.00000000E+00  0.69999999E+00  0.10000000E+04
  0.80000000E+01  0.10000000E+01  0.00000000E+00  0.00000000E+00  0.10000000E+04  0.00000000E+00  0.12500000E+03  0.00000000E+00  0.69999999E+00  0.10000000E+04
  0.80000000E+01  0.15000000E+01  0.00000000E+00  0.00000000E+00  0.10000000E+04  0.00000000E+00  0.12500000E+03  0.00000000E+00  0.69999999E+00  0.10000000E+04
  0.80000000E+01  0.20000000E+01  0.00000000E+00  0.00000000E+00  0.10000000E+04  0.00000000E+00  0.12500000E+03  0.00000000E+00  0.69999999E+00  0.10000000E+04
  0.80000000E+01  0.25000000E+01  0.00000000E+00  0.00000000E+00  0.10000000E+04  0.00000000E+00  0.12500000E+03  0.00000000E+00  0.69999999E+00  0.10000000E+04
  0.80000000E+01  0.30000000E+01  0.00000000E+00  0.00000000E+00  0.10000000E+04  0.00000000E+00  0.12500000E+03  0.00000000E+00  0.69999999E+00  0.10000000E+04
  0.80000000E+01  0.35000000E+01  0.00000000E+00  0.00000000E+00  0.10000000E+04  0.00000000E+00  0.12500000E+03  0.00000000E+00  0.69999999E+00  0.10000000E+04
  0.80000000E+01  0.40000000E+01  0.00000000E+00  0.00000000E+00  0.10000000E+04  0.00000000E+00  0.12500000E+03  0.00000000E+00  0.69999999E+00  0.10000000E+04
  0.82500000E+01 -0.25000000E+00  0.00000000E+00  0.00000000E+00  0.10000000E+04  0.00000000E+00  0.12500000E+03  0.00000000E+00  0.69999999E+00  0.10000000E+04
  0.82500000E+01  0.25000000E+00  0.00000000E+00  0.00000000E+00  0.10000000E+04  0.00000000E+00  0.12500000E+03  0.00000000E+00  0.69999999E+00  0.10000000E+04
  0.82500000E+01  0.75000000E+00  0.00000000E+00  0.00000000E+00  0.10000000E+04  0.00000000E+00  0.12500000E+03  0.00000000E+00  0.69999999E+00  0.10000000E+04
  0.82500000E+01  0.12500000E+01  0.00000000E+00  0.00000000E+00  0.10000000E+04  0.00000000E+00  0.12500000E+03  0.00000000E+00  0.69999999E+00  0.10000000E+04
  0.82500000E+01  0.17500000E+01  0.00000000E+00  0.00000000E+00  0.10000000E+04  0.00000000E+00  0.12500000E+03  0.00000000E+00  0.69999999E+00  0.10000000E+04
  0.82500000E+01  0.22500000E+01  0.00000000E+00  0.00000000E+00  0.10000000E+04  0.00000000E+00  0.12500000E+03  0.00000000E+00  0.69999999E+00  0.10000000E+04
  0.82500000E+01  0.27500000E+01  0.00000000E+00  0.00000000E+00  0.10000000E+04  0.00000000E+00  0.12500000E+03  0.00000000E+00  0.69999999E+00  0.10000000E+04
  0.82500000E+01  0.32500000E+01  0.00000000E+00  0.00000000E+00  0.10000000E+04  0.00000000E+00  0.12500000E+03  0.00000000E+00  0.69999999E+00  0.10000000E+04
  0.82500000E+01  0.37500000E+01  0.00000000E+00  0.00000000E+00  0.10000000E+04  0.00000000E+00  0.12500000E+03  0.00000000E+00  0.69999999E+00  0.10000000E+04
  0.50000000E+00  0.00000000E+00  0.00000000E+00  0.00000000E+00  0.10137811E+04  0.28182350E+05  0.12500000E+03  0.87149888E-02  0.69999999E+00  0.99998993E+03
  0.10000000E+01  0.00000000E+00  0.00000000E+00  0.00000000E+00  0.10040167E+04  0.79764824E+04  0.12500000E+03  0.33979812E-02  0.69999999E+00  0.99999609E+03
  0.15000000E+01  0.00000000E+00  0.00000000E+00  0.00000000E+00  0.10553508E+04  0.12838998E+06  0.12500000E+03  0.15495210E-01  0.69999999E+00  0.99998132E+03
  0.20000000E+01  0.00000000E+00  0.00000000E+00  0.00000000E+00  0.11553142E+04  0.48973388E+06  0.12500000E+03  0.17258039E-01  0.69999999E+00  0.99997723E+03
  0.25000000E+01  0.00000000E+00  0.00000000E+00  0.00000000E+00  0.10072715E+04  0.14581761E+05  0.12500000E+03  0.13266925E-02  0.69999999E+00  0.99999847E+03
  0.30000000E+01  0.00000000E+00  0.00000000E+00  0.00000000E+00  0.10209808E+04  0.43847918E+05  0.12500000E+03  0.33684757E-02  0.69999999E+00  0.99999609E+03
  0.35000000E+01  0.00000000E+00  0.00000000E+00  0.00000000E+00  0.10010289E+04  0.20249346E+04  0.12500000E+03  0.13700498E-02  0.69999999E+00  0.99999841E+03
  0.40000000E+01  0.00000000E+00  0.00000000E+00  0.00000000E+00  0.10000131E+04  0.25728762E+02  0.12500000E+03 -0.50405528E-04  0.69999999E+00  0.10000001E+04
  0.45000000E+01  0.00000000E+00  0.00000000E+00  0.00000000E+00  0.10000000E+04  0.00000000E+00  0.12500000E+03  0.00000000E+00  0.69999999E+00  0.10000000E+04
  0.50000000E+01  0.00000000E+00  0.00000000E+00  0.00000000E+00  0.10000000E+04  0.00000000E+00  0.12500000E+03  0.00000000E+00  0.69999999E+00  0.10000000E+04
  0.55000000E+01  0.00000000E+00  0.00000000E+00  0.00000000E+00  0.10000000E+04  0.00000000E+00  0.12500000E+03  0.00000000E+00  0.69999999E+00  0.10000000E+04
  0.60000000E+01  0.00000000E+00  0.00000000E+00  0.00000000E+00  0.10000000E+04  0.00000000E+00  0.12500000E+03  0.00000000E+00  0.69999999E+00  0.10000000E+04
  0.65000000E+01  0.00000000E+00  0.00000000E+00  0.00000000E+00  0.10000000E+04  0.00000000E+00  0.12500000E+03  0.00000000E+00  0.69999999E+00  0.10000000E+04
  0.70000000E+01  0.00000000E+00  0.00000000E+00  0.00000000E+00  0.10000000E+04  0.00000000E+00  0.12500000E+03  0.00000000E+00  0.69999999E+00  0.10000000E+04
  0.75000000E+01  0.00000000E+00  0.00000000E+00  0.00000000E+00  0.10000000E+04  0.00000000E+00  0.12500000E+03  0.00000000E+00  0.69999999E+00  0.10000000E+04
  0.25000000E+00 -0.25000000E+00  0.00000000E+00  0.00000000E+00  0.10052322E+04  0.10428154E+05  0.12500000E+03  0.27088579E-02  0.69999999E+00  0.99999689E+03
  0.75000000E+00 -0.25000000E+00  0.00000000E+00  0.00000000E+00  0.10212729E+04  0.44497527E+05  0.12500000E+03  0.66551999E-02  0.69999999E+00  0.99999225E+03
  0.12500000E+01 -0.25000000E+00  0.00000000E+00  0.00000000E+00  0.10095365E+04  0.19254514E+05  0.12500000E+03  0.54136068E-02  0.69999999E+00  0.99999377E+03
  0.17500000E+01 -0.25000000E+00  0.00000000E+00  0.00000000E+00  0.10175812E+04  0.36367980E+05  0.12500000E+03  0.81990585E-02  0.69999999E+00  0.99999048E+03
  0.22500000E+01 -0.25000000E+00  0.00000000E+00  0.00000000E+00  0.10003739E+04  0.73453229E+03  0.12500000E+03  0.72562778E-02  0.69999999E+00  0.99999170E+03
  0.27500000E+01 -0.25000000E+00  0.00000000E+00  0.00000000E+00  0.10019141E+04  0.37769480E+04  0.12500000E+03  0.12783948E-02  0.69999999E+00  0.99999854E+03
  0.32500000E+01 -0.25000000E+00  0.00000000E+00  0.00000000E+00  0.10002289E+04  0.44937463E+03  0.12500000E+03  0.14950982E-02  0.69999999E+00  0.99999829E+03
  0.37500000E+01 -0.25000000E+00  0.00000000E+00  0.00000000E+00  0.10000071E+04  0.13799721E+02  0.12500000E+03 -0.13200220E-03  0.69999999E+00  0.10000001E+04
  0.42500000E+01 -0.25000000E+00  0.00000000E+00  0.00000000E+00  0.10000000E+04  0.00000000E+00  0.12500000E+03 -0.70378814E-40  0.69999999E+00  0.10000000E+04
  0.47500000E+01 -0.25000000E+00  0.00000000E+00  0.00000000E+00  0.10000000E+04  0.00000000E+00  0.12500000E+03  0.00000000E+00  0.69999999E+00  0.10000000E+04
  0.52500000E+01 -0.25000000E+00  0.00000000E+00  0.00000000E+00  0.10000000E+04  0.00000000E+00  0.12500000E+03  0.00000000E+00  0.69999999E+00  0.10000000E+04
  0.57500000E+01 -0.25000000E+00  0.00000000E+00  0.00000000E+00  0.10000000E+04  0.00000000E+00  0.12500000E+03  0.00000000E+00  0.69999999E+00  0.10000000E+04
  0.62500000E+01 -0.25000000E+00  0.00000000E+00  0.00000000E+00  0.10000000E+04  0.00000000E+00  0.12500000E+03  0.00000000E+00  0.69999999E+00  0.10000000E+04
  0.67500000E+01 -0.25000000E+00  0.00000000E+00  0.00000000E+00  0.10000000E+04  0.00000000E+00  0.12500000E+03  0.00000000E+00  0.69999999E+00  0.10000000E+04
  0.72500000E+01 -0.25000000E+00  0.00000000E+00  0.00000000E+00  0.10000000E+04  0.00000000E+00  0.12500000E+03  0.00000000E+00  0.69999999E+00  0.10000000E+04
  0.77500000E+01 -0.25000000E+00  0.00000000E+00  0.00000000E+00  0.10000000E+04  0.00000000E+00  0.12500000E+03  0.00000000E+00  0.69999999E+00  0.10000000E+04
  0.40000000E+01  0.50000000E+00  0.00000000E+00  0.00000000E+00  0.10004330E+04  0.85058771E+03  0.12500000E+03 -0.15863737E-03  0.69999999E+00  0.10000002E+04
  0.37500000E+01  0.25000000E+00  0.00000000E+00  0.00000000E+00  0.10001544E+04  0.30302609E+03  0.12500000E+03 -0.63212618E-03  0.69999999E+00  0.10000007E+04
  0.40000000E+01  0.10000000E+01  0.00000000E+00  0.00000000E+00  0.10014896E+04  0.29357659E+04  0.12500000E+03 -0.17951261E-04  0.69999999E+00  0.10000000E+04
  0.37500000E+01  0.75000000E+00  0.00000000E+00  0.00000000E+00  0.10001013E+04  0.19886578E+03  0.12500000E+03  0.49784675E-03  0.69999999E+00  0.99999945E+03
  0.40000000E+01  0.15000000E+01  0.00000000E+00  0.00000000E+00  0.10047812E+04  0.95164385E+04  0.12500000E+03  0.19341364E-03  0.69999999E+00  0.99999976E+03
  0.37500000E+01  0.12500000E+01  0.00000000E+00  0.00000000E+00  0.10207096E+04  0.43245703E+05  0.12500000E+03  0.50223479E-03  0.69999999E+00  0.99999939E+03
  0.40000000E+01  0.20000000E+01  0.00000000E+00  0.00000000E+00  0.10027572E+04  0.54545625E+04  0.12500000E+03  0.71056857E-04  0.69999999E+00  0.99999994E+03
  0.37500000E+01  0.17500000E+01  0.00000000E+00  0.00000000E+00  0.10387435E+04  0.85443109E+05  0.12500000E+03  0.64575201E-03  0.69999999E+00  0.99999921E+03
  0.45000000E+01  0.50000000E+00  0.00000000E+00  0.00000000E+00  0.10000000E+04  0.00000000E+00  0.12500000E+03  0.00000000E+00  0.69999999E+00  0.10000000E+04
  0.42500000E+01  0.25000000E+00  0.00000000E+00  0.00000000E+00  0.10000018E+04  0.35083482E+01  0.12500000E+03 -0.74084828E-05  0.69999999E+00  0.10000000E+04
  0.45000000E+01  0.10000000E+01  0.00000000E+00  0.00000000E+00  0.10000000E+04  0.00000000E+00  0.12500000E+03  0.00000000E+00  0.69999999E+00  0.10000000E+04
  0.42500000E+01  0.75000000E+00  0.00000000E+00  0.00000000E+00  0.10000934E+04  0.18318608E+03  0.12500000E+03 -0.62608265E-05  0.69999999E+00  0.10000000E+04
  0.45000000E+01  0.15000000E+01  0.00000000E+00  0.00000000E+00  0.10000000E+04  0.00000000E+00  0.12500000E+03 -0.00000000E+00  0.69999999E+00  0.10000000E+04
  0.42500000E+01  0.12500000E+01  0.00000000E+00  0.00000000E+00  0.10000188E+04  0.36956493E+02  0.12500000E+03  0.53883932E-05  0.69999999E+00  0.10000000E+04
  0.45000000E+01  0.20000000E+01  0.00000000E+00  0.00000000E+00  0.10000000E+04  0.00000000E+00  0.12500000E+03  0.00000000E+00  0.69999999E+00  0.10000000E+04
  0.42500000E+01  0.17500000E+01  0.00000000E+00  0.00000000E+00  0.10000042E+04  0.81862049E+01  0.12500000E+03  0.50448266E-05  0.69999999E+00  0.10000000E+04
  0.50000000E+01  0.50000000E+00  0.00000000E+00  0.00000000E+00  0.10000000E+04  0.00000000E+00  0.12500000E+03  0.00000000E+00  0.69999999E+00  0.10000000E+04
  0.47500000E+01  0.25000000E+00  0.00000000E+00  0.00000000E+00  0.10000000E+04  0.00000000E+00  0.12500000E+03  0.00000000E+00  0.69999999E+00  0.10000000E+04
  0.50000000E+01  0.10000000E+01  0.00000000E+00  0.00000000E+00  0.10000000E+04  0.00000000E+00  0.12500000E+03  0.00000000E+00  0.69999999E+00  0.10000000E+04
  0.47500000E+01  0.75000000E+00  0.00000000E+00  0.00000000E+00  0.10000000E+04  0.00000000E+00  0.12500000E+03  0.00000000E+00  0.69999999E+00  0.10000000E+04
  0.50000000E+01  0.15000000E+01  0.00000000E+00  0.00000000E+00  0.10000000E+04  0.00000000E+00  0.12500000E+03  0.00000000E+00  0.69999999E+00  0.10000000E+04
  0.47500000E+01  0.12500000E+01  0.00000000E+00  0.00000000E+00  0.10000000E+04  0.00000000E+00  0.12500000E+03  0.00000000E+00  0.69999999E+00  0.10000000E+04
  0.50000000E+01  0.20000000E+01  0.00000000E+00  0.00000000E+00  0.10000000E+04  0.00000000E+00  0.12500000E+03  0.00000000E+00  0.69999999E+00  0.10000000E+04
  0.47500000E+01  0.17500000E+01  0.00000000E+00  0.00000000E+00  0.10000000E+04  0.00000000E+00  0.12500000E+03  0.00000000E+00  0.69999999E+00  0.10000000E+04
  0.23381569E+01  0.16191053E+01  0.20325794E+01  0.31889272E+00  0.10066685E+04  0.13348408E+05  0.12576698E+03  0.12576674E+03  0.10000000E+01  0.00000000E+00
  0.13890556E+01  0.96085000E+00  0.15939252E+01 -0.49398503E+00  0.10062522E+04  0.12499251E+05  0.12561582E+03  0.12561256E+03  0.10000000E+01  0.00000000E+00
  0.14507855E+01  0.89226341E+00  0.12098937E+01 -0.31323838E+00  0.10131653E+04  0.26873057E+05  0.12546356E+03  0.12546333E+03  0.10000000E+01  0.00000000E+00
  0.10499523E+01  0.14215978E+01  0.48232380E+00 -0.96510422E+00  0.10013214E+04  0.26027205E+04  0.12531018E+03  0.12531018E+03  0.10000000E+01  0.00000000E+00
  0.10166765E+01  0.12332904E+01  0.63450909E+00 -0.24859180E+01  0.10009647E+04  0.18981127E+04  0.12515567E+03  0.12515567E+03  0.10000000E+01  0.00000000E+00
  0.26691418E+01  0.22356987E+01 -0.83990768E-01  0.24065051E+01  0.10046242E+04  0.91996123E+04  0.12500000E+03  0.12500000E+03  0.10000000E+01  0.00000000E+00
  0.26700945E+01  0.17382107E+01  0.11463854E+01  0.75782788E+00  0.98766663E+03 -0.23320961E+05  0.12576698E+03  0.12575494E+03  0.10000000E+01  0.00000000E+00
  0.14312574E+01  0.10413382E+01  0.13976321E+01  0.18584310E+00  0.10001096E+04  0.21501431E+03  0.12561582E+03  0.12560624E+03  0.10000000E+01  0.00000000E+00
  0.16506724E+01  0.12744071E+01  0.88175654E+00  0.16151333E+01  0.99369342E+03 -0.12141868E+05  0.12546356E+03  0.12546037E+03  0.10000000E+01  0.00000000E+00
  0.16067045E+01  0.94483089E+00  0.36440082E+01  0.13862749E+01  0.10003184E+04  0.62531360E+03  0.12531018E+03  0.12531038E+03  0.10000000E+01  0.00000000E+00
  0.15001569E+01  0.15994531E+01  0.76637787E+00  0.61113667E+00  0.10034893E+04  0.69182388E+04  0.12515567E+03  0.12515567E+03  0.10000000E+01  0.00000000E+00
  0.94827449E+00  0.15085337E+01  0.88693404E+00 -0.47369897E+00  0.10156917E+04  0.32275049E+05  0.12500000E+03  0.12500000E+03  0.10000000E+01  0.00000000E+00
  0.25355322E+01  0.18293693E+01  0.42316246E+01  0.25396810E+01  0.10029359E+04  0.58111919E+04  0.12576698E+03  0.12575644E+03  0.10000000E+01  0.00000000E+00
  0.24599898E+01  0.15581130E+01  0.45026553E+00  0.32473798E+01  0.97394855E+03 -0.47287266E+05  0.12561582E+03  0.12561089E+03  0.10000000E+01  0.00000000E+00
  0.24729881E+01  0.11096833E+01 -0.40200853E+00  0.22358968E+01  0.97757971E+03 -0.41138004E+05  0.12546356E+03  0.12546005E+03  0.10000000E+01  0.00000000E+00
  0.26007168E+01  0.11753759E+01  0.15160153E+01  0.14878552E+01  0.95566028E+03 -0.76240828E+05  0.12531018E+03  0.12531018E+03  0.10000000E+01  0.00000000E+00
  0.25866070E+01  0.83494270E+00 -0.60971224E+00  0.10359110E+01  0.99736365E+03 -0.51318330E+04  0.12515567E+03  0.12515559E+03  0.10000000E+01  0.00000000E+00
  0.23384531E+01  0.21319768E+01 -0.11081518E+01  0.76450431E+00  0.99352582E+03 -0.12458307E+05  0.12500000E+03  0.12500000E+03  0.10000000E+01  0.00000000E+00
  0.15211425E+01  0.14889672E+01 -0.13717320E+01  0.23982599E+01  0.99160333E+03 -0.16065067E+05  0.12576698E+03  0.12576566E+03  0.10000000E+01  0.00000000E+00
  0.23776860E+01  0.16247728E+01  0.18941262E+01  0.31867108E+01  0.98407153E+03 -0.29797264E+05  0.12561582E+03  0.12561221E+03  0.10000000E+01  0.00000000E+00
  0.26824012E+01  0.84875619E+00 -0.27813785E+01  0.22563793E-01  0.99353290E+03 -0.12444922E+05  0.12546356E+03  0.12546202E+03  0.10000000E+01  0.00000000E+00
  0.26681857E+01  0.93764114E+00 -0.32387662E+01 -0.72332895E+00  0.97664191E+03 -0.42739340E+05  0.12531018E+03  0.12530890E+03  0.10000000E+01  0.00000000E+00
  0.27161741E+01  0.23272078E+01 -0.35201123E+00  0.24891944E+01  0.10003886E+04  0.76336646E+03  0.12515567E+03  0.12515567E+03  0.10000000E+01  0.00000000E+00
  0.30306444E+01  0.14293978E+01  0.19283861E-01 -0.25447173E+01  0.99946301E+03 -0.10518556E+04  0.12500000E+03  0.12500012E+03  0.10000000E+01  0.00000000E+00
  0.16346323E+01  0.17672210E+01  0.35998333E+00 -0.78538322E+00  0.96797919E+03 -0.57101684E+05  0.12561582E+03  0.12561399E+03  0.10000000E+01  0.00000000E+00
  0.29863186E+01  0.20607924E+01  0.47658205E+00  0.27310479E+01  0.99872144E+03 -0.24989707E+04  0.12531018E+03  0.12531004E+03  0.10000000E+01  0.00000000E+00
  0.15351140E+01  0.20567005E+01 -0.72144532E+00 -0.28598464E+00  0.99641113E+03 -0.69659751E+04  0.12500000E+03  0.12500000E+03  0.10000000E+01  0.00000000E+00
