  0.00000000E+00  0.00000000E+00  0.00000000E+00  0.00000000E+00  0.10022249E+04  0.43943062E+04  0.12500000E+03  0.24287056E-02  0.69999999E+00  0.99999719E+03
  0.00000000E+00  0.50000000E+00  0.00000000E+00  0.00000000E+00  0.10221908E+04  0.46546434E+05  0.12500000E+03  0.30680951E-02  0.69999999E+00  0.99999640E+03
  0.00000000E+00  0.10000000E+01  0.00000000E+00  0.00000000E+00  0.10042062E+04  0.83573945E+04  0.12500000E+03  0.35629261E-02  0.69999999E+00  0.99999591E+03
  0.00000000E+00  0.15000000E+01  0.00000000E+00  0.00000000E+00  0.10122095E+04  0.24850373E+05  0.12500000E+03  0.12522596E-02  0.69999999E+00  0.99999854E+03
  0.00000000E+00  0.20000000E+01  0.00000000E+00  0.00000000E+00  0.10670011E+04  0.16103575E+06  0.12500000E+03 -0.15734995E-02  0.69999999E+00  0.10000019E+04
  0.00000000E+00  0.25000000E+01  0.00000000E+00  0.00000000E+00  0.10189194E+04  0.39294574E+05  0.12500000E+03  0.44207327E-03  0.69999999E+00  0.99999951E+03
  0.00000000E+00  0.30000000E+01  0.00000000E+00  0.00000000E+00  0.10000331E+04  0.65027504E+02  0.12500000E+03  0.21785530E-04  0.69999999E+00  0.10000000E+04
  0.00000000E+00  0.35000000E+01  0.00000000E+00  0.00000000E+00  0.10000000E+04  0.00000000E+00  0.12500000E+03  0.00000000E+00  0.69999999E+00  0.10000000E+04
  0.00000000E+00  0.40000000E+01  0.00000000E+00  0.00000000E+00  0.10000000E+04  0.00000000E+00  0.12500000E+03  0.00000000E+00  0.69999999E+00  0.10000000E+04
 -0.25000000E+00 -0.25000000E+00  0.00000000E+00  0.00000000E+00  0.10006414E+04  0.12607445E+04  0.12500000E+03  0.52005530E-03  0.69999999E+00  0.99999939E+03
 -0.25000000E+00  0.25000000E+00  0.00000000E+00  0.00000000E+00  0.10011119E+04  0.21890046E+04  0.12500000E+03  0.10783898E-02  0.69999999E+00  0.99999878E+03
 -0.25000000E+00  0.75000000E+00  0.00000000E+00  0.00000000E+00  0.10046447E+04  0.92407324E+04  0.12500000E+03  0.42485609E-03  0.69999999E+00  0.99999951E+03
 -0.25000000E+00  0.12500000E+01  0.00000000E+00  0.00000000E+00  0.10008735E+04  0.17184341E+04  0.12500000E+03  0.11296936E-02  0.69999999E+00  0.99999872E+03
 -0.25000000E+00  0.17500000E+01  0.00000000E+00  0.00000000E+00  0.10032382E+04  0.64154053E+04  0.12500000E+03 -0.35284751E-03  0.69999999E+00  0.10000004E+04
 -0.25000000E+00  0.22500000E+01  0.00000000E+00  0.00000000E+00  0.10042380E+04  0.84214414E+04  0.12500000E+03 -0.17094746E-03  0.69999999E+00  0.10000002E+04
 -0.25000000E+00  0.27500000E+01  0.00000000E+00  0.00000000E+00  0.10000142E+04  0.27833931E+02  0.12500000E+03  0.91602515E-05  0.69999999E+00  0.10000000E+04
 -0.25000000E+00  0.32500000E+01  0.00000000E+00  0.00000000E+00  0.10000000E+04  0.00000000E+00  0.12500000E+03  0.14853764E-41  0.69999999E+00  0.10000000E+04
 -0.25000000E+00  0.37500000E+01  0.00000000E+00  0.00000000E+00  0.10000000E+04  0.00000000E+00  0.12500000E+03  0.00000000E+00  0.69999999E+00  0.10000000E+04
  0.80000000E+01  0.00000000E+00  0.00000000E+00  0.00000000E+00  0.10000000E+04  0.00000000E+00  0.12500000E+03  0.00000000E+00  0.69999999E+00  0.10000000E+04
  0.80000000E+01  0.50000000E+00  0.00000000E+00  0.00000000E+00  0.10000000E+04  0.00000000E+00  0.12500000E+03  0.00000000E+00  0.69999999E+00  0.10000000E+04
  0.80000000E+01  0.10000000E+01  0.00000000E+00  0.00000000E+00  0.10000000E+04  0.00000000E+00  0.12500000E+03  0.00000000E+00  0.69999999E+00  0.10000000E+04
  0.80000000E+01  0.15000000E+01  0.00000000E+00  0.00000000E+00  0.10000000E+04  0.00000000E+00  0.12500000E+03  0.00000000E+00  0.69999999E+00  0.10000000E+04
  0.80000000E+01  0.20000000E+01  0.00000000E+00  0.00000000E+00  0.10000000E+04  0.00000000E+00  0.12500000E+03  0.00000000E+00  0.69999999E+00  0.10000000E+04
  0.80000000E+01  0.25000000E+01  0.00000000E+00  0.00000000E+00  0.10000000E+04  0.00000000E+00  0.12500000E+03  0.00000000E+00  0.69999999E+00  0.10000000E+04
  0.80000000E+01  0.30000000E+01  0.00000000E+00  0.00000000E+00  0.10000000E+04  0.00000000E+00  0.12500000E+03  0.00000000E+00  0.69999999E+00  0.10000000E+04
  0.80000000E+01  0.35000000E+01  0.00000000E+00  0.00000000E+00  0.10000000E+04  0.00000000E+00  0.12500000E+03  0.00000000E+00  0.69999999E+00  0.10000000E+04
  0.80000000E+01  0.40000000E+01  0.00000000E+00  0.00000000E+00  0.10000000E+04  0.00000000E+00  0.12500000E+03  0.00000000E+00  0.69999999E+00  0.10000000E+04
  0.82500000E+01 -0.25000000E+00  0.00000000E+00  0.00000000E+00  0.10000000E+04  0.00000000E+00  0.12500000E+03  0.00000000E+00  0.69999999E+00  0.10000000E+04
  0.82500000E+01  0.25000000E+00  0.00000000E+00  0.00000000E+00  0.10000000E+04  0.00000000E+00  0.12500000E+03  0.00000000E+00  0.69999999E+00  0.10000000E+04
  0.82500000E+01  0.75000000E+00  0.00000000E+00  0.00000000E+00  0.10000000E+04  0.00000000E+00  0.12500000E+03  0.00000000E+00  0.69999999E+00  0.10000000E+04
  0.82500000E+01  0.12500000E+01  0.00000000E+00  0.00000000E+00  0.10000000E+04  0.00000000E+00  0.12500000E+03  0.00000000E+00  0.69999999E+00  0.10000000E+04
  0.82500000E+01  0.17500000E+01  0.00000000E+00  0.00000000E+00  0.10000000E+04  0.00000000E+00  0.12500000E+03  0.00000000E+00  0.69999999E+00  0.10000000E+04
  0.82500000E+01  0.22500000E+01  0.00000000E+00  0.00000000E+00  0.10000000E+04  0.00000000E+00  0.12500000E+03  0.00000000E+00  0.69999999E+00  0.10000000E+04
  0.82500000E+01  0.27500000E+01  0.00000000E+00  0.00000000E+00  0.10000000E+04  0.00000000E+00  0.12500000E+03  0.00000000E+00  0.69999999E+00  0.10000000E+04
  0.82500000E+01  0.32500000E+01  0.00000000E+00  0.00000000E+00  0.10000000E+04  0.00000000E+00  0.12500000E+03  0.00000000E+00  0.69999999E+00  0.10000000E+04
  0.82500000E+01  0.37500000E+01  0.00000000E+00  0.00000000E+00  0.10000000E+04  0.00000000E+00  0.12500000E+03  0.00000000E+00  0.69999999E+00  0.10000000E+04
  0.50000000E+00  0.00000000E+00  0.00000000E+00  0.00000000E+00  0.10540790E+04  0.12495485E+06  0.12500000E+03  0.12231071E-01  0.69999999E+00  0.99998529E+03
  0.10000000E+01  0.00000000E+00  0.00000000E+00  0.00000000E+00  0.10659104E+04  0.15788770E+06  0.12500000E+03  0.70043332E-02  0.69999999E+00  0.99999146E+03
  0.15000000E+01  0.00000000E+00  0.00000000E+00  0.00000000E+00  0.10209404E+04  0.43758117E+05  0.12500000E+03  0.21502059E-01  0.69999999E+00  0.99997491E+03
  0.20000000E+01  0.00000000E+00  0.00000000E+00  0.00000000E+00  0.11289775E+04  0.37495078E+06  0.12500000E+03  0.24793724E-01  0.69999999E+00  0.99996802E+03
  0.25000000E+01  0.00000000E+00  0.00000000E+00  0.00000000E+00  0.10389393E+04  0.85926102E+05  0.12500000E+03  0.71941013E-02  0.69999999E+00  0.99999146E+03
  0.30000000E+01  0.00000000E+00  0.00000000E+00  0.00000000E+00  0.10614355E+04  0.14517205E+06  0.12500000E+03  0.89036692E-02  0.69999999E+00  0.99998920E+03
  0.35000000E+01  0.00000000E+00  0.00000000E+00  0.00000000E+00  0.10074296E+04  0.14905829E+05  0.12500000E+03  0.36079173E-02  0.69999999E+00  0.99999585E+03
  0.40000000E+01  0.00000000E+00  0.00000000E+00  0.00000000E+00  0.10000137E+04  0.26898298E+02  0.12500000E+03 -0.68247195E-04  0.69999999E+00  0.10000001E+04
  0.45000000E+01  0.00000000E+00  0.00000000E+00  0.00000000E+00  0.10000000E+04  0.00000000E+00  0.12500000E+03  0.10448081E-39  0.69999999E+00  0.10000000E+04
  0.50000000E+01  0.00000000E+00  0.00000000E+00  0.00000000E+00  0.10000000E+04  0.00000000E+00  0.12500000E+03 -0.36433760E-43  0.69999999E+00  0.10000000E+04
  0.55000000E+01  0.00000000E+00  0.00000000E+00  0.00000000E+00  0.10000000E+04  0.00000000E+00  0.12500000E+03  0.00000000E+00  0.69999999E+00  0.10000000E+04
  0.60000000E+01  0.00000000E+00  0.00000000E+00  0.00000000E+00  0.10000000E+04  0.00000000E+00  0.12500000E+03  0.00000000E+00  0.69999999E+00  0.10000000E+04
  0.65000000E+01  0.00000000E+00  0.00000000E+00  0.00000000E+00  0.10000000E+04  0.00000000E+00  0.12500000E+03  0.00000000E+00  0.69999999E+00  0.10000000E+04
  0.70000000E+01  0.00000000E+00  0.00000000E+00  0.00000000E+00  0.10000000E+04  0.00000000E+00  0.12500000E+03  0.00000000E+00  0.69999999E+00  0.10000000E+04
  0.75000000E+01  0.00000000E+00  0.00000000E+00  0.00000000E+00  0.10000000E+04  0.00000000E+00  0.12500000E+03  0.00000000E+00  0.69999999E+00  0.10000000E+04
  0.25000000E+00 -0.25000000E+00  0.00000000E+00  0.00000000E+00  0.10059893E+04  0.11964295E+05  0.12500000E+03  0.32711900E-02  0.69999999E+00  0.99999622E+03
  0.75000000E+00 -0.25000000E+00  0.00000000E+00  0.00000000E+00  0.10274805E+04  0.58570949E+05  0.12500000E+03  0.87820999E-02  0.69999999E+00  0.99998969E+03
  0.12500000E+01 -0.25000000E+00  0.00000000E+00  0.00000000E+00  0.10094823E+04  0.19141877E+05  0.12500000E+03  0.70428383E-02  0.69999999E+00  0.99999188E+03
  0.17500000E+01 -0.25000000E+00  0.00000000E+00  0.00000000E+00  0.10147219E+04  0.30191770E+05  0.12500000E+03  0.10730229E-01  0.69999999E+00  0.99998755E+03
  0.22500000E+01 -0.25000000E+00  0.00000000E+00  0.00000000E+00  0.10012159E+04  0.23943840E+04  0.12500000E+03  0.10558402E-01  0.69999999E+00  0.99998792E+03
  0.27500000E+01 -0.25000000E+00  0.00000000E+00  0.00000000E+00  0.10069878E+04  0.14000865E+05  0.12500000E+03  0.47186278E-02  0.69999999E+00  0.99999457E+03
  0.32500000E+01 -0.25000000E+00  0.00000000E+00  0.00000000E+00  0.10019148E+04  0.37783677E+04  0.12500000E+03  0.32514902E-02  0.69999999E+00  0.99999628E+03
  0.37500000E+01 -0.25000000E+00  0.00000000E+00  0.00000000E+00  0.10000070E+04  0.13565822E+02  0.12500000E+03 -0.15635355E-03  0.69999999E+00  0.10000002E+04
  0.42500000E+01 -0.25000000E+00  0.00000000E+00  0.00000000E+00  0.10000000E+04  0.00000000E+00  0.12500000E+03 -0.45612122E-36  0.69999999E+00  0.10000000E+04
  0.47500000E+01 -0.25000000E+00  0.00000000E+00  0.00000000E+00  0.10000000E+04  0.00000000E+00  0.12500000E+03 -0.23153655E-39  0.69999999E+00  0.10000000E+04
  0.52500000E+01 -0.25000000E+00  0.00000000E+00  0.00000000E+00  0.10000000E+04  0.00000000E+00  0.12500000E+03  0.00000000E+00  0.69999999E+00  0.10000000E+04
  0.57500000E+01 -0.25000000E+00  0.00000000E+00  0.00000000E+00  0.10000000E+04  0.00000000E+00  0.12500000E+03  0.00000000E+00  0.69999999E+00  0.10000000E+04
  0.62500000E+01 -0.25000000E+00  0.00000000E+00  0.00000000E+00  0.10000000E+04  0.00000000E+00  0.12500000E+03  0.00000000E+00  0.69999999E+00  0.10000000E+04
  0.67500000E+01 -0.25000000E+00  0.00000000E+00  0.00000000E+00  0.10000000E+04  0.00000000E+00  0.12500000E+03  0.00000000E+00  0.69999999E+00  0.10000000E+04
  0.72500000E+01 -0.25000000E+00  0.00000000E+00  0.00000000E+00  0.10000000E+04  0.00000000E+00  0.12500000E+03  0.00000000E+00  0.69999999E+00  0.10000000E+04
  0.77500000E+01 -0.25000000E+00  0.00000000E+00  0.00000000E+00  0.10000000E+04  0.00000000E+00  0.12500000E+03  0.00000000E+00  0.69999999E+00  0.10000000E+04
  0.40000000E+01  0.50000000E+00  0.00000000E+00  0.00000000E+00  0.10004576E+04  0.89913214E+03  0.12500000E+03 -0.29041059E-03  0.69999999E+00  0.10000003E+04
  0.37500000E+01  0.25000000E+00  0.00000000E+00  0.00000000E+00  0.10043340E+04  0.86146162E+04  0.12500000E+03 -0.15661567E-02  0.69999999E+00  0.10000018E+04
  0.40000000E+01  0.10000000E+01  0.00000000E+00  0.00000000E+00  0.10005762E+04  0.11323394E+04  0.12500000E+03 -0.13605473E-03  0.69999999E+00  0.10000002E+04
  0.37500000E+01  0.75000000E+00  0.00000000E+00  0.00000000E+00  0.10366582E+04  0.80334430E+05  0.12500000E+03  0.96672762E-03  0.69999999E+00  0.99999884E+03
  0.40000000E+01  0.15000000E+01  0.00000000E+00  0.00000000E+00  0.10001899E+04  0.37279691E+03  0.12500000E+03  0.38105878E-03  0.69999999E+00  0.99999957E+03
  0.37500000E+01  0.12500000E+01  0.00000000E+00  0.00000000E+00  0.10271520E+04  0.57813223E+05  0.12500000E+03  0.90347376E-03  0.69999999E+00  0.99999896E+03
  0.40000000E+01  0.20000000E+01  0.00000000E+00  0.00000000E+00  0.10010588E+04  0.20840093E+04  0.12500000E+03  0.32330409E-03  0.69999999E+00  0.99999963E+03
  0.37500000E+01  0.17500000E+01  0.00000000E+00  0.00000000E+00  0.10242825E+04  0.51256703E+05  0.12500000E+03  0.18623474E-02  0.69999999E+00  0.99999780E+03
  0.45000000E+01  0.50000000E+00  0.00000000E+00  0.00000000E+00  0.10000000E+04  0.00000000E+00  0.12500000E+03  0.68192508E-39  0.69999999E+00  0.10000000E+04
  0.42500000E+01  0.25000000E+00  0.00000000E+00  0.00000000E+00  0.10000018E+04  0.35083482E+01  0.12500000E+03 -0.74084828E-05  0.69999999E+00  0.10000000E+04
  0.45000000E+01  0.10000000E+01  0.00000000E+00  0.00000000E+00  0.10000000E+04  0.00000000E+00  0.12500000E+03 -0.31108826E-42  0.69999999E+00  0.10000000E+04
  0.42500000E+01  0.75000000E+00  0.00000000E+00  0.00000000E+00  0.10000944E+04  0.18529227E+03  0.12500000E+03 -0.10442676E-04  0.69999999E+00  0.10000000E+04
  0.45000000E+01  0.15000000E+01  0.00000000E+00  0.00000000E+00  0.10000000E+04  0.00000000E+00  0.12500000E+03 -0.13368387E-41  0.69999999E+00  0.10000000E+04
  0.42500000E+01  0.12500000E+01  0.00000000E+00  0.00000000E+00  0.10000066E+04  0.12864128E+02  0.12500000E+03  0.34267537E-05  0.69999999E+00  0.10000000E+04
  0.45000000E+01  0.20000000E+01  0.00000000E+00  0.00000000E+00  0.10000000E+04  0.00000000E+00  0.12500000E+03  0.12919972E-41  0.69999999E+00  0.10000000E+04
  0.42500000E+01  0.17500000E+01  0.00000000E+00  0.00000000E+00  0.10000031E+04  0.60811610E+01  0.12500000E+03 -0.35628464E-05  0.69999999E+00  0.10000000E+04
  0.50000000E+01  0.50000000E+00  0.00000000E+00  0.00000000E+00  0.10000000E+04  0.00000000E+00  0.12500000E+03  0.00000000E+00  0.69999999E+00  0.10000000E+04
  0.47500000E+01  0.25000000E+00  0.00000000E+00  0.00000000E+00  0.10000000E+04  0.00000000E+00  0.12500000E+03  0.22879561E-39  0.69999999E+00  0.10000000E+04
  0.50000000E+01  0.10000000E+01  0.00000000E+00  0.00000000E+00  0.10000000E+04  0.00000000E+00  0.12500000E+03  0.00000000E+00  0.69999999E+00  0.10000000E+04
  0.47500000E+01  0.75000000E+00  0.00000000E+00  0.00000000E+00  0.10000000E+04  0.00000000E+00  0.12500000E+03  0.36433760E-43  0.69999999E+00  0.10000000E+04
  0.50000000E+01  0.15000000E+01  0.00000000E+00  0.00000000E+00  0.10000000E+04  0.00000000E+00  0.12500000E+03 -0.89402842E-42  0.69999999E+00  0.10000000E+04
  0.47500000E+01  0.12500000E+01  0.00000000E+00  0.00000000E+00  0.10000000E+04  0.00000000E+00  0.12500000E+03 -0.84918687E-42  0.69999999E+00  0.10000000E+04
  0.50000000E+01  0.20000000E+01  0.00000000E+00  0.00000000E+00  0.10000000E+04  0.00000000E+00  0.12500000E+03  0.83517388E-42  0.69999999E+00  0.10000000E+04
  0.47500000E+01  0.17500000E+01  0.00000000E+00  0.00000000E+00  0.10000000E+04  0.00000000E+00  0.12500000E+03  0.00000000E+00  0.69999999E+00  0.10000000E+04
  0.25761273E+01  0.90217042E+00  0.84841919E+00 -0.39969057E+00  0.10034096E+04  0.67585005E+04  0.12576698E+03  0.12576674E+03  0.10000000E+01  0.00000000E+00
  0.90057671E+00  0.95630014E+00 -0.75661647E+00  0.12296185E+01  0.10023639E+04  0.46710332E+04  0.12561582E+03  0.12561256E+03  0.10000000E+01  0.00000000E+00
  0.15653861E+01  0.96646523E+00  0.75647974E+00 -0.41631579E-01  0.10057008E+04  0.11378142E+05  0.12546356E+03  0.12546333E+03  0.10000000E+01  0.00000000E+00
  0.15298979E+01  0.15301080E+01  0.10384505E+01  0.30304810E+00  0.10029868E+04  0.59128501E+04  0.12531018E+03  0.12531027E+03  0.10000000E+01  0.00000000E+00
  0.27978826E+01  0.14834605E+01 -0.14162484E+00 -0.14907131E+00  0.10033319E+04  0.66028950E+04  0.12515567E+03  0.12515567E+03  0.10000000E+01  0.00000000E+00
  0.25244741E+01  0.15763245E+01 -0.12656150E+01 -0.42471308E+00  0.10009313E+04  0.18322505E+04  0.12500000E+03  0.12500000E+03  0.10000000E+01  0.00000000E+00
  0.28212247E+01  0.94077170E+00  0.15158314E+00  0.37947394E-01  0.10043702E+04  0.86875947E+04  0.12576698E+03  0.12575461E+03  0.10000000E+01  0.00000000E+00
  0.90149701E+00  0.11326313E+01  0.26984143E+00  0.61770630E+00  0.10040721E+04  0.80876670E+04  0.12561582E+03  0.12560624E+03  0.10000000E+01  0.00000000E+00
  0.93727481E+00  0.93174815E+00  0.75225329E+00 -0.54344249E+00  0.10028827E+04  0.57050435E+04  0.12546356E+03  0.12546037E+03  0.10000000E+01  0.00000000E+00
  0.25257919E+01  0.13327175E+01  0.67694646E+00  0.34290962E-01  0.99991534E+03 -0.16601877E+03  0.12531018E+03  0.12531038E+03  0.10000000E+01  0.00000000E+00
  0.12662359E+01  0.88304603E+00 -0.25286847E+00 -0.11598082E+00  0.10051326E+04  0.10226705E+05  0.12515567E+03  0.12515535E+03  0.10000000E+01  0.00000000E+00
  0.71359169E+00  0.80288577E+00  0.46649826E+00  0.52528846E+00  0.10100547E+04  0.20332467E+05  0.12500000E+03  0.12500000E+03  0.10000000E+01  0.00000000E+00
  0.20400817E+01  0.99419415E+00 -0.92309356E-01 -0.33571097E+00  0.10045428E+04  0.90354229E+04  0.12576698E+03  0.12575644E+03  0.10000000E+01  0.00000000E+00
  0.27785776E+01  0.89212441E+00  0.19754535E+00 -0.90689495E-01  0.10045502E+04  0.90503242E+04  0.12561582E+03  0.12561059E+03  0.10000000E+01  0.00000000E+00
  0.28436937E+01  0.12823375E+01 -0.75465059E+00  0.62558866E+00  0.10034645E+04  0.68685659E+04  0.12546356E+03  0.12546005E+03  0.10000000E+01  0.00000000E+00
  0.20235655E+01  0.11045359E+01 -0.60859907E+00 -0.41692889E+00  0.10047632E+04  0.94800977E+04  0.12531018E+03  0.12531018E+03  0.10000000E+01  0.00000000E+00
  0.28969336E+01  0.75478065E+00  0.70864701E+00 -0.30524895E-01  0.10070157E+04  0.14057935E+05  0.12515567E+03  0.12515553E+03  0.10000000E+01  0.00000000E+00
  0.10716815E+01  0.17247231E+01 -0.57898819E+00  0.82911396E+00  0.10083049E+04  0.16705955E+05  0.12500000E+03  0.12499989E+03  0.10000000E+01  0.00000000E+00
  0.92001474E+00  0.15971547E+01  0.37816757E+00  0.28840667E+00  0.10076638E+04  0.15386383E+05  0.12576698E+03  0.12576566E+03  0.10000000E+01  0.00000000E+00
  0.28163552E+01  0.91674280E+00 -0.43541890E+00 -0.86509013E+00  0.10043448E+04  0.86364600E+04  0.12561582E+03  0.12561228E+03  0.10000000E+01  0.00000000E+00
  0.14827917E+01  0.12640276E+01  0.43703169E+00  0.29673493E+00  0.10054327E+04  0.10834311E+05  0.12546356E+03  0.12546202E+03  0.10000000E+01  0.00000000E+00
  0.21228397E+01  0.10191560E+01 -0.37826252E+00  0.44543999E+00  0.10046505E+04  0.92525166E+04  0.12531018E+03  0.12530890E+03  0.10000000E+01  0.00000000E+00
  0.10620235E+01  0.20027575E+01  0.74422574E+00  0.18386853E+00  0.10060745E+04  0.12137427E+05  0.12515567E+03  0.12515567E+03  0.10000000E+01  0.00000000E+00
  0.14136496E+01  0.85698271E+00 -0.27190486E+00 -0.30101401E+00  0.10061302E+04  0.12250956E+05  0.12500000E+03  0.12500012E+03  0.10000000E+01  0.00000000E+00
  0.87610137E+00  0.16957681E+01  0.36115187E+00  0.54964578E+00  0.10078024E+04  0.15671263E+05  0.12561582E+03  0.12561399E+03  0.10000000E+01  0.00000000E+00
  0.77305484E+00  0.20592208E+01  0.33651739E+00  0.23506141E+00  0.10019161E+04  0.37812065E+04  0.12531018E+03  0.12531004E+03  0.10000000E+01  0.00000000E+00
  0.21786759E+01  0.16927931E+01 -0.91859055E+00 -0.24330737E+00  0.99871124E+03 -0.25188147E+04  0.12500000E+03  0.12500000E+03  0.10000000E+01  0.00000000E+00
