  0.00000000E+00  0.00000000E+00  0.00000000E+00  0.00000000E+00  0.10011443E+04  0.22528188E+04  0.12500000E+03  0.19270834E-02  0.69999999E+00  0.99999780E+03
  0.00000000E+00  0.50000000E+00  0.00000000E+00  0.00000000E+00  0.10047815E+04  0.95169199E+04  0.12500000E+03  0.14772378E-02  0.69999999E+00  0.99999829E+03
  0.00000000E+00  0.10000000E+01  0.00000000E+00  0.00000000E+00  0.10255587E+04  0.54159246E+05  0.12500000E+03  0.24029354E-02  0.69999999E+00  0.99999719E+03
  0.00000000E+00  0.15000000E+01  0.00000000E+00  0.00000000E+00  0.10409193E+04  0.90839453E+05  0.12500000E+03  0.89910056E-03  0.69999999E+00  0.99999890E+03
  0.00000000E+00  0.20000000E+01  0.00000000E+00  0.00000000E+00  0.10157125E+04  0.32319734E+05  0.12500000E+03 -0.70460164E-03  0.69999999E+00  0.10000008E+04
  0.00000000E+00  0.25000000E+01  0.00000000E+00  0.00000000E+00  0.10002494E+04  0.48966122E+03  0.12500000E+03  0.12051799E-03  0.69999999E+00  0.99999988E+03
  0.00000000E+00  0.30000000E+01  0.00000000E+00  0.00000000E+00  0.10000000E+04  0.00000000E+00  0.12500000E+03  0.00000000E+00  0.69999999E+00  0.10000000E+04
  0.00000000E+00  0.35000000E+01  0.00000000E+00  0.00000000E+00  0.10000000E+04  0.00000000E+00  0.12500000E+03  0.00000000E+00  0.69999999E+00  0.10000000E+04
  0.00000000E+00  0.40000000E+01  0.00000000E+00  0.00000000E+00  0.10000000E+04  0.00000000E+00  0.12500000E+03  0.00000000E+00  0.69999999E+00  0.10000000E+04
 -0.25000000E+00 -0.25000000E+00  0.00000000E+00  0.00000000E+00  0.10006414E+04  0.12607445E+04  0.12500000E+03  0.52005530E-03  0.69999999E+00  0.99999939E+03
 -0.25000000E+00  0.25000000E+00  0.00000000E+00  0.00000000E+00  0.10011486E+04  0.22612969E+04  0.12500000E+03  0.76647551E-03  0.69999999E+00  0.99999915E+03
 -0.25000000E+00  0.75000000E+00  0.00000000E+00  0.00000000E+00  0.10003590E+04  0.70523187E+03  0.12500000E+03  0.18197086E-04  0.69999999E+00  0.10000000E+04
 -0.25000000E+00  0.12500000E+01  0.00000000E+00  0.00000000E+00  0.10032360E+04  0.64108745E+04  0.12500000E+03  0.79565245E-03  0.69999999E+00  0.99999908E+03
 -0.25000000E+00  0.17500000E+01  0.00000000E+00  0.00000000E+00  0.10016057E+04  0.31656973E+04  0.12500000E+03 -0.21323285E-03  0.69999999E+00  0.10000002E+04
 -0.25000000E+00  0.22500000E+01  0.00000000E+00  0.00000000E+00  0.10004747E+04  0.93267188E+03  0.12500000E+03 -0.88390792E-04  0.69999999E+00  0.10000001E+04
 -0.25000000E+00  0.27500000E+01  0.00000000E+00  0.00000000E+00  0.10000000E+04  0.00000000E+00  0.12500000E+03  0.00000000E+00  0.69999999E+00  0.10000000E+04
 -0.25000000E+00  0.32500000E+01  0.00000000E+00  0.00000000E+00  0.10000000E+04  0.00000000E+00  0.12500000E+03  0.00000000E+00  0.69999999E+00  0.10000000E+04
 -0.25000000E+00  0.37500000E+01  0.00000000E+00  0.00000000E+00  0.10000000E+04  0.00000000E+00  0.12500000E+03  0.00000000E+00  0.69999999E+00  0.10000000E+04
  0.80000000E+01  0.00000000E+00  0.00000000E+00  0.00000000E+00  0.10000000E+04  0.00000000E+00  0.12500000E+03  0.00000000E+00  0.69999999E+00  0.10000000E+04
  0.80000000E+01  0.50000000E+00  0.00000000E+00  0.00000000E+00  0.10000000E+04  0.00000000E+00  0.12500000E+03  0.00000000E+00  0.69999999E+00  0.10000000E+04
  0.80000000E+01  0.10000000E+01  0.00000000E+00  0.00000000E+00  0.10000000E+04  0.00000000E+00  0.12500000E+03  0.00000000E+00  0.69999999E+00  0.10000000E+04
  0.80000000E+01  0.15000000E+01  0.00000000E+00  0.00000000E+00  0.10000000E+04  0.00000000E+00  0.12500000E+03  0.00000000E+00  0.69999999E+00  0.10000000E+04
  0.80000000E+01  0.20000000E+01  0.00000000E+00  0.00000000E+00  0.10000000E+04  0.00000000E+00  0.12500000E+03  0.00000000E+00  0.69999999E+00  0.10000000E+04
  0.80000000E+01  0.25000000E+01  0.00000000E+00  0.00000000E+00  0.10000000E+04  0.00000000E+00  0.12500000E+03  0.00000000E+00  0.69999999E+00  0.10000000E+04
  0.80000000E+01  0.30000000E+01  0.00000000E+00  0.00000000E+00  0.10000000E+04  0.00000000E+00  0.12500000E+03  0.00000000E+00  0.69999999E+00  0.10000000E+04
  0.80000000E+01  0.35000000E+01  0.00000000E+00  0.00000000E+00  0.10000000E+04  0.00000000E+00  0.12500000E+03  0.00000000E+00  0.69999999E+00  0.10000000E+04
  0.80000000E+01  0.40000000E+01  0.00000000E+00  0.00000000E+00  0.10000000E+04  0.00000000E+00  0.12500000E+03  0.00000000E+00  0.69999999E+00  0.10000000E+04
  0.82500000E+01 -0.25000000E+00  0.00000000E+00  0.00000000E+00  0.10000000E+04  0.00000000E+00  0.12500000E+03  0.00000000E+00  0.69999999E+00  0.10000000E+04
  0.82500000E+01  0.25000000E+00  0.00000000E+00  0.00000000E+00  0.10000000E+04  0.00000000E+00  0.12500000E+03  0.00000000E+00  0.69999999E+00  0.10000000E+04
  0.82500000E+01  0.75000000E+00  0.00000000E+00  0.00000000E+00  0.10000000E+04  0.00000000E+00  0.12500000E+03  0.00000000E+00  0.69999999E+00  0.10000000E+04
  0.82500000E+01  0.12500000E+01  0.00000000E+00  0.00000000E+00  0.10000000E+04  0.00000000E+00  0.12500000E+03  0.00000000E+00  0.69999999E+00  0.10000000E+04
  0.82500000E+01  0.17500000E+01  0.00000000E+00  0.00000000E+00  0.10000000E+04  0.00000000E+00  0.12500000E+03  0.00000000E+00  0.69999999E+00  0.10000000E+04
  0.82500000E+01  0.22500000E+01  0.00000000E+00  0.00000000E+00  0.10000000E+04  0.00000000E+00  0.12500000E+03  0.00000000E+00  0.69999999E+00  0.10000000E+04
  0.82500000E+01  0.27500000E+01  0.00000000E+00  0.00000000E+00  0.10000000E+04  0.00000000E+00  0.12500000E+03  0.00000000E+00  0.69999999E+00  0.10000000E+04
  0.82500000E+01  0.32500000E+01  0.00000000E+00  0.00000000E+00  0.10000000E+04  0.00000000E+00  0.12500000E+03  0.00000000E+00  0.69999999E+00  0.10000000E+04
  0.82500000E+01  0.37500000E+01  0.00000000E+00  0.00000000E+00  0.10000000E+04  0.00000000E+00  0.12500000E+03  0.00000000E+00  0.69999999E+00  0.10000000E+04
  0.50000000E+00  0.00000000E+00  0.00000000E+00  0.00000000E+00  0.10185951E+04  0.38583094E+05  0.12500000E+03  0.92423502E-02  0.69999999E+00  0.99998926E+03
  0.10000000E+01  0.00000000E+00  0.00000000E+00  0.00000000E+00  0.10307666E+04  0.66230328E+05  0.12500000E+03  0.40960829E-02  0.69999999E+00  0.99999518E+03
  0.15000000E+01  0.00000000E+00  0.00000000E+00  0.00000000E+00  0.10509558E+04  0.11662429E+06  0.12500000E+03  0.16765941E-01  0.69999999E+00  0.99997986E+03
  0.20000000E+01  0.00000000E+00  0.00000000E+00  0.00000000E+00  0.11697839E+04  0.55983281E+06  0.12500000E+03  0.18666407E-01  0.69999999E+00  0.99997504E+03
  0.25000000E+01  0.00000000E+00  0.00000000E+00  0.00000000E+00  0.10469929E+04  0.10626556E+06  0.12500000E+03  0.24890173E-02  0.69999999E+00  0.99999701E+03
  0.30000000E+01  0.00000000E+00  0.00000000E+00  0.00000000E+00  0.10900879E+04  0.23237681E+06  0.12500000E+03  0.43250388E-02  0.69999999E+00  0.99999463E+03
  0.35000000E+01  0.00000000E+00  0.00000000E+00  0.00000000E+00  0.10130549E+04  0.26639123E+05  0.12500000E+03  0.16609698E-02  0.69999999E+00  0.99999811E+03
  0.40000000E+01  0.00000000E+00  0.00000000E+00  0.00000000E+00  0.10000137E+04  0.26898298E+02  0.12500000E+03 -0.68247195E-04  0.69999999E+00  0.10000001E+04
  0.45000000E+01  0.00000000E+00  0.00000000E+00  0.00000000E+00  0.10000000E+04  0.00000000E+00  0.12500000E+03  0.19898438E-42  0.69999999E+00  0.10000000E+04
  0.50000000E+01  0.00000000E+00  0.00000000E+00  0.00000000E+00  0.10000000E+04  0.00000000E+00  0.12500000E+03  0.00000000E+00  0.69999999E+00  0.10000000E+04
  0.55000000E+01  0.00000000E+00  0.00000000E+00  0.00000000E+00  0.10000000E+04  0.00000000E+00  0.12500000E+03  0.00000000E+00  0.69999999E+00  0.10000000E+04
  0.60000000E+01  0.00000000E+00  0.00000000E+00  0.00000000E+00  0.10000000E+04  0.00000000E+00  0.12500000E+03  0.00000000E+00  0.69999999E+00  0.10000000E+04
  0.65000000E+01  0.00000000E+00  0.00000000E+00  0.00000000E+00  0.10000000E+04  0.00000000E+00  0.12500000E+03  0.00000000E+00  0.69999999E+00  0.10000000E+04
  0.70000000E+01  0.00000000E+00  0.00000000E+00  0.00000000E+00  0.10000000E+04  0.00000000E+00  0.12500000E+03  0.00000000E+00  0.69999999E+00  0.10000000E+04
  0.75000000E+01  0.00000000E+00  0.00000000E+00  0.00000000E+00  0.10000000E+04  0.00000000E+00  0.12500000E+03  0.00000000E+00  0.69999999E+00  0.10000000E+04
  0.25000000E+00 -0.25000000E+00  0.00000000E+00  0.00000000E+00  0.10054065E+04  0.10781159E+05  0.12500000E+03  0.27978937E-02  0.69999999E+00  0.99999677E+03
  0.75000000E+00 -0.25000000E+00  0.00000000E+00  0.00000000E+00  0.10212367E+04  0.44416863E+05  0.12500000E+03  0.70396285E-02  0.69999999E+00  0.99999176E+03
  0.12500000E+01 -0.25000000E+00  0.00000000E+00  0.00000000E+00  0.10095267E+04  0.19234213E+05  0.12500000E+03  0.57522319E-02  0.69999999E+00  0.99999335E+03
  0.17500000E+01 -0.25000000E+00  0.00000000E+00  0.00000000E+00  0.10171068E+04  0.35335934E+05  0.12500000E+03  0.87251738E-02  0.69999999E+00  0.99998987E+03
  0.22500000E+01 -0.25000000E+00  0.00000000E+00  0.00000000E+00  0.10000391E+04  0.76724472E+02  0.12500000E+03  0.77533359E-02  0.69999999E+00  0.99999115E+03
  0.27500000E+01 -0.25000000E+00  0.00000000E+00  0.00000000E+00  0.10098384E+04  0.19881986E+05  0.12500000E+03  0.18421914E-02  0.69999999E+00  0.99999786E+03
  0.32500000E+01 -0.25000000E+00  0.00000000E+00  0.00000000E+00  0.10036273E+04  0.71946772E+04  0.12500000E+03  0.17170480E-02  0.69999999E+00  0.99999805E+03
  0.37500000E+01 -0.25000000E+00  0.00000000E+00  0.00000000E+00  0.10000070E+04  0.13565822E+02  0.12500000E+03 -0.15574685E-03  0.69999999E+00  0.10000002E+04
  0.42500000E+01 -0.25000000E+00  0.00000000E+00  0.00000000E+00  0.10000000E+04  0.00000000E+00  0.12500000E+03 -0.81040173E-39  0.69999999E+00  0.10000000E+04
  0.47500000E+01 -0.25000000E+00  0.00000000E+00  0.00000000E+00  0.10000000E+04  0.00000000E+00  0.12500000E+03 -0.14012985E-42  0.69999999E+00  0.10000000E+04
  0.52500000E+01 -0.25000000E+00  0.00000000E+00  0.00000000E+00  0.10000000E+04  0.00000000E+00  0.12500000E+03  0.00000000E+00  0.69999999E+00  0.10000000E+04
  0.57500000E+01 -0.25000000E+00  0.00000000E+00  0.00000000E+00  0.10000000E+04  0.00000000E+00  0.12500000E+03  0.00000000E+00  0.69999999E+00  0.10000000E+04
  0.62500000E+01 -0.25000000E+00  0.00000000E+00  0.00000000E+00  0.10000000E+04  0.00000000E+00  0.12500000E+03  0.00000000E+00  0.69999999E+00  0.10000000E+04
  0.67500000E+01 -0.25000000E+00  0.00000000E+00  0.00000000E+00  0.10000000E+04  0.00000000E+00  0.12500000E+03  0.00000000E+00  0.69999999E+00  0.10000000E+04
  0.72500000E+01 -0.25000000E+00  0.00000000E+00  0.00000000E+00  0.10000000E+04  0.00000000E+00  0.12500000E+03  0.00000000E+00  0.69999999E+00  0.10000000E+04
  0.77500000E+01 -0.25000000E+00  0.00000000E+00  0.00000000E+00  0.10000000E+04  0.00000000E+00  0.12500000E+03  0.00000000E+00  0.69999999E+00  0.10000000E+04
  0.40000000E+01  0.50000000E+00  0.00000000E+00  0.00000000E+00  0.10015721E+04  0.30991094E+04  0.12500000E+03 -0.17115731E-03  0.69999999E+00  0.10000002E+04
  0.37500000E+01  0.25000000E+00  0.00000000E+00  0.00000000E+00  0.10090831E+04  0.18314180E+05  0.12500000E+03 -0.71711623E-03  0.69999999E+00  0.10000009E+04
  0.40000000E+01  0.10000000E+01  0.00000000E+00  0.00000000E+00  0.10037875E+04  0.75160811E+04  0.12500000E+03 -0.83505889E-04  0.69999999E+00  0.10000001E+04
  0.37500000E+01  0.75000000E+00  0.00000000E+00  0.00000000E+00  0.10549290E+04  0.12724777E+06  0.12500000E+03  0.69059886E-03  0.69999999E+00  0.99999915E+03
  0.40000000E+01  0.15000000E+01  0.00000000E+00  0.00000000E+00  0.10002181E+04  0.42829642E+03  0.12500000E+03  0.16540507E-03  0.69999999E+00  0.99999982E+03
  0.37500000E+01  0.12500000E+01  0.00000000E+00  0.00000000E+00  0.10172802E+04  0.35712633E+05  0.12500000E+03  0.25862473E-03  0.69999999E+00  0.99999969E+03
  0.40000000E+01  0.20000000E+01  0.00000000E+00  0.00000000E+00  0.10001971E+04  0.38708069E+03  0.12500000E+03  0.17249225E-03  0.69999999E+00  0.99999982E+03
  0.37500000E+01  0.17500000E+01  0.00000000E+00  0.00000000E+00  0.10223301E+04  0.46858191E+05  0.12500000E+03  0.91197813E-03  0.69999999E+00  0.99999896E+03
  0.45000000E+01  0.50000000E+00  0.00000000E+00  0.00000000E+00  0.10000000E+04  0.00000000E+00  0.12500000E+03  0.98090893E-42  0.69999999E+00  0.10000000E+04
  0.42500000E+01  0.25000000E+00  0.00000000E+00  0.00000000E+00  0.10000018E+04  0.35083482E+01  0.12500000E+03 -0.74084828E-05  0.69999999E+00  0.10000000E+04
  0.45000000E+01  0.10000000E+01  0.00000000E+00  0.00000000E+00  0.10000000E+04  0.00000000E+00  0.12500000E+03 -0.00000000E+00  0.69999999E+00  0.10000000E+04
  0.42500000E+01  0.75000000E+00  0.00000000E+00  0.00000000E+00  0.10000944E+04  0.18529227E+03  0.12500000E+03 -0.75637886E-05  0.69999999E+00  0.10000000E+04
  0.45000000E+01  0.15000000E+01  0.00000000E+00  0.00000000E+00  0.10000000E+04  0.00000000E+00  0.12500000E+03  0.00000000E+00  0.69999999E+00  0.10000000E+04
  0.42500000E+01  0.12500000E+01  0.00000000E+00  0.00000000E+00  0.10000066E+04  0.12864128E+02  0.12500000E+03  0.34267537E-05  0.69999999E+00  0.10000000E+04
  0.45000000E+01  0.20000000E+01  0.00000000E+00  0.00000000E+00  0.10000000E+04  0.00000000E+00  0.12500000E+03  0.00000000E+00  0.69999999E+00  0.10000000E+04
  0.42500000E+01  0.17500000E+01  0.00000000E+00  0.00000000E+00  0.10000031E+04  0.60811610E+01  0.12500000E+03  0.28991612E-05  0.69999999E+00  0.10000000E+04
  0.50000000E+01  0.50000000E+00  0.00000000E+00  0.00000000E+00  0.10000000E+04  0.00000000E+00  0.12500000E+03  0.00000000E+00  0.69999999E+00  0.10000000E+04
  0.47500000E+01  0.25000000E+00  0.00000000E+00  0.00000000E+00  0.10000000E+04  0.00000000E+00  0.12500000E+03  0.13452465E-42  0.69999999E+00  0.10000000E+04
  0.50000000E+01  0.10000000E+01  0.00000000E+00  0.00000000E+00  0.10000000E+04  0.00000000E+00  0.12500000E+03  0.00000000E+00  0.69999999E+00  0.10000000E+04
  0.47500000E+01  0.75000000E+00  0.00000000E+00  0.00000000E+00  0.10000000E+04  0.00000000E+00  0.12500000E+03  0.00000000E+00  0.69999999E+00  0.10000000E+04
  0.50000000E+01  0.15000000E+01  0.00000000E+00  0.00000000E+00  0.10000000E+04  0.00000000E+00  0.12500000E+03 -0.00000000E+00  0.69999999E+00  0.10000000E+04
  0.47500000E+01  0.12500000E+01  0.00000000E+00  0.00000000E+00  0.10000000E+04  0.00000000E+00  0.12500000E+03 -0.00000000E+00  0.69999999E+00  0.10000000E+04
  0.50000000E+01  0.20000000E+01  0.00000000E+00  0.00000000E+00  0.10000000E+04  0.00000000E+00  0.12500000E+03  0.00000000E+00  0.69999999E+00  0.10000000E+04
  0.47500000E+01  0.17500000E+01  0.00000000E+00  0.00000000E+00  0.10000000E+04  0.00000000E+00  0.12500000E+03  0.00000000E+00  0.69999999E+00  0.10000000E+04
  0.26656005E+01  0.11414697E+01 -0.68279934E+00 -0.51446652E+00  0.10192043E+04  0.39920625E+05  0.12576698E+03  0.12576674E+03  0.10000000E+01  0.00000000E+00
  0.16507248E+01  0.95224380E+00  0.19759908E+00 -0.21516241E+00  0.10132086E+04  0.26964900E+05  0.12561582E+03  0.12561256E+03  0.10000000E+01  0.00000000E+00
  0.11775020E+01  0.93306458E+00 -0.66313422E+00  0.93194580E+00  0.10089126E+04  0.17961004E+05  0.12546356E+03  0.12546333E+03  0.10000000E+01  0.00000000E+00
  0.93042111E+00  0.10175158E+01 -0.44123742E+00  0.16080623E+01  0.10100114E+04  0.20242324E+05  0.12531018E+03  0.12531018E+03  0.10000000E+01  0.00000000E+00
  0.11800344E+01  0.15390369E+01  0.29701555E+01  0.30537450E+01  0.10007763E+04  0.15266344E+04  0.12515567E+03  0.12515567E+03  0.10000000E+01  0.00000000E+00
  0.23476715E+01  0.19407837E+01 -0.19361889E+00 -0.97089565E+00  0.99721295E+03 -0.54226904E+04  0.12500000E+03  0.12500000E+03  0.10000000E+01  0.00000000E+00
  0.26328340E+01  0.12114956E+01 -0.77485538E+00 -0.43673247E+00  0.10187700E+04  0.38966512E+05  0.12576698E+03  0.12575494E+03  0.10000000E+01  0.00000000E+00
  0.16838917E+01  0.10007629E+01 -0.35249913E+00 -0.10941122E+01  0.10073702E+04  0.14784085E+05  0.12561582E+03  0.12560624E+03  0.10000000E+01  0.00000000E+00
  0.15958145E+01  0.12469473E+01 -0.10454823E+00  0.18623422E+00  0.10073424E+04  0.14727139E+05  0.12546356E+03  0.12546037E+03  0.10000000E+01  0.00000000E+00
  0.22438014E+01  0.15698320E+01 -0.10866938E+01  0.15121508E+01  0.98145703E+03 -0.34418812E+05  0.12531018E+03  0.12531038E+03  0.10000000E+01  0.00000000E+00
  0.11843553E+01  0.12184504E+01 -0.27514014E+01 -0.34320030E+00  0.98674249E+03 -0.24999248E+05  0.12515567E+03  0.12515567E+03  0.10000000E+01  0.00000000E+00
  0.84563112E+00  0.92359209E+00 -0.26895285E-01  0.59745193E+00  0.10146095E+04  0.29951078E+05  0.12500000E+03  0.12500000E+03  0.10000000E+01  0.00000000E+00
  0.24261544E+01  0.16549647E+01 -0.18324237E+01 -0.13856090E+01  0.99769086E+03 -0.44992754E+04  0.12576698E+03  0.12575644E+03  0.10000000E+01  0.00000000E+00
  0.26039684E+01  0.15342833E+01 -0.45317987E+00 -0.83705580E+00  0.99967291E+03 -0.64116095E+03  0.12561582E+03  0.12561089E+03  0.10000000E+01  0.00000000E+00
  0.28257666E+01  0.94357228E+00 -0.52516475E-01  0.75249994E+00  0.10059302E+04  0.11844075E+05  0.12546356E+03  0.12546005E+03  0.10000000E+01  0.00000000E+00
  0.27072704E+01  0.86701047E+00 -0.20178022E+01 -0.12102308E+01  0.99407715E+03 -0.11416184E+05  0.12531018E+03  0.12531018E+03  0.10000000E+01  0.00000000E+00
  0.29120736E+01  0.73607993E+00 -0.88709068E+00  0.21040580E+01  0.10059813E+04  0.11948053E+05  0.12515567E+03  0.12515553E+03  0.10000000E+01  0.00000000E+00
  0.16810405E+01  0.16151576E+01 -0.33468199E+01  0.47458568E+00  0.10131265E+04  0.26790846E+05  0.12500000E+03  0.12500000E+03  0.10000000E+01  0.00000000E+00
  0.13076870E+01  0.83484566E+00  0.53028512E+00  0.14835533E+00  0.10108453E+04  0.21983451E+05  0.12576698E+03  0.12576566E+03  0.10000000E+01  0.00000000E+00
  0.26041527E+01  0.15270839E+01 -0.47740579E+00 -0.70252693E+00  0.99934418E+03 -0.12842095E+04  0.12561582E+03  0.12561221E+03  0.10000000E+01  0.00000000E+00
  0.27236366E+01  0.73212755E+00  0.37845486E+00  0.14278260E+01  0.10054394E+04  0.10847841E+05  0.12546356E+03  0.12546202E+03  0.10000000E+01  0.00000000E+00
  0.18072944E+01  0.90210080E+00 -0.27090532E+00 -0.14978822E+01  0.10037967E+04  0.75345039E+04  0.12531018E+03  0.12530890E+03  0.10000000E+01  0.00000000E+00
  0.20377831E+01  0.19810491E+01 -0.23084457E+01 -0.60418129E+00  0.10107782E+04  0.21842996E+05  0.12515567E+03  0.12515567E+03  0.10000000E+01  0.00000000E+00
  0.21793804E+01  0.89334714E+00 -0.39982314E+01  0.17649151E+01  0.10217461E+04  0.45552266E+05  0.12500000E+03  0.12500012E+03  0.10000000E+01  0.00000000E+00
  0.17302787E+01  0.16029968E+01 -0.21639979E+00  0.13413175E+01  0.10080556E+04  0.16192149E+05  0.12561582E+03  0.12561399E+03  0.10000000E+01  0.00000000E+00
  0.28434534E+01  0.17918608E+01  0.29224581E+00 -0.23874185E+01  0.99582233E+03 -0.80946104E+04  0.12531018E+03  0.12531004E+03  0.10000000E+01  0.00000000E+00
  0.85105014E+00  0.15692372E+01  0.16071508E+01  0.23018985E+01  0.10041075E+04  0.81588540E+04  0.12500000E+03  0.12500000E+03  0.10000000E+01  0.00000000E+00
