  0.00000000E+00  0.00000000E+00  0.00000000E+00  0.00000000E+00  0.10015696E+04  0.30941511E+04  0.12500000E+03  0.20991804E-02  0.69999999E+00  0.99999762E+03
  0.00000000E+00  0.50000000E+00  0.00000000E+00  0.00000000E+00  0.10319399E+04  0.69000984E+05  0.12500000E+03  0.20348816E-02  0.69999999E+00  0.99999762E+03
  0.00000000E+00  0.10000000E+01  0.00000000E+00  0.00000000E+00  0.10314656E+04  0.67878398E+05  0.12500000E+03  0.28769046E-02  0.69999999E+00  0.99999658E+03
  0.00000000E+00  0.15000000E+01  0.00000000E+00  0.00000000E+00  0.10107537E+04  0.21791617E+05  0.12500000E+03  0.99504739E-03  0.69999999E+00  0.99999884E+03
  0.00000000E+00  0.20000000E+01  0.00000000E+00  0.00000000E+00  0.10259839E+04  0.55131133E+05  0.12500000E+03 -0.10792001E-02  0.69999999E+00  0.10000013E+04
  0.00000000E+00  0.25000000E+01  0.00000000E+00  0.00000000E+00  0.10034713E+04  0.68819390E+04  0.12500000E+03  0.31360361E-03  0.69999999E+00  0.99999963E+03
  0.00000000E+00  0.30000000E+01  0.00000000E+00  0.00000000E+00  0.10000000E+04  0.00000000E+00  0.12500000E+03  0.60528782E-05  0.69999999E+00  0.10000000E+04
  0.00000000E+00  0.35000000E+01  0.00000000E+00  0.00000000E+00  0.10000000E+04  0.00000000E+00  0.12500000E+03  0.00000000E+00  0.69999999E+00  0.10000000E+04
  0.00000000E+00  0.40000000E+01  0.00000000E+00  0.00000000E+00  0.10000000E+04  0.00000000E+00  0.12500000E+03  0.00000000E+00  0.69999999E+00  0.10000000E+04
 -0.25000000E+00 -0.25000000E+00  0.00000000E+00  0.00000000E+00  0.10006414E+04  0.12607445E+04  0.12500000E+03  0.52005530E-03  0.69999999E+00  0.99999939E+03
 -0.25000000E+00  0.25000000E+00  0.00000000E+00  0.00000000E+00  0.10016566E+04  0.32665491E+04  0.12500000E+03  0.86836022E-03  0.69999999E+00  0.99999902E+03
 -0.25000000E+00  0.75000000E+00  0.00000000E+00  0.00000000E+00  0.10135320E+04  0.27652076E+05  0.12500000E+03  0.18186786E-03  0.69999999E+00  0.99999982E+03
 -0.25000000E+00  0.12500000E+01  0.00000000E+00  0.00000000E+00  0.10040587E+04  0.80608262E+04  0.12500000E+03  0.92723622E-03  0.69999999E+00  0.99999896E+03
 -0.25000000E+00  0.17500000E+01  0.00000000E+00  0.00000000E+00  0.10013550E+04  0.26692083E+04  0.12500000E+03 -0.28619834E-03  0.69999999E+00  0.10000003E+04
 -0.25000000E+00  0.22500000E+01  0.00000000E+00  0.00000000E+00  0.10012557E+04  0.24730840E+04  0.12500000E+03 -0.14479831E-03  0.69999999E+00  0.10000002E+04
 -0.25000000E+00  0.27500000E+01  0.00000000E+00  0.00000000E+00  0.10000000E+04  0.00000000E+00  0.12500000E+03  0.00000000E+00  0.69999999E+00  0.10000000E+04
 -0.25000000E+00  0.32500000E+01  0.00000000E+00  0.00000000E+00  0.10000000E+04  0.00000000E+00  0.12500000E+03  0.00000000E+00  0.69999999E+00  0.10000000E+04
 -0.25000000E+00  0.37500000E+01  0.00000000E+00  0.00000000E+00  0.10000000E+04  0.00000000E+00  0.12500000E+03  0.00000000E+00  0.69999999E+00  0.10000000E+04
  0.80000000E+01  0.00000000E+00  0.00000000E+00  0.00000000E+00  0.10000000E+04  0.00000000E+00  0.12500000E+03  0.00000000E+00  0.69999999E+00  0.10000000E+04
  0.80000000E+01  0.50000000E+00  0.00000000E+00  0.00000000E+00  0.10000000E+04  0.00000000E+00  0.12500000E+03  0.00000000E+00  0.69999999E+00  0.10000000E+04
  0.80000000E+01  0.10000000E+01  0.00000000E+00  0.00000000E+00  0.10000000E+04  0.00000000E+00  0.12500000E+03  0.00000000E+00  0.69999999E+00  0.10000000E+04
  0.80000000E+01  0.15000000E+01  0.00000000E+00  0.00000000E+00  0.10000000E+04  0.00000000E+00  0.12500000E+03  0.00000000E+00  0.69999999E+00  0.10000000E+04
  0.80000000E+01  0.20000000E+01  0.00000000E+00  0.00000000E+00  0.10000000E+04  0.00000000E+00  0.12500000E+03  0.00000000E+00  0.69999999E+00  0.10000000E+04
  0.80000000E+01  0.25000000E+01  0.00000000E+00  0.00000000E+00  0.10000000E+04  0.00000000E+00  0.12500000E+03  0.00000000E+00  0.69999999E+00  0.10000000E+04
  0.80000000E+01  0.30000000E+01  0.00000000E+00  0.00000000E+00  0.10000000E+04  0.00000000E+00  0.12500000E+03  0.00000000E+00  0.69999999E+00  0.10000000E+04
  0.80000000E+01  0.35000000E+01  0.00000000E+00  0.00000000E+00  0.10000000E+04  0.00000000E+00  0.12500000E+03  0.00000000E+00  0.69999999E+00  0.10000000E+04
  0.80000000E+01  0.40000000E+01  0.00000000E+00  0.00000000E+00  0.10000000E+04  0.00000000E+00  0.12500000E+03  0.00000000E+00  0.69999999E+00  0.10000000E+04
  0.82500000E+01 -0.25000000E+00  0.00000000E+00  0.00000000E+00  0.10000000E+04  0.00000000E+00  0.12500000E+03  0.00000000E+00  0.69999999E+00  0.10000000E+04
  0.82500000E+01  0.25000000E+00  0.00000000E+00  0.00000000E+00  0.10000000E+04  0.00000000E+00  0.12500000E+03  0.00000000E+00  0.69999999E+00  0.10000000E+04
  0.82500000E+01  0.75000000E+00  0.00000000E+00  0.00000000E+00  0.10000000E+04  0.00000000E+00  0.12500000E+03  0.00000000E+00  0.69999999E+00  0.10000000E+04
  0.82500000E+01  0.12500000E+01  0.00000000E+00  0.00000000E+00  0.10000000E+04  0.00000000E+00  0.12500000E+03  0.00000000E+00  0.69999999E+00  0.10000000E+04
  0.82500000E+01  0.17500000E+01  0.00000000E+00  0.00000000E+00  0.10000000E+04  0.00000000E+00  0.12500000E+03  0.00000000E+00  0.69999999E+00  0.10000000E+04
  0.82500000E+01  0.22500000E+01  0.00000000E+00  0.00000000E+00  0.10000000E+04  0.00000000E+00  0.12500000E+03  0.00000000E+00  0.69999999E+00  0.10000000E+04
  0.82500000E+01  0.27500000E+01  0.00000000E+00  0.00000000E+00  0.10000000E+04  0.00000000E+00  0.12500000E+03  0.00000000E+00  0.69999999E+00  0.10000000E+04
  0.82500000E+01  0.32500000E+01  0.00000000E+00  0.00000000E+00  0.10000000E+04  0.00000000E+00  0.12500000E+03  0.00000000E+00  0.69999999E+00  0.10000000E+04
  0.82500000E+01  0.37500000E+01  0.00000000E+00  0.00000000E+00  0.10000000E+04  0.00000000E+00  0.12500000E+03  0.00000000E+00  0.69999999E+00  0.10000000E+04
  0.50000000E+00  0.00000000E+00  0.00000000E+00  0.00000000E+00  0.10379423E+04  0.83473008E+05  0.12500000E+03  0.10248132E-01  0.69999999E+00  0.99998785E+03
  0.10000000E+01  0.00000000E+00  0.00000000E+00  0.00000000E+00  0.10694829E+04  0.16827161E+06  0.12500000E+03  0.50723231E-02  0.69999999E+00  0.99999377E+03
  0.15000000E+01  0.00000000E+00  0.00000000E+00  0.00000000E+00  0.10326912E+04  0.70784562E+05  0.12500000E+03  0.18327095E-01  0.69999999E+00  0.99997839E+03
  0.20000000E+01  0.00000000E+00  0.00000000E+00  0.00000000E+00  0.11407773E+04  0.42441903E+06  0.12500000E+03  0.20726094E-01  0.69999999E+00  0.99997296E+03
  0.25000000E+01  0.00000000E+00  0.00000000E+00  0.00000000E+00  0.10236726E+04  0.49877328E+05  0.12500000E+03  0.40679132E-02  0.69999999E+00  0.99999524E+03
  0.30000000E+01  0.00000000E+00  0.00000000E+00  0.00000000E+00  0.10340286E+04  0.73979586E+05  0.12500000E+03  0.58426857E-02  0.69999999E+00  0.99999310E+03
  0.35000000E+01  0.00000000E+00  0.00000000E+00  0.00000000E+00  0.10055071E+04  0.10985113E+05  0.12500000E+03  0.22352657E-02  0.69999999E+00  0.99999744E+03
  0.40000000E+01  0.00000000E+00  0.00000000E+00  0.00000000E+00  0.10000137E+04  0.26898298E+02  0.12500000E+03 -0.68247195E-04  0.69999999E+00  0.10000001E+04
  0.45000000E+01  0.00000000E+00  0.00000000E+00  0.00000000E+00  0.10000000E+04  0.00000000E+00  0.12500000E+03  0.39124253E-41  0.69999999E+00  0.10000000E+04
  0.50000000E+01  0.00000000E+00  0.00000000E+00  0.00000000E+00  0.10000000E+04  0.00000000E+00  0.12500000E+03  0.00000000E+00  0.69999999E+00  0.10000000E+04
  0.55000000E+01  0.00000000E+00  0.00000000E+00  0.00000000E+00  0.10000000E+04  0.00000000E+00  0.12500000E+03  0.00000000E+00  0.69999999E+00  0.10000000E+04
  0.60000000E+01  0.00000000E+00  0.00000000E+00  0.00000000E+00  0.10000000E+04  0.00000000E+00  0.12500000E+03  0.00000000E+00  0.69999999E+00  0.10000000E+04
  0.65000000E+01  0.00000000E+00  0.00000000E+00  0.00000000E+00  0.10000000E+04  0.00000000E+00  0.12500000E+03  0.00000000E+00  0.69999999E+00  0.10000000E+04
  0.70000000E+01  0.00000000E+00  0.00000000E+00  0.00000000E+00  0.10000000E+04  0.00000000E+00  0.12500000E+03  0.00000000E+00  0.69999999E+00  0.10000000E+04
  0.75000000E+01  0.00000000E+00  0.00000000E+00  0.00000000E+00  0.10000000E+04  0.00000000E+00  0.12500000E+03  0.00000000E+00  0.69999999E+00  0.10000000E+04
  0.25000000E+00 -0.25000000E+00  0.00000000E+00  0.00000000E+00  0.10054081E+04  0.10784300E+05  0.12500000E+03  0.29585762E-02  0.69999999E+00  0.99999658E+03
  0.75000000E+00 -0.25000000E+00  0.00000000E+00  0.00000000E+00  0.10245686E+04  0.51905492E+05  0.12500000E+03  0.75535434E-02  0.69999999E+00  0.99999115E+03
  0.12500000E+01 -0.25000000E+00  0.00000000E+00  0.00000000E+00  0.10134854E+04  0.27552959E+05  0.12500000E+03  0.60230298E-02  0.69999999E+00  0.99999304E+03
  0.17500000E+01 -0.25000000E+00  0.00000000E+00  0.00000000E+00  0.10162004E+04  0.33372426E+05  0.12500000E+03  0.93511827E-02  0.69999999E+00  0.99998914E+03
  0.22500000E+01 -0.25000000E+00  0.00000000E+00  0.00000000E+00  0.10017395E+04  0.34307649E+04  0.12500000E+03  0.86865034E-02  0.69999999E+00  0.99999005E+03
  0.27500000E+01 -0.25000000E+00  0.00000000E+00  0.00000000E+00  0.10057958E+04  0.11570831E+05  0.12500000E+03  0.27701890E-02  0.69999999E+00  0.99999683E+03
  0.32500000E+01 -0.25000000E+00  0.00000000E+00  0.00000000E+00  0.10009009E+04  0.17722804E+04  0.12500000E+03  0.21983772E-02  0.69999999E+00  0.99999750E+03
  0.37500000E+01 -0.25000000E+00  0.00000000E+00  0.00000000E+00  0.10000070E+04  0.13565822E+02  0.12500000E+03 -0.15635355E-03  0.69999999E+00  0.10000002E+04
  0.42500000E+01 -0.25000000E+00  0.00000000E+00  0.00000000E+00  0.10000000E+04  0.00000000E+00  0.12500000E+03 -0.11226982E-37  0.69999999E+00  0.10000000E+04
  0.47500000E+01 -0.25000000E+00  0.00000000E+00  0.00000000E+00  0.10000000E+04  0.00000000E+00  0.12500000E+03 -0.37526773E-41  0.69999999E+00  0.10000000E+04
  0.52500000E+01 -0.25000000E+00  0.00000000E+00  0.00000000E+00  0.10000000E+04  0.00000000E+00  0.12500000E+03  0.00000000E+00  0.69999999E+00  0.10000000E+04
  0.57500000E+01 -0.25000000E+00  0.00000000E+00  0.00000000E+00  0.10000000E+04  0.00000000E+00  0.12500000E+03  0.00000000E+00  0.69999999E+00  0.10000000E+04
  0.62500000E+01 -0.25000000E+00  0.00000000E+00  0.00000000E+00  0.10000000E+04  0.00000000E+00  0.12500000E+03  0.00000000E+00  0.69999999E+00  0.10000000E+04
  0.67500000E+01 -0.25000000E+00  0.00000000E+00  0.00000000E+00  0.10000000E+04  0.00000000E+00  0.12500000E+03  0.00000000E+00  0.69999999E+00  0.10000000E+04
  0.72500000E+01 -0.25000000E+00  0.00000000E+00  0.00000000E+00  0.10000000E+04  0.00000000E+00  0.12500000E+03  0.00000000E+00  0.69999999E+00  0.10000000E+04
  0.77500000E+01 -0.25000000E+00  0.00000000E+00  0.00000000E+00  0.10000000E+04  0.00000000E+00  0.12500000E+03  0.00000000E+00  0.69999999E+00  0.10000000E+04
  0.40000000E+01  0.50000000E+00  0.00000000E+00  0.00000000E+00  0.10011709E+04  0.23053394E+04  0.12500000E+03 -0.21924767E-03  0.69999999E+00  0.10000002E+04
  0.37500000E+01  0.25000000E+00  0.00000000E+00  0.00000000E+00  0.10046948E+04  0.93419912E+04  0.12500000E+03 -0.98582613E-03  0.69999999E+00  0.10000012E+04
  0.40000000E+01  0.10000000E+01  0.00000000E+00  0.00000000E+00  0.10043586E+04  0.86643066E+04  0.12500000E+03 -0.82452025E-04  0.69999999E+00  0.10000001E+04
  0.37500000E+01  0.75000000E+00  0.00000000E+00  0.00000000E+00  0.10516445E+04  0.11844880E+06  0.12500000E+03  0.76579768E-03  0.69999999E+00  0.99999908E+03
  0.40000000E+01  0.15000000E+01  0.00000000E+00  0.00000000E+00  0.10002719E+04  0.53370111E+03  0.12500000E+03  0.23716604E-03  0.69999999E+00  0.99999976E+03
  0.37500000E+01  0.12500000E+01  0.00000000E+00  0.00000000E+00  0.10347111E+04  0.75619570E+05  0.12500000E+03  0.52592420E-03  0.69999999E+00  0.99999939E+03
  0.40000000E+01  0.20000000E+01  0.00000000E+00  0.00000000E+00  0.10001637E+04  0.32128680E+03  0.12500000E+03  0.21883096E-03  0.69999999E+00  0.99999976E+03
  0.37500000E+01  0.17500000E+01  0.00000000E+00  0.00000000E+00  0.10215242E+04  0.45057352E+05  0.12500000E+03  0.11827897E-02  0.69999999E+00  0.99999860E+03
  0.45000000E+01  0.50000000E+00  0.00000000E+00  0.00000000E+00  0.10000000E+04  0.00000000E+00  0.12500000E+03  0.11602751E-40  0.69999999E+00  0.10000000E+04
  0.42500000E+01  0.25000000E+00  0.00000000E+00  0.00000000E+00  0.10000018E+04  0.35083482E+01  0.12500000E+03 -0.74084828E-05  0.69999999E+00  0.10000000E+04
  0.45000000E+01  0.10000000E+01  0.00000000E+00  0.00000000E+00  0.10000000E+04  0.00000000E+00  0.12500000E+03  0.00000000E+00  0.69999999E+00  0.10000000E+04
  0.42500000E+01  0.75000000E+00  0.00000000E+00  0.00000000E+00  0.10000944E+04  0.18529227E+03  0.12500000E+03 -0.75637886E-05  0.69999999E+00  0.10000000E+04
  0.45000000E+01  0.15000000E+01  0.00000000E+00  0.00000000E+00  0.10000000E+04  0.00000000E+00  0.12500000E+03 -0.00000000E+00  0.69999999E+00  0.10000000E+04
  0.42500000E+01  0.12500000E+01  0.00000000E+00  0.00000000E+00  0.10000066E+04  0.12864128E+02  0.12500000E+03  0.34267537E-05  0.69999999E+00  0.10000000E+04
  0.45000000E+01  0.20000000E+01  0.00000000E+00  0.00000000E+00  0.10000000E+04  0.00000000E+00  0.12500000E+03  0.00000000E+00  0.69999999E+00  0.10000000E+04
  0.42500000E+01  0.17500000E+01  0.00000000E+00  0.00000000E+00  0.10000031E+04  0.60811610E+01  0.12500000E+03  0.28991612E-05  0.69999999E+00  0.10000000E+04
  0.50000000E+01  0.50000000E+00  0.00000000E+00  0.00000000E+00  0.10000000E+04  0.00000000E+00  0.12500000E+03  0.00000000E+00  0.69999999E+00  0.10000000E+04
  0.47500000E+01  0.25000000E+00  0.00000000E+00  0.00000000E+00  0.10000000E+04  0.00000000E+00  0.12500000E+03  0.37050331E-41  0.69999999E+00  0.10000000E+04
  0.50000000E+01  0.10000000E+01  0.00000000E+00  0.00000000E+00  0.10000000E+04  0.00000000E+00  0.12500000E+03  0.00000000E+00  0.69999999E+00  0.10000000E+04
  0.47500000E+01  0.75000000E+00  0.00000000E+00  0.00000000E+00  0.10000000E+04  0.00000000E+00  0.12500000E+03  0.00000000E+00  0.69999999E+00  0.10000000E+04
  0.50000000E+01  0.15000000E+01  0.00000000E+00  0.00000000E+00  0.10000000E+04  0.00000000E+00  0.12500000E+03  0.00000000E+00  0.69999999E+00  0.10000000E+04
  0.47500000E+01  0.12500000E+01  0.00000000E+00  0.00000000E+00  0.10000000E+04  0.00000000E+00  0.12500000E+03  0.00000000E+00  0.69999999E+00  0.10000000E+04
  0.50000000E+01  0.20000000E+01  0.00000000E+00  0.00000000E+00  0.10000000E+04  0.00000000E+00  0.12500000E+03  0.00000000E+00  0.69999999E+00  0.10000000E+04
  0.47500000E+01  0.17500000E+01  0.00000000E+00  0.00000000E+00  0.10000000E+04  0.00000000E+00  0.12500000E+03 -0.00000000E+00  0.69999999E+00  0.10000000E+04
  0.27107508E+01  0.97704959E+00  0.33353066E+00 -0.18674226E+00  0.10027628E+04  0.54657383E+04  0.12576698E+03  0.12576674E+03  0.10000000E+01  0.00000000E+00
  0.12932011E+01  0.10747899E+01  0.64695835E+00 -0.15615509E+00  0.99619910E+03 -0.73729233E+04  0.12561582E+03  0.12561256E+03  0.10000000E+01  0.00000000E+00
  0.11345294E+01  0.15868505E+01  0.16343069E+01  0.72176313E+00  0.98416376E+03 -0.29632922E+05  0.12546356E+03  0.12546333E+03  0.10000000E+01  0.00000000E+00
  0.16088489E+01  0.17006501E+01  0.21156995E+01 -0.13991739E+01  0.10003381E+04  0.66398126E+03  0.12531018E+03  0.12531027E+03  0.10000000E+01  0.00000000E+00
  0.22403107E+01  0.15282472E+01  0.11902127E+01  0.33978748E+00  0.99237292E+03 -0.14626229E+05  0.12515567E+03  0.12515567E+03  0.10000000E+01  0.00000000E+00
  0.27084384E+01  0.15186431E+01  0.19919550E+01 -0.70092010E+00  0.99776044E+03 -0.43646528E+04  0.12500000E+03  0.12500000E+03  0.10000000E+01  0.00000000E+00
  0.26012893E+01  0.95367169E+00 -0.41236842E+00 -0.64656746E+00  0.10075026E+04  0.15055747E+05  0.12576698E+03  0.12575494E+03  0.10000000E+01  0.00000000E+00
  0.11105489E+01  0.10252318E+01  0.30746737E+00  0.15641136E+00  0.10013033E+04  0.25671243E+04  0.12561582E+03  0.12560624E+03  0.10000000E+01  0.00000000E+00
  0.10302424E+01  0.14771361E+01 -0.41816413E-01 -0.13629413E+01  0.98992993E+03 -0.19170547E+05  0.12546356E+03  0.12546037E+03  0.10000000E+01  0.00000000E+00
  0.24052923E+01  0.13178583E+01  0.18687499E+00 -0.95136829E-01  0.99887305E+03 -0.22036050E+04  0.12531018E+03  0.12531038E+03  0.10000000E+01  0.00000000E+00
  0.98628128E+00  0.96540272E+00  0.69473261E+00 -0.62517595E+00  0.99461237E+03 -0.10401271E+05  0.12515567E+03  0.12515567E+03  0.10000000E+01  0.00000000E+00
  0.66567075E+00  0.87268078E+00  0.37485641E+00  0.13708079E+01  0.10198270E+04  0.41292434E+05  0.12500000E+03  0.12500000E+03  0.10000000E+01  0.00000000E+00
  0.18923573E+01  0.10587298E+01  0.57246840E+00 -0.13084509E+01  0.10059257E+04  0.11834867E+05  0.12576698E+03  0.12575644E+03  0.10000000E+01  0.00000000E+00
  0.22722075E+01  0.95402718E+00  0.17567680E+01 -0.78563344E+00  0.10018375E+04  0.36250938E+04  0.12561582E+03  0.12561089E+03  0.10000000E+01  0.00000000E+00
  0.26964035E+01  0.78228986E+00 -0.53892449E-01 -0.32554233E+00  0.10007385E+04  0.14521542E+04  0.12546356E+03  0.12546005E+03  0.10000000E+01  0.00000000E+00
  0.20499794E+01  0.10216211E+01 -0.59097636E+00  0.18573356E+01  0.99691034E+03 -0.60060259E+04  0.12531018E+03  0.12531018E+03  0.10000000E+01  0.00000000E+00
  0.28817391E+01  0.78580284E+00  0.10020933E+01  0.10350112E+01  0.10035043E+04  0.69480938E+04  0.12515567E+03  0.12515553E+03  0.10000000E+01  0.00000000E+00
  0.12273319E+01  0.18329277E+01  0.22868915E+01 -0.23831481E+00  0.99452802E+03 -0.10561428E+05  0.12500000E+03  0.12499989E+03  0.10000000E+01  0.00000000E+00
  0.86746013E+00  0.10096022E+01  0.15035227E-01  0.40966821E+00  0.99658826E+03 -0.66257666E+04  0.12576698E+03  0.12576566E+03  0.10000000E+01  0.00000000E+00
  0.22597108E+01  0.93770599E+00  0.16706816E+01 -0.57754862E+00  0.10019025E+04  0.37542363E+04  0.12561582E+03  0.12561221E+03  0.10000000E+01  0.00000000E+00
  0.28763676E+01  0.11000473E+01 -0.63021705E-01  0.10407407E+01  0.10075870E+04  0.15228734E+05  0.12546356E+03  0.12546202E+03  0.10000000E+01  0.00000000E+00
  0.16729846E+01  0.10674238E+01  0.22673292E+01  0.30680275E+00  0.10128041E+04  0.26107338E+05  0.12531018E+03  0.12530890E+03  0.10000000E+01  0.00000000E+00
  0.90811551E+00  0.18149471E+01  0.40716738E+00 -0.79364645E+00  0.10068266E+04  0.13671313E+05  0.12515567E+03  0.12515567E+03  0.10000000E+01  0.00000000E+00
  0.12371876E+01  0.77631211E+00  0.84489876E+00  0.42156851E+00  0.10079850E+04  0.16046889E+05  0.12500000E+03  0.12500012E+03  0.10000000E+01  0.00000000E+00
  0.13794065E+01  0.17383449E+01  0.23826674E-01  0.21156403E+00  0.99679193E+03 -0.62339238E+04  0.12561582E+03  0.12561399E+03  0.10000000E+01  0.00000000E+00
  0.27758660E+01  0.16281266E+01 -0.14109589E+01  0.14586499E+01  0.10055510E+04  0.11074079E+05  0.12531018E+03  0.12531004E+03  0.10000000E+01  0.00000000E+00
  0.21958096E+01  0.18027694E+01  0.23199940E+01  0.42799231E+00  0.10094404E+04  0.19055010E+05  0.12500000E+03  0.12500000E+03  0.10000000E+01  0.00000000E+00
