  0.00000000E+00  0.00000000E+00  0.00000000E+00  0.00000000E+00  0.10036882E+04  0.73168413E+04  0.12500000E+03  0.20771113E-02  0.69999999E+00  0.99999762E+03
  0.00000000E+00  0.50000000E+00  0.00000000E+00  0.00000000E+00  0.10440688E+04  0.98771555E+05  0.12500000E+03  0.19653677E-02  0.69999999E+00  0.99999768E+03
  0.00000000E+00  0.10000000E+01  0.00000000E+00  0.00000000E+00  0.10292932E+04  0.62777875E+05  0.12500000E+03  0.28198322E-02  0.69999999E+00  0.99999670E+03
  0.00000000E+00  0.15000000E+01  0.00000000E+00  0.00000000E+00  0.10123336E+04  0.25112588E+05  0.12500000E+03  0.97093778E-03  0.69999999E+00  0.99999890E+03
  0.00000000E+00  0.20000000E+01  0.00000000E+00  0.00000000E+00  0.10394561E+04  0.87202797E+05  0.12500000E+03 -0.10509591E-02  0.69999999E+00  0.10000012E+04
  0.00000000E+00  0.25000000E+01  0.00000000E+00  0.00000000E+00  0.10059989E+04  0.11983688E+05  0.12500000E+03  0.29365951E-03  0.69999999E+00  0.99999963E+03
  0.00000000E+00  0.30000000E+01  0.00000000E+00  0.00000000E+00  0.10000000E+04  0.00000000E+00  0.12500000E+03  0.60528782E-05  0.69999999E+00  0.10000000E+04
  0.00000000E+00  0.35000000E+01  0.00000000E+00  0.00000000E+00  0.10000000E+04  0.00000000E+00  0.12500000E+03  0.00000000E+00  0.69999999E+00  0.10000000E+04
  0.00000000E+00  0.40000000E+01  0.00000000E+00  0.00000000E+00  0.10000000E+04  0.00000000E+00  0.12500000E+03  0.00000000E+00  0.69999999E+00  0.10000000E+04
 -0.25000000E+00 -0.25000000E+00  0.00000000E+00  0.00000000E+00  0.10006414E+04  0.12607445E+04  0.12500000E+03  0.52005530E-03  0.69999999E+00  0.99999939E+03
 -0.25000000E+00  0.25000000E+00  0.00000000E+00  0.00000000E+00  0.10027454E+04  0.54310225E+04  0.12500000E+03  0.85313845E-03  0.69999999E+00  0.99999902E+03
 -0.25000000E+00  0.75000000E+00  0.00000000E+00  0.00000000E+00  0.10141088E+04  0.28881018E+05  0.12500000E+03  0.16753035E-03  0.69999999E+00  0.99999982E+03
 -0.25000000E+00  0.12500000E+01  0.00000000E+00  0.00000000E+00  0.10017811E+04  0.35132578E+04  0.12500000E+03  0.90617401E-03  0.69999999E+00  0.99999896E+03
 -0.25000000E+00  0.17500000E+01  0.00000000E+00  0.00000000E+00  0.10019877E+04  0.39231914E+04  0.12500000E+03 -0.29379776E-03  0.69999999E+00  0.10000004E+04
 -0.25000000E+00  0.22500000E+01  0.00000000E+00  0.00000000E+00  0.10016080E+04  0.31701841E+04  0.12500000E+03 -0.13783149E-03  0.69999999E+00  0.10000002E+04
 -0.25000000E+00  0.27500000E+01  0.00000000E+00  0.00000000E+00  0.10000000E+04  0.00000000E+00  0.12500000E+03  0.00000000E+00  0.69999999E+00  0.10000000E+04
 -0.25000000E+00  0.32500000E+01  0.00000000E+00  0.00000000E+00  0.10000000E+04  0.00000000E+00  0.12500000E+03  0.00000000E+00  0.69999999E+00  0.10000000E+04
 -0.25000000E+00  0.37500000E+01  0.00000000E+00  0.00000000E+00  0.10000000E+04  0.00000000E+00  0.12500000E+03  0.00000000E+00  0.69999999E+00  0.10000000E+04
  0.80000000E+01  0.00000000E+00  0.00000000E+00  0.00000000E+00  0.10000000E+04  0.00000000E+00  0.12500000E+03  0.00000000E+00  0.69999999E+00  0.10000000E+04
  0.80000000E+01  0.50000000E+00  0.00000000E+00  0.00000000E+00  0.10000000E+04  0.00000000E+00  0.12500000E+03  0.00000000E+00  0.69999999E+00  0.10000000E+04
  0.80000000E+01  0.10000000E+01  0.00000000E+00  0.00000000E+00  0.10000000E+04  0.00000000E+00  0.12500000E+03  0.00000000E+00  0.69999999E+00  0.10000000E+04
  0.80000000E+01  0.15000000E+01  0.00000000E+00  0.00000000E+00  0.10000000E+04  0.00000000E+00  0.12500000E+03  0.00000000E+00  0.69999999E+00  0.10000000E+04
  0.80000000E+01  0.20000000E+01  0.00000000E+00  0.00000000E+00  0.10000000E+04  0.00000000E+00  0.12500000E+03  0.00000000E+00  0.69999999E+00  0.10000000E+04
  0.80000000E+01  0.25000000E+01  0.00000000E+00  0.00000000E+00  0.10000000E+04  0.00000000E+00  0.12500000E+03  0.00000000E+00  0.69999999E+00  0.10000000E+04
  0.80000000E+01  0.30000000E+01  0.00000000E+00  0.00000000E+00  0.10000000E+04  0.00000000E+00  0.12500000E+03  0.00000000E+00  0.69999999E+00  0.10000000E+04
  0.80000000E+01  0.35000000E+01  0.00000000E+00  0.00000000E+00  0.10000000E+04  0.00000000E+00  0.12500000E+03  0.00000000E+00  0.69999999E+00  0.10000000E+04
  0.80000000E+01  0.40000000E+01  0.00000000E+00  0.00000000E+00  0.10000000E+04  0.00000000E+00  0.12500000E+03  0.00000000E+00  0.69999999E+00  0.10000000E+04
  0.82500000E+01 -0.25000000E+00  0.00000000E+00  0.00000000E+00  0.10000000E+04  0.00000000E+00  0.12500000E+03  0.00000000E+00  0.69999999E+00  0.10000000E+04
  0.82500000E+01  0.25000000E+00  0.00000000E+00  0.00000000E+00  0.10000000E+04  0.00000000E+00  0.12500000E+03  0.00000000E+00  0.69999999E+00  0.10000000E+04
  0.82500000E+01  0.75000000E+00  0.00000000E+00  0.00000000E+00  0.10000000E+04  0.00000000E+00  0.12500000E+03  0.00000000E+00  0.69999999E+00  0.10000000E+04
  0.82500000E+01  0.12500000E+01  0.00000000E+00  0.00000000E+00  0.10000000E+04  0.00000000E+00  0.12500000E+03  0.00000000E+00  0.69999999E+00  0.10000000E+04
  0.82500000E+01  0.17500000E+01  0.00000000E+00  0.00000000E+00  0.10000000E+04  0.00000000E+00  0.12500000E+03  0.00000000E+00  0.69999999E+00  0.10000000E+04
  0.82500000E+01  0.22500000E+01  0.00000000E+00  0.00000000E+00  0.10000000E+04  0.00000000E+00  0.12500000E+03  0.00000000E+00  0.69999999E+00  0.10000000E+04
  0.82500000E+01  0.27500000E+01  0.00000000E+00  0.00000000E+00  0.10000000E+04  0.00000000E+00  0.12500000E+03  0.00000000E+00  0.69999999E+00  0.10000000E+04
  0.82500000E+01  0.32500000E+01  0.00000000E+00  0.00000000E+00  0.10000000E+04  0.00000000E+00  0.12500000E+03  0.00000000E+00  0.69999999E+00  0.10000000E+04
  0.82500000E+01  0.37500000E+01  0.00000000E+00  0.00000000E+00  0.10000000E+04  0.00000000E+00  0.12500000E+03  0.00000000E+00  0.69999999E+00  0.10000000E+04
  0.50000000E+00  0.00000000E+00  0.00000000E+00  0.00000000E+00  0.10535089E+04  0.12342322E+06  0.12500000E+03  0.10113981E-01  0.69999999E+00  0.99998785E+03
  0.10000000E+01  0.00000000E+00  0.00000000E+00  0.00000000E+00  0.10803860E+04  0.20127797E+06  0.12500000E+03  0.49629812E-02  0.69999999E+00  0.99999390E+03
  0.15000000E+01  0.00000000E+00  0.00000000E+00  0.00000000E+00  0.10363931E+04  0.79689336E+05  0.12500000E+03  0.18127933E-01  0.69999999E+00  0.99997852E+03
  0.20000000E+01  0.00000000E+00  0.00000000E+00  0.00000000E+00  0.11384714E+04  0.41450831E+06  0.12500000E+03  0.20483298E-01  0.69999999E+00  0.99997333E+03
  0.25000000E+01  0.00000000E+00  0.00000000E+00  0.00000000E+00  0.10293900E+04  0.63003781E+05  0.12500000E+03  0.39012083E-02  0.69999999E+00  0.99999542E+03
  0.30000000E+01  0.00000000E+00  0.00000000E+00  0.00000000E+00  0.10485471E+04  0.11030032E+06  0.12500000E+03  0.56798300E-02  0.69999999E+00  0.99999323E+03
  0.35000000E+01  0.00000000E+00  0.00000000E+00  0.00000000E+00  0.10059089E+04  0.11800942E+05  0.12500000E+03  0.21609312E-02  0.69999999E+00  0.99999750E+03
  0.40000000E+01  0.00000000E+00  0.00000000E+00  0.00000000E+00  0.10000137E+04  0.26898298E+02  0.12500000E+03 -0.68247195E-04  0.69999999E+00  0.10000001E+04
  0.45000000E+01  0.00000000E+00  0.00000000E+00  0.00000000E+00  0.10000000E+04  0.00000000E+00  0.12500000E+03  0.30940670E-41  0.69999999E+00  0.10000000E+04
  0.50000000E+01  0.00000000E+00  0.00000000E+00  0.00000000E+00  0.10000000E+04  0.00000000E+00  0.12500000E+03 -0.00000000E+00  0.69999999E+00  0.10000000E+04
  0.55000000E+01  0.00000000E+00  0.00000000E+00  0.00000000E+00  0.10000000E+04  0.00000000E+00  0.12500000E+03  0.00000000E+00  0.69999999E+00  0.10000000E+04
  0.60000000E+01  0.00000000E+00  0.00000000E+00  0.00000000E+00  0.10000000E+04  0.00000000E+00  0.12500000E+03  0.00000000E+00  0.69999999E+00  0.10000000E+04
  0.65000000E+01  0.00000000E+00  0.00000000E+00  0.00000000E+00  0.10000000E+04  0.00000000E+00  0.12500000E+03  0.00000000E+00  0.69999999E+00  0.10000000E+04
  0.70000000E+01  0.00000000E+00  0.00000000E+00  0.00000000E+00  0.10000000E+04  0.00000000E+00  0.12500000E+03  0.00000000E+00  0.69999999E+00  0.10000000E+04
  0.75000000E+01  0.00000000E+00  0.00000000E+00  0.00000000E+00  0.10000000E+04  0.00000000E+00  0.12500000E+03  0.00000000E+00  0.69999999E+00  0.10000000E+04
  0.25000000E+00 -0.25000000E+00  0.00000000E+00  0.00000000E+00  0.10060459E+04  0.12079464E+05  0.12500000E+03  0.29361770E-02  0.69999999E+00  0.99999664E+03
  0.75000000E+00 -0.25000000E+00  0.00000000E+00  0.00000000E+00  0.10269333E+04  0.57309793E+05  0.12500000E+03  0.74648033E-02  0.69999999E+00  0.99999121E+03
  0.12500000E+01 -0.25000000E+00  0.00000000E+00  0.00000000E+00  0.10140546E+04  0.28765283E+05  0.12500000E+03  0.59949178E-02  0.69999999E+00  0.99999304E+03
  0.17500000E+01 -0.25000000E+00  0.00000000E+00  0.00000000E+00  0.10162563E+04  0.33493242E+05  0.12500000E+03  0.92958007E-02  0.69999999E+00  0.99998920E+03
  0.22500000E+01 -0.25000000E+00  0.00000000E+00  0.00000000E+00  0.10020433E+04  0.40337449E+04  0.12500000E+03  0.85617565E-02  0.69999999E+00  0.99999017E+03
  0.27500000E+01 -0.25000000E+00  0.00000000E+00  0.00000000E+00  0.10100387E+04  0.20299189E+05  0.12500000E+03  0.26697551E-02  0.69999999E+00  0.99999695E+03
  0.32500000E+01 -0.25000000E+00  0.00000000E+00  0.00000000E+00  0.10019813E+04  0.39106470E+04  0.12500000E+03  0.21528304E-02  0.69999999E+00  0.99999756E+03
  0.37500000E+01 -0.25000000E+00  0.00000000E+00  0.00000000E+00  0.10000070E+04  0.13565822E+02  0.12500000E+03 -0.15635355E-03  0.69999999E+00  0.10000002E+04
  0.42500000E+01 -0.25000000E+00  0.00000000E+00  0.00000000E+00  0.10000000E+04  0.00000000E+00  0.12500000E+03 -0.86030645E-38  0.69999999E+00  0.10000000E+04
  0.47500000E+01 -0.25000000E+00  0.00000000E+00  0.00000000E+00  0.10000000E+04  0.00000000E+00  0.12500000E+03 -0.28362281E-41  0.69999999E+00  0.10000000E+04
  0.52500000E+01 -0.25000000E+00  0.00000000E+00  0.00000000E+00  0.10000000E+04  0.00000000E+00  0.12500000E+03  0.00000000E+00  0.69999999E+00  0.10000000E+04
  0.57500000E+01 -0.25000000E+00  0.00000000E+00  0.00000000E+00  0.10000000E+04  0.00000000E+00  0.12500000E+03  0.00000000E+00  0.69999999E+00  0.10000000E+04
  0.62500000E+01 -0.25000000E+00  0.00000000E+00  0.00000000E+00  0.10000000E+04  0.00000000E+00  0.12500000E+03  0.00000000E+00  0.69999999E+00  0.10000000E+04
  0.67500000E+01 -0.25000000E+00  0.00000000E+00  0.00000000E+00  0.10000000E+04  0.00000000E+00  0.12500000E+03  0.00000000E+00  0.69999999E+00  0.10000000E+04
  0.72500000E+01 -0.25000000E+00  0.00000000E+00  0.00000000E+00  0.10000000E+04  0.00000000E+00  0.12500000E+03  0.00000000E+00  0.69999999E+00  0.10000000E+04
  0.77500000E+01 -0.25000000E+00  0.00000000E+00  0.00000000E+00  0.10000000E+04  0.00000000E+00  0.12500000E+03  0.00000000E+00  0.69999999E+00  0.10000000E+04
  0.40000000E+01  0.50000000E+00  0.00000000E+00  0.00000000E+00  0.10008749E+04  0.17210204E+04  0.12500000E+03 -0.22306880E-03  0.69999999E+00  0.10000002E+04
  0.37500000E+01  0.25000000E+00  0.00000000E+00  0.00000000E+00  0.10033500E+04  0.66391646E+04  0.12500000E+03 -0.96500182E-03  0.69999999E+00  0.10000011E+04
  0.40000000E+01  0.10000000E+01  0.00000000E+00  0.00000000E+00  0.10037482E+04  0.74371362E+04  0.12500000E+03 -0.82140701E-04  0.69999999E+00  0.10000001E+04
  0.37500000E+01  0.75000000E+00  0.00000000E+00  0.00000000E+00  0.10424988E+04  0.94799539E+05  0.12500000E+03  0.75221667E-03  0.69999999E+00  0.99999908E+03
  0.40000000E+01  0.15000000E+01  0.00000000E+00  0.00000000E+00  0.10005348E+04  0.10509092E+04  0.12500000E+03  0.23096791E-03  0.69999999E+00  0.99999976E+03
  0.37500000E+01  0.12500000E+01  0.00000000E+00  0.00000000E+00  0.10326517E+04  0.70690961E+05  0.12500000E+03  0.49936707E-03  0.69999999E+00  0.99999939E+03
  0.40000000E+01  0.20000000E+01  0.00000000E+00  0.00000000E+00  0.10001674E+04  0.32854456E+03  0.12500000E+03  0.21218036E-03  0.69999999E+00  0.99999976E+03
  0.37500000E+01  0.17500000E+01  0.00000000E+00  0.00000000E+00  0.10231550E+04  0.48710504E+05  0.12500000E+03  0.11536484E-02  0.69999999E+00  0.99999866E+03
  0.45000000E+01  0.50000000E+00  0.00000000E+00  0.00000000E+00  0.10000000E+04  0.00000000E+00  0.12500000E+03  0.88730219E-41  0.69999999E+00  0.10000000E+04
  0.42500000E+01  0.25000000E+00  0.00000000E+00  0.00000000E+00  0.10000018E+04  0.35083482E+01  0.12500000E+03 -0.74084828E-05  0.69999999E+00  0.10000000E+04
  0.45000000E+01  0.10000000E+01  0.00000000E+00  0.00000000E+00  0.10000000E+04  0.00000000E+00  0.12500000E+03 -0.00000000E+00  0.69999999E+00  0.10000000E+04
  0.42500000E+01  0.75000000E+00  0.00000000E+00  0.00000000E+00  0.10000944E+04  0.18529227E+03  0.12500000E+03 -0.75637886E-05  0.69999999E+00  0.10000000E+04
  0.45000000E+01  0.15000000E+01  0.00000000E+00  0.00000000E+00  0.10000000E+04  0.00000000E+00  0.12500000E+03  0.00000000E+00  0.69999999E+00  0.10000000E+04
  0.42500000E+01  0.12500000E+01  0.00000000E+00  0.00000000E+00  0.10000066E+04  0.12864128E+02  0.12500000E+03  0.34267537E-05  0.69999999E+00  0.10000000E+04
  0.45000000E+01  0.20000000E+01  0.00000000E+00  0.00000000E+00  0.10000000E+04  0.00000000E+00  0.12500000E+03  0.00000000E+00  0.69999999E+00  0.10000000E+04
  0.42500000E+01  0.17500000E+01  0.00000000E+00  0.00000000E+00  0.10000031E+04  0.60811610E+01  0.12500000E+03  0.28991612E-05  0.69999999E+00  0.10000000E+04
  0.50000000E+01  0.50000000E+00  0.00000000E+00  0.00000000E+00  0.10000000E+04  0.00000000E+00  0.12500000E+03  0.00000000E+00  0.69999999E+00  0.10000000E+04
  0.47500000E+01  0.25000000E+00  0.00000000E+00  0.00000000E+00  0.10000000E+04  0.00000000E+00  0.12500000E+03  0.27885839E-41  0.69999999E+00  0.10000000E+04
  0.50000000E+01  0.10000000E+01  0.00000000E+00  0.00000000E+00  0.10000000E+04  0.00000000E+00  0.12500000E+03  0.00000000E+00  0.69999999E+00  0.10000000E+04
  0.47500000E+01  0.75000000E+00  0.00000000E+00  0.00000000E+00  0.10000000E+04  0.00000000E+00  0.12500000E+03  0.00000000E+00  0.69999999E+00  0.10000000E+04
  0.50000000E+01  0.15000000E+01  0.00000000E+00  0.00000000E+00  0.10000000E+04  0.00000000E+00  0.12500000E+03 -0.00000000E+00  0.69999999E+00  0.10000000E+04
  0.47500000E+01  0.12500000E+01  0.00000000E+00  0.00000000E+00  0.10000000E+04  0.00000000E+00  0.12500000E+03 -0.00000000E+00  0.69999999E+00  0.10000000E+04
  0.50000000E+01  0.20000000E+01  0.00000000E+00  0.00000000E+00  0.10000000E+04  0.00000000E+00  0.12500000E+03  0.00000000E+00  0.69999999E+00  0.10000000E+04
  0.47500000E+01  0.17500000E+01  0.00000000E+00  0.00000000E+00  0.10000000E+04  0.00000000E+00  0.12500000E+03  0.00000000E+00  0.69999999E+00  0.10000000E+04
  0.26826103E+01  0.97632909E+00  0.31058973E+00  0.28583504E-01  0.10150980E+04  0.30998213E+05  0.12576698E+03  0.12576674E+03  0.10000000E+01  0.00000000E+00
  0.12557329E+01  0.10826339E+01 -0.21298587E+00 -0.18577451E+00  0.98570374E+03 -0.26874582E+05  0.12561582E+03  0.12561256E+03  0.10000000E+01  0.00000000E+00
  0.10154426E+01  0.15490745E+01  0.13789935E+01  0.92968488E+00  0.10098297E+04  0.19863881E+05  0.12546356E+03  0.12546333E+03  0.10000000E+01  0.00000000E+00
  0.14320554E+01  0.17985986E+01  0.21910920E+01 -0.11222669E+01  0.10016824E+04  0.33175771E+04  0.12531018E+03  0.12531027E+03  0.10000000E+01  0.00000000E+00
  0.21349969E+01  0.15074903E+01  0.14028406E+01 -0.20580851E-01  0.10150009E+04  0.30789977E+05  0.12515567E+03  0.12515567E+03  0.10000000E+01  0.00000000E+00
  0.25550246E+01  0.15152473E+01  0.21023793E+01  0.27272969E+00  0.10026440E+04  0.52287432E+04  0.12500000E+03  0.12500000E+03  0.10000000E+01  0.00000000E+00
  0.25955415E+01  0.96659160E+00  0.28492928E+00  0.22122152E-02  0.10047498E+04  0.94529053E+04  0.12576698E+03  0.12575494E+03  0.10000000E+01  0.00000000E+00
  0.10790645E+01  0.10166271E+01 -0.51898830E-01  0.24613807E-01  0.98980200E+03 -0.19406631E+05  0.12561582E+03  0.12560624E+03  0.10000000E+01  0.00000000E+00
  0.10016677E+01  0.15662668E+01 -0.21825276E+00 -0.14935217E+01  0.10008237E+04  0.16199348E+04  0.12546356E+03  0.12546037E+03  0.10000000E+01  0.00000000E+00
  0.23628771E+01  0.13242623E+01  0.50145793E+00 -0.21789983E-01  0.10244263E+04  0.51582586E+05  0.12531018E+03  0.12531038E+03  0.10000000E+01  0.00000000E+00
  0.92989051E+00  0.10071012E+01  0.69933516E+00 -0.97551382E+00  0.10083603E+04  0.16820020E+05  0.12515567E+03  0.12515567E+03  0.10000000E+01  0.00000000E+00
  0.66243005E+00  0.79610550E+00 -0.77170038E+00  0.30153555E+00  0.10123534E+04  0.25154379E+05  0.12500000E+03  0.12500000E+03  0.10000000E+01  0.00000000E+00
  0.18270917E+01  0.11081239E+01  0.61037350E+00 -0.38579568E-01  0.10186219E+04  0.38641875E+05  0.12576698E+03  0.12575644E+03  0.10000000E+01  0.00000000E+00
  0.21926339E+01  0.10363656E+01  0.53381222E+00 -0.21842945E+01  0.96358740E+03 -0.64094145E+05  0.12561582E+03  0.12561089E+03  0.10000000E+01  0.00000000E+00
  0.26921382E+01  0.79354227E+00 -0.15483639E+00 -0.37426569E-01  0.10146859E+04  0.30114670E+05  0.12546356E+03  0.12546005E+03  0.10000000E+01  0.00000000E+00
  0.20908287E+01  0.94607913E+00 -0.19293058E+01  0.10250878E+01  0.10089259E+04  0.17988633E+05  0.12531018E+03  0.12531018E+03  0.10000000E+01  0.00000000E+00
  0.28110991E+01  0.72131038E+00  0.68193340E+00  0.90091848E+00  0.10071492E+04  0.14331221E+05  0.12515567E+03  0.12515553E+03  0.10000000E+01  0.00000000E+00
  0.10499983E+01  0.18590019E+01  0.20715871E+01 -0.68374231E-01  0.10029620E+04  0.58633267E+04  0.12500000E+03  0.12499989E+03  0.10000000E+01  0.00000000E+00
  0.84695601E+00  0.99992931E+00  0.14836004E+00 -0.16964602E+00  0.10047859E+04  0.95258252E+04  0.12576698E+03  0.12576566E+03  0.10000000E+01  0.00000000E+00
  0.21708140E+01  0.10055735E+01  0.10452253E+01 -0.17987070E+01  0.98336914E+03 -0.31046197E+05  0.12561582E+03  0.12561221E+03  0.10000000E+01  0.00000000E+00
  0.28534770E+01  0.10386558E+01  0.19415717E+00  0.70244795E+00  0.10065220E+04  0.13049151E+05  0.12546356E+03  0.12546202E+03  0.10000000E+01  0.00000000E+00
  0.15397475E+01  0.10180340E+01  0.11183786E+01  0.12265683E+01  0.10108795E+04  0.22054822E+05  0.12531018E+03  0.12530890E+03  0.10000000E+01  0.00000000E+00
  0.83375752E+00  0.18978217E+01  0.25258410E+00 -0.73426485E+00  0.10087817E+04  0.17690258E+05  0.12515567E+03  0.12515567E+03  0.10000000E+01  0.00000000E+00
  0.12145286E+01  0.76632249E+00 -0.71619296E+00 -0.51935005E+00  0.10174132E+04  0.36002285E+05  0.12500000E+03  0.12500012E+03  0.10000000E+01  0.00000000E+00
  0.13331420E+01  0.17194407E+01  0.17702714E+00  0.82470775E+00  0.10135617E+04  0.27715465E+05  0.12561582E+03  0.12561399E+03  0.10000000E+01  0.00000000E+00
  0.28376689E+01  0.14815702E+01 -0.84034550E+00  0.19825084E+01  0.10097761E+04  0.19752533E+05  0.12531018E+03  0.12531004E+03  0.10000000E+01  0.00000000E+00
  0.19887323E+01  0.17744040E+01  0.23391457E+01  0.21803568E+00  0.10070958E+04  0.14221880E+05  0.12500000E+03  0.12500000E+03  0.10000000E+01  0.00000000E+00
