  0.00000000E+00  0.00000000E+00  0.00000000E+00  0.00000000E+00  0.10012324E+04  0.24268984E+04  0.12500000E+03  0.23683135E-02  0.69999999E+00  0.99999731E+03
  0.00000000E+00  0.50000000E+00  0.00000000E+00  0.00000000E+00  0.10145057E+04  0.29729162E+05  0.12500000E+03  0.28999527E-02  0.69999999E+00  0.99999664E+03
  0.00000000E+00  0.10000000E+01  0.00000000E+00  0.00000000E+00  0.10169268E+04  0.34945133E+05  0.12500000E+03  0.34194135E-02  0.69999999E+00  0.99999603E+03
  0.00000000E+00  0.15000000E+01  0.00000000E+00  0.00000000E+00  0.10167051E+04  0.34464320E+05  0.12500000E+03  0.11028983E-02  0.69999999E+00  0.99999872E+03
  0.00000000E+00  0.20000000E+01  0.00000000E+00  0.00000000E+00  0.10207806E+04  0.43403379E+05  0.12500000E+03 -0.14725630E-02  0.69999999E+00  0.10000017E+04
  0.00000000E+00  0.25000000E+01  0.00000000E+00  0.00000000E+00  0.10030797E+04  0.60983906E+04  0.12500000E+03  0.34176232E-03  0.69999999E+00  0.99999963E+03
  0.00000000E+00  0.30000000E+01  0.00000000E+00  0.00000000E+00  0.10000000E+04  0.00000000E+00  0.12500000E+03  0.60528782E-05  0.69999999E+00  0.10000000E+04
  0.00000000E+00  0.35000000E+01  0.00000000E+00  0.00000000E+00  0.10000000E+04  0.00000000E+00  0.12500000E+03  0.00000000E+00  0.69999999E+00  0.10000000E+04
  0.00000000E+00  0.40000000E+01  0.00000000E+00  0.00000000E+00  0.10000000E+04  0.00000000E+00  0.12500000E+03  0.00000000E+00  0.69999999E+00  0.10000000E+04
 -0.25000000E+00 -0.25000000E+00  0.00000000E+00  0.00000000E+00  0.10006414E+04  0.12607445E+04  0.12500000E+03  0.52005530E-03  0.69999999E+00  0.99999939E+03
 -0.25000000E+00  0.25000000E+00  0.00000000E+00  0.00000000E+00  0.10009158E+04  0.18016761E+04  0.12500000E+03  0.10413248E-02  0.69999999E+00  0.99999878E+03
 -0.25000000E+00  0.75000000E+00  0.00000000E+00  0.00000000E+00  0.10067408E+04  0.13495942E+05  0.12500000E+03  0.38062845E-03  0.69999999E+00  0.99999957E+03
 -0.25000000E+00  0.12500000E+01  0.00000000E+00  0.00000000E+00  0.10015752E+04  0.31052480E+04  0.12500000E+03  0.10628412E-02  0.69999999E+00  0.99999878E+03
 -0.25000000E+00  0.17500000E+01  0.00000000E+00  0.00000000E+00  0.10012059E+04  0.23745942E+04  0.12500000E+03 -0.36513380E-03  0.69999999E+00  0.10000004E+04
 -0.25000000E+00  0.22500000E+01  0.00000000E+00  0.00000000E+00  0.10012462E+04  0.24542319E+04  0.12500000E+03 -0.15003496E-03  0.69999999E+00  0.10000002E+04
 -0.25000000E+00  0.27500000E+01  0.00000000E+00  0.00000000E+00  0.10000000E+04  0.00000000E+00  0.12500000E+03  0.21748152E-41  0.69999999E+00  0.10000000E+04
 -0.25000000E+00  0.32500000E+01  0.00000000E+00  0.00000000E+00  0.10000000E+04  0.00000000E+00  0.12500000E+03  0.67822846E-42  0.69999999E+00  0.10000000E+04
 -0.25000000E+00  0.37500000E+01  0.00000000E+00  0.00000000E+00  0.10000000E+04  0.00000000E+00  0.12500000E+03  0.00000000E+00  0.69999999E+00  0.10000000E+04
  0.80000000E+01  0.00000000E+00  0.00000000E+00  0.00000000E+00  0.10000000E+04  0.00000000E+00  0.12500000E+03  0.00000000E+00  0.69999999E+00  0.10000000E+04
  0.80000000E+01  0.50000000E+00  0.00000000E+00  0.00000000E+00  0.10000000E+04  0.00000000E+00  0.12500000E+03  0.00000000E+00  0.69999999E+00  0.10000000E+04
  0.80000000E+01  0.10000000E+01  0.00000000E+00  0.00000000E+00  0.10000000E+04  0.00000000E+00  0.12500000E+03  0.00000000E+00  0.69999999E+00  0.10000000E+04
  0.80000000E+01  0.15000000E+01  0.00000000E+00  0.00000000E+00  0.10000000E+04  0.00000000E+00  0.12500000E+03  0.00000000E+00  0.69999999E+00  0.10000000E+04
  0.80000000E+01  0.20000000E+01  0.00000000E+00  0.00000000E+00  0.10000000E+04  0.00000000E+00  0.12500000E+03  0.00000000E+00  0.69999999E+00  0.10000000E+04
  0.80000000E+01  0.25000000E+01  0.00000000E+00  0.00000000E+00  0.10000000E+04  0.00000000E+00  0.12500000E+03  0.00000000E+00  0.69999999E+00  0.10000000E+04
  0.80000000E+01  0.30000000E+01  0.00000000E+00  0.00000000E+00  0.10000000E+04  0.00000000E+00  0.12500000E+03  0.00000000E+00  0.69999999E+00  0.10000000E+04
  0.80000000E+01  0.35000000E+01  0.00000000E+00  0.00000000E+00  0.10000000E+04  0.00000000E+00  0.12500000E+03  0.00000000E+00  0.69999999E+00  0.10000000E+04
  0.80000000E+01  0.40000000E+01  0.00000000E+00  0.00000000E+00  0.10000000E+04  0.00000000E+00  0.12500000E+03  0.00000000E+00  0.69999999E+00  0.10000000E+04
  0.82500000E+01 -0.25000000E+00  0.00000000E+00  0.00000000E+00  0.10000000E+04  0.00000000E+00  0.12500000E+03  0.00000000E+00  0.69999999E+00  0.10000000E+04
  0.82500000E+01  0.25000000E+00  0.00000000E+00  0.00000000E+00  0.10000000E+04  0.00000000E+00  0.12500000E+03  0.00000000E+00  0.69999999E+00  0.10000000E+04
  0.82500000E+01  0.75000000E+00  0.00000000E+00  0.00000000E+00  0.10000000E+04  0.00000000E+00  0.12500000E+03  0.00000000E+00  0.69999999E+00  0.10000000E+04
  0.82500000E+01  0.12500000E+01  0.00000000E+00  0.00000000E+00  0.10000000E+04  0.00000000E+00  0.12500000E+03  0.00000000E+00  0.69999999E+00  0.10000000E+04
  0.82500000E+01  0.17500000E+01  0.00000000E+00  0.00000000E+00  0.10000000E+04  0.00000000E+00  0.12500000E+03  0.00000000E+00  0.69999999E+00  0.10000000E+04
  0.82500000E+01  0.22500000E+01  0.00000000E+00  0.00000000E+00  0.10000000E+04  0.00000000E+00  0.12500000E+03  0.00000000E+00  0.69999999E+00  0.10000000E+04
  0.82500000E+01  0.27500000E+01  0.00000000E+00  0.00000000E+00  0.10000000E+04  0.00000000E+00  0.12500000E+03  0.00000000E+00  0.69999999E+00  0.10000000E+04
  0.82500000E+01  0.32500000E+01  0.00000000E+00  0.00000000E+00  0.10000000E+04  0.00000000E+00  0.12500000E+03  0.00000000E+00  0.69999999E+00  0.10000000E+04
  0.82500000E+01  0.37500000E+01  0.00000000E+00  0.00000000E+00  0.10000000E+04  0.00000000E+00  0.12500000E+03  0.00000000E+00  0.69999999E+00  0.10000000E+04
  0.50000000E+00  0.00000000E+00  0.00000000E+00  0.00000000E+00  0.10360331E+04  0.78814930E+05  0.12500000E+03  0.11860795E-01  0.69999999E+00  0.99998596E+03
  0.10000000E+01  0.00000000E+00  0.00000000E+00  0.00000000E+00  0.10495049E+04  0.11280446E+06  0.12500000E+03  0.68275812E-02  0.69999999E+00  0.99999182E+03
  0.15000000E+01  0.00000000E+00  0.00000000E+00  0.00000000E+00  0.10436204E+04  0.97633289E+05  0.12500000E+03  0.21019176E-01  0.69999999E+00  0.99997491E+03
  0.20000000E+01  0.00000000E+00  0.00000000E+00  0.00000000E+00  0.11489167E+04  0.46037756E+06  0.12500000E+03  0.24166813E-01  0.69999999E+00  0.99996826E+03
  0.25000000E+01  0.00000000E+00  0.00000000E+00  0.00000000E+00  0.10373392E+04  0.81996094E+05  0.12500000E+03  0.66946479E-02  0.69999999E+00  0.99999207E+03
  0.30000000E+01  0.00000000E+00  0.00000000E+00  0.00000000E+00  0.10393887E+04  0.87036148E+05  0.12500000E+03  0.84275790E-02  0.69999999E+00  0.99998999E+03
  0.35000000E+01  0.00000000E+00  0.00000000E+00  0.00000000E+00  0.10042043E+04  0.83537969E+04  0.12500000E+03  0.34010622E-02  0.69999999E+00  0.99999609E+03
  0.40000000E+01  0.00000000E+00  0.00000000E+00  0.00000000E+00  0.10000137E+04  0.26898298E+02  0.12500000E+03 -0.68247195E-04  0.69999999E+00  0.10000001E+04
  0.45000000E+01  0.00000000E+00  0.00000000E+00  0.00000000E+00  0.10000000E+04  0.00000000E+00  0.12500000E+03  0.63557293E-40  0.69999999E+00  0.10000000E+04
  0.50000000E+01  0.00000000E+00  0.00000000E+00  0.00000000E+00  0.10000000E+04  0.00000000E+00  0.12500000E+03  0.00000000E+00  0.69999999E+00  0.10000000E+04
  0.55000000E+01  0.00000000E+00  0.00000000E+00  0.00000000E+00  0.10000000E+04  0.00000000E+00  0.12500000E+03  0.00000000E+00  0.69999999E+00  0.10000000E+04
  0.60000000E+01  0.00000000E+00  0.00000000E+00  0.00000000E+00  0.10000000E+04  0.00000000E+00  0.12500000E+03  0.00000000E+00  0.69999999E+00  0.10000000E+04
  0.65000000E+01  0.00000000E+00  0.00000000E+00  0.00000000E+00  0.10000000E+04  0.00000000E+00  0.12500000E+03  0.00000000E+00  0.69999999E+00  0.10000000E+04
  0.70000000E+01  0.00000000E+00  0.00000000E+00  0.00000000E+00  0.10000000E+04  0.00000000E+00  0.12500000E+03  0.00000000E+00  0.69999999E+00  0.10000000E+04
  0.75000000E+01  0.00000000E+00  0.00000000E+00  0.00000000E+00  0.10000000E+04  0.00000000E+00  0.12500000E+03  0.00000000E+00  0.69999999E+00  0.10000000E+04
  0.25000000E+00 -0.25000000E+00  0.00000000E+00  0.00000000E+00  0.10056140E+04  0.11202009E+05  0.12500000E+03  0.32148459E-02  0.69999999E+00  0.99999628E+03
  0.75000000E+00 -0.25000000E+00  0.00000000E+00  0.00000000E+00  0.10252778E+04  0.53518641E+05  0.12500000E+03  0.85348804E-02  0.69999999E+00  0.99998999E+03
  0.12500000E+01 -0.25000000E+00  0.00000000E+00  0.00000000E+00  0.10098296E+04  0.19863881E+05  0.12500000E+03  0.69353962E-02  0.69999999E+00  0.99999200E+03
  0.17500000E+01 -0.25000000E+00  0.00000000E+00  0.00000000E+00  0.10157834E+04  0.32472576E+05  0.12500000E+03  0.10483658E-01  0.69999999E+00  0.99998785E+03
  0.22500000E+01 -0.25000000E+00  0.00000000E+00  0.00000000E+00  0.10015215E+04  0.29987805E+04  0.12500000E+03  0.10301113E-01  0.69999999E+00  0.99998822E+03
  0.27500000E+01 -0.25000000E+00  0.00000000E+00  0.00000000E+00  0.10055978E+04  0.11169114E+05  0.12500000E+03  0.44227373E-02  0.69999999E+00  0.99999493E+03
  0.32500000E+01 -0.25000000E+00  0.00000000E+00  0.00000000E+00  0.10011377E+04  0.22398667E+04  0.12500000E+03  0.30725128E-02  0.69999999E+00  0.99999646E+03
  0.37500000E+01 -0.25000000E+00  0.00000000E+00  0.00000000E+00  0.10000070E+04  0.13565822E+02  0.12500000E+03 -0.15635355E-03  0.69999999E+00  0.10000002E+04
  0.42500000E+01 -0.25000000E+00  0.00000000E+00  0.00000000E+00  0.10000000E+04  0.00000000E+00  0.12500000E+03 -0.27690120E-36  0.69999999E+00  0.10000000E+04
  0.47500000E+01 -0.25000000E+00  0.00000000E+00  0.00000000E+00  0.10000000E+04  0.00000000E+00  0.12500000E+03 -0.13238907E-39  0.69999999E+00  0.10000000E+04
  0.52500000E+01 -0.25000000E+00  0.00000000E+00  0.00000000E+00  0.10000000E+04  0.00000000E+00  0.12500000E+03  0.00000000E+00  0.69999999E+00  0.10000000E+04
  0.57500000E+01 -0.25000000E+00  0.00000000E+00  0.00000000E+00  0.10000000E+04  0.00000000E+00  0.12500000E+03  0.00000000E+00  0.69999999E+00  0.10000000E+04
  0.62500000E+01 -0.25000000E+00  0.00000000E+00  0.00000000E+00  0.10000000E+04  0.00000000E+00  0.12500000E+03  0.00000000E+00  0.69999999E+00  0.10000000E+04
  0.67500000E+01 -0.25000000E+00  0.00000000E+00  0.00000000E+00  0.10000000E+04  0.00000000E+00  0.12500000E+03  0.00000000E+00  0.69999999E+00  0.10000000E+04
  0.72500000E+01 -0.25000000E+00  0.00000000E+00  0.00000000E+00  0.10000000E+04  0.00000000E+00  0.12500000E+03  0.00000000E+00  0.69999999E+00  0.10000000E+04
  0.77500000E+01 -0.25000000E+00  0.00000000E+00  0.00000000E+00  0.10000000E+04  0.00000000E+00  0.12500000E+03  0.00000000E+00  0.69999999E+00  0.10000000E+04
  0.40000000E+01  0.50000000E+00  0.00000000E+00  0.00000000E+00  0.10001422E+04  0.27914822E+03  0.12500000E+03 -0.25740860E-03  0.69999999E+00  0.10000003E+04
  0.37500000E+01  0.25000000E+00  0.00000000E+00  0.00000000E+00  0.10016469E+04  0.32471794E+04  0.12500000E+03 -0.14642091E-02  0.69999999E+00  0.10000016E+04
  0.40000000E+01  0.10000000E+01  0.00000000E+00  0.00000000E+00  0.10014576E+04  0.28725276E+04  0.12500000E+03 -0.12815648E-03  0.69999999E+00  0.10000001E+04
  0.37500000E+01  0.75000000E+00  0.00000000E+00  0.00000000E+00  0.10317600E+04  0.68574711E+05  0.12500000E+03  0.93078893E-03  0.69999999E+00  0.99999890E+03
  0.40000000E+01  0.15000000E+01  0.00000000E+00  0.00000000E+00  0.10009270E+04  0.18237834E+04  0.12500000E+03  0.35548373E-03  0.69999999E+00  0.99999957E+03
  0.37500000E+01  0.12500000E+01  0.00000000E+00  0.00000000E+00  0.10409991E+04  0.91038836E+05  0.12500000E+03  0.83310780E-03  0.69999999E+00  0.99999902E+03
  0.40000000E+01  0.20000000E+01  0.00000000E+00  0.00000000E+00  0.10010588E+04  0.20840093E+04  0.12500000E+03  0.30760659E-03  0.69999999E+00  0.99999963E+03
  0.37500000E+01  0.17500000E+01  0.00000000E+00  0.00000000E+00  0.10315542E+04  0.68088008E+05  0.12500000E+03  0.17025243E-02  0.69999999E+00  0.99999799E+03
  0.45000000E+01  0.50000000E+00  0.00000000E+00  0.00000000E+00  0.10000000E+04  0.00000000E+00  0.12500000E+03  0.39021118E-39  0.69999999E+00  0.10000000E+04
  0.42500000E+01  0.25000000E+00  0.00000000E+00  0.00000000E+00  0.10000018E+04  0.35083482E+01  0.12500000E+03 -0.74084828E-05  0.69999999E+00  0.10000000E+04
  0.45000000E+01  0.10000000E+01  0.00000000E+00  0.00000000E+00  0.10000000E+04  0.00000000E+00  0.12500000E+03 -0.56051939E-44  0.69999999E+00  0.10000000E+04
  0.42500000E+01  0.75000000E+00  0.00000000E+00  0.00000000E+00  0.10000944E+04  0.18529227E+03  0.12500000E+03 -0.10442676E-04  0.69999999E+00  0.10000000E+04
  0.45000000E+01  0.15000000E+01  0.00000000E+00  0.00000000E+00  0.10000000E+04  0.00000000E+00  0.12500000E+03 -0.61657132E-42  0.69999999E+00  0.10000000E+04
  0.42500000E+01  0.12500000E+01  0.00000000E+00  0.00000000E+00  0.10000066E+04  0.12864128E+02  0.12500000E+03  0.34267537E-05  0.69999999E+00  0.10000000E+04
  0.45000000E+01  0.20000000E+01  0.00000000E+00  0.00000000E+00  0.10000000E+04  0.00000000E+00  0.12500000E+03  0.58854536E-42  0.69999999E+00  0.10000000E+04
  0.42500000E+01  0.17500000E+01  0.00000000E+00  0.00000000E+00  0.10000031E+04  0.60811610E+01  0.12500000E+03 -0.35628464E-05  0.69999999E+00  0.10000000E+04
  0.50000000E+01  0.50000000E+00  0.00000000E+00  0.00000000E+00  0.10000000E+04  0.00000000E+00  0.12500000E+03  0.00000000E+00  0.69999999E+00  0.10000000E+04
  0.47500000E+01  0.25000000E+00  0.00000000E+00  0.00000000E+00  0.10000000E+04  0.00000000E+00  0.12500000E+03  0.13083363E-39  0.69999999E+00  0.10000000E+04
  0.50000000E+01  0.10000000E+01  0.00000000E+00  0.00000000E+00  0.10000000E+04  0.00000000E+00  0.12500000E+03  0.00000000E+00  0.69999999E+00  0.10000000E+04
  0.47500000E+01  0.75000000E+00  0.00000000E+00  0.00000000E+00  0.10000000E+04  0.00000000E+00  0.12500000E+03  0.00000000E+00  0.69999999E+00  0.10000000E+04
  0.50000000E+01  0.15000000E+01  0.00000000E+00  0.00000000E+00  0.10000000E+04  0.00000000E+00  0.12500000E+03 -0.40917915E-42  0.69999999E+00  0.10000000E+04
  0.47500000E+01  0.12500000E+01  0.00000000E+00  0.00000000E+00  0.10000000E+04  0.00000000E+00  0.12500000E+03 -0.37835059E-42  0.69999999E+00  0.10000000E+04
  0.50000000E+01  0.20000000E+01  0.00000000E+00  0.00000000E+00  0.10000000E+04  0.00000000E+00  0.12500000E+03  0.37554799E-42  0.69999999E+00  0.10000000E+04
  0.47500000E+01  0.17500000E+01  0.00000000E+00  0.00000000E+00  0.10000000E+04  0.00000000E+00  0.12500000E+03 -0.00000000E+00  0.69999999E+00  0.10000000E+04
  0.24806435E+01  0.93733525E+00  0.10157116E-01  0.35346496E+00  0.10032322E+04  0.64032437E+04  0.12576698E+03  0.12576674E+03  0.10000000E+01  0.00000000E+00
  0.11177086E+01  0.88151979E+00 -0.94210160E+00  0.18694279E+00  0.10016151E+04  0.31843535E+04  0.12561582E+03  0.12561256E+03  0.10000000E+01  0.00000000E+00
  0.16097219E+01  0.89728558E+00 -0.75886244E+00 -0.53134970E-01  0.10071382E+04  0.14308520E+05  0.12546356E+03  0.12546333E+03  0.10000000E+01  0.00000000E+00
  0.15662780E+01  0.16234775E+01 -0.88847387E+00 -0.14218200E+01  0.10069755E+04  0.13975504E+05  0.12531018E+03  0.12531027E+03  0.10000000E+01  0.00000000E+00
  0.27847657E+01  0.15566694E+01  0.69512725E+00 -0.25633895E+00  0.99796960E+03 -0.39594084E+04  0.12515567E+03  0.12515567E+03  0.10000000E+01  0.00000000E+00
  0.27652969E+01  0.15946827E+01 -0.12046258E+01  0.46225363E+00  0.99658618E+03 -0.66296621E+04  0.12500000E+03  0.12500000E+03  0.10000000E+01  0.00000000E+00
  0.27676926E+01  0.93559754E+00  0.58439678E+00  0.49442291E+00  0.99745789E+03 -0.49497979E+04  0.12576698E+03  0.12575461E+03  0.10000000E+01  0.00000000E+00
  0.94662464E+00  0.10323865E+01 -0.58652860E+00  0.43718463E+00  0.99854523E+03 -0.28418333E+04  0.12561582E+03  0.12560624E+03  0.10000000E+01  0.00000000E+00
  0.91255629E+00  0.10627882E+01  0.15023655E+00 -0.11754303E+01  0.99909076E+03 -0.17791265E+04  0.12546356E+03  0.12546037E+03  0.10000000E+01  0.00000000E+00
  0.24945724E+01  0.13297545E+01  0.31044936E-01  0.24827437E-01  0.10023046E+04  0.45531528E+04  0.12531018E+03  0.12531038E+03  0.10000000E+01  0.00000000E+00
  0.13525542E+01  0.86582291E+00  0.19542962E+00  0.19445507E-01  0.10042993E+04  0.85447725E+04  0.12515567E+03  0.12515535E+03  0.10000000E+01  0.00000000E+00
  0.70784020E+00  0.86999953E+00 -0.58582151E+00 -0.16458568E+00  0.10081841E+04  0.16457062E+05  0.12500000E+03  0.12500000E+03  0.10000000E+01  0.00000000E+00
  0.20215800E+01  0.10178276E+01  0.27116138E+00 -0.46802109E+00  0.10043710E+04  0.86892754E+04  0.12576698E+03  0.12575644E+03  0.10000000E+01  0.00000000E+00
  0.27389867E+01  0.91129816E+00  0.23276038E-01  0.16512704E+00  0.99891986E+03 -0.21124099E+04  0.12561582E+03  0.12561059E+03  0.10000000E+01  0.00000000E+00
  0.29165659E+01  0.12417594E+01 -0.16009817E+00  0.39079362E+00  0.10020559E+04  0.40586069E+04  0.12546356E+03  0.12546005E+03  0.10000000E+01  0.00000000E+00
  0.21377137E+01  0.12073065E+01 -0.74366188E+00 -0.11379550E+01  0.10075070E+04  0.15064553E+05  0.12531018E+03  0.12531018E+03  0.10000000E+01  0.00000000E+00
  0.28664570E+01  0.78008211E+00 -0.28506613E+00  0.87970011E-01  0.10014500E+04  0.28571917E+04  0.12515567E+03  0.12515553E+03  0.10000000E+01  0.00000000E+00
  0.13288186E+01  0.16152074E+01 -0.16990123E+01 -0.90557933E-01  0.10057932E+04  0.11565504E+05  0.12500000E+03  0.12499989E+03  0.10000000E+01  0.00000000E+00
  0.91706085E+00  0.14373897E+01  0.32136714E+00  0.87942839E+00  0.10037250E+04  0.73907349E+04  0.12576698E+03  0.12576566E+03  0.10000000E+01  0.00000000E+00
  0.28289199E+01  0.10063653E+01  0.10893786E+00  0.14809078E+00  0.99974060E+03 -0.50854578E+03  0.12561582E+03  0.12561245E+03  0.10000000E+01  0.00000000E+00
  0.15417819E+01  0.12898066E+01 -0.89217532E+00 -0.11507628E+01  0.10109924E+04  0.22291502E+05  0.12546356E+03  0.12546202E+03  0.10000000E+01  0.00000000E+00
  0.22026441E+01  0.91336441E+00 -0.59475970E+00  0.80566287E+00  0.10122343E+04  0.24902951E+05  0.12531018E+03  0.12530890E+03  0.10000000E+01  0.00000000E+00
  0.10886461E+01  0.19022954E+01 -0.83833858E-01  0.11132658E+01  0.10005539E+04  0.10884537E+04  0.12515567E+03  0.12515567E+03  0.10000000E+01  0.00000000E+00
  0.15586472E+01  0.84163094E+00 -0.11424284E+01  0.34880050E-01  0.10132604E+04  0.27074994E+05  0.12500000E+03  0.12500012E+03  0.10000000E+01  0.00000000E+00
  0.91706479E+00  0.15294397E+01 -0.27370509E-01  0.75625610E+00  0.10032884E+04  0.65158159E+04  0.12561582E+03  0.12561399E+03  0.10000000E+01  0.00000000E+00
  0.11951640E+01  0.19745882E+01 -0.25721600E+01  0.53172702E+00  0.10027315E+04  0.54034424E+04  0.12531018E+03  0.12531004E+03  0.10000000E+01  0.00000000E+00
  0.23846653E+01  0.17547674E+01 -0.68506277E+00 -0.55599427E+00  0.10042870E+04  0.85200547E+04  0.12500000E+03  0.12500000E+03  0.10000000E+01  0.00000000E+00
