  0.00000000E+00  0.00000000E+00  0.00000000E+00  0.00000000E+00  0.10016257E+04  0.32053730E+04  0.12500000E+03  0.27764461E-02  0.69999999E+00  0.99999683E+03
  0.00000000E+00  0.50000000E+00  0.00000000E+00  0.00000000E+00  0.10213037E+04  0.44566000E+05  0.12500000E+03  0.41794959E-02  0.69999999E+00  0.99999512E+03
  0.00000000E+00  0.10000000E+01  0.00000000E+00  0.00000000E+00  0.10200450E+04  0.41774004E+05  0.12500000E+03  0.44019287E-02  0.69999999E+00  0.99999487E+03
  0.00000000E+00  0.15000000E+01  0.00000000E+00  0.00000000E+00  0.10152292E+04  0.31280059E+05  0.12500000E+03  0.16702125E-02  0.69999999E+00  0.99999805E+03
  0.00000000E+00  0.20000000E+01  0.00000000E+00  0.00000000E+00  0.10197167E+04  0.41048855E+05  0.12500000E+03 -0.22291970E-02  0.69999999E+00  0.10000026E+04
  0.00000000E+00  0.25000000E+01  0.00000000E+00  0.00000000E+00  0.10034469E+04  0.68332266E+04  0.12500000E+03  0.52610430E-03  0.69999999E+00  0.99999939E+03
  0.00000000E+00  0.30000000E+01  0.00000000E+00  0.00000000E+00  0.10000026E+04  0.51455903E+01  0.12500000E+03  0.38292605E-04  0.69999999E+00  0.99999994E+03
  0.00000000E+00  0.35000000E+01  0.00000000E+00  0.00000000E+00  0.10000000E+04  0.00000000E+00  0.12500000E+03  0.00000000E+00  0.69999999E+00  0.10000000E+04
  0.00000000E+00  0.40000000E+01  0.00000000E+00  0.00000000E+00  0.10000000E+04  0.00000000E+00  0.12500000E+03  0.00000000E+00  0.69999999E+00  0.10000000E+04
 -0.25000000E+00 -0.25000000E+00  0.00000000E+00  0.00000000E+00  0.10006414E+04  0.12607445E+04  0.12500000E+03  0.52005530E-03  0.69999999E+00  0.99999939E+03
 -0.25000000E+00  0.25000000E+00  0.00000000E+00  0.00000000E+00  0.10008572E+04  0.16862246E+04  0.12500000E+03  0.12807769E-02  0.69999999E+00  0.99999854E+03
 -0.25000000E+00  0.75000000E+00  0.00000000E+00  0.00000000E+00  0.10052030E+04  0.10369034E+05  0.12500000E+03  0.73039322E-03  0.69999999E+00  0.99999915E+03
 -0.25000000E+00  0.12500000E+01  0.00000000E+00  0.00000000E+00  0.10029630E+04  0.58654692E+04  0.12500000E+03  0.13839400E-02  0.69999999E+00  0.99999841E+03
 -0.25000000E+00  0.17500000E+01  0.00000000E+00  0.00000000E+00  0.10008556E+04  0.16829333E+04  0.12500000E+03 -0.45520090E-03  0.69999999E+00  0.10000005E+04
 -0.25000000E+00  0.22500000E+01  0.00000000E+00  0.00000000E+00  0.10015139E+04  0.29839109E+04  0.12500000E+03 -0.18548567E-03  0.69999999E+00  0.10000002E+04
 -0.25000000E+00  0.27500000E+01  0.00000000E+00  0.00000000E+00  0.10000007E+04  0.14033347E+01  0.12500000E+03  0.17473474E-04  0.69999999E+00  0.10000000E+04
 -0.25000000E+00  0.32500000E+01  0.00000000E+00  0.00000000E+00  0.10000000E+04  0.00000000E+00  0.12500000E+03  0.30469834E-40  0.69999999E+00  0.10000000E+04
 -0.25000000E+00  0.37500000E+01  0.00000000E+00  0.00000000E+00  0.10000000E+04  0.00000000E+00  0.12500000E+03  0.00000000E+00  0.69999999E+00  0.10000000E+04
  0.80000000E+01  0.00000000E+00  0.00000000E+00  0.00000000E+00  0.10000000E+04  0.00000000E+00  0.12500000E+03  0.00000000E+00  0.69999999E+00  0.10000000E+04
  0.80000000E+01  0.50000000E+00  0.00000000E+00  0.00000000E+00  0.10000000E+04  0.00000000E+00  0.12500000E+03  0.00000000E+00  0.69999999E+00  0.10000000E+04
  0.80000000E+01  0.10000000E+01  0.00000000E+00  0.00000000E+00  0.10000000E+04  0.00000000E+00  0.12500000E+03  0.00000000E+00  0.69999999E+00  0.10000000E+04
  0.80000000E+01  0.15000000E+01  0.00000000E+00  0.00000000E+00  0.10000000E+04  0.00000000E+00  0.12500000E+03  0.00000000E+00  0.69999999E+00  0.10000000E+04
  0.80000000E+01  0.20000000E+01  0.00000000E+00  0.00000000E+00  0.10000000E+04  0.00000000E+00  0.12500000E+03  0.00000000E+00  0.69999999E+00  0.10000000E+04
  0.80000000E+01  0.25000000E+01  0.00000000E+00  0.00000000E+00  0.10000000E+04  0.00000000E+00  0.12500000E+03  0.00000000E+00  0.69999999E+00  0.10000000E+04
  0.80000000E+01  0.30000000E+01  0.00000000E+00  0.00000000E+00  0.10000000E+04  0.00000000E+00  0.12500000E+03  0.00000000E+00  0.69999999E+00  0.10000000E+04
  0.80000000E+01  0.35000000E+01  0.00000000E+00  0.00000000E+00  0.10000000E+04  0.00000000E+00  0.12500000E+03  0.00000000E+00  0.69999999E+00  0.10000000E+04
  0.80000000E+01  0.40000000E+01  0.00000000E+00  0.00000000E+00  0.10000000E+04  0.00000000E+00  0.12500000E+03  0.00000000E+00  0.69999999E+00  0.10000000E+04
  0.82500000E+01 -0.25000000E+00  0.00000000E+00  0.00000000E+00  0.10000000E+04  0.00000000E+00  0.12500000E+03  0.00000000E+00  0.69999999E+00  0.10000000E+04
  0.82500000E+01  0.25000000E+00  0.00000000E+00  0.00000000E+00  0.10000000E+04  0.00000000E+00  0.12500000E+03  0.00000000E+00  0.69999999E+00  0.10000000E+04
  0.82500000E+01  0.75000000E+00  0.00000000E+00  0.00000000E+00  0.10000000E+04  0.00000000E+00  0.12500000E+03  0.00000000E+00  0.69999999E+00  0.10000000E+04
  0.82500000E+01  0.12500000E+01  0.00000000E+00  0.00000000E+00  0.10000000E+04  0.00000000E+00  0.12500000E+03  0.00000000E+00  0.69999999E+00  0.10000000E+04
  0.82500000E+01  0.17500000E+01  0.00000000E+00  0.00000000E+00  0.10000000E+04  0.00000000E+00  0.12500000E+03  0.00000000E+00  0.69999999E+00  0.10000000E+04
  0.82500000E+01  0.22500000E+01  0.00000000E+00  0.00000000E+00  0.10000000E+04  0.00000000E+00  0.12500000E+03  0.00000000E+00  0.69999999E+00  0.10000000E+04
  0.82500000E+01  0.27500000E+01  0.00000000E+00  0.00000000E+00  0.10000000E+04  0.00000000E+00  0.12500000E+03  0.00000000E+00  0.69999999E+00  0.10000000E+04
  0.82500000E+01  0.32500000E+01  0.00000000E+00  0.00000000E+00  0.10000000E+04  0.00000000E+00  0.12500000E+03  0.00000000E+00  0.69999999E+00  0.10000000E+04
  0.82500000E+01  0.37500000E+01  0.00000000E+00  0.00000000E+00  0.10000000E+04  0.00000000E+00  0.12500000E+03  0.00000000E+00  0.69999999E+00  0.10000000E+04
  0.50000000E+00  0.00000000E+00  0.00000000E+00  0.00000000E+00  0.10512513E+04  0.11740620E+06  0.12500000E+03  0.14153171E-01  0.69999999E+00  0.99998297E+03
  0.10000000E+01  0.00000000E+00  0.00000000E+00  0.00000000E+00  0.10803994E+04  0.20131962E+06  0.12500000E+03  0.83696041E-02  0.69999999E+00  0.99998969E+03
  0.15000000E+01  0.00000000E+00  0.00000000E+00  0.00000000E+00  0.10293947E+04  0.63014633E+05  0.12500000E+03  0.24331097E-01  0.69999999E+00  0.99997137E+03
  0.20000000E+01  0.00000000E+00  0.00000000E+00  0.00000000E+00  0.11282542E+04  0.37201766E+06  0.12500000E+03  0.28538318E-01  0.69999999E+00  0.99996320E+03
  0.25000000E+01  0.00000000E+00  0.00000000E+00  0.00000000E+00  0.10301088E+04  0.64685355E+05  0.12500000E+03  0.98817106E-02  0.69999999E+00  0.99998834E+03
  0.30000000E+01  0.00000000E+00  0.00000000E+00  0.00000000E+00  0.10316907E+04  0.68410812E+05  0.12500000E+03  0.11626171E-01  0.69999999E+00  0.99998627E+03
  0.35000000E+01  0.00000000E+00  0.00000000E+00  0.00000000E+00  0.10019700E+04  0.38879263E+04  0.12500000E+03  0.49346555E-02  0.69999999E+00  0.99999432E+03
  0.40000000E+01  0.00000000E+00  0.00000000E+00  0.00000000E+00  0.10000137E+04  0.26898298E+02  0.12500000E+03 -0.68247195E-04  0.69999999E+00  0.10000001E+04
  0.45000000E+01  0.00000000E+00  0.00000000E+00  0.00000000E+00  0.10000000E+04  0.00000000E+00  0.12500000E+03  0.16111906E-38  0.69999999E+00  0.10000000E+04
  0.50000000E+01  0.00000000E+00  0.00000000E+00  0.00000000E+00  0.10000000E+04  0.00000000E+00  0.12500000E+03 -0.85254999E-41  0.69999999E+00  0.10000000E+04
  0.55000000E+01  0.00000000E+00  0.00000000E+00  0.00000000E+00  0.10000000E+04  0.00000000E+00  0.12500000E+03  0.00000000E+00  0.69999999E+00  0.10000000E+04
  0.60000000E+01  0.00000000E+00  0.00000000E+00  0.00000000E+00  0.10000000E+04  0.00000000E+00  0.12500000E+03  0.00000000E+00  0.69999999E+00  0.10000000E+04
  0.65000000E+01  0.00000000E+00  0.00000000E+00  0.00000000E+00  0.10000000E+04  0.00000000E+00  0.12500000E+03  0.00000000E+00  0.69999999E+00  0.10000000E+04
  0.70000000E+01  0.00000000E+00  0.00000000E+00  0.00000000E+00  0.10000000E+04  0.00000000E+00  0.12500000E+03  0.00000000E+00  0.69999999E+00  0.10000000E+04
  0.75000000E+01  0.00000000E+00  0.00000000E+00  0.00000000E+00  0.10000000E+04  0.00000000E+00  0.12500000E+03  0.00000000E+00  0.69999999E+00  0.10000000E+04
  0.25000000E+00 -0.25000000E+00  0.00000000E+00  0.00000000E+00  0.10057756E+04  0.11530154E+05  0.12500000E+03  0.35610101E-02  0.69999999E+00  0.99999591E+03
  0.75000000E+00 -0.25000000E+00  0.00000000E+00  0.00000000E+00  0.10267278E+04  0.56837145E+05  0.12500000E+03  0.10128427E-01  0.69999999E+00  0.99998810E+03
  0.12500000E+01 -0.25000000E+00  0.00000000E+00  0.00000000E+00  0.10106759E+04  0.21629053E+05  0.12500000E+03  0.77850930E-02  0.69999999E+00  0.99999103E+03
  0.17500000E+01 -0.25000000E+00  0.00000000E+00  0.00000000E+00  0.10146794E+04  0.30100885E+05  0.12500000E+03  0.12008145E-01  0.69999999E+00  0.99998608E+03
  0.22500000E+01 -0.25000000E+00  0.00000000E+00  0.00000000E+00  0.10010594E+04  0.20851860E+04  0.12500000E+03  0.12266887E-01  0.69999999E+00  0.99998596E+03
  0.27500000E+01 -0.25000000E+00  0.00000000E+00  0.00000000E+00  0.10016730E+04  0.32989131E+04  0.12500000E+03  0.63469717E-02  0.69999999E+00  0.99999274E+03
  0.32500000E+01 -0.25000000E+00  0.00000000E+00  0.00000000E+00  0.10002368E+04  0.46506708E+03  0.12500000E+03  0.45243246E-02  0.69999999E+00  0.99999481E+03
  0.37500000E+01 -0.25000000E+00  0.00000000E+00  0.00000000E+00  0.10000070E+04  0.13565822E+02  0.12500000E+03 -0.15635355E-03  0.69999999E+00  0.10000002E+04
  0.42500000E+01 -0.25000000E+00  0.00000000E+00  0.00000000E+00  0.10000000E+04  0.00000000E+00  0.12500000E+03 -0.49854399E-35  0.69999999E+00  0.10000000E+04
  0.47500000E+01 -0.25000000E+00  0.00000000E+00  0.00000000E+00  0.10000000E+04  0.00000000E+00  0.12500000E+03 -0.35246552E-38  0.69999999E+00  0.10000000E+04
  0.52500000E+01 -0.25000000E+00  0.00000000E+00  0.00000000E+00  0.10000000E+04  0.00000000E+00  0.12500000E+03  0.00000000E+00  0.69999999E+00  0.10000000E+04
  0.57500000E+01 -0.25000000E+00  0.00000000E+00  0.00000000E+00  0.10000000E+04  0.00000000E+00  0.12500000E+03  0.00000000E+00  0.69999999E+00  0.10000000E+04
  0.62500000E+01 -0.25000000E+00  0.00000000E+00  0.00000000E+00  0.10000000E+04  0.00000000E+00  0.12500000E+03  0.00000000E+00  0.69999999E+00  0.10000000E+04
  0.67500000E+01 -0.25000000E+00  0.00000000E+00  0.00000000E+00  0.10000000E+04  0.00000000E+00  0.12500000E+03  0.00000000E+00  0.69999999E+00  0.10000000E+04
  0.72500000E+01 -0.25000000E+00  0.00000000E+00  0.00000000E+00  0.10000000E+04  0.00000000E+00  0.12500000E+03  0.00000000E+00  0.69999999E+00  0.10000000E+04
  0.77500000E+01 -0.25000000E+00  0.00000000E+00  0.00000000E+00  0.10000000E+04  0.00000000E+00  0.12500000E+03  0.00000000E+00  0.69999999E+00  0.10000000E+04
  0.40000000E+01  0.50000000E+00  0.00000000E+00  0.00000000E+00  0.10010128E+04  0.19931656E+04  0.12500000E+03 -0.55071630E-03  0.69999999E+00  0.10000006E+04
  0.37500000E+01  0.25000000E+00  0.00000000E+00  0.00000000E+00  0.10035197E+04  0.69789067E+04  0.12500000E+03 -0.23890017E-02  0.69999999E+00  0.10000027E+04
  0.40000000E+01  0.10000000E+01  0.00000000E+00  0.00000000E+00  0.10039608E+04  0.78641372E+04  0.12500000E+03 -0.12213300E-03  0.69999999E+00  0.10000001E+04
  0.37500000E+01  0.75000000E+00  0.00000000E+00  0.00000000E+00  0.10563744E+04  0.13117288E+06  0.12500000E+03  0.11115468E-02  0.69999999E+00  0.99999866E+03
  0.40000000E+01  0.15000000E+01  0.00000000E+00  0.00000000E+00  0.10002225E+04  0.43696173E+03  0.12500000E+03  0.52656664E-03  0.69999999E+00  0.99999939E+03
  0.37500000E+01  0.12500000E+01  0.00000000E+00  0.00000000E+00  0.10215067E+04  0.45018285E+05  0.12500000E+03  0.13108300E-02  0.69999999E+00  0.99999847E+03
  0.40000000E+01  0.20000000E+01  0.00000000E+00  0.00000000E+00  0.10013503E+04  0.26600125E+04  0.12500000E+03  0.38575369E-03  0.69999999E+00  0.99999957E+03
  0.37500000E+01  0.17500000E+01  0.00000000E+00  0.00000000E+00  0.10115425E+04  0.23445707E+05  0.12500000E+03  0.27079924E-02  0.69999999E+00  0.99999689E+03
  0.45000000E+01  0.50000000E+00  0.00000000E+00  0.00000000E+00  0.10000000E+04  0.00000000E+00  0.12500000E+03  0.10386654E-37  0.69999999E+00  0.10000000E+04
  0.42500000E+01  0.25000000E+00  0.00000000E+00  0.00000000E+00  0.10000018E+04  0.35083482E+01  0.12500000E+03 -0.74084828E-05  0.69999999E+00  0.10000000E+04
  0.45000000E+01  0.10000000E+01  0.00000000E+00  0.00000000E+00  0.10000000E+04  0.00000000E+00  0.12500000E+03 -0.83601466E-41  0.69999999E+00  0.10000000E+04
  0.42500000E+01  0.75000000E+00  0.00000000E+00  0.00000000E+00  0.10000916E+04  0.17967581E+03  0.12500000E+03 -0.21151425E-04  0.69999999E+00  0.10000000E+04
  0.45000000E+01  0.15000000E+01  0.00000000E+00  0.00000000E+00  0.10000000E+04  0.00000000E+00  0.12500000E+03 -0.43286110E-40  0.69999999E+00  0.10000000E+04
  0.42500000E+01  0.12500000E+01  0.00000000E+00  0.00000000E+00  0.10000066E+04  0.12864128E+02  0.12500000E+03  0.64903998E-05  0.69999999E+00  0.10000000E+04
  0.45000000E+01  0.20000000E+01  0.00000000E+00  0.00000000E+00  0.10000000E+04  0.00000000E+00  0.12500000E+03  0.39365276E-40  0.69999999E+00  0.10000000E+04
  0.42500000E+01  0.17500000E+01  0.00000000E+00  0.00000000E+00  0.10000031E+04  0.60811610E+01  0.12500000E+03 -0.35628464E-05  0.69999999E+00  0.10000000E+04
  0.50000000E+01  0.50000000E+00  0.00000000E+00  0.00000000E+00  0.10000000E+04  0.00000000E+00  0.12500000E+03  0.80770843E-41  0.69999999E+00  0.10000000E+04
  0.47500000E+01  0.25000000E+00  0.00000000E+00  0.00000000E+00  0.10000000E+04  0.00000000E+00  0.12500000E+03  0.34847967E-38  0.69999999E+00  0.10000000E+04
  0.50000000E+01  0.10000000E+01  0.00000000E+00  0.00000000E+00  0.10000000E+04  0.00000000E+00  0.12500000E+03  0.00000000E+00  0.69999999E+00  0.10000000E+04
  0.47500000E+01  0.75000000E+00  0.00000000E+00  0.00000000E+00  0.10000000E+04  0.00000000E+00  0.12500000E+03  0.84974739E-41  0.69999999E+00  0.10000000E+04
  0.50000000E+01  0.15000000E+01  0.00000000E+00  0.00000000E+00  0.10000000E+04  0.00000000E+00  0.12500000E+03 -0.31293797E-40  0.69999999E+00  0.10000000E+04
  0.47500000E+01  0.12500000E+01  0.00000000E+00  0.00000000E+00  0.10000000E+04  0.00000000E+00  0.12500000E+03 -0.30133522E-40  0.69999999E+00  0.10000000E+04
  0.50000000E+01  0.20000000E+01  0.00000000E+00  0.00000000E+00  0.10000000E+04  0.00000000E+00  0.12500000E+03  0.27801762E-40  0.69999999E+00  0.10000000E+04
  0.47500000E+01  0.17500000E+01  0.00000000E+00  0.00000000E+00  0.10000000E+04  0.00000000E+00  0.12500000E+03 -0.12527608E-41  0.69999999E+00  0.10000000E+04
  0.28168366E+01  0.93012822E+00 -0.11807162E+00  0.55118716E+00  0.10017119E+04  0.33761748E+04  0.12576698E+03  0.12576656E+03  0.10000000E+01  0.00000000E+00
  0.90283334E+00  0.13947929E+01  0.28802514E+00  0.37259841E+00  0.99831635E+03 -0.32866877E+04  0.12561582E+03  0.12561256E+03  0.10000000E+01  0.00000000E+00
  0.18135569E+01  0.11245730E+01  0.17904738E+00  0.48936164E+00  0.10127614E+04  0.26016975E+05  0.12546356E+03  0.12546323E+03  0.10000000E+01  0.00000000E+00
  0.26741202E+01  0.15141294E+01 -0.37633550E+00 -0.54927427E+00  0.10002946E+04  0.57844977E+03  0.12531018E+03  0.12531044E+03  0.10000000E+01  0.00000000E+00
  0.21679320E+01  0.15520734E+01 -0.19817655E+01 -0.70846081E+00  0.10016066E+04  0.31673503E+04  0.12515567E+03  0.12515567E+03  0.10000000E+01  0.00000000E+00
  0.25730581E+01  0.15617733E+01 -0.54226911E+00 -0.49130780E+00  0.10008423E+04  0.16568392E+04  0.12500000E+03  0.12499985E+03  0.10000000E+01  0.00000000E+00
  0.26625347E+01  0.84694898E+00  0.75859495E-01  0.42108004E-02  0.10037930E+04  0.75270869E+04  0.12576698E+03  0.12575461E+03  0.10000000E+01  0.00000000E+00
  0.89483976E+00  0.91999710E+00 -0.60170305E+00  0.77819449E+00  0.99833600E+03 -0.32484822E+04  0.12561582E+03  0.12560609E+03  0.10000000E+01  0.00000000E+00
  0.78156698E+00  0.10982279E+01  0.78389376E-01  0.67016435E+00  0.99964899E+03 -0.68796027E+03  0.12546356E+03  0.12546051E+03  0.10000000E+01  0.00000000E+00
  0.28290260E+01  0.84751880E+00 -0.79173821E+00 -0.77811575E+00  0.10001365E+04  0.26791217E+03  0.12531018E+03  0.12531038E+03  0.10000000E+01  0.00000000E+00
  0.10513226E+01  0.89014018E+00 -0.76182455E-01  0.41597939E+00  0.99902844E+03 -0.19006454E+04  0.12515567E+03  0.12515535E+03  0.10000000E+01  0.00000000E+00
  0.68623281E+00  0.86016643E+00  0.33891135E+00  0.35190508E-01  0.10072480E+04  0.14533641E+05  0.12500000E+03  0.12500000E+03  0.10000000E+01  0.00000000E+00
  0.18258417E+01  0.96928287E+00 -0.10883325E+01 -0.46321109E-01  0.10036224E+04  0.71848770E+04  0.12576698E+03  0.12575644E+03  0.10000000E+01  0.00000000E+00
  0.26046927E+01  0.85706210E+00 -0.14520389E+00  0.79599455E-01  0.10049880E+04  0.99342744E+04  0.12561582E+03  0.12561059E+03  0.10000000E+01  0.00000000E+00
  0.26381602E+01  0.13104495E+01 -0.22159711E+00 -0.19291554E+00  0.10007075E+04  0.13910789E+04  0.12546356E+03  0.12546005E+03  0.10000000E+01  0.00000000E+00
  0.13397958E+01  0.84815872E+00 -0.52914739E+00 -0.11695910E+00  0.99724182E+03 -0.53670244E+04  0.12531018E+03  0.12531018E+03  0.10000000E+01  0.00000000E+00
  0.29378543E+01  0.89915311E+00 -0.40019655E+00  0.80189383E+00  0.10084361E+04  0.16976428E+05  0.12515567E+03  0.12515553E+03  0.10000000E+01  0.00000000E+00
  0.99975109E+00  0.17048202E+01 -0.12129281E+00  0.38847548E+00  0.99938544E+03 -0.12035919E+04  0.12500000E+03  0.12500612E+03  0.10000000E+01  0.00000000E+00
  0.97756672E+00  0.15933417E+01  0.24802461E+00  0.48974556E+00  0.99856091E+03 -0.28113428E+04  0.12576698E+03  0.12576566E+03  0.10000000E+01  0.00000000E+00
  0.23459382E+01  0.96899557E+00  0.45749170E+00 -0.23729640E+00  0.10062590E+04  0.12513334E+05  0.12561582E+03  0.12561228E+03  0.10000000E+01  0.00000000E+00
  0.15944331E+01  0.11278036E+01 -0.70826894E+00  0.10860169E+00  0.10118309E+04  0.24052584E+05  0.12546356E+03  0.12546202E+03  0.10000000E+01  0.00000000E+00
  0.20873444E+01  0.10066876E+01 -0.19950667E+00  0.46911621E+00  0.10090381E+04  0.18220854E+05  0.12531018E+03  0.12530890E+03  0.10000000E+01  0.00000000E+00
  0.19622221E+01  0.16802330E+01 -0.32557535E+00  0.73975700E+00  0.99847467E+03 -0.29790620E+04  0.12515567E+03  0.12515567E+03  0.10000000E+01  0.00000000E+00
  0.13222675E+01  0.85645342E+00  0.31108059E-01  0.16816255E+00  0.99782520E+03 -0.42392085E+04  0.12500000E+03  0.12500012E+03  0.10000000E+01  0.00000000E+00
  0.11543307E+01  0.17095776E+01  0.28537366E+00  0.40084136E+00  0.99842896E+03 -0.30679282E+04  0.12561582E+03  0.12560780E+03  0.10000000E+01  0.00000000E+00
  0.12933849E+01  0.18759050E+01 -0.89529562E+00  0.94274235E+00  0.10026024E+04  0.51460605E+04  0.12531018E+03  0.12531004E+03  0.10000000E+01  0.00000000E+00
  0.22296536E+01  0.18827248E+01 -0.31565985E+00 -0.29411188E+00  0.10036414E+04  0.72228833E+04  0.12500000E+03  0.12500000E+03  0.10000000E+01  0.00000000E+00
