  0.00000000E+00  0.00000000E+00  0.00000000E+00  0.00000000E+00  0.10012502E+04  0.24622439E+04  0.12500000E+03  0.27219381E-02  0.69999999E+00  0.99999689E+03
  0.00000000E+00  0.50000000E+00  0.00000000E+00  0.00000000E+00  0.10213712E+04  0.44716523E+05  0.12500000E+03  0.40363199E-02  0.69999999E+00  0.99999530E+03
  0.00000000E+00  0.10000000E+01  0.00000000E+00  0.00000000E+00  0.10275952E+04  0.58835785E+05  0.12500000E+03  0.42970898E-02  0.69999999E+00  0.99999493E+03
  0.00000000E+00  0.15000000E+01  0.00000000E+00  0.00000000E+00  0.10211238E+04  0.44165688E+05  0.12500000E+03  0.16074018E-02  0.69999999E+00  0.99999811E+03
  0.00000000E+00  0.20000000E+01  0.00000000E+00  0.00000000E+00  0.10193771E+04  0.40300699E+05  0.12500000E+03 -0.21352107E-02  0.69999999E+00  0.10000025E+04
  0.00000000E+00  0.25000000E+01  0.00000000E+00  0.00000000E+00  0.10034469E+04  0.68332266E+04  0.12500000E+03  0.51974104E-03  0.69999999E+00  0.99999939E+03
  0.00000000E+00  0.30000000E+01  0.00000000E+00  0.00000000E+00  0.10000026E+04  0.51455903E+01  0.12500000E+03  0.38292605E-04  0.69999999E+00  0.99999994E+03
  0.00000000E+00  0.35000000E+01  0.00000000E+00  0.00000000E+00  0.10000000E+04  0.00000000E+00  0.12500000E+03  0.00000000E+00  0.69999999E+00  0.10000000E+04
  0.00000000E+00  0.40000000E+01  0.00000000E+00  0.00000000E+00  0.10000000E+04  0.00000000E+00  0.12500000E+03  0.00000000E+00  0.69999999E+00  0.10000000E+04
 -0.25000000E+00 -0.25000000E+00  0.00000000E+00  0.00000000E+00  0.10006414E+04  0.12607445E+04  0.12500000E+03  0.52005530E-03  0.69999999E+00  0.99999939E+03
 -0.25000000E+00  0.25000000E+00  0.00000000E+00  0.00000000E+00  0.10008544E+04  0.16805824E+04  0.12500000E+03  0.12548405E-02  0.69999999E+00  0.99999854E+03
 -0.25000000E+00  0.75000000E+00  0.00000000E+00  0.00000000E+00  0.10079667E+04  0.16009111E+05  0.12500000E+03  0.69080852E-03  0.69999999E+00  0.99999921E+03
 -0.25000000E+00  0.12500000E+01  0.00000000E+00  0.00000000E+00  0.10054609E+04  0.10891578E+05  0.12500000E+03  0.13486170E-02  0.69999999E+00  0.99999847E+03
 -0.25000000E+00  0.17500000E+01  0.00000000E+00  0.00000000E+00  0.10009111E+04  0.17925044E+04  0.12500000E+03 -0.43935131E-03  0.69999999E+00  0.10000005E+04
 -0.25000000E+00  0.22500000E+01  0.00000000E+00  0.00000000E+00  0.10015139E+04  0.29839109E+04  0.12500000E+03 -0.18548567E-03  0.69999999E+00  0.10000002E+04
 -0.25000000E+00  0.27500000E+01  0.00000000E+00  0.00000000E+00  0.10000007E+04  0.14033347E+01  0.12500000E+03  0.17473474E-04  0.69999999E+00  0.10000000E+04
 -0.25000000E+00  0.32500000E+01  0.00000000E+00  0.00000000E+00  0.10000000E+04  0.00000000E+00  0.12500000E+03  0.22196568E-40  0.69999999E+00  0.10000000E+04
 -0.25000000E+00  0.37500000E+01  0.00000000E+00  0.00000000E+00  0.10000000E+04  0.00000000E+00  0.12500000E+03  0.00000000E+00  0.69999999E+00  0.10000000E+04
  0.80000000E+01  0.00000000E+00  0.00000000E+00  0.00000000E+00  0.10000000E+04  0.00000000E+00  0.12500000E+03  0.00000000E+00  0.69999999E+00  0.10000000E+04
  0.80000000E+01  0.50000000E+00  0.00000000E+00  0.00000000E+00  0.10000000E+04  0.00000000E+00  0.12500000E+03  0.00000000E+00  0.69999999E+00  0.10000000E+04
  0.80000000E+01  0.10000000E+01  0.00000000E+00  0.00000000E+00  0.10000000E+04  0.00000000E+00  0.12500000E+03  0.00000000E+00  0.69999999E+00  0.10000000E+04
  0.80000000E+01  0.15000000E+01  0.00000000E+00  0.00000000E+00  0.10000000E+04  0.00000000E+00  0.12500000E+03  0.00000000E+00  0.69999999E+00  0.10000000E+04
  0.80000000E+01  0.20000000E+01  0.00000000E+00  0.00000000E+00  0.10000000E+04  0.00000000E+00  0.12500000E+03  0.00000000E+00  0.69999999E+00  0.10000000E+04
  0.80000000E+01  0.25000000E+01  0.00000000E+00  0.00000000E+00  0.10000000E+04  0.00000000E+00  0.12500000E+03  0.00000000E+00  0.69999999E+00  0.10000000E+04
  0.80000000E+01  0.30000000E+01  0.00000000E+00  0.00000000E+00  0.10000000E+04  0.00000000E+00  0.12500000E+03  0.00000000E+00  0.69999999E+00  0.10000000E+04
  0.80000000E+01  0.35000000E+01  0.00000000E+00  0.00000000E+00  0.10000000E+04  0.00000000E+00  0.12500000E+03  0.00000000E+00  0.69999999E+00  0.10000000E+04
  0.80000000E+01  0.40000000E+01  0.00000000E+00  0.00000000E+00  0.10000000E+04  0.00000000E+00  0.12500000E+03  0.00000000E+00  0.69999999E+00  0.10000000E+04
  0.82500000E+01 -0.25000000E+00  0.00000000E+00  0.00000000E+00  0.10000000E+04  0.00000000E+00  0.12500000E+03  0.00000000E+00  0.69999999E+00  0.10000000E+04
  0.82500000E+01  0.25000000E+00  0.00000000E+00  0.00000000E+00  0.10000000E+04  0.00000000E+00  0.12500000E+03  0.00000000E+00  0.69999999E+00  0.10000000E+04
  0.82500000E+01  0.75000000E+00  0.00000000E+00  0.00000000E+00  0.10000000E+04  0.00000000E+00  0.12500000E+03  0.00000000E+00  0.69999999E+00  0.10000000E+04
  0.82500000E+01  0.12500000E+01  0.00000000E+00  0.00000000E+00  0.10000000E+04  0.00000000E+00  0.12500000E+03  0.00000000E+00  0.69999999E+00  0.10000000E+04
  0.82500000E+01  0.17500000E+01  0.00000000E+00  0.00000000E+00  0.10000000E+04  0.00000000E+00  0.12500000E+03  0.00000000E+00  0.69999999E+00  0.10000000E+04
  0.82500000E+01  0.22500000E+01  0.00000000E+00  0.00000000E+00  0.10000000E+04  0.00000000E+00  0.12500000E+03  0.00000000E+00  0.69999999E+00  0.10000000E+04
  0.82500000E+01  0.27500000E+01  0.00000000E+00  0.00000000E+00  0.10000000E+04  0.00000000E+00  0.12500000E+03  0.00000000E+00  0.69999999E+00  0.10000000E+04
  0.82500000E+01  0.32500000E+01  0.00000000E+00  0.00000000E+00  0.10000000E+04  0.00000000E+00  0.12500000E+03  0.00000000E+00  0.69999999E+00  0.10000000E+04
  0.82500000E+01  0.37500000E+01  0.00000000E+00  0.00000000E+00  0.10000000E+04  0.00000000E+00  0.12500000E+03  0.00000000E+00  0.69999999E+00  0.10000000E+04
  0.50000000E+00  0.00000000E+00  0.00000000E+00  0.00000000E+00  0.10459701E+04  0.10362992E+06  0.12500000E+03  0.13893342E-01  0.69999999E+00  0.99998340E+03
  0.10000000E+01  0.00000000E+00  0.00000000E+00  0.00000000E+00  0.10717666E+04  0.17501941E+06  0.12500000E+03  0.82309805E-02  0.69999999E+00  0.99998993E+03
  0.15000000E+01  0.00000000E+00  0.00000000E+00  0.00000000E+00  0.10208784E+04  0.43620418E+05  0.12500000E+03  0.24001222E-01  0.69999999E+00  0.99997198E+03
  0.20000000E+01  0.00000000E+00  0.00000000E+00  0.00000000E+00  0.11341904E+04  0.39642469E+06  0.12500000E+03  0.28041543E-01  0.69999999E+00  0.99996362E+03
  0.25000000E+01  0.00000000E+00  0.00000000E+00  0.00000000E+00  0.10345104E+04  0.75136781E+05  0.12500000E+03  0.95504038E-02  0.69999999E+00  0.99998871E+03
  0.30000000E+01  0.00000000E+00  0.00000000E+00  0.00000000E+00  0.10472585E+04  0.10695250E+06  0.12500000E+03  0.11272261E-01  0.69999999E+00  0.99998651E+03
  0.35000000E+01  0.00000000E+00  0.00000000E+00  0.00000000E+00  0.10063051E+04  0.12607071E+05  0.12500000E+03  0.47603855E-02  0.69999999E+00  0.99999451E+03
  0.40000000E+01  0.00000000E+00  0.00000000E+00  0.00000000E+00  0.10000137E+04  0.26898298E+02  0.12500000E+03 -0.68247195E-04  0.69999999E+00  0.10000001E+04
  0.45000000E+01  0.00000000E+00  0.00000000E+00  0.00000000E+00  0.10000000E+04  0.00000000E+00  0.12500000E+03  0.11815328E-38  0.69999999E+00  0.10000000E+04
  0.50000000E+01  0.00000000E+00  0.00000000E+00  0.00000000E+00  0.10000000E+04  0.00000000E+00  0.12500000E+03 -0.58490198E-41  0.69999999E+00  0.10000000E+04
  0.55000000E+01  0.00000000E+00  0.00000000E+00  0.00000000E+00  0.10000000E+04  0.00000000E+00  0.12500000E+03  0.00000000E+00  0.69999999E+00  0.10000000E+04
  0.60000000E+01  0.00000000E+00  0.00000000E+00  0.00000000E+00  0.10000000E+04  0.00000000E+00  0.12500000E+03  0.00000000E+00  0.69999999E+00  0.10000000E+04
  0.65000000E+01  0.00000000E+00  0.00000000E+00  0.00000000E+00  0.10000000E+04  0.00000000E+00  0.12500000E+03  0.00000000E+00  0.69999999E+00  0.10000000E+04
  0.70000000E+01  0.00000000E+00  0.00000000E+00  0.00000000E+00  0.10000000E+04  0.00000000E+00  0.12500000E+03  0.00000000E+00  0.69999999E+00  0.10000000E+04
  0.75000000E+01  0.00000000E+00  0.00000000E+00  0.00000000E+00  0.10000000E+04  0.00000000E+00  0.12500000E+03  0.00000000E+00  0.69999999E+00  0.10000000E+04
  0.25000000E+00 -0.25000000E+00  0.00000000E+00  0.00000000E+00  0.10056791E+04  0.11334100E+05  0.12500000E+03  0.35246066E-02  0.69999999E+00  0.99999597E+03
  0.75000000E+00 -0.25000000E+00  0.00000000E+00  0.00000000E+00  0.10261619E+04  0.55538645E+05  0.12500000E+03  0.99394750E-02  0.69999999E+00  0.99998834E+03
  0.12500000E+01 -0.25000000E+00  0.00000000E+00  0.00000000E+00  0.10096409E+04  0.19471227E+05  0.12500000E+03  0.77234637E-02  0.69999999E+00  0.99999109E+03
  0.17500000E+01 -0.25000000E+00  0.00000000E+00  0.00000000E+00  0.10144313E+04  0.29569824E+05  0.12500000E+03  0.11863938E-01  0.69999999E+00  0.99998627E+03
  0.22500000E+01 -0.25000000E+00  0.00000000E+00  0.00000000E+00  0.10011168E+04  0.21986584E+04  0.12500000E+03  0.12034232E-01  0.69999999E+00  0.99998621E+03
  0.27500000E+01 -0.25000000E+00  0.00000000E+00  0.00000000E+00  0.10029034E+04  0.57464517E+04  0.12500000E+03  0.61004460E-02  0.69999999E+00  0.99999298E+03
  0.32500000E+01 -0.25000000E+00  0.00000000E+00  0.00000000E+00  0.10011902E+04  0.23434983E+04  0.12500000E+03  0.43490180E-02  0.69999999E+00  0.99999500E+03
  0.37500000E+01 -0.25000000E+00  0.00000000E+00  0.00000000E+00  0.10000070E+04  0.13565822E+02  0.12500000E+03 -0.15635355E-03  0.69999999E+00  0.10000002E+04
  0.42500000E+01 -0.25000000E+00  0.00000000E+00  0.00000000E+00  0.10000000E+04  0.00000000E+00  0.12500000E+03 -0.38808066E-35  0.69999999E+00  0.10000000E+04
  0.47500000E+01 -0.25000000E+00  0.00000000E+00  0.00000000E+00  0.10000000E+04  0.00000000E+00  0.12500000E+03 -0.26141447E-38  0.69999999E+00  0.10000000E+04
  0.52500000E+01 -0.25000000E+00  0.00000000E+00  0.00000000E+00  0.10000000E+04  0.00000000E+00  0.12500000E+03  0.00000000E+00  0.69999999E+00  0.10000000E+04
  0.57500000E+01 -0.25000000E+00  0.00000000E+00  0.00000000E+00  0.10000000E+04  0.00000000E+00  0.12500000E+03  0.00000000E+00  0.69999999E+00  0.10000000E+04
  0.62500000E+01 -0.25000000E+00  0.00000000E+00  0.00000000E+00  0.10000000E+04  0.00000000E+00  0.12500000E+03  0.00000000E+00  0.69999999E+00  0.10000000E+04
  0.67500000E+01 -0.25000000E+00  0.00000000E+00  0.00000000E+00  0.10000000E+04  0.00000000E+00  0.12500000E+03  0.00000000E+00  0.69999999E+00  0.10000000E+04
  0.72500000E+01 -0.25000000E+00  0.00000000E+00  0.00000000E+00  0.10000000E+04  0.00000000E+00  0.12500000E+03  0.00000000E+00  0.69999999E+00  0.10000000E+04
  0.77500000E+01 -0.25000000E+00  0.00000000E+00  0.00000000E+00  0.10000000E+04  0.00000000E+00  0.12500000E+03  0.00000000E+00  0.69999999E+00  0.10000000E+04
  0.40000000E+01  0.50000000E+00  0.00000000E+00  0.00000000E+00  0.10015842E+04  0.31229565E+04  0.12500000E+03 -0.51158608E-03  0.69999999E+00  0.10000006E+04
  0.37500000E+01  0.25000000E+00  0.00000000E+00  0.00000000E+00  0.10073121E+04  0.14665070E+05  0.12500000E+03 -0.22686482E-02  0.69999999E+00  0.10000026E+04
  0.40000000E+01  0.10000000E+01  0.00000000E+00  0.00000000E+00  0.10039797E+04  0.79019805E+04  0.12500000E+03 -0.13386706E-03  0.69999999E+00  0.10000002E+04
  0.37500000E+01  0.75000000E+00  0.00000000E+00  0.00000000E+00  0.10665043E+04  0.15959920E+06  0.12500000E+03  0.11278340E-02  0.69999999E+00  0.99999860E+03
  0.40000000E+01  0.15000000E+01  0.00000000E+00  0.00000000E+00  0.10001947E+04  0.38216327E+03  0.12500000E+03  0.49998367E-03  0.69999999E+00  0.99999945E+03
  0.37500000E+01  0.12500000E+01  0.00000000E+00  0.00000000E+00  0.10259751E+04  0.55110945E+05  0.12500000E+03  0.12412840E-02  0.69999999E+00  0.99999854E+03
  0.40000000E+01  0.20000000E+01  0.00000000E+00  0.00000000E+00  0.10013503E+04  0.26600125E+04  0.12500000E+03  0.38513431E-03  0.69999999E+00  0.99999957E+03
  0.37500000E+01  0.17500000E+01  0.00000000E+00  0.00000000E+00  0.10178080E+04  0.36862207E+05  0.12500000E+03  0.26005434E-02  0.69999999E+00  0.99999695E+03
  0.45000000E+01  0.50000000E+00  0.00000000E+00  0.00000000E+00  0.10000000E+04  0.00000000E+00  0.12500000E+03  0.77023715E-38  0.69999999E+00  0.10000000E+04
  0.42500000E+01  0.25000000E+00  0.00000000E+00  0.00000000E+00  0.10000018E+04  0.35083482E+01  0.12500000E+03 -0.74084828E-05  0.69999999E+00  0.10000000E+04
  0.45000000E+01  0.10000000E+01  0.00000000E+00  0.00000000E+00  0.10000000E+04  0.00000000E+00  0.12500000E+03 -0.84246064E-41  0.69999999E+00  0.10000000E+04
  0.42500000E+01  0.75000000E+00  0.00000000E+00  0.00000000E+00  0.10000916E+04  0.17967581E+03  0.12500000E+03 -0.20551628E-04  0.69999999E+00  0.10000000E+04
  0.45000000E+01  0.15000000E+01  0.00000000E+00  0.00000000E+00  0.10000000E+04  0.00000000E+00  0.12500000E+03 -0.32420441E-40  0.69999999E+00  0.10000000E+04
  0.42500000E+01  0.12500000E+01  0.00000000E+00  0.00000000E+00  0.10000066E+04  0.12864128E+02  0.12500000E+03  0.64903998E-05  0.69999999E+00  0.10000000E+04
  0.45000000E+01  0.20000000E+01  0.00000000E+00  0.00000000E+00  0.10000000E+04  0.00000000E+00  0.12500000E+03  0.28684580E-40  0.69999999E+00  0.10000000E+04
  0.42500000E+01  0.17500000E+01  0.00000000E+00  0.00000000E+00  0.10000031E+04  0.60811610E+01  0.12500000E+03 -0.35628464E-05  0.69999999E+00  0.10000000E+04
  0.50000000E+01  0.50000000E+00  0.00000000E+00  0.00000000E+00  0.10000000E+04  0.00000000E+00  0.12500000E+03  0.55379315E-41  0.69999999E+00  0.10000000E+04
  0.47500000E+01  0.25000000E+00  0.00000000E+00  0.00000000E+00  0.10000000E+04  0.00000000E+00  0.12500000E+03  0.25844063E-38  0.69999999E+00  0.10000000E+04
  0.50000000E+01  0.10000000E+01  0.00000000E+00  0.00000000E+00  0.10000000E+04  0.00000000E+00  0.12500000E+03 -0.00000000E+00  0.69999999E+00  0.10000000E+04
  0.47500000E+01  0.75000000E+00  0.00000000E+00  0.00000000E+00  0.10000000E+04  0.00000000E+00  0.12500000E+03  0.58742432E-41  0.69999999E+00  0.10000000E+04
  0.50000000E+01  0.15000000E+01  0.00000000E+00  0.00000000E+00  0.10000000E+04  0.00000000E+00  0.12500000E+03 -0.23463341E-40  0.69999999E+00  0.10000000E+04
  0.47500000E+01  0.12500000E+01  0.00000000E+00  0.00000000E+00  0.10000000E+04  0.00000000E+00  0.12500000E+03 -0.22454407E-40  0.69999999E+00  0.10000000E+04
  0.50000000E+01  0.20000000E+01  0.00000000E+00  0.00000000E+00  0.10000000E+04  0.00000000E+00  0.12500000E+03  0.20201119E-40  0.69999999E+00  0.10000000E+04
  0.47500000E+01  0.17500000E+01  0.00000000E+00  0.00000000E+00  0.10000000E+04  0.00000000E+00  0.12500000E+03 -0.11911037E-41  0.69999999E+00  0.10000000E+04
  0.28349941E+01  0.89174891E+00  0.20897271E+00  0.12376259E+00  0.10018075E+04  0.35655063E+04  0.12576698E+03  0.12576656E+03  0.10000000E+01  0.00000000E+00
  0.88549030E+00  0.13594850E+01 -0.14947027E+00 -0.20791730E+00  0.99864050E+03 -0.26565283E+04  0.12561582E+03  0.12561256E+03  0.10000000E+01  0.00000000E+00
  0.18321223E+01  0.10797076E+01  0.22038516E+00  0.11970821E+00  0.10115740E+04  0.23512111E+05  0.12546356E+03  0.12546323E+03  0.10000000E+01  0.00000000E+00
  0.27794559E+01  0.15768764E+01 -0.75428641E+00 -0.45883471E+00  0.10014042E+04  0.27668425E+04  0.12531018E+03  0.12531044E+03  0.10000000E+01  0.00000000E+00
  0.24773149E+01  0.16328729E+01 -0.25539727E+01 -0.49910069E+00  0.99981989E+03 -0.35321481E+03  0.12515567E+03  0.12515567E+03  0.10000000E+01  0.00000000E+00
  0.27102070E+01  0.16198862E+01 -0.96364379E+00 -0.31643659E+00  0.10003752E+04  0.73711084E+03  0.12500000E+03  0.12499985E+03  0.10000000E+01  0.00000000E+00
  0.26952567E+01  0.84283233E+00 -0.26113880E+00 -0.12406047E-01  0.10027623E+04  0.54647871E+04  0.12576698E+03  0.12575461E+03  0.10000000E+01  0.00000000E+00
  0.96515322E+00  0.88620770E+00 -0.44295707E+00 -0.14674208E+00  0.10037563E+04  0.74534023E+04  0.12561582E+03  0.12560609E+03  0.10000000E+01  0.00000000E+00
  0.79782355E+00  0.10380381E+01 -0.40579098E+00  0.13788217E+00  0.10023746E+04  0.46921470E+04  0.12546356E+03  0.12546051E+03  0.10000000E+01  0.00000000E+00
  0.28881142E+01  0.93191135E+00  0.12098283E+00 -0.12551727E+01  0.10003355E+04  0.65882532E+03  0.12531018E+03  0.12531038E+03  0.10000000E+01  0.00000000E+00
  0.10865432E+01  0.88038445E+00 -0.29194188E+00 -0.18570241E+00  0.10033601E+04  0.66594487E+04  0.12515567E+03  0.12515535E+03  0.10000000E+01  0.00000000E+00
  0.66565943E+00  0.89475238E+00 -0.11758235E+00 -0.53123581E+00  0.10080144E+04  0.16107488E+05  0.12500000E+03  0.12500000E+03  0.10000000E+01  0.00000000E+00
  0.19778757E+01  0.95187187E+00 -0.12422851E+01  0.14568932E-01  0.10091022E+04  0.18353689E+05  0.12576698E+03  0.12575644E+03  0.10000000E+01  0.00000000E+00
  0.26515820E+01  0.84707916E+00 -0.32852566E+00  0.81438288E-01  0.10028866E+04  0.57128965E+04  0.12561582E+03  0.12561059E+03  0.10000000E+01  0.00000000E+00
  0.27036042E+01  0.13345836E+01 -0.25287074E+00 -0.16755256E+00  0.99871332E+03 -0.25147532E+04  0.12546356E+03  0.12546005E+03  0.10000000E+01  0.00000000E+00
  0.14180903E+01  0.89239728E+00 -0.56550163E+00 -0.48278350E+00  0.10043120E+04  0.85702119E+04  0.12531018E+03  0.12531018E+03  0.10000000E+01  0.00000000E+00
  0.29479213E+01  0.81328177E+00  0.46406496E+00  0.79153216E+00  0.10050695E+04  0.10098901E+05  0.12515567E+03  0.12515553E+03  0.10000000E+01  0.00000000E+00
  0.10154579E+01  0.16418161E+01 -0.11375653E+00  0.43576062E+00  0.99813782E+03 -0.36332268E+04  0.12500000E+03  0.12500612E+03  0.10000000E+01  0.00000000E+00
  0.94983494E+00  0.15300437E+01  0.13932264E+00  0.33233789E+00  0.99810870E+03 -0.36897717E+04  0.12576698E+03  0.12576566E+03  0.10000000E+01  0.00000000E+00
  0.23606453E+01  0.99566889E+00 -0.19717662E+00 -0.54143155E+00  0.10020417E+04  0.40304302E+04  0.12561582E+03  0.12561228E+03  0.10000000E+01  0.00000000E+00
  0.16680653E+01  0.11306405E+01 -0.12319666E+00 -0.46297717E+00  0.10081232E+04  0.16331578E+05  0.12546356E+03  0.12546202E+03  0.10000000E+01  0.00000000E+00
  0.21725385E+01  0.94173753E+00 -0.79193282E+00  0.49827719E+00  0.10076212E+04  0.15298981E+05  0.12531018E+03  0.12530890E+03  0.10000000E+01  0.00000000E+00
  0.20841064E+01  0.15891867E+01 -0.91566181E+00  0.49648243E+00  0.10021505E+04  0.42466704E+04  0.12515567E+03  0.12515567E+03  0.10000000E+01  0.00000000E+00
  0.13493278E+01  0.87130225E+00 -0.16252485E+00 -0.25333881E+00  0.10038591E+04  0.76599038E+04  0.12500000E+03  0.12500012E+03  0.10000000E+01  0.00000000E+00
  0.11326125E+01  0.16401105E+01  0.36125323E+00  0.42128348E+00  0.99879559E+03 -0.23545723E+04  0.12561582E+03  0.12560780E+03  0.10000000E+01  0.00000000E+00
  0.14372717E+01  0.17024219E+01 -0.99662757E+00  0.11700065E+01  0.10012084E+04  0.23795417E+04  0.12531018E+03  0.12531004E+03  0.10000000E+01  0.00000000E+00
  0.23107970E+01  0.18947902E+01 -0.28564319E+00  0.28951401E+00  0.99788409E+03 -0.41251470E+04  0.12500000E+03  0.12500000E+03  0.10000000E+01  0.00000000E+00
