  0.00000000E+00  0.00000000E+00  0.00000000E+00  0.00000000E+00  0.10014092E+04  0.27765132E+04  0.12500000E+03  0.26101156E-02  0.69999999E+00  0.99999701E+03
  0.00000000E+00  0.50000000E+00  0.00000000E+00  0.00000000E+00  0.10220276E+04  0.46181344E+05  0.12500000E+03  0.37178430E-02  0.69999999E+00  0.99999567E+03
  0.00000000E+00  0.10000000E+01  0.00000000E+00  0.00000000E+00  0.10188063E+04  0.39046016E+05  0.12500000E+03  0.40427968E-02  0.69999999E+00  0.99999530E+03
  0.00000000E+00  0.15000000E+01  0.00000000E+00  0.00000000E+00  0.10209949E+04  0.43879180E+05  0.12500000E+03  0.14537119E-02  0.69999999E+00  0.99999829E+03
  0.00000000E+00  0.20000000E+01  0.00000000E+00  0.00000000E+00  0.10194905E+04  0.40550355E+05  0.12500000E+03 -0.19855965E-02  0.69999999E+00  0.10000023E+04
  0.00000000E+00  0.25000000E+01  0.00000000E+00  0.00000000E+00  0.10034469E+04  0.68332266E+04  0.12500000E+03  0.51974104E-03  0.69999999E+00  0.99999939E+03
  0.00000000E+00  0.30000000E+01  0.00000000E+00  0.00000000E+00  0.10000026E+04  0.51455903E+01  0.12500000E+03  0.38292605E-04  0.69999999E+00  0.99999994E+03
  0.00000000E+00  0.35000000E+01  0.00000000E+00  0.00000000E+00  0.10000000E+04  0.00000000E+00  0.12500000E+03  0.00000000E+00  0.69999999E+00  0.10000000E+04
  0.00000000E+00  0.40000000E+01  0.00000000E+00  0.00000000E+00  0.10000000E+04  0.00000000E+00  0.12500000E+03  0.00000000E+00  0.69999999E+00  0.10000000E+04
 -0.25000000E+00 -0.25000000E+00  0.00000000E+00  0.00000000E+00  0.10006414E+04  0.12607445E+04  0.12500000E+03  0.52005530E-03  0.69999999E+00  0.99999939E+03
 -0.25000000E+00  0.25000000E+00  0.00000000E+00  0.00000000E+00  0.10009241E+04  0.18181389E+04  0.12500000E+03  0.11943697E-02  0.69999999E+00  0.99999866E+03
 -0.25000000E+00  0.75000000E+00  0.00000000E+00  0.00000000E+00  0.10067739E+04  0.13563645E+05  0.12500000E+03  0.60847576E-03  0.69999999E+00  0.99999933E+03
 -0.25000000E+00  0.12500000E+01  0.00000000E+00  0.00000000E+00  0.10035739E+04  0.70876108E+04  0.12500000E+03  0.12578741E-02  0.69999999E+00  0.99999854E+03
 -0.25000000E+00  0.17500000E+01  0.00000000E+00  0.00000000E+00  0.10010858E+04  0.21372090E+04  0.12500000E+03 -0.42782456E-03  0.69999999E+00  0.10000005E+04
 -0.25000000E+00  0.22500000E+01  0.00000000E+00  0.00000000E+00  0.10015139E+04  0.29839109E+04  0.12500000E+03 -0.18548567E-03  0.69999999E+00  0.10000002E+04
 -0.25000000E+00  0.27500000E+01  0.00000000E+00  0.00000000E+00  0.10000007E+04  0.14033347E+01  0.12500000E+03  0.17473474E-04  0.69999999E+00  0.10000000E+04
 -0.25000000E+00  0.32500000E+01  0.00000000E+00  0.00000000E+00  0.10000000E+04  0.00000000E+00  0.12500000E+03  0.98259048E-41  0.69999999E+00  0.10000000E+04
 -0.25000000E+00  0.37500000E+01  0.00000000E+00  0.00000000E+00  0.10000000E+04  0.00000000E+00  0.12500000E+03  0.00000000E+00  0.69999999E+00  0.10000000E+04
  0.80000000E+01  0.00000000E+00  0.00000000E+00  0.00000000E+00  0.10000000E+04  0.00000000E+00  0.12500000E+03  0.00000000E+00  0.69999999E+00  0.10000000E+04
  0.80000000E+01  0.50000000E+00  0.00000000E+00  0.00000000E+00  0.10000000E+04  0.00000000E+00  0.12500000E+03  0.00000000E+00  0.69999999E+00  0.10000000E+04
  0.80000000E+01  0.10000000E+01  0.00000000E+00  0.00000000E+00  0.10000000E+04  0.00000000E+00  0.12500000E+03  0.00000000E+00  0.69999999E+00  0.10000000E+04
  0.80000000E+01  0.15000000E+01  0.00000000E+00  0.00000000E+00  0.10000000E+04  0.00000000E+00  0.12500000E+03  0.00000000E+00  0.69999999E+00  0.10000000E+04
  0.80000000E+01  0.20000000E+01  0.00000000E+00  0.00000000E+00  0.10000000E+04  0.00000000E+00  0.12500000E+03  0.00000000E+00  0.69999999E+00  0.10000000E+04
  0.80000000E+01  0.25000000E+01  0.00000000E+00  0.00000000E+00  0.10000000E+04  0.00000000E+00  0.12500000E+03  0.00000000E+00  0.69999999E+00  0.10000000E+04
  0.80000000E+01  0.30000000E+01  0.00000000E+00  0.00000000E+00  0.10000000E+04  0.00000000E+00  0.12500000E+03  0.00000000E+00  0.69999999E+00  0.10000000E+04
  0.80000000E+01  0.35000000E+01  0.00000000E+00  0.00000000E+00  0.10000000E+04  0.00000000E+00  0.12500000E+03  0.00000000E+00  0.69999999E+00  0.10000000E+04
  0.80000000E+01  0.40000000E+01  0.00000000E+00  0.00000000E+00  0.10000000E+04  0.00000000E+00  0.12500000E+03  0.00000000E+00  0.69999999E+00  0.10000000E+04
  0.82500000E+01 -0.25000000E+00  0.00000000E+00  0.00000000E+00  0.10000000E+04  0.00000000E+00  0.12500000E+03  0.00000000E+00  0.69999999E+00  0.10000000E+04
  0.82500000E+01  0.25000000E+00  0.00000000E+00  0.00000000E+00  0.10000000E+04  0.00000000E+00  0.12500000E+03  0.00000000E+00  0.69999999E+00  0.10000000E+04
  0.82500000E+01  0.75000000E+00  0.00000000E+00  0.00000000E+00  0.10000000E+04  0.00000000E+00  0.12500000E+03  0.00000000E+00  0.69999999E+00  0.10000000E+04
  0.82500000E+01  0.12500000E+01  0.00000000E+00  0.00000000E+00  0.10000000E+04  0.00000000E+00  0.12500000E+03  0.00000000E+00  0.69999999E+00  0.10000000E+04
  0.82500000E+01  0.17500000E+01  0.00000000E+00  0.00000000E+00  0.10000000E+04  0.00000000E+00  0.12500000E+03  0.00000000E+00  0.69999999E+00  0.10000000E+04
  0.82500000E+01  0.22500000E+01  0.00000000E+00  0.00000000E+00  0.10000000E+04  0.00000000E+00  0.12500000E+03  0.00000000E+00  0.69999999E+00  0.10000000E+04
  0.82500000E+01  0.27500000E+01  0.00000000E+00  0.00000000E+00  0.10000000E+04  0.00000000E+00  0.12500000E+03  0.00000000E+00  0.69999999E+00  0.10000000E+04
  0.82500000E+01  0.32500000E+01  0.00000000E+00  0.00000000E+00  0.10000000E+04  0.00000000E+00  0.12500000E+03  0.00000000E+00  0.69999999E+00  0.10000000E+04
  0.82500000E+01  0.37500000E+01  0.00000000E+00  0.00000000E+00  0.10000000E+04  0.00000000E+00  0.12500000E+03  0.00000000E+00  0.69999999E+00  0.10000000E+04
  0.50000000E+00  0.00000000E+00  0.00000000E+00  0.00000000E+00  0.10478038E+04  0.10836635E+06  0.12500000E+03  0.13366947E-01  0.69999999E+00  0.99998401E+03
  0.10000000E+01  0.00000000E+00  0.00000000E+00  0.00000000E+00  0.10604004E+04  0.14227591E+06  0.12500000E+03  0.79703499E-02  0.69999999E+00  0.99999036E+03
  0.15000000E+01  0.00000000E+00  0.00000000E+00  0.00000000E+00  0.10309863E+04  0.66747664E+05  0.12500000E+03  0.23264997E-01  0.69999999E+00  0.99997260E+03
  0.20000000E+01  0.00000000E+00  0.00000000E+00  0.00000000E+00  0.11384470E+04  0.41440391E+06  0.12500000E+03  0.26929667E-01  0.69999999E+00  0.99996497E+03
  0.25000000E+01  0.00000000E+00  0.00000000E+00  0.00000000E+00  0.10347255E+04  0.75654305E+05  0.12500000E+03  0.88259093E-02  0.69999999E+00  0.99998956E+03
  0.30000000E+01  0.00000000E+00  0.00000000E+00  0.00000000E+00  0.10453633E+04  0.10207365E+06  0.12500000E+03  0.10511028E-01  0.69999999E+00  0.99998743E+03
  0.35000000E+01  0.00000000E+00  0.00000000E+00  0.00000000E+00  0.10041012E+04  0.81461494E+04  0.12500000E+03  0.43847598E-02  0.69999999E+00  0.99999500E+03
  0.40000000E+01  0.00000000E+00  0.00000000E+00  0.00000000E+00  0.10000137E+04  0.26898298E+02  0.12500000E+03 -0.68247195E-04  0.69999999E+00  0.10000001E+04
  0.45000000E+01  0.00000000E+00  0.00000000E+00  0.00000000E+00  0.10000000E+04  0.00000000E+00  0.12500000E+03  0.55956650E-39  0.69999999E+00  0.10000000E+04
  0.50000000E+01  0.00000000E+00  0.00000000E+00  0.00000000E+00  0.10000000E+04  0.00000000E+00  0.12500000E+03 -0.23009321E-41  0.69999999E+00  0.10000000E+04
  0.55000000E+01  0.00000000E+00  0.00000000E+00  0.00000000E+00  0.10000000E+04  0.00000000E+00  0.12500000E+03  0.00000000E+00  0.69999999E+00  0.10000000E+04
  0.60000000E+01  0.00000000E+00  0.00000000E+00  0.00000000E+00  0.10000000E+04  0.00000000E+00  0.12500000E+03  0.00000000E+00  0.69999999E+00  0.10000000E+04
  0.65000000E+01  0.00000000E+00  0.00000000E+00  0.00000000E+00  0.10000000E+04  0.00000000E+00  0.12500000E+03  0.00000000E+00  0.69999999E+00  0.10000000E+04
  0.70000000E+01  0.00000000E+00  0.00000000E+00  0.00000000E+00  0.10000000E+04  0.00000000E+00  0.12500000E+03  0.00000000E+00  0.69999999E+00  0.10000000E+04
  0.75000000E+01  0.00000000E+00  0.00000000E+00  0.00000000E+00  0.10000000E+04  0.00000000E+00  0.12500000E+03  0.00000000E+00  0.69999999E+00  0.10000000E+04
  0.25000000E+00 -0.25000000E+00  0.00000000E+00  0.00000000E+00  0.10057095E+04  0.11395809E+05  0.12500000E+03  0.34436174E-02  0.69999999E+00  0.99999603E+03
  0.75000000E+00 -0.25000000E+00  0.00000000E+00  0.00000000E+00  0.10259690E+04  0.55097035E+05  0.12500000E+03  0.95285457E-02  0.69999999E+00  0.99998883E+03
  0.12500000E+01 -0.25000000E+00  0.00000000E+00  0.00000000E+00  0.10090548E+04  0.18255416E+05  0.12500000E+03  0.75512137E-02  0.69999999E+00  0.99999127E+03
  0.17500000E+01 -0.25000000E+00  0.00000000E+00  0.00000000E+00  0.10151584E+04  0.31127973E+05  0.12500000E+03  0.11503233E-01  0.69999999E+00  0.99998663E+03
  0.22500000E+01 -0.25000000E+00  0.00000000E+00  0.00000000E+00  0.10011035E+04  0.21722878E+04  0.12500000E+03  0.11541890E-01  0.69999999E+00  0.99998682E+03
  0.27500000E+01 -0.25000000E+00  0.00000000E+00  0.00000000E+00  0.10054285E+04  0.10825612E+05  0.12500000E+03  0.57170056E-02  0.69999999E+00  0.99999341E+03
  0.32500000E+01 -0.25000000E+00  0.00000000E+00  0.00000000E+00  0.10019250E+04  0.37987148E+04  0.12500000E+03  0.39972379E-02  0.69999999E+00  0.99999542E+03
  0.37500000E+01 -0.25000000E+00  0.00000000E+00  0.00000000E+00  0.10000070E+04  0.13565822E+02  0.12500000E+03 -0.15635355E-03  0.69999999E+00  0.10000002E+04
  0.42500000E+01 -0.25000000E+00  0.00000000E+00  0.00000000E+00  0.10000000E+04  0.00000000E+00  0.12500000E+03 -0.20281884E-35  0.69999999E+00  0.10000000E+04
  0.47500000E+01 -0.25000000E+00  0.00000000E+00  0.00000000E+00  0.10000000E+04  0.00000000E+00  0.12500000E+03 -0.12698959E-38  0.69999999E+00  0.10000000E+04
  0.52500000E+01 -0.25000000E+00  0.00000000E+00  0.00000000E+00  0.10000000E+04  0.00000000E+00  0.12500000E+03  0.00000000E+00  0.69999999E+00  0.10000000E+04
  0.57500000E+01 -0.25000000E+00  0.00000000E+00  0.00000000E+00  0.10000000E+04  0.00000000E+00  0.12500000E+03  0.00000000E+00  0.69999999E+00  0.10000000E+04
  0.62500000E+01 -0.25000000E+00  0.00000000E+00  0.00000000E+00  0.10000000E+04  0.00000000E+00  0.12500000E+03  0.00000000E+00  0.69999999E+00  0.10000000E+04
  0.67500000E+01 -0.25000000E+00  0.00000000E+00  0.00000000E+00  0.10000000E+04  0.00000000E+00  0.12500000E+03  0.00000000E+00  0.69999999E+00  0.10000000E+04
  0.72500000E+01 -0.25000000E+00  0.00000000E+00  0.00000000E+00  0.10000000E+04  0.00000000E+00  0.12500000E+03  0.00000000E+00  0.69999999E+00  0.10000000E+04
  0.77500000E+01 -0.25000000E+00  0.00000000E+00  0.00000000E+00  0.10000000E+04  0.00000000E+00  0.12500000E+03  0.00000000E+00  0.69999999E+00  0.10000000E+04
  0.40000000E+01  0.50000000E+00  0.00000000E+00  0.00000000E+00  0.10000585E+04  0.11462551E+03  0.12500000E+03 -0.47446822E-03  0.69999999E+00  0.10000005E+04
  0.37500000E+01  0.25000000E+00  0.00000000E+00  0.00000000E+00  0.10013248E+04  0.26095571E+04  0.12500000E+03 -0.20870231E-02  0.69999999E+00  0.10000024E+04
  0.40000000E+01  0.10000000E+01  0.00000000E+00  0.00000000E+00  0.10002534E+04  0.49762546E+03  0.12500000E+03 -0.12410613E-03  0.69999999E+00  0.10000001E+04
  0.37500000E+01  0.75000000E+00  0.00000000E+00  0.00000000E+00  0.10248530E+04  0.52551574E+05  0.12500000E+03  0.10491619E-02  0.69999999E+00  0.99999878E+03
  0.40000000E+01  0.15000000E+01  0.00000000E+00  0.00000000E+00  0.10002722E+04  0.53463818E+03  0.12500000E+03  0.49792061E-03  0.69999999E+00  0.99999945E+03
  0.37500000E+01  0.12500000E+01  0.00000000E+00  0.00000000E+00  0.10214237E+04  0.44833375E+05  0.12500000E+03  0.12217523E-02  0.69999999E+00  0.99999860E+03
  0.40000000E+01  0.20000000E+01  0.00000000E+00  0.00000000E+00  0.10010870E+04  0.21397986E+04  0.12500000E+03  0.33405476E-03  0.69999999E+00  0.99999963E+03
  0.37500000E+01  0.17500000E+01  0.00000000E+00  0.00000000E+00  0.10304851E+04  0.65568555E+05  0.12500000E+03  0.23855830E-02  0.69999999E+00  0.99999719E+03
  0.45000000E+01  0.50000000E+00  0.00000000E+00  0.00000000E+00  0.10000000E+04  0.00000000E+00  0.12500000E+03  0.37415874E-38  0.69999999E+00  0.10000000E+04
  0.42500000E+01  0.25000000E+00  0.00000000E+00  0.00000000E+00  0.10000018E+04  0.35083482E+01  0.12500000E+03 -0.74084828E-05  0.69999999E+00  0.10000000E+04
  0.45000000E+01  0.10000000E+01  0.00000000E+00  0.00000000E+00  0.10000000E+04  0.00000000E+00  0.12500000E+03 -0.29931735E-41  0.69999999E+00  0.10000000E+04
  0.42500000E+01  0.75000000E+00  0.00000000E+00  0.00000000E+00  0.10000916E+04  0.17967581E+03  0.12500000E+03 -0.20551628E-04  0.69999999E+00  0.10000000E+04
  0.45000000E+01  0.15000000E+01  0.00000000E+00  0.00000000E+00  0.10000000E+04  0.00000000E+00  0.12500000E+03 -0.12536016E-40  0.69999999E+00  0.10000000E+04
  0.42500000E+01  0.12500000E+01  0.00000000E+00  0.00000000E+00  0.10000066E+04  0.12864128E+02  0.12500000E+03  0.64903998E-05  0.69999999E+00  0.10000000E+04
  0.45000000E+01  0.20000000E+01  0.00000000E+00  0.00000000E+00  0.10000000E+04  0.00000000E+00  0.12500000E+03  0.12025943E-40  0.69999999E+00  0.10000000E+04
  0.42500000E+01  0.17500000E+01  0.00000000E+00  0.00000000E+00  0.10000031E+04  0.60811610E+01  0.12500000E+03 -0.35628464E-05  0.69999999E+00  0.10000000E+04
  0.50000000E+01  0.50000000E+00  0.00000000E+00  0.00000000E+00  0.10000000E+04  0.00000000E+00  0.12500000E+03  0.21271711E-41  0.69999999E+00  0.10000000E+04
  0.47500000E+01  0.25000000E+00  0.00000000E+00  0.00000000E+00  0.10000000E+04  0.00000000E+00  0.12500000E+03  0.12557540E-38  0.69999999E+00  0.10000000E+04
  0.50000000E+01  0.10000000E+01  0.00000000E+00  0.00000000E+00  0.10000000E+04  0.00000000E+00  0.12500000E+03  0.00000000E+00  0.69999999E+00  0.10000000E+04
  0.47500000E+01  0.75000000E+00  0.00000000E+00  0.00000000E+00  0.10000000E+04  0.00000000E+00  0.12500000E+03  0.23317606E-41  0.69999999E+00  0.10000000E+04
  0.50000000E+01  0.15000000E+01  0.00000000E+00  0.00000000E+00  0.10000000E+04  0.00000000E+00  0.12500000E+03 -0.90103491E-41  0.69999999E+00  0.10000000E+04
  0.47500000E+01  0.12500000E+01  0.00000000E+00  0.00000000E+00  0.10000000E+04  0.00000000E+00  0.12500000E+03 -0.87553128E-41  0.69999999E+00  0.10000000E+04
  0.50000000E+01  0.20000000E+01  0.00000000E+00  0.00000000E+00  0.10000000E+04  0.00000000E+00  0.12500000E+03  0.84610401E-41  0.69999999E+00  0.10000000E+04
  0.47500000E+01  0.17500000E+01  0.00000000E+00  0.00000000E+00  0.10000000E+04  0.00000000E+00  0.12500000E+03 -0.72867520E-43  0.69999999E+00  0.10000000E+04
  0.27768624E+01  0.89862883E+00  0.33367306E+00  0.65204626E+00  0.10015012E+04  0.29586575E+04  0.12576698E+03  0.12576656E+03  0.10000000E+01  0.00000000E+00
  0.87788475E+00  0.13306102E+01  0.51851869E+00  0.15848476E+00  0.10009415E+04  0.18524783E+04  0.12561582E+03  0.12561256E+03  0.10000000E+01  0.00000000E+00
  0.17490926E+01  0.95407510E+00  0.13651019E+00  0.59407496E+00  0.99708466E+03 -0.56700801E+04  0.12546356E+03  0.12546323E+03  0.10000000E+01  0.00000000E+00
  0.26246698E+01  0.18003678E+01  0.23879609E+01  0.20758837E+00  0.10026704E+04  0.52815000E+04  0.12531018E+03  0.12531027E+03  0.10000000E+01  0.00000000E+00
  0.28396606E+01  0.16380848E+01  0.22812986E+00  0.93429554E+00  0.10012596E+04  0.24806250E+04  0.12515567E+03  0.12515567E+03  0.10000000E+01  0.00000000E+00
  0.26795855E+01  0.17796094E+01  0.15025373E+01  0.33773971E+00  0.10013282E+04  0.26163943E+04  0.12500000E+03  0.12500000E+03  0.10000000E+01  0.00000000E+00
  0.27749586E+01  0.93765640E+00 -0.39901197E+00  0.11639332E-02  0.10013799E+04  0.27184934E+04  0.12576698E+03  0.12575461E+03  0.10000000E+01  0.00000000E+00
  0.90062368E+00  0.92844772E+00  0.91805512E+00 -0.60492927E+00  0.99657501E+03 -0.66512007E+04  0.12561582E+03  0.12560624E+03  0.10000000E+01  0.00000000E+00
  0.90892732E+00  0.92754853E+00 -0.58110148E+00  0.49673200E+00  0.99668567E+03 -0.64383887E+04  0.12546356E+03  0.12546037E+03  0.10000000E+01  0.00000000E+00
  0.28699753E+01  0.12144688E+01  0.11925808E+00 -0.55751586E+00  0.10000148E+04  0.29003477E+02  0.12531018E+03  0.12531038E+03  0.10000000E+01  0.00000000E+00
  0.12043847E+01  0.87592363E+00 -0.16479652E+00 -0.55693202E-02  0.10011288E+04  0.22222053E+04  0.12515567E+03  0.12515535E+03  0.10000000E+01  0.00000000E+00
  0.67536104E+00  0.87549603E+00 -0.32941622E+00  0.65584826E+00  0.10072581E+04  0.14554158E+05  0.12500000E+03  0.12500000E+03  0.10000000E+01  0.00000000E+00
  0.21289341E+01  0.10208608E+01 -0.41173123E-01 -0.29779889E-01  0.10035911E+04  0.71220210E+04  0.12576698E+03  0.12575644E+03  0.10000000E+01  0.00000000E+00
  0.27389042E+01  0.90512764E+00 -0.32557997E+00  0.28940648E+00  0.10028896E+04  0.57188457E+04  0.12561582E+03  0.12561059E+03  0.10000000E+01  0.00000000E+00
  0.27627630E+01  0.14613193E+01  0.41145971E+00  0.15504858E+00  0.99913141E+03 -0.16997949E+04  0.12546356E+03  0.12546005E+03  0.10000000E+01  0.00000000E+00
  0.15873456E+01  0.88529634E+00 -0.11624385E+01  0.13056526E+00  0.10035055E+04  0.69504819E+04  0.12531018E+03  0.12531018E+03  0.10000000E+01  0.00000000E+00
  0.28617935E+01  0.78970194E+00 -0.49873430E+00  0.65617420E-01  0.10045082E+04  0.89657324E+04  0.12515567E+03  0.12515553E+03  0.10000000E+01  0.00000000E+00
  0.10414703E+01  0.15424421E+01 -0.18238358E+00 -0.19254720E-01  0.99726007E+03 -0.53317109E+04  0.12500000E+03  0.12500612E+03  0.10000000E+01  0.00000000E+00
  0.89114499E+00  0.14355615E+01  0.30450255E+00  0.11618268E-01  0.99800262E+03 -0.38954004E+04  0.12576698E+03  0.12576566E+03  0.10000000E+01  0.00000000E+00
  0.24428101E+01  0.10429150E+01 -0.53636038E+00  0.85370970E+00  0.99305969E+03 -0.13336620E+05  0.12561582E+03  0.12561228E+03  0.10000000E+01  0.00000000E+00
  0.16191802E+01  0.11853335E+01 -0.20532688E+00 -0.74980028E-01  0.10140372E+04  0.28728154E+05  0.12546356E+03  0.12546202E+03  0.10000000E+01  0.00000000E+00
  0.22747514E+01  0.94509828E+00  0.33774954E+00 -0.96201137E-01  0.10038296E+04  0.76005483E+04  0.12531018E+03  0.12530890E+03  0.10000000E+01  0.00000000E+00
  0.21264768E+01  0.16941793E+01  0.89613533E+00 -0.80752456E+00  0.10077961E+04  0.15658520E+05  0.12515567E+03  0.12515567E+03  0.10000000E+01  0.00000000E+00
  0.14699030E+01  0.84729898E+00 -0.65090960E+00  0.41870594E+00  0.10087260E+04  0.17575168E+05  0.12500000E+03  0.12500012E+03  0.10000000E+01  0.00000000E+00
  0.10766799E+01  0.15399911E+01  0.11019878E+00 -0.63026600E-01  0.99726678E+03 -0.53188267E+04  0.12561582E+03  0.12560780E+03  0.10000000E+01  0.00000000E+00
  0.18121377E+01  0.15829804E+01 -0.69675630E+00 -0.83521342E+00  0.10115169E+04  0.23392092E+05  0.12531018E+03  0.12531004E+03  0.10000000E+01  0.00000000E+00
  0.21999900E+01  0.19488428E+01  0.70406717E+00 -0.81197232E+00  0.10006656E+04  0.13086451E+04  0.12500000E+03  0.12500000E+03  0.10000000E+01  0.00000000E+00
