  0.00000000E+00  0.00000000E+00  0.00000000E+00  0.00000000E+00  0.10012739E+04  0.25089058E+04  0.12500000E+03  0.28088589E-02  0.69999999E+00  0.99999677E+03
  0.00000000E+00  0.50000000E+00  0.00000000E+00  0.00000000E+00  0.10145065E+04  0.29730693E+05  0.12500000E+03  0.42579868E-02  0.69999999E+00  0.99999506E+03
  0.00000000E+00  0.10000000E+01  0.00000000E+00  0.00000000E+00  0.10176659E+04  0.36552395E+05  0.12500000E+03  0.44616833E-02  0.69999999E+00  0.99999481E+03
  0.00000000E+00  0.15000000E+01  0.00000000E+00  0.00000000E+00  0.10180294E+04  0.37345637E+05  0.12500000E+03  0.17137020E-02  0.69999999E+00  0.99999799E+03
  0.00000000E+00  0.20000000E+01  0.00000000E+00  0.00000000E+00  0.10210050E+04  0.43901699E+05  0.12500000E+03 -0.22830376E-02  0.69999999E+00  0.10000027E+04
  0.00000000E+00  0.25000000E+01  0.00000000E+00  0.00000000E+00  0.10034536E+04  0.68465977E+04  0.12500000E+03  0.53785142E-03  0.69999999E+00  0.99999939E+03
  0.00000000E+00  0.30000000E+01  0.00000000E+00  0.00000000E+00  0.10000026E+04  0.51455903E+01  0.12500000E+03  0.38292605E-04  0.69999999E+00  0.99999994E+03
  0.00000000E+00  0.35000000E+01  0.00000000E+00  0.00000000E+00  0.10000000E+04  0.00000000E+00  0.12500000E+03  0.00000000E+00  0.69999999E+00  0.10000000E+04
  0.00000000E+00  0.40000000E+01  0.00000000E+00  0.00000000E+00  0.10000000E+04  0.00000000E+00  0.12500000E+03  0.00000000E+00  0.69999999E+00  0.10000000E+04
 -0.25000000E+00 -0.25000000E+00  0.00000000E+00  0.00000000E+00  0.10006414E+04  0.12607445E+04  0.12500000E+03  0.52005530E-03  0.69999999E+00  0.99999939E+03
 -0.25000000E+00  0.25000000E+00  0.00000000E+00  0.00000000E+00  0.10005485E+04  0.10778939E+04  0.12500000E+03  0.12946548E-02  0.69999999E+00  0.99999854E+03
 -0.25000000E+00  0.75000000E+00  0.00000000E+00  0.00000000E+00  0.10030767E+04  0.60924346E+04  0.12500000E+03  0.74936554E-03  0.69999999E+00  0.99999915E+03
 -0.25000000E+00  0.12500000E+01  0.00000000E+00  0.00000000E+00  0.10026127E+04  0.51664917E+04  0.12500000E+03  0.14058126E-02  0.69999999E+00  0.99999841E+03
 -0.25000000E+00  0.17500000E+01  0.00000000E+00  0.00000000E+00  0.10009032E+04  0.17769835E+04  0.12500000E+03 -0.46144979E-03  0.69999999E+00  0.10000005E+04
 -0.25000000E+00  0.22500000E+01  0.00000000E+00  0.00000000E+00  0.10015139E+04  0.29839109E+04  0.12500000E+03 -0.18548567E-03  0.69999999E+00  0.10000002E+04
 -0.25000000E+00  0.27500000E+01  0.00000000E+00  0.00000000E+00  0.10000007E+04  0.14033347E+01  0.12500000E+03  0.17473474E-04  0.69999999E+00  0.10000000E+04
 -0.25000000E+00  0.32500000E+01  0.00000000E+00  0.00000000E+00  0.10000000E+04  0.00000000E+00  0.12500000E+03  0.36582298E-40  0.69999999E+00  0.10000000E+04
 -0.25000000E+00  0.37500000E+01  0.00000000E+00  0.00000000E+00  0.10000000E+04  0.00000000E+00  0.12500000E+03  0.00000000E+00  0.69999999E+00  0.10000000E+04
  0.80000000E+01  0.00000000E+00  0.00000000E+00  0.00000000E+00  0.10000000E+04  0.00000000E+00  0.12500000E+03  0.00000000E+00  0.69999999E+00  0.10000000E+04
  0.80000000E+01  0.50000000E+00  0.00000000E+00  0.00000000E+00  0.10000000E+04  0.00000000E+00  0.12500000E+03  0.00000000E+00  0.69999999E+00  0.10000000E+04
  0.80000000E+01  0.10000000E+01  0.00000000E+00  0.00000000E+00  0.10000000E+04  0.00000000E+00  0.12500000E+03  0.00000000E+00  0.69999999E+00  0.10000000E+04
  0.80000000E+01  0.15000000E+01  0.00000000E+00  0.00000000E+00  0.10000000E+04  0.00000000E+00  0.12500000E+03  0.00000000E+00  0.69999999E+00  0.10000000E+04
  0.80000000E+01  0.20000000E+01  0.00000000E+00  0.00000000E+00  0.10000000E+04  0.00000000E+00  0.12500000E+03  0.00000000E+00  0.69999999E+00  0.10000000E+04
  0.80000000E+01  0.25000000E+01  0.00000000E+00  0.00000000E+00  0.10000000E+04  0.00000000E+00  0.12500000E+03  0.00000000E+00  0.69999999E+00  0.10000000E+04
  0.80000000E+01  0.30000000E+01  0.00000000E+00  0.00000000E+00  0.10000000E+04  0.00000000E+00  0.12500000E+03  0.00000000E+00  0.69999999E+00  0.10000000E+04
  0.80000000E+01  0.35000000E+01  0.00000000E+00  0.00000000E+00  0.10000000E+04  0.00000000E+00  0.12500000E+03  0.00000000E+00  0.69999999E+00  0.10000000E+04
  0.80000000E+01  0.40000000E+01  0.00000000E+00  0.00000000E+00  0.10000000E+04  0.00000000E+00  0.12500000E+03  0.00000000E+00  0.69999999E+00  0.10000000E+04
  0.82500000E+01 -0.25000000E+00  0.00000000E+00  0.00000000E+00  0.10000000E+04  0.00000000E+00  0.12500000E+03  0.00000000E+00  0.69999999E+00  0.10000000E+04
  0.82500000E+01  0.25000000E+00  0.00000000E+00  0.00000000E+00  0.10000000E+04  0.00000000E+00  0.12500000E+03  0.00000000E+00  0.69999999E+00  0.10000000E+04
  0.82500000E+01  0.75000000E+00  0.00000000E+00  0.00000000E+00  0.10000000E+04  0.00000000E+00  0.12500000E+03  0.00000000E+00  0.69999999E+00  0.10000000E+04
  0.82500000E+01  0.12500000E+01  0.00000000E+00  0.00000000E+00  0.10000000E+04  0.00000000E+00  0.12500000E+03  0.00000000E+00  0.69999999E+00  0.10000000E+04
  0.82500000E+01  0.17500000E+01  0.00000000E+00  0.00000000E+00  0.10000000E+04  0.00000000E+00  0.12500000E+03  0.00000000E+00  0.69999999E+00  0.10000000E+04
  0.82500000E+01  0.22500000E+01  0.00000000E+00  0.00000000E+00  0.10000000E+04  0.00000000E+00  0.12500000E+03  0.00000000E+00  0.69999999E+00  0.10000000E+04
  0.82500000E+01  0.27500000E+01  0.00000000E+00  0.00000000E+00  0.10000000E+04  0.00000000E+00  0.12500000E+03  0.00000000E+00  0.69999999E+00  0.10000000E+04
  0.82500000E+01  0.32500000E+01  0.00000000E+00  0.00000000E+00  0.10000000E+04  0.00000000E+00  0.12500000E+03  0.00000000E+00  0.69999999E+00  0.10000000E+04
  0.82500000E+01  0.37500000E+01  0.00000000E+00  0.00000000E+00  0.10000000E+04  0.00000000E+00  0.12500000E+03  0.00000000E+00  0.69999999E+00  0.10000000E+04
  0.50000000E+00  0.00000000E+00  0.00000000E+00  0.00000000E+00  0.10460284E+04  0.10378003E+06  0.12500000E+03  0.14297012E-01  0.69999999E+00  0.99998291E+03
  0.10000000E+01  0.00000000E+00  0.00000000E+00  0.00000000E+00  0.10691448E+04  0.16727962E+06  0.12500000E+03  0.84638093E-02  0.69999999E+00  0.99998969E+03
  0.15000000E+01  0.00000000E+00  0.00000000E+00  0.00000000E+00  0.10248698E+04  0.52589789E+05  0.12500000E+03  0.24508741E-01  0.69999999E+00  0.99997131E+03
  0.20000000E+01  0.00000000E+00  0.00000000E+00  0.00000000E+00  0.11270457E+04  0.36714228E+06  0.12500000E+03  0.28788099E-01  0.69999999E+00  0.99996289E+03
  0.25000000E+01  0.00000000E+00  0.00000000E+00  0.00000000E+00  0.10399889E+04  0.88523547E+05  0.12500000E+03  0.10098478E-01  0.69999999E+00  0.99998798E+03
  0.30000000E+01  0.00000000E+00  0.00000000E+00  0.00000000E+00  0.10318789E+04  0.68856391E+05  0.12500000E+03  0.11824502E-01  0.69999999E+00  0.99998608E+03
  0.35000000E+01  0.00000000E+00  0.00000000E+00  0.00000000E+00  0.10006199E+04  0.12184850E+04  0.12500000E+03  0.50265705E-02  0.69999999E+00  0.99999426E+03
  0.40000000E+01  0.00000000E+00  0.00000000E+00  0.00000000E+00  0.10000137E+04  0.26898298E+02  0.12500000E+03 -0.68247195E-04  0.69999999E+00  0.10000001E+04
  0.45000000E+01  0.00000000E+00  0.00000000E+00  0.00000000E+00  0.10000000E+04  0.00000000E+00  0.12500000E+03  0.19178871E-38  0.69999999E+00  0.10000000E+04
  0.50000000E+01  0.00000000E+00  0.00000000E+00  0.00000000E+00  0.10000000E+04  0.00000000E+00  0.12500000E+03 -0.10473305E-40  0.69999999E+00  0.10000000E+04
  0.55000000E+01  0.00000000E+00  0.00000000E+00  0.00000000E+00  0.10000000E+04  0.00000000E+00  0.12500000E+03  0.00000000E+00  0.69999999E+00  0.10000000E+04
  0.60000000E+01  0.00000000E+00  0.00000000E+00  0.00000000E+00  0.10000000E+04  0.00000000E+00  0.12500000E+03  0.00000000E+00  0.69999999E+00  0.10000000E+04
  0.65000000E+01  0.00000000E+00  0.00000000E+00  0.00000000E+00  0.10000000E+04  0.00000000E+00  0.12500000E+03  0.00000000E+00  0.69999999E+00  0.10000000E+04
  0.70000000E+01  0.00000000E+00  0.00000000E+00  0.00000000E+00  0.10000000E+04  0.00000000E+00  0.12500000E+03  0.00000000E+00  0.69999999E+00  0.10000000E+04
  0.75000000E+01  0.00000000E+00  0.00000000E+00  0.00000000E+00  0.10000000E+04  0.00000000E+00  0.12500000E+03  0.00000000E+00  0.69999999E+00  0.10000000E+04
  0.25000000E+00 -0.25000000E+00  0.00000000E+00  0.00000000E+00  0.10057355E+04  0.11448572E+05  0.12500000E+03  0.35811118E-02  0.69999999E+00  0.99999591E+03
  0.75000000E+00 -0.25000000E+00  0.00000000E+00  0.00000000E+00  0.10263755E+04  0.56028324E+05  0.12500000E+03  0.10230519E-01  0.69999999E+00  0.99998798E+03
  0.12500000E+01 -0.25000000E+00  0.00000000E+00  0.00000000E+00  0.10102561E+04  0.20752195E+05  0.12500000E+03  0.78211036E-02  0.69999999E+00  0.99999097E+03
  0.17500000E+01 -0.25000000E+00  0.00000000E+00  0.00000000E+00  0.10145938E+04  0.29917400E+05  0.12500000E+03  0.12070272E-01  0.69999999E+00  0.99998602E+03
  0.22500000E+01 -0.25000000E+00  0.00000000E+00  0.00000000E+00  0.10013296E+04  0.26189875E+04  0.12500000E+03  0.12374852E-01  0.69999999E+00  0.99998584E+03
  0.27500000E+01 -0.25000000E+00  0.00000000E+00  0.00000000E+00  0.10033369E+04  0.66129165E+04  0.12500000E+03  0.64869793E-02  0.69999999E+00  0.99999255E+03
  0.32500000E+01 -0.25000000E+00  0.00000000E+00  0.00000000E+00  0.10003579E+04  0.70288794E+03  0.12500000E+03  0.46189181E-02  0.69999999E+00  0.99999475E+03
  0.37500000E+01 -0.25000000E+00  0.00000000E+00  0.00000000E+00  0.10000070E+04  0.13565822E+02  0.12500000E+03 -0.15635355E-03  0.69999999E+00  0.10000002E+04
  0.42500000E+01 -0.25000000E+00  0.00000000E+00  0.00000000E+00  0.10000000E+04  0.00000000E+00  0.12500000E+03 -0.57091538E-35  0.69999999E+00  0.10000000E+04
  0.47500000E+01 -0.25000000E+00  0.00000000E+00  0.00000000E+00  0.10000000E+04  0.00000000E+00  0.12500000E+03 -0.41437236E-38  0.69999999E+00  0.10000000E+04
  0.52500000E+01 -0.25000000E+00  0.00000000E+00  0.00000000E+00  0.10000000E+04  0.00000000E+00  0.12500000E+03  0.00000000E+00  0.69999999E+00  0.10000000E+04
  0.57500000E+01 -0.25000000E+00  0.00000000E+00  0.00000000E+00  0.10000000E+04  0.00000000E+00  0.12500000E+03  0.00000000E+00  0.69999999E+00  0.10000000E+04
  0.62500000E+01 -0.25000000E+00  0.00000000E+00  0.00000000E+00  0.10000000E+04  0.00000000E+00  0.12500000E+03  0.00000000E+00  0.69999999E+00  0.10000000E+04
  0.67500000E+01 -0.25000000E+00  0.00000000E+00  0.00000000E+00  0.10000000E+04  0.00000000E+00  0.12500000E+03  0.00000000E+00  0.69999999E+00  0.10000000E+04
  0.72500000E+01 -0.25000000E+00  0.00000000E+00  0.00000000E+00  0.10000000E+04  0.00000000E+00  0.12500000E+03  0.00000000E+00  0.69999999E+00  0.10000000E+04
  0.77500000E+01 -0.25000000E+00  0.00000000E+00  0.00000000E+00  0.10000000E+04  0.00000000E+00  0.12500000E+03  0.00000000E+00  0.69999999E+00  0.10000000E+04
  0.40000000E+01  0.50000000E+00  0.00000000E+00  0.00000000E+00  0.10006990E+04  0.13741677E+04  0.12500000E+03 -0.57160854E-03  0.69999999E+00  0.10000007E+04
  0.37500000E+01  0.25000000E+00  0.00000000E+00  0.00000000E+00  0.10014603E+04  0.28777183E+04  0.12500000E+03 -0.24468512E-02  0.69999999E+00  0.10000028E+04
  0.40000000E+01  0.10000000E+01  0.00000000E+00  0.00000000E+00  0.10036428E+04  0.72257520E+04  0.12500000E+03 -0.11690416E-03  0.69999999E+00  0.10000001E+04
  0.37500000E+01  0.75000000E+00  0.00000000E+00  0.00000000E+00  0.10463802E+04  0.10468509E+06  0.12500000E+03  0.10963401E-02  0.69999999E+00  0.99999872E+03
  0.40000000E+01  0.15000000E+01  0.00000000E+00  0.00000000E+00  0.10002549E+04  0.50043640E+03  0.12500000E+03  0.53617754E-03  0.69999999E+00  0.99999939E+03
  0.37500000E+01  0.12500000E+01  0.00000000E+00  0.00000000E+00  0.10202893E+04  0.42314234E+05  0.12500000E+03  0.13493029E-02  0.69999999E+00  0.99999841E+03
  0.40000000E+01  0.20000000E+01  0.00000000E+00  0.00000000E+00  0.10013503E+04  0.26600125E+04  0.12500000E+03  0.38575369E-03  0.69999999E+00  0.99999957E+03
  0.37500000E+01  0.17500000E+01  0.00000000E+00  0.00000000E+00  0.10113855E+04  0.23115871E+05  0.12500000E+03  0.27558405E-02  0.69999999E+00  0.99999683E+03
  0.45000000E+01  0.50000000E+00  0.00000000E+00  0.00000000E+00  0.10000000E+04  0.00000000E+00  0.12500000E+03  0.12217554E-37  0.69999999E+00  0.10000000E+04
  0.42500000E+01  0.25000000E+00  0.00000000E+00  0.00000000E+00  0.10000018E+04  0.35083482E+01  0.12500000E+03 -0.74084828E-05  0.69999999E+00  0.10000000E+04
  0.45000000E+01  0.10000000E+01  0.00000000E+00  0.00000000E+00  0.10000000E+04  0.00000000E+00  0.12500000E+03 -0.77071416E-41  0.69999999E+00  0.10000000E+04
  0.42500000E+01  0.75000000E+00  0.00000000E+00  0.00000000E+00  0.10000916E+04  0.17967581E+03  0.12500000E+03 -0.21151425E-04  0.69999999E+00  0.10000000E+04
  0.45000000E+01  0.15000000E+01  0.00000000E+00  0.00000000E+00  0.10000000E+04  0.00000000E+00  0.12500000E+03 -0.50794267E-40  0.69999999E+00  0.10000000E+04
  0.42500000E+01  0.12500000E+01  0.00000000E+00  0.00000000E+00  0.10000066E+04  0.12864128E+02  0.12500000E+03  0.64903998E-05  0.69999999E+00  0.10000000E+04
  0.45000000E+01  0.20000000E+01  0.00000000E+00  0.00000000E+00  0.10000000E+04  0.00000000E+00  0.12500000E+03  0.46862223E-40  0.69999999E+00  0.10000000E+04
  0.42500000E+01  0.17500000E+01  0.00000000E+00  0.00000000E+00  0.10000031E+04  0.60811610E+01  0.12500000E+03 -0.35628464E-05  0.69999999E+00  0.10000000E+04
  0.50000000E+01  0.50000000E+00  0.00000000E+00  0.00000000E+00  0.10000000E+04  0.00000000E+00  0.12500000E+03  0.99744425E-41  0.69999999E+00  0.10000000E+04
  0.47500000E+01  0.25000000E+00  0.00000000E+00  0.00000000E+00  0.10000000E+04  0.00000000E+00  0.12500000E+03  0.40996108E-38  0.69999999E+00  0.10000000E+04
  0.50000000E+01  0.10000000E+01  0.00000000E+00  0.00000000E+00  0.10000000E+04  0.00000000E+00  0.12500000E+03  0.00000000E+00  0.69999999E+00  0.10000000E+04
  0.47500000E+01  0.75000000E+00  0.00000000E+00  0.00000000E+00  0.10000000E+04  0.00000000E+00  0.12500000E+03  0.10442476E-40  0.69999999E+00  0.10000000E+04
  0.50000000E+01  0.15000000E+01  0.00000000E+00  0.00000000E+00  0.10000000E+04  0.00000000E+00  0.12500000E+03 -0.36683191E-40  0.69999999E+00  0.10000000E+04
  0.47500000E+01  0.12500000E+01  0.00000000E+00  0.00000000E+00  0.10000000E+04  0.00000000E+00  0.12500000E+03 -0.35469667E-40  0.69999999E+00  0.10000000E+04
  0.50000000E+01  0.20000000E+01  0.00000000E+00  0.00000000E+00  0.10000000E+04  0.00000000E+00  0.12500000E+03  0.33149116E-40  0.69999999E+00  0.10000000E+04
  0.47500000E+01  0.17500000E+01  0.00000000E+00  0.00000000E+00  0.10000000E+04  0.00000000E+00  0.12500000E+03 -0.12527608E-41  0.69999999E+00  0.10000000E+04
  0.28095767E+01  0.95513141E+00  0.17467813E+00  0.47264117E+00  0.10035485E+04  0.70367183E+04  0.12576698E+03  0.12576656E+03  0.10000000E+01  0.00000000E+00
  0.91176426E+00  0.14410084E+01  0.23020840E+00  0.41791594E+00  0.10035190E+04  0.69777124E+04  0.12561582E+03  0.12561256E+03  0.10000000E+01  0.00000000E+00
  0.18152847E+01  0.11503053E+01  0.48682967E+00  0.21699336E+00  0.10113944E+04  0.23134646E+05  0.12546356E+03  0.12546323E+03  0.10000000E+01  0.00000000E+00
  0.26552312E+01  0.14871840E+01  0.10240695E+00 -0.19175857E+00  0.10013719E+04  0.27029290E+04  0.12531018E+03  0.12531044E+03  0.10000000E+01  0.00000000E+00
  0.20302577E+01  0.15095714E+01 -0.18114970E+01 -0.62334216E+00  0.99683624E+03 -0.61486821E+04  0.12515567E+03  0.12515567E+03  0.10000000E+01  0.00000000E+00
  0.25323572E+01  0.15349944E+01 -0.33562523E+00 -0.16321594E+00  0.10009356E+04  0.18407178E+04  0.12500000E+03  0.12499985E+03  0.10000000E+01  0.00000000E+00
  0.26671891E+01  0.84140062E+00  0.42649421E+00 -0.80701761E-01  0.10056111E+04  0.11195962E+05  0.12576698E+03  0.12575461E+03  0.10000000E+01  0.00000000E+00
  0.85761642E+00  0.98150480E+00 -0.47566032E+00  0.86252826E+00  0.10023607E+04  0.46646279E+04  0.12561582E+03  0.12560609E+03  0.10000000E+01  0.00000000E+00
  0.77888334E+00  0.11474880E+01  0.12058607E+00  0.42444938E+00  0.10064127E+04  0.12826460E+05  0.12546356E+03  0.12546051E+03  0.10000000E+01  0.00000000E+00
  0.27830732E+01  0.80717397E+00 -0.60942215E+00 -0.72006917E+00  0.10015705E+04  0.30958037E+04  0.12531018E+03  0.12531038E+03  0.10000000E+01  0.00000000E+00
  0.10410541E+01  0.92723668E+00 -0.13020612E+00  0.46140701E+00  0.10060930E+04  0.12175266E+05  0.12515567E+03  0.12515535E+03  0.10000000E+01  0.00000000E+00
  0.70035982E+00  0.87993157E+00  0.35772321E+00  0.21513751E+00  0.10088306E+04  0.17791332E+05  0.12500000E+03  0.12500000E+03  0.10000000E+01  0.00000000E+00
  0.17495368E+01  0.96652317E+00 -0.10320411E+01 -0.22186014E+00  0.99698505E+03 -0.58621577E+04  0.12576698E+03  0.12575644E+03  0.10000000E+01  0.00000000E+00
  0.25920050E+01  0.85319543E+00 -0.11744453E+00 -0.67598671E-01  0.10079559E+04  0.15987036E+05  0.12561582E+03  0.12561059E+03  0.10000000E+01  0.00000000E+00
  0.26226707E+01  0.13011607E+01  0.52354150E-01 -0.14322218E-01  0.10014194E+04  0.27967988E+04  0.12546356E+03  0.12546005E+03  0.10000000E+01  0.00000000E+00
  0.13018394E+01  0.85884905E+00 -0.54036075E+00  0.12502465E+00  0.10057592E+04  0.11496744E+05  0.12531018E+03  0.12530966E+03  0.10000000E+01  0.00000000E+00
  0.29255767E+01  0.93831098E+00 -0.76361075E-01  0.63334298E+00  0.10082302E+04  0.16551881E+05  0.12515567E+03  0.12515553E+03  0.10000000E+01  0.00000000E+00
  0.99155140E+00  0.17518849E+01 -0.61380476E-01  0.28765339E+00  0.10039902E+04  0.79232993E+04  0.12500000E+03  0.12500612E+03  0.10000000E+01  0.00000000E+00
  0.98980534E+00  0.16465105E+01  0.23799962E+00  0.45398140E+00  0.10035826E+04  0.71050547E+04  0.12576698E+03  0.12576566E+03  0.10000000E+01  0.00000000E+00
  0.23511319E+01  0.95155859E+00  0.11552203E+00 -0.24826267E+00  0.10009319E+04  0.18336617E+04  0.12561582E+03  0.12561228E+03  0.10000000E+01  0.00000000E+00
  0.15449162E+01  0.11405613E+01 -0.58888292E+00  0.28899461E-01  0.10216688E+04  0.45379863E+05  0.12546356E+03  0.12546202E+03  0.10000000E+01  0.00000000E+00
  0.20656159E+01  0.10235593E+01 -0.65393604E-01  0.13773662E+00  0.99963287E+03 -0.71946729E+03  0.12531018E+03  0.12530890E+03  0.10000000E+01  0.00000000E+00
  0.19337435E+01  0.17126856E+01 -0.67277670E-01  0.29493064E+00  0.99640051E+03 -0.69863462E+04  0.12515567E+03  0.12515567E+03  0.10000000E+01  0.00000000E+00
  0.13163400E+01  0.87788463E+00  0.86785676E-02  0.24175340E+00  0.10045030E+04  0.89551602E+04  0.12500000E+03  0.12500012E+03  0.10000000E+01  0.00000000E+00
  0.11740751E+01  0.17538919E+01  0.31458828E+00  0.24238577E+00  0.10027198E+04  0.53801440E+04  0.12561582E+03  0.12560780E+03  0.10000000E+01  0.00000000E+00
  0.12369391E+01  0.19548118E+01 -0.72864020E+00  0.54533780E+00  0.10035532E+04  0.70460361E+04  0.12531018E+03  0.12531004E+03  0.10000000E+01  0.00000000E+00
  0.21847703E+01  0.18572674E+01 -0.45173350E+00 -0.33148864E+00  0.10021467E+04  0.42390889E+04  0.12500000E+03  0.12500000E+03  0.10000000E+01  0.00000000E+00
