  0.00000000E+00  0.00000000E+00  0.00000000E+00  0.00000000E+00  0.10034954E+04  0.69301802E+04  0.12500000E+03  0.19640734E-02  0.69999999E+00  0.99999774E+03
  0.00000000E+00  0.50000000E+00  0.00000000E+00  0.00000000E+00  0.10339622E+04  0.73820375E+05  0.12500000E+03  0.16029305E-02  0.69999999E+00  0.99999811E+03
  0.00000000E+00  0.10000000E+01  0.00000000E+00  0.00000000E+00  0.10569728E+04  0.13280695E+06  0.12500000E+03  0.24643552E-02  0.69999999E+00  0.99999701E+03
  0.00000000E+00  0.15000000E+01  0.00000000E+00  0.00000000E+00  0.10381403E+04  0.83959039E+05  0.12500000E+03  0.91027585E-03  0.69999999E+00  0.99999890E+03
  0.00000000E+00  0.20000000E+01  0.00000000E+00  0.00000000E+00  0.10082655E+04  0.16624609E+05  0.12500000E+03 -0.75070444E-03  0.69999999E+00  0.10000009E+04
  0.00000000E+00  0.25000000E+01  0.00000000E+00  0.00000000E+00  0.10002684E+04  0.52714160E+03  0.12500000E+03  0.14584634E-03  0.69999999E+00  0.99999982E+03
  0.00000000E+00  0.30000000E+01  0.00000000E+00  0.00000000E+00  0.10000000E+04  0.00000000E+00  0.12500000E+03  0.00000000E+00  0.69999999E+00  0.10000000E+04
  0.00000000E+00  0.35000000E+01  0.00000000E+00  0.00000000E+00  0.10000000E+04  0.00000000E+00  0.12500000E+03  0.00000000E+00  0.69999999E+00  0.10000000E+04
  0.00000000E+00  0.40000000E+01  0.00000000E+00  0.00000000E+00  0.10000000E+04  0.00000000E+00  0.12500000E+03  0.00000000E+00  0.69999999E+00  0.10000000E+04
 -0.25000000E+00 -0.25000000E+00  0.00000000E+00  0.00000000E+00  0.10006414E+04  0.12607445E+04  0.12500000E+03  0.52005530E-03  0.69999999E+00  0.99999939E+03
 -0.25000000E+00  0.25000000E+00  0.00000000E+00  0.00000000E+00  0.10021208E+04  0.41876816E+04  0.12500000E+03  0.79213310E-03  0.69999999E+00  0.99999908E+03
 -0.25000000E+00  0.75000000E+00  0.00000000E+00  0.00000000E+00  0.10046360E+04  0.92231777E+04  0.12500000E+03  0.52446150E-04  0.69999999E+00  0.99999994E+03
 -0.25000000E+00  0.12500000E+01  0.00000000E+00  0.00000000E+00  0.10033628E+04  0.66646992E+04  0.12500000E+03  0.80946536E-03  0.69999999E+00  0.99999908E+03
 -0.25000000E+00  0.17500000E+01  0.00000000E+00  0.00000000E+00  0.10009747E+04  0.19181093E+04  0.12500000E+03 -0.22291645E-03  0.69999999E+00  0.10000002E+04
 -0.25000000E+00  0.22500000E+01  0.00000000E+00  0.00000000E+00  0.10004747E+04  0.93267188E+03  0.12500000E+03 -0.90573652E-04  0.69999999E+00  0.10000001E+04
 -0.25000000E+00  0.27500000E+01  0.00000000E+00  0.00000000E+00  0.10000000E+04  0.00000000E+00  0.12500000E+03  0.00000000E+00  0.69999999E+00  0.10000000E+04
 -0.25000000E+00  0.32500000E+01  0.00000000E+00  0.00000000E+00  0.10000000E+04  0.00000000E+00  0.12500000E+03  0.00000000E+00  0.69999999E+00  0.10000000E+04
 -0.25000000E+00  0.37500000E+01  0.00000000E+00  0.00000000E+00  0.10000000E+04  0.00000000E+00  0.12500000E+03  0.00000000E+00  0.69999999E+00  0.10000000E+04
  0.80000000E+01  0.00000000E+00  0.00000000E+00  0.00000000E+00  0.10000000E+04  0.00000000E+00  0.12500000E+03  0.00000000E+00  0.69999999E+00  0.10000000E+04
  0.80000000E+01  0.50000000E+00  0.00000000E+00  0.00000000E+00  0.10000000E+04  0.00000000E+00  0.12500000E+03  0.00000000E+00  0.69999999E+00  0.10000000E+04
  0.80000000E+01  0.10000000E+01  0.00000000E+00  0.00000000E+00  0.10000000E+04  0.00000000E+00  0.12500000E+03  0.00000000E+00  0.69999999E+00  0.10000000E+04
  0.80000000E+01  0.15000000E+01  0.00000000E+00  0.00000000E+00  0.10000000E+04  0.00000000E+00  0.12500000E+03  0.00000000E+00  0.69999999E+00  0.10000000E+04
  0.80000000E+01  0.20000000E+01  0.00000000E+00  0.00000000E+00  0.10000000E+04  0.00000000E+00  0.12500000E+03  0.00000000E+00  0.69999999E+00  0.10000000E+04
  0.80000000E+01  0.25000000E+01  0.00000000E+00  0.00000000E+00  0.10000000E+04  0.00000000E+00  0.12500000E+03  0.00000000E+00  0.69999999E+00  0.10000000E+04
  0.80000000E+01  0.30000000E+01  0.00000000E+00  0.00000000E+00  0.10000000E+04  0.00000000E+00  0.12500000E+03  0.00000000E+00  0.69999999E+00  0.10000000E+04
  0.80000000E+01  0.35000000E+01  0.00000000E+00  0.00000000E+00  0.10000000E+04  0.00000000E+00  0.12500000E+03  0.00000000E+00  0.69999999E+00  0.10000000E+04
  0.80000000E+01  0.40000000E+01  0.00000000E+00  0.00000000E+00  0.10000000E+04  0.00000000E+00  0.12500000E+03  0.00000000E+00  0.69999999E+00  0.10000000E+04
  0.82500000E+01 -0.25000000E+00  0.00000000E+00  0.00000000E+00  0.10000000E+04  0.00000000E+00  0.12500000E+03  0.00000000E+00  0.69999999E+00  0.10000000E+04
  0.82500000E+01  0.25000000E+00  0.00000000E+00  0.00000000E+00  0.10000000E+04  0.00000000E+00  0.12500000E+03  0.00000000E+00  0.69999999E+00  0.10000000E+04
  0.82500000E+01  0.75000000E+00  0.00000000E+00  0.00000000E+00  0.10000000E+04  0.00000000E+00  0.12500000E+03  0.00000000E+00  0.69999999E+00  0.10000000E+04
  0.82500000E+01  0.12500000E+01  0.00000000E+00  0.00000000E+00  0.10000000E+04  0.00000000E+00  0.12500000E+03  0.00000000E+00  0.69999999E+00  0.10000000E+04
  0.82500000E+01  0.17500000E+01  0.00000000E+00  0.00000000E+00  0.10000000E+04  0.00000000E+00  0.12500000E+03  0.00000000E+00  0.69999999E+00  0.10000000E+04
  0.82500000E+01  0.22500000E+01  0.00000000E+00  0.00000000E+00  0.10000000E+04  0.00000000E+00  0.12500000E+03  0.00000000E+00  0.69999999E+00  0.10000000E+04
  0.82500000E+01  0.27500000E+01  0.00000000E+00  0.00000000E+00  0.10000000E+04  0.00000000E+00  0.12500000E+03  0.00000000E+00  0.69999999E+00  0.10000000E+04
  0.82500000E+01  0.32500000E+01  0.00000000E+00  0.00000000E+00  0.10000000E+04  0.00000000E+00  0.12500000E+03  0.00000000E+00  0.69999999E+00  0.10000000E+04
  0.82500000E+01  0.37500000E+01  0.00000000E+00  0.00000000E+00  0.10000000E+04  0.00000000E+00  0.12500000E+03  0.00000000E+00  0.69999999E+00  0.10000000E+04
  0.50000000E+00  0.00000000E+00  0.00000000E+00  0.00000000E+00  0.10507404E+04  0.11605516E+06  0.12500000E+03  0.94679408E-02  0.69999999E+00  0.99998865E+03
  0.10000000E+01  0.00000000E+00  0.00000000E+00  0.00000000E+00  0.10499075E+04  0.11386115E+06  0.12500000E+03  0.44066771E-02  0.69999999E+00  0.99999469E+03
  0.15000000E+01  0.00000000E+00  0.00000000E+00  0.00000000E+00  0.10276233E+04  0.58900781E+05  0.12500000E+03  0.17208561E-01  0.69999999E+00  0.99997980E+03
  0.20000000E+01  0.00000000E+00  0.00000000E+00  0.00000000E+00  0.11468447E+04  0.45107794E+06  0.12500000E+03  0.19147923E-01  0.69999999E+00  0.99997491E+03
  0.25000000E+01  0.00000000E+00  0.00000000E+00  0.00000000E+00  0.10086533E+04  0.17424893E+05  0.12500000E+03  0.28358260E-02  0.69999999E+00  0.99999670E+03
  0.30000000E+01  0.00000000E+00  0.00000000E+00  0.00000000E+00  0.10209741E+04  0.43833082E+05  0.12500000E+03  0.47245603E-02  0.69999999E+00  0.99999451E+03
  0.35000000E+01  0.00000000E+00  0.00000000E+00  0.00000000E+00  0.10032339E+04  0.64068203E+04  0.12500000E+03  0.18133316E-02  0.69999999E+00  0.99999792E+03
  0.40000000E+01  0.00000000E+00  0.00000000E+00  0.00000000E+00  0.10000137E+04  0.26898298E+02  0.12500000E+03 -0.68247195E-04  0.69999999E+00  0.10000001E+04
  0.45000000E+01  0.00000000E+00  0.00000000E+00  0.00000000E+00  0.10000000E+04  0.00000000E+00  0.12500000E+03  0.56051939E-42  0.69999999E+00  0.10000000E+04
  0.50000000E+01  0.00000000E+00  0.00000000E+00  0.00000000E+00  0.10000000E+04  0.00000000E+00  0.12500000E+03 -0.00000000E+00  0.69999999E+00  0.10000000E+04
  0.55000000E+01  0.00000000E+00  0.00000000E+00  0.00000000E+00  0.10000000E+04  0.00000000E+00  0.12500000E+03  0.00000000E+00  0.69999999E+00  0.10000000E+04
  0.60000000E+01  0.00000000E+00  0.00000000E+00  0.00000000E+00  0.10000000E+04  0.00000000E+00  0.12500000E+03  0.00000000E+00  0.69999999E+00  0.10000000E+04
  0.65000000E+01  0.00000000E+00  0.00000000E+00  0.00000000E+00  0.10000000E+04  0.00000000E+00  0.12500000E+03  0.00000000E+00  0.69999999E+00  0.10000000E+04
  0.70000000E+01  0.00000000E+00  0.00000000E+00  0.00000000E+00  0.10000000E+04  0.00000000E+00  0.12500000E+03  0.00000000E+00  0.69999999E+00  0.10000000E+04
  0.75000000E+01  0.00000000E+00  0.00000000E+00  0.00000000E+00  0.10000000E+04  0.00000000E+00  0.12500000E+03  0.00000000E+00  0.69999999E+00  0.10000000E+04
  0.25000000E+00 -0.25000000E+00  0.00000000E+00  0.00000000E+00  0.10060856E+04  0.12159984E+05  0.12500000E+03  0.28203563E-02  0.69999999E+00  0.99999677E+03
  0.75000000E+00 -0.25000000E+00  0.00000000E+00  0.00000000E+00  0.10256504E+04  0.54368566E+05  0.12500000E+03  0.71618096E-02  0.69999999E+00  0.99999158E+03
  0.12500000E+01 -0.25000000E+00  0.00000000E+00  0.00000000E+00  0.10092479E+04  0.18655602E+05  0.12500000E+03  0.59129093E-02  0.69999999E+00  0.99999316E+03
  0.17500000E+01 -0.25000000E+00  0.00000000E+00  0.00000000E+00  0.10167560E+04  0.34574645E+05  0.12500000E+03  0.89279171E-02  0.69999999E+00  0.99998962E+03
  0.22500000E+01 -0.25000000E+00  0.00000000E+00  0.00000000E+00  0.10002935E+04  0.57634106E+03  0.12500000E+03  0.79186149E-02  0.69999999E+00  0.99999097E+03
  0.27500000E+01 -0.25000000E+00  0.00000000E+00  0.00000000E+00  0.10008365E+04  0.16453208E+04  0.12500000E+03  0.20538953E-02  0.69999999E+00  0.99999768E+03
  0.32500000E+01 -0.25000000E+00  0.00000000E+00  0.00000000E+00  0.10000249E+04  0.48886379E+02  0.12500000E+03  0.18414217E-02  0.69999999E+00  0.99999792E+03
  0.37500000E+01 -0.25000000E+00  0.00000000E+00  0.00000000E+00  0.10000070E+04  0.13565822E+02  0.12500000E+03 -0.15635355E-03  0.69999999E+00  0.10000002E+04
  0.42500000E+01 -0.25000000E+00  0.00000000E+00  0.00000000E+00  0.10000000E+04  0.00000000E+00  0.12500000E+03 -0.16265095E-38  0.69999999E+00  0.10000000E+04
  0.47500000E+01 -0.25000000E+00  0.00000000E+00  0.00000000E+00  0.10000000E+04  0.00000000E+00  0.12500000E+03 -0.44561291E-42  0.69999999E+00  0.10000000E+04
  0.52500000E+01 -0.25000000E+00  0.00000000E+00  0.00000000E+00  0.10000000E+04  0.00000000E+00  0.12500000E+03  0.00000000E+00  0.69999999E+00  0.10000000E+04
  0.57500000E+01 -0.25000000E+00  0.00000000E+00  0.00000000E+00  0.10000000E+04  0.00000000E+00  0.12500000E+03  0.00000000E+00  0.69999999E+00  0.10000000E+04
  0.62500000E+01 -0.25000000E+00  0.00000000E+00  0.00000000E+00  0.10000000E+04  0.00000000E+00  0.12500000E+03  0.00000000E+00  0.69999999E+00  0.10000000E+04
  0.67500000E+01 -0.25000000E+00  0.00000000E+00  0.00000000E+00  0.10000000E+04  0.00000000E+00  0.12500000E+03  0.00000000E+00  0.69999999E+00  0.10000000E+04
  0.72500000E+01 -0.25000000E+00  0.00000000E+00  0.00000000E+00  0.10000000E+04  0.00000000E+00  0.12500000E+03  0.00000000E+00  0.69999999E+00  0.10000000E+04
  0.77500000E+01 -0.25000000E+00  0.00000000E+00  0.00000000E+00  0.10000000E+04  0.00000000E+00  0.12500000E+03  0.00000000E+00  0.69999999E+00  0.10000000E+04
  0.40000000E+01  0.50000000E+00  0.00000000E+00  0.00000000E+00  0.10011138E+04  0.21925366E+04  0.12500000E+03 -0.18839022E-03  0.69999999E+00  0.10000002E+04
  0.37500000E+01  0.25000000E+00  0.00000000E+00  0.00000000E+00  0.10037805E+04  0.75019653E+04  0.12500000E+03 -0.78625040E-03  0.69999999E+00  0.10000009E+04
  0.40000000E+01  0.10000000E+01  0.00000000E+00  0.00000000E+00  0.10047600E+04  0.94736006E+04  0.12500000E+03 -0.81915874E-04  0.69999999E+00  0.10000001E+04
  0.37500000E+01  0.75000000E+00  0.00000000E+00  0.00000000E+00  0.10559512E+04  0.13002009E+06  0.12500000E+03  0.71951735E-03  0.69999999E+00  0.99999915E+03
  0.40000000E+01  0.15000000E+01  0.00000000E+00  0.00000000E+00  0.10012310E+04  0.24240710E+04  0.12500000E+03  0.19086045E-03  0.69999999E+00  0.99999976E+03
  0.37500000E+01  0.12500000E+01  0.00000000E+00  0.00000000E+00  0.10426239E+04  0.95114602E+05  0.12500000E+03  0.31130732E-03  0.69999999E+00  0.99999963E+03
  0.40000000E+01  0.20000000E+01  0.00000000E+00  0.00000000E+00  0.10001816E+04  0.35664059E+03  0.12500000E+03  0.18653322E-03  0.69999999E+00  0.99999982E+03
  0.37500000E+01  0.17500000E+01  0.00000000E+00  0.00000000E+00  0.10275133E+04  0.58646641E+05  0.12500000E+03  0.10130759E-02  0.69999999E+00  0.99999884E+03
  0.45000000E+01  0.50000000E+00  0.00000000E+00  0.00000000E+00  0.10000000E+04  0.00000000E+00  0.12500000E+03  0.19113711E-41  0.69999999E+00  0.10000000E+04
  0.42500000E+01  0.25000000E+00  0.00000000E+00  0.00000000E+00  0.10000018E+04  0.35083482E+01  0.12500000E+03 -0.74084828E-05  0.69999999E+00  0.10000000E+04
  0.45000000E+01  0.10000000E+01  0.00000000E+00  0.00000000E+00  0.10000000E+04  0.00000000E+00  0.12500000E+03 -0.00000000E+00  0.69999999E+00  0.10000000E+04
  0.42500000E+01  0.75000000E+00  0.00000000E+00  0.00000000E+00  0.10000944E+04  0.18529227E+03  0.12500000E+03 -0.75637886E-05  0.69999999E+00  0.10000000E+04
  0.45000000E+01  0.15000000E+01  0.00000000E+00  0.00000000E+00  0.10000000E+04  0.00000000E+00  0.12500000E+03  0.00000000E+00  0.69999999E+00  0.10000000E+04
  0.42500000E+01  0.12500000E+01  0.00000000E+00  0.00000000E+00  0.10000066E+04  0.12864128E+02  0.12500000E+03  0.34267537E-05  0.69999999E+00  0.10000000E+04
  0.45000000E+01  0.20000000E+01  0.00000000E+00  0.00000000E+00  0.10000000E+04  0.00000000E+00  0.12500000E+03  0.00000000E+00  0.69999999E+00  0.10000000E+04
  0.42500000E+01  0.17500000E+01  0.00000000E+00  0.00000000E+00  0.10000031E+04  0.60811610E+01  0.12500000E+03  0.28991612E-05  0.69999999E+00  0.10000000E+04
  0.50000000E+01  0.50000000E+00  0.00000000E+00  0.00000000E+00  0.10000000E+04  0.00000000E+00  0.12500000E+03  0.00000000E+00  0.69999999E+00  0.10000000E+04
  0.47500000E+01  0.25000000E+00  0.00000000E+00  0.00000000E+00  0.10000000E+04  0.00000000E+00  0.12500000E+03  0.43720512E-42  0.69999999E+00  0.10000000E+04
  0.50000000E+01  0.10000000E+01  0.00000000E+00  0.00000000E+00  0.10000000E+04  0.00000000E+00  0.12500000E+03  0.00000000E+00  0.69999999E+00  0.10000000E+04
  0.47500000E+01  0.75000000E+00  0.00000000E+00  0.00000000E+00  0.10000000E+04  0.00000000E+00  0.12500000E+03  0.00000000E+00  0.69999999E+00  0.10000000E+04
  0.50000000E+01  0.15000000E+01  0.00000000E+00  0.00000000E+00  0.10000000E+04  0.00000000E+00  0.12500000E+03 -0.00000000E+00  0.69999999E+00  0.10000000E+04
  0.47500000E+01  0.12500000E+01  0.00000000E+00  0.00000000E+00  0.10000000E+04  0.00000000E+00  0.12500000E+03 -0.00000000E+00  0.69999999E+00  0.10000000E+04
  0.50000000E+01  0.20000000E+01  0.00000000E+00  0.00000000E+00  0.10000000E+04  0.00000000E+00  0.12500000E+03  0.00000000E+00  0.69999999E+00  0.10000000E+04
  0.47500000E+01  0.17500000E+01  0.00000000E+00  0.00000000E+00  0.10000000E+04  0.00000000E+00  0.12500000E+03  0.00000000E+00  0.69999999E+00  0.10000000E+04
  0.25857174E+01  0.10371051E+01 -0.36272740E+00 -0.11591648E+01  0.99257550E+03 -0.14246350E+05  0.12576698E+03  0.12576674E+03  0.10000000E+01  0.00000000E+00
  0.14216300E+01  0.10310060E+01 -0.13660586E+01  0.49421668E+00  0.98762842E+03 -0.23390537E+05  0.12561582E+03  0.12561256E+03  0.10000000E+01  0.00000000E+00
  0.89689910E+00  0.10429944E+01 -0.11921804E+01  0.35752453E-01  0.99085815E+03 -0.17451848E+05  0.12546356E+03  0.12546333E+03  0.10000000E+01  0.00000000E+00
  0.81749642E+00  0.12766052E+01  0.67788553E+00  0.21228974E+01  0.99767560E+03 -0.45287993E+04  0.12531018E+03  0.12531018E+03  0.10000000E+01  0.00000000E+00
  0.14668152E+01  0.19291025E+01  0.19697692E+01  0.48821950E+00  0.99122687E+03 -0.16766449E+05  0.12515567E+03  0.12515567E+03  0.10000000E+01  0.00000000E+00
  0.22826185E+01  0.17877069E+01  0.19252422E+00 -0.79947889E+00  0.10039419E+04  0.78260581E+04  0.12500000E+03  0.12500000E+03  0.10000000E+01  0.00000000E+00
  0.24942107E+01  0.11705070E+01 -0.82722974E+00 -0.70999336E+00  0.10116063E+04  0.23580033E+05  0.12576698E+03  0.12575494E+03  0.10000000E+01  0.00000000E+00
  0.13877140E+01  0.10284743E+01 -0.19236979E+01  0.83564021E-01  0.98893213E+03 -0.21007289E+05  0.12561582E+03  0.12560624E+03  0.10000000E+01  0.00000000E+00
  0.13214419E+01  0.13484416E+01 -0.21121383E+01  0.92608082E+00  0.98467236E+03 -0.28724770E+05  0.12546356E+03  0.12546037E+03  0.10000000E+01  0.00000000E+00
  0.21863897E+01  0.15952839E+01  0.53282416E+00 -0.34952992E+00  0.99946985E+03 -0.10384501E+04  0.12531018E+03  0.12531038E+03  0.10000000E+01  0.00000000E+00
  0.92663312E+00  0.11005191E+01 -0.14151033E+01 -0.12673435E+01  0.99373083E+03 -0.12071154E+05  0.12515567E+03  0.12515567E+03  0.10000000E+01  0.00000000E+00
  0.71650803E+00  0.77404785E+00  0.13851511E+01 -0.23841829E+01  0.10041027E+04  0.81492656E+04  0.12500000E+03  0.12500000E+03  0.10000000E+01  0.00000000E+00
  0.21060855E+01  0.14236624E+01 -0.17444770E+01 -0.24643507E+01  0.10020892E+04  0.41249141E+04  0.12576698E+03  0.12575644E+03  0.10000000E+01  0.00000000E+00
  0.24093792E+01  0.14598118E+01 -0.12572129E+01 -0.50901794E+00  0.10079088E+04  0.15890165E+05  0.12561582E+03  0.12561089E+03  0.10000000E+01  0.00000000E+00
  0.27961102E+01  0.97960877E+00 -0.63642997E+00 -0.43306935E+00  0.10091663E+04  0.18486578E+05  0.12546356E+03  0.12546005E+03  0.10000000E+01  0.00000000E+00
  0.24773657E+01  0.90002573E+00 -0.13564873E+01  0.15284371E+00  0.99931805E+03 -0.13352258E+04  0.12531018E+03  0.12531018E+03  0.10000000E+01  0.00000000E+00
  0.29008021E+01  0.89101458E+00 -0.29182082E+00 -0.50730282E+00  0.10159190E+04  0.32764822E+05  0.12515567E+03  0.12515553E+03  0.10000000E+01  0.00000000E+00
  0.12060683E+01  0.17134404E+01 -0.18646424E+01 -0.16513791E+01  0.98193768E+03 -0.33574707E+05  0.12500000E+03  0.12500000E+03  0.10000000E+01  0.00000000E+00
  0.10480587E+01  0.85649908E+00 -0.18312492E+01  0.19012874E+00  0.98970715E+03 -0.19581541E+05  0.12576698E+03  0.12576566E+03  0.10000000E+01  0.00000000E+00
  0.24012108E+01  0.14601059E+01 -0.13694706E+01 -0.49846977E+00  0.10075598E+04  0.15172938E+05  0.12561582E+03  0.12561221E+03  0.10000000E+01  0.00000000E+00
  0.27411056E+01  0.83269811E+00  0.58926895E-01 -0.49578339E+00  0.10048780E+04  0.97119258E+04  0.12546356E+03  0.12546202E+03  0.10000000E+01  0.00000000E+00
  0.16069443E+01  0.98585868E+00 -0.40517437E+00  0.90204167E+00  0.99442926E+03 -0.10748873E+05  0.12531018E+03  0.12530890E+03  0.10000000E+01  0.00000000E+00
  0.15881791E+01  0.20700383E+01 -0.27596018E+01  0.96151221E+00  0.10010673E+04  0.21007214E+04  0.12515567E+03  0.12515567E+03  0.10000000E+01  0.00000000E+00
  0.18175685E+01  0.10265038E+01  0.38960564E+00 -0.59648179E-01  0.10214347E+04  0.44857812E+05  0.12500000E+03  0.12500012E+03  0.10000000E+01  0.00000000E+00
  0.16116898E+01  0.17178309E+01 -0.91792428E+00 -0.45173466E+00  0.99764673E+03 -0.45846108E+04  0.12561582E+03  0.12561399E+03  0.10000000E+01  0.00000000E+00
  0.28750439E+01  0.14978640E+01 -0.30465442E+00 -0.15936835E+01  0.99591180E+03 -0.79233853E+04  0.12531018E+03  0.12531004E+03  0.10000000E+01  0.00000000E+00
  0.10992720E+01  0.20161276E+01  0.10972121E+01  0.21842804E+01  0.10038563E+04  0.76541592E+04  0.12500000E+03  0.12500000E+03  0.10000000E+01  0.00000000E+00
