  0.00000000E+00  0.00000000E+00  0.00000000E+00  0.00000000E+00  0.10023854E+04  0.47137363E+04  0.12500000E+03  0.23883635E-02  0.69999999E+00  0.99999725E+03
  0.00000000E+00  0.50000000E+00  0.00000000E+00  0.00000000E+00  0.10327263E+04  0.70868258E+05  0.12500000E+03  0.29619508E-02  0.69999999E+00  0.99999652E+03
  0.00000000E+00  0.10000000E+01  0.00000000E+00  0.00000000E+00  0.10366433E+04  0.80298148E+05  0.12500000E+03  0.34648895E-02  0.69999999E+00  0.99999591E+03
  0.00000000E+00  0.15000000E+01  0.00000000E+00  0.00000000E+00  0.10199073E+04  0.41469824E+05  0.12500000E+03  0.11308491E-02  0.69999999E+00  0.99999866E+03
  0.00000000E+00  0.20000000E+01  0.00000000E+00  0.00000000E+00  0.10310604E+04  0.66922414E+05  0.12500000E+03 -0.15044024E-02  0.69999999E+00  0.10000018E+04
  0.00000000E+00  0.25000000E+01  0.00000000E+00  0.00000000E+00  0.10043734E+04  0.86940771E+04  0.12500000E+03  0.36719424E-03  0.69999999E+00  0.99999957E+03
  0.00000000E+00  0.30000000E+01  0.00000000E+00  0.00000000E+00  0.10000000E+04  0.00000000E+00  0.12500000E+03  0.60528782E-05  0.69999999E+00  0.10000000E+04
  0.00000000E+00  0.35000000E+01  0.00000000E+00  0.00000000E+00  0.10000000E+04  0.00000000E+00  0.12500000E+03  0.00000000E+00  0.69999999E+00  0.10000000E+04
  0.00000000E+00  0.40000000E+01  0.00000000E+00  0.00000000E+00  0.10000000E+04  0.00000000E+00  0.12500000E+03  0.00000000E+00  0.69999999E+00  0.10000000E+04
 -0.25000000E+00 -0.25000000E+00  0.00000000E+00  0.00000000E+00  0.10006414E+04  0.12607445E+04  0.12500000E+03  0.52005530E-03  0.69999999E+00  0.99999939E+03
 -0.25000000E+00  0.25000000E+00  0.00000000E+00  0.00000000E+00  0.10018423E+04  0.36345530E+04  0.12500000E+03  0.10554232E-02  0.69999999E+00  0.99999878E+03
 -0.25000000E+00  0.75000000E+00  0.00000000E+00  0.00000000E+00  0.10115999E+04  0.23566498E+05  0.12500000E+03  0.39715366E-03  0.69999999E+00  0.99999951E+03
 -0.25000000E+00  0.12500000E+01  0.00000000E+00  0.00000000E+00  0.10030525E+04  0.60440757E+04  0.12500000E+03  0.10759577E-02  0.69999999E+00  0.99999878E+03
 -0.25000000E+00  0.17500000E+01  0.00000000E+00  0.00000000E+00  0.10013997E+04  0.27576438E+04  0.12500000E+03 -0.36034291E-03  0.69999999E+00  0.10000004E+04
 -0.25000000E+00  0.22500000E+01  0.00000000E+00  0.00000000E+00  0.10012512E+04  0.24641292E+04  0.12500000E+03 -0.15084510E-03  0.69999999E+00  0.10000002E+04
 -0.25000000E+00  0.27500000E+01  0.00000000E+00  0.00000000E+00  0.10000000E+04  0.00000000E+00  0.12500000E+03  0.27633606E-41  0.69999999E+00  0.10000000E+04
 -0.25000000E+00  0.32500000E+01  0.00000000E+00  0.00000000E+00  0.10000000E+04  0.00000000E+00  0.12500000E+03  0.91364660E-42  0.69999999E+00  0.10000000E+04
 -0.25000000E+00  0.37500000E+01  0.00000000E+00  0.00000000E+00  0.10000000E+04  0.00000000E+00  0.12500000E+03  0.00000000E+00  0.69999999E+00  0.10000000E+04
  0.80000000E+01  0.00000000E+00  0.00000000E+00  0.00000000E+00  0.10000000E+04  0.00000000E+00  0.12500000E+03  0.00000000E+00  0.69999999E+00  0.10000000E+04
  0.80000000E+01  0.50000000E+00  0.00000000E+00  0.00000000E+00  0.10000000E+04  0.00000000E+00  0.12500000E+03  0.00000000E+00  0.69999999E+00  0.10000000E+04
  0.80000000E+01  0.10000000E+01  0.00000000E+00  0.00000000E+00  0.10000000E+04  0.00000000E+00  0.12500000E+03  0.00000000E+00  0.69999999E+00  0.10000000E+04
  0.80000000E+01  0.15000000E+01  0.00000000E+00  0.00000000E+00  0.10000000E+04  0.00000000E+00  0.12500000E+03  0.00000000E+00  0.69999999E+00  0.10000000E+04
  0.80000000E+01  0.20000000E+01  0.00000000E+00  0.00000000E+00  0.10000000E+04  0.00000000E+00  0.12500000E+03  0.00000000E+00  0.69999999E+00  0.10000000E+04
  0.80000000E+01  0.25000000E+01  0.00000000E+00  0.00000000E+00  0.10000000E+04  0.00000000E+00  0.12500000E+03  0.00000000E+00  0.69999999E+00  0.10000000E+04
  0.80000000E+01  0.30000000E+01  0.00000000E+00  0.00000000E+00  0.10000000E+04  0.00000000E+00  0.12500000E+03  0.00000000E+00  0.69999999E+00  0.10000000E+04
  0.80000000E+01  0.35000000E+01  0.00000000E+00  0.00000000E+00  0.10000000E+04  0.00000000E+00  0.12500000E+03  0.00000000E+00  0.69999999E+00  0.10000000E+04
  0.80000000E+01  0.40000000E+01  0.00000000E+00  0.00000000E+00  0.10000000E+04  0.00000000E+00  0.12500000E+03  0.00000000E+00  0.69999999E+00  0.10000000E+04
  0.82500000E+01 -0.25000000E+00  0.00000000E+00  0.00000000E+00  0.10000000E+04  0.00000000E+00  0.12500000E+03  0.00000000E+00  0.69999999E+00  0.10000000E+04
  0.82500000E+01  0.25000000E+00  0.00000000E+00  0.00000000E+00  0.10000000E+04  0.00000000E+00  0.12500000E+03  0.00000000E+00  0.69999999E+00  0.10000000E+04
  0.82500000E+01  0.75000000E+00  0.00000000E+00  0.00000000E+00  0.10000000E+04  0.00000000E+00  0.12500000E+03  0.00000000E+00  0.69999999E+00  0.10000000E+04
  0.82500000E+01  0.12500000E+01  0.00000000E+00  0.00000000E+00  0.10000000E+04  0.00000000E+00  0.12500000E+03  0.00000000E+00  0.69999999E+00  0.10000000E+04
  0.82500000E+01  0.17500000E+01  0.00000000E+00  0.00000000E+00  0.10000000E+04  0.00000000E+00  0.12500000E+03  0.00000000E+00  0.69999999E+00  0.10000000E+04
  0.82500000E+01  0.22500000E+01  0.00000000E+00  0.00000000E+00  0.10000000E+04  0.00000000E+00  0.12500000E+03  0.00000000E+00  0.69999999E+00  0.10000000E+04
  0.82500000E+01  0.27500000E+01  0.00000000E+00  0.00000000E+00  0.10000000E+04  0.00000000E+00  0.12500000E+03  0.00000000E+00  0.69999999E+00  0.10000000E+04
  0.82500000E+01  0.32500000E+01  0.00000000E+00  0.00000000E+00  0.10000000E+04  0.00000000E+00  0.12500000E+03  0.00000000E+00  0.69999999E+00  0.10000000E+04
  0.82500000E+01  0.37500000E+01  0.00000000E+00  0.00000000E+00  0.10000000E+04  0.00000000E+00  0.12500000E+03  0.00000000E+00  0.69999999E+00  0.10000000E+04
  0.50000000E+00  0.00000000E+00  0.00000000E+00  0.00000000E+00  0.10460348E+04  0.10379627E+06  0.12500000E+03  0.11989033E-01  0.69999999E+00  0.99998566E+03
  0.10000000E+01  0.00000000E+00  0.00000000E+00  0.00000000E+00  0.10575342E+04  0.13434547E+06  0.12500000E+03  0.69725621E-02  0.69999999E+00  0.99999158E+03
  0.15000000E+01  0.00000000E+00  0.00000000E+00  0.00000000E+00  0.10354385E+04  0.77374711E+05  0.12500000E+03  0.21249484E-01  0.69999999E+00  0.99997485E+03
  0.20000000E+01  0.00000000E+00  0.00000000E+00  0.00000000E+00  0.11376519E+04  0.41101416E+06  0.12500000E+03  0.24409881E-01  0.69999999E+00  0.99996826E+03
  0.25000000E+01  0.00000000E+00  0.00000000E+00  0.00000000E+00  0.10289496E+04  0.61977117E+05  0.12500000E+03  0.68486170E-02  0.69999999E+00  0.99999194E+03
  0.30000000E+01  0.00000000E+00  0.00000000E+00  0.00000000E+00  0.10377952E+04  0.83112281E+05  0.12500000E+03  0.85977223E-02  0.69999999E+00  0.99998981E+03
  0.35000000E+01  0.00000000E+00  0.00000000E+00  0.00000000E+00  0.10038007E+04  0.75423999E+04  0.12500000E+03  0.34770949E-02  0.69999999E+00  0.99999603E+03
  0.40000000E+01  0.00000000E+00  0.00000000E+00  0.00000000E+00  0.10000137E+04  0.26898298E+02  0.12500000E+03 -0.68247195E-04  0.69999999E+00  0.10000001E+04
  0.45000000E+01  0.00000000E+00  0.00000000E+00  0.00000000E+00  0.10000000E+04  0.00000000E+00  0.12500000E+03  0.77130270E-40  0.69999999E+00  0.10000000E+04
  0.50000000E+01  0.00000000E+00  0.00000000E+00  0.00000000E+00  0.10000000E+04  0.00000000E+00  0.12500000E+03  0.00000000E+00  0.69999999E+00  0.10000000E+04
  0.55000000E+01  0.00000000E+00  0.00000000E+00  0.00000000E+00  0.10000000E+04  0.00000000E+00  0.12500000E+03  0.00000000E+00  0.69999999E+00  0.10000000E+04
  0.60000000E+01  0.00000000E+00  0.00000000E+00  0.00000000E+00  0.10000000E+04  0.00000000E+00  0.12500000E+03  0.00000000E+00  0.69999999E+00  0.10000000E+04
  0.65000000E+01  0.00000000E+00  0.00000000E+00  0.00000000E+00  0.10000000E+04  0.00000000E+00  0.12500000E+03  0.00000000E+00  0.69999999E+00  0.10000000E+04
  0.70000000E+01  0.00000000E+00  0.00000000E+00  0.00000000E+00  0.10000000E+04  0.00000000E+00  0.12500000E+03  0.00000000E+00  0.69999999E+00  0.10000000E+04
  0.75000000E+01  0.00000000E+00  0.00000000E+00  0.00000000E+00  0.10000000E+04  0.00000000E+00  0.12500000E+03  0.00000000E+00  0.69999999E+00  0.10000000E+04
  0.25000000E+00 -0.25000000E+00  0.00000000E+00  0.00000000E+00  0.10058048E+04  0.11589234E+05  0.12500000E+03  0.32352176E-02  0.69999999E+00  0.99999628E+03
  0.75000000E+00 -0.25000000E+00  0.00000000E+00  0.00000000E+00  0.10259238E+04  0.54993664E+05  0.12500000E+03  0.86217392E-02  0.69999999E+00  0.99998987E+03
  0.12500000E+01 -0.25000000E+00  0.00000000E+00  0.00000000E+00  0.10097494E+04  0.19696998E+05  0.12500000E+03  0.70121214E-02  0.69999999E+00  0.99999188E+03
  0.17500000E+01 -0.25000000E+00  0.00000000E+00  0.00000000E+00  0.10152177E+04  0.31255219E+05  0.12500000E+03  0.10588985E-01  0.69999999E+00  0.99998773E+03
  0.22500000E+01 -0.25000000E+00  0.00000000E+00  0.00000000E+00  0.10012268E+04  0.24158245E+04  0.12500000E+03  0.10404034E-01  0.69999999E+00  0.99998810E+03
  0.27500000E+01 -0.25000000E+00  0.00000000E+00  0.00000000E+00  0.10054293E+04  0.10827304E+05  0.12500000E+03  0.45300815E-02  0.69999999E+00  0.99999481E+03
  0.32500000E+01 -0.25000000E+00  0.00000000E+00  0.00000000E+00  0.10010311E+04  0.20294060E+04  0.12500000E+03  0.31316443E-02  0.69999999E+00  0.99999640E+03
  0.37500000E+01 -0.25000000E+00  0.00000000E+00  0.00000000E+00  0.10000070E+04  0.13565822E+02  0.12500000E+03 -0.15635355E-03  0.69999999E+00  0.10000002E+04
  0.42500000E+01 -0.25000000E+00  0.00000000E+00  0.00000000E+00  0.10000000E+04  0.00000000E+00  0.12500000E+03 -0.33347173E-36  0.69999999E+00  0.10000000E+04
  0.47500000E+01 -0.25000000E+00  0.00000000E+00  0.00000000E+00  0.10000000E+04  0.00000000E+00  0.12500000E+03 -0.16461333E-39  0.69999999E+00  0.10000000E+04
  0.52500000E+01 -0.25000000E+00  0.00000000E+00  0.00000000E+00  0.10000000E+04  0.00000000E+00  0.12500000E+03  0.00000000E+00  0.69999999E+00  0.10000000E+04
  0.57500000E+01 -0.25000000E+00  0.00000000E+00  0.00000000E+00  0.10000000E+04  0.00000000E+00  0.12500000E+03  0.00000000E+00  0.69999999E+00  0.10000000E+04
  0.62500000E+01 -0.25000000E+00  0.00000000E+00  0.00000000E+00  0.10000000E+04  0.00000000E+00  0.12500000E+03  0.00000000E+00  0.69999999E+00  0.10000000E+04
  0.67500000E+01 -0.25000000E+00  0.00000000E+00  0.00000000E+00  0.10000000E+04  0.00000000E+00  0.12500000E+03  0.00000000E+00  0.69999999E+00  0.10000000E+04
  0.72500000E+01 -0.25000000E+00  0.00000000E+00  0.00000000E+00  0.10000000E+04  0.00000000E+00  0.12500000E+03  0.00000000E+00  0.69999999E+00  0.10000000E+04
  0.77500000E+01 -0.25000000E+00  0.00000000E+00  0.00000000E+00  0.10000000E+04  0.00000000E+00  0.12500000E+03  0.00000000E+00  0.69999999E+00  0.10000000E+04
  0.40000000E+01  0.50000000E+00  0.00000000E+00  0.00000000E+00  0.10000802E+04  0.15744493E+03  0.12500000E+03 -0.25970140E-03  0.69999999E+00  0.10000003E+04
  0.37500000E+01  0.25000000E+00  0.00000000E+00  0.00000000E+00  0.10013257E+04  0.26114434E+04  0.12500000E+03 -0.14872374E-02  0.69999999E+00  0.10000017E+04
  0.40000000E+01  0.10000000E+01  0.00000000E+00  0.00000000E+00  0.10010586E+04  0.20835386E+04  0.12500000E+03 -0.12843715E-03  0.69999999E+00  0.10000001E+04
  0.37500000E+01  0.75000000E+00  0.00000000E+00  0.00000000E+00  0.10315288E+04  0.68027984E+05  0.12500000E+03  0.95355930E-03  0.69999999E+00  0.99999890E+03
  0.40000000E+01  0.15000000E+01  0.00000000E+00  0.00000000E+00  0.10008259E+04  0.16244006E+04  0.12500000E+03  0.36593061E-03  0.69999999E+00  0.99999957E+03
  0.37500000E+01  0.12500000E+01  0.00000000E+00  0.00000000E+00  0.10401698E+04  0.88973000E+05  0.12500000E+03  0.85531216E-03  0.69999999E+00  0.99999896E+03
  0.40000000E+01  0.20000000E+01  0.00000000E+00  0.00000000E+00  0.10010588E+04  0.20840093E+04  0.12500000E+03  0.31420437E-03  0.69999999E+00  0.99999963E+03
  0.37500000E+01  0.17500000E+01  0.00000000E+00  0.00000000E+00  0.10297153E+04  0.63763938E+05  0.12500000E+03  0.17578681E-02  0.69999999E+00  0.99999792E+03
  0.45000000E+01  0.50000000E+00  0.00000000E+00  0.00000000E+00  0.10000000E+04  0.00000000E+00  0.12500000E+03  0.48515475E-39  0.69999999E+00  0.10000000E+04
  0.42500000E+01  0.25000000E+00  0.00000000E+00  0.00000000E+00  0.10000018E+04  0.35083482E+01  0.12500000E+03 -0.74084828E-05  0.69999999E+00  0.10000000E+04
  0.45000000E+01  0.10000000E+01  0.00000000E+00  0.00000000E+00  0.10000000E+04  0.00000000E+00  0.12500000E+03 -0.12331426E-42  0.69999999E+00  0.10000000E+04
  0.42500000E+01  0.75000000E+00  0.00000000E+00  0.00000000E+00  0.10000944E+04  0.18529227E+03  0.12500000E+03 -0.10442676E-04  0.69999999E+00  0.10000000E+04
  0.45000000E+01  0.15000000E+01  0.00000000E+00  0.00000000E+00  0.10000000E+04  0.00000000E+00  0.12500000E+03 -0.85198947E-42  0.69999999E+00  0.10000000E+04
  0.42500000E+01  0.12500000E+01  0.00000000E+00  0.00000000E+00  0.10000066E+04  0.12864128E+02  0.12500000E+03  0.34267537E-05  0.69999999E+00  0.10000000E+04
  0.45000000E+01  0.20000000E+01  0.00000000E+00  0.00000000E+00  0.10000000E+04  0.00000000E+00  0.12500000E+03  0.82396350E-42  0.69999999E+00  0.10000000E+04
  0.42500000E+01  0.17500000E+01  0.00000000E+00  0.00000000E+00  0.10000031E+04  0.60811610E+01  0.12500000E+03 -0.35628464E-05  0.69999999E+00  0.10000000E+04
  0.50000000E+01  0.50000000E+00  0.00000000E+00  0.00000000E+00  0.10000000E+04  0.00000000E+00  0.12500000E+03  0.00000000E+00  0.69999999E+00  0.10000000E+04
  0.47500000E+01  0.25000000E+00  0.00000000E+00  0.00000000E+00  0.10000000E+04  0.00000000E+00  0.12500000E+03  0.16273279E-39  0.69999999E+00  0.10000000E+04
  0.50000000E+01  0.10000000E+01  0.00000000E+00  0.00000000E+00  0.10000000E+04  0.00000000E+00  0.12500000E+03  0.00000000E+00  0.69999999E+00  0.10000000E+04
  0.47500000E+01  0.75000000E+00  0.00000000E+00  0.00000000E+00  0.10000000E+04  0.00000000E+00  0.12500000E+03  0.00000000E+00  0.69999999E+00  0.10000000E+04
  0.50000000E+01  0.15000000E+01  0.00000000E+00  0.00000000E+00  0.10000000E+04  0.00000000E+00  0.12500000E+03 -0.52688822E-42  0.69999999E+00  0.10000000E+04
  0.47500000E+01  0.12500000E+01  0.00000000E+00  0.00000000E+00  0.10000000E+04  0.00000000E+00  0.12500000E+03 -0.49605966E-42  0.69999999E+00  0.10000000E+04
  0.50000000E+01  0.20000000E+01  0.00000000E+00  0.00000000E+00  0.10000000E+04  0.00000000E+00  0.12500000E+03  0.49325706E-42  0.69999999E+00  0.10000000E+04
  0.47500000E+01  0.17500000E+01  0.00000000E+00  0.00000000E+00  0.10000000E+04  0.00000000E+00  0.12500000E+03 -0.00000000E+00  0.69999999E+00  0.10000000E+04
  0.24992769E+01  0.94751179E+00  0.44046307E+00 -0.12364384E+00  0.10071042E+04  0.14238962E+05  0.12576698E+03  0.12576674E+03  0.10000000E+01  0.00000000E+00
  0.10089682E+01  0.88635814E+00 -0.14799584E+01  0.98798797E-01  0.10057779E+04  0.11534512E+05  0.12561582E+03  0.12561256E+03  0.10000000E+01  0.00000000E+00
  0.15535107E+01  0.91046774E+00 -0.27902573E+00  0.71550822E+00  0.10103996E+04  0.21051703E+05  0.12546356E+03  0.12546333E+03  0.10000000E+01  0.00000000E+00
  0.15036540E+01  0.15551679E+01 -0.94776213E-01 -0.81200874E+00  0.10083405E+04  0.16779209E+05  0.12531018E+03  0.12531027E+03  0.10000000E+01  0.00000000E+00
  0.28085814E+01  0.15333263E+01  0.28413349E+00 -0.37219042E+00  0.10020800E+04  0.41064414E+04  0.12515567E+03  0.12515567E+03  0.10000000E+01  0.00000000E+00
  0.26764231E+01  0.16054180E+01 -0.14026399E+01  0.94449699E-01  0.10006613E+04  0.13001915E+04  0.12500000E+03  0.12500000E+03  0.10000000E+01  0.00000000E+00
  0.27954412E+01  0.95730484E+00  0.35465413E+00  0.17593765E+00  0.99814532E+03 -0.36186553E+04  0.12576698E+03  0.12575461E+03  0.10000000E+01  0.00000000E+00
  0.88509333E+00  0.10525730E+01 -0.36387098E+00  0.45338035E+00  0.99867902E+03 -0.25814719E+04  0.12561582E+03  0.12560624E+03  0.10000000E+01  0.00000000E+00
  0.88852012E+00  0.99401402E+00  0.17095760E+00 -0.12888710E+01  0.10046838E+04  0.93196201E+04  0.12546356E+03  0.12546037E+03  0.10000000E+01  0.00000000E+00
  0.24967854E+01  0.13365096E+01  0.11550985E+00  0.14721793E+00  0.10045043E+04  0.89578027E+04  0.12531018E+03  0.12531038E+03  0.10000000E+01  0.00000000E+00
  0.13080567E+01  0.86456561E+00 -0.27586251E+00  0.13057953E+00  0.10079434E+04  0.15961283E+05  0.12515567E+03  0.12515535E+03  0.10000000E+01  0.00000000E+00
  0.65805459E+00  0.83967400E+00 -0.33314544E+00 -0.85126406E+00  0.10245377E+04  0.51835426E+05  0.12500000E+03  0.12500000E+03  0.10000000E+01  0.00000000E+00
  0.20383289E+01  0.10045127E+01  0.41816854E+00  0.94008252E-01  0.10111639E+04  0.22651068E+05  0.12576698E+03  0.12575644E+03  0.10000000E+01  0.00000000E+00
  0.27498796E+01  0.91984189E+00  0.13507313E+00 -0.56283694E-01  0.99951544E+03 -0.94937622E+03  0.12561582E+03  0.12561059E+03  0.10000000E+01  0.00000000E+00
  0.29025273E+01  0.12639812E+01 -0.30078834E+00  0.42779034E+00  0.10075226E+04  0.15096601E+05  0.12546356E+03  0.12546005E+03  0.10000000E+01  0.00000000E+00
  0.20901082E+01  0.11540817E+01 -0.64295435E+00 -0.83763242E+00  0.10044911E+04  0.89311328E+04  0.12531018E+03  0.12531018E+03  0.10000000E+01  0.00000000E+00
  0.28630152E+01  0.78534687E+00  0.55200014E-01 -0.28170916E+00  0.10052020E+04  0.10367104E+05  0.12515567E+03  0.12515553E+03  0.10000000E+01  0.00000000E+00
  0.11943681E+01  0.16376789E+01 -0.13832917E+01  0.57749784E+00  0.10077397E+04  0.15542389E+05  0.12500000E+03  0.12499989E+03  0.10000000E+01  0.00000000E+00
  0.90001202E+00  0.15000848E+01  0.32725602E-01  0.96622539E+00  0.10064188E+04  0.12838612E+05  0.12576698E+03  0.12576566E+03  0.10000000E+01  0.00000000E+00
  0.28326106E+01  0.10004759E+01 -0.13894635E+00 -0.60543060E+00  0.10013428E+04  0.26451580E+04  0.12561582E+03  0.12561245E+03  0.10000000E+01  0.00000000E+00
  0.14864798E+01  0.12496541E+01 -0.13760507E+00 -0.46278071E+00  0.10075348E+04  0.15121555E+05  0.12546356E+03  0.12546202E+03  0.10000000E+01  0.00000000E+00
  0.21692359E+01  0.96049786E+00 -0.58023995E+00  0.99178147E+00  0.10148096E+04  0.30379736E+05  0.12531018E+03  0.12530890E+03  0.10000000E+01  0.00000000E+00
  0.10488471E+01  0.19663470E+01 -0.32511517E-01  0.54530764E+00  0.99789697E+03 -0.41002051E+04  0.12515567E+03  0.12515567E+03  0.10000000E+01  0.00000000E+00
  0.14735212E+01  0.84280670E+00 -0.82459188E+00  0.34318715E+00  0.10164813E+04  0.33979750E+05  0.12500000E+03  0.12500012E+03  0.10000000E+01  0.00000000E+00
  0.88273251E+00  0.15903237E+01 -0.35437277E+00  0.10099573E+01  0.10085405E+04  0.17191973E+05  0.12561582E+03  0.12561399E+03  0.10000000E+01  0.00000000E+00
  0.97682762E+00  0.20152068E+01 -0.26078227E+01  0.36653501E+00  0.10015619E+04  0.30788049E+04  0.12531018E+03  0.12531004E+03  0.10000000E+01  0.00000000E+00
  0.23169148E+01  0.17246099E+01 -0.88435161E+00 -0.40682119E+00  0.10058210E+04  0.11622169E+05  0.12500000E+03  0.12500000E+03  0.10000000E+01  0.00000000E+00
