  0.00000000E+00  0.00000000E+00  0.00000000E+00  0.00000000E+00  0.10013915E+04  0.27416060E+04  0.12500000E+03  0.20089934E-02  0.69999999E+00  0.99999768E+03
  0.00000000E+00  0.50000000E+00  0.00000000E+00  0.00000000E+00  0.10111691E+04  0.22661818E+05  0.12500000E+03  0.17198422E-02  0.69999999E+00  0.99999799E+03
  0.00000000E+00  0.10000000E+01  0.00000000E+00  0.00000000E+00  0.10242278E+04  0.51132746E+05  0.12500000E+03  0.25608686E-02  0.69999999E+00  0.99999701E+03
  0.00000000E+00  0.15000000E+01  0.00000000E+00  0.00000000E+00  0.10374889E+04  0.82362289E+05  0.12500000E+03  0.91672665E-03  0.69999999E+00  0.99999890E+03
  0.00000000E+00  0.20000000E+01  0.00000000E+00  0.00000000E+00  0.10189409E+04  0.39341688E+05  0.12500000E+03 -0.83966367E-03  0.69999999E+00  0.10000010E+04
  0.00000000E+00  0.25000000E+01  0.00000000E+00  0.00000000E+00  0.10002113E+04  0.41494757E+03  0.12500000E+03  0.16562256E-03  0.69999999E+00  0.99999982E+03
  0.00000000E+00  0.30000000E+01  0.00000000E+00  0.00000000E+00  0.10000000E+04  0.00000000E+00  0.12500000E+03  0.00000000E+00  0.69999999E+00  0.10000000E+04
  0.00000000E+00  0.35000000E+01  0.00000000E+00  0.00000000E+00  0.10000000E+04  0.00000000E+00  0.12500000E+03  0.00000000E+00  0.69999999E+00  0.10000000E+04
  0.00000000E+00  0.40000000E+01  0.00000000E+00  0.00000000E+00  0.10000000E+04  0.00000000E+00  0.12500000E+03  0.00000000E+00  0.69999999E+00  0.10000000E+04
 -0.25000000E+00 -0.25000000E+00  0.00000000E+00  0.00000000E+00  0.10006414E+04  0.12607445E+04  0.12500000E+03  0.52005530E-03  0.69999999E+00  0.99999939E+03
 -0.25000000E+00  0.25000000E+00  0.00000000E+00  0.00000000E+00  0.10007423E+04  0.14596719E+04  0.12500000E+03  0.80964848E-03  0.69999999E+00  0.99999908E+03
 -0.25000000E+00  0.75000000E+00  0.00000000E+00  0.00000000E+00  0.10023654E+04  0.46738799E+04  0.12500000E+03  0.88453606E-04  0.69999999E+00  0.99999988E+03
 -0.25000000E+00  0.12500000E+01  0.00000000E+00  0.00000000E+00  0.99997937E+03 -0.40460228E+02  0.12500000E+03  0.83165691E-03  0.69999999E+00  0.99999902E+03
 -0.25000000E+00  0.17500000E+01  0.00000000E+00  0.00000000E+00  0.10008234E+04  0.16194647E+04  0.12500000E+03 -0.25020295E-03  0.69999999E+00  0.10000003E+04
 -0.25000000E+00  0.22500000E+01  0.00000000E+00  0.00000000E+00  0.10004747E+04  0.93267188E+03  0.12500000E+03 -0.91373528E-04  0.69999999E+00  0.10000001E+04
 -0.25000000E+00  0.27500000E+01  0.00000000E+00  0.00000000E+00  0.10000000E+04  0.00000000E+00  0.12500000E+03  0.00000000E+00  0.69999999E+00  0.10000000E+04
 -0.25000000E+00  0.32500000E+01  0.00000000E+00  0.00000000E+00  0.10000000E+04  0.00000000E+00  0.12500000E+03  0.00000000E+00  0.69999999E+00  0.10000000E+04
 -0.25000000E+00  0.37500000E+01  0.00000000E+00  0.00000000E+00  0.10000000E+04  0.00000000E+00  0.12500000E+03  0.00000000E+00  0.69999999E+00  0.10000000E+04
  0.80000000E+01  0.00000000E+00  0.00000000E+00  0.00000000E+00  0.10000000E+04  0.00000000E+00  0.12500000E+03  0.00000000E+00  0.69999999E+00  0.10000000E+04
  0.80000000E+01  0.50000000E+00  0.00000000E+00  0.00000000E+00  0.10000000E+04  0.00000000E+00  0.12500000E+03  0.00000000E+00  0.69999999E+00  0.10000000E+04
  0.80000000E+01  0.10000000E+01  0.00000000E+00  0.00000000E+00  0.10000000E+04  0.00000000E+00  0.12500000E+03  0.00000000E+00  0.69999999E+00  0.10000000E+04
  0.80000000E+01  0.15000000E+01  0.00000000E+00  0.00000000E+00  0.10000000E+04  0.00000000E+00  0.12500000E+03  0.00000000E+00  0.69999999E+00  0.10000000E+04
  0.80000000E+01  0.20000000E+01  0.00000000E+00  0.00000000E+00  0.10000000E+04  0.00000000E+00  0.12500000E+03  0.00000000E+00  0.69999999E+00  0.10000000E+04
  0.80000000E+01  0.25000000E+01  0.00000000E+00  0.00000000E+00  0.10000000E+04  0.00000000E+00  0.12500000E+03  0.00000000E+00  0.69999999E+00  0.10000000E+04
  0.80000000E+01  0.30000000E+01  0.00000000E+00  0.00000000E+00  0.10000000E+04  0.00000000E+00  0.12500000E+03  0.00000000E+00  0.69999999E+00  0.10000000E+04
  0.80000000E+01  0.35000000E+01  0.00000000E+00  0.00000000E+00  0.10000000E+04  0.00000000E+00  0.12500000E+03  0.00000000E+00  0.69999999E+00  0.10000000E+04
  0.80000000E+01  0.40000000E+01  0.00000000E+00  0.00000000E+00  0.10000000E+04  0.00000000E+00  0.12500000E+03  0.00000000E+00  0.69999999E+00  0.10000000E+04
  0.82500000E+01 -0.25000000E+00  0.00000000E+00  0.00000000E+00  0.10000000E+04  0.00000000E+00  0.12500000E+03  0.00000000E+00  0.69999999E+00  0.10000000E+04
  0.82500000E+01  0.25000000E+00  0.00000000E+00  0.00000000E+00  0.10000000E+04  0.00000000E+00  0.12500000E+03  0.00000000E+00  0.69999999E+00  0.10000000E+04
  0.82500000E+01  0.75000000E+00  0.00000000E+00  0.00000000E+00  0.10000000E+04  0.00000000E+00  0.12500000E+03  0.00000000E+00  0.69999999E+00  0.10000000E+04
  0.82500000E+01  0.12500000E+01  0.00000000E+00  0.00000000E+00  0.10000000E+04  0.00000000E+00  0.12500000E+03  0.00000000E+00  0.69999999E+00  0.10000000E+04
  0.82500000E+01  0.17500000E+01  0.00000000E+00  0.00000000E+00  0.10000000E+04  0.00000000E+00  0.12500000E+03  0.00000000E+00  0.69999999E+00  0.10000000E+04
  0.82500000E+01  0.22500000E+01  0.00000000E+00  0.00000000E+00  0.10000000E+04  0.00000000E+00  0.12500000E+03  0.00000000E+00  0.69999999E+00  0.10000000E+04
  0.82500000E+01  0.27500000E+01  0.00000000E+00  0.00000000E+00  0.10000000E+04  0.00000000E+00  0.12500000E+03  0.00000000E+00  0.69999999E+00  0.10000000E+04
  0.82500000E+01  0.32500000E+01  0.00000000E+00  0.00000000E+00  0.10000000E+04  0.00000000E+00  0.12500000E+03  0.00000000E+00  0.69999999E+00  0.10000000E+04
  0.82500000E+01  0.37500000E+01  0.00000000E+00  0.00000000E+00  0.10000000E+04  0.00000000E+00  0.12500000E+03  0.00000000E+00  0.69999999E+00  0.10000000E+04
  0.50000000E+00  0.00000000E+00  0.00000000E+00  0.00000000E+00  0.10511676E+04  0.11718465E+06  0.12500000E+03  0.97042099E-02  0.69999999E+00  0.99998834E+03
  0.10000000E+01  0.00000000E+00  0.00000000E+00  0.00000000E+00  0.10635474E+04  0.15113286E+06  0.12500000E+03  0.45212558E-02  0.69999999E+00  0.99999451E+03
  0.15000000E+01  0.00000000E+00  0.00000000E+00  0.00000000E+00  0.10312644E+04  0.67403500E+05  0.12500000E+03  0.17442539E-01  0.69999999E+00  0.99997943E+03
  0.20000000E+01  0.00000000E+00  0.00000000E+00  0.00000000E+00  0.11727249E+04  0.57472950E+06  0.12500000E+03  0.19555418E-01  0.69999999E+00  0.99997382E+03
  0.25000000E+01  0.00000000E+00  0.00000000E+00  0.00000000E+00  0.10343748E+04  0.74810656E+05  0.12500000E+03  0.32175048E-02  0.69999999E+00  0.99999622E+03
  0.30000000E+01  0.00000000E+00  0.00000000E+00  0.00000000E+00  0.10446818E+04  0.10033212E+06  0.12500000E+03  0.50578238E-02  0.69999999E+00  0.99999396E+03
  0.35000000E+01  0.00000000E+00  0.00000000E+00  0.00000000E+00  0.10060616E+04  0.12111476E+05  0.12500000E+03  0.19190717E-02  0.69999999E+00  0.99999780E+03
  0.40000000E+01  0.00000000E+00  0.00000000E+00  0.00000000E+00  0.10000137E+04  0.26898298E+02  0.12500000E+03 -0.68247195E-04  0.69999999E+00  0.10000001E+04
  0.45000000E+01  0.00000000E+00  0.00000000E+00  0.00000000E+00  0.10000000E+04  0.00000000E+00  0.12500000E+03  0.10509738E-41  0.69999999E+00  0.10000000E+04
  0.50000000E+01  0.00000000E+00  0.00000000E+00  0.00000000E+00  0.10000000E+04  0.00000000E+00  0.12500000E+03 -0.00000000E+00  0.69999999E+00  0.10000000E+04
  0.55000000E+01  0.00000000E+00  0.00000000E+00  0.00000000E+00  0.10000000E+04  0.00000000E+00  0.12500000E+03  0.00000000E+00  0.69999999E+00  0.10000000E+04
  0.60000000E+01  0.00000000E+00  0.00000000E+00  0.00000000E+00  0.10000000E+04  0.00000000E+00  0.12500000E+03  0.00000000E+00  0.69999999E+00  0.10000000E+04
  0.65000000E+01  0.00000000E+00  0.00000000E+00  0.00000000E+00  0.10000000E+04  0.00000000E+00  0.12500000E+03  0.00000000E+00  0.69999999E+00  0.10000000E+04
  0.70000000E+01  0.00000000E+00  0.00000000E+00  0.00000000E+00  0.10000000E+04  0.00000000E+00  0.12500000E+03  0.00000000E+00  0.69999999E+00  0.10000000E+04
  0.75000000E+01  0.00000000E+00  0.00000000E+00  0.00000000E+00  0.10000000E+04  0.00000000E+00  0.12500000E+03  0.00000000E+00  0.69999999E+00  0.10000000E+04
  0.25000000E+00 -0.25000000E+00  0.00000000E+00  0.00000000E+00  0.10058014E+04  0.11582454E+05  0.12500000E+03  0.28605754E-02  0.69999999E+00  0.99999670E+03
  0.75000000E+00 -0.25000000E+00  0.00000000E+00  0.00000000E+00  0.10292839E+04  0.62756184E+05  0.12500000E+03  0.72769127E-02  0.69999999E+00  0.99999146E+03
  0.12500000E+01 -0.25000000E+00  0.00000000E+00  0.00000000E+00  0.10114022E+04  0.23151170E+05  0.12500000E+03  0.58984496E-02  0.69999999E+00  0.99999316E+03
  0.17500000E+01 -0.25000000E+00  0.00000000E+00  0.00000000E+00  0.10176874E+04  0.36599160E+05  0.12500000E+03  0.90188514E-02  0.69999999E+00  0.99998950E+03
  0.22500000E+01 -0.25000000E+00  0.00000000E+00  0.00000000E+00  0.10003115E+04  0.61172241E+03  0.12500000E+03  0.81084911E-02  0.69999999E+00  0.99999072E+03
  0.27500000E+01 -0.25000000E+00  0.00000000E+00  0.00000000E+00  0.10030906E+04  0.61203096E+04  0.12500000E+03  0.22701405E-02  0.69999999E+00  0.99999738E+03
  0.32500000E+01 -0.25000000E+00  0.00000000E+00  0.00000000E+00  0.10008827E+04  0.17365387E+04  0.12500000E+03  0.19481622E-02  0.69999999E+00  0.99999780E+03
  0.37500000E+01 -0.25000000E+00  0.00000000E+00  0.00000000E+00  0.10000070E+04  0.13565822E+02  0.12500000E+03 -0.15635355E-03  0.69999999E+00  0.10000002E+04
  0.42500000E+01 -0.25000000E+00  0.00000000E+00  0.00000000E+00  0.10000000E+04  0.00000000E+00  0.12500000E+03 -0.28812238E-38  0.69999999E+00  0.10000000E+04
  0.47500000E+01 -0.25000000E+00  0.00000000E+00  0.00000000E+00  0.10000000E+04  0.00000000E+00  0.12500000E+03 -0.90804140E-42  0.69999999E+00  0.10000000E+04
  0.52500000E+01 -0.25000000E+00  0.00000000E+00  0.00000000E+00  0.10000000E+04  0.00000000E+00  0.12500000E+03  0.00000000E+00  0.69999999E+00  0.10000000E+04
  0.57500000E+01 -0.25000000E+00  0.00000000E+00  0.00000000E+00  0.10000000E+04  0.00000000E+00  0.12500000E+03  0.00000000E+00  0.69999999E+00  0.10000000E+04
  0.62500000E+01 -0.25000000E+00  0.00000000E+00  0.00000000E+00  0.10000000E+04  0.00000000E+00  0.12500000E+03  0.00000000E+00  0.69999999E+00  0.10000000E+04
  0.67500000E+01 -0.25000000E+00  0.00000000E+00  0.00000000E+00  0.10000000E+04  0.00000000E+00  0.12500000E+03  0.00000000E+00  0.69999999E+00  0.10000000E+04
  0.72500000E+01 -0.25000000E+00  0.00000000E+00  0.00000000E+00  0.10000000E+04  0.00000000E+00  0.12500000E+03  0.00000000E+00  0.69999999E+00  0.10000000E+04
  0.77500000E+01 -0.25000000E+00  0.00000000E+00  0.00000000E+00  0.10000000E+04  0.00000000E+00  0.12500000E+03  0.00000000E+00  0.69999999E+00  0.10000000E+04
  0.40000000E+01  0.50000000E+00  0.00000000E+00  0.00000000E+00  0.10010308E+04  0.20287000E+04  0.12500000E+03 -0.20277682E-03  0.69999999E+00  0.10000002E+04
  0.37500000E+01  0.25000000E+00  0.00000000E+00  0.00000000E+00  0.10047441E+04  0.94415957E+04  0.12500000E+03 -0.85492124E-03  0.69999999E+00  0.10000010E+04
  0.40000000E+01  0.10000000E+01  0.00000000E+00  0.00000000E+00  0.10040674E+04  0.80783203E+04  0.12500000E+03 -0.80144979E-04  0.69999999E+00  0.10000001E+04
  0.37500000E+01  0.75000000E+00  0.00000000E+00  0.00000000E+00  0.10517344E+04  0.11868711E+06  0.12500000E+03  0.72472764E-03  0.69999999E+00  0.99999915E+03
  0.40000000E+01  0.15000000E+01  0.00000000E+00  0.00000000E+00  0.10008029E+04  0.15790392E+04  0.12500000E+03  0.19988895E-03  0.69999999E+00  0.99999976E+03
  0.37500000E+01  0.12500000E+01  0.00000000E+00  0.00000000E+00  0.10315055E+04  0.67972766E+05  0.12500000E+03  0.36836998E-03  0.69999999E+00  0.99999957E+03
  0.40000000E+01  0.20000000E+01  0.00000000E+00  0.00000000E+00  0.10001676E+04  0.32901282E+03  0.12500000E+03  0.19164399E-03  0.69999999E+00  0.99999976E+03
  0.37500000E+01  0.17500000E+01  0.00000000E+00  0.00000000E+00  0.10189286E+04  0.39314727E+05  0.12500000E+03  0.10564190E-02  0.69999999E+00  0.99999878E+03
  0.45000000E+01  0.50000000E+00  0.00000000E+00  0.00000000E+00  0.10000000E+04  0.00000000E+00  0.12500000E+03  0.32398020E-41  0.69999999E+00  0.10000000E+04
  0.42500000E+01  0.25000000E+00  0.00000000E+00  0.00000000E+00  0.10000018E+04  0.35083482E+01  0.12500000E+03 -0.74084828E-05  0.69999999E+00  0.10000000E+04
  0.45000000E+01  0.10000000E+01  0.00000000E+00  0.00000000E+00  0.10000000E+04  0.00000000E+00  0.12500000E+03 -0.00000000E+00  0.69999999E+00  0.10000000E+04
  0.42500000E+01  0.75000000E+00  0.00000000E+00  0.00000000E+00  0.10000944E+04  0.18529227E+03  0.12500000E+03 -0.75637886E-05  0.69999999E+00  0.10000000E+04
  0.45000000E+01  0.15000000E+01  0.00000000E+00  0.00000000E+00  0.10000000E+04  0.00000000E+00  0.12500000E+03  0.00000000E+00  0.69999999E+00  0.10000000E+04
  0.42500000E+01  0.12500000E+01  0.00000000E+00  0.00000000E+00  0.10000066E+04  0.12864128E+02  0.12500000E+03  0.34267537E-05  0.69999999E+00  0.10000000E+04
  0.45000000E+01  0.20000000E+01  0.00000000E+00  0.00000000E+00  0.10000000E+04  0.00000000E+00  0.12500000E+03  0.00000000E+00  0.69999999E+00  0.10000000E+04
  0.42500000E+01  0.17500000E+01  0.00000000E+00  0.00000000E+00  0.10000031E+04  0.60811610E+01  0.12500000E+03  0.28991612E-05  0.69999999E+00  0.10000000E+04
  0.50000000E+01  0.50000000E+00  0.00000000E+00  0.00000000E+00  0.10000000E+04  0.00000000E+00  0.12500000E+03  0.00000000E+00  0.69999999E+00  0.10000000E+04
  0.47500000E+01  0.25000000E+00  0.00000000E+00  0.00000000E+00  0.10000000E+04  0.00000000E+00  0.12500000E+03  0.89683102E-42  0.69999999E+00  0.10000000E+04
  0.50000000E+01  0.10000000E+01  0.00000000E+00  0.00000000E+00  0.10000000E+04  0.00000000E+00  0.12500000E+03  0.00000000E+00  0.69999999E+00  0.10000000E+04
  0.47500000E+01  0.75000000E+00  0.00000000E+00  0.00000000E+00  0.10000000E+04  0.00000000E+00  0.12500000E+03  0.00000000E+00  0.69999999E+00  0.10000000E+04
  0.50000000E+01  0.15000000E+01  0.00000000E+00  0.00000000E+00  0.10000000E+04  0.00000000E+00  0.12500000E+03 -0.00000000E+00  0.69999999E+00  0.10000000E+04
  0.47500000E+01  0.12500000E+01  0.00000000E+00  0.00000000E+00  0.10000000E+04  0.00000000E+00  0.12500000E+03 -0.00000000E+00  0.69999999E+00  0.10000000E+04
  0.50000000E+01  0.20000000E+01  0.00000000E+00  0.00000000E+00  0.10000000E+04  0.00000000E+00  0.12500000E+03  0.00000000E+00  0.69999999E+00  0.10000000E+04
  0.47500000E+01  0.17500000E+01  0.00000000E+00  0.00000000E+00  0.10000000E+04  0.00000000E+00  0.12500000E+03  0.00000000E+00  0.69999999E+00  0.10000000E+04
  0.25173013E+01  0.92088985E+00  0.31042072E+00  0.13452923E+00  0.10021838E+04  0.43127783E+04  0.12576698E+03  0.12576674E+03  0.10000000E+01  0.00000000E+00
  0.12938133E+01  0.10975875E+01  0.20404088E+00  0.40156859E+00  0.10029468E+04  0.58330923E+04  0.12561582E+03  0.12561256E+03  0.10000000E+01  0.00000000E+00
  0.82042003E+00  0.11534413E+01 -0.31687474E+00  0.16256697E+01  0.10132626E+04  0.27079803E+05  0.12546356E+03  0.12546333E+03  0.10000000E+01  0.00000000E+00
  0.89381087E+00  0.16571239E+01  0.69174528E+00  0.43206019E+01  0.99612366E+03 -0.75174834E+04  0.12531018E+03  0.12531018E+03  0.10000000E+01  0.00000000E+00
  0.16464097E+01  0.17363526E+01  0.18348112E+01 -0.17699974E+01  0.10001686E+04  0.33088580E+03  0.12515567E+03  0.12515567E+03  0.10000000E+01  0.00000000E+00
  0.22425728E+01  0.16318390E+01  0.37979625E-01 -0.71401697E+00  0.10021726E+04  0.42905039E+04  0.12500000E+03  0.12500000E+03  0.10000000E+01  0.00000000E+00
  0.23734016E+01  0.10168235E+01 -0.33113581E+00 -0.96415889E+00  0.10023019E+04  0.45476987E+04  0.12576698E+03  0.12575494E+03  0.10000000E+01  0.00000000E+00
  0.12212662E+01  0.10715587E+01 -0.12807447E+00  0.29663008E+00  0.10038752E+04  0.76922183E+04  0.12561582E+03  0.12560624E+03  0.10000000E+01  0.00000000E+00
  0.11241319E+01  0.14739830E+01 -0.87163556E+00  0.12593639E+01  0.10009046E+04  0.17795703E+04  0.12546356E+03  0.12546037E+03  0.10000000E+01  0.00000000E+00
  0.21597278E+01  0.14684612E+01  0.29675269E+00 -0.61880732E+00  0.10078291E+04  0.15726159E+05  0.12531018E+03  0.12531038E+03  0.10000000E+01  0.00000000E+00
  0.84934938E+00  0.10913209E+01 -0.67105025E-01  0.25249743E+00  0.10128987E+04  0.26307834E+05  0.12515567E+03  0.12515567E+03  0.10000000E+01  0.00000000E+00
  0.83568609E+00  0.73524988E+00 -0.18026465E+00  0.73258710E+00  0.10218549E+04  0.45795305E+05  0.12500000E+03  0.12500000E+03  0.10000000E+01  0.00000000E+00
  0.18901362E+01  0.11335223E+01 -0.15059230E+01 -0.22961106E+01  0.99464709E+03 -0.10335259E+05  0.12576698E+03  0.12575644E+03  0.10000000E+01  0.00000000E+00
  0.22341769E+01  0.13231972E+01 -0.11164725E+01 -0.66302234E+00  0.10086121E+04  0.17339932E+05  0.12561582E+03  0.12561089E+03  0.10000000E+01  0.00000000E+00
  0.27159696E+01  0.87191820E+00  0.45811102E-01 -0.28400010E+00  0.10024678E+04  0.48779580E+04  0.12546356E+03  0.12546005E+03  0.10000000E+01  0.00000000E+00
  0.22831900E+01  0.83918500E+00 -0.14090095E+01  0.10164596E+01  0.10334819E+04  0.72670844E+05  0.12531018E+03  0.12531018E+03  0.10000000E+01  0.00000000E+00
  0.28422670E+01  0.78035128E+00  0.10574520E+00  0.88985059E-02  0.99880426E+03 -0.23376211E+04  0.12515567E+03  0.12515553E+03  0.10000000E+01  0.00000000E+00
  0.93997324E+00  0.17000978E+01 -0.21861722E+01  0.89676380E+00  0.10110916E+04  0.22499352E+05  0.12500000E+03  0.12500000E+03  0.10000000E+01  0.00000000E+00
  0.89811873E+00  0.95344591E+00 -0.89774418E+00  0.88682222E+00  0.10135568E+04  0.27704814E+05  0.12576698E+03  0.12576566E+03  0.10000000E+01  0.00000000E+00
  0.22159948E+01  0.13236899E+01 -0.12679408E+01 -0.69760609E+00  0.10082131E+04  0.16516752E+05  0.12561582E+03  0.12561221E+03  0.10000000E+01  0.00000000E+00
  0.27484946E+01  0.79702938E+00  0.96073306E+00  0.14146869E+01  0.99998328E+03 -0.32859703E+02  0.12546356E+03  0.12546202E+03  0.10000000E+01  0.00000000E+00
  0.15609469E+01  0.10173378E+01  0.72090864E+00 -0.66174638E+00  0.10034467E+04  0.68327490E+04  0.12531018E+03  0.12530890E+03  0.10000000E+01  0.00000000E+00
  0.12555304E+01  0.20443368E+01 -0.22954066E+01 -0.29729533E+00  0.99860779E+03 -0.27200867E+04  0.12515567E+03  0.12515567E+03  0.10000000E+01  0.00000000E+00
  0.18130150E+01  0.85732877E+00 -0.30014795E+00 -0.13439987E+01  0.10019759E+04  0.38997598E+04  0.12500000E+03  0.12500012E+03  0.10000000E+01  0.00000000E+00
  0.14940372E+01  0.16622548E+01 -0.52191228E+00 -0.18048521E-01  0.99991650E+03 -0.16379794E+03  0.12561582E+03  0.12561399E+03  0.10000000E+01  0.00000000E+00
  0.28129959E+01  0.12933593E+01  0.56521809E+00 -0.57336938E+00  0.10154385E+04  0.31730031E+05  0.12531018E+03  0.12531004E+03  0.10000000E+01  0.00000000E+00
  0.13458354E+01  0.21865177E+01  0.21674640E+01 -0.62691605E+00  0.98025885E+03 -0.36512332E+05  0.12500000E+03  0.12500000E+03  0.10000000E+01  0.00000000E+00
