  0.00000000E+00  0.00000000E+00  0.00000000E+00  0.00000000E+00  0.10028258E+04  0.55915542E+04  0.12500000E+03  0.29144058E-03  0.69999999E+00  0.99999969E+03
  0.00000000E+00  0.50000000E+00  0.00000000E+00  0.00000000E+00  0.10092231E+04  0.18604193E+05  0.12500000E+03  0.25517482E-03  0.69999999E+00  0.99999969E+03
  0.00000000E+00  0.10000000E+01  0.00000000E+00  0.00000000E+00  0.10009199E+04  0.18099075E+04  0.12500000E+03  0.42935443E-03  0.69999999E+00  0.99999951E+03
  0.00000000E+00  0.15000000E+01  0.00000000E+00  0.00000000E+00  0.99106982E+03 -0.17058479E+05  0.12500000E+03 -0.90811977E-06  0.69999999E+00  0.10000000E+04
  0.00000000E+00  0.20000000E+01  0.00000000E+00  0.00000000E+00  0.10054092E+04  0.10786474E+05  0.12500000E+03 -0.19784956E-03  0.69999999E+00  0.10000002E+04
  0.00000000E+00  0.25000000E+01  0.00000000E+00  0.00000000E+00  0.10003806E+04  0.74765973E+03  0.12500000E+03  0.49318660E-04  0.69999999E+00  0.99999994E+03
  0.00000000E+00  0.30000000E+01  0.00000000E+00  0.00000000E+00  0.10000000E+04  0.00000000E+00  0.12500000E+03  0.00000000E+00  0.69999999E+00  0.10000000E+04
  0.00000000E+00  0.35000000E+01  0.00000000E+00  0.00000000E+00  0.10000000E+04  0.00000000E+00  0.12500000E+03  0.00000000E+00  0.69999999E+00  0.10000000E+04
  0.00000000E+00  0.40000000E+01  0.00000000E+00  0.00000000E+00  0.10000000E+04  0.00000000E+00  0.12500000E+03  0.00000000E+00  0.69999999E+00  0.10000000E+04
 -0.25000000E+00 -0.25000000E+00  0.00000000E+00  0.00000000E+00  0.99998840E+03 -0.22803347E+02  0.12500000E+03  0.80117919E-04  0.69999999E+00  0.99999994E+03
 -0.25000000E+00  0.25000000E+00  0.00000000E+00  0.00000000E+00  0.10005043E+04  0.99084680E+03  0.12500000E+03  0.13412858E-03  0.69999999E+00  0.99999988E+03
 -0.25000000E+00  0.75000000E+00  0.00000000E+00  0.00000000E+00  0.10032094E+04  0.63577007E+04  0.12500000E+03  0.58842437E-04  0.69999999E+00  0.99999994E+03
 -0.25000000E+00  0.12500000E+01  0.00000000E+00  0.00000000E+00  0.99785266E+03 -0.41859927E+04  0.12500000E+03  0.10746188E-03  0.69999999E+00  0.99999988E+03
 -0.25000000E+00  0.17500000E+01  0.00000000E+00  0.00000000E+00  0.99792859E+03 -0.40389968E+04  0.12500000E+03 -0.90787580E-04  0.69999999E+00  0.10000001E+04
 -0.25000000E+00  0.22500000E+01  0.00000000E+00  0.00000000E+00  0.10003983E+04  0.78235620E+03  0.12500000E+03 -0.40895258E-04  0.69999999E+00  0.10000001E+04
 -0.25000000E+00  0.27500000E+01  0.00000000E+00  0.00000000E+00  0.10000000E+04  0.00000000E+00  0.12500000E+03  0.00000000E+00  0.69999999E+00  0.10000000E+04
 -0.25000000E+00  0.32500000E+01  0.00000000E+00  0.00000000E+00  0.10000000E+04  0.00000000E+00  0.12500000E+03  0.00000000E+00  0.69999999E+00  0.10000000E+04
 -0.25000000E+00  0.37500000E+01  0.00000000E+00  0.00000000E+00  0.10000000E+04  0.00000000E+00  0.12500000E+03  0.00000000E+00  0.69999999E+00  0.10000000E+04
  0.80000000E+01  0.00000000E+00  0.00000000E+00  0.00000000E+00  0.10000000E+04  0.00000000E+00  0.12500000E+03  0.00000000E+00  0.69999999E+00  0.10000000E+04
  0.80000000E+01  0.50000000E+00  0.00000000E+00  0.00000000E+00  0.10000000E+04  0.00000000E+00  0.12500000E+03  0.00000000E+00  0.69999999E+00  0.10000000E+04
  0.80000000E+01  0.10000000E+01  0.00000000E+00  0.00000000E+00  0.10000000E+04  0.00000000E+00  0.12500000E+03  0.00000000E+00  0.69999999E+00  0.10000000E+04
  0.80000000E+01  0.15000000E+01  0.00000000E+00  0.00000000E+00  0.10000000E+04  0.00000000E+00  0.12500000E+03  0.00000000E+00  0.69999999E+00  0.10000000E+04
  0.80000000E+01  0.20000000E+01  0.00000000E+00  0.00000000E+00  0.10000000E+04  0.00000000E+00  0.12500000E+03  0.00000000E+00  0.69999999E+00  0.10000000E+04
  0.80000000E+01  0.25000000E+01  0.00000000E+00  0.00000000E+00  0.10000000E+04  0.00000000E+00  0.12500000E+03  0.00000000E+00  0.69999999E+00  0.10000000E+04
  0.80000000E+01  0.30000000E+01  0.00000000E+00  0.00000000E+00  0.10000000E+04  0.00000000E+00  0.12500000E+03  0.00000000E+00  0.69999999E+00  0.10000000E+04
  0.80000000E+01  0.35000000E+01  0.00000000E+00  0.00000000E+00  0.10000000E+04  0.00000000E+00  0.12500000E+03  0.00000000E+00  0.69999999E+00  0.10000000E+04
  0.80000000E+01  0.40000000E+01  0.00000000E+00  0.00000000E+00  0.10000000E+04  0.00000000E+00  0.12500000E+03  0.00000000E+00  0.69999999E+00  0.10000000E+04
  0.82500000E+01 -0.25000000E+00  0.00000000E+00  0.00000000E+00  0.10000000E+04  0.00000000E+00  0.12500000E+03  0.00000000E+00  0.69999999E+00  0.10000000E+04
  0.82500000E+01  0.25000000E+00  0.00000000E+00  0.00000000E+00  0.10000000E+04  0.00000000E+00  0.12500000E+03  0.00000000E+00  0.69999999E+00  0.10000000E+04
  0.82500000E+01  0.75000000E+00  0.00000000E+00  0.00000000E+00  0.10000000E+04  0.00000000E+00  0.12500000E+03  0.00000000E+00  0.69999999E+00  0.10000000E+04
  0.82500000E+01  0.12500000E+01  0.00000000E+00  0.00000000E+00  0.10000000E+04  0.00000000E+00  0.12500000E+03  0.00000000E+00  0.69999999E+00  0.10000000E+04
  0.82500000E+01  0.17500000E+01  0.00000000E+00  0.00000000E+00  0.10000000E+04  0.00000000E+00  0.12500000E+03  0.00000000E+00  0.69999999E+00  0.10000000E+04
  0.82500000E+01  0.22500000E+01  0.00000000E+00  0.00000000E+00  0.10000000E+04  0.00000000E+00  0.12500000E+03  0.00000000E+00  0.69999999E+00  0.10000000E+04
  0.82500000E+01  0.27500000E+01  0.00000000E+00  0.00000000E+00  0.10000000E+04  0.00000000E+00  0.12500000E+03  0.00000000E+00  0.69999999E+00  0.10000000E+04
  0.82500000E+01  0.32500000E+01  0.00000000E+00  0.00000000E+00  0.10000000E+04  0.00000000E+00  0.12500000E+03  0.00000000E+00  0.69999999E+00  0.10000000E+04
  0.82500000E+01  0.37500000E+01  0.00000000E+00  0.00000000E+00  0.10000000E+04  0.00000000E+00  0.12500000E+03  0.00000000E+00  0.69999999E+00  0.10000000E+04
  0.50000000E+00  0.00000000E+00  0.00000000E+00  0.00000000E+00  0.10097987E+04  0.19799646E+05  0.12500000E+03  0.13228724E-02  0.69999999E+00  0.99999847E+03
  0.10000000E+01  0.00000000E+00  0.00000000E+00  0.00000000E+00  0.10019506E+04  0.38493518E+04  0.12500000E+03  0.72809297E-03  0.69999999E+00  0.99999915E+03
  0.15000000E+01  0.00000000E+00  0.00000000E+00  0.00000000E+00  0.10006604E+04  0.12983130E+04  0.12500000E+03  0.19514135E-02  0.69999999E+00  0.99999780E+03
  0.20000000E+01  0.00000000E+00  0.00000000E+00  0.00000000E+00  0.10012968E+04  0.25541597E+04  0.12500000E+03  0.20731329E-02  0.69999999E+00  0.99999762E+03
  0.25000000E+01  0.00000000E+00  0.00000000E+00  0.00000000E+00  0.99449548E+03 -0.10623093E+05  0.12500000E+03 -0.31568948E-03  0.69999999E+00  0.10000004E+04
  0.30000000E+01  0.00000000E+00  0.00000000E+00  0.00000000E+00  0.10224940E+04  0.47225801E+05  0.12500000E+03  0.11278028E-03  0.69999999E+00  0.99999988E+03
  0.35000000E+01  0.00000000E+00  0.00000000E+00  0.00000000E+00  0.10016545E+04  0.32622971E+04  0.12500000E+03  0.35005723E-04  0.69999999E+00  0.99999994E+03
  0.40000000E+01  0.00000000E+00  0.00000000E+00  0.00000000E+00  0.10000000E+04  0.00000000E+00  0.12500000E+03  0.00000000E+00  0.69999999E+00  0.10000000E+04
  0.45000000E+01  0.00000000E+00  0.00000000E+00  0.00000000E+00  0.10000000E+04  0.00000000E+00  0.12500000E+03  0.00000000E+00  0.69999999E+00  0.10000000E+04
  0.50000000E+01  0.00000000E+00  0.00000000E+00  0.00000000E+00  0.10000000E+04  0.00000000E+00  0.12500000E+03  0.00000000E+00  0.69999999E+00  0.10000000E+04
  0.55000000E+01  0.00000000E+00  0.00000000E+00  0.00000000E+00  0.10000000E+04  0.00000000E+00  0.12500000E+03  0.00000000E+00  0.69999999E+00  0.10000000E+04
  0.60000000E+01  0.00000000E+00  0.00000000E+00  0.00000000E+00  0.10000000E+04  0.00000000E+00  0.12500000E+03  0.00000000E+00  0.69999999E+00  0.10000000E+04
  0.65000000E+01  0.00000000E+00  0.00000000E+00  0.00000000E+00  0.10000000E+04  0.00000000E+00  0.12500000E+03  0.00000000E+00  0.69999999E+00  0.10000000E+04
  0.70000000E+01  0.00000000E+00  0.00000000E+00  0.00000000E+00  0.10000000E+04  0.00000000E+00  0.12500000E+03  0.00000000E+00  0.69999999E+00  0.10000000E+04
  0.75000000E+01  0.00000000E+00  0.00000000E+00  0.00000000E+00  0.10000000E+04  0.00000000E+00  0.12500000E+03  0.00000000E+00  0.69999999E+00  0.10000000E+04
  0.25000000E+00 -0.25000000E+00  0.00000000E+00  0.00000000E+00  0.10041385E+04  0.82214248E+04  0.12500000E+03  0.42283465E-03  0.69999999E+00  0.99999951E+03
  0.75000000E+00 -0.25000000E+00  0.00000000E+00  0.00000000E+00  0.10038673E+04  0.76761802E+04  0.12500000E+03  0.98026230E-03  0.69999999E+00  0.99999890E+03
  0.12500000E+01 -0.25000000E+00  0.00000000E+00  0.00000000E+00  0.10050195E+04  0.99978984E+04  0.12500000E+03  0.78782625E-03  0.69999999E+00  0.99999908E+03
  0.17500000E+01 -0.25000000E+00  0.00000000E+00  0.00000000E+00  0.10059307E+04  0.11845045E+05  0.12500000E+03  0.11651304E-02  0.69999999E+00  0.99999866E+03
  0.22500000E+01 -0.25000000E+00  0.00000000E+00  0.00000000E+00  0.10052671E+04  0.10498870E+05  0.12500000E+03  0.99421665E-03  0.69999999E+00  0.99999884E+03
  0.27500000E+01 -0.25000000E+00  0.00000000E+00  0.00000000E+00  0.99580005E+03 -0.81371460E+04  0.12500000E+03 -0.22541248E-04  0.69999999E+00  0.10000000E+04
  0.32500000E+01 -0.25000000E+00  0.00000000E+00  0.00000000E+00  0.99986743E+03 -0.25998074E+03  0.12500000E+03  0.36973892E-04  0.69999999E+00  0.99999994E+03
  0.37500000E+01 -0.25000000E+00  0.00000000E+00  0.00000000E+00  0.10000000E+04  0.00000000E+00  0.12500000E+03  0.00000000E+00  0.69999999E+00  0.10000000E+04
  0.42500000E+01 -0.25000000E+00  0.00000000E+00  0.00000000E+00  0.10000000E+04  0.00000000E+00  0.12500000E+03  0.00000000E+00  0.69999999E+00  0.10000000E+04
  0.47500000E+01 -0.25000000E+00  0.00000000E+00  0.00000000E+00  0.10000000E+04  0.00000000E+00  0.12500000E+03  0.00000000E+00  0.69999999E+00  0.10000000E+04
  0.52500000E+01 -0.25000000E+00  0.00000000E+00  0.00000000E+00  0.10000000E+04  0.00000000E+00  0.12500000E+03  0.00000000E+00  0.69999999E+00  0.10000000E+04
  0.57500000E+01 -0.25000000E+00  0.00000000E+00  0.00000000E+00  0.10000000E+04  0.00000000E+00  0.12500000E+03  0.00000000E+00  0.69999999E+00  0.10000000E+04
  0.62500000E+01 -0.25000000E+00  0.00000000E+00  0.00000000E+00  0.10000000E+04  0.00000000E+00  0.12500000E+03  0.00000000E+00  0.69999999E+00  0.10000000E+04
  0.67500000E+01 -0.25000000E+00  0.00000000E+00  0.00000000E+00  0.10000000E+04  0.00000000E+00  0.12500000E+03  0.00000000E+00  0.69999999E+00  0.10000000E+04
  0.72500000E+01 -0.25000000E+00  0.00000000E+00  0.00000000E+00  0.10000000E+04  0.00000000E+00  0.12500000E+03  0.00000000E+00  0.69999999E+00  0.10000000E+04
  0.77500000E+01 -0.25000000E+00  0.00000000E+00  0.00000000E+00  0.10000000E+04  0.00000000E+00  0.12500000E+03  0.00000000E+00  0.69999999E+00  0.10000000E+04
  0.40000000E+01  0.50000000E+00  0.00000000E+00  0.00000000E+00  0.10000000E+04  0.00000000E+00  0.12500000E+03  0.00000000E+00  0.69999999E+00  0.10000000E+04
  0.37500000E+01  0.25000000E+00  0.00000000E+00  0.00000000E+00  0.10002023E+04  0.39714996E+03  0.12500000E+03 -0.15898477E-04  0.69999999E+00  0.10000000E+04
  0.40000000E+01  0.10000000E+01  0.00000000E+00  0.00000000E+00  0.10000000E+04  0.00000000E+00  0.12500000E+03  0.53748135E-07  0.69999999E+00  0.10000000E+04
  0.37500000E+01  0.75000000E+00  0.00000000E+00  0.00000000E+00  0.10027891E+04  0.55180566E+04  0.12500000E+03  0.84120966E-05  0.69999999E+00  0.10000000E+04
  0.40000000E+01  0.15000000E+01  0.00000000E+00  0.00000000E+00  0.10000000E+04  0.00000000E+00  0.12500000E+03  0.00000000E+00  0.69999999E+00  0.10000000E+04
  0.37500000E+01  0.12500000E+01  0.00000000E+00  0.00000000E+00  0.10010557E+04  0.20778894E+04  0.12500000E+03  0.49942928E-05  0.69999999E+00  0.10000000E+04
  0.40000000E+01  0.20000000E+01  0.00000000E+00  0.00000000E+00  0.10000000E+04  0.00000000E+00  0.12500000E+03  0.00000000E+00  0.69999999E+00  0.10000000E+04
  0.37500000E+01  0.17500000E+01  0.00000000E+00  0.00000000E+00  0.10000389E+04  0.76490524E+02  0.12500000E+03  0.11387467E-04  0.69999999E+00  0.10000000E+04
  0.45000000E+01  0.50000000E+00  0.00000000E+00  0.00000000E+00  0.10000000E+04  0.00000000E+00  0.12500000E+03  0.00000000E+00  0.69999999E+00  0.10000000E+04
  0.42500000E+01  0.25000000E+00  0.00000000E+00  0.00000000E+00  0.10000000E+04  0.00000000E+00  0.12500000E+03  0.00000000E+00  0.69999999E+00  0.10000000E+04
  0.45000000E+01  0.10000000E+01  0.00000000E+00  0.00000000E+00  0.10000000E+04  0.00000000E+00  0.12500000E+03  0.00000000E+00  0.69999999E+00  0.10000000E+04
  0.42500000E+01  0.75000000E+00  0.00000000E+00  0.00000000E+00  0.10000000E+04  0.00000000E+00  0.12500000E+03  0.00000000E+00  0.69999999E+00  0.10000000E+04
  0.45000000E+01  0.15000000E+01  0.00000000E+00  0.00000000E+00  0.10000000E+04  0.00000000E+00  0.12500000E+03  0.00000000E+00  0.69999999E+00  0.10000000E+04
  0.42500000E+01  0.12500000E+01  0.00000000E+00  0.00000000E+00  0.10000000E+04  0.00000000E+00  0.12500000E+03  0.00000000E+00  0.69999999E+00  0.10000000E+04
  0.45000000E+01  0.20000000E+01  0.00000000E+00  0.00000000E+00  0.10000000E+04  0.00000000E+00  0.12500000E+03  0.00000000E+00  0.69999999E+00  0.10000000E+04
  0.42500000E+01  0.17500000E+01  0.00000000E+00  0.00000000E+00  0.10000000E+04  0.00000000E+00  0.12500000E+03  0.00000000E+00  0.69999999E+00  0.10000000E+04
  0.50000000E+01  0.50000000E+00  0.00000000E+00  0.00000000E+00  0.10000000E+04  0.00000000E+00  0.12500000E+03  0.00000000E+00  0.69999999E+00  0.10000000E+04
  0.47500000E+01  0.25000000E+00  0.00000000E+00  0.00000000E+00  0.10000000E+04  0.00000000E+00  0.12500000E+03  0.00000000E+00  0.69999999E+00  0.10000000E+04
  0.50000000E+01  0.10000000E+01  0.00000000E+00  0.00000000E+00  0.10000000E+04  0.00000000E+00  0.12500000E+03  0.00000000E+00  0.69999999E+00  0.10000000E+04
  0.47500000E+01  0.75000000E+00  0.00000000E+00  0.00000000E+00  0.10000000E+04  0.00000000E+00  0.12500000E+03  0.00000000E+00  0.69999999E+00  0.10000000E+04
  0.50000000E+01  0.15000000E+01  0.00000000E+00  0.00000000E+00  0.10000000E+04  0.00000000E+00  0.12500000E+03  0.00000000E+00  0.69999999E+00  0.10000000E+04
  0.47500000E+01  0.12500000E+01  0.00000000E+00  0.00000000E+00  0.10000000E+04  0.00000000E+00  0.12500000E+03  0.00000000E+00  0.69999999E+00  0.10000000E+04
  0.50000000E+01  0.20000000E+01  0.00000000E+00  0.00000000E+00  0.10000000E+04  0.00000000E+00  0.12500000E+03  0.00000000E+00  0.69999999E+00  0.10000000E+04
  0.47500000E+01  0.17500000E+01  0.00000000E+00  0.00000000E+00  0.10000000E+04  0.00000000E+00  0.12500000E+03  0.00000000E+00  0.69999999E+00  0.10000000E+04
  0.73588836E+00  0.24320161E+00 -0.12189250E-01  0.57954621E-02  0.10043453E+04  0.86374199E+04  0.12576698E+03  0.12576698E+03  0.10000000E+01  0.00000000E+00
  0.49815547E+00  0.51297438E+00  0.25577508E-01  0.17648456E+00  0.10050363E+04  0.10031884E+05  0.12561582E+03  0.12561451E+03  0.10000000E+01  0.00000000E+00
  0.74169314E+00  0.73068345E+00 -0.27823827E+00 -0.85864559E-01  0.10082153E+04  0.16521172E+05  0.12546356E+03  0.12546356E+03  0.10000000E+01  0.00000000E+00
  0.52698761E+00  0.98024905E+00  0.19554737E+00 -0.81365600E-01  0.10080826E+04  0.16247864E+05  0.12531018E+03  0.12531018E+03  0.10000000E+01  0.00000000E+00
  0.76142871E+00  0.12314403E+01  0.39188616E-01  0.33700496E-01  0.10007029E+04  0.13819185E+04  0.12515567E+03  0.12515567E+03  0.10000000E+01  0.00000000E+00
  0.53664088E+00  0.14433153E+01  0.41047174E+00 -0.54603577E+00  0.10029611E+04  0.58616602E+04  0.12500000E+03  0.12500000E+03  0.10000000E+01  0.00000000E+00
  0.12639675E+01  0.23450738E+00  0.19637248E+00 -0.17262866E+00  0.10063806E+04  0.12760848E+05  0.12576698E+03  0.12576567E+03  0.10000000E+01  0.00000000E+00
  0.10090791E+01  0.48411036E+00  0.13957198E+00 -0.92288837E-01  0.10033105E+04  0.65599492E+04  0.12561582E+03  0.12561451E+03  0.10000000E+01  0.00000000E+00
  0.12832639E+01  0.71663785E+00  0.37006500E+00 -0.32172120E+00  0.10019887E+04  0.39250850E+04  0.12546356E+03  0.12546356E+03  0.10000000E+01  0.00000000E+00
  0.10233620E+01  0.96617866E+00  0.26917246E+00 -0.20673950E+00  0.10009789E+04  0.19263434E+04  0.12531018E+03  0.12531018E+03  0.10000000E+01  0.00000000E+00
  0.12863054E+01  0.12048905E+01  0.40341723E+00 -0.27554816E+00  0.10006755E+04  0.13279014E+04  0.12515567E+03  0.12515567E+03  0.10000000E+01  0.00000000E+00
  0.10181428E+01  0.14598296E+01  0.18779185E+00 -0.21036890E+00  0.10007579E+04  0.14904495E+04  0.12500000E+03  0.12500000E+03  0.10000000E+01  0.00000000E+00
  0.17849109E+01  0.24035594E+00  0.41061324E+00 -0.25809214E-01  0.10066042E+04  0.13216995E+05  0.12576698E+03  0.12576567E+03  0.10000000E+01  0.00000000E+00
  0.15360293E+01  0.48412627E+00  0.29902810E+00 -0.10341001E+00  0.10034916E+04  0.69225376E+04  0.12561582E+03  0.12561451E+03  0.10000000E+01  0.00000000E+00
  0.18094120E+01  0.71500218E+00  0.49962023E+00 -0.18063973E+00  0.10050062E+04  0.99709053E+04  0.12546356E+03  0.12546356E+03  0.10000000E+01  0.00000000E+00
  0.15389671E+01  0.95434833E+00  0.31355083E+00 -0.30632597E+00  0.10018348E+04  0.36196548E+04  0.12531018E+03  0.12531018E+03  0.10000000E+01  0.00000000E+00
  0.17857590E+01  0.11688373E+01  0.21241358E+00 -0.59302378E+00  0.10033641E+04  0.66673242E+04  0.12515567E+03  0.12515567E+03  0.10000000E+01  0.00000000E+00
  0.15292807E+01  0.14322579E+01  0.22747156E+00 -0.52335292E+00  0.10039354E+04  0.78131270E+04  0.12500000E+03  0.12500000E+03  0.10000000E+01  0.00000000E+00
  0.22654777E+01  0.27572832E+00 -0.17796922E+00  0.41086888E+00  0.10067198E+04  0.13453088E+05  0.12576698E+03  0.12576698E+03  0.10000000E+01  0.00000000E+00
  0.20852642E+01  0.50037241E+00  0.94668502E+00  0.75426027E-01  0.99955609E+03 -0.86984210E+03  0.12561582E+03  0.12561582E+03  0.10000000E+01  0.00000000E+00
  0.24319897E+01  0.70520842E+00  0.16977715E+01 -0.47844806E+00  0.99733850E+03 -0.51804043E+04  0.12546356E+03  0.12546356E+03  0.10000000E+01  0.00000000E+00
  0.20858707E+01  0.92630172E+00  0.71245241E+00 -0.61903828E+00  0.99971301E+03 -0.56260229E+03  0.12531018E+03  0.12531018E+03  0.10000000E+01  0.00000000E+00
  0.23494182E+01  0.11343193E+01  0.78670782E+00 -0.93741739E+00  0.10017531E+04  0.34577087E+04  0.12515567E+03  0.12515567E+03  0.10000000E+01  0.00000000E+00
  0.20270829E+01  0.13817523E+01  0.11486063E+00 -0.89936721E+00  0.10026251E+04  0.51912012E+04  0.12500000E+03  0.12500000E+03  0.10000000E+01  0.00000000E+00
  0.26172152E+01  0.55321944E+00  0.11746683E+01  0.98978961E+00  0.10028907E+04  0.57209873E+04  0.12561582E+03  0.12561451E+03  0.10000000E+01  0.00000000E+00
  0.27099686E+01  0.85602868E+00  0.20851846E+01 -0.12455424E+01  0.10027001E+04  0.53406831E+04  0.12531018E+03  0.12531018E+03  0.10000000E+01  0.00000000E+00
  0.26081672E+01  0.13540261E+01  0.10015714E+01 -0.10566379E+01  0.10041057E+04  0.81552583E+04  0.12500000E+03  0.12500000E+03  0.10000000E+01  0.00000000E+00
