  0.00000000E+00  0.00000000E+00  0.00000000E+00  0.00000000E+00  0.10014807E+04  0.29180674E+04  0.12500000E+03  0.27366781E-02  0.69999999E+00  0.99999689E+03
  0.00000000E+00  0.50000000E+00  0.00000000E+00  0.00000000E+00  0.10232537E+04  0.48932738E+05  0.12500000E+03  0.40842113E-02  0.69999999E+00  0.99999524E+03
  0.00000000E+00  0.10000000E+01  0.00000000E+00  0.00000000E+00  0.10263118E+04  0.55882066E+05  0.12500000E+03  0.43310197E-02  0.69999999E+00  0.99999493E+03
  0.00000000E+00  0.15000000E+01  0.00000000E+00  0.00000000E+00  0.10180267E+04  0.37339648E+05  0.12500000E+03  0.16270529E-02  0.69999999E+00  0.99999811E+03
  0.00000000E+00  0.20000000E+01  0.00000000E+00  0.00000000E+00  0.10189856E+04  0.39439859E+05  0.12500000E+03 -0.21634167E-02  0.69999999E+00  0.10000025E+04
  0.00000000E+00  0.25000000E+01  0.00000000E+00  0.00000000E+00  0.10034469E+04  0.68332266E+04  0.12500000E+03  0.51974104E-03  0.69999999E+00  0.99999939E+03
  0.00000000E+00  0.30000000E+01  0.00000000E+00  0.00000000E+00  0.10000026E+04  0.51455903E+01  0.12500000E+03  0.38292605E-04  0.69999999E+00  0.99999994E+03
  0.00000000E+00  0.35000000E+01  0.00000000E+00  0.00000000E+00  0.10000000E+04  0.00000000E+00  0.12500000E+03  0.00000000E+00  0.69999999E+00  0.10000000E+04
  0.00000000E+00  0.40000000E+01  0.00000000E+00  0.00000000E+00  0.10000000E+04  0.00000000E+00  0.12500000E+03  0.00000000E+00  0.69999999E+00  0.10000000E+04
 -0.25000000E+00 -0.25000000E+00  0.00000000E+00  0.00000000E+00  0.10006414E+04  0.12607445E+04  0.12500000E+03  0.52005530E-03  0.69999999E+00  0.99999939E+03
 -0.25000000E+00  0.25000000E+00  0.00000000E+00  0.00000000E+00  0.10009517E+04  0.18724719E+04  0.12500000E+03  0.12636906E-02  0.69999999E+00  0.99999854E+03
 -0.25000000E+00  0.75000000E+00  0.00000000E+00  0.00000000E+00  0.10075657E+04  0.15184929E+05  0.12500000E+03  0.70608256E-03  0.69999999E+00  0.99999921E+03
 -0.25000000E+00  0.12500000E+01  0.00000000E+00  0.00000000E+00  0.10046444E+04  0.92402520E+04  0.12500000E+03  0.13598949E-02  0.69999999E+00  0.99999841E+03
 -0.25000000E+00  0.17500000E+01  0.00000000E+00  0.00000000E+00  0.10008721E+04  0.17153776E+04  0.12500000E+03 -0.44504990E-03  0.69999999E+00  0.10000005E+04
 -0.25000000E+00  0.22500000E+01  0.00000000E+00  0.00000000E+00  0.10015139E+04  0.29839109E+04  0.12500000E+03 -0.18548567E-03  0.69999999E+00  0.10000002E+04
 -0.25000000E+00  0.27500000E+01  0.00000000E+00  0.00000000E+00  0.10000007E+04  0.14033347E+01  0.12500000E+03  0.17473474E-04  0.69999999E+00  0.10000000E+04
 -0.25000000E+00  0.32500000E+01  0.00000000E+00  0.00000000E+00  0.10000000E+04  0.00000000E+00  0.12500000E+03  0.24654445E-40  0.69999999E+00  0.10000000E+04
 -0.25000000E+00  0.37500000E+01  0.00000000E+00  0.00000000E+00  0.10000000E+04  0.00000000E+00  0.12500000E+03  0.00000000E+00  0.69999999E+00  0.10000000E+04
  0.80000000E+01  0.00000000E+00  0.00000000E+00  0.00000000E+00  0.10000000E+04  0.00000000E+00  0.12500000E+03  0.00000000E+00  0.69999999E+00  0.10000000E+04
  0.80000000E+01  0.50000000E+00  0.00000000E+00  0.00000000E+00  0.10000000E+04  0.00000000E+00  0.12500000E+03  0.00000000E+00  0.69999999E+00  0.10000000E+04
  0.80000000E+01  0.10000000E+01  0.00000000E+00  0.00000000E+00  0.10000000E+04  0.00000000E+00  0.12500000E+03  0.00000000E+00  0.69999999E+00  0.10000000E+04
  0.80000000E+01  0.15000000E+01  0.00000000E+00  0.00000000E+00  0.10000000E+04  0.00000000E+00  0.12500000E+03  0.00000000E+00  0.69999999E+00  0.10000000E+04
  0.80000000E+01  0.20000000E+01  0.00000000E+00  0.00000000E+00  0.10000000E+04  0.00000000E+00  0.12500000E+03  0.00000000E+00  0.69999999E+00  0.10000000E+04
  0.80000000E+01  0.25000000E+01  0.00000000E+00  0.00000000E+00  0.10000000E+04  0.00000000E+00  0.12500000E+03  0.00000000E+00  0.69999999E+00  0.10000000E+04
  0.80000000E+01  0.30000000E+01  0.00000000E+00  0.00000000E+00  0.10000000E+04  0.00000000E+00  0.12500000E+03  0.00000000E+00  0.69999999E+00  0.10000000E+04
  0.80000000E+01  0.35000000E+01  0.00000000E+00  0.00000000E+00  0.10000000E+04  0.00000000E+00  0.12500000E+03  0.00000000E+00  0.69999999E+00  0.10000000E+04
  0.80000000E+01  0.40000000E+01  0.00000000E+00  0.00000000E+00  0.10000000E+04  0.00000000E+00  0.12500000E+03  0.00000000E+00  0.69999999E+00  0.10000000E+04
  0.82500000E+01 -0.25000000E+00  0.00000000E+00  0.00000000E+00  0.10000000E+04  0.00000000E+00  0.12500000E+03  0.00000000E+00  0.69999999E+00  0.10000000E+04
  0.82500000E+01  0.25000000E+00  0.00000000E+00  0.00000000E+00  0.10000000E+04  0.00000000E+00  0.12500000E+03  0.00000000E+00  0.69999999E+00  0.10000000E+04
  0.82500000E+01  0.75000000E+00  0.00000000E+00  0.00000000E+00  0.10000000E+04  0.00000000E+00  0.12500000E+03  0.00000000E+00  0.69999999E+00  0.10000000E+04
  0.82500000E+01  0.12500000E+01  0.00000000E+00  0.00000000E+00  0.10000000E+04  0.00000000E+00  0.12500000E+03  0.00000000E+00  0.69999999E+00  0.10000000E+04
  0.82500000E+01  0.17500000E+01  0.00000000E+00  0.00000000E+00  0.10000000E+04  0.00000000E+00  0.12500000E+03  0.00000000E+00  0.69999999E+00  0.10000000E+04
  0.82500000E+01  0.22500000E+01  0.00000000E+00  0.00000000E+00  0.10000000E+04  0.00000000E+00  0.12500000E+03  0.00000000E+00  0.69999999E+00  0.10000000E+04
  0.82500000E+01  0.27500000E+01  0.00000000E+00  0.00000000E+00  0.10000000E+04  0.00000000E+00  0.12500000E+03  0.00000000E+00  0.69999999E+00  0.10000000E+04
  0.82500000E+01  0.32500000E+01  0.00000000E+00  0.00000000E+00  0.10000000E+04  0.00000000E+00  0.12500000E+03  0.00000000E+00  0.69999999E+00  0.10000000E+04
  0.82500000E+01  0.37500000E+01  0.00000000E+00  0.00000000E+00  0.10000000E+04  0.00000000E+00  0.12500000E+03  0.00000000E+00  0.69999999E+00  0.10000000E+04
  0.50000000E+00  0.00000000E+00  0.00000000E+00  0.00000000E+00  0.10490389E+04  0.11158434E+06  0.12500000E+03  0.13979081E-01  0.69999999E+00  0.99998322E+03
  0.10000000E+01  0.00000000E+00  0.00000000E+00  0.00000000E+00  0.10769792E+04  0.19074844E+06  0.12500000E+03  0.82697645E-02  0.69999999E+00  0.99998981E+03
  0.15000000E+01  0.00000000E+00  0.00000000E+00  0.00000000E+00  0.10242618E+04  0.51209980E+05  0.12500000E+03  0.24106022E-01  0.69999999E+00  0.99997180E+03
  0.20000000E+01  0.00000000E+00  0.00000000E+00  0.00000000E+00  0.11321533E+04  0.38796209E+06  0.12500000E+03  0.28209453E-01  0.69999999E+00  0.99996350E+03
  0.25000000E+01  0.00000000E+00  0.00000000E+00  0.00000000E+00  0.10286859E+04  0.61363602E+05  0.12500000E+03  0.96520800E-02  0.69999999E+00  0.99998865E+03
  0.30000000E+01  0.00000000E+00  0.00000000E+00  0.00000000E+00  0.10392981E+04  0.86812078E+05  0.12500000E+03  0.11388291E-01  0.69999999E+00  0.99998645E+03
  0.35000000E+01  0.00000000E+00  0.00000000E+00  0.00000000E+00  0.10046660E+04  0.92837822E+04  0.12500000E+03  0.48202882E-02  0.69999999E+00  0.99999445E+03
  0.40000000E+01  0.00000000E+00  0.00000000E+00  0.00000000E+00  0.10000137E+04  0.26898298E+02  0.12500000E+03 -0.68247195E-04  0.69999999E+00  0.10000001E+04
  0.45000000E+01  0.00000000E+00  0.00000000E+00  0.00000000E+00  0.10000000E+04  0.00000000E+00  0.12500000E+03  0.13105924E-38  0.69999999E+00  0.10000000E+04
  0.50000000E+01  0.00000000E+00  0.00000000E+00  0.00000000E+00  0.10000000E+04  0.00000000E+00  0.12500000E+03 -0.66337469E-41  0.69999999E+00  0.10000000E+04
  0.55000000E+01  0.00000000E+00  0.00000000E+00  0.00000000E+00  0.10000000E+04  0.00000000E+00  0.12500000E+03  0.00000000E+00  0.69999999E+00  0.10000000E+04
  0.60000000E+01  0.00000000E+00  0.00000000E+00  0.00000000E+00  0.10000000E+04  0.00000000E+00  0.12500000E+03  0.00000000E+00  0.69999999E+00  0.10000000E+04
  0.65000000E+01  0.00000000E+00  0.00000000E+00  0.00000000E+00  0.10000000E+04  0.00000000E+00  0.12500000E+03  0.00000000E+00  0.69999999E+00  0.10000000E+04
  0.70000000E+01  0.00000000E+00  0.00000000E+00  0.00000000E+00  0.10000000E+04  0.00000000E+00  0.12500000E+03  0.00000000E+00  0.69999999E+00  0.10000000E+04
  0.75000000E+01  0.00000000E+00  0.00000000E+00  0.00000000E+00  0.10000000E+04  0.00000000E+00  0.12500000E+03  0.00000000E+00  0.69999999E+00  0.10000000E+04
  0.25000000E+00 -0.25000000E+00  0.00000000E+00  0.00000000E+00  0.10057168E+04  0.11410571E+05  0.12500000E+03  0.35366374E-02  0.69999999E+00  0.99999591E+03
  0.75000000E+00 -0.25000000E+00  0.00000000E+00  0.00000000E+00  0.10264368E+04  0.56168895E+05  0.12500000E+03  0.10004470E-01  0.69999999E+00  0.99998828E+03
  0.12500000E+01 -0.25000000E+00  0.00000000E+00  0.00000000E+00  0.10099939E+04  0.20205828E+05  0.12500000E+03  0.77433353E-02  0.69999999E+00  0.99999109E+03
  0.17500000E+01 -0.25000000E+00  0.00000000E+00  0.00000000E+00  0.10145070E+04  0.29731713E+05  0.12500000E+03  0.11912264E-01  0.69999999E+00  0.99998621E+03
  0.22500000E+01 -0.25000000E+00  0.00000000E+00  0.00000000E+00  0.10009801E+04  0.19286960E+04  0.12500000E+03  0.12115382E-01  0.69999999E+00  0.99998615E+03
  0.27500000E+01 -0.25000000E+00  0.00000000E+00  0.00000000E+00  0.10016710E+04  0.32951333E+04  0.12500000E+03  0.61812457E-02  0.69999999E+00  0.99999292E+03
  0.32500000E+01 -0.25000000E+00  0.00000000E+00  0.00000000E+00  0.10006155E+04  0.12097990E+04  0.12500000E+03  0.44089206E-02  0.69999999E+00  0.99999493E+03
  0.37500000E+01 -0.25000000E+00  0.00000000E+00  0.00000000E+00  0.10000070E+04  0.13565822E+02  0.12500000E+03 -0.15635355E-03  0.69999999E+00  0.10000002E+04
  0.42500000E+01 -0.25000000E+00  0.00000000E+00  0.00000000E+00  0.10000000E+04  0.00000000E+00  0.12500000E+03 -0.42339995E-35  0.69999999E+00  0.10000000E+04
  0.47500000E+01 -0.25000000E+00  0.00000000E+00  0.00000000E+00  0.10000000E+04  0.00000000E+00  0.12500000E+03 -0.28940793E-38  0.69999999E+00  0.10000000E+04
  0.52500000E+01 -0.25000000E+00  0.00000000E+00  0.00000000E+00  0.10000000E+04  0.00000000E+00  0.12500000E+03  0.00000000E+00  0.69999999E+00  0.10000000E+04
  0.57500000E+01 -0.25000000E+00  0.00000000E+00  0.00000000E+00  0.10000000E+04  0.00000000E+00  0.12500000E+03  0.00000000E+00  0.69999999E+00  0.10000000E+04
  0.62500000E+01 -0.25000000E+00  0.00000000E+00  0.00000000E+00  0.10000000E+04  0.00000000E+00  0.12500000E+03  0.00000000E+00  0.69999999E+00  0.10000000E+04
  0.67500000E+01 -0.25000000E+00  0.00000000E+00  0.00000000E+00  0.10000000E+04  0.00000000E+00  0.12500000E+03  0.00000000E+00  0.69999999E+00  0.10000000E+04
  0.72500000E+01 -0.25000000E+00  0.00000000E+00  0.00000000E+00  0.10000000E+04  0.00000000E+00  0.12500000E+03  0.00000000E+00  0.69999999E+00  0.10000000E+04
  0.77500000E+01 -0.25000000E+00  0.00000000E+00  0.00000000E+00  0.10000000E+04  0.00000000E+00  0.12500000E+03  0.00000000E+00  0.69999999E+00  0.10000000E+04
  0.40000000E+01  0.50000000E+00  0.00000000E+00  0.00000000E+00  0.10015370E+04  0.30294661E+04  0.12500000E+03 -0.52485091E-03  0.69999999E+00  0.10000006E+04
  0.37500000E+01  0.25000000E+00  0.00000000E+00  0.00000000E+00  0.10064131E+04  0.12827189E+05  0.12500000E+03 -0.23099738E-02  0.69999999E+00  0.10000027E+04
  0.40000000E+01  0.10000000E+01  0.00000000E+00  0.00000000E+00  0.10042655E+04  0.84768623E+04  0.12500000E+03 -0.12966193E-03  0.69999999E+00  0.10000001E+04
  0.37500000E+01  0.75000000E+00  0.00000000E+00  0.00000000E+00  0.10661503E+04  0.15857834E+06  0.12500000E+03  0.11266121E-02  0.69999999E+00  0.99999866E+03
  0.40000000E+01  0.15000000E+01  0.00000000E+00  0.00000000E+00  0.10001829E+04  0.35898206E+03  0.12500000E+03  0.51074650E-03  0.69999999E+00  0.99999939E+03
  0.37500000E+01  0.12500000E+01  0.00000000E+00  0.00000000E+00  0.10243416E+04  0.51390699E+05  0.12500000E+03  0.12641102E-02  0.69999999E+00  0.99999854E+03
  0.40000000E+01  0.20000000E+01  0.00000000E+00  0.00000000E+00  0.10013503E+04  0.26600125E+04  0.12500000E+03  0.38575369E-03  0.69999999E+00  0.99999957E+03
  0.37500000E+01  0.17500000E+01  0.00000000E+00  0.00000000E+00  0.10138726E+04  0.28377148E+05  0.12500000E+03  0.26372338E-02  0.69999999E+00  0.99999695E+03
  0.45000000E+01  0.50000000E+00  0.00000000E+00  0.00000000E+00  0.10000000E+04  0.00000000E+00  0.12500000E+03  0.85261809E-38  0.69999999E+00  0.10000000E+04
  0.42500000E+01  0.25000000E+00  0.00000000E+00  0.00000000E+00  0.10000018E+04  0.35083482E+01  0.12500000E+03 -0.74084828E-05  0.69999999E+00  0.10000000E+04
  0.45000000E+01  0.10000000E+01  0.00000000E+00  0.00000000E+00  0.10000000E+04  0.00000000E+00  0.12500000E+03 -0.85675388E-41  0.69999999E+00  0.10000000E+04
  0.42500000E+01  0.75000000E+00  0.00000000E+00  0.00000000E+00  0.10000916E+04  0.17967581E+03  0.12500000E+03 -0.20551628E-04  0.69999999E+00  0.10000000E+04
  0.45000000E+01  0.15000000E+01  0.00000000E+00  0.00000000E+00  0.10000000E+04  0.00000000E+00  0.12500000E+03 -0.35752729E-40  0.69999999E+00  0.10000000E+04
  0.42500000E+01  0.12500000E+01  0.00000000E+00  0.00000000E+00  0.10000066E+04  0.12864128E+02  0.12500000E+03  0.64903998E-05  0.69999999E+00  0.10000000E+04
  0.45000000E+01  0.20000000E+01  0.00000000E+00  0.00000000E+00  0.10000000E+04  0.00000000E+00  0.12500000E+03  0.31907566E-40  0.69999999E+00  0.10000000E+04
  0.42500000E+01  0.17500000E+01  0.00000000E+00  0.00000000E+00  0.10000031E+04  0.60811610E+01  0.12500000E+03 -0.35628464E-05  0.69999999E+00  0.10000000E+04
  0.50000000E+01  0.50000000E+00  0.00000000E+00  0.00000000E+00  0.10000000E+04  0.00000000E+00  0.12500000E+03  0.62806197E-41  0.69999999E+00  0.10000000E+04
  0.47500000E+01  0.25000000E+00  0.00000000E+00  0.00000000E+00  0.10000000E+04  0.00000000E+00  0.12500000E+03  0.28605630E-38  0.69999999E+00  0.10000000E+04
  0.50000000E+01  0.10000000E+01  0.00000000E+00  0.00000000E+00  0.10000000E+04  0.00000000E+00  0.12500000E+03  0.00000000E+00  0.69999999E+00  0.10000000E+04
  0.47500000E+01  0.75000000E+00  0.00000000E+00  0.00000000E+00  0.10000000E+04  0.00000000E+00  0.12500000E+03  0.66365495E-41  0.69999999E+00  0.10000000E+04
  0.50000000E+01  0.15000000E+01  0.00000000E+00  0.00000000E+00  0.10000000E+04  0.00000000E+00  0.12500000E+03 -0.25865167E-40  0.69999999E+00  0.10000000E+04
  0.47500000E+01  0.12500000E+01  0.00000000E+00  0.00000000E+00  0.10000000E+04  0.00000000E+00  0.12500000E+03 -0.24800180E-40  0.69999999E+00  0.10000000E+04
  0.50000000E+01  0.20000000E+01  0.00000000E+00  0.00000000E+00  0.10000000E+04  0.00000000E+00  0.12500000E+03  0.22496446E-40  0.69999999E+00  0.10000000E+04
  0.47500000E+01  0.17500000E+01  0.00000000E+00  0.00000000E+00  0.10000000E+04  0.00000000E+00  0.12500000E+03 -0.12527608E-41  0.69999999E+00  0.10000000E+04
  0.28287957E+01  0.90113723E+00  0.42439178E-01  0.33822149E+00  0.10061143E+04  0.12218446E+05  0.12576698E+03  0.12576656E+03  0.10000000E+01  0.00000000E+00
  0.88896894E+00  0.13597308E+01  0.14500123E+00  0.21107933E+00  0.10039728E+04  0.78880879E+04  0.12561582E+03  0.12561256E+03  0.10000000E+01  0.00000000E+00
  0.18265038E+01  0.10882566E+01  0.14927861E+00  0.31280461E+00  0.10176614E+04  0.36542520E+05  0.12546356E+03  0.12546323E+03  0.10000000E+01  0.00000000E+00
  0.27338569E+01  0.15507100E+01 -0.49263632E+00 -0.23255706E+00  0.10036339E+04  0.72078237E+04  0.12531018E+03  0.12531044E+03  0.10000000E+01  0.00000000E+00
  0.23657780E+01  0.16055599E+01 -0.25634041E+01 -0.53958428E+00  0.10007615E+04  0.14974982E+04  0.12515567E+03  0.12515567E+03  0.10000000E+01  0.00000000E+00
  0.26544333E+01  0.15963111E+01 -0.85793531E+00 -0.21258020E+00  0.10042297E+04  0.84048887E+04  0.12500000E+03  0.12499985E+03  0.10000000E+01  0.00000000E+00
  0.26821780E+01  0.84850264E+00 -0.25151154E+00 -0.10529272E-01  0.10096863E+04  0.19565879E+05  0.12576698E+03  0.12575461E+03  0.10000000E+01  0.00000000E+00
  0.94396472E+00  0.88786817E+00 -0.61930609E+00 -0.42111864E-02  0.10110143E+04  0.22337457E+05  0.12561582E+03  0.12560609E+03  0.10000000E+01  0.00000000E+00
  0.78949416E+00  0.10493838E+01 -0.25096288E+00  0.46856230E+00  0.10070967E+04  0.14223832E+05  0.12546356E+03  0.12546051E+03  0.10000000E+01  0.00000000E+00
  0.28729646E+01  0.89955819E+00 -0.35622132E+00 -0.98110282E+00  0.10047813E+04  0.95166787E+04  0.12531018E+03  0.12531038E+03  0.10000000E+01  0.00000000E+00
  0.10702397E+01  0.87850523E+00 -0.20519051E+00 -0.16535640E+00  0.10123455E+04  0.25137512E+05  0.12515567E+03  0.12515535E+03  0.10000000E+01  0.00000000E+00
  0.66929913E+00  0.87680089E+00  0.71349189E-01 -0.55943739E+00  0.10135800E+04  0.27754264E+05  0.12500000E+03  0.12500000E+03  0.10000000E+01  0.00000000E+00
  0.19253261E+01  0.95547152E+00 -0.11746057E+01  0.14282987E+00  0.10021879E+04  0.43210723E+04  0.12576698E+03  0.12575644E+03  0.10000000E+01  0.00000000E+00
  0.26366994E+01  0.85501361E+00 -0.39931938E+00  0.35590604E-01  0.10116394E+04  0.23649473E+05  0.12561582E+03  0.12561059E+03  0.10000000E+01  0.00000000E+00
  0.26783018E+01  0.13211905E+01 -0.21463695E+00 -0.53429261E-01  0.10003239E+04  0.63609320E+03  0.12546356E+03  0.12546005E+03  0.10000000E+01  0.00000000E+00
  0.13862832E+01  0.87411749E+00 -0.49058050E+00 -0.55081153E+00  0.10043624E+04  0.86717490E+04  0.12531018E+03  0.12531018E+03  0.10000000E+01  0.00000000E+00
  0.29517846E+01  0.84368122E+00  0.45207176E+00  0.72102678E+00  0.10098715E+04  0.19950947E+05  0.12515567E+03  0.12515553E+03  0.10000000E+01  0.00000000E+00
  0.10123310E+01  0.16519039E+01 -0.86601645E-01  0.31032056E+00  0.10070348E+04  0.14096962E+05  0.12500000E+03  0.12500612E+03  0.10000000E+01  0.00000000E+00
  0.96066046E+00  0.15415031E+01  0.33159158E+00  0.37718689E+00  0.10045319E+04  0.90135527E+04  0.12576698E+03  0.12576566E+03  0.10000000E+01  0.00000000E+00
  0.23526530E+01  0.98329842E+00  0.36126949E-01 -0.36840600E+00  0.10038961E+04  0.77338730E+04  0.12561582E+03  0.12561228E+03  0.10000000E+01  0.00000000E+00
  0.16470587E+01  0.11206508E+01 -0.31659859E+00 -0.14539391E+00  0.10106148E+04  0.21501197E+05  0.12546356E+03  0.12546202E+03  0.10000000E+01  0.00000000E+00
  0.21410849E+01  0.96266723E+00 -0.70344746E+00  0.55988836E+00  0.10104939E+04  0.21248613E+05  0.12531018E+03  0.12530890E+03  0.10000000E+01  0.00000000E+00
  0.20353451E+01  0.16152108E+01 -0.76556146E+00  0.68439537E+00  0.99806396E+03 -0.37764775E+04  0.12515567E+03  0.12515567E+03  0.10000000E+01  0.00000000E+00
  0.13330185E+01  0.86215544E+00 -0.37596188E-02 -0.30268204E+00  0.10060355E+04  0.12058367E+05  0.12500000E+03  0.12500012E+03  0.10000000E+01  0.00000000E+00
  0.11375890E+01  0.16531487E+01  0.23187631E+00  0.35318476E+00  0.10060621E+04  0.12112203E+05  0.12561582E+03  0.12560780E+03  0.10000000E+01  0.00000000E+00
  0.13805205E+01  0.17562020E+01 -0.10666676E+01  0.12208335E+01  0.10045558E+04  0.90616201E+04  0.12531018E+03  0.12531004E+03  0.10000000E+01  0.00000000E+00
  0.22846696E+01  0.18945951E+01 -0.35043886E+00  0.42700075E-01  0.10048491E+04  0.96534121E+04  0.12500000E+03  0.12500000E+03  0.10000000E+01  0.00000000E+00
