  0.00000000E+00  0.00000000E+00  0.00000000E+00  0.00000000E+00  0.10008473E+04  0.16667124E+04  0.12500000E+03  0.22660650E-02  0.69999999E+00  0.99999744E+03
  0.00000000E+00  0.50000000E+00  0.00000000E+00  0.00000000E+00  0.10051354E+04  0.10232252E+05  0.12500000E+03  0.25228239E-02  0.69999999E+00  0.99999713E+03
  0.00000000E+00  0.10000000E+01  0.00000000E+00  0.00000000E+00  0.10139954E+04  0.28639164E+05  0.12500000E+03  0.31758815E-02  0.69999999E+00  0.99999634E+03
  0.00000000E+00  0.15000000E+01  0.00000000E+00  0.00000000E+00  0.10242458E+04  0.51173793E+05  0.12500000E+03  0.11038694E-02  0.69999999E+00  0.99999872E+03
  0.00000000E+00  0.20000000E+01  0.00000000E+00  0.00000000E+00  0.10180468E+04  0.37383391E+05  0.12500000E+03 -0.12513271E-02  0.69999999E+00  0.10000015E+04
  0.00000000E+00  0.25000000E+01  0.00000000E+00  0.00000000E+00  0.10030736E+04  0.60862402E+04  0.12500000E+03  0.33517432E-03  0.69999999E+00  0.99999963E+03
  0.00000000E+00  0.30000000E+01  0.00000000E+00  0.00000000E+00  0.10000000E+04  0.00000000E+00  0.12500000E+03  0.60528782E-05  0.69999999E+00  0.10000000E+04
  0.00000000E+00  0.35000000E+01  0.00000000E+00  0.00000000E+00  0.10000000E+04  0.00000000E+00  0.12500000E+03  0.00000000E+00  0.69999999E+00  0.10000000E+04
  0.00000000E+00  0.40000000E+01  0.00000000E+00  0.00000000E+00  0.10000000E+04  0.00000000E+00  0.12500000E+03  0.00000000E+00  0.69999999E+00  0.10000000E+04
 -0.25000000E+00 -0.25000000E+00  0.00000000E+00  0.00000000E+00  0.10006414E+04  0.12607445E+04  0.12500000E+03  0.52005530E-03  0.69999999E+00  0.99999939E+03
 -0.25000000E+00  0.25000000E+00  0.00000000E+00  0.00000000E+00  0.10007123E+04  0.14004742E+04  0.12500000E+03  0.97426440E-03  0.69999999E+00  0.99999890E+03
 -0.25000000E+00  0.75000000E+00  0.00000000E+00  0.00000000E+00  0.10046104E+04  0.91714805E+04  0.12500000E+03  0.27548976E-03  0.69999999E+00  0.99999969E+03
 -0.25000000E+00  0.12500000E+01  0.00000000E+00  0.00000000E+00  0.10012688E+04  0.24987715E+04  0.12500000E+03  0.10111902E-02  0.69999999E+00  0.99999884E+03
 -0.25000000E+00  0.17500000E+01  0.00000000E+00  0.00000000E+00  0.10011798E+04  0.23230049E+04  0.12500000E+03 -0.28673047E-03  0.69999999E+00  0.10000003E+04
 -0.25000000E+00  0.22500000E+01  0.00000000E+00  0.00000000E+00  0.10012462E+04  0.24542319E+04  0.12500000E+03 -0.15003496E-03  0.69999999E+00  0.10000002E+04
 -0.25000000E+00  0.27500000E+01  0.00000000E+00  0.00000000E+00  0.10000000E+04  0.00000000E+00  0.12500000E+03  0.59415055E-42  0.69999999E+00  0.10000000E+04
 -0.25000000E+00  0.32500000E+01  0.00000000E+00  0.00000000E+00  0.10000000E+04  0.00000000E+00  0.12500000E+03  0.00000000E+00  0.69999999E+00  0.10000000E+04
 -0.25000000E+00  0.37500000E+01  0.00000000E+00  0.00000000E+00  0.10000000E+04  0.00000000E+00  0.12500000E+03  0.00000000E+00  0.69999999E+00  0.10000000E+04
  0.80000000E+01  0.00000000E+00  0.00000000E+00  0.00000000E+00  0.10000000E+04  0.00000000E+00  0.12500000E+03  0.00000000E+00  0.69999999E+00  0.10000000E+04
  0.80000000E+01  0.50000000E+00  0.00000000E+00  0.00000000E+00  0.10000000E+04  0.00000000E+00  0.12500000E+03  0.00000000E+00  0.69999999E+00  0.10000000E+04
  0.80000000E+01  0.10000000E+01  0.00000000E+00  0.00000000E+00  0.10000000E+04  0.00000000E+00  0.12500000E+03  0.00000000E+00  0.69999999E+00  0.10000000E+04
  0.80000000E+01  0.15000000E+01  0.00000000E+00  0.00000000E+00  0.10000000E+04  0.00000000E+00  0.12500000E+03  0.00000000E+00  0.69999999E+00  0.10000000E+04
  0.80000000E+01  0.20000000E+01  0.00000000E+00  0.00000000E+00  0.10000000E+04  0.00000000E+00  0.12500000E+03  0.00000000E+00  0.69999999E+00  0.10000000E+04
  0.80000000E+01  0.25000000E+01  0.00000000E+00  0.00000000E+00  0.10000000E+04  0.00000000E+00  0.12500000E+03  0.00000000E+00  0.69999999E+00  0.10000000E+04
  0.80000000E+01  0.30000000E+01  0.00000000E+00  0.00000000E+00  0.10000000E+04  0.00000000E+00  0.12500000E+03  0.00000000E+00  0.69999999E+00  0.10000000E+04
  0.80000000E+01  0.35000000E+01  0.00000000E+00  0.00000000E+00  0.10000000E+04  0.00000000E+00  0.12500000E+03  0.00000000E+00  0.69999999E+00  0.10000000E+04
  0.80000000E+01  0.40000000E+01  0.00000000E+00  0.00000000E+00  0.10000000E+04  0.00000000E+00  0.12500000E+03  0.00000000E+00  0.69999999E+00  0.10000000E+04
  0.82500000E+01 -0.25000000E+00  0.00000000E+00  0.00000000E+00  0.10000000E+04  0.00000000E+00  0.12500000E+03  0.00000000E+00  0.69999999E+00  0.10000000E+04
  0.82500000E+01  0.25000000E+00  0.00000000E+00  0.00000000E+00  0.10000000E+04  0.00000000E+00  0.12500000E+03  0.00000000E+00  0.69999999E+00  0.10000000E+04
  0.82500000E+01  0.75000000E+00  0.00000000E+00  0.00000000E+00  0.10000000E+04  0.00000000E+00  0.12500000E+03  0.00000000E+00  0.69999999E+00  0.10000000E+04
  0.82500000E+01  0.12500000E+01  0.00000000E+00  0.00000000E+00  0.10000000E+04  0.00000000E+00  0.12500000E+03  0.00000000E+00  0.69999999E+00  0.10000000E+04
  0.82500000E+01  0.17500000E+01  0.00000000E+00  0.00000000E+00  0.10000000E+04  0.00000000E+00  0.12500000E+03  0.00000000E+00  0.69999999E+00  0.10000000E+04
  0.82500000E+01  0.22500000E+01  0.00000000E+00  0.00000000E+00  0.10000000E+04  0.00000000E+00  0.12500000E+03  0.00000000E+00  0.69999999E+00  0.10000000E+04
  0.82500000E+01  0.27500000E+01  0.00000000E+00  0.00000000E+00  0.10000000E+04  0.00000000E+00  0.12500000E+03  0.00000000E+00  0.69999999E+00  0.10000000E+04
  0.82500000E+01  0.32500000E+01  0.00000000E+00  0.00000000E+00  0.10000000E+04  0.00000000E+00  0.12500000E+03  0.00000000E+00  0.69999999E+00  0.10000000E+04
  0.82500000E+01  0.37500000E+01  0.00000000E+00  0.00000000E+00  0.10000000E+04  0.00000000E+00  0.12500000E+03  0.00000000E+00  0.69999999E+00  0.10000000E+04
  0.50000000E+00  0.00000000E+00  0.00000000E+00  0.00000000E+00  0.10295831E+04  0.63454855E+05  0.12500000E+03  0.11180267E-01  0.69999999E+00  0.99998682E+03
  0.10000000E+01  0.00000000E+00  0.00000000E+00  0.00000000E+00  0.10371008E+04  0.81413633E+05  0.12500000E+03  0.60486333E-02  0.69999999E+00  0.99999286E+03
  0.15000000E+01  0.00000000E+00  0.00000000E+00  0.00000000E+00  0.10250823E+04  0.53073066E+05  0.12500000E+03  0.19949459E-01  0.69999999E+00  0.99997662E+03
  0.20000000E+01  0.00000000E+00  0.00000000E+00  0.00000000E+00  0.11462224E+04  0.44830406E+06  0.12500000E+03  0.22822419E-01  0.69999999E+00  0.99997009E+03
  0.25000000E+01  0.00000000E+00  0.00000000E+00  0.00000000E+00  0.10476293E+04  0.10791312E+06  0.12500000E+03  0.57899482E-02  0.69999999E+00  0.99999304E+03
  0.30000000E+01  0.00000000E+00  0.00000000E+00  0.00000000E+00  0.10406318E+04  0.90122734E+05  0.12500000E+03  0.74804844E-02  0.69999999E+00  0.99999109E+03
  0.35000000E+01  0.00000000E+00  0.00000000E+00  0.00000000E+00  0.10058715E+04  0.11724625E+05  0.12500000E+03  0.29422606E-02  0.69999999E+00  0.99999664E+03
  0.40000000E+01  0.00000000E+00  0.00000000E+00  0.00000000E+00  0.10000137E+04  0.26898298E+02  0.12500000E+03 -0.68247195E-04  0.69999999E+00  0.10000001E+04
  0.45000000E+01  0.00000000E+00  0.00000000E+00  0.00000000E+00  0.10000000E+04  0.00000000E+00  0.12500000E+03  0.22417973E-40  0.69999999E+00  0.10000000E+04
  0.50000000E+01  0.00000000E+00  0.00000000E+00  0.00000000E+00  0.10000000E+04  0.00000000E+00  0.12500000E+03 -0.00000000E+00  0.69999999E+00  0.10000000E+04
  0.55000000E+01  0.00000000E+00  0.00000000E+00  0.00000000E+00  0.10000000E+04  0.00000000E+00  0.12500000E+03  0.00000000E+00  0.69999999E+00  0.10000000E+04
  0.60000000E+01  0.00000000E+00  0.00000000E+00  0.00000000E+00  0.10000000E+04  0.00000000E+00  0.12500000E+03  0.00000000E+00  0.69999999E+00  0.10000000E+04
  0.65000000E+01  0.00000000E+00  0.00000000E+00  0.00000000E+00  0.10000000E+04  0.00000000E+00  0.12500000E+03  0.00000000E+00  0.69999999E+00  0.10000000E+04
  0.70000000E+01  0.00000000E+00  0.00000000E+00  0.00000000E+00  0.10000000E+04  0.00000000E+00  0.12500000E+03  0.00000000E+00  0.69999999E+00  0.10000000E+04
  0.75000000E+01  0.00000000E+00  0.00000000E+00  0.00000000E+00  0.10000000E+04  0.00000000E+00  0.12500000E+03  0.00000000E+00  0.69999999E+00  0.10000000E+04
  0.25000000E+00 -0.25000000E+00  0.00000000E+00  0.00000000E+00  0.10055128E+04  0.10996716E+05  0.12500000E+03  0.31053396E-02  0.69999999E+00  0.99999646E+03
  0.75000000E+00 -0.25000000E+00  0.00000000E+00  0.00000000E+00  0.10247556E+04  0.52330227E+05  0.12500000E+03  0.81095211E-02  0.69999999E+00  0.99999048E+03
  0.12500000E+01 -0.25000000E+00  0.00000000E+00  0.00000000E+00  0.10091091E+04  0.18368014E+05  0.12500000E+03  0.65636598E-02  0.69999999E+00  0.99999243E+03
  0.17500000E+01 -0.25000000E+00  0.00000000E+00  0.00000000E+00  0.10150555E+04  0.30907125E+05  0.12500000E+03  0.99492073E-02  0.69999999E+00  0.99998846E+03
  0.22500000E+01 -0.25000000E+00  0.00000000E+00  0.00000000E+00  0.10018258E+04  0.36019194E+04  0.12500000E+03  0.96870102E-02  0.69999999E+00  0.99998889E+03
  0.27500000E+01 -0.25000000E+00  0.00000000E+00  0.00000000E+00  0.10041381E+04  0.82204658E+04  0.12500000E+03  0.38376718E-02  0.69999999E+00  0.99999561E+03
  0.32500000E+01 -0.25000000E+00  0.00000000E+00  0.00000000E+00  0.10008608E+04  0.16932776E+04  0.12500000E+03  0.26740399E-02  0.69999999E+00  0.99999695E+03
  0.37500000E+01 -0.25000000E+00  0.00000000E+00  0.00000000E+00  0.10000070E+04  0.13565822E+02  0.12500000E+03 -0.15635355E-03  0.69999999E+00  0.10000002E+04
  0.42500000E+01 -0.25000000E+00  0.00000000E+00  0.00000000E+00  0.10000000E+04  0.00000000E+00  0.12500000E+03 -0.91545170E-37  0.69999999E+00  0.10000000E+04
  0.47500000E+01 -0.25000000E+00  0.00000000E+00  0.00000000E+00  0.10000000E+04  0.00000000E+00  0.12500000E+03 -0.35105329E-40  0.69999999E+00  0.10000000E+04
  0.52500000E+01 -0.25000000E+00  0.00000000E+00  0.00000000E+00  0.10000000E+04  0.00000000E+00  0.12500000E+03  0.00000000E+00  0.69999999E+00  0.10000000E+04
  0.57500000E+01 -0.25000000E+00  0.00000000E+00  0.00000000E+00  0.10000000E+04  0.00000000E+00  0.12500000E+03  0.00000000E+00  0.69999999E+00  0.10000000E+04
  0.62500000E+01 -0.25000000E+00  0.00000000E+00  0.00000000E+00  0.10000000E+04  0.00000000E+00  0.12500000E+03  0.00000000E+00  0.69999999E+00  0.10000000E+04
  0.67500000E+01 -0.25000000E+00  0.00000000E+00  0.00000000E+00  0.10000000E+04  0.00000000E+00  0.12500000E+03  0.00000000E+00  0.69999999E+00  0.10000000E+04
  0.72500000E+01 -0.25000000E+00  0.00000000E+00  0.00000000E+00  0.10000000E+04  0.00000000E+00  0.12500000E+03  0.00000000E+00  0.69999999E+00  0.10000000E+04
  0.77500000E+01 -0.25000000E+00  0.00000000E+00  0.00000000E+00  0.10000000E+04  0.00000000E+00  0.12500000E+03  0.00000000E+00  0.69999999E+00  0.10000000E+04
  0.40000000E+01  0.50000000E+00  0.00000000E+00  0.00000000E+00  0.10014027E+04  0.27637764E+04  0.12500000E+03 -0.25887298E-03  0.69999999E+00  0.10000003E+04
  0.37500000E+01  0.25000000E+00  0.00000000E+00  0.00000000E+00  0.10057429E+04  0.11463580E+05  0.12500000E+03 -0.12872939E-02  0.69999999E+00  0.10000015E+04
  0.40000000E+01  0.10000000E+01  0.00000000E+00  0.00000000E+00  0.10037460E+04  0.74325918E+04  0.12500000E+03 -0.10874688E-03  0.69999999E+00  0.10000001E+04
  0.37500000E+01  0.75000000E+00  0.00000000E+00  0.00000000E+00  0.10464531E+04  0.10487271E+06  0.12500000E+03  0.85680501E-03  0.69999999E+00  0.99999896E+03
  0.40000000E+01  0.15000000E+01  0.00000000E+00  0.00000000E+00  0.10006085E+04  0.11961836E+04  0.12500000E+03  0.27833175E-03  0.69999999E+00  0.99999969E+03
  0.37500000E+01  0.12500000E+01  0.00000000E+00  0.00000000E+00  0.10373031E+04  0.81907797E+05  0.12500000E+03  0.67759136E-03  0.69999999E+00  0.99999921E+03
  0.40000000E+01  0.20000000E+01  0.00000000E+00  0.00000000E+00  0.10010686E+04  0.21033108E+04  0.12500000E+03  0.26871747E-03  0.69999999E+00  0.99999969E+03
  0.37500000E+01  0.17500000E+01  0.00000000E+00  0.00000000E+00  0.10238754E+04  0.50335406E+05  0.12500000E+03  0.14613627E-02  0.69999999E+00  0.99999829E+03
  0.45000000E+01  0.50000000E+00  0.00000000E+00  0.00000000E+00  0.10000000E+04  0.00000000E+00  0.12500000E+03  0.10382220E-39  0.69999999E+00  0.10000000E+04
  0.42500000E+01  0.25000000E+00  0.00000000E+00  0.00000000E+00  0.10000018E+04  0.35083482E+01  0.12500000E+03 -0.74084828E-05  0.69999999E+00  0.10000000E+04
  0.45000000E+01  0.10000000E+01  0.00000000E+00  0.00000000E+00  0.10000000E+04  0.00000000E+00  0.12500000E+03  0.00000000E+00  0.69999999E+00  0.10000000E+04
  0.42500000E+01  0.75000000E+00  0.00000000E+00  0.00000000E+00  0.10000944E+04  0.18529227E+03  0.12500000E+03 -0.10442676E-04  0.69999999E+00  0.10000000E+04
  0.45000000E+01  0.15000000E+01  0.00000000E+00  0.00000000E+00  0.10000000E+04  0.00000000E+00  0.12500000E+03  0.00000000E+00  0.69999999E+00  0.10000000E+04
  0.42500000E+01  0.12500000E+01  0.00000000E+00  0.00000000E+00  0.10000066E+04  0.12864128E+02  0.12500000E+03  0.34267537E-05  0.69999999E+00  0.10000000E+04
  0.45000000E+01  0.20000000E+01  0.00000000E+00  0.00000000E+00  0.10000000E+04  0.00000000E+00  0.12500000E+03  0.00000000E+00  0.69999999E+00  0.10000000E+04
  0.42500000E+01  0.17500000E+01  0.00000000E+00  0.00000000E+00  0.10000031E+04  0.60811610E+01  0.12500000E+03 -0.35628464E-05  0.69999999E+00  0.10000000E+04
  0.50000000E+01  0.50000000E+00  0.00000000E+00  0.00000000E+00  0.10000000E+04  0.00000000E+00  0.12500000E+03  0.00000000E+00  0.69999999E+00  0.10000000E+04
  0.47500000E+01  0.25000000E+00  0.00000000E+00  0.00000000E+00  0.10000000E+04  0.00000000E+00  0.12500000E+03  0.34651308E-40  0.69999999E+00  0.10000000E+04
  0.50000000E+01  0.10000000E+01  0.00000000E+00  0.00000000E+00  0.10000000E+04  0.00000000E+00  0.12500000E+03  0.00000000E+00  0.69999999E+00  0.10000000E+04
  0.47500000E+01  0.75000000E+00  0.00000000E+00  0.00000000E+00  0.10000000E+04  0.00000000E+00  0.12500000E+03  0.00000000E+00  0.69999999E+00  0.10000000E+04
  0.50000000E+01  0.15000000E+01  0.00000000E+00  0.00000000E+00  0.10000000E+04  0.00000000E+00  0.12500000E+03 -0.00000000E+00  0.69999999E+00  0.10000000E+04
  0.47500000E+01  0.12500000E+01  0.00000000E+00  0.00000000E+00  0.10000000E+04  0.00000000E+00  0.12500000E+03 -0.00000000E+00  0.69999999E+00  0.10000000E+04
  0.50000000E+01  0.20000000E+01  0.00000000E+00  0.00000000E+00  0.10000000E+04  0.00000000E+00  0.12500000E+03  0.00000000E+00  0.69999999E+00  0.10000000E+04
  0.47500000E+01  0.17500000E+01  0.00000000E+00  0.00000000E+00  0.10000000E+04  0.00000000E+00  0.12500000E+03  0.00000000E+00  0.69999999E+00  0.10000000E+04
  0.25942795E+01  0.85570264E+00 -0.10143367E+01  0.45551643E-01  0.10128052E+04  0.26109863E+05  0.12576698E+03  0.12576674E+03  0.10000000E+01  0.00000000E+00
  0.14103020E+01  0.92154121E+00 -0.12791049E+01 -0.75791365E+00  0.10077687E+04  0.15601919E+05  0.12561582E+03  0.12561256E+03  0.10000000E+01  0.00000000E+00
  0.17390075E+01  0.10447260E+01 -0.35983868E-01 -0.85161388E+00  0.99256696E+03 -0.14262453E+05  0.12546356E+03  0.12546333E+03  0.10000000E+01  0.00000000E+00
  0.21301622E+01  0.20278983E+01 -0.65473735E+00 -0.25477934E+00  0.99587579E+03 -0.79922969E+04  0.12531018E+03  0.12531027E+03  0.10000000E+01  0.00000000E+00
  0.25914469E+01  0.18363565E+01  0.35115607E-01 -0.14744874E+01  0.99731116E+03 -0.52331108E+04  0.12515567E+03  0.12515567E+03  0.10000000E+01  0.00000000E+00
  0.28151984E+01  0.15013838E+01  0.43785594E-01 -0.44928771E+00  0.10026194E+04  0.51797964E+04  0.12500000E+03  0.12500000E+03  0.10000000E+01  0.00000000E+00
  0.27168097E+01  0.91704714E+00 -0.42243242E+00 -0.77194476E+00  0.10041616E+04  0.82677012E+04  0.12576698E+03  0.12575494E+03  0.10000000E+01  0.00000000E+00
  0.11862525E+01  0.96971583E+00 -0.12773316E+00 -0.34921280E+00  0.10048444E+04  0.96440225E+04  0.12561582E+03  0.12560624E+03  0.10000000E+01  0.00000000E+00
  0.98859954E+00  0.11578817E+01 -0.17119457E+00 -0.74895078E+00  0.10038295E+04  0.76003091E+04  0.12546356E+03  0.12546037E+03  0.10000000E+01  0.00000000E+00
  0.24881089E+01  0.14138318E+01  0.18305813E+00 -0.31652433E+00  0.10094877E+04  0.19153016E+05  0.12531018E+03  0.12531038E+03  0.10000000E+01  0.00000000E+00
  0.12970062E+01  0.87123013E+00  0.31912512E+00 -0.45269173E+00  0.10054854E+04  0.10940880E+05  0.12515567E+03  0.12515567E+03  0.10000000E+01  0.00000000E+00
  0.77028441E+00  0.86568284E+00 -0.28846169E+00 -0.15052286E+00  0.10042627E+04  0.84711045E+04  0.12500000E+03  0.12500000E+03  0.10000000E+01  0.00000000E+00
  0.20220616E+01  0.10992941E+01 -0.96950948E-01  0.47241755E-01  0.99944519E+03 -0.10867076E+04  0.12576698E+03  0.12575644E+03  0.10000000E+01  0.00000000E+00
  0.27570240E+01  0.95090485E+00 -0.39554775E-01 -0.30248368E+00  0.10077034E+04  0.15467928E+05  0.12561582E+03  0.12561089E+03  0.10000000E+01  0.00000000E+00
  0.29034305E+01  0.11092411E+01 -0.17313004E+00  0.37000608E+00  0.10165283E+04  0.34081672E+05  0.12546356E+03  0.12546005E+03  0.10000000E+01  0.00000000E+00
  0.22993777E+01  0.15547112E+01 -0.37352297E+00  0.60819477E+00  0.10001304E+04  0.25597429E+03  0.12531018E+03  0.12531018E+03  0.10000000E+01  0.00000000E+00
  0.29359689E+01  0.79598367E+00  0.32593369E+00  0.74526763E+00  0.10127469E+04  0.25986439E+05  0.12515567E+03  0.12515553E+03  0.10000000E+01  0.00000000E+00
  0.19607859E+01  0.14782844E+01 -0.56882930E+00  0.24861987E+00  0.10028125E+04  0.55649126E+04  0.12500000E+03  0.12499989E+03  0.10000000E+01  0.00000000E+00
  0.84168375E+00  0.11730586E+01  0.13140845E+00 -0.14516228E+00  0.10060169E+04  0.12020299E+05  0.12576698E+03  0.12576566E+03  0.10000000E+01  0.00000000E+00
  0.26303525E+01  0.90187562E+00  0.64136952E+00 -0.70227611E+00  0.10033492E+04  0.66374941E+04  0.12561582E+03  0.12561221E+03  0.10000000E+01  0.00000000E+00
  0.22384424E+01  0.17926667E+01 -0.18234413E+01 -0.10427754E+01  0.99496777E+03 -0.97254473E+04  0.12546356E+03  0.12546202E+03  0.10000000E+01  0.00000000E+00
  0.21706479E+01  0.95829082E+00  0.48876935E+00 -0.36940798E+00  0.10116147E+04  0.23597580E+05  0.12531018E+03  0.12530890E+03  0.10000000E+01  0.00000000E+00
  0.97677398E+00  0.15274923E+01  0.57290977E+00 -0.93704242E+00  0.10010406E+04  0.20482336E+04  0.12515567E+03  0.12515567E+03  0.10000000E+01  0.00000000E+00
  0.17804608E+01  0.89730668E+00 -0.36683062E+00  0.38362944E+00  0.10151109E+04  0.31025850E+05  0.12500000E+03  0.12500012E+03  0.10000000E+01  0.00000000E+00
  0.98252881E+00  0.13620236E+01 -0.94191527E+00 -0.86741519E+00  0.10008795E+04  0.17301902E+04  0.12561582E+03  0.12561399E+03  0.10000000E+01  0.00000000E+00
  0.21757007E+01  0.21754251E+01 -0.13393843E+01 -0.80565387E+00  0.99730469E+03 -0.52456533E+04  0.12531018E+03  0.12531004E+03  0.10000000E+01  0.00000000E+00
  0.27537572E+01  0.20741911E+01 -0.13715842E+01 -0.38653666E+00  0.99587933E+03 -0.79854521E+04  0.12500000E+03  0.12500000E+03  0.10000000E+01  0.00000000E+00
