  0.00000000E+00  0.00000000E+00  0.00000000E+00  0.00000000E+00  0.10083027E+04  0.16701285E+05  0.12500000E+03  0.14377963E-02  0.69999999E+00  0.99999835E+03
  0.00000000E+00  0.50000000E+00  0.00000000E+00  0.00000000E+00  0.98702734E+03 -0.24482934E+05  0.12500000E+03  0.78469660E-03  0.69999999E+00  0.99999915E+03
  0.00000000E+00  0.10000000E+01  0.00000000E+00  0.00000000E+00  0.99620508E+03 -0.73613784E+04  0.12500000E+03  0.16859737E-02  0.69999999E+00  0.99999811E+03
  0.00000000E+00  0.15000000E+01  0.00000000E+00  0.00000000E+00  0.10292983E+04  0.62789836E+05  0.12500000E+03  0.58939937E-03  0.69999999E+00  0.99999933E+03
  0.00000000E+00  0.20000000E+01  0.00000000E+00  0.00000000E+00  0.10059073E+04  0.11797550E+05  0.12500000E+03 -0.31967022E-03  0.69999999E+00  0.10000004E+04
  0.00000000E+00  0.25000000E+01  0.00000000E+00  0.00000000E+00  0.10002466E+04  0.48403955E+03  0.12500000E+03  0.71152863E-04  0.69999999E+00  0.99999994E+03
  0.00000000E+00  0.30000000E+01  0.00000000E+00  0.00000000E+00  0.10000000E+04  0.00000000E+00  0.12500000E+03  0.00000000E+00  0.69999999E+00  0.10000000E+04
  0.00000000E+00  0.35000000E+01  0.00000000E+00  0.00000000E+00  0.10000000E+04  0.00000000E+00  0.12500000E+03  0.00000000E+00  0.69999999E+00  0.10000000E+04
  0.00000000E+00  0.40000000E+01  0.00000000E+00  0.00000000E+00  0.10000000E+04  0.00000000E+00  0.12500000E+03  0.00000000E+00  0.69999999E+00  0.10000000E+04
 -0.25000000E+00 -0.25000000E+00  0.00000000E+00  0.00000000E+00  0.10017863E+04  0.35234233E+04  0.12500000E+03  0.48140259E-03  0.69999999E+00  0.99999945E+03
 -0.25000000E+00  0.25000000E+00  0.00000000E+00  0.00000000E+00  0.10007627E+04  0.14998478E+04  0.12500000E+03  0.57084690E-03  0.69999999E+00  0.99999933E+03
 -0.25000000E+00  0.75000000E+00  0.00000000E+00  0.00000000E+00  0.10003539E+04  0.69515308E+03  0.12500000E+03 -0.77066783E-04  0.69999999E+00  0.10000001E+04
 -0.25000000E+00  0.12500000E+01  0.00000000E+00  0.00000000E+00  0.10070051E+04  0.14036228E+05  0.12500000E+03  0.53963874E-03  0.69999999E+00  0.99999939E+03
 -0.25000000E+00  0.17500000E+01  0.00000000E+00  0.00000000E+00  0.10001616E+04  0.31730682E+03  0.12500000E+03 -0.10675416E-03  0.69999999E+00  0.10000001E+04
 -0.25000000E+00  0.22500000E+01  0.00000000E+00  0.00000000E+00  0.10004730E+04  0.92938812E+03  0.12500000E+03 -0.62706749E-04  0.69999999E+00  0.10000001E+04
 -0.25000000E+00  0.27500000E+01  0.00000000E+00  0.00000000E+00  0.10000000E+04  0.00000000E+00  0.12500000E+03  0.00000000E+00  0.69999999E+00  0.10000000E+04
 -0.25000000E+00  0.32500000E+01  0.00000000E+00  0.00000000E+00  0.10000000E+04  0.00000000E+00  0.12500000E+03  0.00000000E+00  0.69999999E+00  0.10000000E+04
 -0.25000000E+00  0.37500000E+01  0.00000000E+00  0.00000000E+00  0.10000000E+04  0.00000000E+00  0.12500000E+03  0.00000000E+00  0.69999999E+00  0.10000000E+04
  0.80000000E+01  0.00000000E+00  0.00000000E+00  0.00000000E+00  0.10000000E+04  0.00000000E+00  0.12500000E+03  0.00000000E+00  0.69999999E+00  0.10000000E+04
  0.80000000E+01  0.50000000E+00  0.00000000E+00  0.00000000E+00  0.10000000E+04  0.00000000E+00  0.12500000E+03  0.00000000E+00  0.69999999E+00  0.10000000E+04
  0.80000000E+01  0.10000000E+01  0.00000000E+00  0.00000000E+00  0.10000000E+04  0.00000000E+00  0.12500000E+03  0.00000000E+00  0.69999999E+00  0.10000000E+04
  0.80000000E+01  0.15000000E+01  0.00000000E+00  0.00000000E+00  0.10000000E+04  0.00000000E+00  0.12500000E+03  0.00000000E+00  0.69999999E+00  0.10000000E+04
  0.80000000E+01  0.20000000E+01  0.00000000E+00  0.00000000E+00  0.10000000E+04  0.00000000E+00  0.12500000E+03  0.00000000E+00  0.69999999E+00  0.10000000E+04
  0.80000000E+01  0.25000000E+01  0.00000000E+00  0.00000000E+00  0.10000000E+04  0.00000000E+00  0.12500000E+03  0.00000000E+00  0.69999999E+00  0.10000000E+04
  0.80000000E+01  0.30000000E+01  0.00000000E+00  0.00000000E+00  0.10000000E+04  0.00000000E+00  0.12500000E+03  0.00000000E+00  0.69999999E+00  0.10000000E+04
  0.80000000E+01  0.35000000E+01  0.00000000E+00  0.00000000E+00  0.10000000E+04  0.00000000E+00  0.12500000E+03  0.00000000E+00  0.69999999E+00  0.10000000E+04
  0.80000000E+01  0.40000000E+01  0.00000000E+00  0.00000000E+00  0.10000000E+04  0.00000000E+00  0.12500000E+03  0.00000000E+00  0.69999999E+00  0.10000000E+04
  0.82500000E+01 -0.25000000E+00  0.00000000E+00  0.00000000E+00  0.10000000E+04  0.00000000E+00  0.12500000E+03  0.00000000E+00  0.69999999E+00  0.10000000E+04
  0.82500000E+01  0.25000000E+00  0.00000000E+00  0.00000000E+00  0.10000000E+04  0.00000000E+00  0.12500000E+03  0.00000000E+00  0.69999999E+00  0.10000000E+04
  0.82500000E+01  0.75000000E+00  0.00000000E+00  0.00000000E+00  0.10000000E+04  0.00000000E+00  0.12500000E+03  0.00000000E+00  0.69999999E+00  0.10000000E+04
  0.82500000E+01  0.12500000E+01  0.00000000E+00  0.00000000E+00  0.10000000E+04  0.00000000E+00  0.12500000E+03  0.00000000E+00  0.69999999E+00  0.10000000E+04
  0.82500000E+01  0.17500000E+01  0.00000000E+00  0.00000000E+00  0.10000000E+04  0.00000000E+00  0.12500000E+03  0.00000000E+00  0.69999999E+00  0.10000000E+04
  0.82500000E+01  0.22500000E+01  0.00000000E+00  0.00000000E+00  0.10000000E+04  0.00000000E+00  0.12500000E+03  0.00000000E+00  0.69999999E+00  0.10000000E+04
  0.82500000E+01  0.27500000E+01  0.00000000E+00  0.00000000E+00  0.10000000E+04  0.00000000E+00  0.12500000E+03  0.00000000E+00  0.69999999E+00  0.10000000E+04
  0.82500000E+01  0.32500000E+01  0.00000000E+00  0.00000000E+00  0.10000000E+04  0.00000000E+00  0.12500000E+03  0.00000000E+00  0.69999999E+00  0.10000000E+04
  0.82500000E+01  0.37500000E+01  0.00000000E+00  0.00000000E+00  0.10000000E+04  0.00000000E+00  0.12500000E+03  0.00000000E+00  0.69999999E+00  0.10000000E+04
  0.50000000E+00  0.00000000E+00  0.00000000E+00  0.00000000E+00  0.10068837E+04  0.13787791E+05  0.12500000E+03  0.68649747E-02  0.69999999E+00  0.99999213E+03
  0.10000000E+01  0.00000000E+00  0.00000000E+00  0.00000000E+00  0.10100085E+04  0.20236365E+05  0.12500000E+03  0.23922874E-02  0.69999999E+00  0.99999725E+03
  0.15000000E+01  0.00000000E+00  0.00000000E+00  0.00000000E+00  0.10227137E+04  0.47718723E+05  0.12500000E+03  0.10972883E-01  0.69999999E+00  0.99998718E+03
  0.20000000E+01  0.00000000E+00  0.00000000E+00  0.00000000E+00  0.10077889E+04  0.15643572E+05  0.12500000E+03  0.11740956E-01  0.69999999E+00  0.99998645E+03
  0.25000000E+01  0.00000000E+00  0.00000000E+00  0.00000000E+00  0.10114302E+04  0.23209758E+05  0.12500000E+03  0.63279679E-03  0.69999999E+00  0.99999927E+03
  0.30000000E+01  0.00000000E+00  0.00000000E+00  0.00000000E+00  0.10131099E+04  0.26755691E+05  0.12500000E+03  0.19604971E-02  0.69999999E+00  0.99999774E+03
  0.35000000E+01  0.00000000E+00  0.00000000E+00  0.00000000E+00  0.10009314E+04  0.18324857E+04  0.12500000E+03  0.73955598E-03  0.69999999E+00  0.99999915E+03
  0.40000000E+01  0.00000000E+00  0.00000000E+00  0.00000000E+00  0.10000134E+04  0.26430483E+02  0.12500000E+03 -0.27363869E-04  0.69999999E+00  0.10000001E+04
  0.45000000E+01  0.00000000E+00  0.00000000E+00  0.00000000E+00  0.10000000E+04  0.00000000E+00  0.12500000E+03  0.00000000E+00  0.69999999E+00  0.10000000E+04
  0.50000000E+01  0.00000000E+00  0.00000000E+00  0.00000000E+00  0.10000000E+04  0.00000000E+00  0.12500000E+03  0.00000000E+00  0.69999999E+00  0.10000000E+04
  0.55000000E+01  0.00000000E+00  0.00000000E+00  0.00000000E+00  0.10000000E+04  0.00000000E+00  0.12500000E+03  0.00000000E+00  0.69999999E+00  0.10000000E+04
  0.60000000E+01  0.00000000E+00  0.00000000E+00  0.00000000E+00  0.10000000E+04  0.00000000E+00  0.12500000E+03  0.00000000E+00  0.69999999E+00  0.10000000E+04
  0.65000000E+01  0.00000000E+00  0.00000000E+00  0.00000000E+00  0.10000000E+04  0.00000000E+00  0.12500000E+03  0.00000000E+00  0.69999999E+00  0.10000000E+04
  0.70000000E+01  0.00000000E+00  0.00000000E+00  0.00000000E+00  0.10000000E+04  0.00000000E+00  0.12500000E+03  0.00000000E+00  0.69999999E+00  0.10000000E+04
  0.75000000E+01  0.00000000E+00  0.00000000E+00  0.00000000E+00  0.10000000E+04  0.00000000E+00  0.12500000E+03  0.00000000E+00  0.69999999E+00  0.10000000E+04
  0.25000000E+00 -0.25000000E+00  0.00000000E+00  0.00000000E+00  0.10097488E+04  0.19695758E+05  0.12500000E+03  0.21967250E-02  0.69999999E+00  0.99999744E+03
  0.75000000E+00 -0.25000000E+00  0.00000000E+00  0.00000000E+00  0.10208739E+04  0.43610359E+05  0.12500000E+03  0.50469250E-02  0.69999999E+00  0.99999414E+03
  0.12500000E+01 -0.25000000E+00  0.00000000E+00  0.00000000E+00  0.10057092E+04  0.11395082E+05  0.12500000E+03  0.39030798E-02  0.69999999E+00  0.99999554E+03
  0.17500000E+01 -0.25000000E+00  0.00000000E+00  0.00000000E+00  0.10085297E+04  0.17169576E+05  0.12500000E+03  0.57114810E-02  0.69999999E+00  0.99999341E+03
  0.22500000E+01 -0.25000000E+00  0.00000000E+00  0.00000000E+00  0.99950427E+03 -0.97118060E+03  0.12500000E+03  0.49171411E-02  0.69999999E+00  0.99999438E+03
  0.27500000E+01 -0.25000000E+00  0.00000000E+00  0.00000000E+00  0.10083385E+04  0.16775029E+05  0.12500000E+03  0.68818941E-03  0.69999999E+00  0.99999921E+03
  0.32500000E+01 -0.25000000E+00  0.00000000E+00  0.00000000E+00  0.10037029E+04  0.73462534E+04  0.12500000E+03  0.82761986E-03  0.69999999E+00  0.99999902E+03
  0.37500000E+01 -0.25000000E+00  0.00000000E+00  0.00000000E+00  0.10000013E+04  0.25727851E+01  0.12500000E+03 -0.59664068E-04  0.69999999E+00  0.10000001E+04
  0.42500000E+01 -0.25000000E+00  0.00000000E+00  0.00000000E+00  0.10000000E+04  0.00000000E+00  0.12500000E+03 -0.50727004E-42  0.69999999E+00  0.10000000E+04
  0.47500000E+01 -0.25000000E+00  0.00000000E+00  0.00000000E+00  0.10000000E+04  0.00000000E+00  0.12500000E+03  0.00000000E+00  0.69999999E+00  0.10000000E+04
  0.52500000E+01 -0.25000000E+00  0.00000000E+00  0.00000000E+00  0.10000000E+04  0.00000000E+00  0.12500000E+03  0.00000000E+00  0.69999999E+00  0.10000000E+04
  0.57500000E+01 -0.25000000E+00  0.00000000E+00  0.00000000E+00  0.10000000E+04  0.00000000E+00  0.12500000E+03  0.00000000E+00  0.69999999E+00  0.10000000E+04
  0.62500000E+01 -0.25000000E+00  0.00000000E+00  0.00000000E+00  0.10000000E+04  0.00000000E+00  0.12500000E+03  0.00000000E+00  0.69999999E+00  0.10000000E+04
  0.67500000E+01 -0.25000000E+00  0.00000000E+00  0.00000000E+00  0.10000000E+04  0.00000000E+00  0.12500000E+03  0.00000000E+00  0.69999999E+00  0.10000000E+04
  0.72500000E+01 -0.25000000E+00  0.00000000E+00  0.00000000E+00  0.10000000E+04  0.00000000E+00  0.12500000E+03  0.00000000E+00  0.69999999E+00  0.10000000E+04
  0.77500000E+01 -0.25000000E+00  0.00000000E+00  0.00000000E+00  0.10000000E+04  0.00000000E+00  0.12500000E+03  0.00000000E+00  0.69999999E+00  0.10000000E+04
  0.40000000E+01  0.50000000E+00  0.00000000E+00  0.00000000E+00  0.10001036E+04  0.20331239E+03  0.12500000E+03 -0.77471341E-04  0.69999999E+00  0.10000001E+04
  0.37500000E+01  0.25000000E+00  0.00000000E+00  0.00000000E+00  0.10015754E+04  0.31057202E+04  0.12500000E+03 -0.30373497E-03  0.69999999E+00  0.10000004E+04
  0.40000000E+01  0.10000000E+01  0.00000000E+00  0.00000000E+00  0.10006571E+04  0.12917383E+04  0.12500000E+03  0.57158823E-05  0.69999999E+00  0.10000000E+04
  0.37500000E+01  0.75000000E+00  0.00000000E+00  0.00000000E+00  0.10041805E+04  0.83058301E+04  0.12500000E+03  0.20487861E-03  0.69999999E+00  0.99999976E+03
  0.40000000E+01  0.15000000E+01  0.00000000E+00  0.00000000E+00  0.10006775E+04  0.13318936E+04  0.12500000E+03  0.11764216E-03  0.69999999E+00  0.99999988E+03
  0.37500000E+01  0.12500000E+01  0.00000000E+00  0.00000000E+00  0.10183888E+04  0.38131188E+05  0.12500000E+03  0.33286025E-03  0.69999999E+00  0.99999963E+03
  0.40000000E+01  0.20000000E+01  0.00000000E+00  0.00000000E+00  0.10000315E+04  0.61752430E+02  0.12500000E+03  0.20776821E-04  0.69999999E+00  0.10000000E+04
  0.37500000E+01  0.17500000E+01  0.00000000E+00  0.00000000E+00  0.10098534E+04  0.19913240E+05  0.12500000E+03  0.33162622E-03  0.69999999E+00  0.99999963E+03
  0.45000000E+01  0.50000000E+00  0.00000000E+00  0.00000000E+00  0.10000000E+04  0.00000000E+00  0.12500000E+03  0.00000000E+00  0.69999999E+00  0.10000000E+04
  0.42500000E+01  0.25000000E+00  0.00000000E+00  0.00000000E+00  0.10000018E+04  0.35083482E+01  0.12500000E+03 -0.74084828E-05  0.69999999E+00  0.10000000E+04
  0.45000000E+01  0.10000000E+01  0.00000000E+00  0.00000000E+00  0.10000000E+04  0.00000000E+00  0.12500000E+03  0.00000000E+00  0.69999999E+00  0.10000000E+04
  0.42500000E+01  0.75000000E+00  0.00000000E+00  0.00000000E+00  0.10000936E+04  0.18365413E+03  0.12500000E+03 -0.58616174E-05  0.69999999E+00  0.10000000E+04
  0.45000000E+01  0.15000000E+01  0.00000000E+00  0.00000000E+00  0.10000000E+04  0.00000000E+00  0.12500000E+03  0.00000000E+00  0.69999999E+00  0.10000000E+04
  0.42500000E+01  0.12500000E+01  0.00000000E+00  0.00000000E+00  0.10000045E+04  0.88878889E+01  0.12500000E+03  0.12300108E-04  0.69999999E+00  0.10000000E+04
  0.45000000E+01  0.20000000E+01  0.00000000E+00  0.00000000E+00  0.10000000E+04  0.00000000E+00  0.12500000E+03  0.00000000E+00  0.69999999E+00  0.10000000E+04
  0.42500000E+01  0.17500000E+01  0.00000000E+00  0.00000000E+00  0.10000000E+04  0.00000000E+00  0.12500000E+03  0.00000000E+00  0.69999999E+00  0.10000000E+04
  0.50000000E+01  0.50000000E+00  0.00000000E+00  0.00000000E+00  0.10000000E+04  0.00000000E+00  0.12500000E+03  0.00000000E+00  0.69999999E+00  0.10000000E+04
  0.47500000E+01  0.25000000E+00  0.00000000E+00  0.00000000E+00  0.10000000E+04  0.00000000E+00  0.12500000E+03  0.00000000E+00  0.69999999E+00  0.10000000E+04
  0.50000000E+01  0.10000000E+01  0.00000000E+00  0.00000000E+00  0.10000000E+04  0.00000000E+00  0.12500000E+03  0.00000000E+00  0.69999999E+00  0.10000000E+04
  0.47500000E+01  0.75000000E+00  0.00000000E+00  0.00000000E+00  0.10000000E+04  0.00000000E+00  0.12500000E+03  0.00000000E+00  0.69999999E+00  0.10000000E+04
  0.50000000E+01  0.15000000E+01  0.00000000E+00  0.00000000E+00  0.10000000E+04  0.00000000E+00  0.12500000E+03  0.00000000E+00  0.69999999E+00  0.10000000E+04
  0.47500000E+01  0.12500000E+01  0.00000000E+00  0.00000000E+00  0.10000000E+04  0.00000000E+00  0.12500000E+03  0.00000000E+00  0.69999999E+00  0.10000000E+04
  0.50000000E+01  0.20000000E+01  0.00000000E+00  0.00000000E+00  0.10000000E+04  0.00000000E+00  0.12500000E+03  0.00000000E+00  0.69999999E+00  0.10000000E+04
  0.47500000E+01  0.17500000E+01  0.00000000E+00  0.00000000E+00  0.10000000E+04  0.00000000E+00  0.12500000E+03  0.00000000E+00  0.69999999E+00  0.10000000E+04
  0.70480180E+00  0.24712250E+00  0.33809707E+00  0.20654543E+00  0.98924890E+03 -0.20425432E+05  0.12576698E+03  0.12576698E+03  0.10000000E+01  0.00000000E+00
  0.70064211E+00  0.61451495E+00  0.86212420E+00  0.11297593E+00  0.10112903E+04  0.22916166E+05  0.12561582E+03  0.12561256E+03  0.10000000E+01  0.00000000E+00
  0.69117463E+00  0.76740158E+00  0.67358196E+00  0.52766252E+00  0.10088947E+04  0.17924004E+05  0.12546356E+03  0.12546356E+03  0.10000000E+01  0.00000000E+00
  0.86023539E+00  0.10402387E+01 -0.75951412E-01  0.92888510E+00  0.10052518E+04  0.10467734E+05  0.12531018E+03  0.12531018E+03  0.10000000E+01  0.00000000E+00
  0.10460840E+01  0.11075487E+01 -0.84568030E+00  0.65349984E+00  0.10036682E+04  0.72766729E+04  0.12515567E+03  0.12515567E+03  0.10000000E+01  0.00000000E+00
  0.19214709E+01  0.14271510E+01  0.75601709E+00 -0.73195010E-01  0.99958496E+03 -0.81327014E+03  0.12500000E+03  0.12500000E+03  0.10000000E+01  0.00000000E+00
  0.13463702E+01  0.18984145E+00 -0.28981897E+00  0.56811261E+00  0.98755811E+03 -0.23518463E+05  0.12576698E+03  0.12575804E+03  0.10000000E+01  0.00000000E+00
  0.98935068E+00  0.47805142E+00  0.11150138E-02 -0.51035985E-01  0.10090016E+04  0.18145322E+05  0.12561582E+03  0.12560815E+03  0.10000000E+01  0.00000000E+00
  0.13827753E+01  0.53615916E+00 -0.26598698E+00  0.92090927E-01  0.10117513E+04  0.23884963E+05  0.12546356E+03  0.12546147E+03  0.10000000E+01  0.00000000E+00
  0.93556440E+00  0.86152101E+00 -0.92352593E+00  0.37426692E+00  0.10091471E+04  0.18446559E+05  0.12531018E+03  0.12531018E+03  0.10000000E+01  0.00000000E+00
  0.15791299E+01  0.85955334E+00 -0.51024503E+00 -0.57987213E+00  0.10127390E+04  0.25969783E+05  0.12515567E+03  0.12515567E+03  0.10000000E+01  0.00000000E+00
  0.12652751E+01  0.11999545E+01 -0.63373709E+00  0.17542401E+00  0.10024718E+04  0.48857915E+04  0.12500000E+03  0.12500000E+03  0.10000000E+01  0.00000000E+00
  0.19735496E+01  0.31136218E+00 -0.57674438E+00  0.38555840E+00  0.98814203E+03 -0.22453893E+05  0.12576698E+03  0.12575931E+03  0.10000000E+01  0.00000000E+00
  0.19324856E+01  0.54985690E+00  0.72434318E+00  0.21856937E+00  0.10040599E+04  0.80632227E+04  0.12561582E+03  0.12561089E+03  0.10000000E+01  0.00000000E+00
  0.25011744E+01  0.55522358E+00 -0.21898955E+00  0.18181625E+00  0.10085991E+04  0.17312846E+05  0.12546356E+03  0.12546207E+03  0.10000000E+01  0.00000000E+00
  0.20144794E+01  0.80591655E+00  0.74955696E+00  0.60868871E+00  0.10072872E+04  0.14613763E+05  0.12531018E+03  0.12531018E+03  0.10000000E+01  0.00000000E+00
  0.24776697E+01  0.99204814E+00  0.12940948E+01 -0.51145858E+00  0.10008486E+04  0.16690632E+04  0.12515567E+03  0.12515567E+03  0.10000000E+01  0.00000000E+00
  0.20099666E+01  0.14777541E+01  0.30125982E+00 -0.72685552E+00  0.10044925E+04  0.89340156E+04  0.12500000E+03  0.12500000E+03  0.10000000E+01  0.00000000E+00
  0.17808952E+01  0.53960407E+00 -0.12014987E+01 -0.32983071E+00  0.10032574E+04  0.64538013E+04  0.12576698E+03  0.12576698E+03  0.10000000E+01  0.00000000E+00
  0.22432871E+01  0.70640033E+00 -0.88311040E+00  0.96810389E+00  0.10078918E+04  0.15855102E+05  0.12561582E+03  0.12561221E+03  0.10000000E+01  0.00000000E+00
  0.27450056E+01  0.78086340E+00 -0.24971929E+00  0.71627840E-01  0.99711957E+03 -0.56028486E+04  0.12546356E+03  0.12546202E+03  0.10000000E+01  0.00000000E+00
  0.26723876E+01  0.57873058E+00  0.24872188E-01  0.17815197E+00  0.10027769E+04  0.54937993E+04  0.12531018E+03  0.12530983E+03  0.10000000E+01  0.00000000E+00
  0.27798595E+01  0.13431780E+01 -0.33009702E+00  0.54061592E+00  0.10045120E+04  0.89731816E+04  0.12515567E+03  0.12515567E+03  0.10000000E+01  0.00000000E+00
  0.27051778E+01  0.14060814E+01  0.10650665E+01 -0.39569876E+00  0.10094016E+04  0.18974350E+05  0.12500000E+03  0.12500000E+03  0.10000000E+01  0.00000000E+00
  0.19507916E+01  0.13206935E+01 -0.15549622E+01 -0.12529838E+01  0.98845880E+03 -0.21874709E+05  0.12561582E+03  0.12561399E+03  0.10000000E+01  0.00000000E+00
  0.28932838E+01  0.12540189E+01 -0.31972179E+00  0.89336848E+00  0.10059222E+04  0.11827839E+05  0.12531018E+03  0.12531018E+03  0.10000000E+01  0.00000000E+00
  0.21551719E+01  0.18154247E+01 -0.10240128E+01 -0.69670928E+00  0.10034080E+04  0.67553975E+04  0.12500000E+03  0.12500000E+03  0.10000000E+01  0.00000000E+00
