  0.00000000E+00  0.00000000E+00  0.00000000E+00  0.00000000E+00  0.10006763E+04  0.13295452E+04  0.12500000E+03  0.34093886E-03  0.69999999E+00  0.99999963E+03
  0.00000000E+00  0.50000000E+00  0.00000000E+00  0.00000000E+00  0.10077419E+04  0.15547043E+05  0.12500000E+03  0.29673136E-03  0.69999999E+00  0.99999963E+03
  0.00000000E+00  0.10000000E+01  0.00000000E+00  0.00000000E+00  0.99352747E+03 -0.12455157E+05  0.12500000E+03  0.49550802E-03  0.69999999E+00  0.99999945E+03
  0.00000000E+00  0.15000000E+01  0.00000000E+00  0.00000000E+00  0.10148452E+04  0.30456125E+05  0.12500000E+03  0.27107606E-04  0.69999999E+00  0.10000000E+04
  0.00000000E+00  0.20000000E+01  0.00000000E+00  0.00000000E+00  0.99766479E+03 -0.45496719E+04  0.12500000E+03 -0.21521069E-03  0.69999999E+00  0.10000002E+04
  0.00000000E+00  0.25000000E+01  0.00000000E+00  0.00000000E+00  0.10002947E+04  0.57868408E+03  0.12500000E+03  0.56931123E-04  0.69999999E+00  0.99999994E+03
  0.00000000E+00  0.30000000E+01  0.00000000E+00  0.00000000E+00  0.10000000E+04  0.00000000E+00  0.12500000E+03  0.00000000E+00  0.69999999E+00  0.10000000E+04
  0.00000000E+00  0.35000000E+01  0.00000000E+00  0.00000000E+00  0.10000000E+04  0.00000000E+00  0.12500000E+03  0.00000000E+00  0.69999999E+00  0.10000000E+04
  0.00000000E+00  0.40000000E+01  0.00000000E+00  0.00000000E+00  0.10000000E+04  0.00000000E+00  0.12500000E+03  0.00000000E+00  0.69999999E+00  0.10000000E+04
 -0.25000000E+00 -0.25000000E+00  0.00000000E+00  0.00000000E+00  0.99992383E+03 -0.14942068E+03  0.12500000E+03  0.93780785E-04  0.69999999E+00  0.99999988E+03
 -0.25000000E+00  0.25000000E+00  0.00000000E+00  0.00000000E+00  0.99936060E+03 -0.12520580E+04  0.12500000E+03  0.15683152E-03  0.69999999E+00  0.99999982E+03
 -0.25000000E+00  0.75000000E+00  0.00000000E+00  0.00000000E+00  0.10014717E+04  0.29001338E+04  0.12500000E+03  0.67513851E-04  0.69999999E+00  0.99999994E+03
 -0.25000000E+00  0.12500000E+01  0.00000000E+00  0.00000000E+00  0.10019912E+04  0.39300557E+04  0.12500000E+03  0.13202257E-03  0.69999999E+00  0.99999988E+03
 -0.25000000E+00  0.17500000E+01  0.00000000E+00  0.00000000E+00  0.10031748E+04  0.62885635E+04  0.12500000E+03 -0.93204711E-04  0.69999999E+00  0.10000001E+04
 -0.25000000E+00  0.22500000E+01  0.00000000E+00  0.00000000E+00  0.10000673E+04  0.13193980E+03  0.12500000E+03 -0.47287129E-04  0.69999999E+00  0.10000001E+04
 -0.25000000E+00  0.27500000E+01  0.00000000E+00  0.00000000E+00  0.10000000E+04  0.00000000E+00  0.12500000E+03  0.00000000E+00  0.69999999E+00  0.10000000E+04
 -0.25000000E+00  0.32500000E+01  0.00000000E+00  0.00000000E+00  0.10000000E+04  0.00000000E+00  0.12500000E+03  0.00000000E+00  0.69999999E+00  0.10000000E+04
 -0.25000000E+00  0.37500000E+01  0.00000000E+00  0.00000000E+00  0.10000000E+04  0.00000000E+00  0.12500000E+03  0.00000000E+00  0.69999999E+00  0.10000000E+04
  0.80000000E+01  0.00000000E+00  0.00000000E+00  0.00000000E+00  0.10000000E+04  0.00000000E+00  0.12500000E+03  0.00000000E+00  0.69999999E+00  0.10000000E+04
  0.80000000E+01  0.50000000E+00  0.00000000E+00  0.00000000E+00  0.10000000E+04  0.00000000E+00  0.12500000E+03  0.00000000E+00  0.69999999E+00  0.10000000E+04
  0.80000000E+01  0.10000000E+01  0.00000000E+00  0.00000000E+00  0.10000000E+04  0.00000000E+00  0.12500000E+03  0.00000000E+00  0.69999999E+00  0.10000000E+04
  0.80000000E+01  0.15000000E+01  0.00000000E+00  0.00000000E+00  0.10000000E+04  0.00000000E+00  0.12500000E+03  0.00000000E+00  0.69999999E+00  0.10000000E+04
  0.80000000E+01  0.20000000E+01  0.00000000E+00  0.00000000E+00  0.10000000E+04  0.00000000E+00  0.12500000E+03  0.00000000E+00  0.69999999E+00  0.10000000E+04
  0.80000000E+01  0.25000000E+01  0.00000000E+00  0.00000000E+00  0.10000000E+04  0.00000000E+00  0.12500000E+03  0.00000000E+00  0.69999999E+00  0.10000000E+04
  0.80000000E+01  0.30000000E+01  0.00000000E+00  0.00000000E+00  0.10000000E+04  0.00000000E+00  0.12500000E+03  0.00000000E+00  0.69999999E+00  0.10000000E+04
  0.80000000E+01  0.35000000E+01  0.00000000E+00  0.00000000E+00  0.10000000E+04  0.00000000E+00  0.12500000E+03  0.00000000E+00  0.69999999E+00  0.10000000E+04
  0.80000000E+01  0.40000000E+01  0.00000000E+00  0.00000000E+00  0.10000000E+04  0.00000000E+00  0.12500000E+03  0.00000000E+00  0.69999999E+00  0.10000000E+04
  0.82500000E+01 -0.25000000E+00  0.00000000E+00  0.00000000E+00  0.10000000E+04  0.00000000E+00  0.12500000E+03  0.00000000E+00  0.69999999E+00  0.10000000E+04
  0.82500000E+01  0.25000000E+00  0.00000000E+00  0.00000000E+00  0.10000000E+04  0.00000000E+00  0.12500000E+03  0.00000000E+00  0.69999999E+00  0.10000000E+04
  0.82500000E+01  0.75000000E+00  0.00000000E+00  0.00000000E+00  0.10000000E+04  0.00000000E+00  0.12500000E+03  0.00000000E+00  0.69999999E+00  0.10000000E+04
  0.82500000E+01  0.12500000E+01  0.00000000E+00  0.00000000E+00  0.10000000E+04  0.00000000E+00  0.12500000E+03  0.00000000E+00  0.69999999E+00  0.10000000E+04
  0.82500000E+01  0.17500000E+01  0.00000000E+00  0.00000000E+00  0.10000000E+04  0.00000000E+00  0.12500000E+03  0.00000000E+00  0.69999999E+00  0.10000000E+04
  0.82500000E+01  0.22500000E+01  0.00000000E+00  0.00000000E+00  0.10000000E+04  0.00000000E+00  0.12500000E+03  0.00000000E+00  0.69999999E+00  0.10000000E+04
  0.82500000E+01  0.27500000E+01  0.00000000E+00  0.00000000E+00  0.10000000E+04  0.00000000E+00  0.12500000E+03  0.00000000E+00  0.69999999E+00  0.10000000E+04
  0.82500000E+01  0.32500000E+01  0.00000000E+00  0.00000000E+00  0.10000000E+04  0.00000000E+00  0.12500000E+03  0.00000000E+00  0.69999999E+00  0.10000000E+04
  0.82500000E+01  0.37500000E+01  0.00000000E+00  0.00000000E+00  0.10000000E+04  0.00000000E+00  0.12500000E+03  0.00000000E+00  0.69999999E+00  0.10000000E+04
  0.50000000E+00  0.00000000E+00  0.00000000E+00  0.00000000E+00  0.10058269E+04  0.11634278E+05  0.12500000E+03  0.15493125E-02  0.69999999E+00  0.99999823E+03
  0.10000000E+01  0.00000000E+00  0.00000000E+00  0.00000000E+00  0.10007043E+04  0.13847371E+04  0.12500000E+03  0.83499274E-03  0.69999999E+00  0.99999902E+03
  0.15000000E+01  0.00000000E+00  0.00000000E+00  0.00000000E+00  0.10017859E+04  0.35227141E+04  0.12500000E+03  0.22832796E-02  0.69999999E+00  0.99999738E+03
  0.20000000E+01  0.00000000E+00  0.00000000E+00  0.00000000E+00  0.99852808E+03 -0.28752185E+04  0.12500000E+03  0.24370817E-02  0.69999999E+00  0.99999725E+03
  0.25000000E+01  0.00000000E+00  0.00000000E+00  0.00000000E+00  0.10061573E+04  0.12306279E+05  0.12500000E+03 -0.36690099E-03  0.69999999E+00  0.10000004E+04
  0.30000000E+01  0.00000000E+00  0.00000000E+00  0.00000000E+00  0.10315364E+04  0.68045742E+05  0.12500000E+03  0.15180983E-03  0.69999999E+00  0.99999982E+03
  0.35000000E+01  0.00000000E+00  0.00000000E+00  0.00000000E+00  0.10033749E+04  0.66890420E+04  0.12500000E+03  0.52384603E-04  0.69999999E+00  0.99999994E+03
  0.40000000E+01  0.00000000E+00  0.00000000E+00  0.00000000E+00  0.10000000E+04  0.00000000E+00  0.12500000E+03  0.00000000E+00  0.69999999E+00  0.10000000E+04
  0.45000000E+01  0.00000000E+00  0.00000000E+00  0.00000000E+00  0.10000000E+04  0.00000000E+00  0.12500000E+03  0.00000000E+00  0.69999999E+00  0.10000000E+04
  0.50000000E+01  0.00000000E+00  0.00000000E+00  0.00000000E+00  0.10000000E+04  0.00000000E+00  0.12500000E+03  0.00000000E+00  0.69999999E+00  0.10000000E+04
  0.55000000E+01  0.00000000E+00  0.00000000E+00  0.00000000E+00  0.10000000E+04  0.00000000E+00  0.12500000E+03  0.00000000E+00  0.69999999E+00  0.10000000E+04
  0.60000000E+01  0.00000000E+00  0.00000000E+00  0.00000000E+00  0.10000000E+04  0.00000000E+00  0.12500000E+03  0.00000000E+00  0.69999999E+00  0.10000000E+04
  0.65000000E+01  0.00000000E+00  0.00000000E+00  0.00000000E+00  0.10000000E+04  0.00000000E+00  0.12500000E+03  0.00000000E+00  0.69999999E+00  0.10000000E+04
  0.70000000E+01  0.00000000E+00  0.00000000E+00  0.00000000E+00  0.10000000E+04  0.00000000E+00  0.12500000E+03  0.00000000E+00  0.69999999E+00  0.10000000E+04
  0.75000000E+01  0.00000000E+00  0.00000000E+00  0.00000000E+00  0.10000000E+04  0.00000000E+00  0.12500000E+03  0.00000000E+00  0.69999999E+00  0.10000000E+04
  0.25000000E+00 -0.25000000E+00  0.00000000E+00  0.00000000E+00  0.10023094E+04  0.45626387E+04  0.12500000E+03  0.49518881E-03  0.69999999E+00  0.99999945E+03
  0.75000000E+00 -0.25000000E+00  0.00000000E+00  0.00000000E+00  0.10028324E+04  0.56046382E+04  0.12500000E+03  0.11481353E-02  0.69999999E+00  0.99999872E+03
  0.12500000E+01 -0.25000000E+00  0.00000000E+00  0.00000000E+00  0.10064885E+04  0.12981064E+05  0.12500000E+03  0.92421833E-03  0.69999999E+00  0.99999896E+03
  0.17500000E+01 -0.25000000E+00  0.00000000E+00  0.00000000E+00  0.10057532E+04  0.11484397E+05  0.12500000E+03  0.13641433E-02  0.69999999E+00  0.99999841E+03
  0.22500000E+01 -0.25000000E+00  0.00000000E+00  0.00000000E+00  0.99442236E+03 -0.10761878E+05  0.12500000E+03  0.11618542E-02  0.69999999E+00  0.99999866E+03
  0.27500000E+01 -0.25000000E+00  0.00000000E+00  0.00000000E+00  0.10068850E+04  0.13790715E+05  0.12500000E+03 -0.15110680E-04  0.69999999E+00  0.10000000E+04
  0.32500000E+01 -0.25000000E+00  0.00000000E+00  0.00000000E+00  0.10000146E+04  0.28769567E+02  0.12500000E+03  0.56974095E-04  0.69999999E+00  0.99999994E+03
  0.37500000E+01 -0.25000000E+00  0.00000000E+00  0.00000000E+00  0.10000000E+04  0.00000000E+00  0.12500000E+03  0.00000000E+00  0.69999999E+00  0.10000000E+04
  0.42500000E+01 -0.25000000E+00  0.00000000E+00  0.00000000E+00  0.10000000E+04  0.00000000E+00  0.12500000E+03  0.00000000E+00  0.69999999E+00  0.10000000E+04
  0.47500000E+01 -0.25000000E+00  0.00000000E+00  0.00000000E+00  0.10000000E+04  0.00000000E+00  0.12500000E+03  0.00000000E+00  0.69999999E+00  0.10000000E+04
  0.52500000E+01 -0.25000000E+00  0.00000000E+00  0.00000000E+00  0.10000000E+04  0.00000000E+00  0.12500000E+03  0.00000000E+00  0.69999999E+00  0.10000000E+04
  0.57500000E+01 -0.25000000E+00  0.00000000E+00  0.00000000E+00  0.10000000E+04  0.00000000E+00  0.12500000E+03  0.00000000E+00  0.69999999E+00  0.10000000E+04
  0.62500000E+01 -0.25000000E+00  0.00000000E+00  0.00000000E+00  0.10000000E+04  0.00000000E+00  0.12500000E+03  0.00000000E+00  0.69999999E+00  0.10000000E+04
  0.67500000E+01 -0.25000000E+00  0.00000000E+00  0.00000000E+00  0.10000000E+04  0.00000000E+00  0.12500000E+03  0.00000000E+00  0.69999999E+00  0.10000000E+04
  0.72500000E+01 -0.25000000E+00  0.00000000E+00  0.00000000E+00  0.10000000E+04  0.00000000E+00  0.12500000E+03  0.00000000E+00  0.69999999E+00  0.10000000E+04
  0.77500000E+01 -0.25000000E+00  0.00000000E+00  0.00000000E+00  0.10000000E+04  0.00000000E+00  0.12500000E+03  0.00000000E+00  0.69999999E+00  0.10000000E+04
  0.40000000E+01  0.50000000E+00  0.00000000E+00  0.00000000E+00  0.10000045E+04  0.88878889E+01  0.12500000E+03 -0.12129462E-05  0.69999999E+00  0.10000000E+04
  0.37500000E+01  0.25000000E+00  0.00000000E+00  0.00000000E+00  0.10011221E+04  0.22090188E+04  0.12500000E+03 -0.23454930E-04  0.69999999E+00  0.10000000E+04
  0.40000000E+01  0.10000000E+01  0.00000000E+00  0.00000000E+00  0.10000226E+04  0.44207939E+02  0.12500000E+03  0.10712390E-05  0.69999999E+00  0.10000000E+04
  0.37500000E+01  0.75000000E+00  0.00000000E+00  0.00000000E+00  0.10082262E+04  0.16543529E+05  0.12500000E+03  0.13002697E-04  0.69999999E+00  0.10000000E+04
  0.40000000E+01  0.15000000E+01  0.00000000E+00  0.00000000E+00  0.10000000E+04  0.00000000E+00  0.12500000E+03  0.00000000E+00  0.69999999E+00  0.10000000E+04
  0.37500000E+01  0.12500000E+01  0.00000000E+00  0.00000000E+00  0.10030558E+04  0.60507451E+04  0.12500000E+03  0.10385039E-04  0.69999999E+00  0.10000000E+04
  0.40000000E+01  0.20000000E+01  0.00000000E+00  0.00000000E+00  0.10000000E+04  0.00000000E+00  0.12500000E+03  0.00000000E+00  0.69999999E+00  0.10000000E+04
  0.37500000E+01  0.17500000E+01  0.00000000E+00  0.00000000E+00  0.10001184E+04  0.23233391E+03  0.12500000E+03  0.14460247E-04  0.69999999E+00  0.10000000E+04
  0.45000000E+01  0.50000000E+00  0.00000000E+00  0.00000000E+00  0.10000000E+04  0.00000000E+00  0.12500000E+03  0.00000000E+00  0.69999999E+00  0.10000000E+04
  0.42500000E+01  0.25000000E+00  0.00000000E+00  0.00000000E+00  0.10000000E+04  0.00000000E+00  0.12500000E+03  0.00000000E+00  0.69999999E+00  0.10000000E+04
  0.45000000E+01  0.10000000E+01  0.00000000E+00  0.00000000E+00  0.10000000E+04  0.00000000E+00  0.12500000E+03  0.00000000E+00  0.69999999E+00  0.10000000E+04
  0.42500000E+01  0.75000000E+00  0.00000000E+00  0.00000000E+00  0.10000000E+04  0.00000000E+00  0.12500000E+03  0.00000000E+00  0.69999999E+00  0.10000000E+04
  0.45000000E+01  0.15000000E+01  0.00000000E+00  0.00000000E+00  0.10000000E+04  0.00000000E+00  0.12500000E+03  0.00000000E+00  0.69999999E+00  0.10000000E+04
  0.42500000E+01  0.12500000E+01  0.00000000E+00  0.00000000E+00  0.10000000E+04  0.00000000E+00  0.12500000E+03  0.00000000E+00  0.69999999E+00  0.10000000E+04
  0.45000000E+01  0.20000000E+01  0.00000000E+00  0.00000000E+00  0.10000000E+04  0.00000000E+00  0.12500000E+03  0.00000000E+00  0.69999999E+00  0.10000000E+04
  0.42500000E+01  0.17500000E+01  0.00000000E+00  0.00000000E+00  0.10000000E+04  0.00000000E+00  0.12500000E+03  0.00000000E+00  0.69999999E+00  0.10000000E+04
  0.50000000E+01  0.50000000E+00  0.00000000E+00  0.00000000E+00  0.10000000E+04  0.00000000E+00  0.12500000E+03  0.00000000E+00  0.69999999E+00  0.10000000E+04
  0.47500000E+01  0.25000000E+00  0.00000000E+00  0.00000000E+00  0.10000000E+04  0.00000000E+00  0.12500000E+03  0.00000000E+00  0.69999999E+00  0.10000000E+04
  0.50000000E+01  0.10000000E+01  0.00000000E+00  0.00000000E+00  0.10000000E+04  0.00000000E+00  0.12500000E+03  0.00000000E+00  0.69999999E+00  0.10000000E+04
  0.47500000E+01  0.75000000E+00  0.00000000E+00  0.00000000E+00  0.10000000E+04  0.00000000E+00  0.12500000E+03  0.00000000E+00  0.69999999E+00  0.10000000E+04
  0.50000000E+01  0.15000000E+01  0.00000000E+00  0.00000000E+00  0.10000000E+04  0.00000000E+00  0.12500000E+03  0.00000000E+00  0.69999999E+00  0.10000000E+04
  0.47500000E+01  0.12500000E+01  0.00000000E+00  0.00000000E+00  0.10000000E+04  0.00000000E+00  0.12500000E+03  0.00000000E+00  0.69999999E+00  0.10000000E+04
  0.50000000E+01  0.20000000E+01  0.00000000E+00  0.00000000E+00  0.10000000E+04  0.00000000E+00  0.12500000E+03  0.00000000E+00  0.69999999E+00  0.10000000E+04
  0.47500000E+01  0.17500000E+01  0.00000000E+00  0.00000000E+00  0.10000000E+04  0.00000000E+00  0.12500000E+03  0.00000000E+00  0.69999999E+00  0.10000000E+04
  0.73757279E+00  0.24257889E+00  0.34562290E-01 -0.68410501E-01  0.10036678E+04  0.72759556E+04  0.12576698E+03  0.12576698E+03  0.10000000E+01  0.00000000E+00
  0.50063491E+00  0.51639187E+00  0.80718100E-01  0.15679267E+00  0.10030115E+04  0.59623813E+04  0.12561582E+03  0.12561428E+03  0.10000000E+01  0.00000000E+00
  0.73856747E+00  0.72632301E+00 -0.29471612E+00 -0.16097657E+00  0.10059261E+04  0.11835836E+05  0.12546356E+03  0.12546356E+03  0.10000000E+01  0.00000000E+00
  0.53707367E+00  0.97439349E+00  0.41047493E+00 -0.30636537E+00  0.10061534E+04  0.12298028E+05  0.12531018E+03  0.12531018E+03  0.10000000E+01  0.00000000E+00
  0.76952386E+00  0.12271624E+01  0.24852251E+00 -0.92556342E-01  0.10024603E+04  0.48630039E+04  0.12515567E+03  0.12515567E+03  0.10000000E+01  0.00000000E+00
  0.55983841E+00  0.14247594E+01  0.10706253E+01 -0.67517877E+00  0.99944452E+03 -0.10879897E+04  0.12500000E+03  0.12500000E+03  0.10000000E+01  0.00000000E+00
  0.12698841E+01  0.23066673E+00  0.14863017E+00 -0.15032102E+00  0.10085405E+04  0.17191973E+05  0.12576698E+03  0.12576544E+03  0.10000000E+01  0.00000000E+00
  0.10146884E+01  0.48006481E+00  0.82763404E-01 -0.11759935E+00  0.10050519E+04  0.10063463E+05  0.12561582E+03  0.12561428E+03  0.10000000E+01  0.00000000E+00
  0.12959938E+01  0.70476234E+00  0.30879840E+00 -0.37883884E+00  0.10061357E+04  0.12262117E+05  0.12546356E+03  0.12546356E+03  0.10000000E+01  0.00000000E+00
  0.10341991E+01  0.95612288E+00  0.25893876E+00 -0.29841840E+00  0.10035826E+04  0.71050547E+04  0.12531018E+03  0.12531018E+03  0.10000000E+01  0.00000000E+00
  0.13005204E+01  0.11914473E+01  0.37417281E+00 -0.31198740E+00  0.10020943E+04  0.41348613E+04  0.12515567E+03  0.12515567E+03  0.10000000E+01  0.00000000E+00
  0.10280663E+01  0.14493628E+01  0.24321556E+00 -0.21066841E+00  0.10034418E+04  0.68229600E+04  0.12500000E+03  0.12500000E+03  0.10000000E+01  0.00000000E+00
  0.17970715E+01  0.23981974E+00  0.55317056E+00 -0.70468768E-01  0.10079484E+04  0.15971584E+05  0.12576698E+03  0.12576544E+03  0.10000000E+01  0.00000000E+00
  0.15481029E+01  0.47940969E+00  0.33534342E+00 -0.74024424E-01  0.10080620E+04  0.16205402E+05  0.12561582E+03  0.12561428E+03  0.10000000E+01  0.00000000E+00
  0.18310921E+01  0.70517790E+00  0.65169787E+00 -0.23556031E+00  0.10082587E+04  0.16610604E+05  0.12546356E+03  0.12546356E+03  0.10000000E+01  0.00000000E+00
  0.15528154E+01  0.93957567E+00  0.31365591E+00 -0.34991986E+00  0.10037831E+04  0.75072285E+04  0.12531018E+03  0.12531018E+03  0.10000000E+01  0.00000000E+00
  0.17991581E+01  0.11450207E+01  0.29030609E+00 -0.59262502E+00  0.10012061E+04  0.23748298E+04  0.12515567E+03  0.12515567E+03  0.10000000E+01  0.00000000E+00
  0.15394399E+01  0.14137850E+01  0.24250787E+00 -0.36839336E+00  0.10019670E+04  0.38822463E+04  0.12500000E+03  0.12500000E+03  0.10000000E+01  0.00000000E+00
  0.22684479E+01  0.28713682E+00 -0.54238343E+00  0.63507074E+00  0.99925891E+03 -0.14507402E+04  0.12576698E+03  0.12576698E+03  0.10000000E+01  0.00000000E+00
  0.21153026E+01  0.50044727E+00  0.10443671E+01  0.53965732E-01  0.10050631E+04  0.10085883E+05  0.12561582E+03  0.12561582E+03  0.10000000E+01  0.00000000E+00
  0.24897957E+01  0.69048786E+00  0.18097305E+01 -0.43259698E+00  0.10037841E+04  0.75091426E+04  0.12546356E+03  0.12546356E+03  0.10000000E+01  0.00000000E+00
  0.21174841E+01  0.90136862E+00  0.89491713E+00 -0.78278857E+00  0.10041570E+04  0.82583496E+04  0.12531018E+03  0.12531018E+03  0.10000000E+01  0.00000000E+00
  0.23869872E+01  0.10969942E+01  0.99507636E+00 -0.10499148E+01  0.10050286E+04  0.10016217E+05  0.12515567E+03  0.12515567E+03  0.10000000E+01  0.00000000E+00
  0.20383673E+01  0.13474221E+01  0.20097363E+00 -0.86868966E+00  0.10003010E+04  0.59110236E+03  0.12500000E+03  0.12500000E+03  0.10000000E+01  0.00000000E+00
  0.26613908E+01  0.58195150E+00  0.10721462E+01  0.14518492E+01  0.99643536E+03 -0.69195054E+04  0.12561582E+03  0.12561428E+03  0.10000000E+01  0.00000000E+00
  0.27907696E+01  0.81499135E+00  0.24262314E+01 -0.12364169E+01  0.10037742E+04  0.74892856E+04  0.12531018E+03  0.12531018E+03  0.10000000E+01  0.00000000E+00
  0.26554289E+01  0.13112428E+01  0.13120959E+01 -0.10677782E+01  0.10043862E+04  0.87197686E+04  0.12500000E+03  0.12500000E+03  0.10000000E+01  0.00000000E+00
