  0.00000000E+00  0.00000000E+00  0.00000000E+00  0.00000000E+00  0.10008115E+04  0.15961959E+04  0.12500000E+03  0.27023794E-02  0.69999999E+00  0.99999689E+03
  0.00000000E+00  0.50000000E+00  0.00000000E+00  0.00000000E+00  0.10112900E+04  0.22915666E+05  0.12500000E+03  0.39592241E-02  0.69999999E+00  0.99999542E+03
  0.00000000E+00  0.10000000E+01  0.00000000E+00  0.00000000E+00  0.10111738E+04  0.22671818E+05  0.12500000E+03  0.42351754E-02  0.69999999E+00  0.99999512E+03
  0.00000000E+00  0.15000000E+01  0.00000000E+00  0.00000000E+00  0.10178478E+04  0.36949062E+05  0.12500000E+03  0.15760851E-02  0.69999999E+00  0.99999817E+03
  0.00000000E+00  0.20000000E+01  0.00000000E+00  0.00000000E+00  0.10194569E+04  0.40476309E+05  0.12500000E+03 -0.20933640E-02  0.69999999E+00  0.10000024E+04
  0.00000000E+00  0.25000000E+01  0.00000000E+00  0.00000000E+00  0.10034469E+04  0.68332266E+04  0.12500000E+03  0.51974104E-03  0.69999999E+00  0.99999939E+03
  0.00000000E+00  0.30000000E+01  0.00000000E+00  0.00000000E+00  0.10000026E+04  0.51455903E+01  0.12500000E+03  0.38292605E-04  0.69999999E+00  0.99999994E+03
  0.00000000E+00  0.35000000E+01  0.00000000E+00  0.00000000E+00  0.10000000E+04  0.00000000E+00  0.12500000E+03  0.00000000E+00  0.69999999E+00  0.10000000E+04
  0.00000000E+00  0.40000000E+01  0.00000000E+00  0.00000000E+00  0.10000000E+04  0.00000000E+00  0.12500000E+03  0.00000000E+00  0.69999999E+00  0.10000000E+04
 -0.25000000E+00 -0.25000000E+00  0.00000000E+00  0.00000000E+00  0.10006414E+04  0.12607445E+04  0.12500000E+03  0.52005530E-03  0.69999999E+00  0.99999939E+03
 -0.25000000E+00  0.25000000E+00  0.00000000E+00  0.00000000E+00  0.10004730E+04  0.92938812E+03  0.12500000E+03  0.12403459E-02  0.69999999E+00  0.99999860E+03
 -0.25000000E+00  0.75000000E+00  0.00000000E+00  0.00000000E+00  0.10049398E+04  0.98366934E+04  0.12500000E+03  0.66759333E-03  0.69999999E+00  0.99999921E+03
 -0.25000000E+00  0.12500000E+01  0.00000000E+00  0.00000000E+00  0.10038032E+04  0.75476641E+04  0.12500000E+03  0.13308418E-02  0.69999999E+00  0.99999847E+03
 -0.25000000E+00  0.17500000E+01  0.00000000E+00  0.00000000E+00  0.10009163E+04  0.18026168E+04  0.12500000E+03 -0.43003756E-03  0.69999999E+00  0.10000005E+04
 -0.25000000E+00  0.22500000E+01  0.00000000E+00  0.00000000E+00  0.10015139E+04  0.29839109E+04  0.12500000E+03 -0.18548567E-03  0.69999999E+00  0.10000002E+04
 -0.25000000E+00  0.27500000E+01  0.00000000E+00  0.00000000E+00  0.10000007E+04  0.14033347E+01  0.12500000E+03  0.17473474E-04  0.69999999E+00  0.10000000E+04
 -0.25000000E+00  0.32500000E+01  0.00000000E+00  0.00000000E+00  0.10000000E+04  0.00000000E+00  0.12500000E+03  0.18572810E-40  0.69999999E+00  0.10000000E+04
 -0.25000000E+00  0.37500000E+01  0.00000000E+00  0.00000000E+00  0.10000000E+04  0.00000000E+00  0.12500000E+03  0.00000000E+00  0.69999999E+00  0.10000000E+04
  0.80000000E+01  0.00000000E+00  0.00000000E+00  0.00000000E+00  0.10000000E+04  0.00000000E+00  0.12500000E+03  0.00000000E+00  0.69999999E+00  0.10000000E+04
  0.80000000E+01  0.50000000E+00  0.00000000E+00  0.00000000E+00  0.10000000E+04  0.00000000E+00  0.12500000E+03  0.00000000E+00  0.69999999E+00  0.10000000E+04
  0.80000000E+01  0.10000000E+01  0.00000000E+00  0.00000000E+00  0.10000000E+04  0.00000000E+00  0.12500000E+03  0.00000000E+00  0.69999999E+00  0.10000000E+04
  0.80000000E+01  0.15000000E+01  0.00000000E+00  0.00000000E+00  0.10000000E+04  0.00000000E+00  0.12500000E+03  0.00000000E+00  0.69999999E+00  0.10000000E+04
  0.80000000E+01  0.20000000E+01  0.00000000E+00  0.00000000E+00  0.10000000E+04  0.00000000E+00  0.12500000E+03  0.00000000E+00  0.69999999E+00  0.10000000E+04
  0.80000000E+01  0.25000000E+01  0.00000000E+00  0.00000000E+00  0.10000000E+04  0.00000000E+00  0.12500000E+03  0.00000000E+00  0.69999999E+00  0.10000000E+04
  0.80000000E+01  0.30000000E+01  0.00000000E+00  0.00000000E+00  0.10000000E+04  0.00000000E+00  0.12500000E+03  0.00000000E+00  0.69999999E+00  0.10000000E+04
  0.80000000E+01  0.35000000E+01  0.00000000E+00  0.00000000E+00  0.10000000E+04  0.00000000E+00  0.12500000E+03  0.00000000E+00  0.69999999E+00  0.10000000E+04
  0.80000000E+01  0.40000000E+01  0.00000000E+00  0.00000000E+00  0.10000000E+04  0.00000000E+00  0.12500000E+03  0.00000000E+00  0.69999999E+00  0.10000000E+04
  0.82500000E+01 -0.25000000E+00  0.00000000E+00  0.00000000E+00  0.10000000E+04  0.00000000E+00  0.12500000E+03  0.00000000E+00  0.69999999E+00  0.10000000E+04
  0.82500000E+01  0.25000000E+00  0.00000000E+00  0.00000000E+00  0.10000000E+04  0.00000000E+00  0.12500000E+03  0.00000000E+00  0.69999999E+00  0.10000000E+04
  0.82500000E+01  0.75000000E+00  0.00000000E+00  0.00000000E+00  0.10000000E+04  0.00000000E+00  0.12500000E+03  0.00000000E+00  0.69999999E+00  0.10000000E+04
  0.82500000E+01  0.12500000E+01  0.00000000E+00  0.00000000E+00  0.10000000E+04  0.00000000E+00  0.12500000E+03  0.00000000E+00  0.69999999E+00  0.10000000E+04
  0.82500000E+01  0.17500000E+01  0.00000000E+00  0.00000000E+00  0.10000000E+04  0.00000000E+00  0.12500000E+03  0.00000000E+00  0.69999999E+00  0.10000000E+04
  0.82500000E+01  0.22500000E+01  0.00000000E+00  0.00000000E+00  0.10000000E+04  0.00000000E+00  0.12500000E+03  0.00000000E+00  0.69999999E+00  0.10000000E+04
  0.82500000E+01  0.27500000E+01  0.00000000E+00  0.00000000E+00  0.10000000E+04  0.00000000E+00  0.12500000E+03  0.00000000E+00  0.69999999E+00  0.10000000E+04
  0.82500000E+01  0.32500000E+01  0.00000000E+00  0.00000000E+00  0.10000000E+04  0.00000000E+00  0.12500000E+03  0.00000000E+00  0.69999999E+00  0.10000000E+04
  0.82500000E+01  0.37500000E+01  0.00000000E+00  0.00000000E+00  0.10000000E+04  0.00000000E+00  0.12500000E+03  0.00000000E+00  0.69999999E+00  0.10000000E+04
  0.50000000E+00  0.00000000E+00  0.00000000E+00  0.00000000E+00  0.10413331E+04  0.91873367E+05  0.12500000E+03  0.13763182E-01  0.69999999E+00  0.99998364E+03
  0.10000000E+01  0.00000000E+00  0.00000000E+00  0.00000000E+00  0.10664314E+04  0.15938895E+06  0.12500000E+03  0.81495810E-02  0.69999999E+00  0.99999005E+03
  0.15000000E+01  0.00000000E+00  0.00000000E+00  0.00000000E+00  0.10174584E+04  0.36100355E+05  0.12500000E+03  0.23813989E-01  0.69999999E+00  0.99997229E+03
  0.20000000E+01  0.00000000E+00  0.00000000E+00  0.00000000E+00  0.11326968E+04  0.39021081E+06  0.12500000E+03  0.27770972E-01  0.69999999E+00  0.99996405E+03
  0.25000000E+01  0.00000000E+00  0.00000000E+00  0.00000000E+00  0.10418802E+04  0.93244383E+05  0.12500000E+03  0.93863867E-02  0.69999999E+00  0.99998883E+03
  0.30000000E+01  0.00000000E+00  0.00000000E+00  0.00000000E+00  0.10525608E+04  0.12088695E+06  0.12500000E+03  0.11077680E-01  0.69999999E+00  0.99998669E+03
  0.35000000E+01  0.00000000E+00  0.00000000E+00  0.00000000E+00  0.10062239E+04  0.12441712E+05  0.12500000E+03  0.46598790E-02  0.69999999E+00  0.99999463E+03
  0.40000000E+01  0.00000000E+00  0.00000000E+00  0.00000000E+00  0.10000137E+04  0.26898298E+02  0.12500000E+03 -0.68247195E-04  0.69999999E+00  0.10000001E+04
  0.45000000E+01  0.00000000E+00  0.00000000E+00  0.00000000E+00  0.10000000E+04  0.00000000E+00  0.12500000E+03  0.99513491E-39  0.69999999E+00  0.10000000E+04
  0.50000000E+01  0.00000000E+00  0.00000000E+00  0.00000000E+00  0.10000000E+04  0.00000000E+00  0.12500000E+03 -0.47756252E-41  0.69999999E+00  0.10000000E+04
  0.55000000E+01  0.00000000E+00  0.00000000E+00  0.00000000E+00  0.10000000E+04  0.00000000E+00  0.12500000E+03  0.00000000E+00  0.69999999E+00  0.10000000E+04
  0.60000000E+01  0.00000000E+00  0.00000000E+00  0.00000000E+00  0.10000000E+04  0.00000000E+00  0.12500000E+03  0.00000000E+00  0.69999999E+00  0.10000000E+04
  0.65000000E+01  0.00000000E+00  0.00000000E+00  0.00000000E+00  0.10000000E+04  0.00000000E+00  0.12500000E+03  0.00000000E+00  0.69999999E+00  0.10000000E+04
  0.70000000E+01  0.00000000E+00  0.00000000E+00  0.00000000E+00  0.10000000E+04  0.00000000E+00  0.12500000E+03  0.00000000E+00  0.69999999E+00  0.10000000E+04
  0.75000000E+01  0.00000000E+00  0.00000000E+00  0.00000000E+00  0.10000000E+04  0.00000000E+00  0.12500000E+03  0.00000000E+00  0.69999999E+00  0.10000000E+04
  0.25000000E+00 -0.25000000E+00  0.00000000E+00  0.00000000E+00  0.10056473E+04  0.11269499E+05  0.12500000E+03  0.35052560E-02  0.69999999E+00  0.99999597E+03
  0.75000000E+00 -0.25000000E+00  0.00000000E+00  0.00000000E+00  0.10258738E+04  0.54879141E+05  0.12500000E+03  0.98376945E-02  0.69999999E+00  0.99998846E+03
  0.12500000E+01 -0.25000000E+00  0.00000000E+00  0.00000000E+00  0.10093809E+04  0.18931305E+05  0.12500000E+03  0.76771798E-02  0.69999999E+00  0.99999115E+03
  0.17500000E+01 -0.25000000E+00  0.00000000E+00  0.00000000E+00  0.10143594E+04  0.29416162E+05  0.12500000E+03  0.11777945E-01  0.69999999E+00  0.99998633E+03
  0.22500000E+01 -0.25000000E+00  0.00000000E+00  0.00000000E+00  0.10012316E+04  0.24252493E+04  0.12500000E+03  0.11897298E-01  0.69999999E+00  0.99998639E+03
  0.27500000E+01 -0.25000000E+00  0.00000000E+00  0.00000000E+00  0.10050758E+04  0.10111680E+05  0.12500000E+03  0.59850244E-02  0.69999999E+00  0.99999310E+03
  0.32500000E+01 -0.25000000E+00  0.00000000E+00  0.00000000E+00  0.10019623E+04  0.38727798E+04  0.12500000E+03  0.42509153E-02  0.69999999E+00  0.99999512E+03
  0.37500000E+01 -0.25000000E+00  0.00000000E+00  0.00000000E+00  0.10000070E+04  0.13565822E+02  0.12500000E+03 -0.15635355E-03  0.69999999E+00  0.10000002E+04
  0.42500000E+01 -0.25000000E+00  0.00000000E+00  0.00000000E+00  0.10000000E+04  0.00000000E+00  0.12500000E+03 -0.33271139E-35  0.69999999E+00  0.10000000E+04
  0.47500000E+01 -0.25000000E+00  0.00000000E+00  0.00000000E+00  0.10000000E+04  0.00000000E+00  0.12500000E+03 -0.22020957E-38  0.69999999E+00  0.10000000E+04
  0.52500000E+01 -0.25000000E+00  0.00000000E+00  0.00000000E+00  0.10000000E+04  0.00000000E+00  0.12500000E+03  0.00000000E+00  0.69999999E+00  0.10000000E+04
  0.57500000E+01 -0.25000000E+00  0.00000000E+00  0.00000000E+00  0.10000000E+04  0.00000000E+00  0.12500000E+03  0.00000000E+00  0.69999999E+00  0.10000000E+04
  0.62500000E+01 -0.25000000E+00  0.00000000E+00  0.00000000E+00  0.10000000E+04  0.00000000E+00  0.12500000E+03  0.00000000E+00  0.69999999E+00  0.10000000E+04
  0.67500000E+01 -0.25000000E+00  0.00000000E+00  0.00000000E+00  0.10000000E+04  0.00000000E+00  0.12500000E+03  0.00000000E+00  0.69999999E+00  0.10000000E+04
  0.72500000E+01 -0.25000000E+00  0.00000000E+00  0.00000000E+00  0.10000000E+04  0.00000000E+00  0.12500000E+03  0.00000000E+00  0.69999999E+00  0.10000000E+04
  0.77500000E+01 -0.25000000E+00  0.00000000E+00  0.00000000E+00  0.10000000E+04  0.00000000E+00  0.12500000E+03  0.00000000E+00  0.69999999E+00  0.10000000E+04
  0.40000000E+01  0.50000000E+00  0.00000000E+00  0.00000000E+00  0.10007511E+04  0.14770574E+04  0.12500000E+03 -0.49493019E-03  0.69999999E+00  0.10000005E+04
  0.37500000E+01  0.25000000E+00  0.00000000E+00  0.00000000E+00  0.10048679E+04  0.96914570E+04  0.12500000E+03 -0.22091926E-02  0.69999999E+00  0.10000026E+04
  0.40000000E+01  0.10000000E+01  0.00000000E+00  0.00000000E+00  0.10022762E+04  0.44967178E+04  0.12500000E+03 -0.14003468E-03  0.69999999E+00  0.10000002E+04
  0.37500000E+01  0.75000000E+00  0.00000000E+00  0.00000000E+00  0.10503580E+04  0.11504683E+06  0.12500000E+03  0.11208851E-02  0.69999999E+00  0.99999866E+03
  0.40000000E+01  0.15000000E+01  0.00000000E+00  0.00000000E+00  0.10003213E+04  0.63093768E+03  0.12500000E+03  0.48462674E-03  0.69999999E+00  0.99999945E+03
  0.37500000E+01  0.12500000E+01  0.00000000E+00  0.00000000E+00  0.10285720E+04  0.61098738E+05  0.12500000E+03  0.12158833E-02  0.69999999E+00  0.99999860E+03
  0.40000000E+01  0.20000000E+01  0.00000000E+00  0.00000000E+00  0.10014718E+04  0.29003699E+04  0.12500000E+03  0.37583249E-03  0.69999999E+00  0.99999957E+03
  0.37500000E+01  0.17500000E+01  0.00000000E+00  0.00000000E+00  0.10360522E+04  0.78861500E+05  0.12500000E+03  0.25383050E-02  0.69999999E+00  0.99999701E+03
  0.45000000E+01  0.50000000E+00  0.00000000E+00  0.00000000E+00  0.10000000E+04  0.00000000E+00  0.12500000E+03  0.64912069E-38  0.69999999E+00  0.10000000E+04
  0.42500000E+01  0.25000000E+00  0.00000000E+00  0.00000000E+00  0.10000018E+04  0.35083482E+01  0.12500000E+03 -0.74084828E-05  0.69999999E+00  0.10000000E+04
  0.45000000E+01  0.10000000E+01  0.00000000E+00  0.00000000E+00  0.10000000E+04  0.00000000E+00  0.12500000E+03 -0.76118533E-41  0.69999999E+00  0.10000000E+04
  0.42500000E+01  0.75000000E+00  0.00000000E+00  0.00000000E+00  0.10000916E+04  0.17967581E+03  0.12500000E+03 -0.20551628E-04  0.69999999E+00  0.10000000E+04
  0.45000000E+01  0.15000000E+01  0.00000000E+00  0.00000000E+00  0.10000000E+04  0.00000000E+00  0.12500000E+03 -0.27230032E-40  0.69999999E+00  0.10000000E+04
  0.42500000E+01  0.12500000E+01  0.00000000E+00  0.00000000E+00  0.10000066E+04  0.12864128E+02  0.12500000E+03  0.64903998E-05  0.69999999E+00  0.10000000E+04
  0.45000000E+01  0.20000000E+01  0.00000000E+00  0.00000000E+00  0.10000000E+04  0.00000000E+00  0.12500000E+03  0.23925770E-40  0.69999999E+00  0.10000000E+04
  0.42500000E+01  0.17500000E+01  0.00000000E+00  0.00000000E+00  0.10000031E+04  0.60811610E+01  0.12500000E+03 -0.35628464E-05  0.69999999E+00  0.10000000E+04
  0.50000000E+01  0.50000000E+00  0.00000000E+00  0.00000000E+00  0.10000000E+04  0.00000000E+00  0.12500000E+03  0.45093785E-41  0.69999999E+00  0.10000000E+04
  0.47500000E+01  0.25000000E+00  0.00000000E+00  0.00000000E+00  0.10000000E+04  0.00000000E+00  0.12500000E+03  0.21785455E-38  0.69999999E+00  0.10000000E+04
  0.50000000E+01  0.10000000E+01  0.00000000E+00  0.00000000E+00  0.10000000E+04  0.00000000E+00  0.12500000E+03  0.00000000E+00  0.69999999E+00  0.10000000E+04
  0.47500000E+01  0.75000000E+00  0.00000000E+00  0.00000000E+00  0.10000000E+04  0.00000000E+00  0.12500000E+03  0.48176641E-41  0.69999999E+00  0.10000000E+04
  0.50000000E+01  0.15000000E+01  0.00000000E+00  0.00000000E+00  0.10000000E+04  0.00000000E+00  0.12500000E+03 -0.19705059E-40  0.69999999E+00  0.10000000E+04
  0.47500000E+01  0.12500000E+01  0.00000000E+00  0.00000000E+00  0.10000000E+04  0.00000000E+00  0.12500000E+03 -0.18819438E-40  0.69999999E+00  0.10000000E+04
  0.50000000E+01  0.20000000E+01  0.00000000E+00  0.00000000E+00  0.10000000E+04  0.00000000E+00  0.12500000E+03  0.16818384E-40  0.69999999E+00  0.10000000E+04
  0.47500000E+01  0.17500000E+01  0.00000000E+00  0.00000000E+00  0.10000000E+04  0.00000000E+00  0.12500000E+03 -0.10397635E-41  0.69999999E+00  0.10000000E+04
  0.28297927E+01  0.89761984E+00  0.20337373E+00 -0.36928583E-01  0.10051152E+04  0.10191253E+05  0.12576698E+03  0.12576656E+03  0.10000000E+01  0.00000000E+00
  0.90168333E+00  0.13689247E+01 -0.31963766E+00 -0.26542810E+00  0.10068959E+04  0.13812895E+05  0.12561582E+03  0.12561256E+03  0.10000000E+01  0.00000000E+00
  0.18269789E+01  0.10762990E+01  0.43570459E+00  0.13194391E+00  0.10147008E+04  0.30146580E+05  0.12546356E+03  0.12546323E+03  0.10000000E+01  0.00000000E+00
  0.28713901E+01  0.16390810E+01 -0.90702105E+00 -0.82742846E+00  0.10081691E+04  0.16425871E+05  0.12531018E+03  0.12531044E+03  0.10000000E+01  0.00000000E+00
  0.26661868E+01  0.16740445E+01 -0.24423976E+01 -0.32946011E+00  0.10038372E+04  0.76156255E+04  0.12515567E+03  0.12515567E+03  0.10000000E+01  0.00000000E+00
  0.28120208E+01  0.16724417E+01 -0.10533921E+01 -0.71577978E+00  0.10042612E+04  0.84679854E+04  0.12500000E+03  0.12499985E+03  0.10000000E+01  0.00000000E+00
  0.27148781E+01  0.85226369E+00 -0.26143807E+00 -0.19673029E+00  0.10051758E+04  0.10314025E+05  0.12576698E+03  0.12575461E+03  0.10000000E+01  0.00000000E+00
  0.99451208E+00  0.88885677E+00 -0.91455601E-01  0.52385442E-02  0.10118086E+04  0.24005652E+05  0.12561582E+03  0.12560609E+03  0.10000000E+01  0.00000000E+00
  0.83142400E+00  0.10251404E+01 -0.39908770E+00  0.24232417E+00  0.10037716E+04  0.74842617E+04  0.12546356E+03  0.12546051E+03  0.10000000E+01  0.00000000E+00
  0.28902781E+01  0.10140709E+01 -0.82065538E-03 -0.15814524E+01  0.10103642E+04  0.20977797E+05  0.12531018E+03  0.12531038E+03  0.10000000E+01  0.00000000E+00
  0.11212207E+01  0.88220561E+00 -0.43676984E+00  0.10267499E+00  0.10112493E+04  0.22830113E+05  0.12515567E+03  0.12515535E+03  0.10000000E+01  0.00000000E+00
  0.68946469E+00  0.91748130E+00 -0.21320020E+00 -0.22411299E+00  0.10099287E+04  0.20070051E+05  0.12500000E+03  0.12500000E+03  0.10000000E+01  0.00000000E+00
  0.20595291E+01  0.96383870E+00 -0.94383478E+00 -0.33769855E+00  0.10088558E+04  0.17843605E+05  0.12576698E+03  0.12575644E+03  0.10000000E+01  0.00000000E+00
  0.26722252E+01  0.85108030E+00 -0.20611054E+00 -0.65355383E-01  0.10081241E+04  0.16333296E+05  0.12561582E+03  0.12561059E+03  0.10000000E+01  0.00000000E+00
  0.27567830E+01  0.13758968E+01 -0.50762910E+00 -0.56948847E+00  0.10044767E+04  0.89023027E+04  0.12546356E+03  0.12546005E+03  0.10000000E+01  0.00000000E+00
  0.14624417E+01  0.91468799E+00 -0.52779585E+00 -0.19558164E+00  0.10056385E+04  0.11251598E+05  0.12531018E+03  0.12531018E+03  0.10000000E+01  0.00000000E+00
  0.29098139E+01  0.78368211E+00  0.77658498E+00  0.44053721E+00  0.10114181E+04  0.23184469E+05  0.12515567E+03  0.12515553E+03  0.10000000E+01  0.00000000E+00
  0.10213003E+01  0.16222515E+01 -0.53217016E-01  0.29591095E+00  0.10036741E+04  0.72886270E+04  0.12500000E+03  0.12500612E+03  0.10000000E+01  0.00000000E+00
  0.94107080E+00  0.15126926E+01  0.14109927E+00  0.22162363E+00  0.10045673E+04  0.90846953E+04  0.12576698E+03  0.12576566E+03  0.10000000E+01  0.00000000E+00
  0.23883786E+01  0.10327426E+01 -0.13787125E+00 -0.63125813E+00  0.10055552E+04  0.11082783E+05  0.12561582E+03  0.12561228E+03  0.10000000E+01  0.00000000E+00
  0.16798041E+01  0.11624918E+01  0.18268466E+00 -0.57894170E+00  0.10045341E+04  0.90176387E+04  0.12546356E+03  0.12546202E+03  0.10000000E+01  0.00000000E+00
  0.22291873E+01  0.92895520E+00 -0.59644246E+00  0.48977569E-01  0.10106420E+04  0.21558016E+05  0.12531018E+03  0.12530890E+03  0.10000000E+01  0.00000000E+00
  0.21651621E+01  0.15750914E+01 -0.70406628E+00  0.75865805E-01  0.10026593E+04  0.52593984E+04  0.12515567E+03  0.12515567E+03  0.10000000E+01  0.00000000E+00
  0.13766737E+01  0.88168645E+00 -0.31552404E+00 -0.90805944E-02  0.10079831E+04  0.16042964E+05  0.12500000E+03  0.12500012E+03  0.10000000E+01  0.00000000E+00
  0.11184025E+01  0.16192820E+01  0.35446250E+00  0.28614536E+00  0.10049573E+04  0.98721084E+04  0.12561582E+03  0.12560780E+03  0.10000000E+01  0.00000000E+00
  0.15371679E+01  0.16291289E+01 -0.12244335E+01  0.79386258E+00  0.10051434E+04  0.10248412E+05  0.12531018E+03  0.12531004E+03  0.10000000E+01  0.00000000E+00
  0.23489254E+01  0.18677456E+01  0.34019090E-01  0.32685792E+00  0.10022953E+04  0.45344194E+04  0.12500000E+03  0.12500000E+03  0.10000000E+01  0.00000000E+00
