  0.00000000E+00  0.00000000E+00  0.00000000E+00  0.00000000E+00  0.10009507E+04  0.18705901E+04  0.12500000E+03  0.48120017E-03  0.69999999E+00  0.99999945E+03
  0.00000000E+00  0.50000000E+00  0.00000000E+00  0.00000000E+00  0.10012037E+04  0.23703538E+04  0.12500000E+03  0.41154167E-03  0.69999999E+00  0.99999951E+03
  0.00000000E+00  0.10000000E+01  0.00000000E+00  0.00000000E+00  0.10239695E+04  0.50548336E+05  0.12500000E+03  0.67686086E-03  0.69999999E+00  0.99999921E+03
  0.00000000E+00  0.15000000E+01  0.00000000E+00  0.00000000E+00  0.98806287E+03 -0.22598434E+05  0.12500000E+03  0.10004896E-03  0.69999999E+00  0.99999988E+03
  0.00000000E+00  0.20000000E+01  0.00000000E+00  0.00000000E+00  0.10149148E+04  0.30605119E+05  0.12500000E+03 -0.25731322E-03  0.69999999E+00  0.10000003E+04
  0.00000000E+00  0.25000000E+01  0.00000000E+00  0.00000000E+00  0.10002466E+04  0.48403955E+03  0.12500000E+03  0.71152863E-04  0.69999999E+00  0.99999994E+03
  0.00000000E+00  0.30000000E+01  0.00000000E+00  0.00000000E+00  0.10000000E+04  0.00000000E+00  0.12500000E+03  0.00000000E+00  0.69999999E+00  0.10000000E+04
  0.00000000E+00  0.35000000E+01  0.00000000E+00  0.00000000E+00  0.10000000E+04  0.00000000E+00  0.12500000E+03  0.00000000E+00  0.69999999E+00  0.10000000E+04
  0.00000000E+00  0.40000000E+01  0.00000000E+00  0.00000000E+00  0.10000000E+04  0.00000000E+00  0.12500000E+03  0.00000000E+00  0.69999999E+00  0.10000000E+04
 -0.25000000E+00 -0.25000000E+00  0.00000000E+00  0.00000000E+00  0.10002050E+04  0.40230182E+03  0.12500000E+03  0.13277499E-03  0.69999999E+00  0.99999988E+03
 -0.25000000E+00  0.25000000E+00  0.00000000E+00  0.00000000E+00  0.10013290E+04  0.26178088E+04  0.12500000E+03  0.22028817E-03  0.69999999E+00  0.99999976E+03
 -0.25000000E+00  0.75000000E+00  0.00000000E+00  0.00000000E+00  0.99963953E+03 -0.70651477E+03  0.12500000E+03  0.83905245E-04  0.69999999E+00  0.99999988E+03
 -0.25000000E+00  0.12500000E+01  0.00000000E+00  0.00000000E+00  0.10054716E+04  0.10913087E+05  0.12500000E+03  0.19341437E-03  0.69999999E+00  0.99999976E+03
 -0.25000000E+00  0.17500000E+01  0.00000000E+00  0.00000000E+00  0.10032766E+04  0.64922012E+04  0.12500000E+03 -0.99524608E-04  0.69999999E+00  0.10000001E+04
 -0.25000000E+00  0.22500000E+01  0.00000000E+00  0.00000000E+00  0.10004730E+04  0.92938812E+03  0.12500000E+03 -0.62706749E-04  0.69999999E+00  0.10000001E+04
 -0.25000000E+00  0.27500000E+01  0.00000000E+00  0.00000000E+00  0.10000000E+04  0.00000000E+00  0.12500000E+03  0.00000000E+00  0.69999999E+00  0.10000000E+04
 -0.25000000E+00  0.32500000E+01  0.00000000E+00  0.00000000E+00  0.10000000E+04  0.00000000E+00  0.12500000E+03  0.00000000E+00  0.69999999E+00  0.10000000E+04
 -0.25000000E+00  0.37500000E+01  0.00000000E+00  0.00000000E+00  0.10000000E+04  0.00000000E+00  0.12500000E+03  0.00000000E+00  0.69999999E+00  0.10000000E+04
  0.80000000E+01  0.00000000E+00  0.00000000E+00  0.00000000E+00  0.10000000E+04  0.00000000E+00  0.12500000E+03  0.00000000E+00  0.69999999E+00  0.10000000E+04
  0.80000000E+01  0.50000000E+00  0.00000000E+00  0.00000000E+00  0.10000000E+04  0.00000000E+00  0.12500000E+03  0.00000000E+00  0.69999999E+00  0.10000000E+04
  0.80000000E+01  0.10000000E+01  0.00000000E+00  0.00000000E+00  0.10000000E+04  0.00000000E+00  0.12500000E+03  0.00000000E+00  0.69999999E+00  0.10000000E+04
  0.80000000E+01  0.15000000E+01  0.00000000E+00  0.00000000E+00  0.10000000E+04  0.00000000E+00  0.12500000E+03  0.00000000E+00  0.69999999E+00  0.10000000E+04
  0.80000000E+01  0.20000000E+01  0.00000000E+00  0.00000000E+00  0.10000000E+04  0.00000000E+00  0.12500000E+03  0.00000000E+00  0.69999999E+00  0.10000000E+04
  0.80000000E+01  0.25000000E+01  0.00000000E+00  0.00000000E+00  0.10000000E+04  0.00000000E+00  0.12500000E+03  0.00000000E+00  0.69999999E+00  0.10000000E+04
  0.80000000E+01  0.30000000E+01  0.00000000E+00  0.00000000E+00  0.10000000E+04  0.00000000E+00  0.12500000E+03  0.00000000E+00  0.69999999E+00  0.10000000E+04
  0.80000000E+01  0.35000000E+01  0.00000000E+00  0.00000000E+00  0.10000000E+04  0.00000000E+00  0.12500000E+03  0.00000000E+00  0.69999999E+00  0.10000000E+04
  0.80000000E+01  0.40000000E+01  0.00000000E+00  0.00000000E+00  0.10000000E+04  0.00000000E+00  0.12500000E+03  0.00000000E+00  0.69999999E+00  0.10000000E+04
  0.82500000E+01 -0.25000000E+00  0.00000000E+00  0.00000000E+00  0.10000000E+04  0.00000000E+00  0.12500000E+03  0.00000000E+00  0.69999999E+00  0.10000000E+04
  0.82500000E+01  0.25000000E+00  0.00000000E+00  0.00000000E+00  0.10000000E+04  0.00000000E+00  0.12500000E+03  0.00000000E+00  0.69999999E+00  0.10000000E+04
  0.82500000E+01  0.75000000E+00  0.00000000E+00  0.00000000E+00  0.10000000E+04  0.00000000E+00  0.12500000E+03  0.00000000E+00  0.69999999E+00  0.10000000E+04
  0.82500000E+01  0.12500000E+01  0.00000000E+00  0.00000000E+00  0.10000000E+04  0.00000000E+00  0.12500000E+03  0.00000000E+00  0.69999999E+00  0.10000000E+04
  0.82500000E+01  0.17500000E+01  0.00000000E+00  0.00000000E+00  0.10000000E+04  0.00000000E+00  0.12500000E+03  0.00000000E+00  0.69999999E+00  0.10000000E+04
  0.82500000E+01  0.22500000E+01  0.00000000E+00  0.00000000E+00  0.10000000E+04  0.00000000E+00  0.12500000E+03  0.00000000E+00  0.69999999E+00  0.10000000E+04
  0.82500000E+01  0.27500000E+01  0.00000000E+00  0.00000000E+00  0.10000000E+04  0.00000000E+00  0.12500000E+03  0.00000000E+00  0.69999999E+00  0.10000000E+04
  0.82500000E+01  0.32500000E+01  0.00000000E+00  0.00000000E+00  0.10000000E+04  0.00000000E+00  0.12500000E+03  0.00000000E+00  0.69999999E+00  0.10000000E+04
  0.82500000E+01  0.37500000E+01  0.00000000E+00  0.00000000E+00  0.10000000E+04  0.00000000E+00  0.12500000E+03  0.00000000E+00  0.69999999E+00  0.10000000E+04
  0.50000000E+00  0.00000000E+00  0.00000000E+00  0.00000000E+00  0.10095830E+04  0.19351090E+05  0.12500000E+03  0.21999907E-02  0.69999999E+00  0.99999750E+03
  0.10000000E+01  0.00000000E+00  0.00000000E+00  0.00000000E+00  0.10136001E+04  0.27797127E+05  0.12500000E+03  0.11216457E-02  0.69999999E+00  0.99999872E+03
  0.15000000E+01  0.00000000E+00  0.00000000E+00  0.00000000E+00  0.10036998E+04  0.73400361E+04  0.12500000E+03  0.32211987E-02  0.69999999E+00  0.99999634E+03
  0.20000000E+01  0.00000000E+00  0.00000000E+00  0.00000000E+00  0.10166212E+04  0.34282758E+05  0.12500000E+03  0.35344264E-02  0.69999999E+00  0.99999591E+03
  0.25000000E+01  0.00000000E+00  0.00000000E+00  0.00000000E+00  0.99146729E+03 -0.16318664E+05  0.12500000E+03 -0.53356146E-03  0.69999999E+00  0.10000006E+04
  0.30000000E+01  0.00000000E+00  0.00000000E+00  0.00000000E+00  0.10328181E+04  0.71086797E+05  0.12500000E+03  0.30254276E-03  0.69999999E+00  0.99999963E+03
  0.35000000E+01  0.00000000E+00  0.00000000E+00  0.00000000E+00  0.10209438E+04  0.43765801E+05  0.12500000E+03  0.12129164E-03  0.69999999E+00  0.99999988E+03
  0.40000000E+01  0.00000000E+00  0.00000000E+00  0.00000000E+00  0.10000682E+04  0.13381166E+03  0.12500000E+03 -0.64668793E-05  0.69999999E+00  0.10000000E+04
  0.45000000E+01  0.00000000E+00  0.00000000E+00  0.00000000E+00  0.10000000E+04  0.00000000E+00  0.12500000E+03  0.00000000E+00  0.69999999E+00  0.10000000E+04
  0.50000000E+01  0.00000000E+00  0.00000000E+00  0.00000000E+00  0.10000000E+04  0.00000000E+00  0.12500000E+03  0.00000000E+00  0.69999999E+00  0.10000000E+04
  0.55000000E+01  0.00000000E+00  0.00000000E+00  0.00000000E+00  0.10000000E+04  0.00000000E+00  0.12500000E+03  0.00000000E+00  0.69999999E+00  0.10000000E+04
  0.60000000E+01  0.00000000E+00  0.00000000E+00  0.00000000E+00  0.10000000E+04  0.00000000E+00  0.12500000E+03  0.00000000E+00  0.69999999E+00  0.10000000E+04
  0.65000000E+01  0.00000000E+00  0.00000000E+00  0.00000000E+00  0.10000000E+04  0.00000000E+00  0.12500000E+03  0.00000000E+00  0.69999999E+00  0.10000000E+04
  0.70000000E+01  0.00000000E+00  0.00000000E+00  0.00000000E+00  0.10000000E+04  0.00000000E+00  0.12500000E+03  0.00000000E+00  0.69999999E+00  0.10000000E+04
  0.75000000E+01  0.00000000E+00  0.00000000E+00  0.00000000E+00  0.10000000E+04  0.00000000E+00  0.12500000E+03  0.00000000E+00  0.69999999E+00  0.10000000E+04
  0.25000000E+00 -0.25000000E+00  0.00000000E+00  0.00000000E+00  0.10023091E+04  0.45619272E+04  0.12500000E+03  0.70334511E-03  0.69999999E+00  0.99999921E+03
  0.75000000E+00 -0.25000000E+00  0.00000000E+00  0.00000000E+00  0.10017256E+04  0.34031143E+04  0.12500000E+03  0.16334717E-02  0.69999999E+00  0.99999811E+03
  0.12500000E+01 -0.25000000E+00  0.00000000E+00  0.00000000E+00  0.99816418E+03 -0.35821082E+04  0.12500000E+03  0.13178332E-02  0.69999999E+00  0.99999847E+03
  0.17500000E+01 -0.25000000E+00  0.00000000E+00  0.00000000E+00  0.10085326E+04  0.17175729E+05  0.12500000E+03  0.19240810E-02  0.69999999E+00  0.99999780E+03
  0.22500000E+01 -0.25000000E+00  0.00000000E+00  0.00000000E+00  0.99981384E+03 -0.36501321E+03  0.12500000E+03  0.16396872E-02  0.69999999E+00  0.99999811E+03
  0.27500000E+01 -0.25000000E+00  0.00000000E+00  0.00000000E+00  0.99426819E+03 -0.11054293E+05  0.12500000E+03 -0.21668173E-04  0.69999999E+00  0.10000000E+04
  0.32500000E+01 -0.25000000E+00  0.00000000E+00  0.00000000E+00  0.10005402E+04  0.10614681E+04  0.12500000E+03  0.12342776E-03  0.69999999E+00  0.99999988E+03
  0.37500000E+01 -0.25000000E+00  0.00000000E+00  0.00000000E+00  0.10000502E+04  0.98481941E+02  0.12500000E+03 -0.94054758E-05  0.69999999E+00  0.10000000E+04
  0.42500000E+01 -0.25000000E+00  0.00000000E+00  0.00000000E+00  0.10000000E+04  0.00000000E+00  0.12500000E+03  0.00000000E+00  0.69999999E+00  0.10000000E+04
  0.47500000E+01 -0.25000000E+00  0.00000000E+00  0.00000000E+00  0.10000000E+04  0.00000000E+00  0.12500000E+03  0.00000000E+00  0.69999999E+00  0.10000000E+04
  0.52500000E+01 -0.25000000E+00  0.00000000E+00  0.00000000E+00  0.10000000E+04  0.00000000E+00  0.12500000E+03  0.00000000E+00  0.69999999E+00  0.10000000E+04
  0.57500000E+01 -0.25000000E+00  0.00000000E+00  0.00000000E+00  0.10000000E+04  0.00000000E+00  0.12500000E+03  0.00000000E+00  0.69999999E+00  0.10000000E+04
  0.62500000E+01 -0.25000000E+00  0.00000000E+00  0.00000000E+00  0.10000000E+04  0.00000000E+00  0.12500000E+03  0.00000000E+00  0.69999999E+00  0.10000000E+04
  0.67500000E+01 -0.25000000E+00  0.00000000E+00  0.00000000E+00  0.10000000E+04  0.00000000E+00  0.12500000E+03  0.00000000E+00  0.69999999E+00  0.10000000E+04
  0.72500000E+01 -0.25000000E+00  0.00000000E+00  0.00000000E+00  0.10000000E+04  0.00000000E+00  0.12500000E+03  0.00000000E+00  0.69999999E+00  0.10000000E+04
  0.77500000E+01 -0.25000000E+00  0.00000000E+00  0.00000000E+00  0.10000000E+04  0.00000000E+00  0.12500000E+03  0.00000000E+00  0.69999999E+00  0.10000000E+04
  0.40000000E+01  0.50000000E+00  0.00000000E+00  0.00000000E+00  0.10063804E+04  0.12760361E+05  0.12500000E+03 -0.10687123E-04  0.69999999E+00  0.10000000E+04
  0.37500000E+01  0.25000000E+00  0.00000000E+00  0.00000000E+00  0.10222065E+04  0.46581652E+05  0.12500000E+03 -0.63380437E-04  0.69999999E+00  0.10000001E+04
  0.40000000E+01  0.10000000E+01  0.00000000E+00  0.00000000E+00  0.10059813E+04  0.11948053E+05  0.12500000E+03  0.54493826E-05  0.69999999E+00  0.10000000E+04
  0.37500000E+01  0.75000000E+00  0.00000000E+00  0.00000000E+00  0.10683152E+04  0.16485434E+06  0.12500000E+03  0.31921081E-04  0.69999999E+00  0.99999994E+03
  0.40000000E+01  0.15000000E+01  0.00000000E+00  0.00000000E+00  0.10002012E+04  0.39504242E+03  0.12500000E+03  0.96991644E-05  0.69999999E+00  0.10000000E+04
  0.37500000E+01  0.12500000E+01  0.00000000E+00  0.00000000E+00  0.10321642E+04  0.69532609E+05  0.12500000E+03  0.50770228E-04  0.69999999E+00  0.99999994E+03
  0.40000000E+01  0.20000000E+01  0.00000000E+00  0.00000000E+00  0.10000000E+04  0.00000000E+00  0.12500000E+03  0.00000000E+00  0.69999999E+00  0.10000000E+04
  0.37500000E+01  0.17500000E+01  0.00000000E+00  0.00000000E+00  0.10028334E+04  0.56065415E+04  0.12500000E+03  0.38585742E-04  0.69999999E+00  0.99999994E+03
  0.45000000E+01  0.50000000E+00  0.00000000E+00  0.00000000E+00  0.10000000E+04  0.00000000E+00  0.12500000E+03  0.00000000E+00  0.69999999E+00  0.10000000E+04
  0.42500000E+01  0.25000000E+00  0.00000000E+00  0.00000000E+00  0.10000000E+04  0.00000000E+00  0.12500000E+03 -0.38542299E-06  0.69999999E+00  0.10000000E+04
  0.45000000E+01  0.10000000E+01  0.00000000E+00  0.00000000E+00  0.10000000E+04  0.00000000E+00  0.12500000E+03  0.00000000E+00  0.69999999E+00  0.10000000E+04
  0.42500000E+01  0.75000000E+00  0.00000000E+00  0.00000000E+00  0.10000734E+04  0.14387315E+03  0.12500000E+03 -0.21205852E-06  0.69999999E+00  0.10000000E+04
  0.45000000E+01  0.15000000E+01  0.00000000E+00  0.00000000E+00  0.10000000E+04  0.00000000E+00  0.12500000E+03  0.00000000E+00  0.69999999E+00  0.10000000E+04
  0.42500000E+01  0.12500000E+01  0.00000000E+00  0.00000000E+00  0.10000000E+04  0.00000000E+00  0.12500000E+03  0.00000000E+00  0.69999999E+00  0.10000000E+04
  0.45000000E+01  0.20000000E+01  0.00000000E+00  0.00000000E+00  0.10000000E+04  0.00000000E+00  0.12500000E+03  0.00000000E+00  0.69999999E+00  0.10000000E+04
  0.42500000E+01  0.17500000E+01  0.00000000E+00  0.00000000E+00  0.10000000E+04  0.00000000E+00  0.12500000E+03  0.00000000E+00  0.69999999E+00  0.10000000E+04
  0.50000000E+01  0.50000000E+00  0.00000000E+00  0.00000000E+00  0.10000000E+04  0.00000000E+00  0.12500000E+03  0.00000000E+00  0.69999999E+00  0.10000000E+04
  0.47500000E+01  0.25000000E+00  0.00000000E+00  0.00000000E+00  0.10000000E+04  0.00000000E+00  0.12500000E+03  0.00000000E+00  0.69999999E+00  0.10000000E+04
  0.50000000E+01  0.10000000E+01  0.00000000E+00  0.00000000E+00  0.10000000E+04  0.00000000E+00  0.12500000E+03  0.00000000E+00  0.69999999E+00  0.10000000E+04
  0.47500000E+01  0.75000000E+00  0.00000000E+00  0.00000000E+00  0.10000000E+04  0.00000000E+00  0.12500000E+03  0.00000000E+00  0.69999999E+00  0.10000000E+04
  0.50000000E+01  0.15000000E+01  0.00000000E+00  0.00000000E+00  0.10000000E+04  0.00000000E+00  0.12500000E+03  0.00000000E+00  0.69999999E+00  0.10000000E+04
  0.47500000E+01  0.12500000E+01  0.00000000E+00  0.00000000E+00  0.10000000E+04  0.00000000E+00  0.12500000E+03  0.00000000E+00  0.69999999E+00  0.10000000E+04
  0.50000000E+01  0.20000000E+01  0.00000000E+00  0.00000000E+00  0.10000000E+04  0.00000000E+00  0.12500000E+03  0.00000000E+00  0.69999999E+00  0.10000000E+04
  0.47500000E+01  0.17500000E+01  0.00000000E+00  0.00000000E+00  0.10000000E+04  0.00000000E+00  0.12500000E+03  0.00000000E+00  0.69999999E+00  0.10000000E+04
  0.73714578E+00  0.24116740E+00 -0.22502701E+00  0.16761264E+00  0.10028974E+04  0.57343145E+04  0.12576698E+03  0.12576698E+03  0.10000000E+01  0.00000000E+00
  0.50704658E+00  0.51581407E+00 -0.32994874E-01 -0.31598844E-01  0.10090617E+04  0.18269734E+05  0.12561582E+03  0.12561361E+03  0.10000000E+01  0.00000000E+00
  0.73103714E+00  0.71056712E+00 -0.25795519E+00 -0.15492392E+00  0.10094915E+04  0.19160936E+05  0.12546356E+03  0.12546356E+03  0.10000000E+01  0.00000000E+00
  0.60761303E+00  0.94124007E+00  0.13736855E+01 -0.70734507E+00  0.99957477E+03 -0.83321722E+03  0.12531018E+03  0.12531018E+03  0.10000000E+01  0.00000000E+00
  0.82608461E+00  0.12247190E+01  0.77051508E+00  0.23681712E+00  0.10015386E+04  0.30325347E+04  0.12515567E+03  0.12515567E+03  0.10000000E+01  0.00000000E+00
  0.70645678E+00  0.13577268E+01  0.22633295E+01 -0.18262208E+00  0.10111378E+04  0.22596322E+05  0.12500000E+03  0.12500000E+03  0.10000000E+01  0.00000000E+00
  0.12850525E+01  0.22217381E+00  0.23923938E+00 -0.70985302E-01  0.99960577E+03 -0.77255554E+03  0.12576698E+03  0.12576477E+03  0.10000000E+01  0.00000000E+00
  0.10298063E+01  0.47058833E+00  0.29783723E+00  0.60871016E-01  0.10023488E+04  0.46409067E+04  0.12561582E+03  0.12561361E+03  0.10000000E+01  0.00000000E+00
  0.13359892E+01  0.67333174E+00  0.51568472E+00 -0.40388185E+00  0.10044009E+04  0.87493037E+04  0.12546356E+03  0.12546356E+03  0.10000000E+01  0.00000000E+00
  0.10752829E+01  0.93109798E+00  0.49587020E+00 -0.20274282E+00  0.10115805E+04  0.23525645E+05  0.12531018E+03  0.12531018E+03  0.10000000E+01  0.00000000E+00
  0.13577724E+01  0.11667571E+01  0.79703563E+00 -0.22807764E-02  0.10032687E+04  0.64764590E+04  0.12515567E+03  0.12515567E+03  0.10000000E+01  0.00000000E+00
  0.10733360E+01  0.14473612E+01  0.53263688E+00  0.34116510E+00  0.10029713E+04  0.58818970E+04  0.12500000E+03  0.12500000E+03  0.10000000E+01  0.00000000E+00
  0.18468957E+01  0.24401355E+00  0.10116049E+01  0.18311575E+00  0.10066902E+04  0.13392467E+05  0.12576698E+03  0.12576477E+03  0.10000000E+01  0.00000000E+00
  0.15887606E+01  0.47272700E+00  0.35929757E+00  0.41304678E-01  0.10002833E+04  0.55619183E+03  0.12561582E+03  0.12561361E+03  0.10000000E+01  0.00000000E+00
  0.19129357E+01  0.68755567E+00  0.87005472E+00  0.11402993E-01  0.10103772E+04  0.21004920E+05  0.12546356E+03  0.12546356E+03  0.10000000E+01  0.00000000E+00
  0.16000614E+01  0.90603065E+00  0.34805346E+00 -0.33830383E+00  0.99869696E+03 -0.25465479E+04  0.12531018E+03  0.12531018E+03  0.10000000E+01  0.00000000E+00
  0.18443785E+01  0.10878203E+01  0.20156175E+00 -0.37684733E+00  0.99701709E+03 -0.58003657E+04  0.12515567E+03  0.12515567E+03  0.10000000E+01  0.00000000E+00
  0.15849228E+01  0.13772492E+01  0.52435255E+00 -0.19352190E+00  0.99948602E+03 -0.10068573E+04  0.12500000E+03  0.12500000E+03  0.10000000E+01  0.00000000E+00
  0.22518954E+01  0.32714626E+00 -0.89791226E+00  0.56734776E+00  0.10073470E+04  0.14736425E+05  0.12576698E+03  0.12576698E+03  0.10000000E+01  0.00000000E+00
  0.22276917E+01  0.50465786E+00  0.18065460E+01 -0.12184979E+00  0.10064396E+04  0.12881147E+05  0.12561582E+03  0.12561582E+03  0.10000000E+01  0.00000000E+00
  0.26675010E+01  0.65699899E+00  0.12459493E+01 -0.84268165E+00  0.98858594E+03 -0.21641959E+05  0.12546356E+03  0.12546356E+03  0.10000000E+01  0.00000000E+00
  0.22405486E+01  0.83465779E+00  0.15574909E+01 -0.64053506E+00  0.10133984E+04  0.27368232E+05  0.12531018E+03  0.12531018E+03  0.10000000E+01  0.00000000E+00
  0.25428019E+01  0.10128407E+01  0.17505388E+01 -0.60105062E+00  0.10108416E+04  0.21975717E+05  0.12515567E+03  0.12515567E+03  0.10000000E+01  0.00000000E+00
  0.20727777E+01  0.12606597E+01  0.47121219E-01 -0.55756903E+00  0.99583936E+03 -0.80619922E+04  0.12500000E+03  0.12500000E+03  0.10000000E+01  0.00000000E+00
  0.27568765E+01  0.70723546E+00 -0.73345430E-01  0.18598862E+01  0.99952551E+03 -0.92966943E+03  0.12561582E+03  0.12561399E+03  0.10000000E+01  0.00000000E+00
  0.30521526E+01  0.73729610E+00  0.18190806E+01 -0.30723578E+00  0.10217602E+04  0.45583934E+05  0.12531018E+03  0.12531018E+03  0.10000000E+01  0.00000000E+00
  0.28617821E+01  0.12285895E+01  0.21657021E+01  0.44251218E-01  0.10123414E+04  0.25128951E+05  0.12500000E+03  0.12500000E+03  0.10000000E+01  0.00000000E+00
