  0.00000000E+00  0.00000000E+00  0.00000000E+00  0.00000000E+00  0.10008649E+04  0.17012710E+04  0.12500000E+03  0.18223706E-02  0.69999999E+00  0.99999792E+03
  0.00000000E+00  0.50000000E+00  0.00000000E+00  0.00000000E+00  0.10012958E+04  0.25522739E+04  0.12500000E+03  0.12401531E-02  0.69999999E+00  0.99999860E+03
  0.00000000E+00  0.10000000E+01  0.00000000E+00  0.00000000E+00  0.10060137E+04  0.12013752E+05  0.12500000E+03  0.22307730E-02  0.69999999E+00  0.99999744E+03
  0.00000000E+00  0.15000000E+01  0.00000000E+00  0.00000000E+00  0.10218610E+04  0.45808887E+05  0.12500000E+03  0.83329075E-03  0.69999999E+00  0.99999902E+03
  0.00000000E+00  0.20000000E+01  0.00000000E+00  0.00000000E+00  0.10090057E+04  0.18153959E+05  0.12500000E+03 -0.59759617E-03  0.69999999E+00  0.10000007E+04
  0.00000000E+00  0.25000000E+01  0.00000000E+00  0.00000000E+00  0.10002484E+04  0.48778732E+03  0.12500000E+03  0.11101574E-03  0.69999999E+00  0.99999988E+03
  0.00000000E+00  0.30000000E+01  0.00000000E+00  0.00000000E+00  0.10000000E+04  0.00000000E+00  0.12500000E+03  0.00000000E+00  0.69999999E+00  0.10000000E+04
  0.00000000E+00  0.35000000E+01  0.00000000E+00  0.00000000E+00  0.10000000E+04  0.00000000E+00  0.12500000E+03  0.00000000E+00  0.69999999E+00  0.10000000E+04
  0.00000000E+00  0.40000000E+01  0.00000000E+00  0.00000000E+00  0.10000000E+04  0.00000000E+00  0.12500000E+03  0.00000000E+00  0.69999999E+00  0.10000000E+04
 -0.25000000E+00 -0.25000000E+00  0.00000000E+00  0.00000000E+00  0.10006414E+04  0.12607445E+04  0.12500000E+03  0.52005530E-03  0.69999999E+00  0.99999939E+03
 -0.25000000E+00  0.25000000E+00  0.00000000E+00  0.00000000E+00  0.10011429E+04  0.22502283E+04  0.12500000E+03  0.72317623E-03  0.69999999E+00  0.99999915E+03
 -0.25000000E+00  0.75000000E+00  0.00000000E+00  0.00000000E+00  0.10006598E+04  0.12971389E+04  0.12500000E+03 -0.33976256E-04  0.69999999E+00  0.10000001E+04
 -0.25000000E+00  0.12500000E+01  0.00000000E+00  0.00000000E+00  0.10025792E+04  0.50997388E+04  0.12500000E+03  0.73796505E-03  0.69999999E+00  0.99999915E+03
 -0.25000000E+00  0.17500000E+01  0.00000000E+00  0.00000000E+00  0.10006393E+04  0.12567531E+04  0.12500000E+03 -0.18382867E-03  0.69999999E+00  0.10000002E+04
 -0.25000000E+00  0.22500000E+01  0.00000000E+00  0.00000000E+00  0.10004747E+04  0.93267188E+03  0.12500000E+03 -0.78150333E-04  0.69999999E+00  0.10000001E+04
 -0.25000000E+00  0.27500000E+01  0.00000000E+00  0.00000000E+00  0.10000000E+04  0.00000000E+00  0.12500000E+03  0.00000000E+00  0.69999999E+00  0.10000000E+04
 -0.25000000E+00  0.32500000E+01  0.00000000E+00  0.00000000E+00  0.10000000E+04  0.00000000E+00  0.12500000E+03  0.00000000E+00  0.69999999E+00  0.10000000E+04
 -0.25000000E+00  0.37500000E+01  0.00000000E+00  0.00000000E+00  0.10000000E+04  0.00000000E+00  0.12500000E+03  0.00000000E+00  0.69999999E+00  0.10000000E+04
  0.80000000E+01  0.00000000E+00  0.00000000E+00  0.00000000E+00  0.10000000E+04  0.00000000E+00  0.12500000E+03  0.00000000E+00  0.69999999E+00  0.10000000E+04
  0.80000000E+01  0.50000000E+00  0.00000000E+00  0.00000000E+00  0.10000000E+04  0.00000000E+00  0.12500000E+03  0.00000000E+00  0.69999999E+00  0.10000000E+04
  0.80000000E+01  0.10000000E+01  0.00000000E+00  0.00000000E+00  0.10000000E+04  0.00000000E+00  0.12500000E+03  0.00000000E+00  0.69999999E+00  0.10000000E+04
  0.80000000E+01  0.15000000E+01  0.00000000E+00  0.00000000E+00  0.10000000E+04  0.00000000E+00  0.12500000E+03  0.00000000E+00  0.69999999E+00  0.10000000E+04
  0.80000000E+01  0.20000000E+01  0.00000000E+00  0.00000000E+00  0.10000000E+04  0.00000000E+00  0.12500000E+03  0.00000000E+00  0.69999999E+00  0.10000000E+04
  0.80000000E+01  0.25000000E+01  0.00000000E+00  0.00000000E+00  0.10000000E+04  0.00000000E+00  0.12500000E+03  0.00000000E+00  0.69999999E+00  0.10000000E+04
  0.80000000E+01  0.30000000E+01  0.00000000E+00  0.00000000E+00  0.10000000E+04  0.00000000E+00  0.12500000E+03  0.00000000E+00  0.69999999E+00  0.10000000E+04
  0.80000000E+01  0.35000000E+01  0.00000000E+00  0.00000000E+00  0.10000000E+04  0.00000000E+00  0.12500000E+03  0.00000000E+00  0.69999999E+00  0.10000000E+04
  0.80000000E+01  0.40000000E+01  0.00000000E+00  0.00000000E+00  0.10000000E+04  0.00000000E+00  0.12500000E+03  0.00000000E+00  0.69999999E+00  0.10000000E+04
  0.82500000E+01 -0.25000000E+00  0.00000000E+00  0.00000000E+00  0.10000000E+04  0.00000000E+00  0.12500000E+03  0.00000000E+00  0.69999999E+00  0.10000000E+04
  0.82500000E+01  0.25000000E+00  0.00000000E+00  0.00000000E+00  0.10000000E+04  0.00000000E+00  0.12500000E+03  0.00000000E+00  0.69999999E+00  0.10000000E+04
  0.82500000E+01  0.75000000E+00  0.00000000E+00  0.00000000E+00  0.10000000E+04  0.00000000E+00  0.12500000E+03  0.00000000E+00  0.69999999E+00  0.10000000E+04
  0.82500000E+01  0.12500000E+01  0.00000000E+00  0.00000000E+00  0.10000000E+04  0.00000000E+00  0.12500000E+03  0.00000000E+00  0.69999999E+00  0.10000000E+04
  0.82500000E+01  0.17500000E+01  0.00000000E+00  0.00000000E+00  0.10000000E+04  0.00000000E+00  0.12500000E+03  0.00000000E+00  0.69999999E+00  0.10000000E+04
  0.82500000E+01  0.22500000E+01  0.00000000E+00  0.00000000E+00  0.10000000E+04  0.00000000E+00  0.12500000E+03  0.00000000E+00  0.69999999E+00  0.10000000E+04
  0.82500000E+01  0.27500000E+01  0.00000000E+00  0.00000000E+00  0.10000000E+04  0.00000000E+00  0.12500000E+03  0.00000000E+00  0.69999999E+00  0.10000000E+04
  0.82500000E+01  0.32500000E+01  0.00000000E+00  0.00000000E+00  0.10000000E+04  0.00000000E+00  0.12500000E+03  0.00000000E+00  0.69999999E+00  0.10000000E+04
  0.82500000E+01  0.37500000E+01  0.00000000E+00  0.00000000E+00  0.10000000E+04  0.00000000E+00  0.12500000E+03  0.00000000E+00  0.69999999E+00  0.10000000E+04
  0.50000000E+00  0.00000000E+00  0.00000000E+00  0.00000000E+00  0.10137811E+04  0.28182350E+05  0.12500000E+03  0.87167788E-02  0.69999999E+00  0.99998993E+03
  0.10000000E+01  0.00000000E+00  0.00000000E+00  0.00000000E+00  0.10013463E+04  0.26522314E+04  0.12500000E+03  0.34447014E-02  0.69999999E+00  0.99999603E+03
  0.15000000E+01  0.00000000E+00  0.00000000E+00  0.00000000E+00  0.10490627E+04  0.11164669E+06  0.12500000E+03  0.15556964E-01  0.69999999E+00  0.99998132E+03
  0.20000000E+01  0.00000000E+00  0.00000000E+00  0.00000000E+00  0.11553879E+04  0.49007819E+06  0.12500000E+03  0.17330630E-01  0.69999999E+00  0.99997711E+03
  0.25000000E+01  0.00000000E+00  0.00000000E+00  0.00000000E+00  0.99837854E+03 -0.31659194E+04  0.12500000E+03  0.13892564E-02  0.69999999E+00  0.99999841E+03
  0.30000000E+01  0.00000000E+00  0.00000000E+00  0.00000000E+00  0.10082750E+04  0.16644270E+05  0.12500000E+03  0.34201702E-02  0.69999999E+00  0.99999603E+03
  0.35000000E+01  0.00000000E+00  0.00000000E+00  0.00000000E+00  0.10008715E+04  0.17142020E+04  0.12500000E+03  0.13850932E-02  0.69999999E+00  0.99999841E+03
  0.40000000E+01  0.00000000E+00  0.00000000E+00  0.00000000E+00  0.10000131E+04  0.25728762E+02  0.12500000E+03 -0.50405528E-04  0.69999999E+00  0.10000001E+04
  0.45000000E+01  0.00000000E+00  0.00000000E+00  0.00000000E+00  0.10000000E+04  0.00000000E+00  0.12500000E+03  0.00000000E+00  0.69999999E+00  0.10000000E+04
  0.50000000E+01  0.00000000E+00  0.00000000E+00  0.00000000E+00  0.10000000E+04  0.00000000E+00  0.12500000E+03  0.00000000E+00  0.69999999E+00  0.10000000E+04
  0.55000000E+01  0.00000000E+00  0.00000000E+00  0.00000000E+00  0.10000000E+04  0.00000000E+00  0.12500000E+03  0.00000000E+00  0.69999999E+00  0.10000000E+04
  0.60000000E+01  0.00000000E+00  0.00000000E+00  0.00000000E+00  0.10000000E+04  0.00000000E+00  0.12500000E+03  0.00000000E+00  0.69999999E+00  0.10000000E+04
  0.65000000E+01  0.00000000E+00  0.00000000E+00  0.00000000E+00  0.10000000E+04  0.00000000E+00  0.12500000E+03  0.00000000E+00  0.69999999E+00  0.10000000E+04
  0.70000000E+01  0.00000000E+00  0.00000000E+00  0.00000000E+00  0.10000000E+04  0.00000000E+00  0.12500000E+03  0.00000000E+00  0.69999999E+00  0.10000000E+04
  0.75000000E+01  0.00000000E+00  0.00000000E+00  0.00000000E+00  0.10000000E+04  0.00000000E+00  0.12500000E+03  0.00000000E+00  0.69999999E+00  0.10000000E+04
  0.25000000E+00 -0.25000000E+00  0.00000000E+00  0.00000000E+00  0.10052322E+04  0.10428154E+05  0.12500000E+03  0.27088579E-02  0.69999999E+00  0.99999689E+03
  0.75000000E+00 -0.25000000E+00  0.00000000E+00  0.00000000E+00  0.10212729E+04  0.44497527E+05  0.12500000E+03  0.66551999E-02  0.69999999E+00  0.99999225E+03
  0.12500000E+01 -0.25000000E+00  0.00000000E+00  0.00000000E+00  0.10094443E+04  0.19063176E+05  0.12500000E+03  0.54359203E-02  0.69999999E+00  0.99999371E+03
  0.17500000E+01 -0.25000000E+00  0.00000000E+00  0.00000000E+00  0.10175233E+04  0.36241801E+05  0.12500000E+03  0.82242340E-02  0.69999999E+00  0.99999042E+03
  0.22500000E+01 -0.25000000E+00  0.00000000E+00  0.00000000E+00  0.10000891E+04  0.17499550E+03  0.12500000E+03  0.72814999E-02  0.69999999E+00  0.99999170E+03
  0.27500000E+01 -0.25000000E+00  0.00000000E+00  0.00000000E+00  0.10006842E+04  0.13452798E+04  0.12500000E+03  0.13070654E-02  0.69999999E+00  0.99999854E+03
  0.32500000E+01 -0.25000000E+00  0.00000000E+00  0.00000000E+00  0.10002179E+04  0.42782803E+03  0.12500000E+03  0.15043542E-02  0.69999999E+00  0.99999829E+03
  0.37500000E+01 -0.25000000E+00  0.00000000E+00  0.00000000E+00  0.10000071E+04  0.13799721E+02  0.12500000E+03 -0.13200220E-03  0.69999999E+00  0.10000001E+04
  0.42500000E+01 -0.25000000E+00  0.00000000E+00  0.00000000E+00  0.10000000E+04  0.00000000E+00  0.12500000E+03 -0.83253944E-40  0.69999999E+00  0.10000000E+04
  0.47500000E+01 -0.25000000E+00  0.00000000E+00  0.00000000E+00  0.10000000E+04  0.00000000E+00  0.12500000E+03  0.00000000E+00  0.69999999E+00  0.10000000E+04
  0.52500000E+01 -0.25000000E+00  0.00000000E+00  0.00000000E+00  0.10000000E+04  0.00000000E+00  0.12500000E+03  0.00000000E+00  0.69999999E+00  0.10000000E+04
  0.57500000E+01 -0.25000000E+00  0.00000000E+00  0.00000000E+00  0.10000000E+04  0.00000000E+00  0.12500000E+03  0.00000000E+00  0.69999999E+00  0.10000000E+04
  0.62500000E+01 -0.25000000E+00  0.00000000E+00  0.00000000E+00  0.10000000E+04  0.00000000E+00  0.12500000E+03  0.00000000E+00  0.69999999E+00  0.10000000E+04
  0.67500000E+01 -0.25000000E+00  0.00000000E+00  0.00000000E+00  0.10000000E+04  0.00000000E+00  0.12500000E+03  0.00000000E+00  0.69999999E+00  0.10000000E+04
  0.72500000E+01 -0.25000000E+00  0.00000000E+00  0.00000000E+00  0.10000000E+04  0.00000000E+00  0.12500000E+03  0.00000000E+00  0.69999999E+00  0.10000000E+04
  0.77500000E+01 -0.25000000E+00  0.00000000E+00  0.00000000E+00  0.10000000E+04  0.00000000E+00  0.12500000E+03  0.00000000E+00  0.69999999E+00  0.10000000E+04
  0.40000000E+01  0.50000000E+00  0.00000000E+00  0.00000000E+00  0.10004330E+04  0.85058771E+03  0.12500000E+03 -0.15863737E-03  0.69999999E+00  0.10000002E+04
  0.37500000E+01  0.25000000E+00  0.00000000E+00  0.00000000E+00  0.10001306E+04  0.25644244E+03  0.12500000E+03 -0.63612050E-03  0.69999999E+00  0.10000007E+04
  0.40000000E+01  0.10000000E+01  0.00000000E+00  0.00000000E+00  0.10019757E+04  0.38992864E+04  0.12500000E+03 -0.22281223E-04  0.69999999E+00  0.10000000E+04
  0.37500000E+01  0.75000000E+00  0.00000000E+00  0.00000000E+00  0.10010350E+04  0.20369369E+04  0.12500000E+03  0.50619186E-03  0.69999999E+00  0.99999945E+03
  0.40000000E+01  0.15000000E+01  0.00000000E+00  0.00000000E+00  0.10020417E+04  0.40304302E+04  0.12500000E+03  0.18985671E-03  0.69999999E+00  0.99999976E+03
  0.37500000E+01  0.12500000E+01  0.00000000E+00  0.00000000E+00  0.10177131E+04  0.36655547E+05  0.12500000E+03  0.49402635E-03  0.69999999E+00  0.99999945E+03
  0.40000000E+01  0.20000000E+01  0.00000000E+00  0.00000000E+00  0.10013405E+04  0.26406782E+04  0.12500000E+03  0.74383162E-04  0.69999999E+00  0.99999994E+03
  0.37500000E+01  0.17500000E+01  0.00000000E+00  0.00000000E+00  0.10187015E+04  0.38816445E+05  0.12500000E+03  0.65233832E-03  0.69999999E+00  0.99999927E+03
  0.45000000E+01  0.50000000E+00  0.00000000E+00  0.00000000E+00  0.10000000E+04  0.00000000E+00  0.12500000E+03  0.28025969E-43  0.69999999E+00  0.10000000E+04
  0.42500000E+01  0.25000000E+00  0.00000000E+00  0.00000000E+00  0.10000018E+04  0.35083482E+01  0.12500000E+03 -0.74084828E-05  0.69999999E+00  0.10000000E+04
  0.45000000E+01  0.10000000E+01  0.00000000E+00  0.00000000E+00  0.10000000E+04  0.00000000E+00  0.12500000E+03  0.00000000E+00  0.69999999E+00  0.10000000E+04
  0.42500000E+01  0.75000000E+00  0.00000000E+00  0.00000000E+00  0.10000934E+04  0.18318608E+03  0.12500000E+03 -0.62608265E-05  0.69999999E+00  0.10000000E+04
  0.45000000E+01  0.15000000E+01  0.00000000E+00  0.00000000E+00  0.10000000E+04  0.00000000E+00  0.12500000E+03 -0.00000000E+00  0.69999999E+00  0.10000000E+04
  0.42500000E+01  0.12500000E+01  0.00000000E+00  0.00000000E+00  0.10000088E+04  0.17308216E+02  0.12500000E+03  0.41394214E-05  0.69999999E+00  0.10000000E+04
  0.45000000E+01  0.20000000E+01  0.00000000E+00  0.00000000E+00  0.10000000E+04  0.00000000E+00  0.12500000E+03  0.00000000E+00  0.69999999E+00  0.10000000E+04
  0.42500000E+01  0.17500000E+01  0.00000000E+00  0.00000000E+00  0.10000021E+04  0.39761310E+01  0.12500000E+03  0.68672739E-05  0.69999999E+00  0.10000000E+04
  0.50000000E+01  0.50000000E+00  0.00000000E+00  0.00000000E+00  0.10000000E+04  0.00000000E+00  0.12500000E+03  0.00000000E+00  0.69999999E+00  0.10000000E+04
  0.47500000E+01  0.25000000E+00  0.00000000E+00  0.00000000E+00  0.10000000E+04  0.00000000E+00  0.12500000E+03  0.00000000E+00  0.69999999E+00  0.10000000E+04
  0.50000000E+01  0.10000000E+01  0.00000000E+00  0.00000000E+00  0.10000000E+04  0.00000000E+00  0.12500000E+03  0.00000000E+00  0.69999999E+00  0.10000000E+04
  0.47500000E+01  0.75000000E+00  0.00000000E+00  0.00000000E+00  0.10000000E+04  0.00000000E+00  0.12500000E+03  0.00000000E+00  0.69999999E+00  0.10000000E+04
  0.50000000E+01  0.15000000E+01  0.00000000E+00  0.00000000E+00  0.10000000E+04  0.00000000E+00  0.12500000E+03  0.00000000E+00  0.69999999E+00  0.10000000E+04
  0.47500000E+01  0.12500000E+01  0.00000000E+00  0.00000000E+00  0.10000000E+04  0.00000000E+00  0.12500000E+03  0.00000000E+00  0.69999999E+00  0.10000000E+04
  0.50000000E+01  0.20000000E+01  0.00000000E+00  0.00000000E+00  0.10000000E+04  0.00000000E+00  0.12500000E+03  0.00000000E+00  0.69999999E+00  0.10000000E+04
  0.47500000E+01  0.17500000E+01  0.00000000E+00  0.00000000E+00  0.10000000E+04  0.00000000E+00  0.12500000E+03  0.00000000E+00  0.69999999E+00  0.10000000E+04
  0.24012640E+01  0.16458757E+01  0.15771859E+01 -0.14007503E+00  0.10125524E+04  0.25574830E+05  0.12576698E+03  0.12576674E+03  0.10000000E+01  0.00000000E+00
  0.14520351E+01  0.96318030E+00  0.17215614E+01  0.16123974E+00  0.99669305E+03 -0.64241733E+04  0.12561582E+03  0.12561256E+03  0.10000000E+01  0.00000000E+00
  0.15017315E+01  0.90304554E+00  0.89363289E+00  0.77089518E+00  0.99873096E+03 -0.24804021E+04  0.12546356E+03  0.12546333E+03  0.10000000E+01  0.00000000E+00
  0.10817449E+01  0.13770193E+01  0.64489532E+00 -0.19788536E+01  0.10065339E+04  0.13073472E+05  0.12531018E+03  0.12531018E+03  0.10000000E+01  0.00000000E+00
  0.10689689E+01  0.11559570E+01  0.20687721E+01 -0.29735680E+01  0.99788568E+03 -0.41220293E+04  0.12515567E+03  0.12515567E+03  0.10000000E+01  0.00000000E+00
  0.26714668E+01  0.23094893E+01 -0.22795078E+00  0.15696568E+01  0.99407410E+03 -0.11421939E+05  0.12500000E+03  0.12500000E+03  0.10000000E+01  0.00000000E+00
  0.27081962E+01  0.17708268E+01  0.85045063E+00  0.40850714E+00  0.10119685E+04  0.24342346E+05  0.12576698E+03  0.12575494E+03  0.10000000E+01  0.00000000E+00
  0.14870991E+01  0.10525291E+01  0.13611295E+01  0.13782702E-01  0.10008843E+04  0.17395953E+04  0.12561582E+03  0.12560624E+03  0.10000000E+01  0.00000000E+00
  0.16831751E+01  0.13111863E+01  0.61032891E+00  0.53423715E+00  0.10164637E+04  0.33941828E+05  0.12546356E+03  0.12546037E+03  0.10000000E+01  0.00000000E+00
  0.17040880E+01  0.10027546E+01  0.26570764E+01  0.21927485E+01  0.10089401E+04  0.18017992E+05  0.12531018E+03  0.12531038E+03  0.10000000E+01  0.00000000E+00
  0.15287094E+01  0.16102029E+01  0.81637532E+00  0.16236097E+00  0.10128292E+04  0.26160607E+05  0.12515567E+03  0.12515567E+03  0.10000000E+01  0.00000000E+00
  0.97510898E+00  0.14824424E+01  0.41708148E+00 -0.92899090E+00  0.99684393E+03 -0.61338799E+04  0.12500000E+03  0.12500000E+03  0.10000000E+01  0.00000000E+00
  0.26422908E+01  0.18988776E+01  0.42009001E+01  0.21115499E+01  0.98685321E+03 -0.24798729E+05  0.12576698E+03  0.12575644E+03  0.10000000E+01  0.00000000E+00
  0.25000823E+01  0.16410292E+01  0.94910258E+00  0.28651476E+01  0.10078932E+04  0.15858044E+05  0.12561582E+03  0.12561089E+03  0.10000000E+01  0.00000000E+00
  0.24697385E+01  0.11843379E+01 -0.11995917E+00  0.20009477E+01  0.10208751E+04  0.43613004E+05  0.12546356E+03  0.12546005E+03  0.10000000E+01  0.00000000E+00
  0.26189926E+01  0.12333634E+01  0.96421647E+00  0.16405082E+01  0.10055199E+04  0.11010979E+05  0.12531018E+03  0.12531018E+03  0.10000000E+01  0.00000000E+00
  0.25567026E+01  0.88867545E+00 -0.37918097E+00  0.11215266E+01  0.10144409E+04  0.29590471E+05  0.12515567E+03  0.12515559E+03  0.10000000E+01  0.00000000E+00
  0.23357174E+01  0.21490185E+01 -0.65630317E-01 -0.31628066E+00  0.99979498E+03 -0.40204108E+03  0.12500000E+03  0.12500000E+03  0.10000000E+01  0.00000000E+00
  0.15054109E+01  0.15278504E+01 -0.15208611E+01  0.10067892E+01  0.10065493E+04  0.13104847E+05  0.12576698E+03  0.12576566E+03  0.10000000E+01  0.00000000E+00
  0.24492626E+01  0.17060833E+01  0.23890181E+01  0.27967744E+01  0.10139257E+04  0.28490471E+05  0.12561582E+03  0.12561221E+03  0.10000000E+01  0.00000000E+00
  0.25925512E+01  0.87993181E+00 -0.27555611E+01  0.41935593E+00  0.10066943E+04  0.13400987E+05  0.12546356E+03  0.12546202E+03  0.10000000E+01  0.00000000E+00
  0.25680804E+01  0.95855784E+00 -0.36325598E+01  0.96370637E-01  0.10032999E+04  0.65389556E+04  0.12531018E+03  0.12530890E+03  0.10000000E+01  0.00000000E+00
  0.27061648E+01  0.24009602E+01 -0.59556341E+00  0.13621764E+01  0.99692914E+03 -0.59698643E+04  0.12515567E+03  0.12515567E+03  0.10000000E+01  0.00000000E+00
  0.30115142E+01  0.13512397E+01 -0.48105514E+00 -0.32905793E+01  0.10181017E+04  0.37503445E+05  0.12500000E+03  0.12500012E+03  0.10000000E+01  0.00000000E+00
  0.16495013E+01  0.17316000E+01  0.62849599E+00 -0.12396103E+01  0.10331479E+04  0.71873078E+05  0.12561582E+03  0.12561399E+03  0.10000000E+01  0.00000000E+00
  0.29876103E+01  0.21493182E+01 -0.52436382E+00  0.24611962E+01  0.10074611E+04  0.14970386E+05  0.12531018E+03  0.12531004E+03  0.10000000E+01  0.00000000E+00
  0.15143466E+01  0.20426247E+01 -0.75987816E+00  0.10788073E+00  0.10096379E+04  0.19465281E+05  0.12500000E+03  0.12500000E+03  0.10000000E+01  0.00000000E+00
