  0.00000000E+00  0.00000000E+00  0.00000000E+00  0.00000000E+00  0.10025681E+04  0.50776489E+04  0.12500000E+03  0.24538441E-03  0.69999999E+00  0.99999969E+03
  0.00000000E+00  0.50000000E+00  0.00000000E+00  0.00000000E+00  0.10066937E+04  0.13399770E+05  0.12500000E+03  0.21518506E-03  0.69999999E+00  0.99999976E+03
  0.00000000E+00  0.10000000E+01  0.00000000E+00  0.00000000E+00  0.99936389E+03 -0.12456506E+04  0.12500000E+03  0.36663644E-03  0.69999999E+00  0.99999957E+03
  0.00000000E+00  0.15000000E+01  0.00000000E+00  0.00000000E+00  0.10034025E+04  0.67441782E+04  0.12500000E+03 -0.28359531E-04  0.69999999E+00  0.10000001E+04
  0.00000000E+00  0.20000000E+01  0.00000000E+00  0.00000000E+00  0.99695911E+03 -0.59121113E+04  0.12500000E+03 -0.18097152E-03  0.69999999E+00  0.10000002E+04
  0.00000000E+00  0.25000000E+01  0.00000000E+00  0.00000000E+00  0.99985205E+03 -0.29012701E+03  0.12500000E+03  0.41968779E-04  0.69999999E+00  0.99999994E+03
  0.00000000E+00  0.30000000E+01  0.00000000E+00  0.00000000E+00  0.10000000E+04  0.00000000E+00  0.12500000E+03  0.00000000E+00  0.69999999E+00  0.10000000E+04
  0.00000000E+00  0.35000000E+01  0.00000000E+00  0.00000000E+00  0.10000000E+04  0.00000000E+00  0.12500000E+03  0.00000000E+00  0.69999999E+00  0.10000000E+04
  0.00000000E+00  0.40000000E+01  0.00000000E+00  0.00000000E+00  0.10000000E+04  0.00000000E+00  0.12500000E+03  0.00000000E+00  0.69999999E+00  0.10000000E+04
 -0.25000000E+00 -0.25000000E+00  0.00000000E+00  0.00000000E+00  0.10000205E+04  0.40231319E+02  0.12500000E+03  0.67403576E-04  0.69999999E+00  0.99999994E+03
 -0.25000000E+00  0.25000000E+00  0.00000000E+00  0.00000000E+00  0.10005256E+04  0.10328424E+04  0.12500000E+03  0.11299378E-03  0.69999999E+00  0.99999988E+03
 -0.25000000E+00  0.75000000E+00  0.00000000E+00  0.00000000E+00  0.99890466E+03 -0.21420366E+04  0.12500000E+03  0.50249102E-04  0.69999999E+00  0.99999994E+03
 -0.25000000E+00  0.12500000E+01  0.00000000E+00  0.00000000E+00  0.99997864E+03 -0.41863384E+02  0.12500000E+03  0.83007966E-04  0.69999999E+00  0.99999988E+03
 -0.25000000E+00  0.17500000E+01  0.00000000E+00  0.00000000E+00  0.99990100E+03 -0.19418683E+03  0.12500000E+03 -0.87120367E-04  0.69999999E+00  0.10000001E+04
 -0.25000000E+00  0.22500000E+01  0.00000000E+00  0.00000000E+00  0.99980005E+03 -0.39211288E+03  0.12500000E+03 -0.34743691E-04  0.69999999E+00  0.10000001E+04
 -0.25000000E+00  0.27500000E+01  0.00000000E+00  0.00000000E+00  0.10000000E+04  0.00000000E+00  0.12500000E+03  0.00000000E+00  0.69999999E+00  0.10000000E+04
 -0.25000000E+00  0.32500000E+01  0.00000000E+00  0.00000000E+00  0.10000000E+04  0.00000000E+00  0.12500000E+03  0.00000000E+00  0.69999999E+00  0.10000000E+04
 -0.25000000E+00  0.37500000E+01  0.00000000E+00  0.00000000E+00  0.10000000E+04  0.00000000E+00  0.12500000E+03  0.00000000E+00  0.69999999E+00  0.10000000E+04
  0.80000000E+01  0.00000000E+00  0.00000000E+00  0.00000000E+00  0.10000000E+04  0.00000000E+00  0.12500000E+03  0.00000000E+00  0.69999999E+00  0.10000000E+04
  0.80000000E+01  0.50000000E+00  0.00000000E+00  0.00000000E+00  0.10000000E+04  0.00000000E+00  0.12500000E+03  0.00000000E+00  0.69999999E+00  0.10000000E+04
  0.80000000E+01  0.10000000E+01  0.00000000E+00  0.00000000E+00  0.10000000E+04  0.00000000E+00  0.12500000E+03  0.00000000E+00  0.69999999E+00  0.10000000E+04
  0.80000000E+01  0.15000000E+01  0.00000000E+00  0.00000000E+00  0.10000000E+04  0.00000000E+00  0.12500000E+03  0.00000000E+00  0.69999999E+00  0.10000000E+04
  0.80000000E+01  0.20000000E+01  0.00000000E+00  0.00000000E+00  0.10000000E+04  0.00000000E+00  0.12500000E+03  0.00000000E+00  0.69999999E+00  0.10000000E+04
  0.80000000E+01  0.25000000E+01  0.00000000E+00  0.00000000E+00  0.10000000E+04  0.00000000E+00  0.12500000E+03  0.00000000E+00  0.69999999E+00  0.10000000E+04
  0.80000000E+01  0.30000000E+01  0.00000000E+00  0.00000000E+00  0.10000000E+04  0.00000000E+00  0.12500000E+03  0.00000000E+00  0.69999999E+00  0.10000000E+04
  0.80000000E+01  0.35000000E+01  0.00000000E+00  0.00000000E+00  0.10000000E+04  0.00000000E+00  0.12500000E+03  0.00000000E+00  0.69999999E+00  0.10000000E+04
  0.80000000E+01  0.40000000E+01  0.00000000E+00  0.00000000E+00  0.10000000E+04  0.00000000E+00  0.12500000E+03  0.00000000E+00  0.69999999E+00  0.10000000E+04
  0.82500000E+01 -0.25000000E+00  0.00000000E+00  0.00000000E+00  0.10000000E+04  0.00000000E+00  0.12500000E+03  0.00000000E+00  0.69999999E+00  0.10000000E+04
  0.82500000E+01  0.25000000E+00  0.00000000E+00  0.00000000E+00  0.10000000E+04  0.00000000E+00  0.12500000E+03  0.00000000E+00  0.69999999E+00  0.10000000E+04
  0.82500000E+01  0.75000000E+00  0.00000000E+00  0.00000000E+00  0.10000000E+04  0.00000000E+00  0.12500000E+03  0.00000000E+00  0.69999999E+00  0.10000000E+04
  0.82500000E+01  0.12500000E+01  0.00000000E+00  0.00000000E+00  0.10000000E+04  0.00000000E+00  0.12500000E+03  0.00000000E+00  0.69999999E+00  0.10000000E+04
  0.82500000E+01  0.17500000E+01  0.00000000E+00  0.00000000E+00  0.10000000E+04  0.00000000E+00  0.12500000E+03  0.00000000E+00  0.69999999E+00  0.10000000E+04
  0.82500000E+01  0.22500000E+01  0.00000000E+00  0.00000000E+00  0.10000000E+04  0.00000000E+00  0.12500000E+03  0.00000000E+00  0.69999999E+00  0.10000000E+04
  0.82500000E+01  0.27500000E+01  0.00000000E+00  0.00000000E+00  0.10000000E+04  0.00000000E+00  0.12500000E+03  0.00000000E+00  0.69999999E+00  0.10000000E+04
  0.82500000E+01  0.32500000E+01  0.00000000E+00  0.00000000E+00  0.10000000E+04  0.00000000E+00  0.12500000E+03  0.00000000E+00  0.69999999E+00  0.10000000E+04
  0.82500000E+01  0.37500000E+01  0.00000000E+00  0.00000000E+00  0.10000000E+04  0.00000000E+00  0.12500000E+03  0.00000000E+00  0.69999999E+00  0.10000000E+04
  0.50000000E+00  0.00000000E+00  0.00000000E+00  0.00000000E+00  0.10078019E+04  0.15670282E+05  0.12500000E+03  0.11116414E-02  0.69999999E+00  0.99999872E+03
  0.10000000E+01  0.00000000E+00  0.00000000E+00  0.00000000E+00  0.99917029E+03 -0.16238186E+04  0.12500000E+03  0.62654039E-03  0.69999999E+00  0.99999927E+03
  0.15000000E+01  0.00000000E+00  0.00000000E+00  0.00000000E+00  0.10001400E+04  0.27493466E+03  0.12500000E+03  0.16430046E-02  0.69999999E+00  0.99999811E+03
  0.20000000E+01  0.00000000E+00  0.00000000E+00  0.00000000E+00  0.10015254E+04  0.30065696E+04  0.12500000E+03  0.17383279E-02  0.69999999E+00  0.99999805E+03
  0.25000000E+01  0.00000000E+00  0.00000000E+00  0.00000000E+00  0.10011274E+04  0.22196150E+04  0.12500000E+03 -0.27376786E-03  0.69999999E+00  0.10000003E+04
  0.30000000E+01  0.00000000E+00  0.00000000E+00  0.00000000E+00  0.10158212E+04  0.32554031E+05  0.12500000E+03  0.81257072E-04  0.69999999E+00  0.99999988E+03
  0.35000000E+01  0.00000000E+00  0.00000000E+00  0.00000000E+00  0.10009871E+04  0.19423419E+04  0.12500000E+03  0.23182372E-04  0.69999999E+00  0.10000000E+04
  0.40000000E+01  0.00000000E+00  0.00000000E+00  0.00000000E+00  0.10000000E+04  0.00000000E+00  0.12500000E+03  0.00000000E+00  0.69999999E+00  0.10000000E+04
  0.45000000E+01  0.00000000E+00  0.00000000E+00  0.00000000E+00  0.10000000E+04  0.00000000E+00  0.12500000E+03  0.00000000E+00  0.69999999E+00  0.10000000E+04
  0.50000000E+01  0.00000000E+00  0.00000000E+00  0.00000000E+00  0.10000000E+04  0.00000000E+00  0.12500000E+03  0.00000000E+00  0.69999999E+00  0.10000000E+04
  0.55000000E+01  0.00000000E+00  0.00000000E+00  0.00000000E+00  0.10000000E+04  0.00000000E+00  0.12500000E+03  0.00000000E+00  0.69999999E+00  0.10000000E+04
  0.60000000E+01  0.00000000E+00  0.00000000E+00  0.00000000E+00  0.10000000E+04  0.00000000E+00  0.12500000E+03  0.00000000E+00  0.69999999E+00  0.10000000E+04
  0.65000000E+01  0.00000000E+00  0.00000000E+00  0.00000000E+00  0.10000000E+04  0.00000000E+00  0.12500000E+03  0.00000000E+00  0.69999999E+00  0.10000000E+04
  0.70000000E+01  0.00000000E+00  0.00000000E+00  0.00000000E+00  0.10000000E+04  0.00000000E+00  0.12500000E+03  0.00000000E+00  0.69999999E+00  0.10000000E+04
  0.75000000E+01  0.00000000E+00  0.00000000E+00  0.00000000E+00  0.10000000E+04  0.00000000E+00  0.12500000E+03  0.00000000E+00  0.69999999E+00  0.10000000E+04
  0.25000000E+00 -0.25000000E+00  0.00000000E+00  0.00000000E+00  0.10038245E+04  0.75902578E+04  0.12500000E+03  0.35559671E-03  0.69999999E+00  0.99999957E+03
  0.75000000E+00 -0.25000000E+00  0.00000000E+00  0.00000000E+00  0.10030348E+04  0.60088228E+04  0.12500000E+03  0.82437973E-03  0.69999999E+00  0.99999908E+03
  0.12500000E+01 -0.25000000E+00  0.00000000E+00  0.00000000E+00  0.10034327E+04  0.68048145E+04  0.12500000E+03  0.66152005E-03  0.69999999E+00  0.99999927E+03
  0.17500000E+01 -0.25000000E+00  0.00000000E+00  0.00000000E+00  0.10032419E+04  0.64227979E+04  0.12500000E+03  0.98001072E-03  0.69999999E+00  0.99999890E+03
  0.22500000E+01 -0.25000000E+00  0.00000000E+00  0.00000000E+00  0.99679541E+03 -0.62272705E+04  0.12500000E+03  0.83780155E-03  0.69999999E+00  0.99999902E+03
  0.27500000E+01 -0.25000000E+00  0.00000000E+00  0.00000000E+00  0.10023824E+04  0.47078052E+04  0.12500000E+03 -0.29050811E-04  0.69999999E+00  0.10000001E+04
  0.32500000E+01 -0.25000000E+00  0.00000000E+00  0.00000000E+00  0.10001826E+04  0.35851376E+03  0.12500000E+03  0.20333669E-04  0.69999999E+00  0.10000000E+04
  0.37500000E+01 -0.25000000E+00  0.00000000E+00  0.00000000E+00  0.10000000E+04  0.00000000E+00  0.12500000E+03  0.00000000E+00  0.69999999E+00  0.10000000E+04
  0.42500000E+01 -0.25000000E+00  0.00000000E+00  0.00000000E+00  0.10000000E+04  0.00000000E+00  0.12500000E+03  0.00000000E+00  0.69999999E+00  0.10000000E+04
  0.47500000E+01 -0.25000000E+00  0.00000000E+00  0.00000000E+00  0.10000000E+04  0.00000000E+00  0.12500000E+03  0.00000000E+00  0.69999999E+00  0.10000000E+04
  0.52500000E+01 -0.25000000E+00  0.00000000E+00  0.00000000E+00  0.10000000E+04  0.00000000E+00  0.12500000E+03  0.00000000E+00  0.69999999E+00  0.10000000E+04
  0.57500000E+01 -0.25000000E+00  0.00000000E+00  0.00000000E+00  0.10000000E+04  0.00000000E+00  0.12500000E+03  0.00000000E+00  0.69999999E+00  0.10000000E+04
  0.62500000E+01 -0.25000000E+00  0.00000000E+00  0.00000000E+00  0.10000000E+04  0.00000000E+00  0.12500000E+03  0.00000000E+00  0.69999999E+00  0.10000000E+04
  0.67500000E+01 -0.25000000E+00  0.00000000E+00  0.00000000E+00  0.10000000E+04  0.00000000E+00  0.12500000E+03  0.00000000E+00  0.69999999E+00  0.10000000E+04
  0.72500000E+01 -0.25000000E+00  0.00000000E+00  0.00000000E+00  0.10000000E+04  0.00000000E+00  0.12500000E+03  0.00000000E+00  0.69999999E+00  0.10000000E+04
  0.77500000E+01 -0.25000000E+00  0.00000000E+00  0.00000000E+00  0.10000000E+04  0.00000000E+00  0.12500000E+03  0.00000000E+00  0.69999999E+00  0.10000000E+04
  0.40000000E+01  0.50000000E+00  0.00000000E+00  0.00000000E+00  0.10000000E+04  0.00000000E+00  0.12500000E+03  0.00000000E+00  0.69999999E+00  0.10000000E+04
  0.37500000E+01  0.25000000E+00  0.00000000E+00  0.00000000E+00  0.10000504E+04  0.98949860E+02  0.12500000E+03 -0.99047575E-05  0.69999999E+00  0.10000000E+04
  0.40000000E+01  0.10000000E+01  0.00000000E+00  0.00000000E+00  0.10000000E+04  0.00000000E+00  0.12500000E+03  0.00000000E+00  0.69999999E+00  0.10000000E+04
  0.37500000E+01  0.75000000E+00  0.00000000E+00  0.00000000E+00  0.10008370E+04  0.16464961E+04  0.12500000E+03  0.71968420E-05  0.69999999E+00  0.10000000E+04
  0.40000000E+01  0.15000000E+01  0.00000000E+00  0.00000000E+00  0.10000000E+04  0.00000000E+00  0.12500000E+03  0.00000000E+00  0.69999999E+00  0.10000000E+04
  0.37500000E+01  0.12500000E+01  0.00000000E+00  0.00000000E+00  0.10003330E+04  0.65390381E+03  0.12500000E+03  0.28869190E-05  0.69999999E+00  0.10000000E+04
  0.40000000E+01  0.20000000E+01  0.00000000E+00  0.00000000E+00  0.10000000E+04  0.00000000E+00  0.12500000E+03  0.00000000E+00  0.69999999E+00  0.10000000E+04
  0.37500000E+01  0.17500000E+01  0.00000000E+00  0.00000000E+00  0.10000139E+04  0.27366116E+02  0.12500000E+03  0.89605164E-05  0.69999999E+00  0.10000000E+04
  0.45000000E+01  0.50000000E+00  0.00000000E+00  0.00000000E+00  0.10000000E+04  0.00000000E+00  0.12500000E+03  0.00000000E+00  0.69999999E+00  0.10000000E+04
  0.42500000E+01  0.25000000E+00  0.00000000E+00  0.00000000E+00  0.10000000E+04  0.00000000E+00  0.12500000E+03  0.00000000E+00  0.69999999E+00  0.10000000E+04
  0.45000000E+01  0.10000000E+01  0.00000000E+00  0.00000000E+00  0.10000000E+04  0.00000000E+00  0.12500000E+03  0.00000000E+00  0.69999999E+00  0.10000000E+04
  0.42500000E+01  0.75000000E+00  0.00000000E+00  0.00000000E+00  0.10000000E+04  0.00000000E+00  0.12500000E+03  0.00000000E+00  0.69999999E+00  0.10000000E+04
  0.45000000E+01  0.15000000E+01  0.00000000E+00  0.00000000E+00  0.10000000E+04  0.00000000E+00  0.12500000E+03  0.00000000E+00  0.69999999E+00  0.10000000E+04
  0.42500000E+01  0.12500000E+01  0.00000000E+00  0.00000000E+00  0.10000000E+04  0.00000000E+00  0.12500000E+03  0.00000000E+00  0.69999999E+00  0.10000000E+04
  0.45000000E+01  0.20000000E+01  0.00000000E+00  0.00000000E+00  0.10000000E+04  0.00000000E+00  0.12500000E+03  0.00000000E+00  0.69999999E+00  0.10000000E+04
  0.42500000E+01  0.17500000E+01  0.00000000E+00  0.00000000E+00  0.10000000E+04  0.00000000E+00  0.12500000E+03  0.00000000E+00  0.69999999E+00  0.10000000E+04
  0.50000000E+01  0.50000000E+00  0.00000000E+00  0.00000000E+00  0.10000000E+04  0.00000000E+00  0.12500000E+03  0.00000000E+00  0.69999999E+00  0.10000000E+04
  0.47500000E+01  0.25000000E+00  0.00000000E+00  0.00000000E+00  0.10000000E+04  0.00000000E+00  0.12500000E+03  0.00000000E+00  0.69999999E+00  0.10000000E+04
  0.50000000E+01  0.10000000E+01  0.00000000E+00  0.00000000E+00  0.10000000E+04  0.00000000E+00  0.12500000E+03  0.00000000E+00  0.69999999E+00  0.10000000E+04
  0.47500000E+01  0.75000000E+00  0.00000000E+00  0.00000000E+00  0.10000000E+04  0.00000000E+00  0.12500000E+03  0.00000000E+00  0.69999999E+00  0.10000000E+04
  0.50000000E+01  0.15000000E+01  0.00000000E+00  0.00000000E+00  0.10000000E+04  0.00000000E+00  0.12500000E+03  0.00000000E+00  0.69999999E+00  0.10000000E+04
  0.47500000E+01  0.12500000E+01  0.00000000E+00  0.00000000E+00  0.10000000E+04  0.00000000E+00  0.12500000E+03  0.00000000E+00  0.69999999E+00  0.10000000E+04
  0.50000000E+01  0.20000000E+01  0.00000000E+00  0.00000000E+00  0.10000000E+04  0.00000000E+00  0.12500000E+03  0.00000000E+00  0.69999999E+00  0.10000000E+04
  0.47500000E+01  0.17500000E+01  0.00000000E+00  0.00000000E+00  0.10000000E+04  0.00000000E+00  0.12500000E+03  0.00000000E+00  0.69999999E+00  0.10000000E+04
  0.73742211E+00  0.24413568E+00 -0.15611863E+00 -0.79917610E-02  0.10043774E+04  0.87020000E+04  0.12576698E+03  0.12576698E+03  0.10000000E+01  0.00000000E+00
  0.49804628E+00  0.51127613E+00  0.36929406E-01  0.98995805E-01  0.10034238E+04  0.67869087E+04  0.12561582E+03  0.12561472E+03  0.10000000E+01  0.00000000E+00
  0.74681795E+00  0.73527968E+00 -0.25716969E+00 -0.15841433E+00  0.10083207E+04  0.16738402E+05  0.12546356E+03  0.12546356E+03  0.10000000E+01  0.00000000E+00
  0.52075833E+00  0.98603117E+00  0.28622302E+00 -0.23106903E+00  0.10056503E+04  0.11275548E+05  0.12531018E+03  0.12531018E+03  0.10000000E+01  0.00000000E+00
  0.75801861E+00  0.12347152E+01  0.47785625E-01 -0.82003042E-01  0.10032369E+04  0.64127822E+04  0.12515567E+03  0.12515567E+03  0.10000000E+01  0.00000000E+00
  0.52300084E+00  0.14595809E+01  0.46175957E+00 -0.55951858E+00  0.10025651E+04  0.50717114E+04  0.12500000E+03  0.12500000E+03  0.10000000E+01  0.00000000E+00
  0.12603686E+01  0.23849484E+00  0.55626318E-01 -0.10941389E+00  0.10056674E+04  0.11310388E+05  0.12576698E+03  0.12576588E+03  0.10000000E+01  0.00000000E+00
  0.10071553E+01  0.48798758E+00 -0.28053839E-01 -0.97513154E-01  0.10061171E+04  0.12224269E+05  0.12561582E+03  0.12561472E+03  0.10000000E+01  0.00000000E+00
  0.12738812E+01  0.72539401E+00  0.22225663E+00 -0.23936872E+00  0.10052132E+04  0.10389544E+05  0.12546356E+03  0.12546356E+03  0.10000000E+01  0.00000000E+00
  0.10168608E+01  0.97355521E+00  0.12128055E+00 -0.20984639E+00  0.10047857E+04  0.95253438E+04  0.12531018E+03  0.12531018E+03  0.10000000E+01  0.00000000E+00
  0.12744734E+01  0.12147765E+01  0.29651380E+00 -0.26401865E+00  0.10023950E+04  0.47327173E+04  0.12515567E+03  0.12515567E+03  0.10000000E+01  0.00000000E+00
  0.10114371E+01  0.14681818E+01  0.11190153E+00 -0.23709905E+00  0.10017204E+04  0.33929526E+04  0.12500000E+03  0.12500000E+03  0.10000000E+01  0.00000000E+00
  0.17751632E+01  0.24228919E+00  0.39983737E+00 -0.84682927E-01  0.10059852E+04  0.11955811E+05  0.12576698E+03  0.12576588E+03  0.10000000E+01  0.00000000E+00
  0.15265088E+01  0.48838693E+00  0.25367016E+00 -0.74031115E-01  0.10053654E+04  0.10697824E+05  0.12561582E+03  0.12561472E+03  0.10000000E+01  0.00000000E+00
  0.17925675E+01  0.72225034E+00  0.41731533E+00 -0.16682623E+00  0.10061485E+04  0.12288080E+05  0.12546356E+03  0.12546356E+03  0.10000000E+01  0.00000000E+00
  0.15276589E+01  0.96459138E+00  0.24064738E+00 -0.22555909E+00  0.10027009E+04  0.53423467E+04  0.12531018E+03  0.12531018E+03  0.10000000E+01  0.00000000E+00
  0.17757664E+01  0.11886156E+01  0.16229236E+00 -0.56669331E+00  0.10022806E+04  0.45052539E+04  0.12515567E+03  0.12515567E+03  0.10000000E+01  0.00000000E+00
  0.15203919E+01  0.14505398E+01  0.20480359E+00 -0.42330074E+00  0.99823535E+03 -0.34439783E+04  0.12500000E+03  0.12500000E+03  0.10000000E+01  0.00000000E+00
  0.22640920E+01  0.26992986E+00 -0.45813465E+00  0.24504137E+00  0.10063002E+04  0.12597114E+05  0.12576698E+03  0.12576698E+03  0.10000000E+01  0.00000000E+00
  0.20603542E+01  0.49985784E+00  0.82895011E+00  0.12058941E+00  0.10042320E+04  0.84094463E+04  0.12561582E+03  0.12561582E+03  0.10000000E+01  0.00000000E+00
  0.23800011E+01  0.71674573E+00  0.17146604E+01 -0.31044367E+00  0.10014402E+04  0.28378459E+04  0.12546356E+03  0.12546356E+03  0.10000000E+01  0.00000000E+00
  0.20606370E+01  0.94386601E+00  0.62902153E+00 -0.46644109E+00  0.10028652E+04  0.56700649E+04  0.12531018E+03  0.12531018E+03  0.10000000E+01  0.00000000E+00
  0.23197904E+01  0.11636574E+01  0.69012445E+00 -0.80430079E+00  0.10022731E+04  0.44903164E+04  0.12515567E+03  0.12515567E+03  0.10000000E+01  0.00000000E+00
  0.20196190E+01  0.14123166E+01  0.87693624E-01 -0.82155299E+00  0.10003689E+04  0.72468701E+03  0.12500000E+03  0.12500000E+03  0.10000000E+01  0.00000000E+00
  0.25818872E+01  0.53333092E+00  0.73200756E+00  0.78749740E+00  0.10088448E+04  0.17820672E+05  0.12561582E+03  0.12561472E+03  0.10000000E+01  0.00000000E+00
  0.26451325E+01  0.89259326E+00  0.16990175E+01 -0.11658489E+01  0.10039966E+04  0.79359956E+04  0.12531018E+03  0.12531018E+03  0.10000000E+01  0.00000000E+00
  0.25741258E+01  0.13919432E+01  0.77328277E+00 -0.10057408E+01  0.10021168E+04  0.41796279E+04  0.12500000E+03  0.12500000E+03  0.10000000E+01  0.00000000E+00
