  0.00000000E+00  0.00000000E+00  0.00000000E+00  0.00000000E+00  0.10008649E+04  0.17012710E+04  0.12500000E+03  0.18223706E-02  0.69999999E+00  0.99999792E+03
  0.00000000E+00  0.50000000E+00  0.00000000E+00  0.00000000E+00  0.10012932E+04  0.25470884E+04  0.12500000E+03  0.12498768E-02  0.69999999E+00  0.99999860E+03
  0.00000000E+00  0.10000000E+01  0.00000000E+00  0.00000000E+00  0.10047977E+04  0.95496533E+04  0.12500000E+03  0.22535736E-02  0.69999999E+00  0.99999744E+03
  0.00000000E+00  0.15000000E+01  0.00000000E+00  0.00000000E+00  0.10163818E+04  0.33764648E+05  0.12500000E+03  0.81751007E-03  0.69999999E+00  0.99999902E+03
  0.00000000E+00  0.20000000E+01  0.00000000E+00  0.00000000E+00  0.10081478E+04  0.16382159E+05  0.12500000E+03 -0.61763765E-03  0.69999999E+00  0.10000007E+04
  0.00000000E+00  0.25000000E+01  0.00000000E+00  0.00000000E+00  0.10002484E+04  0.48778732E+03  0.12500000E+03  0.11101574E-03  0.69999999E+00  0.99999988E+03
  0.00000000E+00  0.30000000E+01  0.00000000E+00  0.00000000E+00  0.10000000E+04  0.00000000E+00  0.12500000E+03  0.00000000E+00  0.69999999E+00  0.10000000E+04
  0.00000000E+00  0.35000000E+01  0.00000000E+00  0.00000000E+00  0.10000000E+04  0.00000000E+00  0.12500000E+03  0.00000000E+00  0.69999999E+00  0.10000000E+04
  0.00000000E+00  0.40000000E+01  0.00000000E+00  0.00000000E+00  0.10000000E+04  0.00000000E+00  0.12500000E+03  0.00000000E+00  0.69999999E+00  0.10000000E+04
 -0.25000000E+00 -0.25000000E+00  0.00000000E+00  0.00000000E+00  0.10006414E+04  0.12607445E+04  0.12500000E+03  0.52005530E-03  0.69999999E+00  0.99999939E+03
 -0.25000000E+00  0.25000000E+00  0.00000000E+00  0.00000000E+00  0.10011429E+04  0.22502283E+04  0.12500000E+03  0.72317623E-03  0.69999999E+00  0.99999915E+03
 -0.25000000E+00  0.75000000E+00  0.00000000E+00  0.00000000E+00  0.10006598E+04  0.12971389E+04  0.12500000E+03 -0.33976256E-04  0.69999999E+00  0.10000001E+04
 -0.25000000E+00  0.12500000E+01  0.00000000E+00  0.00000000E+00  0.10025736E+04  0.50885752E+04  0.12500000E+03  0.74112293E-03  0.69999999E+00  0.99999915E+03
 -0.25000000E+00  0.17500000E+01  0.00000000E+00  0.00000000E+00  0.10006367E+04  0.12515878E+04  0.12500000E+03 -0.18585019E-03  0.69999999E+00  0.10000002E+04
 -0.25000000E+00  0.22500000E+01  0.00000000E+00  0.00000000E+00  0.10004747E+04  0.93267188E+03  0.12500000E+03 -0.78150333E-04  0.69999999E+00  0.10000001E+04
 -0.25000000E+00  0.27500000E+01  0.00000000E+00  0.00000000E+00  0.10000000E+04  0.00000000E+00  0.12500000E+03  0.00000000E+00  0.69999999E+00  0.10000000E+04
 -0.25000000E+00  0.32500000E+01  0.00000000E+00  0.00000000E+00  0.10000000E+04  0.00000000E+00  0.12500000E+03  0.00000000E+00  0.69999999E+00  0.10000000E+04
 -0.25000000E+00  0.37500000E+01  0.00000000E+00  0.00000000E+00  0.10000000E+04  0.00000000E+00  0.12500000E+03  0.00000000E+00  0.69999999E+00  0.10000000E+04
  0.80000000E+01  0.00000000E+00  0.00000000E+00  0.00000000E+00  0.10000000E+04  0.00000000E+00  0.12500000E+03  0.00000000E+00  0.69999999E+00  0.10000000E+04
  0.80000000E+01  0.50000000E+00  0.00000000E+00  0.00000000E+00  0.10000000E+04  0.00000000E+00  0.12500000E+03  0.00000000E+00  0.69999999E+00  0.10000000E+04
  0.80000000E+01  0.10000000E+01  0.00000000E+00  0.00000000E+00  0.10000000E+04  0.00000000E+00  0.12500000E+03  0.00000000E+00  0.69999999E+00  0.10000000E+04
  0.80000000E+01  0.15000000E+01  0.00000000E+00  0.00000000E+00  0.10000000E+04  0.00000000E+00  0.12500000E+03  0.00000000E+00  0.69999999E+00  0.10000000E+04
  0.80000000E+01  0.20000000E+01  0.00000000E+00  0.00000000E+00  0.10000000E+04  0.00000000E+00  0.12500000E+03  0.00000000E+00  0.69999999E+00  0.10000000E+04
  0.80000000E+01  0.25000000E+01  0.00000000E+00  0.00000000E+00  0.10000000E+04  0.00000000E+00  0.12500000E+03  0.00000000E+00  0.69999999E+00  0.10000000E+04
  0.80000000E+01  0.30000000E+01  0.00000000E+00  0.00000000E+00  0.10000000E+04  0.00000000E+00  0.12500000E+03  0.00000000E+00  0.69999999E+00  0.10000000E+04
  0.80000000E+01  0.35000000E+01  0.00000000E+00  0.00000000E+00  0.10000000E+04  0.00000000E+00  0.12500000E+03  0.00000000E+00  0.69999999E+00  0.10000000E+04
  0.80000000E+01  0.40000000E+01  0.00000000E+00  0.00000000E+00  0.10000000E+04  0.00000000E+00  0.12500000E+03  0.00000000E+00  0.69999999E+00  0.10000000E+04
  0.82500000E+01 -0.25000000E+00  0.00000000E+00  0.00000000E+00  0.10000000E+04  0.00000000E+00  0.12500000E+03  0.00000000E+00  0.69999999E+00  0.10000000E+04
  0.82500000E+01  0.25000000E+00  0.00000000E+00  0.00000000E+00  0.10000000E+04  0.00000000E+00  0.12500000E+03  0.00000000E+00  0.69999999E+00  0.10000000E+04
  0.82500000E+01  0.75000000E+00  0.00000000E+00  0.00000000E+00  0.10000000E+04  0.00000000E+00  0.12500000E+03  0.00000000E+00  0.69999999E+00  0.10000000E+04
  0.82500000E+01  0.12500000E+01  0.00000000E+00  0.00000000E+00  0.10000000E+04  0.00000000E+00  0.12500000E+03  0.00000000E+00  0.69999999E+00  0.10000000E+04
  0.82500000E+01  0.17500000E+01  0.00000000E+00  0.00000000E+00  0.10000000E+04  0.00000000E+00  0.12500000E+03  0.00000000E+00  0.69999999E+00  0.10000000E+04
  0.82500000E+01  0.22500000E+01  0.00000000E+00  0.00000000E+00  0.10000000E+04  0.00000000E+00  0.12500000E+03  0.00000000E+00  0.69999999E+00  0.10000000E+04
  0.82500000E+01  0.27500000E+01  0.00000000E+00  0.00000000E+00  0.10000000E+04  0.00000000E+00  0.12500000E+03  0.00000000E+00  0.69999999E+00  0.10000000E+04
  0.82500000E+01  0.32500000E+01  0.00000000E+00  0.00000000E+00  0.10000000E+04  0.00000000E+00  0.12500000E+03  0.00000000E+00  0.69999999E+00  0.10000000E+04
  0.82500000E+01  0.37500000E+01  0.00000000E+00  0.00000000E+00  0.10000000E+04  0.00000000E+00  0.12500000E+03  0.00000000E+00  0.69999999E+00  0.10000000E+04
  0.50000000E+00  0.00000000E+00  0.00000000E+00  0.00000000E+00  0.10140944E+04  0.28850236E+05  0.12500000E+03  0.87415576E-02  0.69999999E+00  0.99998987E+03
  0.10000000E+01  0.00000000E+00  0.00000000E+00  0.00000000E+00  0.10149551E+04  0.30691527E+05  0.12500000E+03  0.36042961E-02  0.69999999E+00  0.99999585E+03
  0.15000000E+01  0.00000000E+00  0.00000000E+00  0.00000000E+00  0.10625364E+04  0.14827027E+06  0.12500000E+03  0.15780754E-01  0.69999999E+00  0.99998083E+03
  0.20000000E+01  0.00000000E+00  0.00000000E+00  0.00000000E+00  0.11587703E+04  0.50600384E+06  0.12500000E+03  0.17587172E-01  0.69999999E+00  0.99997668E+03
  0.25000000E+01  0.00000000E+00  0.00000000E+00  0.00000000E+00  0.10092864E+04  0.18735447E+05  0.12500000E+03  0.16060304E-02  0.69999999E+00  0.99999817E+03
  0.30000000E+01  0.00000000E+00  0.00000000E+00  0.00000000E+00  0.10045302E+04  0.90099482E+04  0.12500000E+03  0.35509050E-02  0.69999999E+00  0.99999591E+03
  0.35000000E+01  0.00000000E+00  0.00000000E+00  0.00000000E+00  0.10009158E+04  0.18016761E+04  0.12500000E+03  0.14003597E-02  0.69999999E+00  0.99999841E+03
  0.40000000E+01  0.00000000E+00  0.00000000E+00  0.00000000E+00  0.10000131E+04  0.25728762E+02  0.12500000E+03 -0.50405528E-04  0.69999999E+00  0.10000001E+04
  0.45000000E+01  0.00000000E+00  0.00000000E+00  0.00000000E+00  0.10000000E+04  0.00000000E+00  0.12500000E+03  0.00000000E+00  0.69999999E+00  0.10000000E+04
  0.50000000E+01  0.00000000E+00  0.00000000E+00  0.00000000E+00  0.10000000E+04  0.00000000E+00  0.12500000E+03  0.00000000E+00  0.69999999E+00  0.10000000E+04
  0.55000000E+01  0.00000000E+00  0.00000000E+00  0.00000000E+00  0.10000000E+04  0.00000000E+00  0.12500000E+03  0.00000000E+00  0.69999999E+00  0.10000000E+04
  0.60000000E+01  0.00000000E+00  0.00000000E+00  0.00000000E+00  0.10000000E+04  0.00000000E+00  0.12500000E+03  0.00000000E+00  0.69999999E+00  0.10000000E+04
  0.65000000E+01  0.00000000E+00  0.00000000E+00  0.00000000E+00  0.10000000E+04  0.00000000E+00  0.12500000E+03  0.00000000E+00  0.69999999E+00  0.10000000E+04
  0.70000000E+01  0.00000000E+00  0.00000000E+00  0.00000000E+00  0.10000000E+04  0.00000000E+00  0.12500000E+03  0.00000000E+00  0.69999999E+00  0.10000000E+04
  0.75000000E+01  0.00000000E+00  0.00000000E+00  0.00000000E+00  0.10000000E+04  0.00000000E+00  0.12500000E+03  0.00000000E+00  0.69999999E+00  0.10000000E+04
  0.25000000E+00 -0.25000000E+00  0.00000000E+00  0.00000000E+00  0.10052322E+04  0.10428154E+05  0.12500000E+03  0.27088579E-02  0.69999999E+00  0.99999689E+03
  0.75000000E+00 -0.25000000E+00  0.00000000E+00  0.00000000E+00  0.10212933E+04  0.44542910E+05  0.12500000E+03  0.66662678E-02  0.69999999E+00  0.99999225E+03
  0.12500000E+01 -0.25000000E+00  0.00000000E+00  0.00000000E+00  0.10102571E+04  0.20754434E+05  0.12500000E+03  0.55133905E-02  0.69999999E+00  0.99999365E+03
  0.17500000E+01 -0.25000000E+00  0.00000000E+00  0.00000000E+00  0.10176541E+04  0.36526672E+05  0.12500000E+03  0.83025414E-02  0.69999999E+00  0.99999036E+03
  0.22500000E+01 -0.25000000E+00  0.00000000E+00  0.00000000E+00  0.10001093E+04  0.21431218E+03  0.12500000E+03  0.73677162E-02  0.69999999E+00  0.99999158E+03
  0.27500000E+01 -0.25000000E+00  0.00000000E+00  0.00000000E+00  0.10001013E+04  0.19886578E+03  0.12500000E+03  0.13846257E-02  0.69999999E+00  0.99999841E+03
  0.32500000E+01 -0.25000000E+00  0.00000000E+00  0.00000000E+00  0.10002179E+04  0.42782803E+03  0.12500000E+03  0.15043542E-02  0.69999999E+00  0.99999829E+03
  0.37500000E+01 -0.25000000E+00  0.00000000E+00  0.00000000E+00  0.10000071E+04  0.13799721E+02  0.12500000E+03 -0.13200220E-03  0.69999999E+00  0.10000001E+04
  0.42500000E+01 -0.25000000E+00  0.00000000E+00  0.00000000E+00  0.10000000E+04  0.00000000E+00  0.12500000E+03 -0.13434248E-39  0.69999999E+00  0.10000000E+04
  0.47500000E+01 -0.25000000E+00  0.00000000E+00  0.00000000E+00  0.10000000E+04  0.00000000E+00  0.12500000E+03  0.00000000E+00  0.69999999E+00  0.10000000E+04
  0.52500000E+01 -0.25000000E+00  0.00000000E+00  0.00000000E+00  0.10000000E+04  0.00000000E+00  0.12500000E+03  0.00000000E+00  0.69999999E+00  0.10000000E+04
  0.57500000E+01 -0.25000000E+00  0.00000000E+00  0.00000000E+00  0.10000000E+04  0.00000000E+00  0.12500000E+03  0.00000000E+00  0.69999999E+00  0.10000000E+04
  0.62500000E+01 -0.25000000E+00  0.00000000E+00  0.00000000E+00  0.10000000E+04  0.00000000E+00  0.12500000E+03  0.00000000E+00  0.69999999E+00  0.10000000E+04
  0.67500000E+01 -0.25000000E+00  0.00000000E+00  0.00000000E+00  0.10000000E+04  0.00000000E+00  0.12500000E+03  0.00000000E+00  0.69999999E+00  0.10000000E+04
  0.72500000E+01 -0.25000000E+00  0.00000000E+00  0.00000000E+00  0.10000000E+04  0.00000000E+00  0.12500000E+03  0.00000000E+00  0.69999999E+00  0.10000000E+04
  0.77500000E+01 -0.25000000E+00  0.00000000E+00  0.00000000E+00  0.10000000E+04  0.00000000E+00  0.12500000E+03  0.00000000E+00  0.69999999E+00  0.10000000E+04
  0.40000000E+01  0.50000000E+00  0.00000000E+00  0.00000000E+00  0.10004343E+04  0.85316718E+03  0.12500000E+03 -0.14386913E-03  0.69999999E+00  0.10000002E+04
  0.37500000E+01  0.25000000E+00  0.00000000E+00  0.00000000E+00  0.10002456E+04  0.48216568E+03  0.12500000E+03 -0.61655854E-03  0.69999999E+00  0.10000007E+04
  0.40000000E+01  0.10000000E+01  0.00000000E+00  0.00000000E+00  0.99939551E+03 -0.11839005E+04  0.12500000E+03 -0.29808023E-04  0.69999999E+00  0.10000001E+04
  0.37500000E+01  0.75000000E+00  0.00000000E+00  0.00000000E+00  0.10015463E+04  0.30478787E+04  0.12500000E+03  0.53673878E-03  0.69999999E+00  0.99999939E+03
  0.40000000E+01  0.15000000E+01  0.00000000E+00  0.00000000E+00  0.10020582E+04  0.40633425E+04  0.12500000E+03  0.18702174E-03  0.69999999E+00  0.99999976E+03
  0.37500000E+01  0.12500000E+01  0.00000000E+00  0.00000000E+00  0.10147510E+04  0.30254074E+05  0.12500000E+03  0.44029602E-03  0.69999999E+00  0.99999951E+03
  0.40000000E+01  0.20000000E+01  0.00000000E+00  0.00000000E+00  0.10007402E+04  0.14556781E+04  0.12500000E+03  0.88356988E-04  0.69999999E+00  0.99999988E+03
  0.37500000E+01  0.17500000E+01  0.00000000E+00  0.00000000E+00  0.10201677E+04  0.42045207E+05  0.12500000E+03  0.69573947E-03  0.69999999E+00  0.99999921E+03
  0.45000000E+01  0.50000000E+00  0.00000000E+00  0.00000000E+00  0.10000000E+04  0.00000000E+00  0.12500000E+03  0.17656361E-42  0.69999999E+00  0.10000000E+04
  0.42500000E+01  0.25000000E+00  0.00000000E+00  0.00000000E+00  0.10000018E+04  0.35083482E+01  0.12500000E+03 -0.74084828E-05  0.69999999E+00  0.10000000E+04
  0.45000000E+01  0.10000000E+01  0.00000000E+00  0.00000000E+00  0.10000000E+04  0.00000000E+00  0.12500000E+03  0.00000000E+00  0.69999999E+00  0.10000000E+04
  0.42500000E+01  0.75000000E+00  0.00000000E+00  0.00000000E+00  0.10000934E+04  0.18318608E+03  0.12500000E+03 -0.62608265E-05  0.69999999E+00  0.10000000E+04
  0.45000000E+01  0.15000000E+01  0.00000000E+00  0.00000000E+00  0.10000000E+04  0.00000000E+00  0.12500000E+03 -0.00000000E+00  0.69999999E+00  0.10000000E+04
  0.42500000E+01  0.12500000E+01  0.00000000E+00  0.00000000E+00  0.10000066E+04  0.12864128E+02  0.12500000E+03  0.34267537E-05  0.69999999E+00  0.10000000E+04
  0.45000000E+01  0.20000000E+01  0.00000000E+00  0.00000000E+00  0.10000000E+04  0.00000000E+00  0.12500000E+03  0.00000000E+00  0.69999999E+00  0.10000000E+04
  0.42500000E+01  0.17500000E+01  0.00000000E+00  0.00000000E+00  0.10000021E+04  0.39761310E+01  0.12500000E+03  0.68672739E-05  0.69999999E+00  0.10000000E+04
  0.50000000E+01  0.50000000E+00  0.00000000E+00  0.00000000E+00  0.10000000E+04  0.00000000E+00  0.12500000E+03  0.00000000E+00  0.69999999E+00  0.10000000E+04
  0.47500000E+01  0.25000000E+00  0.00000000E+00  0.00000000E+00  0.10000000E+04  0.00000000E+00  0.12500000E+03  0.00000000E+00  0.69999999E+00  0.10000000E+04
  0.50000000E+01  0.10000000E+01  0.00000000E+00  0.00000000E+00  0.10000000E+04  0.00000000E+00  0.12500000E+03  0.00000000E+00  0.69999999E+00  0.10000000E+04
  0.47500000E+01  0.75000000E+00  0.00000000E+00  0.00000000E+00  0.10000000E+04  0.00000000E+00  0.12500000E+03  0.00000000E+00  0.69999999E+00  0.10000000E+04
  0.50000000E+01  0.15000000E+01  0.00000000E+00  0.00000000E+00  0.10000000E+04  0.00000000E+00  0.12500000E+03  0.00000000E+00  0.69999999E+00  0.10000000E+04
  0.47500000E+01  0.12500000E+01  0.00000000E+00  0.00000000E+00  0.10000000E+04  0.00000000E+00  0.12500000E+03  0.00000000E+00  0.69999999E+00  0.10000000E+04
  0.50000000E+01  0.20000000E+01  0.00000000E+00  0.00000000E+00  0.10000000E+04  0.00000000E+00  0.12500000E+03  0.00000000E+00  0.69999999E+00  0.10000000E+04
  0.47500000E+01  0.17500000E+01  0.00000000E+00  0.00000000E+00  0.10000000E+04  0.00000000E+00  0.12500000E+03  0.00000000E+00  0.69999999E+00  0.10000000E+04
  0.26289914E+01  0.16604071E+01  0.23335245E+01 -0.14520118E+01  0.99694440E+03 -0.59404722E+04  0.12576698E+03  0.12576674E+03  0.10000000E+01  0.00000000E+00
  0.15660361E+01  0.93087924E+00  0.21278885E+00 -0.58937782E+00  0.10096141E+04  0.19415736E+05  0.12561582E+03  0.12561256E+03  0.10000000E+01  0.00000000E+00
  0.15586630E+01  0.88602746E+00 -0.58967298E+00 -0.57303292E+00  0.10256587E+04  0.54387629E+05  0.12546356E+03  0.12546333E+03  0.10000000E+01  0.00000000E+00
  0.11442299E+01  0.11319078E+01  0.23178583E+00 -0.21611710E+01  0.99491467E+03 -0.98265225E+04  0.12531018E+03  0.12531018E+03  0.10000000E+01  0.00000000E+00
  0.12624243E+01  0.86293697E+00  0.98990750E+00 -0.24003413E+01  0.10278516E+04  0.59428582E+05  0.12515567E+03  0.12515567E+03  0.10000000E+01  0.00000000E+00
  0.26712351E+01  0.24097943E+01 -0.40793362E+00  0.47698036E-01  0.98961786E+03 -0.19746135E+05  0.12500000E+03  0.12500000E+03  0.10000000E+01  0.00000000E+00
  0.28912010E+01  0.18160093E+01  0.90075207E+00 -0.10975162E+01  0.10045082E+04  0.89654922E+04  0.12576698E+03  0.12575494E+03  0.10000000E+01  0.00000000E+00
  0.15953454E+01  0.10343401E+01  0.62682503E+00 -0.10432005E+00  0.10052693E+04  0.10503215E+05  0.12561582E+03  0.12560624E+03  0.10000000E+01  0.00000000E+00
  0.17654815E+01  0.13703666E+01  0.19857390E+00  0.90947604E+00  0.98146326E+03 -0.34407941E+05  0.12546356E+03  0.12546037E+03  0.10000000E+01  0.00000000E+00
  0.20292795E+01  0.11689504E+01  0.41322432E+01  0.21882257E+01  0.99205951E+03 -0.15212959E+05  0.12531018E+03  0.12531038E+03  0.10000000E+01  0.00000000E+00
  0.15500083E+01  0.15381936E+01 -0.86637102E-01 -0.78037119E+00  0.99346649E+03 -0.12570198E+05  0.12515567E+03  0.12515567E+03  0.10000000E+01  0.00000000E+00
  0.10339174E+01  0.12970307E+01  0.56851506E+00 -0.17690827E+01  0.99117017E+03 -0.16871918E+05  0.12500000E+03  0.12500000E+03  0.10000000E+01  0.00000000E+00
  0.29039462E+01  0.19405363E+01  0.17360837E+01 -0.16307592E+01  0.99946387E+03 -0.10502236E+04  0.12576698E+03  0.12575644E+03  0.10000000E+01  0.00000000E+00
  0.27204344E+01  0.18567480E+01  0.20480716E+01  0.13904982E+01  0.99777661E+03 -0.43332676E+04  0.12561582E+03  0.12561089E+03  0.10000000E+01  0.00000000E+00
  0.24985995E+01  0.13031647E+01  0.10347880E+01  0.75595069E+00  0.10011863E+04  0.23357249E+04  0.12546356E+03  0.12546005E+03  0.10000000E+01  0.00000000E+00
  0.27008140E+01  0.13861592E+01  0.46227032E+00  0.16495430E+01  0.99799139E+03 -0.39172385E+04  0.12531018E+03  0.12531018E+03  0.10000000E+01  0.00000000E+00
  0.25699682E+01  0.96282387E+00  0.16578436E+01  0.10165372E+01  0.10086188E+04  0.17353721E+05  0.12515567E+03  0.12515553E+03  0.10000000E+01  0.00000000E+00
  0.23939946E+01  0.20915320E+01  0.62870646E+00 -0.20511930E+01  0.10137202E+04  0.28052627E+05  0.12500000E+03  0.12500000E+03  0.10000000E+01  0.00000000E+00
  0.14148400E+01  0.14319093E+01 -0.13194798E+01 -0.20735278E+01  0.10000500E+04  0.98247978E+02  0.12576698E+03  0.12576566E+03  0.10000000E+01  0.00000000E+00
  0.27283998E+01  0.19341698E+01  0.26240110E+01  0.16404953E+01  0.99156140E+03 -0.16143213E+05  0.12561582E+03  0.12561221E+03  0.10000000E+01  0.00000000E+00
  0.24127040E+01  0.91868329E+00 -0.48560184E+00 -0.11524886E+00  0.10003271E+04  0.64242053E+03  0.12546356E+03  0.12546202E+03  0.10000000E+01  0.00000000E+00
  0.23220191E+01  0.10223821E+01 -0.19144537E+01  0.26987702E+00  0.10033762E+04  0.66914287E+04  0.12531018E+03  0.12530890E+03  0.10000000E+01  0.00000000E+00
  0.26608529E+01  0.25003335E+01 -0.74172568E+00  0.18083632E-01  0.10003842E+04  0.75469250E+03  0.12515567E+03  0.12515567E+03  0.10000000E+01  0.00000000E+00
  0.28382568E+01  0.10183814E+01 -0.32899358E+01 -0.28415084E+01  0.10070410E+04  0.14109647E+05  0.12500000E+03  0.12500012E+03  0.10000000E+01  0.00000000E+00
  0.16966228E+01  0.16568906E+01  0.48739147E+00 -0.98623288E+00  0.99736194E+03 -0.51350557E+04  0.12561582E+03  0.12561399E+03  0.10000000E+01  0.00000000E+00
  0.30214376E+01  0.23566327E+01  0.34709349E+00  0.12082305E+01  0.10013359E+04  0.26314832E+04  0.12531018E+03  0.12531004E+03  0.10000000E+01  0.00000000E+00
  0.13985600E+01  0.19395659E+01 -0.11803429E+01 -0.10630491E+01  0.98289026E+03 -0.31894549E+05  0.12500000E+03  0.12500000E+03  0.10000000E+01  0.00000000E+00
