  0.00000000E+00  0.00000000E+00  0.00000000E+00  0.00000000E+00  0.99837573E+03 -0.31713625E+04  0.12500000E+03  0.14013252E-02  0.69999999E+00  0.99999841E+03
  0.00000000E+00  0.50000000E+00  0.00000000E+00  0.00000000E+00  0.10098445E+04  0.19894885E+05  0.12500000E+03  0.76414977E-03  0.69999999E+00  0.99999915E+03
  0.00000000E+00  0.10000000E+01  0.00000000E+00  0.00000000E+00  0.10032512E+04  0.64413994E+04  0.12500000E+03  0.16500086E-02  0.69999999E+00  0.99999811E+03
  0.00000000E+00  0.15000000E+01  0.00000000E+00  0.00000000E+00  0.10281672E+04  0.60159570E+05  0.12500000E+03  0.57666178E-03  0.69999999E+00  0.99999933E+03
  0.00000000E+00  0.20000000E+01  0.00000000E+00  0.00000000E+00  0.10059073E+04  0.11797550E+05  0.12500000E+03 -0.31668277E-03  0.69999999E+00  0.10000004E+04
  0.00000000E+00  0.25000000E+01  0.00000000E+00  0.00000000E+00  0.10002466E+04  0.48403955E+03  0.12500000E+03  0.71152863E-04  0.69999999E+00  0.99999994E+03
  0.00000000E+00  0.30000000E+01  0.00000000E+00  0.00000000E+00  0.10000000E+04  0.00000000E+00  0.12500000E+03  0.00000000E+00  0.69999999E+00  0.10000000E+04
  0.00000000E+00  0.35000000E+01  0.00000000E+00  0.00000000E+00  0.10000000E+04  0.00000000E+00  0.12500000E+03  0.00000000E+00  0.69999999E+00  0.10000000E+04
  0.00000000E+00  0.40000000E+01  0.00000000E+00  0.00000000E+00  0.10000000E+04  0.00000000E+00  0.12500000E+03  0.00000000E+00  0.69999999E+00  0.10000000E+04
 -0.25000000E+00 -0.25000000E+00  0.00000000E+00  0.00000000E+00  0.10020325E+04  0.40121995E+04  0.12500000E+03  0.47065024E-03  0.69999999E+00  0.99999945E+03
 -0.25000000E+00  0.25000000E+00  0.00000000E+00  0.00000000E+00  0.10049514E+04  0.98600615E+04  0.12500000E+03  0.55876287E-03  0.69999999E+00  0.99999933E+03
 -0.25000000E+00  0.75000000E+00  0.00000000E+00  0.00000000E+00  0.10013130E+04  0.25862185E+04  0.12500000E+03 -0.72591662E-04  0.69999999E+00  0.10000001E+04
 -0.25000000E+00  0.12500000E+01  0.00000000E+00  0.00000000E+00  0.10078739E+04  0.15818326E+05  0.12500000E+03  0.52862550E-03  0.69999999E+00  0.99999939E+03
 -0.25000000E+00  0.17500000E+01  0.00000000E+00  0.00000000E+00  0.10001616E+04  0.31730682E+03  0.12500000E+03 -0.10675416E-03  0.69999999E+00  0.10000001E+04
 -0.25000000E+00  0.22500000E+01  0.00000000E+00  0.00000000E+00  0.10004730E+04  0.92938812E+03  0.12500000E+03 -0.62706749E-04  0.69999999E+00  0.10000001E+04
 -0.25000000E+00  0.27500000E+01  0.00000000E+00  0.00000000E+00  0.10000000E+04  0.00000000E+00  0.12500000E+03  0.00000000E+00  0.69999999E+00  0.10000000E+04
 -0.25000000E+00  0.32500000E+01  0.00000000E+00  0.00000000E+00  0.10000000E+04  0.00000000E+00  0.12500000E+03  0.00000000E+00  0.69999999E+00  0.10000000E+04
 -0.25000000E+00  0.37500000E+01  0.00000000E+00  0.00000000E+00  0.10000000E+04  0.00000000E+00  0.12500000E+03  0.00000000E+00  0.69999999E+00  0.10000000E+04
  0.80000000E+01  0.00000000E+00  0.00000000E+00  0.00000000E+00  0.10000000E+04  0.00000000E+00  0.12500000E+03  0.00000000E+00  0.69999999E+00  0.10000000E+04
  0.80000000E+01  0.50000000E+00  0.00000000E+00  0.00000000E+00  0.10000000E+04  0.00000000E+00  0.12500000E+03  0.00000000E+00  0.69999999E+00  0.10000000E+04
  0.80000000E+01  0.10000000E+01  0.00000000E+00  0.00000000E+00  0.10000000E+04  0.00000000E+00  0.12500000E+03  0.00000000E+00  0.69999999E+00  0.10000000E+04
  0.80000000E+01  0.15000000E+01  0.00000000E+00  0.00000000E+00  0.10000000E+04  0.00000000E+00  0.12500000E+03  0.00000000E+00  0.69999999E+00  0.10000000E+04
  0.80000000E+01  0.20000000E+01  0.00000000E+00  0.00000000E+00  0.10000000E+04  0.00000000E+00  0.12500000E+03  0.00000000E+00  0.69999999E+00  0.10000000E+04
  0.80000000E+01  0.25000000E+01  0.00000000E+00  0.00000000E+00  0.10000000E+04  0.00000000E+00  0.12500000E+03  0.00000000E+00  0.69999999E+00  0.10000000E+04
  0.80000000E+01  0.30000000E+01  0.00000000E+00  0.00000000E+00  0.10000000E+04  0.00000000E+00  0.12500000E+03  0.00000000E+00  0.69999999E+00  0.10000000E+04
  0.80000000E+01  0.35000000E+01  0.00000000E+00  0.00000000E+00  0.10000000E+04  0.00000000E+00  0.12500000E+03  0.00000000E+00  0.69999999E+00  0.10000000E+04
  0.80000000E+01  0.40000000E+01  0.00000000E+00  0.00000000E+00  0.10000000E+04  0.00000000E+00  0.12500000E+03  0.00000000E+00  0.69999999E+00  0.10000000E+04
  0.82500000E+01 -0.25000000E+00  0.00000000E+00  0.00000000E+00  0.10000000E+04  0.00000000E+00  0.12500000E+03  0.00000000E+00  0.69999999E+00  0.10000000E+04
  0.82500000E+01  0.25000000E+00  0.00000000E+00  0.00000000E+00  0.10000000E+04  0.00000000E+00  0.12500000E+03  0.00000000E+00  0.69999999E+00  0.10000000E+04
  0.82500000E+01  0.75000000E+00  0.00000000E+00  0.00000000E+00  0.10000000E+04  0.00000000E+00  0.12500000E+03  0.00000000E+00  0.69999999E+00  0.10000000E+04
  0.82500000E+01  0.12500000E+01  0.00000000E+00  0.00000000E+00  0.10000000E+04  0.00000000E+00  0.12500000E+03  0.00000000E+00  0.69999999E+00  0.10000000E+04
  0.82500000E+01  0.17500000E+01  0.00000000E+00  0.00000000E+00  0.10000000E+04  0.00000000E+00  0.12500000E+03  0.00000000E+00  0.69999999E+00  0.10000000E+04
  0.82500000E+01  0.22500000E+01  0.00000000E+00  0.00000000E+00  0.10000000E+04  0.00000000E+00  0.12500000E+03  0.00000000E+00  0.69999999E+00  0.10000000E+04
  0.82500000E+01  0.27500000E+01  0.00000000E+00  0.00000000E+00  0.10000000E+04  0.00000000E+00  0.12500000E+03  0.00000000E+00  0.69999999E+00  0.10000000E+04
  0.82500000E+01  0.32500000E+01  0.00000000E+00  0.00000000E+00  0.10000000E+04  0.00000000E+00  0.12500000E+03  0.00000000E+00  0.69999999E+00  0.10000000E+04
  0.82500000E+01  0.37500000E+01  0.00000000E+00  0.00000000E+00  0.10000000E+04  0.00000000E+00  0.12500000E+03  0.00000000E+00  0.69999999E+00  0.10000000E+04
  0.50000000E+00  0.00000000E+00  0.00000000E+00  0.00000000E+00  0.10002523E+04  0.49551727E+03  0.12500000E+03  0.66523501E-02  0.69999999E+00  0.99999237E+03
  0.10000000E+01  0.00000000E+00  0.00000000E+00  0.00000000E+00  0.99864539E+03 -0.26470168E+04  0.12500000E+03  0.23225415E-02  0.69999999E+00  0.99999738E+03
  0.15000000E+01  0.00000000E+00  0.00000000E+00  0.00000000E+00  0.10109185E+04  0.22136693E+05  0.12500000E+03  0.10628902E-01  0.69999999E+00  0.99998773E+03
  0.20000000E+01  0.00000000E+00  0.00000000E+00  0.00000000E+00  0.99405762E+03 -0.11453196E+05  0.12500000E+03  0.11402288E-01  0.69999999E+00  0.99998706E+03
  0.25000000E+01  0.00000000E+00  0.00000000E+00  0.00000000E+00  0.99512146E+03 -0.94327051E+04  0.12500000E+03  0.61098230E-03  0.69999999E+00  0.99999933E+03
  0.30000000E+01  0.00000000E+00  0.00000000E+00  0.00000000E+00  0.10193995E+04  0.40350039E+05  0.12500000E+03  0.19040543E-02  0.69999999E+00  0.99999780E+03
  0.35000000E+01  0.00000000E+00  0.00000000E+00  0.00000000E+00  0.10015771E+04  0.31090259E+04  0.12500000E+03  0.71970170E-03  0.69999999E+00  0.99999921E+03
  0.40000000E+01  0.00000000E+00  0.00000000E+00  0.00000000E+00  0.10000134E+04  0.26430483E+02  0.12500000E+03 -0.27363869E-04  0.69999999E+00  0.10000001E+04
  0.45000000E+01  0.00000000E+00  0.00000000E+00  0.00000000E+00  0.10000000E+04  0.00000000E+00  0.12500000E+03  0.00000000E+00  0.69999999E+00  0.10000000E+04
  0.50000000E+01  0.00000000E+00  0.00000000E+00  0.00000000E+00  0.10000000E+04  0.00000000E+00  0.12500000E+03  0.00000000E+00  0.69999999E+00  0.10000000E+04
  0.55000000E+01  0.00000000E+00  0.00000000E+00  0.00000000E+00  0.10000000E+04  0.00000000E+00  0.12500000E+03  0.00000000E+00  0.69999999E+00  0.10000000E+04
  0.60000000E+01  0.00000000E+00  0.00000000E+00  0.00000000E+00  0.10000000E+04  0.00000000E+00  0.12500000E+03  0.00000000E+00  0.69999999E+00  0.10000000E+04
  0.65000000E+01  0.00000000E+00  0.00000000E+00  0.00000000E+00  0.10000000E+04  0.00000000E+00  0.12500000E+03  0.00000000E+00  0.69999999E+00  0.10000000E+04
  0.70000000E+01  0.00000000E+00  0.00000000E+00  0.00000000E+00  0.10000000E+04  0.00000000E+00  0.12500000E+03  0.00000000E+00  0.69999999E+00  0.10000000E+04
  0.75000000E+01  0.00000000E+00  0.00000000E+00  0.00000000E+00  0.10000000E+04  0.00000000E+00  0.12500000E+03  0.00000000E+00  0.69999999E+00  0.10000000E+04
  0.25000000E+00 -0.25000000E+00  0.00000000E+00  0.00000000E+00  0.10143362E+04  0.29366738E+05  0.12500000E+03  0.21397718E-02  0.69999999E+00  0.99999750E+03
  0.75000000E+00 -0.25000000E+00  0.00000000E+00  0.00000000E+00  0.10218853E+04  0.45863215E+05  0.12500000E+03  0.49008704E-02  0.69999999E+00  0.99999426E+03
  0.12500000E+01 -0.25000000E+00  0.00000000E+00  0.00000000E+00  0.10062267E+04  0.12447296E+05  0.12500000E+03  0.37938575E-02  0.69999999E+00  0.99999567E+03
  0.17500000E+01 -0.25000000E+00  0.00000000E+00  0.00000000E+00  0.10128937E+04  0.26297225E+05  0.12500000E+03  0.55456273E-02  0.69999999E+00  0.99999359E+03
  0.22500000E+01 -0.25000000E+00  0.00000000E+00  0.00000000E+00  0.10072305E+04  0.14497739E+05  0.12500000E+03  0.47688717E-02  0.69999999E+00  0.99999451E+03
  0.27500000E+01 -0.25000000E+00  0.00000000E+00  0.00000000E+00  0.10112679E+04  0.22869135E+05  0.12500000E+03  0.66954026E-03  0.69999999E+00  0.99999921E+03
  0.32500000E+01 -0.25000000E+00  0.00000000E+00  0.00000000E+00  0.10041083E+04  0.81605322E+04  0.12500000E+03  0.80049719E-03  0.69999999E+00  0.99999908E+03
  0.37500000E+01 -0.25000000E+00  0.00000000E+00  0.00000000E+00  0.10000013E+04  0.25727851E+01  0.12500000E+03 -0.59664068E-04  0.69999999E+00  0.10000001E+04
  0.42500000E+01 -0.25000000E+00  0.00000000E+00  0.00000000E+00  0.10000000E+04  0.00000000E+00  0.12500000E+03 -0.36153500E-42  0.69999999E+00  0.10000000E+04
  0.47500000E+01 -0.25000000E+00  0.00000000E+00  0.00000000E+00  0.10000000E+04  0.00000000E+00  0.12500000E+03  0.00000000E+00  0.69999999E+00  0.10000000E+04
  0.52500000E+01 -0.25000000E+00  0.00000000E+00  0.00000000E+00  0.10000000E+04  0.00000000E+00  0.12500000E+03  0.00000000E+00  0.69999999E+00  0.10000000E+04
  0.57500000E+01 -0.25000000E+00  0.00000000E+00  0.00000000E+00  0.10000000E+04  0.00000000E+00  0.12500000E+03  0.00000000E+00  0.69999999E+00  0.10000000E+04
  0.62500000E+01 -0.25000000E+00  0.00000000E+00  0.00000000E+00  0.10000000E+04  0.00000000E+00  0.12500000E+03  0.00000000E+00  0.69999999E+00  0.10000000E+04
  0.67500000E+01 -0.25000000E+00  0.00000000E+00  0.00000000E+00  0.10000000E+04  0.00000000E+00  0.12500000E+03  0.00000000E+00  0.69999999E+00  0.10000000E+04
  0.72500000E+01 -0.25000000E+00  0.00000000E+00  0.00000000E+00  0.10000000E+04  0.00000000E+00  0.12500000E+03  0.00000000E+00  0.69999999E+00  0.10000000E+04
  0.77500000E+01 -0.25000000E+00  0.00000000E+00  0.00000000E+00  0.10000000E+04  0.00000000E+00  0.12500000E+03  0.00000000E+00  0.69999999E+00  0.10000000E+04
  0.40000000E+01  0.50000000E+00  0.00000000E+00  0.00000000E+00  0.10001036E+04  0.20331239E+03  0.12500000E+03 -0.75815115E-04  0.69999999E+00  0.10000001E+04
  0.37500000E+01  0.25000000E+00  0.00000000E+00  0.00000000E+00  0.10017784E+04  0.35080571E+04  0.12500000E+03 -0.29619510E-03  0.69999999E+00  0.10000004E+04
  0.40000000E+01  0.10000000E+01  0.00000000E+00  0.00000000E+00  0.10008906E+04  0.17520576E+04  0.12500000E+03  0.85585798E-05  0.69999999E+00  0.10000000E+04
  0.37500000E+01  0.75000000E+00  0.00000000E+00  0.00000000E+00  0.99923181E+03 -0.15037094E+04  0.12500000E+03  0.18665208E-03  0.69999999E+00  0.99999982E+03
  0.40000000E+01  0.15000000E+01  0.00000000E+00  0.00000000E+00  0.10007051E+04  0.13863812E+04  0.12500000E+03  0.11443497E-03  0.69999999E+00  0.99999988E+03
  0.37500000E+01  0.12500000E+01  0.00000000E+00  0.00000000E+00  0.10200583E+04  0.41803512E+05  0.12500000E+03  0.32701061E-03  0.69999999E+00  0.99999963E+03
  0.40000000E+01  0.20000000E+01  0.00000000E+00  0.00000000E+00  0.10000315E+04  0.61752430E+02  0.12500000E+03  0.20776821E-04  0.69999999E+00  0.10000000E+04
  0.37500000E+01  0.17500000E+01  0.00000000E+00  0.00000000E+00  0.10087408E+04  0.17605969E+05  0.12500000E+03  0.31834247E-03  0.69999999E+00  0.99999963E+03
  0.45000000E+01  0.50000000E+00  0.00000000E+00  0.00000000E+00  0.10000000E+04  0.00000000E+00  0.12500000E+03  0.00000000E+00  0.69999999E+00  0.10000000E+04
  0.42500000E+01  0.25000000E+00  0.00000000E+00  0.00000000E+00  0.10000018E+04  0.35083482E+01  0.12500000E+03 -0.74084828E-05  0.69999999E+00  0.10000000E+04
  0.45000000E+01  0.10000000E+01  0.00000000E+00  0.00000000E+00  0.10000000E+04  0.00000000E+00  0.12500000E+03  0.00000000E+00  0.69999999E+00  0.10000000E+04
  0.42500000E+01  0.75000000E+00  0.00000000E+00  0.00000000E+00  0.10000936E+04  0.18365413E+03  0.12500000E+03 -0.58616174E-05  0.69999999E+00  0.10000000E+04
  0.45000000E+01  0.15000000E+01  0.00000000E+00  0.00000000E+00  0.10000000E+04  0.00000000E+00  0.12500000E+03  0.00000000E+00  0.69999999E+00  0.10000000E+04
  0.42500000E+01  0.12500000E+01  0.00000000E+00  0.00000000E+00  0.10000045E+04  0.88878889E+01  0.12500000E+03  0.12300108E-04  0.69999999E+00  0.10000000E+04
  0.45000000E+01  0.20000000E+01  0.00000000E+00  0.00000000E+00  0.10000000E+04  0.00000000E+00  0.12500000E+03  0.00000000E+00  0.69999999E+00  0.10000000E+04
  0.42500000E+01  0.17500000E+01  0.00000000E+00  0.00000000E+00  0.10000000E+04  0.00000000E+00  0.12500000E+03  0.00000000E+00  0.69999999E+00  0.10000000E+04
  0.50000000E+01  0.50000000E+00  0.00000000E+00  0.00000000E+00  0.10000000E+04  0.00000000E+00  0.12500000E+03  0.00000000E+00  0.69999999E+00  0.10000000E+04
  0.47500000E+01  0.25000000E+00  0.00000000E+00  0.00000000E+00  0.10000000E+04  0.00000000E+00  0.12500000E+03  0.00000000E+00  0.69999999E+00  0.10000000E+04
  0.50000000E+01  0.10000000E+01  0.00000000E+00  0.00000000E+00  0.10000000E+04  0.00000000E+00  0.12500000E+03  0.00000000E+00  0.69999999E+00  0.10000000E+04
  0.47500000E+01  0.75000000E+00  0.00000000E+00  0.00000000E+00  0.10000000E+04  0.00000000E+00  0.12500000E+03  0.00000000E+00  0.69999999E+00  0.10000000E+04
  0.50000000E+01  0.15000000E+01  0.00000000E+00  0.00000000E+00  0.10000000E+04  0.00000000E+00  0.12500000E+03  0.00000000E+00  0.69999999E+00  0.10000000E+04
  0.47500000E+01  0.12500000E+01  0.00000000E+00  0.00000000E+00  0.10000000E+04  0.00000000E+00  0.12500000E+03  0.00000000E+00  0.69999999E+00  0.10000000E+04
  0.50000000E+01  0.20000000E+01  0.00000000E+00  0.00000000E+00  0.10000000E+04  0.00000000E+00  0.12500000E+03  0.00000000E+00  0.69999999E+00  0.10000000E+04
  0.47500000E+01  0.17500000E+01  0.00000000E+00  0.00000000E+00  0.10000000E+04  0.00000000E+00  0.12500000E+03  0.00000000E+00  0.69999999E+00  0.10000000E+04
  0.69681728E+00  0.24573711E+00  0.11940098E+00 -0.20153150E+00  0.99315039E+03 -0.13165868E+05  0.12576698E+03  0.12576698E+03  0.10000000E+01  0.00000000E+00
  0.67473793E+00  0.60791516E+00  0.10513971E+01  0.23853436E+00  0.10005267E+04  0.10349541E+04  0.12561582E+03  0.12561256E+03  0.10000000E+01  0.00000000E+00
  0.66916275E+00  0.74880075E+00  0.83659494E+00  0.87007070E+00  0.10002233E+04  0.43836694E+03  0.12546356E+03  0.12546356E+03  0.10000000E+01  0.00000000E+00
  0.86285526E+00  0.10135812E+01 -0.23942314E-01  0.10132025E+01  0.10010926E+04  0.21506282E+04  0.12531018E+03  0.12531018E+03  0.10000000E+01  0.00000000E+00
  0.10729665E+01  0.10883136E+01 -0.90696353E+00  0.73881805E+00  0.99995172E+03 -0.94711174E+02  0.12515567E+03  0.12515567E+03  0.10000000E+01  0.00000000E+00
  0.19064004E+01  0.14302092E+01  0.61368513E+00  0.29747683E+00  0.99775269E+03 -0.43796523E+04  0.12500000E+03  0.12500000E+03  0.10000000E+01  0.00000000E+00
  0.13495591E+01  0.18234083E+00  0.37854310E-01  0.39639005E+00  0.98353833E+03 -0.30745818E+05  0.12576698E+03  0.12575829E+03  0.10000000E+01  0.00000000E+00
  0.98734200E+00  0.47758627E+00  0.50792664E-01 -0.60578715E-01  0.99315228E+03 -0.13162390E+05  0.12561582E+03  0.12560839E+03  0.10000000E+01  0.00000000E+00
  0.13894196E+01  0.53778160E+00  0.49948134E-02 -0.22505112E-02  0.99418842E+03 -0.11205423E+05  0.12546356E+03  0.12546172E+03  0.10000000E+01  0.00000000E+00
  0.95583963E+00  0.84672344E+00 -0.90119791E+00  0.70022237E+00  0.99846814E+03 -0.29916924E+04  0.12531018E+03  0.12531018E+03  0.10000000E+01  0.00000000E+00
  0.15948136E+01  0.88015795E+00 -0.36532897E+00 -0.84727776E+00  0.10030082E+04  0.59554751E+04  0.12515567E+03  0.12515567E+03  0.10000000E+01  0.00000000E+00
  0.12907456E+01  0.11950758E+01 -0.76983237E+00  0.21465072E+00  0.10005662E+04  0.11126254E+04  0.12500000E+03  0.12500000E+03  0.10000000E+01  0.00000000E+00
  0.19855821E+01  0.30568883E+00 -0.55927163E+00  0.43225414E+00  0.98996710E+03 -0.19101865E+05  0.12576698E+03  0.12575955E+03  0.10000000E+01  0.00000000E+00
  0.19235721E+01  0.54911315E+00  0.80526078E+00  0.88913172E-01  0.10006930E+04  0.13624243E+04  0.12561582E+03  0.12561089E+03  0.10000000E+01  0.00000000E+00
  0.25137811E+01  0.55541503E+00 -0.62280083E+00 -0.14929098E+00  0.10039398E+04  0.78217480E+04  0.12546356E+03  0.12546231E+03  0.10000000E+01  0.00000000E+00
  0.20013325E+01  0.80054188E+00  0.85947353E+00  0.19410744E+00  0.10049324E+04  0.98217568E+04  0.12531018E+03  0.12531018E+03  0.10000000E+01  0.00000000E+00
  0.24494419E+01  0.10027320E+01  0.11920736E+01 -0.51597559E+00  0.10004498E+04  0.88365344E+03  0.12515567E+03  0.12515567E+03  0.10000000E+01  0.00000000E+00
  0.20030649E+01  0.14982381E+01  0.37949854E+00 -0.37702817E+00  0.99878522E+03 -0.23747734E+04  0.12500000E+03  0.12500000E+03  0.10000000E+01  0.00000000E+00
  0.18046489E+01  0.54901564E+00 -0.10205510E+01 -0.45309535E+00  0.99891394E+03 -0.21239124E+04  0.12576698E+03  0.12576698E+03  0.10000000E+01  0.00000000E+00
  0.22643099E+01  0.69103867E+00 -0.10546256E+01  0.71967685E+00  0.10051126E+04  0.10186188E+05  0.12561582E+03  0.12561221E+03  0.10000000E+01  0.00000000E+00
  0.27512603E+01  0.77849829E+00 -0.14794588E+00  0.10151299E-01  0.99736469E+03 -0.51297607E+04  0.12546356E+03  0.12546202E+03  0.10000000E+01  0.00000000E+00
  0.26811256E+01  0.57965922E+00 -0.47955465E+00 -0.24467480E+00  0.10033273E+04  0.65938281E+04  0.12531018E+03  0.12531007E+03  0.10000000E+01  0.00000000E+00
  0.27857943E+01  0.13216836E+01 -0.22633621E+00  0.90044653E+00  0.99863293E+03 -0.26712593E+04  0.12515567E+03  0.12515567E+03  0.10000000E+01  0.00000000E+00
  0.26745844E+01  0.14142861E+01  0.11088697E+01 -0.24147382E+00  0.99903741E+03 -0.18832053E+04  0.12500000E+03  0.12500000E+03  0.10000000E+01  0.00000000E+00
  0.19932420E+01  0.13525980E+01 -0.17412696E+01 -0.92667955E+00  0.99421991E+03 -0.11145793E+05  0.12561582E+03  0.12561399E+03  0.10000000E+01  0.00000000E+00
  0.29003620E+01  0.12209207E+01 -0.20332357E+00  0.12834378E+01  0.99964172E+03 -0.70219714E+03  0.12531018E+03  0.12531018E+03  0.10000000E+01  0.00000000E+00
  0.21875854E+01  0.18343899E+01 -0.91776180E+00 -0.22493672E+00  0.99988116E+03 -0.23310384E+03  0.12500000E+03  0.12500000E+03  0.10000000E+01  0.00000000E+00
