  0.00000000E+00  0.00000000E+00  0.00000000E+00  0.00000000E+00  0.10008649E+04  0.17012710E+04  0.12500000E+03  0.18223706E-02  0.69999999E+00  0.99999792E+03
  0.00000000E+00  0.50000000E+00  0.00000000E+00  0.00000000E+00  0.10012964E+04  0.25534526E+04  0.12500000E+03  0.12145690E-02  0.69999999E+00  0.99999860E+03
  0.00000000E+00  0.10000000E+01  0.00000000E+00  0.00000000E+00  0.10104807E+04  0.21221223E+05  0.12500000E+03  0.21696358E-02  0.69999999E+00  0.99999750E+03
  0.00000000E+00  0.15000000E+01  0.00000000E+00  0.00000000E+00  0.10498757E+04  0.11377783E+06  0.12500000E+03  0.83980546E-03  0.69999999E+00  0.99999896E+03
  0.00000000E+00  0.20000000E+01  0.00000000E+00  0.00000000E+00  0.10182446E+04  0.37815879E+05  0.12500000E+03 -0.53547998E-03  0.69999999E+00  0.10000006E+04
  0.00000000E+00  0.25000000E+01  0.00000000E+00  0.00000000E+00  0.10002513E+04  0.49340909E+03  0.12500000E+03  0.10091870E-03  0.69999999E+00  0.99999988E+03
  0.00000000E+00  0.30000000E+01  0.00000000E+00  0.00000000E+00  0.10000000E+04  0.00000000E+00  0.12500000E+03  0.00000000E+00  0.69999999E+00  0.10000000E+04
  0.00000000E+00  0.35000000E+01  0.00000000E+00  0.00000000E+00  0.10000000E+04  0.00000000E+00  0.12500000E+03  0.00000000E+00  0.69999999E+00  0.10000000E+04
  0.00000000E+00  0.40000000E+01  0.00000000E+00  0.00000000E+00  0.10000000E+04  0.00000000E+00  0.12500000E+03  0.00000000E+00  0.69999999E+00  0.10000000E+04
 -0.25000000E+00 -0.25000000E+00  0.00000000E+00  0.00000000E+00  0.10006414E+04  0.12607445E+04  0.12500000E+03  0.52005530E-03  0.69999999E+00  0.99999939E+03
 -0.25000000E+00  0.25000000E+00  0.00000000E+00  0.00000000E+00  0.10011429E+04  0.22502283E+04  0.12500000E+03  0.72317623E-03  0.69999999E+00  0.99999915E+03
 -0.25000000E+00  0.75000000E+00  0.00000000E+00  0.00000000E+00  0.10006598E+04  0.12971389E+04  0.12500000E+03 -0.33976256E-04  0.69999999E+00  0.10000001E+04
 -0.25000000E+00  0.12500000E+01  0.00000000E+00  0.00000000E+00  0.10031539E+04  0.62468496E+04  0.12500000E+03  0.72200206E-03  0.69999999E+00  0.99999915E+03
 -0.25000000E+00  0.17500000E+01  0.00000000E+00  0.00000000E+00  0.10015588E+04  0.30726667E+04  0.12500000E+03 -0.16889677E-03  0.69999999E+00  0.10000002E+04
 -0.25000000E+00  0.22500000E+01  0.00000000E+00  0.00000000E+00  0.10004747E+04  0.93267188E+03  0.12500000E+03 -0.76131386E-04  0.69999999E+00  0.10000001E+04
 -0.25000000E+00  0.27500000E+01  0.00000000E+00  0.00000000E+00  0.10000000E+04  0.00000000E+00  0.12500000E+03  0.00000000E+00  0.69999999E+00  0.10000000E+04
 -0.25000000E+00  0.32500000E+01  0.00000000E+00  0.00000000E+00  0.10000000E+04  0.00000000E+00  0.12500000E+03  0.00000000E+00  0.69999999E+00  0.10000000E+04
 -0.25000000E+00  0.37500000E+01  0.00000000E+00  0.00000000E+00  0.10000000E+04  0.00000000E+00  0.12500000E+03  0.00000000E+00  0.69999999E+00  0.10000000E+04
  0.80000000E+01  0.00000000E+00  0.00000000E+00  0.00000000E+00  0.10000000E+04  0.00000000E+00  0.12500000E+03  0.00000000E+00  0.69999999E+00  0.10000000E+04
  0.80000000E+01  0.50000000E+00  0.00000000E+00  0.00000000E+00  0.10000000E+04  0.00000000E+00  0.12500000E+03  0.00000000E+00  0.69999999E+00  0.10000000E+04
  0.80000000E+01  0.10000000E+01  0.00000000E+00  0.00000000E+00  0.10000000E+04  0.00000000E+00  0.12500000E+03  0.00000000E+00  0.69999999E+00  0.10000000E+04
  0.80000000E+01  0.15000000E+01  0.00000000E+00  0.00000000E+00  0.10000000E+04  0.00000000E+00  0.12500000E+03  0.00000000E+00  0.69999999E+00  0.10000000E+04
  0.80000000E+01  0.20000000E+01  0.00000000E+00  0.00000000E+00  0.10000000E+04  0.00000000E+00  0.12500000E+03  0.00000000E+00  0.69999999E+00  0.10000000E+04
  0.80000000E+01  0.25000000E+01  0.00000000E+00  0.00000000E+00  0.10000000E+04  0.00000000E+00  0.12500000E+03  0.00000000E+00  0.69999999E+00  0.10000000E+04
  0.80000000E+01  0.30000000E+01  0.00000000E+00  0.00000000E+00  0.10000000E+04  0.00000000E+00  0.12500000E+03  0.00000000E+00  0.69999999E+00  0.10000000E+04
  0.80000000E+01  0.35000000E+01  0.00000000E+00  0.00000000E+00  0.10000000E+04  0.00000000E+00  0.12500000E+03  0.00000000E+00  0.69999999E+00  0.10000000E+04
  0.80000000E+01  0.40000000E+01  0.00000000E+00  0.00000000E+00  0.10000000E+04  0.00000000E+00  0.12500000E+03  0.00000000E+00  0.69999999E+00  0.10000000E+04
  0.82500000E+01 -0.25000000E+00  0.00000000E+00  0.00000000E+00  0.10000000E+04  0.00000000E+00  0.12500000E+03  0.00000000E+00  0.69999999E+00  0.10000000E+04
  0.82500000E+01  0.25000000E+00  0.00000000E+00  0.00000000E+00  0.10000000E+04  0.00000000E+00  0.12500000E+03  0.00000000E+00  0.69999999E+00  0.10000000E+04
  0.82500000E+01  0.75000000E+00  0.00000000E+00  0.00000000E+00  0.10000000E+04  0.00000000E+00  0.12500000E+03  0.00000000E+00  0.69999999E+00  0.10000000E+04
  0.82500000E+01  0.12500000E+01  0.00000000E+00  0.00000000E+00  0.10000000E+04  0.00000000E+00  0.12500000E+03  0.00000000E+00  0.69999999E+00  0.10000000E+04
  0.82500000E+01  0.17500000E+01  0.00000000E+00  0.00000000E+00  0.10000000E+04  0.00000000E+00  0.12500000E+03  0.00000000E+00  0.69999999E+00  0.10000000E+04
  0.82500000E+01  0.22500000E+01  0.00000000E+00  0.00000000E+00  0.10000000E+04  0.00000000E+00  0.12500000E+03  0.00000000E+00  0.69999999E+00  0.10000000E+04
  0.82500000E+01  0.27500000E+01  0.00000000E+00  0.00000000E+00  0.10000000E+04  0.00000000E+00  0.12500000E+03  0.00000000E+00  0.69999999E+00  0.10000000E+04
  0.82500000E+01  0.32500000E+01  0.00000000E+00  0.00000000E+00  0.10000000E+04  0.00000000E+00  0.12500000E+03  0.00000000E+00  0.69999999E+00  0.10000000E+04
  0.82500000E+01  0.37500000E+01  0.00000000E+00  0.00000000E+00  0.10000000E+04  0.00000000E+00  0.12500000E+03  0.00000000E+00  0.69999999E+00  0.10000000E+04
  0.50000000E+00  0.00000000E+00  0.00000000E+00  0.00000000E+00  0.10154276E+04  0.31706443E+05  0.12500000E+03  0.86569749E-02  0.69999999E+00  0.99998993E+03
  0.10000000E+01  0.00000000E+00  0.00000000E+00  0.00000000E+00  0.10227332E+04  0.47762348E+05  0.12500000E+03  0.32211631E-02  0.69999999E+00  0.99999622E+03
  0.15000000E+01  0.00000000E+00  0.00000000E+00  0.00000000E+00  0.10639792E+04  0.15236072E+06  0.12500000E+03  0.15272134E-01  0.69999999E+00  0.99998145E+03
  0.20000000E+01  0.00000000E+00  0.00000000E+00  0.00000000E+00  0.11539299E+04  0.48329875E+06  0.12500000E+03  0.16983276E-01  0.69999999E+00  0.99997760E+03
  0.25000000E+01  0.00000000E+00  0.00000000E+00  0.00000000E+00  0.10218711E+04  0.45831520E+05  0.12500000E+03  0.10717944E-02  0.69999999E+00  0.99999878E+03
  0.30000000E+01  0.00000000E+00  0.00000000E+00  0.00000000E+00  0.10024664E+04  0.48751099E+04  0.12500000E+03  0.31540014E-02  0.69999999E+00  0.99999640E+03
  0.35000000E+01  0.00000000E+00  0.00000000E+00  0.00000000E+00  0.10016996E+04  0.33516003E+04  0.12500000E+03  0.12927074E-02  0.69999999E+00  0.99999854E+03
  0.40000000E+01  0.00000000E+00  0.00000000E+00  0.00000000E+00  0.10000131E+04  0.25728762E+02  0.12500000E+03 -0.50405528E-04  0.69999999E+00  0.10000001E+04
  0.45000000E+01  0.00000000E+00  0.00000000E+00  0.00000000E+00  0.10000000E+04  0.00000000E+00  0.12500000E+03  0.00000000E+00  0.69999999E+00  0.10000000E+04
  0.50000000E+01  0.00000000E+00  0.00000000E+00  0.00000000E+00  0.10000000E+04  0.00000000E+00  0.12500000E+03  0.00000000E+00  0.69999999E+00  0.10000000E+04
  0.55000000E+01  0.00000000E+00  0.00000000E+00  0.00000000E+00  0.10000000E+04  0.00000000E+00  0.12500000E+03  0.00000000E+00  0.69999999E+00  0.10000000E+04
  0.60000000E+01  0.00000000E+00  0.00000000E+00  0.00000000E+00  0.10000000E+04  0.00000000E+00  0.12500000E+03  0.00000000E+00  0.69999999E+00  0.10000000E+04
  0.65000000E+01  0.00000000E+00  0.00000000E+00  0.00000000E+00  0.10000000E+04  0.00000000E+00  0.12500000E+03  0.00000000E+00  0.69999999E+00  0.10000000E+04
  0.70000000E+01  0.00000000E+00  0.00000000E+00  0.00000000E+00  0.10000000E+04  0.00000000E+00  0.12500000E+03  0.00000000E+00  0.69999999E+00  0.10000000E+04
  0.75000000E+01  0.00000000E+00  0.00000000E+00  0.00000000E+00  0.10000000E+04  0.00000000E+00  0.12500000E+03  0.00000000E+00  0.69999999E+00  0.10000000E+04
  0.25000000E+00 -0.25000000E+00  0.00000000E+00  0.00000000E+00  0.10052322E+04  0.10428154E+05  0.12500000E+03  0.27088579E-02  0.69999999E+00  0.99999689E+03
  0.75000000E+00 -0.25000000E+00  0.00000000E+00  0.00000000E+00  0.10214856E+04  0.44971254E+05  0.12500000E+03  0.66202632E-02  0.69999999E+00  0.99999225E+03
  0.12500000E+01 -0.25000000E+00  0.00000000E+00  0.00000000E+00  0.10122057E+04  0.24842574E+05  0.12500000E+03  0.52933972E-02  0.69999999E+00  0.99999390E+03
  0.17500000E+01 -0.25000000E+00  0.00000000E+00  0.00000000E+00  0.10176704E+04  0.36562266E+05  0.12500000E+03  0.81282556E-02  0.69999999E+00  0.99999054E+03
  0.22500000E+01 -0.25000000E+00  0.00000000E+00  0.00000000E+00  0.10008285E+04  0.16295718E+04  0.12500000E+03  0.71683070E-02  0.69999999E+00  0.99999182E+03
  0.27500000E+01 -0.25000000E+00  0.00000000E+00  0.00000000E+00  0.10021171E+04  0.41801016E+04  0.12500000E+03  0.11458516E-02  0.69999999E+00  0.99999872E+03
  0.32500000E+01 -0.25000000E+00  0.00000000E+00  0.00000000E+00  0.10009987E+04  0.19651646E+04  0.12500000E+03  0.14368363E-02  0.69999999E+00  0.99999835E+03
  0.37500000E+01 -0.25000000E+00  0.00000000E+00  0.00000000E+00  0.10000071E+04  0.13799721E+02  0.12500000E+03 -0.13200220E-03  0.69999999E+00  0.10000001E+04
  0.42500000E+01 -0.25000000E+00  0.00000000E+00  0.00000000E+00  0.10000000E+04  0.00000000E+00  0.12500000E+03 -0.35836807E-40  0.69999999E+00  0.10000000E+04
  0.47500000E+01 -0.25000000E+00  0.00000000E+00  0.00000000E+00  0.10000000E+04  0.00000000E+00  0.12500000E+03  0.00000000E+00  0.69999999E+00  0.10000000E+04
  0.52500000E+01 -0.25000000E+00  0.00000000E+00  0.00000000E+00  0.10000000E+04  0.00000000E+00  0.12500000E+03  0.00000000E+00  0.69999999E+00  0.10000000E+04
  0.57500000E+01 -0.25000000E+00  0.00000000E+00  0.00000000E+00  0.10000000E+04  0.00000000E+00  0.12500000E+03  0.00000000E+00  0.69999999E+00  0.10000000E+04
  0.62500000E+01 -0.25000000E+00  0.00000000E+00  0.00000000E+00  0.10000000E+04  0.00000000E+00  0.12500000E+03  0.00000000E+00  0.69999999E+00  0.10000000E+04
  0.67500000E+01 -0.25000000E+00  0.00000000E+00  0.00000000E+00  0.10000000E+04  0.00000000E+00  0.12500000E+03  0.00000000E+00  0.69999999E+00  0.10000000E+04
  0.72500000E+01 -0.25000000E+00  0.00000000E+00  0.00000000E+00  0.10000000E+04  0.00000000E+00  0.12500000E+03  0.00000000E+00  0.69999999E+00  0.10000000E+04
  0.77500000E+01 -0.25000000E+00  0.00000000E+00  0.00000000E+00  0.10000000E+04  0.00000000E+00  0.12500000E+03  0.00000000E+00  0.69999999E+00  0.10000000E+04
  0.40000000E+01  0.50000000E+00  0.00000000E+00  0.00000000E+00  0.10005790E+04  0.11379722E+04  0.12500000E+03 -0.15170652E-03  0.69999999E+00  0.10000002E+04
  0.37500000E+01  0.25000000E+00  0.00000000E+00  0.00000000E+00  0.10027593E+04  0.54586045E+04  0.12500000E+03 -0.59356523E-03  0.69999999E+00  0.10000007E+04
  0.40000000E+01  0.10000000E+01  0.00000000E+00  0.00000000E+00  0.10012247E+04  0.24118191E+04  0.12500000E+03 -0.60999982E-05  0.69999999E+00  0.10000000E+04
  0.37500000E+01  0.75000000E+00  0.00000000E+00  0.00000000E+00  0.10195660E+04  0.40716887E+05  0.12500000E+03  0.47537702E-03  0.69999999E+00  0.99999945E+03
  0.40000000E+01  0.15000000E+01  0.00000000E+00  0.00000000E+00  0.10050995E+04  0.10159662E+05  0.12500000E+03  0.19761897E-03  0.69999999E+00  0.99999976E+03
  0.37500000E+01  0.12500000E+01  0.00000000E+00  0.00000000E+00  0.10388118E+04  0.85611492E+05  0.12500000E+03  0.50971285E-03  0.69999999E+00  0.99999939E+03
  0.40000000E+01  0.20000000E+01  0.00000000E+00  0.00000000E+00  0.10011864E+04  0.23359604E+04  0.12500000E+03  0.54256045E-04  0.69999999E+00  0.99999994E+03
  0.37500000E+01  0.17500000E+01  0.00000000E+00  0.00000000E+00  0.10484779E+04  0.11011976E+06  0.12500000E+03  0.62606699E-03  0.69999999E+00  0.99999927E+03
  0.45000000E+01  0.50000000E+00  0.00000000E+00  0.00000000E+00  0.10000000E+04  0.00000000E+00  0.12500000E+03  0.00000000E+00  0.69999999E+00  0.10000000E+04
  0.42500000E+01  0.25000000E+00  0.00000000E+00  0.00000000E+00  0.10000018E+04  0.35083482E+01  0.12500000E+03 -0.74084828E-05  0.69999999E+00  0.10000000E+04
  0.45000000E+01  0.10000000E+01  0.00000000E+00  0.00000000E+00  0.10000000E+04  0.00000000E+00  0.12500000E+03 -0.00000000E+00  0.69999999E+00  0.10000000E+04
  0.42500000E+01  0.75000000E+00  0.00000000E+00  0.00000000E+00  0.10000934E+04  0.18318608E+03  0.12500000E+03 -0.62608265E-05  0.69999999E+00  0.10000000E+04
  0.45000000E+01  0.15000000E+01  0.00000000E+00  0.00000000E+00  0.10000000E+04  0.00000000E+00  0.12500000E+03 -0.00000000E+00  0.69999999E+00  0.10000000E+04
  0.42500000E+01  0.12500000E+01  0.00000000E+00  0.00000000E+00  0.10000054E+04  0.10525158E+02  0.12500000E+03  0.11124384E-04  0.69999999E+00  0.10000000E+04
  0.45000000E+01  0.20000000E+01  0.00000000E+00  0.00000000E+00  0.10000000E+04  0.00000000E+00  0.12500000E+03  0.00000000E+00  0.69999999E+00  0.10000000E+04
  0.42500000E+01  0.17500000E+01  0.00000000E+00  0.00000000E+00  0.10000000E+04  0.00000000E+00  0.12500000E+03  0.63884147E-06  0.69999999E+00  0.10000000E+04
  0.50000000E+01  0.50000000E+00  0.00000000E+00  0.00000000E+00  0.10000000E+04  0.00000000E+00  0.12500000E+03  0.00000000E+00  0.69999999E+00  0.10000000E+04
  0.47500000E+01  0.25000000E+00  0.00000000E+00  0.00000000E+00  0.10000000E+04  0.00000000E+00  0.12500000E+03  0.00000000E+00  0.69999999E+00  0.10000000E+04
  0.50000000E+01  0.10000000E+01  0.00000000E+00  0.00000000E+00  0.10000000E+04  0.00000000E+00  0.12500000E+03  0.00000000E+00  0.69999999E+00  0.10000000E+04
  0.47500000E+01  0.75000000E+00  0.00000000E+00  0.00000000E+00  0.10000000E+04  0.00000000E+00  0.12500000E+03  0.00000000E+00  0.69999999E+00  0.10000000E+04
  0.50000000E+01  0.15000000E+01  0.00000000E+00  0.00000000E+00  0.10000000E+04  0.00000000E+00  0.12500000E+03  0.00000000E+00  0.69999999E+00  0.10000000E+04
  0.47500000E+01  0.12500000E+01  0.00000000E+00  0.00000000E+00  0.10000000E+04  0.00000000E+00  0.12500000E+03  0.00000000E+00  0.69999999E+00  0.10000000E+04
  0.50000000E+01  0.20000000E+01  0.00000000E+00  0.00000000E+00  0.10000000E+04  0.00000000E+00  0.12500000E+03  0.00000000E+00  0.69999999E+00  0.10000000E+04
  0.47500000E+01  0.17500000E+01  0.00000000E+00  0.00000000E+00  0.10000000E+04  0.00000000E+00  0.12500000E+03  0.00000000E+00  0.69999999E+00  0.10000000E+04
  0.20618513E+01  0.13896971E+01  0.31956882E+01  0.36122185E+00  0.10118090E+04  0.24006404E+05  0.12576698E+03  0.12576674E+03  0.10000000E+01  0.00000000E+00
  0.11458632E+01  0.97229242E+00  0.18667455E+01 -0.65739143E+00  0.10097186E+04  0.19633043E+05  0.12561582E+03  0.12561256E+03  0.10000000E+01  0.00000000E+00
  0.12155787E+01  0.83618915E+00  0.23875065E+01  0.64165699E+00  0.10166001E+04  0.34237059E+05  0.12546356E+03  0.12546333E+03  0.10000000E+01  0.00000000E+00
  0.99033624E+00  0.14844602E+01 -0.27586690E+00 -0.36705434E+00  0.10159059E+04  0.32736539E+05  0.12531018E+03  0.12531018E+03  0.10000000E+01  0.00000000E+00
  0.91356790E+00  0.14158547E+01  0.41402698E+00 -0.12583594E+01  0.10162150E+04  0.33404109E+05  0.12515567E+03  0.12515567E+03  0.10000000E+01  0.00000000E+00
  0.25770373E+01  0.18643517E+01  0.16405771E+01  0.38386550E+01  0.98150275E+03 -0.34338633E+05  0.12500000E+03  0.12500000E+03  0.10000000E+01  0.00000000E+00
  0.23460565E+01  0.13797164E+01  0.57144976E+01  0.38825130E+01  0.99165979E+03 -0.15959767E+05  0.12576698E+03  0.12575494E+03  0.10000000E+01  0.00000000E+00
  0.12377273E+01  0.10375218E+01  0.77805197E+00 -0.96752375E+00  0.99996344E+03 -0.71679008E+02  0.12561582E+03  0.12560624E+03  0.10000000E+01  0.00000000E+00
  0.15283070E+01  0.11093910E+01  0.55470932E+00  0.12377946E+01  0.10026530E+04  0.52468032E+04  0.12546356E+03  0.12546037E+03  0.10000000E+01  0.00000000E+00
  0.12757883E+01  0.82337916E+00  0.29278035E+01  0.97748780E+00  0.10142231E+04  0.29125068E+05  0.12531018E+03  0.12531038E+03  0.10000000E+01  0.00000000E+00
  0.14298244E+01  0.14951226E+01 -0.45632237E+00  0.11939107E+01  0.10244397E+04  0.51613133E+05  0.12515567E+03  0.12515567E+03  0.10000000E+01  0.00000000E+00
  0.83799553E+00  0.15656476E+01  0.85016239E+00 -0.78350264E+00  0.10112662E+04  0.22865633E+05  0.12500000E+03  0.12500000E+03  0.10000000E+01  0.00000000E+00
  0.21925919E+01  0.13586135E+01  0.25167553E+01  0.62065678E+01  0.97129913E+03 -0.51687988E+05  0.12576698E+03  0.12575644E+03  0.10000000E+01  0.00000000E+00
  0.23682439E+01  0.11398689E+01  0.70092189E+00  0.44868145E+01  0.10365203E+04  0.79998703E+05  0.12561582E+03  0.12561089E+03  0.10000000E+01  0.00000000E+00
  0.25696864E+01  0.84277868E+00 -0.17072878E+01  0.18973975E+01  0.97455115E+03 -0.46276262E+05  0.12546356E+03  0.12546005E+03  0.10000000E+01  0.00000000E+00
  0.24808023E+01  0.92373419E+00  0.13248184E+01  0.20705807E+01  0.96473499E+03 -0.62285402E+05  0.12531018E+03  0.12531018E+03  0.10000000E+01  0.00000000E+00
  0.27541294E+01  0.69242811E+00 -0.25535717E+01  0.18390485E+01  0.99452136E+03 -0.10573988E+05  0.12515567E+03  0.12515559E+03  0.10000000E+01  0.00000000E+00
  0.23420889E+01  0.18415008E+01 -0.29390323E+00  0.37157679E+01  0.97577332E+03 -0.44214203E+05  0.12500000E+03  0.12500000E+03  0.10000000E+01  0.00000000E+00
  0.15905020E+01  0.12720969E+01 -0.20664322E+01  0.23273177E+01  0.99655707E+03 -0.66856816E+04  0.12576698E+03  0.12576566E+03  0.10000000E+01  0.00000000E+00
  0.21434879E+01  0.11782587E+01  0.17750869E+01  0.28865619E+01  0.95087634E+03 -0.83284320E+05  0.12561582E+03  0.12561221E+03  0.10000000E+01  0.00000000E+00
  0.28946581E+01  0.89523816E+00 -0.87461495E+00 -0.12998493E+01  0.99720947E+03 -0.54293604E+04  0.12546356E+03  0.12546202E+03  0.10000000E+01  0.00000000E+00
  0.28300409E+01  0.99698448E+00 -0.12815268E+00 -0.12319762E+01  0.99632318E+03 -0.71348564E+04  0.12531018E+03  0.12530890E+03  0.10000000E+01  0.00000000E+00
  0.26746039E+01  0.19565129E+01  0.10213290E+01  0.33422117E+01  0.98486188E+03 -0.28385715E+05  0.12515567E+03  0.12515567E+03  0.10000000E+01  0.00000000E+00
  0.30031514E+01  0.14741106E+01  0.88954020E+00  0.83971128E-01  0.99910413E+03 -0.17529562E+04  0.12500000E+03  0.12500012E+03  0.10000000E+01  0.00000000E+00
  0.15658467E+01  0.16504738E+01 -0.46729743E-01  0.20541396E+01  0.98618811E+03 -0.26001553E+05  0.12561582E+03  0.12561399E+03  0.10000000E+01  0.00000000E+00
  0.29148922E+01  0.17487603E+01  0.12219822E+01  0.20437815E+01  0.98803741E+03 -0.22644893E+05  0.12531018E+03  0.12531004E+03  0.10000000E+01  0.00000000E+00
  0.16316063E+01  0.19569929E+01 -0.12148044E+01  0.31863251E+01  0.99944592E+03 -0.10853090E+04  0.12500000E+03  0.12500000E+03  0.10000000E+01  0.00000000E+00
