  0.00000000E+00  0.00000000E+00  0.00000000E+00  0.00000000E+00  0.10008613E+04  0.16942179E+04  0.12500000E+03  0.24631408E-02  0.69999999E+00  0.99999719E+03
  0.00000000E+00  0.50000000E+00  0.00000000E+00  0.00000000E+00  0.10124614E+04  0.25382555E+05  0.12500000E+03  0.31843563E-02  0.69999999E+00  0.99999634E+03
  0.00000000E+00  0.10000000E+01  0.00000000E+00  0.00000000E+00  0.10285732E+04  0.61101785E+05  0.12500000E+03  0.36525379E-02  0.69999999E+00  0.99999573E+03
  0.00000000E+00  0.15000000E+01  0.00000000E+00  0.00000000E+00  0.10123145E+04  0.25072061E+05  0.12500000E+03  0.13466231E-02  0.69999999E+00  0.99999841E+03
  0.00000000E+00  0.20000000E+01  0.00000000E+00  0.00000000E+00  0.10212195E+04  0.44378656E+05  0.12500000E+03 -0.16407256E-02  0.69999999E+00  0.10000019E+04
  0.00000000E+00  0.25000000E+01  0.00000000E+00  0.00000000E+00  0.10039463E+04  0.78349189E+04  0.12500000E+03  0.50881848E-03  0.69999999E+00  0.99999939E+03
  0.00000000E+00  0.30000000E+01  0.00000000E+00  0.00000000E+00  0.10000026E+04  0.51455903E+01  0.12500000E+03  0.38292605E-04  0.69999999E+00  0.99999994E+03
  0.00000000E+00  0.35000000E+01  0.00000000E+00  0.00000000E+00  0.10000000E+04  0.00000000E+00  0.12500000E+03  0.00000000E+00  0.69999999E+00  0.10000000E+04
  0.00000000E+00  0.40000000E+01  0.00000000E+00  0.00000000E+00  0.10000000E+04  0.00000000E+00  0.12500000E+03  0.00000000E+00  0.69999999E+00  0.10000000E+04
 -0.25000000E+00 -0.25000000E+00  0.00000000E+00  0.00000000E+00  0.10006414E+04  0.12607445E+04  0.12500000E+03  0.52005530E-03  0.69999999E+00  0.99999939E+03
 -0.25000000E+00  0.25000000E+00  0.00000000E+00  0.00000000E+00  0.10006405E+04  0.12591010E+04  0.12500000E+03  0.11023609E-02  0.69999999E+00  0.99999872E+03
 -0.25000000E+00  0.75000000E+00  0.00000000E+00  0.00000000E+00  0.10074689E+04  0.14986282E+05  0.12500000E+03  0.46177453E-03  0.69999999E+00  0.99999945E+03
 -0.25000000E+00  0.12500000E+01  0.00000000E+00  0.00000000E+00  0.10067765E+04  0.13568760E+05  0.12500000E+03  0.11685560E-02  0.69999999E+00  0.99999866E+03
 -0.25000000E+00  0.17500000E+01  0.00000000E+00  0.00000000E+00  0.10009006E+04  0.17718101E+04  0.12500000E+03 -0.34066633E-03  0.69999999E+00  0.10000004E+04
 -0.25000000E+00  0.22500000E+01  0.00000000E+00  0.00000000E+00  0.10015139E+04  0.29839109E+04  0.12500000E+03 -0.18548567E-03  0.69999999E+00  0.10000002E+04
 -0.25000000E+00  0.27500000E+01  0.00000000E+00  0.00000000E+00  0.10000007E+04  0.14033347E+01  0.12500000E+03  0.17473474E-04  0.69999999E+00  0.10000000E+04
 -0.25000000E+00  0.32500000E+01  0.00000000E+00  0.00000000E+00  0.10000000E+04  0.00000000E+00  0.12500000E+03  0.23149451E-41  0.69999999E+00  0.10000000E+04
 -0.25000000E+00  0.37500000E+01  0.00000000E+00  0.00000000E+00  0.10000000E+04  0.00000000E+00  0.12500000E+03  0.00000000E+00  0.69999999E+00  0.10000000E+04
  0.80000000E+01  0.00000000E+00  0.00000000E+00  0.00000000E+00  0.10000000E+04  0.00000000E+00  0.12500000E+03  0.00000000E+00  0.69999999E+00  0.10000000E+04
  0.80000000E+01  0.50000000E+00  0.00000000E+00  0.00000000E+00  0.10000000E+04  0.00000000E+00  0.12500000E+03  0.00000000E+00  0.69999999E+00  0.10000000E+04
  0.80000000E+01  0.10000000E+01  0.00000000E+00  0.00000000E+00  0.10000000E+04  0.00000000E+00  0.12500000E+03  0.00000000E+00  0.69999999E+00  0.10000000E+04
  0.80000000E+01  0.15000000E+01  0.00000000E+00  0.00000000E+00  0.10000000E+04  0.00000000E+00  0.12500000E+03  0.00000000E+00  0.69999999E+00  0.10000000E+04
  0.80000000E+01  0.20000000E+01  0.00000000E+00  0.00000000E+00  0.10000000E+04  0.00000000E+00  0.12500000E+03  0.00000000E+00  0.69999999E+00  0.10000000E+04
  0.80000000E+01  0.25000000E+01  0.00000000E+00  0.00000000E+00  0.10000000E+04  0.00000000E+00  0.12500000E+03  0.00000000E+00  0.69999999E+00  0.10000000E+04
  0.80000000E+01  0.30000000E+01  0.00000000E+00  0.00000000E+00  0.10000000E+04  0.00000000E+00  0.12500000E+03  0.00000000E+00  0.69999999E+00  0.10000000E+04
  0.80000000E+01  0.35000000E+01  0.00000000E+00  0.00000000E+00  0.10000000E+04  0.00000000E+00  0.12500000E+03  0.00000000E+00  0.69999999E+00  0.10000000E+04
  0.80000000E+01  0.40000000E+01  0.00000000E+00  0.00000000E+00  0.10000000E+04  0.00000000E+00  0.12500000E+03  0.00000000E+00  0.69999999E+00  0.10000000E+04
  0.82500000E+01 -0.25000000E+00  0.00000000E+00  0.00000000E+00  0.10000000E+04  0.00000000E+00  0.12500000E+03  0.00000000E+00  0.69999999E+00  0.10000000E+04
  0.82500000E+01  0.25000000E+00  0.00000000E+00  0.00000000E+00  0.10000000E+04  0.00000000E+00  0.12500000E+03  0.00000000E+00  0.69999999E+00  0.10000000E+04
  0.82500000E+01  0.75000000E+00  0.00000000E+00  0.00000000E+00  0.10000000E+04  0.00000000E+00  0.12500000E+03  0.00000000E+00  0.69999999E+00  0.10000000E+04
  0.82500000E+01  0.12500000E+01  0.00000000E+00  0.00000000E+00  0.10000000E+04  0.00000000E+00  0.12500000E+03  0.00000000E+00  0.69999999E+00  0.10000000E+04
  0.82500000E+01  0.17500000E+01  0.00000000E+00  0.00000000E+00  0.10000000E+04  0.00000000E+00  0.12500000E+03  0.00000000E+00  0.69999999E+00  0.10000000E+04
  0.82500000E+01  0.22500000E+01  0.00000000E+00  0.00000000E+00  0.10000000E+04  0.00000000E+00  0.12500000E+03  0.00000000E+00  0.69999999E+00  0.10000000E+04
  0.82500000E+01  0.27500000E+01  0.00000000E+00  0.00000000E+00  0.10000000E+04  0.00000000E+00  0.12500000E+03  0.00000000E+00  0.69999999E+00  0.10000000E+04
  0.82500000E+01  0.32500000E+01  0.00000000E+00  0.00000000E+00  0.10000000E+04  0.00000000E+00  0.12500000E+03  0.00000000E+00  0.69999999E+00  0.10000000E+04
  0.82500000E+01  0.37500000E+01  0.00000000E+00  0.00000000E+00  0.10000000E+04  0.00000000E+00  0.12500000E+03  0.00000000E+00  0.69999999E+00  0.10000000E+04
  0.50000000E+00  0.00000000E+00  0.00000000E+00  0.00000000E+00  0.10329015E+04  0.71285570E+05  0.12500000E+03  0.12480482E-01  0.69999999E+00  0.99998529E+03
  0.10000000E+01  0.00000000E+00  0.00000000E+00  0.00000000E+00  0.10536426E+04  0.12378214E+06  0.12500000E+03  0.71707577E-02  0.69999999E+00  0.99999139E+03
  0.15000000E+01  0.00000000E+00  0.00000000E+00  0.00000000E+00  0.10317238E+04  0.68488945E+05  0.12500000E+03  0.21869712E-01  0.69999999E+00  0.99997424E+03
  0.20000000E+01  0.00000000E+00  0.00000000E+00  0.00000000E+00  0.11367634E+04  0.40724434E+06  0.12500000E+03  0.25225954E-01  0.69999999E+00  0.99996722E+03
  0.25000000E+01  0.00000000E+00  0.00000000E+00  0.00000000E+00  0.10286246E+04  0.61221176E+05  0.12500000E+03  0.75376662E-02  0.69999999E+00  0.99999115E+03
  0.30000000E+01  0.00000000E+00  0.00000000E+00  0.00000000E+00  0.10409243E+04  0.90851945E+05  0.12500000E+03  0.92418008E-02  0.69999999E+00  0.99998901E+03
  0.35000000E+01  0.00000000E+00  0.00000000E+00  0.00000000E+00  0.10035381E+04  0.70159336E+04  0.12500000E+03  0.37840505E-02  0.69999999E+00  0.99999567E+03
  0.40000000E+01  0.00000000E+00  0.00000000E+00  0.00000000E+00  0.10000137E+04  0.26898298E+02  0.12500000E+03 -0.68247195E-04  0.69999999E+00  0.10000001E+04
  0.45000000E+01  0.00000000E+00  0.00000000E+00  0.00000000E+00  0.10000000E+04  0.00000000E+00  0.12500000E+03  0.14736055E-39  0.69999999E+00  0.10000000E+04
  0.50000000E+01  0.00000000E+00  0.00000000E+00  0.00000000E+00  0.10000000E+04  0.00000000E+00  0.12500000E+03 -0.24382593E-42  0.69999999E+00  0.10000000E+04
  0.55000000E+01  0.00000000E+00  0.00000000E+00  0.00000000E+00  0.10000000E+04  0.00000000E+00  0.12500000E+03  0.00000000E+00  0.69999999E+00  0.10000000E+04
  0.60000000E+01  0.00000000E+00  0.00000000E+00  0.00000000E+00  0.10000000E+04  0.00000000E+00  0.12500000E+03  0.00000000E+00  0.69999999E+00  0.10000000E+04
  0.65000000E+01  0.00000000E+00  0.00000000E+00  0.00000000E+00  0.10000000E+04  0.00000000E+00  0.12500000E+03  0.00000000E+00  0.69999999E+00  0.10000000E+04
  0.70000000E+01  0.00000000E+00  0.00000000E+00  0.00000000E+00  0.10000000E+04  0.00000000E+00  0.12500000E+03  0.00000000E+00  0.69999999E+00  0.10000000E+04
  0.75000000E+01  0.00000000E+00  0.00000000E+00  0.00000000E+00  0.10000000E+04  0.00000000E+00  0.12500000E+03  0.00000000E+00  0.69999999E+00  0.10000000E+04
  0.25000000E+00 -0.25000000E+00  0.00000000E+00  0.00000000E+00  0.10056381E+04  0.11250630E+05  0.12500000E+03  0.33068820E-02  0.69999999E+00  0.99999622E+03
  0.75000000E+00 -0.25000000E+00  0.00000000E+00  0.00000000E+00  0.10251804E+04  0.53296742E+05  0.12500000E+03  0.89475010E-02  0.69999999E+00  0.99998950E+03
  0.12500000E+01 -0.25000000E+00  0.00000000E+00  0.00000000E+00  0.10102877E+04  0.20818344E+05  0.12500000E+03  0.71334215E-02  0.69999999E+00  0.99999176E+03
  0.17500000E+01 -0.25000000E+00  0.00000000E+00  0.00000000E+00  0.10149211E+04  0.30618922E+05  0.12500000E+03  0.10882074E-01  0.69999999E+00  0.99998737E+03
  0.22500000E+01 -0.25000000E+00  0.00000000E+00  0.00000000E+00  0.10011205E+04  0.22057224E+04  0.12500000E+03  0.10756452E-01  0.69999999E+00  0.99998767E+03
  0.27500000E+01 -0.25000000E+00  0.00000000E+00  0.00000000E+00  0.10032803E+04  0.64995957E+04  0.12500000E+03  0.49357098E-02  0.69999999E+00  0.99999432E+03
  0.32500000E+01 -0.25000000E+00  0.00000000E+00  0.00000000E+00  0.99995557E+03 -0.87111908E+02  0.12500000E+03  0.34042913E-02  0.69999999E+00  0.99999609E+03
  0.37500000E+01 -0.25000000E+00  0.00000000E+00  0.00000000E+00  0.10000070E+04  0.13565822E+02  0.12500000E+03 -0.15635355E-03  0.69999999E+00  0.10000002E+04
  0.42500000E+01 -0.25000000E+00  0.00000000E+00  0.00000000E+00  0.10000000E+04  0.00000000E+00  0.12500000E+03 -0.64836546E-36  0.69999999E+00  0.10000000E+04
  0.47500000E+01 -0.25000000E+00  0.00000000E+00  0.00000000E+00  0.10000000E+04  0.00000000E+00  0.12500000E+03 -0.33850046E-39  0.69999999E+00  0.10000000E+04
  0.52500000E+01 -0.25000000E+00  0.00000000E+00  0.00000000E+00  0.10000000E+04  0.00000000E+00  0.12500000E+03  0.00000000E+00  0.69999999E+00  0.10000000E+04
  0.57500000E+01 -0.25000000E+00  0.00000000E+00  0.00000000E+00  0.10000000E+04  0.00000000E+00  0.12500000E+03  0.00000000E+00  0.69999999E+00  0.10000000E+04
  0.62500000E+01 -0.25000000E+00  0.00000000E+00  0.00000000E+00  0.10000000E+04  0.00000000E+00  0.12500000E+03  0.00000000E+00  0.69999999E+00  0.10000000E+04
  0.67500000E+01 -0.25000000E+00  0.00000000E+00  0.00000000E+00  0.10000000E+04  0.00000000E+00  0.12500000E+03  0.00000000E+00  0.69999999E+00  0.10000000E+04
  0.72500000E+01 -0.25000000E+00  0.00000000E+00  0.00000000E+00  0.10000000E+04  0.00000000E+00  0.12500000E+03  0.00000000E+00  0.69999999E+00  0.10000000E+04
  0.77500000E+01 -0.25000000E+00  0.00000000E+00  0.00000000E+00  0.10000000E+04  0.00000000E+00  0.12500000E+03  0.00000000E+00  0.69999999E+00  0.10000000E+04
  0.40000000E+01  0.50000000E+00  0.00000000E+00  0.00000000E+00  0.10013567E+04  0.26727454E+04  0.12500000E+03 -0.33676455E-03  0.69999999E+00  0.10000004E+04
  0.37500000E+01  0.25000000E+00  0.00000000E+00  0.00000000E+00  0.10041262E+04  0.81964912E+04  0.12500000E+03 -0.16778342E-02  0.69999999E+00  0.10000020E+04
  0.40000000E+01  0.10000000E+01  0.00000000E+00  0.00000000E+00  0.10029368E+04  0.58128584E+04  0.12500000E+03 -0.13345585E-03  0.69999999E+00  0.10000002E+04
  0.37500000E+01  0.75000000E+00  0.00000000E+00  0.00000000E+00  0.10428674E+04  0.95728852E+05  0.12500000E+03  0.97058818E-03  0.69999999E+00  0.99999884E+03
  0.40000000E+01  0.15000000E+01  0.00000000E+00  0.00000000E+00  0.10000801E+04  0.15721094E+03  0.12500000E+03  0.40984777E-03  0.69999999E+00  0.99999951E+03
  0.37500000E+01  0.12500000E+01  0.00000000E+00  0.00000000E+00  0.10250564E+04  0.53014184E+05  0.12500000E+03  0.97673107E-03  0.69999999E+00  0.99999884E+03
  0.40000000E+01  0.20000000E+01  0.00000000E+00  0.00000000E+00  0.10010588E+04  0.20840093E+04  0.12500000E+03  0.32330409E-03  0.69999999E+00  0.99999963E+03
  0.37500000E+01  0.17500000E+01  0.00000000E+00  0.00000000E+00  0.10211429E+04  0.44208379E+05  0.12500000E+03  0.19972187E-02  0.69999999E+00  0.99999768E+03
  0.45000000E+01  0.50000000E+00  0.00000000E+00  0.00000000E+00  0.10000000E+04  0.00000000E+00  0.12500000E+03  0.99603174E-39  0.69999999E+00  0.10000000E+04
  0.42500000E+01  0.25000000E+00  0.00000000E+00  0.00000000E+00  0.10000018E+04  0.35083482E+01  0.12500000E+03 -0.74084828E-05  0.69999999E+00  0.10000000E+04
  0.45000000E+01  0.10000000E+01  0.00000000E+00  0.00000000E+00  0.10000000E+04  0.00000000E+00  0.12500000E+03 -0.66141288E-42  0.69999999E+00  0.10000000E+04
  0.42500000E+01  0.75000000E+00  0.00000000E+00  0.00000000E+00  0.10000944E+04  0.18529227E+03  0.12500000E+03 -0.11323413E-04  0.69999999E+00  0.10000000E+04
  0.45000000E+01  0.15000000E+01  0.00000000E+00  0.00000000E+00  0.10000000E+04  0.00000000E+00  0.12500000E+03 -0.22392749E-41  0.69999999E+00  0.10000000E+04
  0.42500000E+01  0.12500000E+01  0.00000000E+00  0.00000000E+00  0.10000066E+04  0.12864128E+02  0.12500000E+03  0.34267537E-05  0.69999999E+00  0.10000000E+04
  0.45000000E+01  0.20000000E+01  0.00000000E+00  0.00000000E+00  0.10000000E+04  0.00000000E+00  0.12500000E+03  0.21720126E-41  0.69999999E+00  0.10000000E+04
  0.42500000E+01  0.17500000E+01  0.00000000E+00  0.00000000E+00  0.10000031E+04  0.60811610E+01  0.12500000E+03 -0.35628464E-05  0.69999999E+00  0.10000000E+04
  0.50000000E+01  0.50000000E+00  0.00000000E+00  0.00000000E+00  0.10000000E+04  0.00000000E+00  0.12500000E+03  0.17656361E-42  0.69999999E+00  0.10000000E+04
  0.47500000E+01  0.25000000E+00  0.00000000E+00  0.00000000E+00  0.10000000E+04  0.00000000E+00  0.12500000E+03  0.33417605E-39  0.69999999E+00  0.10000000E+04
  0.50000000E+01  0.10000000E+01  0.00000000E+00  0.00000000E+00  0.10000000E+04  0.00000000E+00  0.12500000E+03  0.00000000E+00  0.69999999E+00  0.10000000E+04
  0.47500000E+01  0.75000000E+00  0.00000000E+00  0.00000000E+00  0.10000000E+04  0.00000000E+00  0.12500000E+03  0.24382593E-42  0.69999999E+00  0.10000000E+04
  0.50000000E+01  0.15000000E+01  0.00000000E+00  0.00000000E+00  0.10000000E+04  0.00000000E+00  0.12500000E+03 -0.15470335E-41  0.69999999E+00  0.10000000E+04
  0.47500000E+01  0.12500000E+01  0.00000000E+00  0.00000000E+00  0.10000000E+04  0.00000000E+00  0.12500000E+03 -0.14825738E-41  0.69999999E+00  0.10000000E+04
  0.50000000E+01  0.20000000E+01  0.00000000E+00  0.00000000E+00  0.10000000E+04  0.00000000E+00  0.12500000E+03  0.14629556E-41  0.69999999E+00  0.10000000E+04
  0.47500000E+01  0.17500000E+01  0.00000000E+00  0.00000000E+00  0.10000000E+04  0.00000000E+00  0.12500000E+03  0.00000000E+00  0.69999999E+00  0.10000000E+04
  0.26305845E+01  0.89065230E+00  0.34823066E+00 -0.19250011E+00  0.10050761E+04  0.10112403E+05  0.12576698E+03  0.12576674E+03  0.10000000E+01  0.00000000E+00
  0.85896337E+00  0.10900146E+01 -0.41118520E+00  0.84353769E+00  0.99691089E+03 -0.60049927E+04  0.12561582E+03  0.12561256E+03  0.10000000E+01  0.00000000E+00
  0.16166580E+01  0.92352021E+00  0.40581977E+00 -0.27460417E+00  0.99953564E+03 -0.90984485E+03  0.12546356E+03  0.12546333E+03  0.10000000E+01  0.00000000E+00
  0.16853697E+01  0.15535021E+01  0.11803299E+01  0.32355234E+00  0.10015504E+04  0.30559050E+04  0.12531018E+03  0.12531027E+03  0.10000000E+01  0.00000000E+00
  0.27775683E+01  0.14861380E+01 -0.39850123E-01 -0.13711387E+00  0.99770367E+03 -0.44744775E+04  0.12515567E+03  0.12515567E+03  0.10000000E+01  0.00000000E+00
  0.23747087E+01  0.15352809E+01 -0.96518266E+00 -0.39129436E+00  0.99970490E+03 -0.57847894E+03  0.12500000E+03  0.12500000E+03  0.10000000E+01  0.00000000E+00
  0.28208771E+01  0.96550369E+00 -0.23826516E+00  0.96695974E-01  0.10027545E+04  0.54490933E+04  0.12576698E+03  0.12575461E+03  0.10000000E+01  0.00000000E+00
  0.89968598E+00  0.11469755E+01 -0.38255319E+00 -0.35719892E+00  0.99629852E+03 -0.71820952E+04  0.12561582E+03  0.12560624E+03  0.10000000E+01  0.00000000E+00
  0.10276191E+01  0.91612339E+00  0.76283300E+00 -0.43173635E+00  0.99743134E+03 -0.50010449E+04  0.12546356E+03  0.12546037E+03  0.10000000E+01  0.00000000E+00
  0.25868323E+01  0.13277246E+01  0.91132003E+00  0.34833387E-01  0.10039359E+04  0.78138452E+04  0.12531018E+03  0.12531038E+03  0.10000000E+01  0.00000000E+00
  0.12386781E+01  0.88075221E+00 -0.31684935E+00 -0.14260182E+00  0.10002300E+04  0.45148254E+03  0.12515567E+03  0.12515535E+03  0.10000000E+01  0.00000000E+00
  0.67430830E+00  0.93135500E+00 -0.69297135E+00  0.65315056E+00  0.10053712E+04  0.10709659E+05  0.12500000E+03  0.12500000E+03  0.10000000E+01  0.00000000E+00
  0.20086558E+01  0.94917881E+00 -0.41366689E-01  0.84695602E-02  0.10078165E+04  0.15700425E+05  0.12576698E+03  0.12575644E+03  0.10000000E+01  0.00000000E+00
  0.27790706E+01  0.90862525E+00 -0.29256931E+00  0.60662821E-01  0.10018999E+04  0.37490320E+04  0.12561582E+03  0.12561059E+03  0.10000000E+01  0.00000000E+00
  0.27579074E+01  0.13477186E+01 -0.70155013E+00  0.55803257E+00  0.99997803E+03 -0.43149605E+02  0.12546356E+03  0.12546005E+03  0.10000000E+01  0.00000000E+00
  0.19178700E+01  0.10216986E+01 -0.94876254E+00 -0.87594402E+00  0.10010056E+04  0.19788119E+04  0.12531018E+03  0.12531018E+03  0.10000000E+01  0.00000000E+00
  0.29601054E+01  0.84936130E+00  0.20856875E+00  0.10723846E+01  0.10088520E+04  0.17835715E+05  0.12515567E+03  0.12515553E+03  0.10000000E+01  0.00000000E+00
  0.11146619E+01  0.17760673E+01  0.89979939E-01 -0.22521688E+00  0.99523224E+03 -0.92216348E+04  0.12500000E+03  0.12499989E+03  0.10000000E+01  0.00000000E+00
  0.99062991E+00  0.15571123E+01  0.21905872E+00 -0.70082790E+00  0.10029560E+04  0.58514233E+04  0.12576698E+03  0.12576566E+03  0.10000000E+01  0.00000000E+00
  0.27516518E+01  0.88443363E+00 -0.11486387E+01 -0.20052963E+00  0.10000538E+04  0.10573475E+03  0.12561582E+03  0.12561228E+03  0.10000000E+01  0.00000000E+00
  0.15403020E+01  0.12706547E+01  0.43800938E+00 -0.43536678E-01  0.99931824E+03 -0.13348763E+04  0.12546356E+03  0.12546202E+03  0.10000000E+01  0.00000000E+00
  0.20783508E+01  0.10188303E+01 -0.77431977E-01 -0.27779274E-01  0.10018495E+04  0.36489790E+04  0.12531018E+03  0.12530890E+03  0.10000000E+01  0.00000000E+00
  0.12596391E+01  0.20082307E+01  0.13522365E+01 -0.45372230E+00  0.10069780E+04  0.13980868E+05  0.12515567E+03  0.12515567E+03  0.10000000E+01  0.00000000E+00
  0.13687372E+01  0.83383179E+00 -0.43796921E+00 -0.17534944E+00  0.10046891E+04  0.93304443E+04  0.12500000E+03  0.12500012E+03  0.10000000E+01  0.00000000E+00
  0.98318410E+00  0.17003212E+01  0.81353813E+00 -0.40044540E+00  0.10013401E+04  0.26399709E+04  0.12561582E+03  0.12561399E+03  0.10000000E+01  0.00000000E+00
  0.10545582E+01  0.20883551E+01  0.23644259E+01 -0.25784606E+00  0.10007375E+04  0.14502748E+04  0.12531018E+03  0.12531004E+03  0.10000000E+01  0.00000000E+00
  0.20174186E+01  0.17075660E+01 -0.10837643E+01  0.59062111E+00  0.10085735E+04  0.17260158E+05  0.12500000E+03  0.12500000E+03  0.10000000E+01  0.00000000E+00
