  0.00000000E+00  0.00000000E+00  0.00000000E+00  0.00000000E+00  0.10031556E+04  0.62501865E+04  0.12500000E+03  0.24127576E-02  0.69999999E+00  0.99999725E+03
  0.00000000E+00  0.50000000E+00  0.00000000E+00  0.00000000E+00  0.10335315E+04  0.72789414E+05  0.12500000E+03  0.30303048E-02  0.69999999E+00  0.99999640E+03
  0.00000000E+00  0.10000000E+01  0.00000000E+00  0.00000000E+00  0.10196730E+04  0.40952625E+05  0.12500000E+03  0.35234119E-02  0.69999999E+00  0.99999591E+03
  0.00000000E+00  0.15000000E+01  0.00000000E+00  0.00000000E+00  0.10184924E+04  0.38358246E+05  0.12500000E+03  0.12026101E-02  0.69999999E+00  0.99999860E+03
  0.00000000E+00  0.20000000E+01  0.00000000E+00  0.00000000E+00  0.10625243E+04  0.14823628E+06  0.12500000E+03 -0.15500248E-02  0.69999999E+00  0.10000019E+04
  0.00000000E+00  0.25000000E+01  0.00000000E+00  0.00000000E+00  0.10153531E+04  0.31546490E+05  0.12500000E+03  0.40894491E-03  0.69999999E+00  0.99999951E+03
  0.00000000E+00  0.30000000E+01  0.00000000E+00  0.00000000E+00  0.10000071E+04  0.13799721E+02  0.12500000E+03  0.12541625E-04  0.69999999E+00  0.10000000E+04
  0.00000000E+00  0.35000000E+01  0.00000000E+00  0.00000000E+00  0.10000000E+04  0.00000000E+00  0.12500000E+03  0.00000000E+00  0.69999999E+00  0.10000000E+04
  0.00000000E+00  0.40000000E+01  0.00000000E+00  0.00000000E+00  0.10000000E+04  0.00000000E+00  0.12500000E+03  0.00000000E+00  0.69999999E+00  0.10000000E+04
 -0.25000000E+00 -0.25000000E+00  0.00000000E+00  0.00000000E+00  0.10006414E+04  0.12607445E+04  0.12500000E+03  0.52005530E-03  0.69999999E+00  0.99999939E+03
 -0.25000000E+00  0.25000000E+00  0.00000000E+00  0.00000000E+00  0.10018478E+04  0.36454314E+04  0.12500000E+03  0.10704293E-02  0.69999999E+00  0.99999878E+03
 -0.25000000E+00  0.75000000E+00  0.00000000E+00  0.00000000E+00  0.10081147E+04  0.16313900E+05  0.12500000E+03  0.41487406E-03  0.69999999E+00  0.99999951E+03
 -0.25000000E+00  0.12500000E+01  0.00000000E+00  0.00000000E+00  0.99969507E+03 -0.59774005E+03  0.12500000E+03  0.11070820E-02  0.69999999E+00  0.99999872E+03
 -0.25000000E+00  0.17500000E+01  0.00000000E+00  0.00000000E+00  0.10029829E+04  0.59049927E+04  0.12500000E+03 -0.35536045E-03  0.69999999E+00  0.10000004E+04
 -0.25000000E+00  0.22500000E+01  0.00000000E+00  0.00000000E+00  0.10032118E+04  0.63624692E+04  0.12500000E+03 -0.16312132E-03  0.69999999E+00  0.10000002E+04
 -0.25000000E+00  0.27500000E+01  0.00000000E+00  0.00000000E+00  0.10000016E+04  0.30405662E+01  0.12500000E+03  0.27113854E-05  0.69999999E+00  0.10000000E+04
 -0.25000000E+00  0.32500000E+01  0.00000000E+00  0.00000000E+00  0.10000000E+04  0.00000000E+00  0.12500000E+03  0.12275375E-41  0.69999999E+00  0.10000000E+04
 -0.25000000E+00  0.37500000E+01  0.00000000E+00  0.00000000E+00  0.10000000E+04  0.00000000E+00  0.12500000E+03  0.00000000E+00  0.69999999E+00  0.10000000E+04
  0.80000000E+01  0.00000000E+00  0.00000000E+00  0.00000000E+00  0.10000000E+04  0.00000000E+00  0.12500000E+03  0.00000000E+00  0.69999999E+00  0.10000000E+04
  0.80000000E+01  0.50000000E+00  0.00000000E+00  0.00000000E+00  0.10000000E+04  0.00000000E+00  0.12500000E+03  0.00000000E+00  0.69999999E+00  0.10000000E+04
  0.80000000E+01  0.10000000E+01  0.00000000E+00  0.00000000E+00  0.10000000E+04  0.00000000E+00  0.12500000E+03  0.00000000E+00  0.69999999E+00  0.10000000E+04
  0.80000000E+01  0.15000000E+01  0.00000000E+00  0.00000000E+00  0.10000000E+04  0.00000000E+00  0.12500000E+03  0.00000000E+00  0.69999999E+00  0.10000000E+04
  0.80000000E+01  0.20000000E+01  0.00000000E+00  0.00000000E+00  0.10000000E+04  0.00000000E+00  0.12500000E+03  0.00000000E+00  0.69999999E+00  0.10000000E+04
  0.80000000E+01  0.25000000E+01  0.00000000E+00  0.00000000E+00  0.10000000E+04  0.00000000E+00  0.12500000E+03  0.00000000E+00  0.69999999E+00  0.10000000E+04
  0.80000000E+01  0.30000000E+01  0.00000000E+00  0.00000000E+00  0.10000000E+04  0.00000000E+00  0.12500000E+03  0.00000000E+00  0.69999999E+00  0.10000000E+04
  0.80000000E+01  0.35000000E+01  0.00000000E+00  0.00000000E+00  0.10000000E+04  0.00000000E+00  0.12500000E+03  0.00000000E+00  0.69999999E+00  0.10000000E+04
  0.80000000E+01  0.40000000E+01  0.00000000E+00  0.00000000E+00  0.10000000E+04  0.00000000E+00  0.12500000E+03  0.00000000E+00  0.69999999E+00  0.10000000E+04
  0.82500000E+01 -0.25000000E+00  0.00000000E+00  0.00000000E+00  0.10000000E+04  0.00000000E+00  0.12500000E+03  0.00000000E+00  0.69999999E+00  0.10000000E+04
  0.82500000E+01  0.25000000E+00  0.00000000E+00  0.00000000E+00  0.10000000E+04  0.00000000E+00  0.12500000E+03  0.00000000E+00  0.69999999E+00  0.10000000E+04
  0.82500000E+01  0.75000000E+00  0.00000000E+00  0.00000000E+00  0.10000000E+04  0.00000000E+00  0.12500000E+03  0.00000000E+00  0.69999999E+00  0.10000000E+04
  0.82500000E+01  0.12500000E+01  0.00000000E+00  0.00000000E+00  0.10000000E+04  0.00000000E+00  0.12500000E+03  0.00000000E+00  0.69999999E+00  0.10000000E+04
  0.82500000E+01  0.17500000E+01  0.00000000E+00  0.00000000E+00  0.10000000E+04  0.00000000E+00  0.12500000E+03  0.00000000E+00  0.69999999E+00  0.10000000E+04
  0.82500000E+01  0.22500000E+01  0.00000000E+00  0.00000000E+00  0.10000000E+04  0.00000000E+00  0.12500000E+03  0.00000000E+00  0.69999999E+00  0.10000000E+04
  0.82500000E+01  0.27500000E+01  0.00000000E+00  0.00000000E+00  0.10000000E+04  0.00000000E+00  0.12500000E+03  0.00000000E+00  0.69999999E+00  0.10000000E+04
  0.82500000E+01  0.32500000E+01  0.00000000E+00  0.00000000E+00  0.10000000E+04  0.00000000E+00  0.12500000E+03  0.00000000E+00  0.69999999E+00  0.10000000E+04
  0.82500000E+01  0.37500000E+01  0.00000000E+00  0.00000000E+00  0.10000000E+04  0.00000000E+00  0.12500000E+03  0.00000000E+00  0.69999999E+00  0.10000000E+04
  0.50000000E+00  0.00000000E+00  0.00000000E+00  0.00000000E+00  0.10583890E+04  0.13669731E+06  0.12500000E+03  0.12141686E-01  0.69999999E+00  0.99998529E+03
  0.10000000E+01  0.00000000E+00  0.00000000E+00  0.00000000E+00  0.10675991E+04  0.16277023E+06  0.12500000E+03  0.70036952E-02  0.69999999E+00  0.99999146E+03
  0.15000000E+01  0.00000000E+00  0.00000000E+00  0.00000000E+00  0.10232729E+04  0.48976234E+05  0.12500000E+03  0.21416713E-01  0.69999999E+00  0.99997498E+03
  0.20000000E+01  0.00000000E+00  0.00000000E+00  0.00000000E+00  0.11297517E+04  0.37810234E+06  0.12500000E+03  0.24653560E-01  0.69999999E+00  0.99996814E+03
  0.25000000E+01  0.00000000E+00  0.00000000E+00  0.00000000E+00  0.10349918E+04  0.76296359E+05  0.12500000E+03  0.70538945E-02  0.69999999E+00  0.99999164E+03
  0.30000000E+01  0.00000000E+00  0.00000000E+00  0.00000000E+00  0.10524634E+04  0.12062717E+06  0.12500000E+03  0.87843686E-02  0.69999999E+00  0.99998944E+03
  0.35000000E+01  0.00000000E+00  0.00000000E+00  0.00000000E+00  0.10058715E+04  0.11724625E+05  0.12500000E+03  0.35572445E-02  0.69999999E+00  0.99999591E+03
  0.40000000E+01  0.00000000E+00  0.00000000E+00  0.00000000E+00  0.10000137E+04  0.26898298E+02  0.12500000E+03 -0.68247195E-04  0.69999999E+00  0.10000001E+04
  0.45000000E+01  0.00000000E+00  0.00000000E+00  0.00000000E+00  0.10000000E+04  0.00000000E+00  0.12500000E+03  0.93435779E-40  0.69999999E+00  0.10000000E+04
  0.50000000E+01  0.00000000E+00  0.00000000E+00  0.00000000E+00  0.10000000E+04  0.00000000E+00  0.12500000E+03 -0.00000000E+00  0.69999999E+00  0.10000000E+04
  0.55000000E+01  0.00000000E+00  0.00000000E+00  0.00000000E+00  0.10000000E+04  0.00000000E+00  0.12500000E+03  0.00000000E+00  0.69999999E+00  0.10000000E+04
  0.60000000E+01  0.00000000E+00  0.00000000E+00  0.00000000E+00  0.10000000E+04  0.00000000E+00  0.12500000E+03  0.00000000E+00  0.69999999E+00  0.10000000E+04
  0.65000000E+01  0.00000000E+00  0.00000000E+00  0.00000000E+00  0.10000000E+04  0.00000000E+00  0.12500000E+03  0.00000000E+00  0.69999999E+00  0.10000000E+04
  0.70000000E+01  0.00000000E+00  0.00000000E+00  0.00000000E+00  0.10000000E+04  0.00000000E+00  0.12500000E+03  0.00000000E+00  0.69999999E+00  0.10000000E+04
  0.75000000E+01  0.00000000E+00  0.00000000E+00  0.00000000E+00  0.10000000E+04  0.00000000E+00  0.12500000E+03  0.00000000E+00  0.69999999E+00  0.10000000E+04
  0.25000000E+00 -0.25000000E+00  0.00000000E+00  0.00000000E+00  0.10061960E+04  0.12384911E+05  0.12500000E+03  0.32579978E-02  0.69999999E+00  0.99999628E+03
  0.75000000E+00 -0.25000000E+00  0.00000000E+00  0.00000000E+00  0.10277131E+04  0.59108508E+05  0.12500000E+03  0.87197833E-02  0.69999999E+00  0.99998975E+03
  0.12500000E+01 -0.25000000E+00  0.00000000E+00  0.00000000E+00  0.10094735E+04  0.19123809E+05  0.12500000E+03  0.70375903E-02  0.69999999E+00  0.99999188E+03
  0.17500000E+01 -0.25000000E+00  0.00000000E+00  0.00000000E+00  0.10147804E+04  0.30317154E+05  0.12500000E+03  0.10682991E-01  0.69999999E+00  0.99998761E+03
  0.22500000E+01 -0.25000000E+00  0.00000000E+00  0.00000000E+00  0.10012301E+04  0.24224216E+04  0.12500000E+03  0.10501036E-01  0.69999999E+00  0.99998798E+03
  0.27500000E+01 -0.25000000E+00  0.00000000E+00  0.00000000E+00  0.10066355E+04  0.13280991E+05  0.12500000E+03  0.46474934E-02  0.69999999E+00  0.99999463E+03
  0.32500000E+01 -0.25000000E+00  0.00000000E+00  0.00000000E+00  0.10016261E+04  0.32060815E+04  0.12500000E+03  0.32032565E-02  0.69999999E+00  0.99999634E+03
  0.37500000E+01 -0.25000000E+00  0.00000000E+00  0.00000000E+00  0.10000070E+04  0.13565822E+02  0.12500000E+03 -0.15635355E-03  0.69999999E+00  0.10000002E+04
  0.42500000E+01 -0.25000000E+00  0.00000000E+00  0.00000000E+00  0.10000000E+04  0.00000000E+00  0.12500000E+03 -0.40457603E-36  0.69999999E+00  0.10000000E+04
  0.47500000E+01 -0.25000000E+00  0.00000000E+00  0.00000000E+00  0.10000000E+04  0.00000000E+00  0.12500000E+03 -0.20438218E-39  0.69999999E+00  0.10000000E+04
  0.52500000E+01 -0.25000000E+00  0.00000000E+00  0.00000000E+00  0.10000000E+04  0.00000000E+00  0.12500000E+03  0.00000000E+00  0.69999999E+00  0.10000000E+04
  0.57500000E+01 -0.25000000E+00  0.00000000E+00  0.00000000E+00  0.10000000E+04  0.00000000E+00  0.12500000E+03  0.00000000E+00  0.69999999E+00  0.10000000E+04
  0.62500000E+01 -0.25000000E+00  0.00000000E+00  0.00000000E+00  0.10000000E+04  0.00000000E+00  0.12500000E+03  0.00000000E+00  0.69999999E+00  0.10000000E+04
  0.67500000E+01 -0.25000000E+00  0.00000000E+00  0.00000000E+00  0.10000000E+04  0.00000000E+00  0.12500000E+03  0.00000000E+00  0.69999999E+00  0.10000000E+04
  0.72500000E+01 -0.25000000E+00  0.00000000E+00  0.00000000E+00  0.10000000E+04  0.00000000E+00  0.12500000E+03  0.00000000E+00  0.69999999E+00  0.10000000E+04
  0.77500000E+01 -0.25000000E+00  0.00000000E+00  0.00000000E+00  0.10000000E+04  0.00000000E+00  0.12500000E+03  0.00000000E+00  0.69999999E+00  0.10000000E+04
  0.40000000E+01  0.50000000E+00  0.00000000E+00  0.00000000E+00  0.10002220E+04  0.43602493E+03  0.12500000E+03 -0.27561461E-03  0.69999999E+00  0.10000003E+04
  0.37500000E+01  0.25000000E+00  0.00000000E+00  0.00000000E+00  0.10028544E+04  0.56484131E+04  0.12500000E+03 -0.15328953E-02  0.69999999E+00  0.10000018E+04
  0.40000000E+01  0.10000000E+01  0.00000000E+00  0.00000000E+00  0.10006110E+04  0.12008784E+04  0.12500000E+03 -0.13354231E-03  0.69999999E+00  0.10000002E+04
  0.37500000E+01  0.75000000E+00  0.00000000E+00  0.00000000E+00  0.10338760E+04  0.73613805E+05  0.12500000E+03  0.96378580E-03  0.69999999E+00  0.99999884E+03
  0.40000000E+01  0.15000000E+01  0.00000000E+00  0.00000000E+00  0.10004388E+04  0.86207825E+03  0.12500000E+03  0.37796202E-03  0.69999999E+00  0.99999957E+03
  0.37500000E+01  0.12500000E+01  0.00000000E+00  0.00000000E+00  0.10326752E+04  0.70746555E+05  0.12500000E+03  0.88363764E-03  0.69999999E+00  0.99999896E+03
  0.40000000E+01  0.20000000E+01  0.00000000E+00  0.00000000E+00  0.10010588E+04  0.20840093E+04  0.12500000E+03  0.32121711E-03  0.69999999E+00  0.99999963E+03
  0.37500000E+01  0.17500000E+01  0.00000000E+00  0.00000000E+00  0.10265750E+04  0.56486039E+05  0.12500000E+03  0.18231603E-02  0.69999999E+00  0.99999786E+03
  0.45000000E+01  0.50000000E+00  0.00000000E+00  0.00000000E+00  0.10000000E+04  0.00000000E+00  0.12500000E+03  0.60219400E-39  0.69999999E+00  0.10000000E+04
  0.42500000E+01  0.25000000E+00  0.00000000E+00  0.00000000E+00  0.10000018E+04  0.35083482E+01  0.12500000E+03 -0.74084828E-05  0.69999999E+00  0.10000000E+04
  0.45000000E+01  0.10000000E+01  0.00000000E+00  0.00000000E+00  0.10000000E+04  0.00000000E+00  0.12500000E+03 -0.24382593E-42  0.69999999E+00  0.10000000E+04
  0.42500000E+01  0.75000000E+00  0.00000000E+00  0.00000000E+00  0.10000944E+04  0.18529227E+03  0.12500000E+03 -0.10442676E-04  0.69999999E+00  0.10000000E+04
  0.45000000E+01  0.15000000E+01  0.00000000E+00  0.00000000E+00  0.10000000E+04  0.00000000E+00  0.12500000E+03 -0.11350518E-41  0.69999999E+00  0.10000000E+04
  0.42500000E+01  0.12500000E+01  0.00000000E+00  0.00000000E+00  0.10000066E+04  0.12864128E+02  0.12500000E+03  0.34267537E-05  0.69999999E+00  0.10000000E+04
  0.45000000E+01  0.20000000E+01  0.00000000E+00  0.00000000E+00  0.10000000E+04  0.00000000E+00  0.12500000E+03  0.10902102E-41  0.69999999E+00  0.10000000E+04
  0.42500000E+01  0.17500000E+01  0.00000000E+00  0.00000000E+00  0.10000031E+04  0.60811610E+01  0.12500000E+03 -0.35628464E-05  0.69999999E+00  0.10000000E+04
  0.50000000E+01  0.50000000E+00  0.00000000E+00  0.00000000E+00  0.10000000E+04  0.00000000E+00  0.12500000E+03  0.00000000E+00  0.69999999E+00  0.10000000E+04
  0.47500000E+01  0.25000000E+00  0.00000000E+00  0.00000000E+00  0.10000000E+04  0.00000000E+00  0.12500000E+03  0.20204762E-39  0.69999999E+00  0.10000000E+04
  0.50000000E+01  0.10000000E+01  0.00000000E+00  0.00000000E+00  0.10000000E+04  0.00000000E+00  0.12500000E+03  0.00000000E+00  0.69999999E+00  0.10000000E+04
  0.47500000E+01  0.75000000E+00  0.00000000E+00  0.00000000E+00  0.10000000E+04  0.00000000E+00  0.12500000E+03  0.00000000E+00  0.69999999E+00  0.10000000E+04
  0.50000000E+01  0.15000000E+01  0.00000000E+00  0.00000000E+00  0.10000000E+04  0.00000000E+00  0.12500000E+03 -0.75950377E-42  0.69999999E+00  0.10000000E+04
  0.47500000E+01  0.12500000E+01  0.00000000E+00  0.00000000E+00  0.10000000E+04  0.00000000E+00  0.12500000E+03 -0.71466222E-42  0.69999999E+00  0.10000000E+04
  0.50000000E+01  0.20000000E+01  0.00000000E+00  0.00000000E+00  0.10000000E+04  0.00000000E+00  0.12500000E+03  0.70064923E-42  0.69999999E+00  0.10000000E+04
  0.47500000E+01  0.17500000E+01  0.00000000E+00  0.00000000E+00  0.10000000E+04  0.00000000E+00  0.12500000E+03  0.00000000E+00  0.69999999E+00  0.10000000E+04
  0.25433967E+01  0.92178416E+00  0.95390999E+00 -0.46161348E+00  0.10022008E+04  0.43466665E+04  0.12576698E+03  0.12576674E+03  0.10000000E+01  0.00000000E+00
  0.92096615E+00  0.91372979E+00 -0.11124786E+01  0.67988926E+00  0.10004997E+04  0.98193225E+03  0.12561582E+03  0.12561256E+03  0.10000000E+01  0.00000000E+00
  0.15484924E+01  0.95323205E+00  0.58072716E+00  0.50761271E+00  0.10024519E+04  0.48461519E+04  0.12546356E+03  0.12546333E+03  0.10000000E+01  0.00000000E+00
  0.15027423E+01  0.15306082E+01  0.58801013E+00 -0.24342853E+00  0.99967548E+03 -0.63614215E+03  0.12531018E+03  0.12531027E+03  0.10000000E+01  0.00000000E+00
  0.28060470E+01  0.15023330E+01 -0.33256829E-01 -0.41855797E+00  0.99840051E+03 -0.31231821E+04  0.12515567E+03  0.12515567E+03  0.10000000E+01  0.00000000E+00
  0.25771809E+01  0.15911119E+01 -0.13201723E+01 -0.23078212E+00  0.10020635E+04  0.40737617E+04  0.12500000E+03  0.12500000E+03  0.10000000E+01  0.00000000E+00
  0.28136153E+01  0.94834971E+00  0.13203892E+00 -0.75590968E-01  0.10003303E+04  0.64851367E+03  0.12576698E+03  0.12575461E+03  0.10000000E+01  0.00000000E+00
  0.88047111E+00  0.10972083E+01  0.32939145E+00  0.87854230E+00  0.10009221E+04  0.18141407E+04  0.12561582E+03  0.12560624E+03  0.10000000E+01  0.00000000E+00
  0.90442741E+00  0.94270170E+00  0.67895901E+00 -0.80647373E+00  0.10033850E+04  0.67093291E+04  0.12546356E+03  0.12546037E+03  0.10000000E+01  0.00000000E+00
  0.25091341E+01  0.13376290E+01  0.53777534E+00 -0.55665888E-01  0.10015656E+04  0.30861238E+04  0.12531018E+03  0.12531038E+03  0.10000000E+01  0.00000000E+00
  0.12704591E+01  0.87482595E+00 -0.14304566E+00 -0.12693312E-01  0.10001168E+04  0.22905716E+03  0.12515567E+03  0.12515535E+03  0.10000000E+01  0.00000000E+00
  0.68176293E+00  0.79334855E+00  0.69897974E+00 -0.37524104E+00  0.10196679E+04  0.40941320E+05  0.12500000E+03  0.12500000E+03  0.10000000E+01  0.00000000E+00
  0.20478704E+01  0.10057067E+01  0.87732166E-01 -0.81157647E-01  0.10105723E+04  0.21412498E+05  0.12576698E+03  0.12575644E+03  0.10000000E+01  0.00000000E+00
  0.27675259E+01  0.90266216E+00  0.20971686E+00 -0.17974108E+00  0.10009780E+04  0.19244613E+04  0.12561582E+03  0.12561059E+03  0.10000000E+01  0.00000000E+00
  0.28706675E+01  0.12759031E+01 -0.70649946E+00  0.31234294E+00  0.99729572E+03 -0.52629126E+04  0.12546356E+03  0.12546005E+03  0.10000000E+01  0.00000000E+00
  0.20509665E+01  0.11218024E+01 -0.51703846E+00 -0.50772238E+00  0.10087136E+04  0.17549543E+05  0.12531018E+03  0.12531018E+03  0.10000000E+01  0.00000000E+00
  0.28781476E+01  0.76146746E+00  0.26857057E+00 -0.18484774E+00  0.10018041E+04  0.35588862E+04  0.12515567E+03  0.12515553E+03  0.10000000E+01  0.00000000E+00
  0.10969827E+01  0.16913669E+01 -0.86073864E+00  0.73185468E+00  0.99990491E+03 -0.18647299E+03  0.12500000E+03  0.12499989E+03  0.10000000E+01  0.00000000E+00
  0.90016019E+00  0.15697869E+01  0.33609784E+00  0.67174542E+00  0.10023809E+04  0.47047207E+04  0.12576698E+03  0.12576566E+03  0.10000000E+01  0.00000000E+00
  0.28244305E+01  0.94979954E+00 -0.40668386E+00 -0.10024029E+01  0.99989636E+03 -0.20330293E+03  0.12561582E+03  0.12561245E+03  0.10000000E+01  0.00000000E+00
  0.14738023E+01  0.12552850E+01  0.29411915E+00  0.14470249E+00  0.99885486E+03 -0.22390305E+04  0.12546356E+03  0.12546202E+03  0.10000000E+01  0.00000000E+00
  0.21407416E+01  0.10052218E+01 -0.39438879E+00  0.69903600E+00  0.10102070E+04  0.20650012E+05  0.12531018E+03  0.12530890E+03  0.10000000E+01  0.00000000E+00
  0.10377082E+01  0.19962063E+01  0.49242732E+00  0.28399241E+00  0.99657916E+03 -0.66431812E+04  0.12515567E+03  0.12515567E+03  0.10000000E+01  0.00000000E+00
  0.14245286E+01  0.85369897E+00 -0.21669263E+00 -0.58751032E-01  0.10009987E+04  0.19653999E+04  0.12500000E+03  0.12500012E+03  0.10000000E+01  0.00000000E+00
  0.86131001E+00  0.16633947E+01  0.50226029E-01  0.78055489E+00  0.10026874E+04  0.53154873E+04  0.12561582E+03  0.12561399E+03  0.10000000E+01  0.00000000E+00
  0.79538476E+00  0.20434599E+01 -0.14894745E+01  0.47174609E+00  0.99959265E+03 -0.79822150E+03  0.12531018E+03  0.12531004E+03  0.10000000E+01  0.00000000E+00
  0.22329476E+01  0.16982853E+01 -0.10275066E+01 -0.26800397E+00  0.10080759E+04  0.16234119E+05  0.12500000E+03  0.12500000E+03  0.10000000E+01  0.00000000E+00
