  0.00000000E+00  0.00000000E+00  0.00000000E+00  0.00000000E+00  0.10008649E+04  0.17012710E+04  0.12500000E+03  0.18223706E-02  0.69999999E+00  0.99999792E+03
  0.00000000E+00  0.50000000E+00  0.00000000E+00  0.00000000E+00  0.10012881E+04  0.25369531E+04  0.12500000E+03  0.12310501E-02  0.69999999E+00  0.99999860E+03
  0.00000000E+00  0.10000000E+01  0.00000000E+00  0.00000000E+00  0.10085614E+04  0.17235049E+05  0.12500000E+03  0.22085148E-02  0.69999999E+00  0.99999744E+03
  0.00000000E+00  0.15000000E+01  0.00000000E+00  0.00000000E+00  0.10334622E+04  0.72623539E+05  0.12500000E+03  0.83985680E-03  0.69999999E+00  0.99999902E+03
  0.00000000E+00  0.20000000E+01  0.00000000E+00  0.00000000E+00  0.10117896E+04  0.23965502E+05  0.12500000E+03 -0.57330856E-03  0.69999999E+00  0.10000007E+04
  0.00000000E+00  0.25000000E+01  0.00000000E+00  0.00000000E+00  0.10002484E+04  0.48778732E+03  0.12500000E+03  0.11101574E-03  0.69999999E+00  0.99999988E+03
  0.00000000E+00  0.30000000E+01  0.00000000E+00  0.00000000E+00  0.10000000E+04  0.00000000E+00  0.12500000E+03  0.00000000E+00  0.69999999E+00  0.10000000E+04
  0.00000000E+00  0.35000000E+01  0.00000000E+00  0.00000000E+00  0.10000000E+04  0.00000000E+00  0.12500000E+03  0.00000000E+00  0.69999999E+00  0.10000000E+04
  0.00000000E+00  0.40000000E+01  0.00000000E+00  0.00000000E+00  0.10000000E+04  0.00000000E+00  0.12500000E+03  0.00000000E+00  0.69999999E+00  0.10000000E+04
 -0.25000000E+00 -0.25000000E+00  0.00000000E+00  0.00000000E+00  0.10006414E+04  0.12607445E+04  0.12500000E+03  0.52005530E-03  0.69999999E+00  0.99999939E+03
 -0.25000000E+00  0.25000000E+00  0.00000000E+00  0.00000000E+00  0.10011429E+04  0.22502283E+04  0.12500000E+03  0.72317623E-03  0.69999999E+00  0.99999915E+03
 -0.25000000E+00  0.75000000E+00  0.00000000E+00  0.00000000E+00  0.10006598E+04  0.12971389E+04  0.12500000E+03 -0.33976256E-04  0.69999999E+00  0.10000001E+04
 -0.25000000E+00  0.12500000E+01  0.00000000E+00  0.00000000E+00  0.10026735E+04  0.52876792E+04  0.12500000E+03  0.73398481E-03  0.69999999E+00  0.99999915E+03
 -0.25000000E+00  0.17500000E+01  0.00000000E+00  0.00000000E+00  0.10007770E+04  0.15280443E+04  0.12500000E+03 -0.18076459E-03  0.69999999E+00  0.10000002E+04
 -0.25000000E+00  0.22500000E+01  0.00000000E+00  0.00000000E+00  0.10004747E+04  0.93267188E+03  0.12500000E+03 -0.78150333E-04  0.69999999E+00  0.10000001E+04
 -0.25000000E+00  0.27500000E+01  0.00000000E+00  0.00000000E+00  0.10000000E+04  0.00000000E+00  0.12500000E+03  0.00000000E+00  0.69999999E+00  0.10000000E+04
 -0.25000000E+00  0.32500000E+01  0.00000000E+00  0.00000000E+00  0.10000000E+04  0.00000000E+00  0.12500000E+03  0.00000000E+00  0.69999999E+00  0.10000000E+04
 -0.25000000E+00  0.37500000E+01  0.00000000E+00  0.00000000E+00  0.10000000E+04  0.00000000E+00  0.12500000E+03  0.00000000E+00  0.69999999E+00  0.10000000E+04
  0.80000000E+01  0.00000000E+00  0.00000000E+00  0.00000000E+00  0.10000000E+04  0.00000000E+00  0.12500000E+03  0.00000000E+00  0.69999999E+00  0.10000000E+04
  0.80000000E+01  0.50000000E+00  0.00000000E+00  0.00000000E+00  0.10000000E+04  0.00000000E+00  0.12500000E+03  0.00000000E+00  0.69999999E+00  0.10000000E+04
  0.80000000E+01  0.10000000E+01  0.00000000E+00  0.00000000E+00  0.10000000E+04  0.00000000E+00  0.12500000E+03  0.00000000E+00  0.69999999E+00  0.10000000E+04
  0.80000000E+01  0.15000000E+01  0.00000000E+00  0.00000000E+00  0.10000000E+04  0.00000000E+00  0.12500000E+03  0.00000000E+00  0.69999999E+00  0.10000000E+04
  0.80000000E+01  0.20000000E+01  0.00000000E+00  0.00000000E+00  0.10000000E+04  0.00000000E+00  0.12500000E+03  0.00000000E+00  0.69999999E+00  0.10000000E+04
  0.80000000E+01  0.25000000E+01  0.00000000E+00  0.00000000E+00  0.10000000E+04  0.00000000E+00  0.12500000E+03  0.00000000E+00  0.69999999E+00  0.10000000E+04
  0.80000000E+01  0.30000000E+01  0.00000000E+00  0.00000000E+00  0.10000000E+04  0.00000000E+00  0.12500000E+03  0.00000000E+00  0.69999999E+00  0.10000000E+04
  0.80000000E+01  0.35000000E+01  0.00000000E+00  0.00000000E+00  0.10000000E+04  0.00000000E+00  0.12500000E+03  0.00000000E+00  0.69999999E+00  0.10000000E+04
  0.80000000E+01  0.40000000E+01  0.00000000E+00  0.00000000E+00  0.10000000E+04  0.00000000E+00  0.12500000E+03  0.00000000E+00  0.69999999E+00  0.10000000E+04
  0.82500000E+01 -0.25000000E+00  0.00000000E+00  0.00000000E+00  0.10000000E+04  0.00000000E+00  0.12500000E+03  0.00000000E+00  0.69999999E+00  0.10000000E+04
  0.82500000E+01  0.25000000E+00  0.00000000E+00  0.00000000E+00  0.10000000E+04  0.00000000E+00  0.12500000E+03  0.00000000E+00  0.69999999E+00  0.10000000E+04
  0.82500000E+01  0.75000000E+00  0.00000000E+00  0.00000000E+00  0.10000000E+04  0.00000000E+00  0.12500000E+03  0.00000000E+00  0.69999999E+00  0.10000000E+04
  0.82500000E+01  0.12500000E+01  0.00000000E+00  0.00000000E+00  0.10000000E+04  0.00000000E+00  0.12500000E+03  0.00000000E+00  0.69999999E+00  0.10000000E+04
  0.82500000E+01  0.17500000E+01  0.00000000E+00  0.00000000E+00  0.10000000E+04  0.00000000E+00  0.12500000E+03  0.00000000E+00  0.69999999E+00  0.10000000E+04
  0.82500000E+01  0.22500000E+01  0.00000000E+00  0.00000000E+00  0.10000000E+04  0.00000000E+00  0.12500000E+03  0.00000000E+00  0.69999999E+00  0.10000000E+04
  0.82500000E+01  0.27500000E+01  0.00000000E+00  0.00000000E+00  0.10000000E+04  0.00000000E+00  0.12500000E+03  0.00000000E+00  0.69999999E+00  0.10000000E+04
  0.82500000E+01  0.32500000E+01  0.00000000E+00  0.00000000E+00  0.10000000E+04  0.00000000E+00  0.12500000E+03  0.00000000E+00  0.69999999E+00  0.10000000E+04
  0.82500000E+01  0.37500000E+01  0.00000000E+00  0.00000000E+00  0.10000000E+04  0.00000000E+00  0.12500000E+03  0.00000000E+00  0.69999999E+00  0.10000000E+04
  0.50000000E+00  0.00000000E+00  0.00000000E+00  0.00000000E+00  0.10137842E+04  0.28188951E+05  0.12500000E+03  0.87060817E-02  0.69999999E+00  0.99998993E+03
  0.10000000E+01  0.00000000E+00  0.00000000E+00  0.00000000E+00  0.10095386E+04  0.19258723E+05  0.12500000E+03  0.33508195E-02  0.69999999E+00  0.99999615E+03
  0.15000000E+01  0.00000000E+00  0.00000000E+00  0.00000000E+00  0.10613730E+04  0.14499648E+06  0.12500000E+03  0.15434857E-01  0.69999999E+00  0.99998126E+03
  0.20000000E+01  0.00000000E+00  0.00000000E+00  0.00000000E+00  0.11530986E+04  0.47945612E+06  0.12500000E+03  0.17186018E-01  0.69999999E+00  0.99997736E+03
  0.25000000E+01  0.00000000E+00  0.00000000E+00  0.00000000E+00  0.10009365E+04  0.18425995E+04  0.12500000E+03  0.12614604E-02  0.69999999E+00  0.99999854E+03
  0.30000000E+01  0.00000000E+00  0.00000000E+00  0.00000000E+00  0.10240944E+04  0.50830719E+05  0.12500000E+03  0.33134145E-02  0.69999999E+00  0.99999609E+03
  0.35000000E+01  0.00000000E+00  0.00000000E+00  0.00000000E+00  0.99991406E+03 -0.16859023E+03  0.12500000E+03  0.13514499E-02  0.69999999E+00  0.99999847E+03
  0.40000000E+01  0.00000000E+00  0.00000000E+00  0.00000000E+00  0.10000131E+04  0.25728762E+02  0.12500000E+03 -0.50405528E-04  0.69999999E+00  0.10000001E+04
  0.45000000E+01  0.00000000E+00  0.00000000E+00  0.00000000E+00  0.10000000E+04  0.00000000E+00  0.12500000E+03  0.00000000E+00  0.69999999E+00  0.10000000E+04
  0.50000000E+01  0.00000000E+00  0.00000000E+00  0.00000000E+00  0.10000000E+04  0.00000000E+00  0.12500000E+03  0.00000000E+00  0.69999999E+00  0.10000000E+04
  0.55000000E+01  0.00000000E+00  0.00000000E+00  0.00000000E+00  0.10000000E+04  0.00000000E+00  0.12500000E+03  0.00000000E+00  0.69999999E+00  0.10000000E+04
  0.60000000E+01  0.00000000E+00  0.00000000E+00  0.00000000E+00  0.10000000E+04  0.00000000E+00  0.12500000E+03  0.00000000E+00  0.69999999E+00  0.10000000E+04
  0.65000000E+01  0.00000000E+00  0.00000000E+00  0.00000000E+00  0.10000000E+04  0.00000000E+00  0.12500000E+03  0.00000000E+00  0.69999999E+00  0.10000000E+04
  0.70000000E+01  0.00000000E+00  0.00000000E+00  0.00000000E+00  0.10000000E+04  0.00000000E+00  0.12500000E+03  0.00000000E+00  0.69999999E+00  0.10000000E+04
  0.75000000E+01  0.00000000E+00  0.00000000E+00  0.00000000E+00  0.10000000E+04  0.00000000E+00  0.12500000E+03  0.00000000E+00  0.69999999E+00  0.10000000E+04
  0.25000000E+00 -0.25000000E+00  0.00000000E+00  0.00000000E+00  0.10052322E+04  0.10428154E+05  0.12500000E+03  0.27088579E-02  0.69999999E+00  0.99999689E+03
  0.75000000E+00 -0.25000000E+00  0.00000000E+00  0.00000000E+00  0.10212729E+04  0.44497527E+05  0.12500000E+03  0.66551999E-02  0.69999999E+00  0.99999225E+03
  0.12500000E+01 -0.25000000E+00  0.00000000E+00  0.00000000E+00  0.10098507E+04  0.19907783E+05  0.12500000E+03  0.53831367E-02  0.69999999E+00  0.99999377E+03
  0.17500000E+01 -0.25000000E+00  0.00000000E+00  0.00000000E+00  0.10177009E+04  0.36628781E+05  0.12500000E+03  0.81753153E-02  0.69999999E+00  0.99999048E+03
  0.22500000E+01 -0.25000000E+00  0.00000000E+00  0.00000000E+00  0.10002740E+04  0.53815228E+03  0.12500000E+03  0.72329184E-02  0.69999999E+00  0.99999176E+03
  0.27500000E+01 -0.25000000E+00  0.00000000E+00  0.00000000E+00  0.10018779E+04  0.37052698E+04  0.12500000E+03  0.12493967E-02  0.69999999E+00  0.99999860E+03
  0.32500000E+01 -0.25000000E+00  0.00000000E+00  0.00000000E+00  0.10002609E+04  0.51214893E+03  0.12500000E+03  0.14809817E-02  0.69999999E+00  0.99999829E+03
  0.37500000E+01 -0.25000000E+00  0.00000000E+00  0.00000000E+00  0.10000071E+04  0.13799721E+02  0.12500000E+03 -0.13200220E-03  0.69999999E+00  0.10000001E+04
  0.42500000E+01 -0.25000000E+00  0.00000000E+00  0.00000000E+00  0.10000000E+04  0.00000000E+00  0.12500000E+03 -0.58834917E-40  0.69999999E+00  0.10000000E+04
  0.47500000E+01 -0.25000000E+00  0.00000000E+00  0.00000000E+00  0.10000000E+04  0.00000000E+00  0.12500000E+03 -0.00000000E+00  0.69999999E+00  0.10000000E+04
  0.52500000E+01 -0.25000000E+00  0.00000000E+00  0.00000000E+00  0.10000000E+04  0.00000000E+00  0.12500000E+03  0.00000000E+00  0.69999999E+00  0.10000000E+04
  0.57500000E+01 -0.25000000E+00  0.00000000E+00  0.00000000E+00  0.10000000E+04  0.00000000E+00  0.12500000E+03  0.00000000E+00  0.69999999E+00  0.10000000E+04
  0.62500000E+01 -0.25000000E+00  0.00000000E+00  0.00000000E+00  0.10000000E+04  0.00000000E+00  0.12500000E+03  0.00000000E+00  0.69999999E+00  0.10000000E+04
  0.67500000E+01 -0.25000000E+00  0.00000000E+00  0.00000000E+00  0.10000000E+04  0.00000000E+00  0.12500000E+03  0.00000000E+00  0.69999999E+00  0.10000000E+04
  0.72500000E+01 -0.25000000E+00  0.00000000E+00  0.00000000E+00  0.10000000E+04  0.00000000E+00  0.12500000E+03  0.00000000E+00  0.69999999E+00  0.10000000E+04
  0.77500000E+01 -0.25000000E+00  0.00000000E+00  0.00000000E+00  0.10000000E+04  0.00000000E+00  0.12500000E+03  0.00000000E+00  0.69999999E+00  0.10000000E+04
  0.40000000E+01  0.50000000E+00  0.00000000E+00  0.00000000E+00  0.10004330E+04  0.85058771E+03  0.12500000E+03 -0.15839857E-03  0.69999999E+00  0.10000002E+04
  0.37500000E+01  0.25000000E+00  0.00000000E+00  0.00000000E+00  0.10003914E+04  0.76875848E+03  0.12500000E+03 -0.62011526E-03  0.69999999E+00  0.10000007E+04
  0.40000000E+01  0.10000000E+01  0.00000000E+00  0.00000000E+00  0.10003497E+04  0.68694971E+03  0.12500000E+03 -0.14260637E-04  0.69999999E+00  0.10000000E+04
  0.37500000E+01  0.75000000E+00  0.00000000E+00  0.00000000E+00  0.10032671E+04  0.64731201E+04  0.12500000E+03  0.49048173E-03  0.69999999E+00  0.99999945E+03
  0.40000000E+01  0.15000000E+01  0.00000000E+00  0.00000000E+00  0.10040388E+04  0.80208081E+04  0.12500000E+03  0.19717228E-03  0.69999999E+00  0.99999976E+03
  0.37500000E+01  0.12500000E+01  0.00000000E+00  0.00000000E+00  0.10162911E+04  0.33568484E+05  0.12500000E+03  0.50776964E-03  0.69999999E+00  0.99999939E+03
  0.40000000E+01  0.20000000E+01  0.00000000E+00  0.00000000E+00  0.10023502E+04  0.46437534E+04  0.12500000E+03  0.66985216E-04  0.69999999E+00  0.99999994E+03
  0.37500000E+01  0.17500000E+01  0.00000000E+00  0.00000000E+00  0.10434965E+04  0.97319438E+05  0.12500000E+03  0.64648333E-03  0.69999999E+00  0.99999921E+03
  0.45000000E+01  0.50000000E+00  0.00000000E+00  0.00000000E+00  0.10000000E+04  0.00000000E+00  0.12500000E+03  0.00000000E+00  0.69999999E+00  0.10000000E+04
  0.42500000E+01  0.25000000E+00  0.00000000E+00  0.00000000E+00  0.10000018E+04  0.35083482E+01  0.12500000E+03 -0.74084828E-05  0.69999999E+00  0.10000000E+04
  0.45000000E+01  0.10000000E+01  0.00000000E+00  0.00000000E+00  0.10000000E+04  0.00000000E+00  0.12500000E+03  0.00000000E+00  0.69999999E+00  0.10000000E+04
  0.42500000E+01  0.75000000E+00  0.00000000E+00  0.00000000E+00  0.10000934E+04  0.18318608E+03  0.12500000E+03 -0.62608265E-05  0.69999999E+00  0.10000000E+04
  0.45000000E+01  0.15000000E+01  0.00000000E+00  0.00000000E+00  0.10000000E+04  0.00000000E+00  0.12500000E+03  0.00000000E+00  0.69999999E+00  0.10000000E+04
  0.42500000E+01  0.12500000E+01  0.00000000E+00  0.00000000E+00  0.10000050E+04  0.98234701E+01  0.12500000E+03  0.69206544E-05  0.69999999E+00  0.10000000E+04
  0.45000000E+01  0.20000000E+01  0.00000000E+00  0.00000000E+00  0.10000000E+04  0.00000000E+00  0.12500000E+03  0.00000000E+00  0.69999999E+00  0.10000000E+04
  0.42500000E+01  0.17500000E+01  0.00000000E+00  0.00000000E+00  0.10000040E+04  0.79523101E+01  0.12500000E+03  0.35809576E-05  0.69999999E+00  0.10000000E+04
  0.50000000E+01  0.50000000E+00  0.00000000E+00  0.00000000E+00  0.10000000E+04  0.00000000E+00  0.12500000E+03  0.00000000E+00  0.69999999E+00  0.10000000E+04
  0.47500000E+01  0.25000000E+00  0.00000000E+00  0.00000000E+00  0.10000000E+04  0.00000000E+00  0.12500000E+03  0.00000000E+00  0.69999999E+00  0.10000000E+04
  0.50000000E+01  0.10000000E+01  0.00000000E+00  0.00000000E+00  0.10000000E+04  0.00000000E+00  0.12500000E+03  0.00000000E+00  0.69999999E+00  0.10000000E+04
  0.47500000E+01  0.75000000E+00  0.00000000E+00  0.00000000E+00  0.10000000E+04  0.00000000E+00  0.12500000E+03  0.00000000E+00  0.69999999E+00  0.10000000E+04
  0.50000000E+01  0.15000000E+01  0.00000000E+00  0.00000000E+00  0.10000000E+04  0.00000000E+00  0.12500000E+03  0.00000000E+00  0.69999999E+00  0.10000000E+04
  0.47500000E+01  0.12500000E+01  0.00000000E+00  0.00000000E+00  0.10000000E+04  0.00000000E+00  0.12500000E+03  0.00000000E+00  0.69999999E+00  0.10000000E+04
  0.50000000E+01  0.20000000E+01  0.00000000E+00  0.00000000E+00  0.10000000E+04  0.00000000E+00  0.12500000E+03  0.00000000E+00  0.69999999E+00  0.10000000E+04
  0.47500000E+01  0.17500000E+01  0.00000000E+00  0.00000000E+00  0.10000000E+04  0.00000000E+00  0.12500000E+03  0.00000000E+00  0.69999999E+00  0.10000000E+04
  0.22688034E+01  0.15570586E+01  0.29014590E+01  0.11714784E+01  0.10045765E+04  0.91032041E+04  0.12576698E+03  0.12576674E+03  0.10000000E+01  0.00000000E+00
  0.13266286E+01  0.95926738E+00  0.22150192E+01  0.97710706E-01  0.10016746E+04  0.33019844E+04  0.12561582E+03  0.12561256E+03  0.10000000E+01  0.00000000E+00
  0.14010886E+01  0.87704825E+00  0.13039095E+01  0.95482111E+00  0.10061293E+04  0.12249016E+05  0.12546356E+03  0.12546333E+03  0.10000000E+01  0.00000000E+00
  0.10300903E+01  0.14582397E+01  0.13185674E+00 -0.12947936E+01  0.99137067E+03 -0.16498678E+05  0.12531018E+03  0.12531018E+03  0.10000000E+01  0.00000000E+00
  0.97633851E+00  0.13016310E+01  0.13732977E+01 -0.25360012E+01  0.99328448E+03 -0.12913384E+05  0.12515567E+03  0.12515567E+03  0.10000000E+01  0.00000000E+00
  0.26617236E+01  0.21449594E+01  0.41810021E-01  0.21876087E+01  0.99505829E+03 -0.95530586E+04  0.12500000E+03  0.12500000E+03  0.10000000E+01  0.00000000E+00
  0.26142569E+01  0.16671910E+01  0.18205061E+01  0.17842658E+01  0.99857117E+03 -0.27914009E+04  0.12576698E+03  0.12575494E+03  0.10000000E+01  0.00000000E+00
  0.13831342E+01  0.10363138E+01  0.12866042E+01 -0.28164124E+00  0.99828607E+03 -0.33454927E+04  0.12561582E+03  0.12560624E+03  0.10000000E+01  0.00000000E+00
  0.16254077E+01  0.12421978E+01  0.41537356E+00  0.41642261E+00  0.99715375E+03 -0.55368677E+04  0.12546356E+03  0.12546037E+03  0.10000000E+01  0.00000000E+00
  0.15184309E+01  0.90469527E+00  0.23918877E+01  0.15044857E+01  0.10068950E+04  0.13810944E+05  0.12531018E+03  0.12531038E+03  0.10000000E+01  0.00000000E+00
  0.14878259E+01  0.15879587E+01  0.14076537E+00 -0.29852601E-01  0.99507562E+03 -0.95200225E+04  0.12515567E+03  0.12515567E+03  0.10000000E+01  0.00000000E+00
  0.90880680E+00  0.15401587E+01  0.98487341E+00 -0.88224506E+00  0.99220197E+03 -0.14946401E+05  0.12500000E+03  0.12500000E+03  0.10000000E+01  0.00000000E+00
  0.24240034E+01  0.17260861E+01  0.48642712E+01  0.31123152E+01  0.99949152E+03 -0.99613135E+03  0.12576698E+03  0.12575644E+03  0.10000000E+01  0.00000000E+00
  0.24287159E+01  0.14460663E+01  0.58746094E+00  0.41916013E+01  0.10042155E+04  0.83761035E+04  0.12561582E+03  0.12561089E+03  0.10000000E+01  0.00000000E+00
  0.24950056E+01  0.10481765E+01 -0.85049951E+00  0.22691860E+01  0.10151039E+04  0.31011008E+05  0.12546356E+03  0.12546005E+03  0.10000000E+01  0.00000000E+00
  0.25652583E+01  0.11253288E+01  0.20465081E+01  0.16636045E+01  0.10096693E+04  0.19530443E+05  0.12531018E+03  0.12531018E+03  0.10000000E+01  0.00000000E+00
  0.26184702E+01  0.81981719E+00 -0.79385817E+00  0.56123912E+00  0.10158547E+04  0.32626252E+05  0.12515567E+03  0.12515559E+03  0.10000000E+01  0.00000000E+00
  0.23475425E+01  0.20734937E+01 -0.54115415E+00  0.12146916E+01  0.99457086E+03 -0.10480058E+05  0.12500000E+03  0.12500000E+03  0.10000000E+01  0.00000000E+00
  0.15460777E+01  0.14422841E+01 -0.17887614E+01  0.14333172E+01  0.99530719E+03 -0.90786455E+04  0.12576698E+03  0.12576566E+03  0.10000000E+01  0.00000000E+00
  0.23205538E+01  0.15085213E+01  0.19657717E+01  0.41924009E+01  0.10036949E+04  0.73302319E+04  0.12561582E+03  0.12561221E+03  0.10000000E+01  0.00000000E+00
  0.27576036E+01  0.85643351E+00 -0.26331894E+01 -0.33655095E+00  0.10070020E+04  0.14029887E+05  0.12546356E+03  0.12546202E+03  0.10000000E+01  0.00000000E+00
  0.27413921E+01  0.95826924E+00 -0.26684952E+01 -0.11572133E+01  0.10079070E+04  0.15886486E+05  0.12531018E+03  0.12530890E+03  0.10000000E+01  0.00000000E+00
  0.27205205E+01  0.22324846E+01 -0.29069135E+00  0.23909454E+01  0.99583099E+03 -0.80779595E+04  0.12515567E+03  0.12515567E+03  0.10000000E+01  0.00000000E+00
  0.30101695E+01  0.14718616E+01  0.59864290E-01 -0.15442518E+01  0.10287052E+04  0.61408500E+05  0.12500000E+03  0.12500012E+03  0.10000000E+01  0.00000000E+00
  0.16189115E+01  0.17431955E+01  0.83248049E+00  0.17339513E+01  0.98836249E+03 -0.22050926E+05  0.12561582E+03  0.12561399E+03  0.10000000E+01  0.00000000E+00
  0.29662232E+01  0.19612585E+01  0.15340525E+00  0.24818113E+01  0.10116100E+04  0.23587803E+05  0.12531018E+03  0.12531004E+03  0.10000000E+01  0.00000000E+00
  0.15636353E+01  0.20355351E+01 -0.95844615E+00  0.12171738E+01  0.10046783E+04  0.93087959E+04  0.12500000E+03  0.12500000E+03  0.10000000E+01  0.00000000E+00
