  0.00000000E+00  0.00000000E+00  0.00000000E+00  0.00000000E+00  0.10022987E+04  0.45412959E+04  0.12500000E+03  0.21686193E-02  0.69999999E+00  0.99999750E+03
  0.00000000E+00  0.50000000E+00  0.00000000E+00  0.00000000E+00  0.10360435E+04  0.78840094E+05  0.12500000E+03  0.22549261E-02  0.69999999E+00  0.99999731E+03
  0.00000000E+00  0.10000000E+01  0.00000000E+00  0.00000000E+00  0.10345594E+04  0.75254922E+05  0.12500000E+03  0.29859517E-02  0.69999999E+00  0.99999646E+03
  0.00000000E+00  0.15000000E+01  0.00000000E+00  0.00000000E+00  0.10102776E+04  0.20797205E+05  0.12500000E+03  0.10640908E-02  0.69999999E+00  0.99999878E+03
  0.00000000E+00  0.20000000E+01  0.00000000E+00  0.00000000E+00  0.10175447E+04  0.36288270E+05  0.12500000E+03 -0.10988575E-02  0.69999999E+00  0.10000013E+04
  0.00000000E+00  0.25000000E+01  0.00000000E+00  0.00000000E+00  0.10030736E+04  0.60862402E+04  0.12500000E+03  0.33517432E-03  0.69999999E+00  0.99999963E+03
  0.00000000E+00  0.30000000E+01  0.00000000E+00  0.00000000E+00  0.10000000E+04  0.00000000E+00  0.12500000E+03  0.60528782E-05  0.69999999E+00  0.10000000E+04
  0.00000000E+00  0.35000000E+01  0.00000000E+00  0.00000000E+00  0.10000000E+04  0.00000000E+00  0.12500000E+03  0.00000000E+00  0.69999999E+00  0.10000000E+04
  0.00000000E+00  0.40000000E+01  0.00000000E+00  0.00000000E+00  0.10000000E+04  0.00000000E+00  0.12500000E+03  0.00000000E+00  0.69999999E+00  0.10000000E+04
 -0.25000000E+00 -0.25000000E+00  0.00000000E+00  0.00000000E+00  0.10006414E+04  0.12607445E+04  0.12500000E+03  0.52005530E-03  0.69999999E+00  0.99999939E+03
 -0.25000000E+00  0.25000000E+00  0.00000000E+00  0.00000000E+00  0.10020923E+04  0.41308354E+04  0.12500000E+03  0.91974129E-03  0.69999999E+00  0.99999896E+03
 -0.25000000E+00  0.75000000E+00  0.00000000E+00  0.00000000E+00  0.10145343E+04  0.29790367E+05  0.12500000E+03  0.23113517E-03  0.69999999E+00  0.99999976E+03
 -0.25000000E+00  0.12500000E+01  0.00000000E+00  0.00000000E+00  0.10041974E+04  0.83396455E+04  0.12500000E+03  0.95551793E-03  0.69999999E+00  0.99999890E+03
 -0.25000000E+00  0.17500000E+01  0.00000000E+00  0.00000000E+00  0.10011799E+04  0.23232405E+04  0.12500000E+03 -0.24575653E-03  0.69999999E+00  0.10000003E+04
 -0.25000000E+00  0.22500000E+01  0.00000000E+00  0.00000000E+00  0.10012462E+04  0.24542319E+04  0.12500000E+03 -0.15003496E-03  0.69999999E+00  0.10000002E+04
 -0.25000000E+00  0.27500000E+01  0.00000000E+00  0.00000000E+00  0.10000000E+04  0.00000000E+00  0.12500000E+03  0.10649868E-42  0.69999999E+00  0.10000000E+04
 -0.25000000E+00  0.32500000E+01  0.00000000E+00  0.00000000E+00  0.10000000E+04  0.00000000E+00  0.12500000E+03  0.00000000E+00  0.69999999E+00  0.10000000E+04
 -0.25000000E+00  0.37500000E+01  0.00000000E+00  0.00000000E+00  0.10000000E+04  0.00000000E+00  0.12500000E+03  0.00000000E+00  0.69999999E+00  0.10000000E+04
  0.80000000E+01  0.00000000E+00  0.00000000E+00  0.00000000E+00  0.10000000E+04  0.00000000E+00  0.12500000E+03  0.00000000E+00  0.69999999E+00  0.10000000E+04
  0.80000000E+01  0.50000000E+00  0.00000000E+00  0.00000000E+00  0.10000000E+04  0.00000000E+00  0.12500000E+03  0.00000000E+00  0.69999999E+00  0.10000000E+04
  0.80000000E+01  0.10000000E+01  0.00000000E+00  0.00000000E+00  0.10000000E+04  0.00000000E+00  0.12500000E+03  0.00000000E+00  0.69999999E+00  0.10000000E+04
  0.80000000E+01  0.15000000E+01  0.00000000E+00  0.00000000E+00  0.10000000E+04  0.00000000E+00  0.12500000E+03  0.00000000E+00  0.69999999E+00  0.10000000E+04
  0.80000000E+01  0.20000000E+01  0.00000000E+00  0.00000000E+00  0.10000000E+04  0.00000000E+00  0.12500000E+03  0.00000000E+00  0.69999999E+00  0.10000000E+04
  0.80000000E+01  0.25000000E+01  0.00000000E+00  0.00000000E+00  0.10000000E+04  0.00000000E+00  0.12500000E+03  0.00000000E+00  0.69999999E+00  0.10000000E+04
  0.80000000E+01  0.30000000E+01  0.00000000E+00  0.00000000E+00  0.10000000E+04  0.00000000E+00  0.12500000E+03  0.00000000E+00  0.69999999E+00  0.10000000E+04
  0.80000000E+01  0.35000000E+01  0.00000000E+00  0.00000000E+00  0.10000000E+04  0.00000000E+00  0.12500000E+03  0.00000000E+00  0.69999999E+00  0.10000000E+04
  0.80000000E+01  0.40000000E+01  0.00000000E+00  0.00000000E+00  0.10000000E+04  0.00000000E+00  0.12500000E+03  0.00000000E+00  0.69999999E+00  0.10000000E+04
  0.82500000E+01 -0.25000000E+00  0.00000000E+00  0.00000000E+00  0.10000000E+04  0.00000000E+00  0.12500000E+03  0.00000000E+00  0.69999999E+00  0.10000000E+04
  0.82500000E+01  0.25000000E+00  0.00000000E+00  0.00000000E+00  0.10000000E+04  0.00000000E+00  0.12500000E+03  0.00000000E+00  0.69999999E+00  0.10000000E+04
  0.82500000E+01  0.75000000E+00  0.00000000E+00  0.00000000E+00  0.10000000E+04  0.00000000E+00  0.12500000E+03  0.00000000E+00  0.69999999E+00  0.10000000E+04
  0.82500000E+01  0.12500000E+01  0.00000000E+00  0.00000000E+00  0.10000000E+04  0.00000000E+00  0.12500000E+03  0.00000000E+00  0.69999999E+00  0.10000000E+04
  0.82500000E+01  0.17500000E+01  0.00000000E+00  0.00000000E+00  0.10000000E+04  0.00000000E+00  0.12500000E+03  0.00000000E+00  0.69999999E+00  0.10000000E+04
  0.82500000E+01  0.22500000E+01  0.00000000E+00  0.00000000E+00  0.10000000E+04  0.00000000E+00  0.12500000E+03  0.00000000E+00  0.69999999E+00  0.10000000E+04
  0.82500000E+01  0.27500000E+01  0.00000000E+00  0.00000000E+00  0.10000000E+04  0.00000000E+00  0.12500000E+03  0.00000000E+00  0.69999999E+00  0.10000000E+04
  0.82500000E+01  0.32500000E+01  0.00000000E+00  0.00000000E+00  0.10000000E+04  0.00000000E+00  0.12500000E+03  0.00000000E+00  0.69999999E+00  0.10000000E+04
  0.82500000E+01  0.37500000E+01  0.00000000E+00  0.00000000E+00  0.10000000E+04  0.00000000E+00  0.12500000E+03  0.00000000E+00  0.69999999E+00  0.10000000E+04
  0.50000000E+00  0.00000000E+00  0.00000000E+00  0.00000000E+00  0.10423563E+04  0.94440906E+05  0.12500000E+03  0.10663906E-01  0.69999999E+00  0.99998730E+03
  0.10000000E+01  0.00000000E+00  0.00000000E+00  0.00000000E+00  0.10578457E+04  0.13520112E+06  0.12500000E+03  0.55673816E-02  0.69999999E+00  0.99999329E+03
  0.15000000E+01  0.00000000E+00  0.00000000E+00  0.00000000E+00  0.10376167E+04  0.82675086E+05  0.12500000E+03  0.19117147E-01  0.69999999E+00  0.99997736E+03
  0.20000000E+01  0.00000000E+00  0.00000000E+00  0.00000000E+00  0.11489946E+04  0.46072947E+06  0.12500000E+03  0.21732414E-01  0.69999999E+00  0.99997144E+03
  0.25000000E+01  0.00000000E+00  0.00000000E+00  0.00000000E+00  0.10285177E+04  0.60972742E+05  0.12500000E+03  0.48912647E-02  0.69999999E+00  0.99999426E+03
  0.30000000E+01  0.00000000E+00  0.00000000E+00  0.00000000E+00  0.10447520E+04  0.10051123E+06  0.12500000E+03  0.66295480E-02  0.69999999E+00  0.99999207E+03
  0.35000000E+01  0.00000000E+00  0.00000000E+00  0.00000000E+00  0.10077993E+04  0.15664892E+05  0.12500000E+03  0.25465309E-02  0.69999999E+00  0.99999707E+03
  0.40000000E+01  0.00000000E+00  0.00000000E+00  0.00000000E+00  0.10000137E+04  0.26898298E+02  0.12500000E+03 -0.68247195E-04  0.69999999E+00  0.10000001E+04
  0.45000000E+01  0.00000000E+00  0.00000000E+00  0.00000000E+00  0.10000000E+04  0.00000000E+00  0.12500000E+03  0.90692037E-41  0.69999999E+00  0.10000000E+04
  0.50000000E+01  0.00000000E+00  0.00000000E+00  0.00000000E+00  0.10000000E+04  0.00000000E+00  0.12500000E+03 -0.00000000E+00  0.69999999E+00  0.10000000E+04
  0.55000000E+01  0.00000000E+00  0.00000000E+00  0.00000000E+00  0.10000000E+04  0.00000000E+00  0.12500000E+03  0.00000000E+00  0.69999999E+00  0.10000000E+04
  0.60000000E+01  0.00000000E+00  0.00000000E+00  0.00000000E+00  0.10000000E+04  0.00000000E+00  0.12500000E+03  0.00000000E+00  0.69999999E+00  0.10000000E+04
  0.65000000E+01  0.00000000E+00  0.00000000E+00  0.00000000E+00  0.10000000E+04  0.00000000E+00  0.12500000E+03  0.00000000E+00  0.69999999E+00  0.10000000E+04
  0.70000000E+01  0.00000000E+00  0.00000000E+00  0.00000000E+00  0.10000000E+04  0.00000000E+00  0.12500000E+03  0.00000000E+00  0.69999999E+00  0.10000000E+04
  0.75000000E+01  0.00000000E+00  0.00000000E+00  0.00000000E+00  0.10000000E+04  0.00000000E+00  0.12500000E+03  0.00000000E+00  0.69999999E+00  0.10000000E+04
  0.25000000E+00 -0.25000000E+00  0.00000000E+00  0.00000000E+00  0.10055872E+04  0.11147349E+05  0.12500000E+03  0.30150530E-02  0.69999999E+00  0.99999652E+03
  0.75000000E+00 -0.25000000E+00  0.00000000E+00  0.00000000E+00  0.10249355E+04  0.52739426E+05  0.12500000E+03  0.78206994E-02  0.69999999E+00  0.99999084E+03
  0.12500000E+01 -0.25000000E+00  0.00000000E+00  0.00000000E+00  0.10101017E+04  0.20430334E+05  0.12500000E+03  0.62968796E-02  0.69999999E+00  0.99999274E+03
  0.17500000E+01 -0.25000000E+00  0.00000000E+00  0.00000000E+00  0.10167157E+04  0.34487312E+05  0.12500000E+03  0.96211769E-02  0.69999999E+00  0.99998883E+03
  0.22500000E+01 -0.25000000E+00  0.00000000E+00  0.00000000E+00  0.10013567E+04  0.26727454E+04  0.12500000E+03  0.92058405E-02  0.69999999E+00  0.99998944E+03
  0.27500000E+01 -0.25000000E+00  0.00000000E+00  0.00000000E+00  0.10043198E+04  0.85860527E+04  0.12500000E+03  0.32914167E-02  0.69999999E+00  0.99999622E+03
  0.32500000E+01 -0.25000000E+00  0.00000000E+00  0.00000000E+00  0.10014541E+04  0.28654495E+04  0.12500000E+03  0.24485695E-02  0.69999999E+00  0.99999719E+03
  0.37500000E+01 -0.25000000E+00  0.00000000E+00  0.00000000E+00  0.10000070E+04  0.13565822E+02  0.12500000E+03 -0.15635355E-03  0.69999999E+00  0.10000002E+04
  0.42500000E+01 -0.25000000E+00  0.00000000E+00  0.00000000E+00  0.10000000E+04  0.00000000E+00  0.12500000E+03 -0.30750514E-37  0.69999999E+00  0.10000000E+04
  0.47500000E+01 -0.25000000E+00  0.00000000E+00  0.00000000E+00  0.10000000E+04  0.00000000E+00  0.12500000E+03 -0.10958154E-40  0.69999999E+00  0.10000000E+04
  0.52500000E+01 -0.25000000E+00  0.00000000E+00  0.00000000E+00  0.10000000E+04  0.00000000E+00  0.12500000E+03  0.00000000E+00  0.69999999E+00  0.10000000E+04
  0.57500000E+01 -0.25000000E+00  0.00000000E+00  0.00000000E+00  0.10000000E+04  0.00000000E+00  0.12500000E+03  0.00000000E+00  0.69999999E+00  0.10000000E+04
  0.62500000E+01 -0.25000000E+00  0.00000000E+00  0.00000000E+00  0.10000000E+04  0.00000000E+00  0.12500000E+03  0.00000000E+00  0.69999999E+00  0.10000000E+04
  0.67500000E+01 -0.25000000E+00  0.00000000E+00  0.00000000E+00  0.10000000E+04  0.00000000E+00  0.12500000E+03  0.00000000E+00  0.69999999E+00  0.10000000E+04
  0.72500000E+01 -0.25000000E+00  0.00000000E+00  0.00000000E+00  0.10000000E+04  0.00000000E+00  0.12500000E+03  0.00000000E+00  0.69999999E+00  0.10000000E+04
  0.77500000E+01 -0.25000000E+00  0.00000000E+00  0.00000000E+00  0.10000000E+04  0.00000000E+00  0.12500000E+03  0.00000000E+00  0.69999999E+00  0.10000000E+04
  0.40000000E+01  0.50000000E+00  0.00000000E+00  0.00000000E+00  0.10009498E+04  0.18689436E+04  0.12500000E+03 -0.25735312E-03  0.69999999E+00  0.10000003E+04
  0.37500000E+01  0.25000000E+00  0.00000000E+00  0.00000000E+00  0.10063455E+04  0.12689417E+05  0.12500000E+03 -0.11563271E-02  0.69999999E+00  0.10000013E+04
  0.40000000E+01  0.10000000E+01  0.00000000E+00  0.00000000E+00  0.10023014E+04  0.45465132E+04  0.12500000E+03 -0.95528303E-04  0.69999999E+00  0.10000001E+04
  0.37500000E+01  0.75000000E+00  0.00000000E+00  0.00000000E+00  0.10449795E+04  0.10109192E+06  0.12500000E+03  0.81075670E-03  0.69999999E+00  0.99999902E+03
  0.40000000E+01  0.15000000E+01  0.00000000E+00  0.00000000E+00  0.10008469E+04  0.16660072E+04  0.12500000E+03  0.28121372E-03  0.69999999E+00  0.99999969E+03
  0.37500000E+01  0.12500000E+01  0.00000000E+00  0.00000000E+00  0.10232267E+04  0.48872066E+05  0.12500000E+03  0.61025895E-03  0.69999999E+00  0.99999927E+03
  0.40000000E+01  0.20000000E+01  0.00000000E+00  0.00000000E+00  0.10012419E+04  0.24457490E+04  0.12500000E+03  0.24645182E-03  0.69999999E+00  0.99999969E+03
  0.37500000E+01  0.17500000E+01  0.00000000E+00  0.00000000E+00  0.10392078E+04  0.86589016E+05  0.12500000E+03  0.13638593E-02  0.69999999E+00  0.99999835E+03
  0.45000000E+01  0.50000000E+00  0.00000000E+00  0.00000000E+00  0.10000000E+04  0.00000000E+00  0.12500000E+03  0.32810002E-40  0.69999999E+00  0.10000000E+04
  0.42500000E+01  0.25000000E+00  0.00000000E+00  0.00000000E+00  0.10000018E+04  0.35083482E+01  0.12500000E+03 -0.74084828E-05  0.69999999E+00  0.10000000E+04
  0.45000000E+01  0.10000000E+01  0.00000000E+00  0.00000000E+00  0.10000000E+04  0.00000000E+00  0.12500000E+03 -0.00000000E+00  0.69999999E+00  0.10000000E+04
  0.42500000E+01  0.75000000E+00  0.00000000E+00  0.00000000E+00  0.10000944E+04  0.18529227E+03  0.12500000E+03 -0.10442676E-04  0.69999999E+00  0.10000000E+04
  0.45000000E+01  0.15000000E+01  0.00000000E+00  0.00000000E+00  0.10000000E+04  0.00000000E+00  0.12500000E+03  0.00000000E+00  0.69999999E+00  0.10000000E+04
  0.42500000E+01  0.12500000E+01  0.00000000E+00  0.00000000E+00  0.10000066E+04  0.12864128E+02  0.12500000E+03  0.34267537E-05  0.69999999E+00  0.10000000E+04
  0.45000000E+01  0.20000000E+01  0.00000000E+00  0.00000000E+00  0.10000000E+04  0.00000000E+00  0.12500000E+03  0.00000000E+00  0.69999999E+00  0.10000000E+04
  0.42500000E+01  0.17500000E+01  0.00000000E+00  0.00000000E+00  0.10000031E+04  0.60811610E+01  0.12500000E+03  0.28991612E-05  0.69999999E+00  0.10000000E+04
  0.50000000E+01  0.50000000E+00  0.00000000E+00  0.00000000E+00  0.10000000E+04  0.00000000E+00  0.12500000E+03  0.00000000E+00  0.69999999E+00  0.10000000E+04
  0.47500000E+01  0.25000000E+00  0.00000000E+00  0.00000000E+00  0.10000000E+04  0.00000000E+00  0.12500000E+03  0.10806814E-40  0.69999999E+00  0.10000000E+04
  0.50000000E+01  0.10000000E+01  0.00000000E+00  0.00000000E+00  0.10000000E+04  0.00000000E+00  0.12500000E+03  0.00000000E+00  0.69999999E+00  0.10000000E+04
  0.47500000E+01  0.75000000E+00  0.00000000E+00  0.00000000E+00  0.10000000E+04  0.00000000E+00  0.12500000E+03  0.00000000E+00  0.69999999E+00  0.10000000E+04
  0.50000000E+01  0.15000000E+01  0.00000000E+00  0.00000000E+00  0.10000000E+04  0.00000000E+00  0.12500000E+03 -0.00000000E+00  0.69999999E+00  0.10000000E+04
  0.47500000E+01  0.12500000E+01  0.00000000E+00  0.00000000E+00  0.10000000E+04  0.00000000E+00  0.12500000E+03 -0.00000000E+00  0.69999999E+00  0.10000000E+04
  0.50000000E+01  0.20000000E+01  0.00000000E+00  0.00000000E+00  0.10000000E+04  0.00000000E+00  0.12500000E+03  0.00000000E+00  0.69999999E+00  0.10000000E+04
  0.47500000E+01  0.17500000E+01  0.00000000E+00  0.00000000E+00  0.10000000E+04  0.00000000E+00  0.12500000E+03  0.00000000E+00  0.69999999E+00  0.10000000E+04
  0.27375939E+01  0.93591595E+00 -0.66736013E+00 -0.52851033E+00  0.10034881E+04  0.69156118E+04  0.12576698E+03  0.12576674E+03  0.10000000E+01  0.00000000E+00
  0.14754657E+01  0.96198905E+00  0.19175354E-01 -0.14554650E+00  0.10049609E+04  0.98793359E+04  0.12561582E+03  0.12561256E+03  0.10000000E+01  0.00000000E+00
  0.15401437E+01  0.12887570E+01  0.90493965E+00 -0.13226454E+01  0.10073644E+04  0.14772108E+05  0.12546356E+03  0.12546333E+03  0.10000000E+01  0.00000000E+00
  0.21753306E+01  0.17162107E+01  0.97606707E+00  0.15116656E+01  0.10121733E+04  0.24774160E+05  0.12531018E+03  0.12531027E+03  0.10000000E+01  0.00000000E+00
  0.25570331E+01  0.18203415E+01  0.86052012E+00  0.16014701E+01  0.10148651E+04  0.30498543E+05  0.12515567E+03  0.12515567E+03  0.10000000E+01  0.00000000E+00
  0.28908896E+01  0.15380371E+01 -0.55042130E+00  0.32254982E+00  0.10132656E+04  0.27086131E+05  0.12500000E+03  0.12500000E+03  0.10000000E+01  0.00000000E+00
  0.26566219E+01  0.94651425E+00  0.21834484E+00  0.60632932E+00  0.10011555E+04  0.22749565E+04  0.12576698E+03  0.12575494E+03  0.10000000E+01  0.00000000E+00
  0.11202742E+01  0.93049240E+00 -0.77241635E+00 -0.18980365E-01  0.10026554E+04  0.52515562E+04  0.12561582E+03  0.12560624E+03  0.10000000E+01  0.00000000E+00
  0.10366793E+01  0.11617565E+01 -0.52246284E+00 -0.86328471E+00  0.10073049E+04  0.14650166E+05  0.12546356E+03  0.12546037E+03  0.10000000E+01  0.00000000E+00
  0.24939034E+01  0.14356629E+01 -0.35901144E-01  0.30440426E+00  0.10050350E+04  0.10029232E+05  0.12531018E+03  0.12531038E+03  0.10000000E+01  0.00000000E+00
  0.10949775E+01  0.85085416E+00 -0.43100220E+00 -0.12577802E+00  0.10052704E+04  0.10505388E+05  0.12515567E+03  0.12515567E+03  0.10000000E+01  0.00000000E+00
  0.66494823E+00  0.83341825E+00 -0.59153867E+00 -0.12853497E+01  0.10218007E+04  0.45674164E+05  0.12500000E+03  0.12500000E+03  0.10000000E+01  0.00000000E+00
  0.20148370E+01  0.10272740E+01 -0.49800712E+00  0.79274976E+00  0.10116154E+04  0.23599084E+05  0.12576698E+03  0.12575644E+03  0.10000000E+01  0.00000000E+00
  0.25353820E+01  0.94181180E+00  0.13748772E+01  0.39272046E+00  0.10074805E+04  0.15010251E+05  0.12561582E+03  0.12561089E+03  0.10000000E+01  0.00000000E+00
  0.28541608E+01  0.89380968E+00  0.25634277E+00  0.14535732E+01  0.10046119E+04  0.91748467E+04  0.12546356E+03  0.12546005E+03  0.10000000E+01  0.00000000E+00
  0.21805766E+01  0.13479017E+01  0.68574917E+00  0.90584171E+00  0.99730841E+03 -0.52384038E+04  0.12531018E+03  0.12531018E+03  0.10000000E+01  0.00000000E+00
  0.28934388E+01  0.77293074E+00 -0.98609805E+00 -0.48567826E+00  0.10054400E+04  0.10849050E+05  0.12515567E+03  0.12515553E+03  0.10000000E+01  0.00000000E+00
  0.17274790E+01  0.14522862E+01  0.12062399E+01 -0.71027911E+00  0.10082603E+04  0.16614043E+05  0.12500000E+03  0.12499989E+03  0.10000000E+01  0.00000000E+00
  0.87067258E+00  0.98569393E+00 -0.54343396E+00 -0.25541440E+00  0.10087993E+04  0.17726738E+05  0.12576698E+03  0.12576566E+03  0.10000000E+01  0.00000000E+00
  0.24634991E+01  0.96813977E+00  0.74363315E+00  0.69011593E+00  0.10094515E+04  0.19078023E+05  0.12561582E+03  0.12561221E+03  0.10000000E+01  0.00000000E+00
  0.27217340E+01  0.15722332E+01 -0.13612814E+01  0.21968539E+01  0.10106595E+04  0.21594902E+05  0.12546356E+03  0.12546202E+03  0.10000000E+01  0.00000000E+00
  0.19917755E+01  0.97072434E+00  0.11105886E+00  0.31139675E+00  0.10106953E+04  0.21669438E+05  0.12531018E+03  0.12530890E+03  0.10000000E+01  0.00000000E+00
  0.98992455E+00  0.14751213E+01 -0.17780560E+00 -0.64464390E+00  0.10097927E+04  0.19787000E+05  0.12515567E+03  0.12515567E+03  0.10000000E+01  0.00000000E+00
  0.15743368E+01  0.81318140E+00  0.83279300E+00  0.46625435E+00  0.10210831E+04  0.44075285E+05  0.12500000E+03  0.12500012E+03  0.10000000E+01  0.00000000E+00
  0.12878025E+01  0.14156821E+01 -0.12451512E+01 -0.12651612E+01  0.10112477E+04  0.22826861E+05  0.12561582E+03  0.12561399E+03  0.10000000E+01  0.00000000E+00
  0.25631232E+01  0.20595546E+01 -0.73453534E+00  0.97237611E+00  0.10068472E+04  0.13713222E+05  0.12531018E+03  0.12531004E+03  0.10000000E+01  0.00000000E+00
  0.29008472E+01  0.20782185E+01  0.18018548E+01 -0.27126408E+00  0.99913672E+03 -0.16893246E+04  0.12500000E+03  0.12500000E+03  0.10000000E+01  0.00000000E+00
