  0.00000000E+00  0.00000000E+00  0.00000000E+00  0.00000000E+00  0.10019387E+04  0.38259253E+04  0.12500000E+03  0.25292870E-02  0.69999999E+00  0.99999713E+03
  0.00000000E+00  0.50000000E+00  0.00000000E+00  0.00000000E+00  0.10184049E+04  0.38166672E+05  0.12500000E+03  0.34296387E-02  0.69999999E+00  0.99999603E+03
  0.00000000E+00  0.10000000E+01  0.00000000E+00  0.00000000E+00  0.10260111E+04  0.55193336E+05  0.12500000E+03  0.38237560E-02  0.69999999E+00  0.99999554E+03
  0.00000000E+00  0.15000000E+01  0.00000000E+00  0.00000000E+00  0.10246298E+04  0.52044312E+05  0.12500000E+03  0.13917454E-02  0.69999999E+00  0.99999835E+03
  0.00000000E+00  0.20000000E+01  0.00000000E+00  0.00000000E+00  0.10171967E+04  0.35531230E+05  0.12500000E+03 -0.17970724E-02  0.69999999E+00  0.10000021E+04
  0.00000000E+00  0.25000000E+01  0.00000000E+00  0.00000000E+00  0.10034469E+04  0.68332266E+04  0.12500000E+03  0.51974104E-03  0.69999999E+00  0.99999939E+03
  0.00000000E+00  0.30000000E+01  0.00000000E+00  0.00000000E+00  0.10000026E+04  0.51455903E+01  0.12500000E+03  0.38292605E-04  0.69999999E+00  0.99999994E+03
  0.00000000E+00  0.35000000E+01  0.00000000E+00  0.00000000E+00  0.10000000E+04  0.00000000E+00  0.12500000E+03  0.00000000E+00  0.69999999E+00  0.10000000E+04
  0.00000000E+00  0.40000000E+01  0.00000000E+00  0.00000000E+00  0.10000000E+04  0.00000000E+00  0.12500000E+03  0.00000000E+00  0.69999999E+00  0.10000000E+04
 -0.25000000E+00 -0.25000000E+00  0.00000000E+00  0.00000000E+00  0.10006414E+04  0.12607445E+04  0.12500000E+03  0.52005530E-03  0.69999999E+00  0.99999939E+03
 -0.25000000E+00  0.25000000E+00  0.00000000E+00  0.00000000E+00  0.10009207E+04  0.18113185E+04  0.12500000E+03  0.11501561E-02  0.69999999E+00  0.99999866E+03
 -0.25000000E+00  0.75000000E+00  0.00000000E+00  0.00000000E+00  0.10045724E+04  0.90950312E+04  0.12500000E+03  0.53521781E-03  0.69999999E+00  0.99999939E+03
 -0.25000000E+00  0.12500000E+01  0.00000000E+00  0.00000000E+00  0.10043615E+04  0.86698291E+04  0.12500000E+03  0.11971740E-02  0.69999999E+00  0.99999860E+03
 -0.25000000E+00  0.17500000E+01  0.00000000E+00  0.00000000E+00  0.10010686E+04  0.21033108E+04  0.12500000E+03 -0.37623144E-03  0.69999999E+00  0.10000004E+04
 -0.25000000E+00  0.22500000E+01  0.00000000E+00  0.00000000E+00  0.10015139E+04  0.29839109E+04  0.12500000E+03 -0.18548567E-03  0.69999999E+00  0.10000002E+04
 -0.25000000E+00  0.27500000E+01  0.00000000E+00  0.00000000E+00  0.10000007E+04  0.14033347E+01  0.12500000E+03  0.17473474E-04  0.69999999E+00  0.10000000E+04
 -0.25000000E+00  0.32500000E+01  0.00000000E+00  0.00000000E+00  0.10000000E+04  0.00000000E+00  0.12500000E+03  0.45542200E-41  0.69999999E+00  0.10000000E+04
 -0.25000000E+00  0.37500000E+01  0.00000000E+00  0.00000000E+00  0.10000000E+04  0.00000000E+00  0.12500000E+03  0.00000000E+00  0.69999999E+00  0.10000000E+04
  0.80000000E+01  0.00000000E+00  0.00000000E+00  0.00000000E+00  0.10000000E+04  0.00000000E+00  0.12500000E+03  0.00000000E+00  0.69999999E+00  0.10000000E+04
  0.80000000E+01  0.50000000E+00  0.00000000E+00  0.00000000E+00  0.10000000E+04  0.00000000E+00  0.12500000E+03  0.00000000E+00  0.69999999E+00  0.10000000E+04
  0.80000000E+01  0.10000000E+01  0.00000000E+00  0.00000000E+00  0.10000000E+04  0.00000000E+00  0.12500000E+03  0.00000000E+00  0.69999999E+00  0.10000000E+04
  0.80000000E+01  0.15000000E+01  0.00000000E+00  0.00000000E+00  0.10000000E+04  0.00000000E+00  0.12500000E+03  0.00000000E+00  0.69999999E+00  0.10000000E+04
  0.80000000E+01  0.20000000E+01  0.00000000E+00  0.00000000E+00  0.10000000E+04  0.00000000E+00  0.12500000E+03  0.00000000E+00  0.69999999E+00  0.10000000E+04
  0.80000000E+01  0.25000000E+01  0.00000000E+00  0.00000000E+00  0.10000000E+04  0.00000000E+00  0.12500000E+03  0.00000000E+00  0.69999999E+00  0.10000000E+04
  0.80000000E+01  0.30000000E+01  0.00000000E+00  0.00000000E+00  0.10000000E+04  0.00000000E+00  0.12500000E+03  0.00000000E+00  0.69999999E+00  0.10000000E+04
  0.80000000E+01  0.35000000E+01  0.00000000E+00  0.00000000E+00  0.10000000E+04  0.00000000E+00  0.12500000E+03  0.00000000E+00  0.69999999E+00  0.10000000E+04
  0.80000000E+01  0.40000000E+01  0.00000000E+00  0.00000000E+00  0.10000000E+04  0.00000000E+00  0.12500000E+03  0.00000000E+00  0.69999999E+00  0.10000000E+04
  0.82500000E+01 -0.25000000E+00  0.00000000E+00  0.00000000E+00  0.10000000E+04  0.00000000E+00  0.12500000E+03  0.00000000E+00  0.69999999E+00  0.10000000E+04
  0.82500000E+01  0.25000000E+00  0.00000000E+00  0.00000000E+00  0.10000000E+04  0.00000000E+00  0.12500000E+03  0.00000000E+00  0.69999999E+00  0.10000000E+04
  0.82500000E+01  0.75000000E+00  0.00000000E+00  0.00000000E+00  0.10000000E+04  0.00000000E+00  0.12500000E+03  0.00000000E+00  0.69999999E+00  0.10000000E+04
  0.82500000E+01  0.12500000E+01  0.00000000E+00  0.00000000E+00  0.10000000E+04  0.00000000E+00  0.12500000E+03  0.00000000E+00  0.69999999E+00  0.10000000E+04
  0.82500000E+01  0.17500000E+01  0.00000000E+00  0.00000000E+00  0.10000000E+04  0.00000000E+00  0.12500000E+03  0.00000000E+00  0.69999999E+00  0.10000000E+04
  0.82500000E+01  0.22500000E+01  0.00000000E+00  0.00000000E+00  0.10000000E+04  0.00000000E+00  0.12500000E+03  0.00000000E+00  0.69999999E+00  0.10000000E+04
  0.82500000E+01  0.27500000E+01  0.00000000E+00  0.00000000E+00  0.10000000E+04  0.00000000E+00  0.12500000E+03  0.00000000E+00  0.69999999E+00  0.10000000E+04
  0.82500000E+01  0.32500000E+01  0.00000000E+00  0.00000000E+00  0.10000000E+04  0.00000000E+00  0.12500000E+03  0.00000000E+00  0.69999999E+00  0.10000000E+04
  0.82500000E+01  0.37500000E+01  0.00000000E+00  0.00000000E+00  0.10000000E+04  0.00000000E+00  0.12500000E+03  0.00000000E+00  0.69999999E+00  0.10000000E+04
  0.50000000E+00  0.00000000E+00  0.00000000E+00  0.00000000E+00  0.10513778E+04  0.11774126E+06  0.12500000E+03  0.12950728E-01  0.69999999E+00  0.99998444E+03
  0.10000000E+01  0.00000000E+00  0.00000000E+00  0.00000000E+00  0.10676736E+04  0.16298638E+06  0.12500000E+03  0.77059357E-02  0.69999999E+00  0.99999060E+03
  0.15000000E+01  0.00000000E+00  0.00000000E+00  0.00000000E+00  0.10116208E+04  0.23610615E+05  0.12500000E+03  0.22653166E-01  0.69999999E+00  0.99997382E+03
  0.20000000E+01  0.00000000E+00  0.00000000E+00  0.00000000E+00  0.11254871E+04  0.36090109E+06  0.12500000E+03  0.26047556E-01  0.69999999E+00  0.99996649E+03
  0.25000000E+01  0.00000000E+00  0.00000000E+00  0.00000000E+00  0.10425594E+04  0.94952383E+05  0.12500000E+03  0.81614535E-02  0.69999999E+00  0.99999030E+03
  0.30000000E+01  0.00000000E+00  0.00000000E+00  0.00000000E+00  0.10429504E+04  0.95938312E+05  0.12500000E+03  0.98428205E-02  0.69999999E+00  0.99998828E+03
  0.35000000E+01  0.00000000E+00  0.00000000E+00  0.00000000E+00  0.10025549E+04  0.50512856E+04  0.12500000E+03  0.40955283E-02  0.69999999E+00  0.99999530E+03
  0.40000000E+01  0.00000000E+00  0.00000000E+00  0.00000000E+00  0.10000137E+04  0.26898298E+02  0.12500000E+03 -0.68247195E-04  0.69999999E+00  0.10000001E+04
  0.45000000E+01  0.00000000E+00  0.00000000E+00  0.00000000E+00  0.10000000E+04  0.00000000E+00  0.12500000E+03  0.28968483E-39  0.69999999E+00  0.10000000E+04
  0.50000000E+01  0.00000000E+00  0.00000000E+00  0.00000000E+00  0.10000000E+04  0.00000000E+00  0.12500000E+03 -0.82956869E-42  0.69999999E+00  0.10000000E+04
  0.55000000E+01  0.00000000E+00  0.00000000E+00  0.00000000E+00  0.10000000E+04  0.00000000E+00  0.12500000E+03  0.00000000E+00  0.69999999E+00  0.10000000E+04
  0.60000000E+01  0.00000000E+00  0.00000000E+00  0.00000000E+00  0.10000000E+04  0.00000000E+00  0.12500000E+03  0.00000000E+00  0.69999999E+00  0.10000000E+04
  0.65000000E+01  0.00000000E+00  0.00000000E+00  0.00000000E+00  0.10000000E+04  0.00000000E+00  0.12500000E+03  0.00000000E+00  0.69999999E+00  0.10000000E+04
  0.70000000E+01  0.00000000E+00  0.00000000E+00  0.00000000E+00  0.10000000E+04  0.00000000E+00  0.12500000E+03  0.00000000E+00  0.69999999E+00  0.10000000E+04
  0.75000000E+01  0.00000000E+00  0.00000000E+00  0.00000000E+00  0.10000000E+04  0.00000000E+00  0.12500000E+03  0.00000000E+00  0.69999999E+00  0.10000000E+04
  0.25000000E+00 -0.25000000E+00  0.00000000E+00  0.00000000E+00  0.10059070E+04  0.11796823E+05  0.12500000E+03  0.33735074E-02  0.69999999E+00  0.99999609E+03
  0.75000000E+00 -0.25000000E+00  0.00000000E+00  0.00000000E+00  0.10274451E+04  0.58489227E+05  0.12500000E+03  0.92326589E-02  0.69999999E+00  0.99998914E+03
  0.12500000E+01 -0.25000000E+00  0.00000000E+00  0.00000000E+00  0.10091407E+04  0.18433467E+05  0.12500000E+03  0.73989844E-02  0.69999999E+00  0.99999146E+03
  0.17500000E+01 -0.25000000E+00  0.00000000E+00  0.00000000E+00  0.10142705E+04  0.29226402E+05  0.12500000E+03  0.11223406E-01  0.69999999E+00  0.99998700E+03
  0.22500000E+01 -0.25000000E+00  0.00000000E+00  0.00000000E+00  0.10013290E+04  0.26178088E+04  0.12500000E+03  0.11111058E-01  0.69999999E+00  0.99998730E+03
  0.27500000E+01 -0.25000000E+00  0.00000000E+00  0.00000000E+00  0.10041381E+04  0.82204658E+04  0.12500000E+03  0.53347135E-02  0.69999999E+00  0.99999390E+03
  0.32500000E+01 -0.25000000E+00  0.00000000E+00  0.00000000E+00  0.10006204E+04  0.12194241E+04  0.12500000E+03  0.37195403E-02  0.69999999E+00  0.99999573E+03
  0.37500000E+01 -0.25000000E+00  0.00000000E+00  0.00000000E+00  0.10000070E+04  0.13565822E+02  0.12500000E+03 -0.15635355E-03  0.69999999E+00  0.10000002E+04
  0.42500000E+01 -0.25000000E+00  0.00000000E+00  0.00000000E+00  0.10000000E+04  0.00000000E+00  0.12500000E+03 -0.11323462E-35  0.69999999E+00  0.10000000E+04
  0.47500000E+01 -0.25000000E+00  0.00000000E+00  0.00000000E+00  0.10000000E+04  0.00000000E+00  0.12500000E+03 -0.66241901E-39  0.69999999E+00  0.10000000E+04
  0.52500000E+01 -0.25000000E+00  0.00000000E+00  0.00000000E+00  0.10000000E+04  0.00000000E+00  0.12500000E+03  0.00000000E+00  0.69999999E+00  0.10000000E+04
  0.57500000E+01 -0.25000000E+00  0.00000000E+00  0.00000000E+00  0.10000000E+04  0.00000000E+00  0.12500000E+03  0.00000000E+00  0.69999999E+00  0.10000000E+04
  0.62500000E+01 -0.25000000E+00  0.00000000E+00  0.00000000E+00  0.10000000E+04  0.00000000E+00  0.12500000E+03  0.00000000E+00  0.69999999E+00  0.10000000E+04
  0.67500000E+01 -0.25000000E+00  0.00000000E+00  0.00000000E+00  0.10000000E+04  0.00000000E+00  0.12500000E+03  0.00000000E+00  0.69999999E+00  0.10000000E+04
  0.72500000E+01 -0.25000000E+00  0.00000000E+00  0.00000000E+00  0.10000000E+04  0.00000000E+00  0.12500000E+03  0.00000000E+00  0.69999999E+00  0.10000000E+04
  0.77500000E+01 -0.25000000E+00  0.00000000E+00  0.00000000E+00  0.10000000E+04  0.00000000E+00  0.12500000E+03  0.00000000E+00  0.69999999E+00  0.10000000E+04
  0.40000000E+01  0.50000000E+00  0.00000000E+00  0.00000000E+00  0.10019740E+04  0.38959729E+04  0.12500000E+03 -0.39920147E-03  0.69999999E+00  0.10000004E+04
  0.37500000E+01  0.25000000E+00  0.00000000E+00  0.00000000E+00  0.10043193E+04  0.85850928E+04  0.12500000E+03 -0.18953064E-02  0.69999999E+00  0.10000022E+04
  0.40000000E+01  0.10000000E+01  0.00000000E+00  0.00000000E+00  0.10058145E+04  0.11608850E+05  0.12500000E+03 -0.13205432E-03  0.69999999E+00  0.10000001E+04
  0.37500000E+01  0.75000000E+00  0.00000000E+00  0.00000000E+00  0.10536829E+04  0.12389000E+06  0.12500000E+03  0.99306717E-03  0.69999999E+00  0.99999878E+03
  0.40000000E+01  0.15000000E+01  0.00000000E+00  0.00000000E+00  0.10003988E+04  0.78329401E+03  0.12500000E+03  0.45628991E-03  0.69999999E+00  0.99999945E+03
  0.37500000E+01  0.12500000E+01  0.00000000E+00  0.00000000E+00  0.10442086E+04  0.99127070E+05  0.12500000E+03  0.11070382E-02  0.69999999E+00  0.99999866E+03
  0.40000000E+01  0.20000000E+01  0.00000000E+00  0.00000000E+00  0.10010588E+04  0.20840093E+04  0.12500000E+03  0.32330409E-03  0.69999999E+00  0.99999963E+03
  0.37500000E+01  0.17500000E+01  0.00000000E+00  0.00000000E+00  0.10230273E+04  0.48423234E+05  0.12500000E+03  0.21933897E-02  0.69999999E+00  0.99999744E+03
  0.45000000E+01  0.50000000E+00  0.00000000E+00  0.00000000E+00  0.10000000E+04  0.00000000E+00  0.12500000E+03  0.19529532E-38  0.69999999E+00  0.10000000E+04
  0.42500000E+01  0.25000000E+00  0.00000000E+00  0.00000000E+00  0.10000018E+04  0.35083482E+01  0.12500000E+03 -0.74084828E-05  0.69999999E+00  0.10000000E+04
  0.45000000E+01  0.10000000E+01  0.00000000E+00  0.00000000E+00  0.10000000E+04  0.00000000E+00  0.12500000E+03 -0.17712413E-41  0.69999999E+00  0.10000000E+04
  0.42500000E+01  0.75000000E+00  0.00000000E+00  0.00000000E+00  0.10000964E+04  0.18927066E+03  0.12500000E+03 -0.17311753E-04  0.69999999E+00  0.10000000E+04
  0.45000000E+01  0.15000000E+01  0.00000000E+00  0.00000000E+00  0.10000000E+04  0.00000000E+00  0.12500000E+03 -0.55435367E-41  0.69999999E+00  0.10000000E+04
  0.42500000E+01  0.12500000E+01  0.00000000E+00  0.00000000E+00  0.10000066E+04  0.12864128E+02  0.12500000E+03  0.50902363E-05  0.69999999E+00  0.10000000E+04
  0.45000000E+01  0.20000000E+01  0.00000000E+00  0.00000000E+00  0.10000000E+04  0.00000000E+00  0.12500000E+03  0.53949991E-41  0.69999999E+00  0.10000000E+04
  0.42500000E+01  0.17500000E+01  0.00000000E+00  0.00000000E+00  0.10000031E+04  0.60811610E+01  0.12500000E+03 -0.35628464E-05  0.69999999E+00  0.10000000E+04
  0.50000000E+01  0.50000000E+00  0.00000000E+00  0.00000000E+00  0.10000000E+04  0.00000000E+00  0.12500000E+03  0.74549078E-42  0.69999999E+00  0.10000000E+04
  0.47500000E+01  0.25000000E+00  0.00000000E+00  0.00000000E+00  0.10000000E+04  0.00000000E+00  0.12500000E+03  0.65580768E-39  0.69999999E+00  0.10000000E+04
  0.50000000E+01  0.10000000E+01  0.00000000E+00  0.00000000E+00  0.10000000E+04  0.00000000E+00  0.12500000E+03 -0.00000000E+00  0.69999999E+00  0.10000000E+04
  0.47500000E+01  0.75000000E+00  0.00000000E+00  0.00000000E+00  0.10000000E+04  0.00000000E+00  0.12500000E+03  0.83517388E-42  0.69999999E+00  0.10000000E+04
  0.50000000E+01  0.15000000E+01  0.00000000E+00  0.00000000E+00  0.10000000E+04  0.00000000E+00  0.12500000E+03 -0.39600695E-41  0.69999999E+00  0.10000000E+04
  0.47500000E+01  0.12500000E+01  0.00000000E+00  0.00000000E+00  0.10000000E+04  0.00000000E+00  0.12500000E+03 -0.38199396E-41  0.69999999E+00  0.10000000E+04
  0.50000000E+01  0.20000000E+01  0.00000000E+00  0.00000000E+00  0.10000000E+04  0.00000000E+00  0.12500000E+03  0.37582825E-41  0.69999999E+00  0.10000000E+04
  0.47500000E+01  0.17500000E+01  0.00000000E+00  0.00000000E+00  0.10000000E+04  0.00000000E+00  0.12500000E+03 -0.00000000E+00  0.69999999E+00  0.10000000E+04
  0.27204773E+01  0.83462489E+00  0.66255820E+00 -0.76992527E-01  0.10069266E+04  0.13875783E+05  0.12576698E+03  0.12576656E+03  0.10000000E+01  0.00000000E+00
  0.80206954E+00  0.12123932E+01 -0.21489741E+00  0.61945868E+00  0.10086495E+04  0.17417258E+05  0.12561582E+03  0.12561256E+03  0.10000000E+01  0.00000000E+00
  0.16942401E+01  0.10023860E+01  0.19874227E+00  0.46367094E-01  0.10059781E+04  0.11941508E+05  0.12546356E+03  0.12546333E+03  0.10000000E+01  0.00000000E+00
  0.20670121E+01  0.16560776E+01  0.19287344E+01  0.39687839E+00  0.10028885E+04  0.57167041E+04  0.12531018E+03  0.12531027E+03  0.10000000E+01  0.00000000E+00
  0.28018956E+01  0.14587678E+01 -0.11729691E+00  0.96547849E-01  0.10013578E+04  0.26748674E+04  0.12515567E+03  0.12515567E+03  0.10000000E+01  0.00000000E+00
  0.23430920E+01  0.15645566E+01  0.59813082E+00  0.74993056E+00  0.10027798E+04  0.54997446E+04  0.12500000E+03  0.12500000E+03  0.10000000E+01  0.00000000E+00
  0.28309226E+01  0.92372906E+00  0.11445610E+00 -0.13804141E+00  0.10064329E+04  0.12867535E+05  0.12576698E+03  0.12575461E+03  0.10000000E+01  0.00000000E+00
  0.82407606E+00  0.10416887E+01 -0.13498306E+00 -0.52924782E+00  0.10091462E+04  0.18444828E+05  0.12561582E+03  0.12560624E+03  0.10000000E+01  0.00000000E+00
  0.10283759E+01  0.87781131E+00 -0.40768927E+00  0.49201113E+00  0.10104028E+04  0.21058424E+05  0.12546356E+03  0.12546037E+03  0.10000000E+01  0.00000000E+00
  0.28173263E+01  0.12577485E+01  0.90864837E+00 -0.68244553E+00  0.10026003E+04  0.51417847E+04  0.12531018E+03  0.12531038E+03  0.10000000E+01  0.00000000E+00
  0.11801611E+01  0.88575351E+00  0.18145891E+00  0.47153640E+00  0.10095347E+04  0.19250801E+05  0.12515567E+03  0.12515535E+03  0.10000000E+01  0.00000000E+00
  0.71036375E+00  0.82015038E+00  0.31073672E+00 -0.99646570E-02  0.10122900E+04  0.25020465E+05  0.12500000E+03  0.12500000E+03  0.10000000E+01  0.00000000E+00
  0.21101382E+01  0.10215629E+01  0.43073243E+00  0.18226969E+00  0.10052267E+04  0.10417053E+05  0.12576698E+03  0.12575644E+03  0.10000000E+01  0.00000000E+00
  0.27779105E+01  0.86756063E+00  0.14966083E+00 -0.76781332E-01  0.10067930E+04  0.13602616E+05  0.12561582E+03  0.12561059E+03  0.10000000E+01  0.00000000E+00
  0.26850224E+01  0.13658003E+01 -0.15490583E+00  0.10326546E+00  0.10022148E+04  0.43743960E+04  0.12546356E+03  0.12546005E+03  0.10000000E+01  0.00000000E+00
  0.17496386E+01  0.10261188E+01 -0.10001858E+01 -0.18825425E+00  0.10056238E+04  0.11221843E+05  0.12531018E+03  0.12531018E+03  0.10000000E+01  0.00000000E+00
  0.30021901E+01  0.89290142E+00  0.53841695E-01 -0.46347159E+00  0.10091907E+04  0.18536980E+05  0.12515567E+03  0.12515553E+03  0.10000000E+01  0.00000000E+00
  0.11059530E+01  0.15329492E+01 -0.62296247E+00 -0.49580097E+00  0.10072038E+04  0.14443038E+05  0.12500000E+03  0.12499989E+03  0.10000000E+01  0.00000000E+00
  0.92904282E+00  0.14148003E+01 -0.93062496E+00 -0.25964129E+00  0.10081609E+04  0.16408926E+05  0.12576698E+03  0.12576566E+03  0.10000000E+01  0.00000000E+00
  0.26052117E+01  0.88014102E+00 -0.91923928E+00  0.63390070E+00  0.10064023E+04  0.12805317E+05  0.12561582E+03  0.12561228E+03  0.10000000E+01  0.00000000E+00
  0.16584501E+01  0.12636421E+01  0.30339086E+00 -0.34011883E+00  0.10029415E+04  0.58223804E+04  0.12546356E+03  0.12546202E+03  0.10000000E+01  0.00000000E+00
  0.22011220E+01  0.10380411E+01  0.66159034E+00 -0.30353704E+00  0.10051652E+04  0.10292555E+05  0.12531018E+03  0.12530890E+03  0.10000000E+01  0.00000000E+00
  0.17534891E+01  0.18888648E+01  0.16813118E+01 -0.32066077E+00  0.10033351E+04  0.66093374E+04  0.12515567E+03  0.12515567E+03  0.10000000E+01  0.00000000E+00
  0.13876863E+01  0.89250517E+00  0.98579633E+00  0.65488875E+00  0.10087195E+04  0.17561615E+05  0.12500000E+03  0.12500012E+03  0.10000000E+01  0.00000000E+00
  0.10676312E+01  0.15308452E+01 -0.25515011E+00 -0.35782754E+00  0.10074399E+04  0.14926857E+05  0.12561582E+03  0.12561399E+03  0.10000000E+01  0.00000000E+00
  0.16143273E+01  0.19236903E+01  0.13787196E+01 -0.72776616E+00  0.10042249E+04  0.83950537E+04  0.12531018E+03  0.12531004E+03  0.10000000E+01  0.00000000E+00
  0.20033333E+01  0.20405672E+01  0.44692987E+00  0.90817797E+00  0.99905701E+03 -0.18449501E+04  0.12500000E+03  0.12500000E+03  0.10000000E+01  0.00000000E+00
