  0.00000000E+00  0.00000000E+00  0.00000000E+00  0.00000000E+00  0.10028950E+04  0.57295547E+04  0.12500000E+03  0.22929998E-02  0.69999999E+00  0.99999738E+03
  0.00000000E+00  0.50000000E+00  0.00000000E+00  0.00000000E+00  0.10282267E+04  0.60297469E+05  0.12500000E+03  0.26221108E-02  0.69999999E+00  0.99999695E+03
  0.00000000E+00  0.10000000E+01  0.00000000E+00  0.00000000E+00  0.10427322E+04  0.95387492E+05  0.12500000E+03  0.32407891E-02  0.69999999E+00  0.99999615E+03
  0.00000000E+00  0.15000000E+01  0.00000000E+00  0.00000000E+00  0.10275811E+04  0.58803289E+05  0.12500000E+03  0.10954856E-02  0.69999999E+00  0.99999872E+03
  0.00000000E+00  0.20000000E+01  0.00000000E+00  0.00000000E+00  0.10169020E+04  0.34891336E+05  0.12500000E+03 -0.13082575E-02  0.69999999E+00  0.10000015E+04
  0.00000000E+00  0.25000000E+01  0.00000000E+00  0.00000000E+00  0.10030736E+04  0.60862402E+04  0.12500000E+03  0.33517432E-03  0.69999999E+00  0.99999963E+03
  0.00000000E+00  0.30000000E+01  0.00000000E+00  0.00000000E+00  0.10000000E+04  0.00000000E+00  0.12500000E+03  0.60528782E-05  0.69999999E+00  0.10000000E+04
  0.00000000E+00  0.35000000E+01  0.00000000E+00  0.00000000E+00  0.10000000E+04  0.00000000E+00  0.12500000E+03  0.00000000E+00  0.69999999E+00  0.10000000E+04
  0.00000000E+00  0.40000000E+01  0.00000000E+00  0.00000000E+00  0.10000000E+04  0.00000000E+00  0.12500000E+03  0.00000000E+00  0.69999999E+00  0.10000000E+04
 -0.25000000E+00 -0.25000000E+00  0.00000000E+00  0.00000000E+00  0.10006414E+04  0.12607445E+04  0.12500000E+03  0.52005530E-03  0.69999999E+00  0.99999939E+03
 -0.25000000E+00  0.25000000E+00  0.00000000E+00  0.00000000E+00  0.10018521E+04  0.36539453E+04  0.12500000E+03  0.99190278E-03  0.69999999E+00  0.99999884E+03
 -0.25000000E+00  0.75000000E+00  0.00000000E+00  0.00000000E+00  0.10100841E+04  0.20393816E+05  0.12500000E+03  0.30326849E-03  0.69999999E+00  0.99999963E+03
 -0.25000000E+00  0.12500000E+01  0.00000000E+00  0.00000000E+00  0.10031193E+04  0.61774971E+04  0.12500000E+03  0.10260050E-02  0.69999999E+00  0.99999884E+03
 -0.25000000E+00  0.17500000E+01  0.00000000E+00  0.00000000E+00  0.10011880E+04  0.23392583E+04  0.12500000E+03 -0.31294528E-03  0.69999999E+00  0.10000004E+04
 -0.25000000E+00  0.22500000E+01  0.00000000E+00  0.00000000E+00  0.10012462E+04  0.24542319E+04  0.12500000E+03 -0.15003496E-03  0.69999999E+00  0.10000002E+04
 -0.25000000E+00  0.27500000E+01  0.00000000E+00  0.00000000E+00  0.10000000E+04  0.00000000E+00  0.12500000E+03  0.87160764E-42  0.69999999E+00  0.10000000E+04
 -0.25000000E+00  0.32500000E+01  0.00000000E+00  0.00000000E+00  0.10000000E+04  0.00000000E+00  0.12500000E+03  0.15974802E-42  0.69999999E+00  0.10000000E+04
 -0.25000000E+00  0.37500000E+01  0.00000000E+00  0.00000000E+00  0.10000000E+04  0.00000000E+00  0.12500000E+03  0.00000000E+00  0.69999999E+00  0.10000000E+04
  0.80000000E+01  0.00000000E+00  0.00000000E+00  0.00000000E+00  0.10000000E+04  0.00000000E+00  0.12500000E+03  0.00000000E+00  0.69999999E+00  0.10000000E+04
  0.80000000E+01  0.50000000E+00  0.00000000E+00  0.00000000E+00  0.10000000E+04  0.00000000E+00  0.12500000E+03  0.00000000E+00  0.69999999E+00  0.10000000E+04
  0.80000000E+01  0.10000000E+01  0.00000000E+00  0.00000000E+00  0.10000000E+04  0.00000000E+00  0.12500000E+03  0.00000000E+00  0.69999999E+00  0.10000000E+04
  0.80000000E+01  0.15000000E+01  0.00000000E+00  0.00000000E+00  0.10000000E+04  0.00000000E+00  0.12500000E+03  0.00000000E+00  0.69999999E+00  0.10000000E+04
  0.80000000E+01  0.20000000E+01  0.00000000E+00  0.00000000E+00  0.10000000E+04  0.00000000E+00  0.12500000E+03  0.00000000E+00  0.69999999E+00  0.10000000E+04
  0.80000000E+01  0.25000000E+01  0.00000000E+00  0.00000000E+00  0.10000000E+04  0.00000000E+00  0.12500000E+03  0.00000000E+00  0.69999999E+00  0.10000000E+04
  0.80000000E+01  0.30000000E+01  0.00000000E+00  0.00000000E+00  0.10000000E+04  0.00000000E+00  0.12500000E+03  0.00000000E+00  0.69999999E+00  0.10000000E+04
  0.80000000E+01  0.35000000E+01  0.00000000E+00  0.00000000E+00  0.10000000E+04  0.00000000E+00  0.12500000E+03  0.00000000E+00  0.69999999E+00  0.10000000E+04
  0.80000000E+01  0.40000000E+01  0.00000000E+00  0.00000000E+00  0.10000000E+04  0.00000000E+00  0.12500000E+03  0.00000000E+00  0.69999999E+00  0.10000000E+04
  0.82500000E+01 -0.25000000E+00  0.00000000E+00  0.00000000E+00  0.10000000E+04  0.00000000E+00  0.12500000E+03  0.00000000E+00  0.69999999E+00  0.10000000E+04
  0.82500000E+01  0.25000000E+00  0.00000000E+00  0.00000000E+00  0.10000000E+04  0.00000000E+00  0.12500000E+03  0.00000000E+00  0.69999999E+00  0.10000000E+04
  0.82500000E+01  0.75000000E+00  0.00000000E+00  0.00000000E+00  0.10000000E+04  0.00000000E+00  0.12500000E+03  0.00000000E+00  0.69999999E+00  0.10000000E+04
  0.82500000E+01  0.12500000E+01  0.00000000E+00  0.00000000E+00  0.10000000E+04  0.00000000E+00  0.12500000E+03  0.00000000E+00  0.69999999E+00  0.10000000E+04
  0.82500000E+01  0.17500000E+01  0.00000000E+00  0.00000000E+00  0.10000000E+04  0.00000000E+00  0.12500000E+03  0.00000000E+00  0.69999999E+00  0.10000000E+04
  0.82500000E+01  0.22500000E+01  0.00000000E+00  0.00000000E+00  0.10000000E+04  0.00000000E+00  0.12500000E+03  0.00000000E+00  0.69999999E+00  0.10000000E+04
  0.82500000E+01  0.27500000E+01  0.00000000E+00  0.00000000E+00  0.10000000E+04  0.00000000E+00  0.12500000E+03  0.00000000E+00  0.69999999E+00  0.10000000E+04
  0.82500000E+01  0.32500000E+01  0.00000000E+00  0.00000000E+00  0.10000000E+04  0.00000000E+00  0.12500000E+03  0.00000000E+00  0.69999999E+00  0.10000000E+04
  0.82500000E+01  0.37500000E+01  0.00000000E+00  0.00000000E+00  0.10000000E+04  0.00000000E+00  0.12500000E+03  0.00000000E+00  0.69999999E+00  0.10000000E+04
  0.50000000E+00  0.00000000E+00  0.00000000E+00  0.00000000E+00  0.10464469E+04  0.10485674E+06  0.12500000E+03  0.11366891E-01  0.69999999E+00  0.99998639E+03
  0.10000000E+01  0.00000000E+00  0.00000000E+00  0.00000000E+00  0.10717068E+04  0.17484148E+06  0.12500000E+03  0.62620253E-02  0.69999999E+00  0.99999231E+03
  0.15000000E+01  0.00000000E+00  0.00000000E+00  0.00000000E+00  0.10443828E+04  0.99570266E+05  0.12500000E+03  0.20244543E-01  0.69999999E+00  0.99997583E+03
  0.20000000E+01  0.00000000E+00  0.00000000E+00  0.00000000E+00  0.11423708E+04  0.43133844E+06  0.12500000E+03  0.23203088E-01  0.69999999E+00  0.99996973E+03
  0.25000000E+01  0.00000000E+00  0.00000000E+00  0.00000000E+00  0.10519069E+04  0.11914538E+06  0.12500000E+03  0.60584270E-02  0.69999999E+00  0.99999274E+03
  0.30000000E+01  0.00000000E+00  0.00000000E+00  0.00000000E+00  0.10357725E+04  0.78183141E+05  0.12500000E+03  0.77411002E-02  0.69999999E+00  0.99999084E+03
  0.35000000E+01  0.00000000E+00  0.00000000E+00  0.00000000E+00  0.10038944E+04  0.77307607E+04  0.12500000E+03  0.30899637E-02  0.69999999E+00  0.99999646E+03
  0.40000000E+01  0.00000000E+00  0.00000000E+00  0.00000000E+00  0.10000137E+04  0.26898298E+02  0.12500000E+03 -0.68247195E-04  0.69999999E+00  0.10000001E+04
  0.45000000E+01  0.00000000E+00  0.00000000E+00  0.00000000E+00  0.10000000E+04  0.00000000E+00  0.12500000E+03  0.29452491E-40  0.69999999E+00  0.10000000E+04
  0.50000000E+01  0.00000000E+00  0.00000000E+00  0.00000000E+00  0.10000000E+04  0.00000000E+00  0.12500000E+03  0.00000000E+00  0.69999999E+00  0.10000000E+04
  0.55000000E+01  0.00000000E+00  0.00000000E+00  0.00000000E+00  0.10000000E+04  0.00000000E+00  0.12500000E+03  0.00000000E+00  0.69999999E+00  0.10000000E+04
  0.60000000E+01  0.00000000E+00  0.00000000E+00  0.00000000E+00  0.10000000E+04  0.00000000E+00  0.12500000E+03  0.00000000E+00  0.69999999E+00  0.10000000E+04
  0.65000000E+01  0.00000000E+00  0.00000000E+00  0.00000000E+00  0.10000000E+04  0.00000000E+00  0.12500000E+03  0.00000000E+00  0.69999999E+00  0.10000000E+04
  0.70000000E+01  0.00000000E+00  0.00000000E+00  0.00000000E+00  0.10000000E+04  0.00000000E+00  0.12500000E+03  0.00000000E+00  0.69999999E+00  0.10000000E+04
  0.75000000E+01  0.00000000E+00  0.00000000E+00  0.00000000E+00  0.10000000E+04  0.00000000E+00  0.12500000E+03  0.00000000E+00  0.69999999E+00  0.10000000E+04
  0.25000000E+00 -0.25000000E+00  0.00000000E+00  0.00000000E+00  0.10060522E+04  0.12092316E+05  0.12500000E+03  0.31344029E-02  0.69999999E+00  0.99999640E+03
  0.75000000E+00 -0.25000000E+00  0.00000000E+00  0.00000000E+00  0.10269617E+04  0.57375086E+05  0.12500000E+03  0.82166884E-02  0.69999999E+00  0.99999036E+03
  0.12500000E+01 -0.25000000E+00  0.00000000E+00  0.00000000E+00  0.10120925E+04  0.24603684E+05  0.12500000E+03  0.66640303E-02  0.69999999E+00  0.99999231E+03
  0.17500000E+01 -0.25000000E+00  0.00000000E+00  0.00000000E+00  0.10150607E+04  0.30918127E+05  0.12500000E+03  0.10098366E-01  0.69999999E+00  0.99998828E+03
  0.22500000E+01 -0.25000000E+00  0.00000000E+00  0.00000000E+00  0.10018286E+04  0.36075947E+04  0.12500000E+03  0.98742545E-02  0.69999999E+00  0.99998871E+03
  0.27500000E+01 -0.25000000E+00  0.00000000E+00  0.00000000E+00  0.10030911E+04  0.61212627E+04  0.12500000E+03  0.40090755E-02  0.69999999E+00  0.99999542E+03
  0.32500000E+01 -0.25000000E+00  0.00000000E+00  0.00000000E+00  0.10000397E+04  0.77894188E+02  0.12500000E+03  0.27899905E-02  0.69999999E+00  0.99999683E+03
  0.37500000E+01 -0.25000000E+00  0.00000000E+00  0.00000000E+00  0.10000070E+04  0.13565822E+02  0.12500000E+03 -0.15635355E-03  0.69999999E+00  0.10000002E+04
  0.42500000E+01 -0.25000000E+00  0.00000000E+00  0.00000000E+00  0.10000000E+04  0.00000000E+00  0.12500000E+03 -0.12491593E-36  0.69999999E+00  0.10000000E+04
  0.47500000E+01 -0.25000000E+00  0.00000000E+00  0.00000000E+00  0.10000000E+04  0.00000000E+00  0.12500000E+03 -0.51388417E-40  0.69999999E+00  0.10000000E+04
  0.52500000E+01 -0.25000000E+00  0.00000000E+00  0.00000000E+00  0.10000000E+04  0.00000000E+00  0.12500000E+03  0.00000000E+00  0.69999999E+00  0.10000000E+04
  0.57500000E+01 -0.25000000E+00  0.00000000E+00  0.00000000E+00  0.10000000E+04  0.00000000E+00  0.12500000E+03  0.00000000E+00  0.69999999E+00  0.10000000E+04
  0.62500000E+01 -0.25000000E+00  0.00000000E+00  0.00000000E+00  0.10000000E+04  0.00000000E+00  0.12500000E+03  0.00000000E+00  0.69999999E+00  0.10000000E+04
  0.67500000E+01 -0.25000000E+00  0.00000000E+00  0.00000000E+00  0.10000000E+04  0.00000000E+00  0.12500000E+03  0.00000000E+00  0.69999999E+00  0.10000000E+04
  0.72500000E+01 -0.25000000E+00  0.00000000E+00  0.00000000E+00  0.10000000E+04  0.00000000E+00  0.12500000E+03  0.00000000E+00  0.69999999E+00  0.10000000E+04
  0.77500000E+01 -0.25000000E+00  0.00000000E+00  0.00000000E+00  0.10000000E+04  0.00000000E+00  0.12500000E+03  0.00000000E+00  0.69999999E+00  0.10000000E+04
  0.40000000E+01  0.50000000E+00  0.00000000E+00  0.00000000E+00  0.10015197E+04  0.29952400E+04  0.12500000E+03 -0.25606714E-03  0.69999999E+00  0.10000003E+04
  0.37500000E+01  0.25000000E+00  0.00000000E+00  0.00000000E+00  0.10048560E+04  0.96673779E+04  0.12500000E+03 -0.13386686E-02  0.69999999E+00  0.10000015E+04
  0.40000000E+01  0.10000000E+01  0.00000000E+00  0.00000000E+00  0.10044236E+04  0.87951719E+04  0.12500000E+03 -0.11555616E-03  0.69999999E+00  0.10000001E+04
  0.37500000E+01  0.75000000E+00  0.00000000E+00  0.00000000E+00  0.10472261E+04  0.10686859E+06  0.12500000E+03  0.86944504E-03  0.69999999E+00  0.99999896E+03
  0.40000000E+01  0.15000000E+01  0.00000000E+00  0.00000000E+00  0.10008159E+04  0.16046571E+04  0.12500000E+03  0.30345167E-03  0.69999999E+00  0.99999963E+03
  0.37500000E+01  0.12500000E+01  0.00000000E+00  0.00000000E+00  0.10436781E+04  0.97779570E+05  0.12500000E+03  0.72466029E-03  0.69999999E+00  0.99999915E+03
  0.40000000E+01  0.20000000E+01  0.00000000E+00  0.00000000E+00  0.10010637E+04  0.20936599E+04  0.12500000E+03  0.27862261E-03  0.69999999E+00  0.99999969E+03
  0.37500000E+01  0.17500000E+01  0.00000000E+00  0.00000000E+00  0.10242029E+04  0.51076320E+05  0.12500000E+03  0.15207382E-02  0.69999999E+00  0.99999823E+03
  0.45000000E+01  0.50000000E+00  0.00000000E+00  0.00000000E+00  0.10000000E+04  0.00000000E+00  0.12500000E+03  0.15180827E-39  0.69999999E+00  0.10000000E+04
  0.42500000E+01  0.25000000E+00  0.00000000E+00  0.00000000E+00  0.10000018E+04  0.35083482E+01  0.12500000E+03 -0.74084828E-05  0.69999999E+00  0.10000000E+04
  0.45000000E+01  0.10000000E+01  0.00000000E+00  0.00000000E+00  0.10000000E+04  0.00000000E+00  0.12500000E+03  0.00000000E+00  0.69999999E+00  0.10000000E+04
  0.42500000E+01  0.75000000E+00  0.00000000E+00  0.00000000E+00  0.10000944E+04  0.18529227E+03  0.12500000E+03 -0.10442676E-04  0.69999999E+00  0.10000000E+04
  0.45000000E+01  0.15000000E+01  0.00000000E+00  0.00000000E+00  0.10000000E+04  0.00000000E+00  0.12500000E+03 -0.11770907E-42  0.69999999E+00  0.10000000E+04
  0.42500000E+01  0.12500000E+01  0.00000000E+00  0.00000000E+00  0.10000066E+04  0.12864128E+02  0.12500000E+03  0.34267537E-05  0.69999999E+00  0.10000000E+04
  0.45000000E+01  0.20000000E+01  0.00000000E+00  0.00000000E+00  0.10000000E+04  0.00000000E+00  0.12500000E+03  0.11770907E-42  0.69999999E+00  0.10000000E+04
  0.42500000E+01  0.17500000E+01  0.00000000E+00  0.00000000E+00  0.10000031E+04  0.60811610E+01  0.12500000E+03 -0.35628464E-05  0.69999999E+00  0.10000000E+04
  0.50000000E+01  0.50000000E+00  0.00000000E+00  0.00000000E+00  0.10000000E+04  0.00000000E+00  0.12500000E+03  0.00000000E+00  0.69999999E+00  0.10000000E+04
  0.47500000E+01  0.25000000E+00  0.00000000E+00  0.00000000E+00  0.10000000E+04  0.00000000E+00  0.12500000E+03  0.50769043E-40  0.69999999E+00  0.10000000E+04
  0.50000000E+01  0.10000000E+01  0.00000000E+00  0.00000000E+00  0.10000000E+04  0.00000000E+00  0.12500000E+03  0.00000000E+00  0.69999999E+00  0.10000000E+04
  0.47500000E+01  0.75000000E+00  0.00000000E+00  0.00000000E+00  0.10000000E+04  0.00000000E+00  0.12500000E+03  0.00000000E+00  0.69999999E+00  0.10000000E+04
  0.50000000E+01  0.15000000E+01  0.00000000E+00  0.00000000E+00  0.10000000E+04  0.00000000E+00  0.12500000E+03  0.00000000E+00  0.69999999E+00  0.10000000E+04
  0.47500000E+01  0.12500000E+01  0.00000000E+00  0.00000000E+00  0.10000000E+04  0.00000000E+00  0.12500000E+03  0.00000000E+00  0.69999999E+00  0.10000000E+04
  0.50000000E+01  0.20000000E+01  0.00000000E+00  0.00000000E+00  0.10000000E+04  0.00000000E+00  0.12500000E+03  0.00000000E+00  0.69999999E+00  0.10000000E+04
  0.47500000E+01  0.17500000E+01  0.00000000E+00  0.00000000E+00  0.10000000E+04  0.00000000E+00  0.12500000E+03 -0.00000000E+00  0.69999999E+00  0.10000000E+04
  0.25301015E+01  0.87097180E+00 -0.63743579E+00  0.52739948E+00  0.10094238E+04  0.19020615E+05  0.12576698E+03  0.12576674E+03  0.10000000E+01  0.00000000E+00
  0.13118051E+01  0.83570158E+00 -0.10546561E+01 -0.26646453E+00  0.10054163E+04  0.10800969E+05  0.12561582E+03  0.12561256E+03  0.10000000E+01  0.00000000E+00
  0.17204649E+01  0.10129846E+01 -0.28502828E+00  0.90055354E-01  0.10066225E+04  0.13254467E+05  0.12546356E+03  0.12546333E+03  0.10000000E+01  0.00000000E+00
  0.19902558E+01  0.19389184E+01 -0.13140793E+01 -0.64291114E+00  0.99960071E+03 -0.78247217E+03  0.12531018E+03  0.12531027E+03  0.10000000E+01  0.00000000E+00
  0.25892844E+01  0.16714724E+01  0.74433506E+00 -0.13270231E+01  0.10043245E+04  0.85954131E+04  0.12515567E+03  0.12515567E+03  0.10000000E+01  0.00000000E+00
  0.28317709E+01  0.14621844E+01  0.55856305E+00  0.31553525E-01  0.10049643E+04  0.98863232E+04  0.12500000E+03  0.12500000E+03  0.10000000E+01  0.00000000E+00
  0.26795611E+01  0.87819266E+00 -0.34162128E+00 -0.26661932E+00  0.10030528E+04  0.60447900E+04  0.12576698E+03  0.12575487E+03  0.10000000E+01  0.00000000E+00
  0.11417981E+01  0.89201248E+00 -0.63871866E+00 -0.26532304E+00  0.10021304E+04  0.42066328E+04  0.12561582E+03  0.12560624E+03  0.10000000E+01  0.00000000E+00
  0.94175041E+00  0.10680788E+01 -0.37650126E+00 -0.48450017E+00  0.99998407E+03 -0.31222641E+02  0.12546356E+03  0.12546037E+03  0.10000000E+01  0.00000000E+00
  0.24859159E+01  0.13767494E+01  0.33740628E+00 -0.21176109E+00  0.10014692E+04  0.28954148E+04  0.12531018E+03  0.12531038E+03  0.10000000E+01  0.00000000E+00
  0.12960666E+01  0.80717123E+00  0.96552148E-02  0.20500551E+00  0.10052186E+04  0.10400644E+05  0.12515567E+03  0.12515567E+03  0.10000000E+01  0.00000000E+00
  0.69887865E+00  0.78527451E+00 -0.35236156E+00 -0.42358309E+00  0.10104432E+04  0.21142801E+05  0.12500000E+03  0.12500000E+03  0.10000000E+01  0.00000000E+00
  0.19964852E+01  0.11085166E+01 -0.21040067E+00  0.55144072E-01  0.10073388E+04  0.14719562E+05  0.12576698E+03  0.12575644E+03  0.10000000E+01  0.00000000E+00
  0.27421572E+01  0.91225624E+00 -0.16143924E+00 -0.68183911E+00  0.10022977E+04  0.45393989E+04  0.12561582E+03  0.12561089E+03  0.10000000E+01  0.00000000E+00
  0.28981915E+01  0.11333655E+01  0.10000063E+00  0.36539882E+00  0.10108171E+04  0.21924318E+05  0.12546356E+03  0.12546005E+03  0.10000000E+01  0.00000000E+00
  0.22202046E+01  0.15524477E+01 -0.47406662E+00 -0.41343763E-01  0.98640527E+03 -0.25609375E+05  0.12531018E+03  0.12531018E+03  0.10000000E+01  0.00000000E+00
  0.29492021E+01  0.83103287E+00 -0.57611167E-02  0.95558554E-01  0.10087991E+04  0.17726246E+05  0.12515567E+03  0.12515553E+03  0.10000000E+01  0.00000000E+00
  0.18225987E+01  0.14972908E+01 -0.18724450E+01  0.59729707E+00  0.99918103E+03 -0.16028724E+04  0.12500000E+03  0.12499989E+03  0.10000000E+01  0.00000000E+00
  0.81127667E+00  0.11302177E+01  0.21907184E+00  0.76427758E-01  0.10017135E+04  0.33792466E+04  0.12576698E+03  0.12576566E+03  0.10000000E+01  0.00000000E+00
  0.26777954E+01  0.88115466E+00  0.11240799E+01  0.60688809E-01  0.10026652E+04  0.52710430E+04  0.12561582E+03  0.12561227E+03  0.10000000E+01  0.00000000E+00
  0.20268183E+01  0.16474829E+01 -0.22225056E+01 -0.16117408E+01  0.10006230E+04  0.12245887E+04  0.12546356E+03  0.12546202E+03  0.10000000E+01  0.00000000E+00
  0.21895540E+01  0.94904721E+00  0.36254740E+00  0.21588737E-02  0.10090278E+04  0.18199623E+05  0.12531018E+03  0.12530890E+03  0.10000000E+01  0.00000000E+00
  0.10425283E+01  0.14595366E+01  0.78653556E+00 -0.58914113E+00  0.99715631E+03 -0.55319243E+04  0.12515567E+03  0.12515567E+03  0.10000000E+01  0.00000000E+00
  0.17304707E+01  0.94782317E+00 -0.63231713E+00  0.73842782E+00  0.10130618E+04  0.26653535E+05  0.12500000E+03  0.12500012E+03  0.10000000E+01  0.00000000E+00
  0.90629995E+00  0.12835293E+01 -0.32331491E+00 -0.54510880E+00  0.99521332E+03 -0.92576562E+04  0.12561582E+03  0.12561399E+03  0.10000000E+01  0.00000000E+00
  0.19707983E+01  0.20450044E+01 -0.18957109E+01 -0.84479249E+00  0.10003749E+04  0.73640759E+03  0.12531018E+03  0.12531004E+03  0.10000000E+01  0.00000000E+00
  0.26086433E+01  0.19833412E+01 -0.77192640E+00 -0.58203667E+00  0.10002358E+04  0.46295911E+03  0.12500000E+03  0.12500000E+03  0.10000000E+01  0.00000000E+00
