  0.00000000E+00  0.00000000E+00  0.00000000E+00  0.00000000E+00  0.10011742E+04  0.23119343E+04  0.12500000E+03  0.15897835E-02  0.69999999E+00  0.99999817E+03
  0.00000000E+00  0.50000000E+00  0.00000000E+00  0.00000000E+00  0.99529260E+03 -0.91064980E+04  0.12500000E+03  0.88545197E-03  0.69999999E+00  0.99999902E+03
  0.00000000E+00  0.10000000E+01  0.00000000E+00  0.00000000E+00  0.10024746E+04  0.48914888E+04  0.12500000E+03  0.18408797E-02  0.69999999E+00  0.99999786E+03
  0.00000000E+00  0.15000000E+01  0.00000000E+00  0.00000000E+00  0.10384946E+04  0.84830086E+05  0.12500000E+03  0.63932070E-03  0.69999999E+00  0.99999927E+03
  0.00000000E+00  0.20000000E+01  0.00000000E+00  0.00000000E+00  0.10059783E+04  0.11941750E+05  0.12500000E+03 -0.35685973E-03  0.69999999E+00  0.10000004E+04
  0.00000000E+00  0.25000000E+01  0.00000000E+00  0.00000000E+00  0.10002466E+04  0.48403955E+03  0.12500000E+03  0.71152863E-04  0.69999999E+00  0.99999994E+03
  0.00000000E+00  0.30000000E+01  0.00000000E+00  0.00000000E+00  0.10000000E+04  0.00000000E+00  0.12500000E+03  0.00000000E+00  0.69999999E+00  0.10000000E+04
  0.00000000E+00  0.35000000E+01  0.00000000E+00  0.00000000E+00  0.10000000E+04  0.00000000E+00  0.12500000E+03  0.00000000E+00  0.69999999E+00  0.10000000E+04
  0.00000000E+00  0.40000000E+01  0.00000000E+00  0.00000000E+00  0.10000000E+04  0.00000000E+00  0.12500000E+03  0.00000000E+00  0.69999999E+00  0.10000000E+04
 -0.25000000E+00 -0.25000000E+00  0.00000000E+00  0.00000000E+00  0.99983740E+03 -0.31886850E+03  0.12500000E+03  0.50932437E-03  0.69999999E+00  0.99999939E+03
 -0.25000000E+00  0.25000000E+00  0.00000000E+00  0.00000000E+00  0.10033639E+04  0.66668467E+04  0.12500000E+03  0.62085775E-03  0.69999999E+00  0.99999927E+03
 -0.25000000E+00  0.75000000E+00  0.00000000E+00  0.00000000E+00  0.10045227E+04  0.89948086E+04  0.12500000E+03 -0.83658029E-04  0.69999999E+00  0.10000001E+04
 -0.25000000E+00  0.12500000E+01  0.00000000E+00  0.00000000E+00  0.10052660E+04  0.10496457E+05  0.12500000E+03  0.58463000E-03  0.69999999E+00  0.99999933E+03
 -0.25000000E+00  0.17500000E+01  0.00000000E+00  0.00000000E+00  0.10001616E+04  0.31730682E+03  0.12500000E+03 -0.12046425E-03  0.69999999E+00  0.10000001E+04
 -0.25000000E+00  0.22500000E+01  0.00000000E+00  0.00000000E+00  0.10004730E+04  0.92938812E+03  0.12500000E+03 -0.62706749E-04  0.69999999E+00  0.10000001E+04
 -0.25000000E+00  0.27500000E+01  0.00000000E+00  0.00000000E+00  0.10000000E+04  0.00000000E+00  0.12500000E+03  0.00000000E+00  0.69999999E+00  0.10000000E+04
 -0.25000000E+00  0.32500000E+01  0.00000000E+00  0.00000000E+00  0.10000000E+04  0.00000000E+00  0.12500000E+03  0.00000000E+00  0.69999999E+00  0.10000000E+04
 -0.25000000E+00  0.37500000E+01  0.00000000E+00  0.00000000E+00  0.10000000E+04  0.00000000E+00  0.12500000E+03  0.00000000E+00  0.69999999E+00  0.10000000E+04
  0.80000000E+01  0.00000000E+00  0.00000000E+00  0.00000000E+00  0.10000000E+04  0.00000000E+00  0.12500000E+03  0.00000000E+00  0.69999999E+00  0.10000000E+04
  0.80000000E+01  0.50000000E+00  0.00000000E+00  0.00000000E+00  0.10000000E+04  0.00000000E+00  0.12500000E+03  0.00000000E+00  0.69999999E+00  0.10000000E+04
  0.80000000E+01  0.10000000E+01  0.00000000E+00  0.00000000E+00  0.10000000E+04  0.00000000E+00  0.12500000E+03  0.00000000E+00  0.69999999E+00  0.10000000E+04
  0.80000000E+01  0.15000000E+01  0.00000000E+00  0.00000000E+00  0.10000000E+04  0.00000000E+00  0.12500000E+03  0.00000000E+00  0.69999999E+00  0.10000000E+04
  0.80000000E+01  0.20000000E+01  0.00000000E+00  0.00000000E+00  0.10000000E+04  0.00000000E+00  0.12500000E+03  0.00000000E+00  0.69999999E+00  0.10000000E+04
  0.80000000E+01  0.25000000E+01  0.00000000E+00  0.00000000E+00  0.10000000E+04  0.00000000E+00  0.12500000E+03  0.00000000E+00  0.69999999E+00  0.10000000E+04
  0.80000000E+01  0.30000000E+01  0.00000000E+00  0.00000000E+00  0.10000000E+04  0.00000000E+00  0.12500000E+03  0.00000000E+00  0.69999999E+00  0.10000000E+04
  0.80000000E+01  0.35000000E+01  0.00000000E+00  0.00000000E+00  0.10000000E+04  0.00000000E+00  0.12500000E+03  0.00000000E+00  0.69999999E+00  0.10000000E+04
  0.80000000E+01  0.40000000E+01  0.00000000E+00  0.00000000E+00  0.10000000E+04  0.00000000E+00  0.12500000E+03  0.00000000E+00  0.69999999E+00  0.10000000E+04
  0.82500000E+01 -0.25000000E+00  0.00000000E+00  0.00000000E+00  0.10000000E+04  0.00000000E+00  0.12500000E+03  0.00000000E+00  0.69999999E+00  0.10000000E+04
  0.82500000E+01  0.25000000E+00  0.00000000E+00  0.00000000E+00  0.10000000E+04  0.00000000E+00  0.12500000E+03  0.00000000E+00  0.69999999E+00  0.10000000E+04
  0.82500000E+01  0.75000000E+00  0.00000000E+00  0.00000000E+00  0.10000000E+04  0.00000000E+00  0.12500000E+03  0.00000000E+00  0.69999999E+00  0.10000000E+04
  0.82500000E+01  0.12500000E+01  0.00000000E+00  0.00000000E+00  0.10000000E+04  0.00000000E+00  0.12500000E+03  0.00000000E+00  0.69999999E+00  0.10000000E+04
  0.82500000E+01  0.17500000E+01  0.00000000E+00  0.00000000E+00  0.10000000E+04  0.00000000E+00  0.12500000E+03  0.00000000E+00  0.69999999E+00  0.10000000E+04
  0.82500000E+01  0.22500000E+01  0.00000000E+00  0.00000000E+00  0.10000000E+04  0.00000000E+00  0.12500000E+03  0.00000000E+00  0.69999999E+00  0.10000000E+04
  0.82500000E+01  0.27500000E+01  0.00000000E+00  0.00000000E+00  0.10000000E+04  0.00000000E+00  0.12500000E+03  0.00000000E+00  0.69999999E+00  0.10000000E+04
  0.82500000E+01  0.32500000E+01  0.00000000E+00  0.00000000E+00  0.10000000E+04  0.00000000E+00  0.12500000E+03  0.00000000E+00  0.69999999E+00  0.10000000E+04
  0.82500000E+01  0.37500000E+01  0.00000000E+00  0.00000000E+00  0.10000000E+04  0.00000000E+00  0.12500000E+03  0.00000000E+00  0.69999999E+00  0.10000000E+04
  0.50000000E+00  0.00000000E+00  0.00000000E+00  0.00000000E+00  0.99469360E+03 -0.10246921E+05  0.12500000E+03  0.76986826E-02  0.69999999E+00  0.99999127E+03
  0.10000000E+01  0.00000000E+00  0.00000000E+00  0.00000000E+00  0.10163440E+04  0.33682664E+05  0.12500000E+03  0.26179296E-02  0.69999999E+00  0.99999695E+03
  0.15000000E+01  0.00000000E+00  0.00000000E+00  0.00000000E+00  0.10220747E+04  0.46286648E+05  0.12500000E+03  0.12430497E-01  0.69999999E+00  0.99998547E+03
  0.20000000E+01  0.00000000E+00  0.00000000E+00  0.00000000E+00  0.10033551E+04  0.66494258E+04  0.12500000E+03  0.13294473E-01  0.69999999E+00  0.99998474E+03
  0.25000000E+01  0.00000000E+00  0.00000000E+00  0.00000000E+00  0.10062301E+04  0.12454336E+05  0.12500000E+03  0.73391723E-03  0.69999999E+00  0.99999915E+03
  0.30000000E+01  0.00000000E+00  0.00000000E+00  0.00000000E+00  0.10299637E+04  0.64345402E+05  0.12500000E+03  0.22186178E-02  0.69999999E+00  0.99999738E+03
  0.35000000E+01  0.00000000E+00  0.00000000E+00  0.00000000E+00  0.10064719E+04  0.12947026E+05  0.12500000E+03  0.84068923E-03  0.69999999E+00  0.99999902E+03
  0.40000000E+01  0.00000000E+00  0.00000000E+00  0.00000000E+00  0.10000134E+04  0.26430483E+02  0.12500000E+03 -0.27363869E-04  0.69999999E+00  0.10000001E+04
  0.45000000E+01  0.00000000E+00  0.00000000E+00  0.00000000E+00  0.10000000E+04  0.00000000E+00  0.12500000E+03  0.00000000E+00  0.69999999E+00  0.10000000E+04
  0.50000000E+01  0.00000000E+00  0.00000000E+00  0.00000000E+00  0.10000000E+04  0.00000000E+00  0.12500000E+03  0.00000000E+00  0.69999999E+00  0.10000000E+04
  0.55000000E+01  0.00000000E+00  0.00000000E+00  0.00000000E+00  0.10000000E+04  0.00000000E+00  0.12500000E+03  0.00000000E+00  0.69999999E+00  0.10000000E+04
  0.60000000E+01  0.00000000E+00  0.00000000E+00  0.00000000E+00  0.10000000E+04  0.00000000E+00  0.12500000E+03  0.00000000E+00  0.69999999E+00  0.10000000E+04
  0.65000000E+01  0.00000000E+00  0.00000000E+00  0.00000000E+00  0.10000000E+04  0.00000000E+00  0.12500000E+03  0.00000000E+00  0.69999999E+00  0.10000000E+04
  0.70000000E+01  0.00000000E+00  0.00000000E+00  0.00000000E+00  0.10000000E+04  0.00000000E+00  0.12500000E+03  0.00000000E+00  0.69999999E+00  0.10000000E+04
  0.75000000E+01  0.00000000E+00  0.00000000E+00  0.00000000E+00  0.10000000E+04  0.00000000E+00  0.12500000E+03  0.00000000E+00  0.69999999E+00  0.10000000E+04
  0.25000000E+00 -0.25000000E+00  0.00000000E+00  0.00000000E+00  0.10248629E+04  0.52574066E+05  0.12500000E+03  0.24330737E-02  0.69999999E+00  0.99999713E+03
  0.75000000E+00 -0.25000000E+00  0.00000000E+00  0.00000000E+00  0.10087245E+04  0.17571965E+05  0.12500000E+03  0.56845951E-02  0.69999999E+00  0.99999347E+03
  0.12500000E+01 -0.25000000E+00  0.00000000E+00  0.00000000E+00  0.10057053E+04  0.11387338E+05  0.12500000E+03  0.43480052E-02  0.69999999E+00  0.99999500E+03
  0.17500000E+01 -0.25000000E+00  0.00000000E+00  0.00000000E+00  0.10020424E+04  0.40318508E+04  0.12500000E+03  0.64667696E-02  0.69999999E+00  0.99999261E+03
  0.22500000E+01 -0.25000000E+00  0.00000000E+00  0.00000000E+00  0.10144059E+04  0.29515539E+05  0.12500000E+03  0.55853007E-02  0.69999999E+00  0.99999353E+03
  0.27500000E+01 -0.25000000E+00  0.00000000E+00  0.00000000E+00  0.10016827E+04  0.33182859E+04  0.12500000E+03  0.78270037E-03  0.69999999E+00  0.99999908E+03
  0.32500000E+01 -0.25000000E+00  0.00000000E+00  0.00000000E+00  0.10051417E+04  0.10245035E+05  0.12500000E+03  0.95671898E-03  0.69999999E+00  0.99999890E+03
  0.37500000E+01 -0.25000000E+00  0.00000000E+00  0.00000000E+00  0.10000013E+04  0.25727851E+01  0.12500000E+03 -0.59664068E-04  0.69999999E+00  0.10000001E+04
  0.42500000E+01 -0.25000000E+00  0.00000000E+00  0.00000000E+00  0.10000000E+04  0.00000000E+00  0.12500000E+03 -0.18553192E-41  0.69999999E+00  0.10000000E+04
  0.47500000E+01 -0.25000000E+00  0.00000000E+00  0.00000000E+00  0.10000000E+04  0.00000000E+00  0.12500000E+03  0.00000000E+00  0.69999999E+00  0.10000000E+04
  0.52500000E+01 -0.25000000E+00  0.00000000E+00  0.00000000E+00  0.10000000E+04  0.00000000E+00  0.12500000E+03  0.00000000E+00  0.69999999E+00  0.10000000E+04
  0.57500000E+01 -0.25000000E+00  0.00000000E+00  0.00000000E+00  0.10000000E+04  0.00000000E+00  0.12500000E+03  0.00000000E+00  0.69999999E+00  0.10000000E+04
  0.62500000E+01 -0.25000000E+00  0.00000000E+00  0.00000000E+00  0.10000000E+04  0.00000000E+00  0.12500000E+03  0.00000000E+00  0.69999999E+00  0.10000000E+04
  0.67500000E+01 -0.25000000E+00  0.00000000E+00  0.00000000E+00  0.10000000E+04  0.00000000E+00  0.12500000E+03  0.00000000E+00  0.69999999E+00  0.10000000E+04
  0.72500000E+01 -0.25000000E+00  0.00000000E+00  0.00000000E+00  0.10000000E+04  0.00000000E+00  0.12500000E+03  0.00000000E+00  0.69999999E+00  0.10000000E+04
  0.77500000E+01 -0.25000000E+00  0.00000000E+00  0.00000000E+00  0.10000000E+04  0.00000000E+00  0.12500000E+03  0.00000000E+00  0.69999999E+00  0.10000000E+04
  0.40000000E+01  0.50000000E+00  0.00000000E+00  0.00000000E+00  0.10001864E+04  0.36600647E+03  0.12500000E+03 -0.85723936E-04  0.69999999E+00  0.10000001E+04
  0.37500000E+01  0.25000000E+00  0.00000000E+00  0.00000000E+00  0.10047745E+04  0.95029609E+04  0.12500000E+03 -0.34870801E-03  0.69999999E+00  0.10000004E+04
  0.40000000E+01  0.10000000E+01  0.00000000E+00  0.00000000E+00  0.10005518E+04  0.10842297E+04  0.12500000E+03 -0.14975117E-04  0.69999999E+00  0.10000000E+04
  0.37500000E+01  0.75000000E+00  0.00000000E+00  0.00000000E+00  0.10126891E+04  0.25864066E+05  0.12500000E+03  0.28722000E-03  0.69999999E+00  0.99999969E+03
  0.40000000E+01  0.15000000E+01  0.00000000E+00  0.00000000E+00  0.10009701E+04  0.19089342E+04  0.12500000E+03  0.13292846E-03  0.69999999E+00  0.99999988E+03
  0.37500000E+01  0.12500000E+01  0.00000000E+00  0.00000000E+00  0.10258262E+04  0.54770379E+05  0.12500000E+03  0.36347276E-03  0.69999999E+00  0.99999957E+03
  0.40000000E+01  0.20000000E+01  0.00000000E+00  0.00000000E+00  0.10000315E+04  0.61752430E+02  0.12500000E+03  0.24166562E-04  0.69999999E+00  0.10000000E+04
  0.37500000E+01  0.17500000E+01  0.00000000E+00  0.00000000E+00  0.10147916E+04  0.30341164E+05  0.12500000E+03  0.39443921E-03  0.69999999E+00  0.99999957E+03
  0.45000000E+01  0.50000000E+00  0.00000000E+00  0.00000000E+00  0.10000000E+04  0.00000000E+00  0.12500000E+03  0.00000000E+00  0.69999999E+00  0.10000000E+04
  0.42500000E+01  0.25000000E+00  0.00000000E+00  0.00000000E+00  0.10000018E+04  0.35083482E+01  0.12500000E+03 -0.74084828E-05  0.69999999E+00  0.10000000E+04
  0.45000000E+01  0.10000000E+01  0.00000000E+00  0.00000000E+00  0.10000000E+04  0.00000000E+00  0.12500000E+03  0.00000000E+00  0.69999999E+00  0.10000000E+04
  0.42500000E+01  0.75000000E+00  0.00000000E+00  0.00000000E+00  0.10000936E+04  0.18365413E+03  0.12500000E+03 -0.58616174E-05  0.69999999E+00  0.10000000E+04
  0.45000000E+01  0.15000000E+01  0.00000000E+00  0.00000000E+00  0.10000000E+04  0.00000000E+00  0.12500000E+03  0.00000000E+00  0.69999999E+00  0.10000000E+04
  0.42500000E+01  0.12500000E+01  0.00000000E+00  0.00000000E+00  0.10000045E+04  0.88878889E+01  0.12500000E+03  0.12300108E-04  0.69999999E+00  0.10000000E+04
  0.45000000E+01  0.20000000E+01  0.00000000E+00  0.00000000E+00  0.10000000E+04  0.00000000E+00  0.12500000E+03  0.00000000E+00  0.69999999E+00  0.10000000E+04
  0.42500000E+01  0.17500000E+01  0.00000000E+00  0.00000000E+00  0.10000000E+04  0.00000000E+00  0.12500000E+03  0.00000000E+00  0.69999999E+00  0.10000000E+04
  0.50000000E+01  0.50000000E+00  0.00000000E+00  0.00000000E+00  0.10000000E+04  0.00000000E+00  0.12500000E+03  0.00000000E+00  0.69999999E+00  0.10000000E+04
  0.47500000E+01  0.25000000E+00  0.00000000E+00  0.00000000E+00  0.10000000E+04  0.00000000E+00  0.12500000E+03  0.00000000E+00  0.69999999E+00  0.10000000E+04
  0.50000000E+01  0.10000000E+01  0.00000000E+00  0.00000000E+00  0.10000000E+04  0.00000000E+00  0.12500000E+03  0.00000000E+00  0.69999999E+00  0.10000000E+04
  0.47500000E+01  0.75000000E+00  0.00000000E+00  0.00000000E+00  0.10000000E+04  0.00000000E+00  0.12500000E+03  0.00000000E+00  0.69999999E+00  0.10000000E+04
  0.50000000E+01  0.15000000E+01  0.00000000E+00  0.00000000E+00  0.10000000E+04  0.00000000E+00  0.12500000E+03  0.00000000E+00  0.69999999E+00  0.10000000E+04
  0.47500000E+01  0.12500000E+01  0.00000000E+00  0.00000000E+00  0.10000000E+04  0.00000000E+00  0.12500000E+03  0.00000000E+00  0.69999999E+00  0.10000000E+04
  0.50000000E+01  0.20000000E+01  0.00000000E+00  0.00000000E+00  0.10000000E+04  0.00000000E+00  0.12500000E+03  0.00000000E+00  0.69999999E+00  0.10000000E+04
  0.47500000E+01  0.17500000E+01  0.00000000E+00  0.00000000E+00  0.10000000E+04  0.00000000E+00  0.12500000E+03  0.00000000E+00  0.69999999E+00  0.10000000E+04
  0.79275751E+00  0.26163059E+00  0.17294748E+01  0.37042403E+00  0.99081091E+03 -0.17539488E+05  0.12576698E+03  0.12576698E+03  0.10000000E+01  0.00000000E+00
  0.79272652E+00  0.64458513E+00  0.43014479E+00 -0.70854932E-01  0.10066712E+04  0.13353763E+05  0.12561582E+03  0.12561256E+03  0.10000000E+01  0.00000000E+00
  0.75521803E+00  0.85377491E+00  0.76179788E-01  0.26616997E+00  0.10082971E+04  0.16689734E+05  0.12546356E+03  0.12546356E+03  0.10000000E+01  0.00000000E+00
  0.87927061E+00  0.11792680E+01  0.50843412E+00  0.11708050E+01  0.10031465E+04  0.62320723E+04  0.12531018E+03  0.12531018E+03  0.10000000E+01  0.00000000E+00
  0.95239747E+00  0.12287502E+01 -0.47798693E+00  0.92407358E+00  0.10048861E+04  0.97283027E+04  0.12515567E+03  0.12515567E+03  0.10000000E+01  0.00000000E+00
  0.19939542E+01  0.13309348E+01  0.88846827E+00 -0.84730637E+00  0.99976917E+03 -0.45261179E+03  0.12500000E+03  0.12500000E+03  0.10000000E+01  0.00000000E+00
  0.13452456E+01  0.23085007E+00  0.92327252E-01  0.66954076E-01  0.98126758E+03 -0.34750895E+05  0.12576698E+03  0.12575693E+03  0.10000000E+01  0.00000000E+00
  0.10130297E+01  0.52899116E+00  0.35704190E+00  0.44603384E+00  0.10021791E+04  0.43035366E+04  0.12561582E+03  0.12560703E+03  0.10000000E+01  0.00000000E+00
  0.13652148E+01  0.58414197E+00 -0.16287583E+00  0.56590897E+00  0.10033484E+04  0.66360625E+04  0.12546356E+03  0.12546065E+03  0.10000000E+01  0.00000000E+00
  0.86797726E+00  0.93355680E+00 -0.65827447E+00  0.14637208E+00  0.10071458E+04  0.14324142E+05  0.12531018E+03  0.12531018E+03  0.10000000E+01  0.00000000E+00
  0.15007353E+01  0.84639943E+00 -0.66698784E+00  0.53605223E+00  0.10088617E+04  0.17855689E+05  0.12515567E+03  0.12515567E+03  0.10000000E+01  0.00000000E+00
  0.11777865E+01  0.12934160E+01 -0.43421465E+00  0.91025579E+00  0.10063908E+04  0.12781745E+05  0.12500000E+03  0.12500000E+03  0.10000000E+01  0.00000000E+00
  0.19562140E+01  0.30898848E+00 -0.49141955E-01  0.17746364E+00  0.98998010E+03 -0.19077867E+05  0.12576698E+03  0.12575819E+03  0.10000000E+01  0.00000000E+00
  0.20139353E+01  0.51903892E+00  0.12589425E+01 -0.34491318E+00  0.10011442E+04  0.22525833E+04  0.12561582E+03  0.12561089E+03  0.10000000E+01  0.00000000E+00
  0.25087752E+01  0.55643845E+00  0.52069090E-02  0.48723409E+00  0.10073397E+04  0.14721518E+05  0.12546356E+03  0.12546095E+03  0.10000000E+01  0.00000000E+00
  0.20893595E+01  0.79863954E+00  0.96047044E+00 -0.18636957E+00  0.10052819E+04  0.10528562E+05  0.12531018E+03  0.12531018E+03  0.10000000E+01  0.00000000E+00
  0.26235766E+01  0.86485779E+00  0.13121974E+01 -0.14252981E+01  0.10094238E+04  0.19020615E+05  0.12515567E+03  0.12515567E+03  0.10000000E+01  0.00000000E+00
  0.20356381E+01  0.13362904E+01  0.41551742E+00 -0.95186162E+00  0.99968091E+03 -0.62540405E+03  0.12500000E+03  0.12500000E+03  0.10000000E+01  0.00000000E+00
  0.17165706E+01  0.50295770E+00 -0.45913404E+00 -0.18824425E+00  0.99766962E+03 -0.45403311E+04  0.12576698E+03  0.12576678E+03  0.10000000E+01  0.00000000E+00
  0.21784711E+01  0.72413689E+00 -0.76779187E+00  0.29273126E-01  0.10070906E+04  0.14211144E+05  0.12561582E+03  0.12561221E+03  0.10000000E+01  0.00000000E+00
  0.28282256E+01  0.74287796E+00  0.10453737E+01 -0.30850232E+00  0.10051223E+04  0.10205723E+05  0.12546356E+03  0.12546202E+03  0.10000000E+01  0.00000000E+00
  0.27338929E+01  0.59053147E+00  0.77309394E+00  0.70134974E+00  0.10043782E+04  0.87036816E+04  0.12531018E+03  0.12530896E+03  0.10000000E+01  0.00000000E+00
  0.27482176E+01  0.13512001E+01 -0.75633049E+00 -0.25079149E+00  0.10026812E+04  0.53031279E+04  0.12515567E+03  0.12515567E+03  0.10000000E+01  0.00000000E+00
  0.28399086E+01  0.13375196E+01  0.85475695E+00 -0.54798687E+00  0.10025932E+04  0.51275312E+04  0.12500000E+03  0.12500000E+03  0.10000000E+01  0.00000000E+00
  0.17616017E+01  0.11126146E+01 -0.15699270E+01 -0.12814374E+01  0.10060591E+04  0.12106141E+05  0.12561582E+03  0.12561399E+03  0.10000000E+01  0.00000000E+00
  0.29056497E+01  0.13025910E+01 -0.23335181E-02  0.11290327E+00  0.10036440E+04  0.72281421E+04  0.12531018E+03  0.12531018E+03  0.10000000E+01  0.00000000E+00
  0.20005622E+01  0.16717827E+01 -0.99844563E+00 -0.11927315E+01  0.99896338E+03 -0.20275812E+04  0.12500000E+03  0.12500000E+03  0.10000000E+01  0.00000000E+00
