  0.00000000E+00  0.00000000E+00  0.00000000E+00  0.00000000E+00  0.10008536E+04  0.16791719E+04  0.12500000E+03  0.21068796E-02  0.69999999E+00  0.99999762E+03
  0.00000000E+00  0.50000000E+00  0.00000000E+00  0.00000000E+00  0.10212092E+04  0.44355844E+05  0.12500000E+03  0.20605191E-02  0.69999999E+00  0.99999762E+03
  0.00000000E+00  0.10000000E+01  0.00000000E+00  0.00000000E+00  0.10247905E+04  0.52409594E+05  0.12500000E+03  0.28933433E-02  0.69999999E+00  0.99999658E+03
  0.00000000E+00  0.15000000E+01  0.00000000E+00  0.00000000E+00  0.10113683E+04  0.23079826E+05  0.12500000E+03  0.10050372E-02  0.69999999E+00  0.99999884E+03
  0.00000000E+00  0.20000000E+01  0.00000000E+00  0.00000000E+00  0.10231960E+04  0.48803086E+05  0.12500000E+03 -0.10854155E-02  0.69999999E+00  0.10000013E+04
  0.00000000E+00  0.25000000E+01  0.00000000E+00  0.00000000E+00  0.10031945E+04  0.63278984E+04  0.12500000E+03  0.31900074E-03  0.69999999E+00  0.99999963E+03
  0.00000000E+00  0.30000000E+01  0.00000000E+00  0.00000000E+00  0.10000000E+04  0.00000000E+00  0.12500000E+03  0.60528782E-05  0.69999999E+00  0.10000000E+04
  0.00000000E+00  0.35000000E+01  0.00000000E+00  0.00000000E+00  0.10000000E+04  0.00000000E+00  0.12500000E+03  0.00000000E+00  0.69999999E+00  0.10000000E+04
  0.00000000E+00  0.40000000E+01  0.00000000E+00  0.00000000E+00  0.10000000E+04  0.00000000E+00  0.12500000E+03  0.00000000E+00  0.69999999E+00  0.10000000E+04
 -0.25000000E+00 -0.25000000E+00  0.00000000E+00  0.00000000E+00  0.10006414E+04  0.12607445E+04  0.12500000E+03  0.52005530E-03  0.69999999E+00  0.99999939E+03
 -0.25000000E+00  0.25000000E+00  0.00000000E+00  0.00000000E+00  0.10011165E+04  0.21979521E+04  0.12500000E+03  0.87398960E-03  0.69999999E+00  0.99999902E+03
 -0.25000000E+00  0.75000000E+00  0.00000000E+00  0.00000000E+00  0.10110872E+04  0.22490105E+05  0.12500000E+03  0.18794127E-03  0.69999999E+00  0.99999976E+03
 -0.25000000E+00  0.12500000E+01  0.00000000E+00  0.00000000E+00  0.10041401E+04  0.82245420E+04  0.12500000E+03  0.93429262E-03  0.69999999E+00  0.99999890E+03
 -0.25000000E+00  0.17500000E+01  0.00000000E+00  0.00000000E+00  0.10012571E+04  0.24756763E+04  0.12500000E+03 -0.28086873E-03  0.69999999E+00  0.10000003E+04
 -0.25000000E+00  0.22500000E+01  0.00000000E+00  0.00000000E+00  0.10012463E+04  0.24544675E+04  0.12500000E+03 -0.14747313E-03  0.69999999E+00  0.10000002E+04
 -0.25000000E+00  0.27500000E+01  0.00000000E+00  0.00000000E+00  0.10000000E+04  0.00000000E+00  0.12500000E+03  0.00000000E+00  0.69999999E+00  0.10000000E+04
 -0.25000000E+00  0.32500000E+01  0.00000000E+00  0.00000000E+00  0.10000000E+04  0.00000000E+00  0.12500000E+03  0.00000000E+00  0.69999999E+00  0.10000000E+04
 -0.25000000E+00  0.37500000E+01  0.00000000E+00  0.00000000E+00  0.10000000E+04  0.00000000E+00  0.12500000E+03  0.00000000E+00  0.69999999E+00  0.10000000E+04
  0.80000000E+01  0.00000000E+00  0.00000000E+00  0.00000000E+00  0.10000000E+04  0.00000000E+00  0.12500000E+03  0.00000000E+00  0.69999999E+00  0.10000000E+04
  0.80000000E+01  0.50000000E+00  0.00000000E+00  0.00000000E+00  0.10000000E+04  0.00000000E+00  0.12500000E+03  0.00000000E+00  0.69999999E+00  0.10000000E+04
  0.80000000E+01  0.10000000E+01  0.00000000E+00  0.00000000E+00  0.10000000E+04  0.00000000E+00  0.12500000E+03  0.00000000E+00  0.69999999E+00  0.10000000E+04
  0.80000000E+01  0.15000000E+01  0.00000000E+00  0.00000000E+00  0.10000000E+04  0.00000000E+00  0.12500000E+03  0.00000000E+00  0.69999999E+00  0.10000000E+04
  0.80000000E+01  0.20000000E+01  0.00000000E+00  0.00000000E+00  0.10000000E+04  0.00000000E+00  0.12500000E+03  0.00000000E+00  0.69999999E+00  0.10000000E+04
  0.80000000E+01  0.25000000E+01  0.00000000E+00  0.00000000E+00  0.10000000E+04  0.00000000E+00  0.12500000E+03  0.00000000E+00  0.69999999E+00  0.10000000E+04
  0.80000000E+01  0.30000000E+01  0.00000000E+00  0.00000000E+00  0.10000000E+04  0.00000000E+00  0.12500000E+03  0.00000000E+00  0.69999999E+00  0.10000000E+04
  0.80000000E+01  0.35000000E+01  0.00000000E+00  0.00000000E+00  0.10000000E+04  0.00000000E+00  0.12500000E+03  0.00000000E+00  0.69999999E+00  0.10000000E+04
  0.80000000E+01  0.40000000E+01  0.00000000E+00  0.00000000E+00  0.10000000E+04  0.00000000E+00  0.12500000E+03  0.00000000E+00  0.69999999E+00  0.10000000E+04
  0.82500000E+01 -0.25000000E+00  0.00000000E+00  0.00000000E+00  0.10000000E+04  0.00000000E+00  0.12500000E+03  0.00000000E+00  0.69999999E+00  0.10000000E+04
  0.82500000E+01  0.25000000E+00  0.00000000E+00  0.00000000E+00  0.10000000E+04  0.00000000E+00  0.12500000E+03  0.00000000E+00  0.69999999E+00  0.10000000E+04
  0.82500000E+01  0.75000000E+00  0.00000000E+00  0.00000000E+00  0.10000000E+04  0.00000000E+00  0.12500000E+03  0.00000000E+00  0.69999999E+00  0.10000000E+04
  0.82500000E+01  0.12500000E+01  0.00000000E+00  0.00000000E+00  0.10000000E+04  0.00000000E+00  0.12500000E+03  0.00000000E+00  0.69999999E+00  0.10000000E+04
  0.82500000E+01  0.17500000E+01  0.00000000E+00  0.00000000E+00  0.10000000E+04  0.00000000E+00  0.12500000E+03  0.00000000E+00  0.69999999E+00  0.10000000E+04
  0.82500000E+01  0.22500000E+01  0.00000000E+00  0.00000000E+00  0.10000000E+04  0.00000000E+00  0.12500000E+03  0.00000000E+00  0.69999999E+00  0.10000000E+04
  0.82500000E+01  0.27500000E+01  0.00000000E+00  0.00000000E+00  0.10000000E+04  0.00000000E+00  0.12500000E+03  0.00000000E+00  0.69999999E+00  0.10000000E+04
  0.82500000E+01  0.32500000E+01  0.00000000E+00  0.00000000E+00  0.10000000E+04  0.00000000E+00  0.12500000E+03  0.00000000E+00  0.69999999E+00  0.10000000E+04
  0.82500000E+01  0.37500000E+01  0.00000000E+00  0.00000000E+00  0.10000000E+04  0.00000000E+00  0.12500000E+03  0.00000000E+00  0.69999999E+00  0.10000000E+04
  0.50000000E+00  0.00000000E+00  0.00000000E+00  0.00000000E+00  0.10302982E+04  0.65129648E+05  0.12500000E+03  0.10295970E-01  0.69999999E+00  0.99998785E+03
  0.10000000E+01  0.00000000E+00  0.00000000E+00  0.00000000E+00  0.10593860E+04  0.13945453E+06  0.12500000E+03  0.51283077E-02  0.69999999E+00  0.99999377E+03
  0.15000000E+01  0.00000000E+00  0.00000000E+00  0.00000000E+00  0.10311462E+04  0.67124789E+05  0.12500000E+03  0.18413555E-01  0.69999999E+00  0.99997833E+03
  0.20000000E+01  0.00000000E+00  0.00000000E+00  0.00000000E+00  0.11419529E+04  0.42951794E+06  0.12500000E+03  0.20824505E-01  0.69999999E+00  0.99997284E+03
  0.25000000E+01  0.00000000E+00  0.00000000E+00  0.00000000E+00  0.10286942E+04  0.61383000E+05  0.12500000E+03  0.41501238E-02  0.69999999E+00  0.99999512E+03
  0.30000000E+01  0.00000000E+00  0.00000000E+00  0.00000000E+00  0.10329868E+04  0.71488703E+05  0.12500000E+03  0.59104422E-02  0.69999999E+00  0.99999304E+03
  0.35000000E+01  0.00000000E+00  0.00000000E+00  0.00000000E+00  0.10055613E+04  0.11094873E+05  0.12500000E+03  0.22670820E-02  0.69999999E+00  0.99999738E+03
  0.40000000E+01  0.00000000E+00  0.00000000E+00  0.00000000E+00  0.10000137E+04  0.26898298E+02  0.12500000E+03 -0.68247195E-04  0.69999999E+00  0.10000001E+04
  0.45000000E+01  0.00000000E+00  0.00000000E+00  0.00000000E+00  0.10000000E+04  0.00000000E+00  0.12500000E+03  0.42683551E-41  0.69999999E+00  0.10000000E+04
  0.50000000E+01  0.00000000E+00  0.00000000E+00  0.00000000E+00  0.10000000E+04  0.00000000E+00  0.12500000E+03 -0.00000000E+00  0.69999999E+00  0.10000000E+04
  0.55000000E+01  0.00000000E+00  0.00000000E+00  0.00000000E+00  0.10000000E+04  0.00000000E+00  0.12500000E+03  0.00000000E+00  0.69999999E+00  0.10000000E+04
  0.60000000E+01  0.00000000E+00  0.00000000E+00  0.00000000E+00  0.10000000E+04  0.00000000E+00  0.12500000E+03  0.00000000E+00  0.69999999E+00  0.10000000E+04
  0.65000000E+01  0.00000000E+00  0.00000000E+00  0.00000000E+00  0.10000000E+04  0.00000000E+00  0.12500000E+03  0.00000000E+00  0.69999999E+00  0.10000000E+04
  0.70000000E+01  0.00000000E+00  0.00000000E+00  0.00000000E+00  0.10000000E+04  0.00000000E+00  0.12500000E+03  0.00000000E+00  0.69999999E+00  0.10000000E+04
  0.75000000E+01  0.00000000E+00  0.00000000E+00  0.00000000E+00  0.10000000E+04  0.00000000E+00  0.12500000E+03  0.00000000E+00  0.69999999E+00  0.10000000E+04
  0.25000000E+00 -0.25000000E+00  0.00000000E+00  0.00000000E+00  0.10053286E+04  0.10623444E+05  0.12500000E+03  0.29662387E-02  0.69999999E+00  0.99999658E+03
  0.75000000E+00 -0.25000000E+00  0.00000000E+00  0.00000000E+00  0.10238435E+04  0.50263469E+05  0.12500000E+03  0.75861313E-02  0.69999999E+00  0.99999115E+03
  0.12500000E+01 -0.25000000E+00  0.00000000E+00  0.00000000E+00  0.10126520E+04  0.25785367E+05  0.12500000E+03  0.60430719E-02  0.69999999E+00  0.99999298E+03
  0.17500000E+01 -0.25000000E+00  0.00000000E+00  0.00000000E+00  0.10161718E+04  0.33310359E+05  0.12500000E+03  0.93691517E-02  0.69999999E+00  0.99998914E+03
  0.22500000E+01 -0.25000000E+00  0.00000000E+00  0.00000000E+00  0.10020266E+04  0.40003621E+04  0.12500000E+03  0.87295361E-02  0.69999999E+00  0.99998999E+03
  0.27500000E+01 -0.25000000E+00  0.00000000E+00  0.00000000E+00  0.10052963E+04  0.10557771E+05  0.12500000E+03  0.28095681E-02  0.69999999E+00  0.99999677E+03
  0.32500000E+01 -0.25000000E+00  0.00000000E+00  0.00000000E+00  0.10006661E+04  0.13095845E+04  0.12500000E+03  0.22161547E-02  0.69999999E+00  0.99999744E+03
  0.37500000E+01 -0.25000000E+00  0.00000000E+00  0.00000000E+00  0.10000070E+04  0.13565822E+02  0.12500000E+03 -0.15635355E-03  0.69999999E+00  0.10000002E+04
  0.42500000E+01 -0.25000000E+00  0.00000000E+00  0.00000000E+00  0.10000000E+04  0.00000000E+00  0.12500000E+03 -0.12357269E-37  0.69999999E+00  0.10000000E+04
  0.47500000E+01 -0.25000000E+00  0.00000000E+00  0.00000000E+00  0.10000000E+04  0.00000000E+00  0.12500000E+03 -0.41814746E-41  0.69999999E+00  0.10000000E+04
  0.52500000E+01 -0.25000000E+00  0.00000000E+00  0.00000000E+00  0.10000000E+04  0.00000000E+00  0.12500000E+03  0.00000000E+00  0.69999999E+00  0.10000000E+04
  0.57500000E+01 -0.25000000E+00  0.00000000E+00  0.00000000E+00  0.10000000E+04  0.00000000E+00  0.12500000E+03  0.00000000E+00  0.69999999E+00  0.10000000E+04
  0.62500000E+01 -0.25000000E+00  0.00000000E+00  0.00000000E+00  0.10000000E+04  0.00000000E+00  0.12500000E+03  0.00000000E+00  0.69999999E+00  0.10000000E+04
  0.67500000E+01 -0.25000000E+00  0.00000000E+00  0.00000000E+00  0.10000000E+04  0.00000000E+00  0.12500000E+03  0.00000000E+00  0.69999999E+00  0.10000000E+04
  0.72500000E+01 -0.25000000E+00  0.00000000E+00  0.00000000E+00  0.10000000E+04  0.00000000E+00  0.12500000E+03  0.00000000E+00  0.69999999E+00  0.10000000E+04
  0.77500000E+01 -0.25000000E+00  0.00000000E+00  0.00000000E+00  0.10000000E+04  0.00000000E+00  0.12500000E+03  0.00000000E+00  0.69999999E+00  0.10000000E+04
  0.40000000E+01  0.50000000E+00  0.00000000E+00  0.00000000E+00  0.10014497E+04  0.28567197E+04  0.12500000E+03 -0.21815258E-03  0.69999999E+00  0.10000002E+04
  0.37500000E+01  0.25000000E+00  0.00000000E+00  0.00000000E+00  0.10054857E+04  0.10941847E+05  0.12500000E+03 -0.99515170E-03  0.69999999E+00  0.10000012E+04
  0.40000000E+01  0.10000000E+01  0.00000000E+00  0.00000000E+00  0.10050486E+04  0.10056713E+05  0.12500000E+03 -0.81815189E-04  0.69999999E+00  0.10000001E+04
  0.37500000E+01  0.75000000E+00  0.00000000E+00  0.00000000E+00  0.10577373E+04  0.13490330E+06  0.12500000E+03  0.77032158E-03  0.69999999E+00  0.99999908E+03
  0.40000000E+01  0.15000000E+01  0.00000000E+00  0.00000000E+00  0.10003676E+04  0.72187415E+03  0.12500000E+03  0.24019054E-03  0.69999999E+00  0.99999976E+03
  0.37500000E+01  0.12500000E+01  0.00000000E+00  0.00000000E+00  0.10420314E+04  0.93623898E+05  0.12500000E+03  0.53598761E-03  0.69999999E+00  0.99999939E+03
  0.40000000E+01  0.20000000E+01  0.00000000E+00  0.00000000E+00  0.10001637E+04  0.32128680E+03  0.12500000E+03  0.22078383E-03  0.69999999E+00  0.99999976E+03
  0.37500000E+01  0.17500000E+01  0.00000000E+00  0.00000000E+00  0.10223396E+04  0.46879555E+05  0.12500000E+03  0.12023626E-02  0.69999999E+00  0.99999860E+03
  0.45000000E+01  0.50000000E+00  0.00000000E+00  0.00000000E+00  0.10000000E+04  0.00000000E+00  0.12500000E+03  0.12877933E-40  0.69999999E+00  0.10000000E+04
  0.42500000E+01  0.25000000E+00  0.00000000E+00  0.00000000E+00  0.10000018E+04  0.35083482E+01  0.12500000E+03 -0.74084828E-05  0.69999999E+00  0.10000000E+04
  0.45000000E+01  0.10000000E+01  0.00000000E+00  0.00000000E+00  0.10000000E+04  0.00000000E+00  0.12500000E+03 -0.00000000E+00  0.69999999E+00  0.10000000E+04
  0.42500000E+01  0.75000000E+00  0.00000000E+00  0.00000000E+00  0.10000944E+04  0.18529227E+03  0.12500000E+03 -0.75637886E-05  0.69999999E+00  0.10000000E+04
  0.45000000E+01  0.15000000E+01  0.00000000E+00  0.00000000E+00  0.10000000E+04  0.00000000E+00  0.12500000E+03  0.00000000E+00  0.69999999E+00  0.10000000E+04
  0.42500000E+01  0.12500000E+01  0.00000000E+00  0.00000000E+00  0.10000066E+04  0.12864128E+02  0.12500000E+03  0.34267537E-05  0.69999999E+00  0.10000000E+04
  0.45000000E+01  0.20000000E+01  0.00000000E+00  0.00000000E+00  0.10000000E+04  0.00000000E+00  0.12500000E+03  0.00000000E+00  0.69999999E+00  0.10000000E+04
  0.42500000E+01  0.17500000E+01  0.00000000E+00  0.00000000E+00  0.10000031E+04  0.60811610E+01  0.12500000E+03  0.28991612E-05  0.69999999E+00  0.10000000E+04
  0.50000000E+01  0.50000000E+00  0.00000000E+00  0.00000000E+00  0.10000000E+04  0.00000000E+00  0.12500000E+03  0.00000000E+00  0.69999999E+00  0.10000000E+04
  0.47500000E+01  0.25000000E+00  0.00000000E+00  0.00000000E+00  0.10000000E+04  0.00000000E+00  0.12500000E+03  0.41310279E-41  0.69999999E+00  0.10000000E+04
  0.50000000E+01  0.10000000E+01  0.00000000E+00  0.00000000E+00  0.10000000E+04  0.00000000E+00  0.12500000E+03  0.00000000E+00  0.69999999E+00  0.10000000E+04
  0.47500000E+01  0.75000000E+00  0.00000000E+00  0.00000000E+00  0.10000000E+04  0.00000000E+00  0.12500000E+03  0.00000000E+00  0.69999999E+00  0.10000000E+04
  0.50000000E+01  0.15000000E+01  0.00000000E+00  0.00000000E+00  0.10000000E+04  0.00000000E+00  0.12500000E+03 -0.00000000E+00  0.69999999E+00  0.10000000E+04
  0.47500000E+01  0.12500000E+01  0.00000000E+00  0.00000000E+00  0.10000000E+04  0.00000000E+00  0.12500000E+03 -0.00000000E+00  0.69999999E+00  0.10000000E+04
  0.50000000E+01  0.20000000E+01  0.00000000E+00  0.00000000E+00  0.10000000E+04  0.00000000E+00  0.12500000E+03  0.00000000E+00  0.69999999E+00  0.10000000E+04
  0.47500000E+01  0.17500000E+01  0.00000000E+00  0.00000000E+00  0.10000000E+04  0.00000000E+00  0.12500000E+03  0.00000000E+00  0.69999999E+00  0.10000000E+04
  0.27304609E+01  0.97067881E+00  0.58533621E+00 -0.34338194E+00  0.99790021E+03 -0.40939692E+04  0.12576698E+03  0.12576674E+03  0.10000000E+01  0.00000000E+00
  0.13170594E+01  0.10764173E+01  0.56084502E+00  0.44051200E-01  0.10134268E+04  0.27428529E+05  0.12561582E+03  0.12561256E+03  0.10000000E+01  0.00000000E+00
  0.11889193E+01  0.15856386E+01  0.18182673E+01  0.10804893E+00  0.98930939E+03 -0.20314166E+05  0.12546356E+03  0.12546333E+03  0.10000000E+01  0.00000000E+00
  0.16731254E+01  0.16581477E+01  0.19289532E+01 -0.12166525E+01  0.10098031E+04  0.19808574E+05  0.12531018E+03  0.12531027E+03  0.10000000E+01  0.00000000E+00
  0.22832155E+01  0.15336558E+01  0.13375621E+01  0.52998133E-01  0.10008524E+04  0.16768210E+04  0.12515567E+03  0.12515567E+03  0.10000000E+01  0.00000000E+00
  0.27632365E+01  0.15045977E+01  0.17734923E+01 -0.92040765E+00  0.99182025E+03 -0.15660125E+05  0.12500000E+03  0.12500000E+03  0.10000000E+01  0.00000000E+00
  0.26088562E+01  0.93603575E+00 -0.69176391E-01 -0.10447042E+01  0.10048929E+04  0.97417891E+04  0.12576698E+03  0.12575494E+03  0.10000000E+01  0.00000000E+00
  0.11286548E+01  0.10342491E+01  0.13242528E+00  0.21437716E+00  0.10191979E+04  0.39906469E+05  0.12561582E+03  0.12560624E+03  0.10000000E+01  0.00000000E+00
  0.10503361E+01  0.14433300E+01  0.14085570E+00 -0.10582600E+01  0.10127255E+04  0.25941018E+05  0.12546356E+03  0.12546037E+03  0.10000000E+01  0.00000000E+00
  0.24222076E+01  0.13186258E+01  0.21243298E+00  0.47456250E-01  0.99354260E+03 -0.12426587E+05  0.12531018E+03  0.12531038E+03  0.10000000E+01  0.00000000E+00
  0.10161306E+01  0.96489155E+00  0.85542339E+00 -0.10707745E+00  0.10006337E+04  0.12457183E+04  0.12515567E+03  0.12515567E+03  0.10000000E+01  0.00000000E+00
  0.68378091E+00  0.91338992E+00  0.19777086E+00  0.11464789E+01  0.10225082E+04  0.47257340E+05  0.12500000E+03  0.12500000E+03  0.10000000E+01  0.00000000E+00
  0.19165776E+01  0.10287896E+01  0.59082389E+00 -0.13185532E+01  0.99937427E+03 -0.12253793E+04  0.12576698E+03  0.12575644E+03  0.10000000E+01  0.00000000E+00
  0.23157980E+01  0.93633878E+00  0.15421140E+01 -0.79764247E+00  0.10063475E+04  0.12693304E+05  0.12561582E+03  0.12561089E+03  0.10000000E+01  0.00000000E+00
  0.27082672E+01  0.77293634E+00  0.31614712E+00 -0.34814811E+00  0.10018931E+04  0.37355479E+04  0.12546356E+03  0.12546005E+03  0.10000000E+01  0.00000000E+00
  0.20540583E+01  0.10600809E+01 -0.24714363E+00  0.20904775E+01  0.99179120E+03 -0.15714444E+05  0.12531018E+03  0.12531018E+03  0.10000000E+01  0.00000000E+00
  0.29133983E+01  0.80669177E+00  0.10019740E+01  0.79115725E+00  0.10031206E+04  0.61803564E+04  0.12515567E+03  0.12515553E+03  0.10000000E+01  0.00000000E+00
  0.12970390E+01  0.18052351E+01  0.20924296E+01 -0.92274308E+00  0.10059849E+04  0.11955325E+05  0.12500000E+03  0.12499989E+03  0.10000000E+01  0.00000000E+00
  0.88548958E+00  0.10291804E+01  0.29543209E+00  0.78303331E+00  0.10072327E+04  0.14502135E+05  0.12576698E+03  0.12576566E+03  0.10000000E+01  0.00000000E+00
  0.23016872E+01  0.92327607E+00  0.13859690E+01 -0.65106797E+00  0.10087873E+04  0.17701842E+05  0.12561582E+03  0.12561221E+03  0.10000000E+01  0.00000000E+00
  0.28912592E+01  0.11266072E+01  0.44531900E+00  0.12535338E+01  0.10018818E+04  0.37128391E+04  0.12546356E+03  0.12546202E+03  0.10000000E+01  0.00000000E+00
  0.17354672E+01  0.10696373E+01  0.21115267E+01 -0.18820430E+00  0.10319603E+04  0.69049281E+05  0.12531018E+03  0.12530890E+03  0.10000000E+01  0.00000000E+00
  0.93505645E+00  0.17811236E+01  0.52817804E+00 -0.94853640E+00  0.10072726E+04  0.14583960E+05  0.12515567E+03  0.12515567E+03  0.10000000E+01  0.00000000E+00
  0.12699223E+01  0.79334724E+00  0.11307495E+01  0.24749458E+00  0.10153536E+04  0.31547260E+05  0.12500000E+03  0.12500012E+03  0.10000000E+01  0.00000000E+00
  0.13900297E+01  0.17296724E+01 -0.36910918E+00  0.68896435E-01  0.10087591E+04  0.17643674E+05  0.12561582E+03  0.12561399E+03  0.10000000E+01  0.00000000E+00
  0.27477446E+01  0.16789200E+01 -0.12110127E+01  0.16867540E+01  0.99614850E+03 -0.74698369E+04  0.12531018E+03  0.12531004E+03  0.10000000E+01  0.00000000E+00
  0.22731616E+01  0.18272061E+01  0.22439313E+01  0.97456586E+00  0.10050060E+04  0.99706641E+04  0.12500000E+03  0.12500000E+03  0.10000000E+01  0.00000000E+00
