  0.00000000E+00  0.00000000E+00  0.00000000E+00  0.00000000E+00  0.10015623E+04  0.30795132E+04  0.12500000E+03  0.20058544E-02  0.69999999E+00  0.99999768E+03
  0.00000000E+00  0.50000000E+00  0.00000000E+00  0.00000000E+00  0.10123649E+04  0.25178551E+05  0.12500000E+03  0.17086596E-02  0.69999999E+00  0.99999805E+03
  0.00000000E+00  0.10000000E+01  0.00000000E+00  0.00000000E+00  0.10238759E+04  0.50336484E+05  0.12500000E+03  0.25484550E-02  0.69999999E+00  0.99999701E+03
  0.00000000E+00  0.15000000E+01  0.00000000E+00  0.00000000E+00  0.10354010E+04  0.77284211E+05  0.12500000E+03  0.91512094E-03  0.69999999E+00  0.99999890E+03
  0.00000000E+00  0.20000000E+01  0.00000000E+00  0.00000000E+00  0.10157780E+04  0.32460758E+05  0.12500000E+03 -0.82853914E-03  0.69999999E+00  0.10000010E+04
  0.00000000E+00  0.25000000E+01  0.00000000E+00  0.00000000E+00  0.10001819E+04  0.35710889E+03  0.12500000E+03  0.16063309E-03  0.69999999E+00  0.99999982E+03
  0.00000000E+00  0.30000000E+01  0.00000000E+00  0.00000000E+00  0.10000000E+04  0.00000000E+00  0.12500000E+03  0.00000000E+00  0.69999999E+00  0.10000000E+04
  0.00000000E+00  0.35000000E+01  0.00000000E+00  0.00000000E+00  0.10000000E+04  0.00000000E+00  0.12500000E+03  0.00000000E+00  0.69999999E+00  0.10000000E+04
  0.00000000E+00  0.40000000E+01  0.00000000E+00  0.00000000E+00  0.10000000E+04  0.00000000E+00  0.12500000E+03  0.00000000E+00  0.69999999E+00  0.10000000E+04
 -0.25000000E+00 -0.25000000E+00  0.00000000E+00  0.00000000E+00  0.10006414E+04  0.12607445E+04  0.12500000E+03  0.52005530E-03  0.69999999E+00  0.99999939E+03
 -0.25000000E+00  0.25000000E+00  0.00000000E+00  0.00000000E+00  0.10007650E+04  0.15043120E+04  0.12500000E+03  0.80793008E-03  0.69999999E+00  0.99999908E+03
 -0.25000000E+00  0.75000000E+00  0.00000000E+00  0.00000000E+00  0.10024098E+04  0.47623774E+04  0.12500000E+03  0.84855150E-04  0.69999999E+00  0.99999988E+03
 -0.25000000E+00  0.12500000E+01  0.00000000E+00  0.00000000E+00  0.99993555E+03 -0.12639237E+03  0.12500000E+03  0.82734838E-03  0.69999999E+00  0.99999908E+03
 -0.25000000E+00  0.17500000E+01  0.00000000E+00  0.00000000E+00  0.10007705E+04  0.15151206E+04  0.12500000E+03 -0.24605735E-03  0.69999999E+00  0.10000003E+04
 -0.25000000E+00  0.22500000E+01  0.00000000E+00  0.00000000E+00  0.10004747E+04  0.93267188E+03  0.12500000E+03 -0.90573652E-04  0.69999999E+00  0.10000001E+04
 -0.25000000E+00  0.27500000E+01  0.00000000E+00  0.00000000E+00  0.10000000E+04  0.00000000E+00  0.12500000E+03  0.00000000E+00  0.69999999E+00  0.10000000E+04
 -0.25000000E+00  0.32500000E+01  0.00000000E+00  0.00000000E+00  0.10000000E+04  0.00000000E+00  0.12500000E+03  0.00000000E+00  0.69999999E+00  0.10000000E+04
 -0.25000000E+00  0.37500000E+01  0.00000000E+00  0.00000000E+00  0.10000000E+04  0.00000000E+00  0.12500000E+03  0.00000000E+00  0.69999999E+00  0.10000000E+04
  0.80000000E+01  0.00000000E+00  0.00000000E+00  0.00000000E+00  0.10000000E+04  0.00000000E+00  0.12500000E+03  0.00000000E+00  0.69999999E+00  0.10000000E+04
  0.80000000E+01  0.50000000E+00  0.00000000E+00  0.00000000E+00  0.10000000E+04  0.00000000E+00  0.12500000E+03  0.00000000E+00  0.69999999E+00  0.10000000E+04
  0.80000000E+01  0.10000000E+01  0.00000000E+00  0.00000000E+00  0.10000000E+04  0.00000000E+00  0.12500000E+03  0.00000000E+00  0.69999999E+00  0.10000000E+04
  0.80000000E+01  0.15000000E+01  0.00000000E+00  0.00000000E+00  0.10000000E+04  0.00000000E+00  0.12500000E+03  0.00000000E+00  0.69999999E+00  0.10000000E+04
  0.80000000E+01  0.20000000E+01  0.00000000E+00  0.00000000E+00  0.10000000E+04  0.00000000E+00  0.12500000E+03  0.00000000E+00  0.69999999E+00  0.10000000E+04
  0.80000000E+01  0.25000000E+01  0.00000000E+00  0.00000000E+00  0.10000000E+04  0.00000000E+00  0.12500000E+03  0.00000000E+00  0.69999999E+00  0.10000000E+04
  0.80000000E+01  0.30000000E+01  0.00000000E+00  0.00000000E+00  0.10000000E+04  0.00000000E+00  0.12500000E+03  0.00000000E+00  0.69999999E+00  0.10000000E+04
  0.80000000E+01  0.35000000E+01  0.00000000E+00  0.00000000E+00  0.10000000E+04  0.00000000E+00  0.12500000E+03  0.00000000E+00  0.69999999E+00  0.10000000E+04
  0.80000000E+01  0.40000000E+01  0.00000000E+00  0.00000000E+00  0.10000000E+04  0.00000000E+00  0.12500000E+03  0.00000000E+00  0.69999999E+00  0.10000000E+04
  0.82500000E+01 -0.25000000E+00  0.00000000E+00  0.00000000E+00  0.10000000E+04  0.00000000E+00  0.12500000E+03  0.00000000E+00  0.69999999E+00  0.10000000E+04
  0.82500000E+01  0.25000000E+00  0.00000000E+00  0.00000000E+00  0.10000000E+04  0.00000000E+00  0.12500000E+03  0.00000000E+00  0.69999999E+00  0.10000000E+04
  0.82500000E+01  0.75000000E+00  0.00000000E+00  0.00000000E+00  0.10000000E+04  0.00000000E+00  0.12500000E+03  0.00000000E+00  0.69999999E+00  0.10000000E+04
  0.82500000E+01  0.12500000E+01  0.00000000E+00  0.00000000E+00  0.10000000E+04  0.00000000E+00  0.12500000E+03  0.00000000E+00  0.69999999E+00  0.10000000E+04
  0.82500000E+01  0.17500000E+01  0.00000000E+00  0.00000000E+00  0.10000000E+04  0.00000000E+00  0.12500000E+03  0.00000000E+00  0.69999999E+00  0.10000000E+04
  0.82500000E+01  0.22500000E+01  0.00000000E+00  0.00000000E+00  0.10000000E+04  0.00000000E+00  0.12500000E+03  0.00000000E+00  0.69999999E+00  0.10000000E+04
  0.82500000E+01  0.27500000E+01  0.00000000E+00  0.00000000E+00  0.10000000E+04  0.00000000E+00  0.12500000E+03  0.00000000E+00  0.69999999E+00  0.10000000E+04
  0.82500000E+01  0.32500000E+01  0.00000000E+00  0.00000000E+00  0.10000000E+04  0.00000000E+00  0.12500000E+03  0.00000000E+00  0.69999999E+00  0.10000000E+04
  0.82500000E+01  0.37500000E+01  0.00000000E+00  0.00000000E+00  0.10000000E+04  0.00000000E+00  0.12500000E+03  0.00000000E+00  0.69999999E+00  0.10000000E+04
  0.50000000E+00  0.00000000E+00  0.00000000E+00  0.00000000E+00  0.10549293E+04  0.12724905E+06  0.12500000E+03  0.96795019E-02  0.69999999E+00  0.99998834E+03
  0.10000000E+01  0.00000000E+00  0.00000000E+00  0.00000000E+00  0.10700198E+04  0.16984997E+06  0.12500000E+03  0.45129084E-02  0.69999999E+00  0.99999451E+03
  0.15000000E+01  0.00000000E+00  0.00000000E+00  0.00000000E+00  0.10295361E+04  0.63345102E+05  0.12500000E+03  0.17419413E-01  0.69999999E+00  0.99997949E+03
  0.20000000E+01  0.00000000E+00  0.00000000E+00  0.00000000E+00  0.11707021E+04  0.56445950E+06  0.12500000E+03  0.19510930E-01  0.69999999E+00  0.99997388E+03
  0.25000000E+01  0.00000000E+00  0.00000000E+00  0.00000000E+00  0.10411621E+04  0.91445914E+05  0.12500000E+03  0.31791893E-02  0.69999999E+00  0.99999622E+03
  0.30000000E+01  0.00000000E+00  0.00000000E+00  0.00000000E+00  0.10476256E+04  0.10790385E+06  0.12500000E+03  0.50229207E-02  0.69999999E+00  0.99999396E+03
  0.35000000E+01  0.00000000E+00  0.00000000E+00  0.00000000E+00  0.10061196E+04  0.12229363E+05  0.12500000E+03  0.19076841E-02  0.69999999E+00  0.99999780E+03
  0.40000000E+01  0.00000000E+00  0.00000000E+00  0.00000000E+00  0.10000137E+04  0.26898298E+02  0.12500000E+03 -0.68247195E-04  0.69999999E+00  0.10000001E+04
  0.45000000E+01  0.00000000E+00  0.00000000E+00  0.00000000E+00  0.10000000E+04  0.00000000E+00  0.12500000E+03  0.98371152E-42  0.69999999E+00  0.10000000E+04
  0.50000000E+01  0.00000000E+00  0.00000000E+00  0.00000000E+00  0.10000000E+04  0.00000000E+00  0.12500000E+03 -0.00000000E+00  0.69999999E+00  0.10000000E+04
  0.55000000E+01  0.00000000E+00  0.00000000E+00  0.00000000E+00  0.10000000E+04  0.00000000E+00  0.12500000E+03  0.00000000E+00  0.69999999E+00  0.10000000E+04
  0.60000000E+01  0.00000000E+00  0.00000000E+00  0.00000000E+00  0.10000000E+04  0.00000000E+00  0.12500000E+03  0.00000000E+00  0.69999999E+00  0.10000000E+04
  0.65000000E+01  0.00000000E+00  0.00000000E+00  0.00000000E+00  0.10000000E+04  0.00000000E+00  0.12500000E+03  0.00000000E+00  0.69999999E+00  0.10000000E+04
  0.70000000E+01  0.00000000E+00  0.00000000E+00  0.00000000E+00  0.10000000E+04  0.00000000E+00  0.12500000E+03  0.00000000E+00  0.69999999E+00  0.10000000E+04
  0.75000000E+01  0.00000000E+00  0.00000000E+00  0.00000000E+00  0.10000000E+04  0.00000000E+00  0.12500000E+03  0.00000000E+00  0.69999999E+00  0.10000000E+04
  0.25000000E+00 -0.25000000E+00  0.00000000E+00  0.00000000E+00  0.10059390E+04  0.11862009E+05  0.12500000E+03  0.28566476E-02  0.69999999E+00  0.99999670E+03
  0.75000000E+00 -0.25000000E+00  0.00000000E+00  0.00000000E+00  0.10304089E+04  0.65389629E+05  0.12500000E+03  0.72667622E-02  0.69999999E+00  0.99999146E+03
  0.12500000E+01 -0.25000000E+00  0.00000000E+00  0.00000000E+00  0.10118708E+04  0.24136676E+05  0.12500000E+03  0.59035616E-02  0.69999999E+00  0.99999316E+03
  0.17500000E+01 -0.25000000E+00  0.00000000E+00  0.00000000E+00  0.10173318E+04  0.35825148E+05  0.12500000E+03  0.90070274E-02  0.69999999E+00  0.99998950E+03
  0.22500000E+01 -0.25000000E+00  0.00000000E+00  0.00000000E+00  0.10008778E+04  0.17268984E+04  0.12500000E+03  0.80805812E-02  0.69999999E+00  0.99999078E+03
  0.27500000E+01 -0.25000000E+00  0.00000000E+00  0.00000000E+00  0.10039636E+04  0.78696455E+04  0.12500000E+03  0.22479782E-02  0.69999999E+00  0.99999744E+03
  0.32500000E+01 -0.25000000E+00  0.00000000E+00  0.00000000E+00  0.10009604E+04  0.18898793E+04  0.12500000E+03  0.19359570E-02  0.69999999E+00  0.99999780E+03
  0.37500000E+01 -0.25000000E+00  0.00000000E+00  0.00000000E+00  0.10000070E+04  0.13565822E+02  0.12500000E+03 -0.15635355E-03  0.69999999E+00  0.10000002E+04
  0.42500000E+01 -0.25000000E+00  0.00000000E+00  0.00000000E+00  0.10000000E+04  0.00000000E+00  0.12500000E+03 -0.27053328E-38  0.69999999E+00  0.10000000E+04
  0.47500000E+01 -0.25000000E+00  0.00000000E+00  0.00000000E+00  0.10000000E+04  0.00000000E+00  0.12500000E+03 -0.84077908E-42  0.69999999E+00  0.10000000E+04
  0.52500000E+01 -0.25000000E+00  0.00000000E+00  0.00000000E+00  0.10000000E+04  0.00000000E+00  0.12500000E+03  0.00000000E+00  0.69999999E+00  0.10000000E+04
  0.57500000E+01 -0.25000000E+00  0.00000000E+00  0.00000000E+00  0.10000000E+04  0.00000000E+00  0.12500000E+03  0.00000000E+00  0.69999999E+00  0.10000000E+04
  0.62500000E+01 -0.25000000E+00  0.00000000E+00  0.00000000E+00  0.10000000E+04  0.00000000E+00  0.12500000E+03  0.00000000E+00  0.69999999E+00  0.10000000E+04
  0.67500000E+01 -0.25000000E+00  0.00000000E+00  0.00000000E+00  0.10000000E+04  0.00000000E+00  0.12500000E+03  0.00000000E+00  0.69999999E+00  0.10000000E+04
  0.72500000E+01 -0.25000000E+00  0.00000000E+00  0.00000000E+00  0.10000000E+04  0.00000000E+00  0.12500000E+03  0.00000000E+00  0.69999999E+00  0.10000000E+04
  0.77500000E+01 -0.25000000E+00  0.00000000E+00  0.00000000E+00  0.10000000E+04  0.00000000E+00  0.12500000E+03  0.00000000E+00  0.69999999E+00  0.10000000E+04
  0.40000000E+01  0.50000000E+00  0.00000000E+00  0.00000000E+00  0.10010265E+04  0.20202278E+04  0.12500000E+03 -0.20095402E-03  0.69999999E+00  0.10000002E+04
  0.37500000E+01  0.25000000E+00  0.00000000E+00  0.00000000E+00  0.10046819E+04  0.93157715E+04  0.12500000E+03 -0.84785343E-03  0.69999999E+00  0.10000010E+04
  0.40000000E+01  0.10000000E+01  0.00000000E+00  0.00000000E+00  0.10040555E+04  0.80543555E+04  0.12500000E+03 -0.80874539E-04  0.69999999E+00  0.10000001E+04
  0.37500000E+01  0.75000000E+00  0.00000000E+00  0.00000000E+00  0.10508037E+04  0.11622234E+06  0.12500000E+03  0.72398328E-03  0.69999999E+00  0.99999915E+03
  0.40000000E+01  0.15000000E+01  0.00000000E+00  0.00000000E+00  0.10008010E+04  0.15752789E+04  0.12500000E+03  0.19923894E-03  0.69999999E+00  0.99999976E+03
  0.37500000E+01  0.12500000E+01  0.00000000E+00  0.00000000E+00  0.10308339E+04  0.66388578E+05  0.12500000E+03  0.36155636E-03  0.69999999E+00  0.99999957E+03
  0.40000000E+01  0.20000000E+01  0.00000000E+00  0.00000000E+00  0.10001676E+04  0.32901282E+03  0.12500000E+03  0.19164399E-03  0.69999999E+00  0.99999976E+03
  0.37500000E+01  0.17500000E+01  0.00000000E+00  0.00000000E+00  0.10190447E+04  0.39569488E+05  0.12500000E+03  0.10541424E-02  0.69999999E+00  0.99999878E+03
  0.45000000E+01  0.50000000E+00  0.00000000E+00  0.00000000E+00  0.10000000E+04  0.00000000E+00  0.12500000E+03  0.30632384E-41  0.69999999E+00  0.10000000E+04
  0.42500000E+01  0.25000000E+00  0.00000000E+00  0.00000000E+00  0.10000018E+04  0.35083482E+01  0.12500000E+03 -0.74084828E-05  0.69999999E+00  0.10000000E+04
  0.45000000E+01  0.10000000E+01  0.00000000E+00  0.00000000E+00  0.10000000E+04  0.00000000E+00  0.12500000E+03 -0.00000000E+00  0.69999999E+00  0.10000000E+04
  0.42500000E+01  0.75000000E+00  0.00000000E+00  0.00000000E+00  0.10000944E+04  0.18529227E+03  0.12500000E+03 -0.75637886E-05  0.69999999E+00  0.10000000E+04
  0.45000000E+01  0.15000000E+01  0.00000000E+00  0.00000000E+00  0.10000000E+04  0.00000000E+00  0.12500000E+03  0.00000000E+00  0.69999999E+00  0.10000000E+04
  0.42500000E+01  0.12500000E+01  0.00000000E+00  0.00000000E+00  0.10000066E+04  0.12864128E+02  0.12500000E+03  0.34267537E-05  0.69999999E+00  0.10000000E+04
  0.45000000E+01  0.20000000E+01  0.00000000E+00  0.00000000E+00  0.10000000E+04  0.00000000E+00  0.12500000E+03  0.00000000E+00  0.69999999E+00  0.10000000E+04
  0.42500000E+01  0.17500000E+01  0.00000000E+00  0.00000000E+00  0.10000031E+04  0.60811610E+01  0.12500000E+03  0.28991612E-05  0.69999999E+00  0.10000000E+04
  0.50000000E+01  0.50000000E+00  0.00000000E+00  0.00000000E+00  0.10000000E+04  0.00000000E+00  0.12500000E+03  0.00000000E+00  0.69999999E+00  0.10000000E+04
  0.47500000E+01  0.25000000E+00  0.00000000E+00  0.00000000E+00  0.10000000E+04  0.00000000E+00  0.12500000E+03  0.82956869E-42  0.69999999E+00  0.10000000E+04
  0.50000000E+01  0.10000000E+01  0.00000000E+00  0.00000000E+00  0.10000000E+04  0.00000000E+00  0.12500000E+03  0.00000000E+00  0.69999999E+00  0.10000000E+04
  0.47500000E+01  0.75000000E+00  0.00000000E+00  0.00000000E+00  0.10000000E+04  0.00000000E+00  0.12500000E+03  0.00000000E+00  0.69999999E+00  0.10000000E+04
  0.50000000E+01  0.15000000E+01  0.00000000E+00  0.00000000E+00  0.10000000E+04  0.00000000E+00  0.12500000E+03 -0.00000000E+00  0.69999999E+00  0.10000000E+04
  0.47500000E+01  0.12500000E+01  0.00000000E+00  0.00000000E+00  0.10000000E+04  0.00000000E+00  0.12500000E+03 -0.00000000E+00  0.69999999E+00  0.10000000E+04
  0.50000000E+01  0.20000000E+01  0.00000000E+00  0.00000000E+00  0.10000000E+04  0.00000000E+00  0.12500000E+03  0.00000000E+00  0.69999999E+00  0.10000000E+04
  0.47500000E+01  0.17500000E+01  0.00000000E+00  0.00000000E+00  0.10000000E+04  0.00000000E+00  0.12500000E+03  0.00000000E+00  0.69999999E+00  0.10000000E+04
  0.25183599E+01  0.92108107E+00  0.53467840E-01  0.84500216E-01  0.10000970E+04  0.19044078E+03  0.12576698E+03  0.12576674E+03  0.10000000E+01  0.00000000E+00
  0.12984322E+01  0.10891682E+01 -0.64826298E+00  0.69411808E+00  0.10099533E+04  0.20121178E+05  0.12561582E+03  0.12561256E+03  0.10000000E+01  0.00000000E+00
  0.82316387E+00  0.11281940E+01  0.34653857E+00  0.15327127E+01  0.10159166E+04  0.32759680E+05  0.12546356E+03  0.12546333E+03  0.10000000E+01  0.00000000E+00
  0.88983858E+00  0.16001383E+01  0.80535042E+00  0.37380548E+01  0.10108696E+04  0.22034359E+05  0.12531018E+03  0.12531018E+03  0.10000000E+01  0.00000000E+00
  0.16243021E+01  0.17627393E+01  0.17037523E+01 -0.19521520E+01  0.10046575E+04  0.92667061E+04  0.12515567E+03  0.12515567E+03  0.10000000E+01  0.00000000E+00
  0.22437458E+01  0.16475770E+01  0.79048119E-01 -0.79059476E+00  0.99902344E+03 -0.19104115E+04  0.12500000E+03  0.12500000E+03  0.10000000E+01  0.00000000E+00
  0.23804302E+01  0.10287490E+01 -0.35675818E+00 -0.98843610E+00  0.99948889E+03 -0.10012612E+04  0.12576698E+03  0.12575494E+03  0.10000000E+01  0.00000000E+00
  0.12288474E+01  0.10623972E+01 -0.90627658E+00  0.67248869E+00  0.10112377E+04  0.22805602E+05  0.12561582E+03  0.12560624E+03  0.10000000E+01  0.00000000E+00
  0.11384037E+01  0.14564340E+01 -0.11986783E+01  0.72698975E+00  0.10109329E+04  0.22166900E+05  0.12546356E+03  0.12546037E+03  0.10000000E+01  0.00000000E+00
  0.21593230E+01  0.14839867E+01  0.41345441E+00 -0.81644559E+00  0.99991907E+03 -0.15877182E+03  0.12531018E+03  0.12531038E+03  0.10000000E+01  0.00000000E+00
  0.85019386E+00  0.10792121E+01  0.45602632E+00  0.42042643E+00  0.10158803E+04  0.32681520E+05  0.12515567E+03  0.12515567E+03  0.10000000E+01  0.00000000E+00
  0.83733952E+00  0.71764171E+00  0.16289809E+00  0.12899789E+01  0.10275679E+04  0.58772727E+05  0.12500000E+03  0.12500000E+03  0.10000000E+01  0.00000000E+00
  0.19088001E+01  0.11639171E+01 -0.15118558E+01 -0.22459030E+01  0.99831384E+03 -0.32915500E+04  0.12576698E+03  0.12575644E+03  0.10000000E+01  0.00000000E+00
  0.22481272E+01  0.13374926E+01 -0.10160422E+01 -0.77608830E+00  0.99945807E+03 -0.10615306E+04  0.12561582E+03  0.12561089E+03  0.10000000E+01  0.00000000E+00
  0.27177939E+01  0.87422562E+00 -0.23956215E+00 -0.27981448E+00  0.10006367E+04  0.12515878E+04  0.12546356E+03  0.12546005E+03  0.10000000E+01  0.00000000E+00
  0.22989032E+01  0.82981110E+00 -0.11371205E+01  0.11371607E+01  0.10083382E+04  0.16774537E+05  0.12531018E+03  0.12531018E+03  0.10000000E+01  0.00000000E+00
  0.28411536E+01  0.78007984E+00  0.72960839E-01 -0.17794108E+00  0.99955573E+03 -0.87054193E+03  0.12515567E+03  0.12515553E+03  0.10000000E+01  0.00000000E+00
  0.96872962E+00  0.16862257E+01 -0.19658735E+01 -0.14618009E-01  0.10126827E+04  0.25850445E+05  0.12500000E+03  0.12500000E+03  0.10000000E+01  0.00000000E+00
  0.90895283E+00  0.93294752E+00 -0.69107711E+00  0.16080674E+01  0.10183672E+04  0.38083965E+05  0.12576698E+03  0.12576566E+03  0.10000000E+01  0.00000000E+00
  0.22311292E+01  0.13383498E+01 -0.11424022E+01 -0.79595065E+00  0.99938220E+03 -0.12098835E+04  0.12561582E+03  0.12561221E+03  0.10000000E+01  0.00000000E+00
  0.27400947E+01  0.78204715E+00  0.71227396E+00  0.12126915E+01  0.99996802E+03 -0.62793068E+02  0.12546356E+03  0.12546202E+03  0.10000000E+01  0.00000000E+00
  0.15577626E+01  0.10265045E+01  0.21794015E+00 -0.42987534E+00  0.10050779E+04  0.10115778E+05  0.12531018E+03  0.12530890E+03  0.10000000E+01  0.00000000E+00
  0.12884552E+01  0.20487046E+01 -0.24567859E+01 -0.43886489E+00  0.99743079E+03 -0.50020815E+04  0.12515567E+03  0.12515567E+03  0.10000000E+01  0.00000000E+00
  0.18181443E+01  0.88298047E+00 -0.14188337E+00 -0.20135581E+01  0.10018876E+04  0.37246663E+04  0.12500000E+03  0.12500012E+03  0.10000000E+01  0.00000000E+00
  0.15025845E+01  0.16654608E+01 -0.82665843E+00 -0.29851335E+00  0.10066868E+04  0.13385650E+05  0.12561582E+03  0.12561399E+03  0.10000000E+01  0.00000000E+00
  0.28110600E+01  0.13062391E+01 -0.72034530E-01 -0.10277153E+01  0.10094568E+04  0.19089160E+05  0.12531018E+03  0.12531004E+03  0.10000000E+01  0.00000000E+00
  0.13143673E+01  0.21913109E+01  0.21716630E+01 -0.24194941E-02  0.98640350E+03 -0.25612500E+05  0.12500000E+03  0.12500000E+03  0.10000000E+01  0.00000000E+00
