  0.00000000E+00  0.00000000E+00  0.00000000E+00  0.00000000E+00  0.10016527E+04  0.32587539E+04  0.12500000E+03  0.25493514E-02  0.69999999E+00  0.99999707E+03
  0.00000000E+00  0.50000000E+00  0.00000000E+00  0.00000000E+00  0.10144827E+04  0.29679697E+05  0.12500000E+03  0.35168878E-02  0.69999999E+00  0.99999591E+03
  0.00000000E+00  0.10000000E+01  0.00000000E+00  0.00000000E+00  0.10198395E+04  0.41320062E+05  0.12500000E+03  0.38903945E-02  0.69999999E+00  0.99999548E+03
  0.00000000E+00  0.15000000E+01  0.00000000E+00  0.00000000E+00  0.10331515E+04  0.71881609E+05  0.12500000E+03  0.13925305E-02  0.69999999E+00  0.99999835E+03
  0.00000000E+00  0.20000000E+01  0.00000000E+00  0.00000000E+00  0.10194963E+04  0.40563223E+05  0.12500000E+03 -0.18623313E-02  0.69999999E+00  0.10000022E+04
  0.00000000E+00  0.25000000E+01  0.00000000E+00  0.00000000E+00  0.10034469E+04  0.68332266E+04  0.12500000E+03  0.51974104E-03  0.69999999E+00  0.99999939E+03
  0.00000000E+00  0.30000000E+01  0.00000000E+00  0.00000000E+00  0.10000026E+04  0.51455903E+01  0.12500000E+03  0.38292605E-04  0.69999999E+00  0.99999994E+03
  0.00000000E+00  0.35000000E+01  0.00000000E+00  0.00000000E+00  0.10000000E+04  0.00000000E+00  0.12500000E+03  0.00000000E+00  0.69999999E+00  0.10000000E+04
  0.00000000E+00  0.40000000E+01  0.00000000E+00  0.00000000E+00  0.10000000E+04  0.00000000E+00  0.12500000E+03  0.00000000E+00  0.69999999E+00  0.10000000E+04
 -0.25000000E+00 -0.25000000E+00  0.00000000E+00  0.00000000E+00  0.10006414E+04  0.12607445E+04  0.12500000E+03  0.52005530E-03  0.69999999E+00  0.99999939E+03
 -0.25000000E+00  0.25000000E+00  0.00000000E+00  0.00000000E+00  0.10006774E+04  0.13316587E+04  0.12500000E+03  0.11633311E-02  0.69999999E+00  0.99999866E+03
 -0.25000000E+00  0.75000000E+00  0.00000000E+00  0.00000000E+00  0.10027162E+04  0.53727744E+04  0.12500000E+03  0.55767712E-03  0.69999999E+00  0.99999939E+03
 -0.25000000E+00  0.12500000E+01  0.00000000E+00  0.00000000E+00  0.10036300E+04  0.72001748E+04  0.12500000E+03  0.12068767E-02  0.69999999E+00  0.99999860E+03
 -0.25000000E+00  0.17500000E+01  0.00000000E+00  0.00000000E+00  0.10013777E+04  0.27142485E+04  0.12500000E+03 -0.40055579E-03  0.69999999E+00  0.10000005E+04
 -0.25000000E+00  0.22500000E+01  0.00000000E+00  0.00000000E+00  0.10015139E+04  0.29839109E+04  0.12500000E+03 -0.18548567E-03  0.69999999E+00  0.10000002E+04
 -0.25000000E+00  0.27500000E+01  0.00000000E+00  0.00000000E+00  0.10000007E+04  0.14033347E+01  0.12500000E+03  0.17473474E-04  0.69999999E+00  0.10000000E+04
 -0.25000000E+00  0.32500000E+01  0.00000000E+00  0.00000000E+00  0.10000000E+04  0.00000000E+00  0.12500000E+03  0.57088899E-41  0.69999999E+00  0.10000000E+04
 -0.25000000E+00  0.37500000E+01  0.00000000E+00  0.00000000E+00  0.10000000E+04  0.00000000E+00  0.12500000E+03  0.00000000E+00  0.69999999E+00  0.10000000E+04
  0.80000000E+01  0.00000000E+00  0.00000000E+00  0.00000000E+00  0.10000000E+04  0.00000000E+00  0.12500000E+03  0.00000000E+00  0.69999999E+00  0.10000000E+04
  0.80000000E+01  0.50000000E+00  0.00000000E+00  0.00000000E+00  0.10000000E+04  0.00000000E+00  0.12500000E+03  0.00000000E+00  0.69999999E+00  0.10000000E+04
  0.80000000E+01  0.10000000E+01  0.00000000E+00  0.00000000E+00  0.10000000E+04  0.00000000E+00  0.12500000E+03  0.00000000E+00  0.69999999E+00  0.10000000E+04
  0.80000000E+01  0.15000000E+01  0.00000000E+00  0.00000000E+00  0.10000000E+04  0.00000000E+00  0.12500000E+03  0.00000000E+00  0.69999999E+00  0.10000000E+04
  0.80000000E+01  0.20000000E+01  0.00000000E+00  0.00000000E+00  0.10000000E+04  0.00000000E+00  0.12500000E+03  0.00000000E+00  0.69999999E+00  0.10000000E+04
  0.80000000E+01  0.25000000E+01  0.00000000E+00  0.00000000E+00  0.10000000E+04  0.00000000E+00  0.12500000E+03  0.00000000E+00  0.69999999E+00  0.10000000E+04
  0.80000000E+01  0.30000000E+01  0.00000000E+00  0.00000000E+00  0.10000000E+04  0.00000000E+00  0.12500000E+03  0.00000000E+00  0.69999999E+00  0.10000000E+04
  0.80000000E+01  0.35000000E+01  0.00000000E+00  0.00000000E+00  0.10000000E+04  0.00000000E+00  0.12500000E+03  0.00000000E+00  0.69999999E+00  0.10000000E+04
  0.80000000E+01  0.40000000E+01  0.00000000E+00  0.00000000E+00  0.10000000E+04  0.00000000E+00  0.12500000E+03  0.00000000E+00  0.69999999E+00  0.10000000E+04
  0.82500000E+01 -0.25000000E+00  0.00000000E+00  0.00000000E+00  0.10000000E+04  0.00000000E+00  0.12500000E+03  0.00000000E+00  0.69999999E+00  0.10000000E+04
  0.82500000E+01  0.25000000E+00  0.00000000E+00  0.00000000E+00  0.10000000E+04  0.00000000E+00  0.12500000E+03  0.00000000E+00  0.69999999E+00  0.10000000E+04
  0.82500000E+01  0.75000000E+00  0.00000000E+00  0.00000000E+00  0.10000000E+04  0.00000000E+00  0.12500000E+03  0.00000000E+00  0.69999999E+00  0.10000000E+04
  0.82500000E+01  0.12500000E+01  0.00000000E+00  0.00000000E+00  0.10000000E+04  0.00000000E+00  0.12500000E+03  0.00000000E+00  0.69999999E+00  0.10000000E+04
  0.82500000E+01  0.17500000E+01  0.00000000E+00  0.00000000E+00  0.10000000E+04  0.00000000E+00  0.12500000E+03  0.00000000E+00  0.69999999E+00  0.10000000E+04
  0.82500000E+01  0.22500000E+01  0.00000000E+00  0.00000000E+00  0.10000000E+04  0.00000000E+00  0.12500000E+03  0.00000000E+00  0.69999999E+00  0.10000000E+04
  0.82500000E+01  0.27500000E+01  0.00000000E+00  0.00000000E+00  0.10000000E+04  0.00000000E+00  0.12500000E+03  0.00000000E+00  0.69999999E+00  0.10000000E+04
  0.82500000E+01  0.32500000E+01  0.00000000E+00  0.00000000E+00  0.10000000E+04  0.00000000E+00  0.12500000E+03  0.00000000E+00  0.69999999E+00  0.10000000E+04
  0.82500000E+01  0.37500000E+01  0.00000000E+00  0.00000000E+00  0.10000000E+04  0.00000000E+00  0.12500000E+03  0.00000000E+00  0.69999999E+00  0.10000000E+04
  0.50000000E+00  0.00000000E+00  0.00000000E+00  0.00000000E+00  0.10511364E+04  0.11710198E+06  0.12500000E+03  0.13091387E-01  0.69999999E+00  0.99998425E+03
  0.10000000E+01  0.00000000E+00  0.00000000E+00  0.00000000E+00  0.10608770E+04  0.14360714E+06  0.12500000E+03  0.78532491E-02  0.69999999E+00  0.99999048E+03
  0.15000000E+01  0.00000000E+00  0.00000000E+00  0.00000000E+00  0.10116689E+04  0.23711652E+05  0.12500000E+03  0.22864114E-01  0.69999999E+00  0.99997357E+03
  0.20000000E+01  0.00000000E+00  0.00000000E+00  0.00000000E+00  0.11294426E+04  0.37684241E+06  0.12500000E+03  0.26289133E-01  0.69999999E+00  0.99996606E+03
  0.25000000E+01  0.00000000E+00  0.00000000E+00  0.00000000E+00  0.10417565E+04  0.92933961E+05  0.12500000E+03  0.84328353E-02  0.69999999E+00  0.99998999E+03
  0.30000000E+01  0.00000000E+00  0.00000000E+00  0.00000000E+00  0.10503535E+04  0.11503489E+06  0.12500000E+03  0.10060560E-01  0.69999999E+00  0.99998792E+03
  0.35000000E+01  0.00000000E+00  0.00000000E+00  0.00000000E+00  0.10052242E+04  0.10411985E+05  0.12500000E+03  0.41911453E-02  0.69999999E+00  0.99999518E+03
  0.40000000E+01  0.00000000E+00  0.00000000E+00  0.00000000E+00  0.10000137E+04  0.26898298E+02  0.12500000E+03 -0.68247195E-04  0.69999999E+00  0.10000001E+04
  0.45000000E+01  0.00000000E+00  0.00000000E+00  0.00000000E+00  0.10000000E+04  0.00000000E+00  0.12500000E+03  0.35467425E-39  0.69999999E+00  0.10000000E+04
  0.50000000E+01  0.00000000E+00  0.00000000E+00  0.00000000E+00  0.10000000E+04  0.00000000E+00  0.12500000E+03 -0.11658803E-41  0.69999999E+00  0.10000000E+04
  0.55000000E+01  0.00000000E+00  0.00000000E+00  0.00000000E+00  0.10000000E+04  0.00000000E+00  0.12500000E+03  0.00000000E+00  0.69999999E+00  0.10000000E+04
  0.60000000E+01  0.00000000E+00  0.00000000E+00  0.00000000E+00  0.10000000E+04  0.00000000E+00  0.12500000E+03  0.00000000E+00  0.69999999E+00  0.10000000E+04
  0.65000000E+01  0.00000000E+00  0.00000000E+00  0.00000000E+00  0.10000000E+04  0.00000000E+00  0.12500000E+03  0.00000000E+00  0.69999999E+00  0.10000000E+04
  0.70000000E+01  0.00000000E+00  0.00000000E+00  0.00000000E+00  0.10000000E+04  0.00000000E+00  0.12500000E+03  0.00000000E+00  0.69999999E+00  0.10000000E+04
  0.75000000E+01  0.00000000E+00  0.00000000E+00  0.00000000E+00  0.10000000E+04  0.00000000E+00  0.12500000E+03  0.00000000E+00  0.69999999E+00  0.10000000E+04
  0.25000000E+00 -0.25000000E+00  0.00000000E+00  0.00000000E+00  0.10058660E+04  0.11713481E+05  0.12500000E+03  0.33949832E-02  0.69999999E+00  0.99999609E+03
  0.75000000E+00 -0.25000000E+00  0.00000000E+00  0.00000000E+00  0.10273923E+04  0.58367629E+05  0.12500000E+03  0.93212500E-02  0.69999999E+00  0.99998907E+03
  0.12500000E+01 -0.25000000E+00  0.00000000E+00  0.00000000E+00  0.10085820E+04  0.17277639E+05  0.12500000E+03  0.74490430E-02  0.69999999E+00  0.99999139E+03
  0.17500000E+01 -0.25000000E+00  0.00000000E+00  0.00000000E+00  0.10143433E+04  0.29381768E+05  0.12500000E+03  0.11301743E-01  0.69999999E+00  0.99998688E+03
  0.22500000E+01 -0.25000000E+00  0.00000000E+00  0.00000000E+00  0.10011646E+04  0.22928560E+04  0.12500000E+03  0.11212274E-01  0.69999999E+00  0.99998718E+03
  0.27500000E+01 -0.25000000E+00  0.00000000E+00  0.00000000E+00  0.10044701E+04  0.88888496E+04  0.12500000E+03  0.54578278E-02  0.69999999E+00  0.99999371E+03
  0.32500000E+01 -0.25000000E+00  0.00000000E+00  0.00000000E+00  0.10011750E+04  0.23135833E+04  0.12500000E+03  0.38028895E-02  0.69999999E+00  0.99999567E+03
  0.37500000E+01 -0.25000000E+00  0.00000000E+00  0.00000000E+00  0.10000070E+04  0.13565822E+02  0.12500000E+03 -0.15635355E-03  0.69999999E+00  0.10000002E+04
  0.42500000E+01 -0.25000000E+00  0.00000000E+00  0.00000000E+00  0.10000000E+04  0.00000000E+00  0.12500000E+03 -0.13474538E-35  0.69999999E+00  0.10000000E+04
  0.47500000E+01 -0.25000000E+00  0.00000000E+00  0.00000000E+00  0.10000000E+04  0.00000000E+00  0.12500000E+03 -0.81018593E-39  0.69999999E+00  0.10000000E+04
  0.52500000E+01 -0.25000000E+00  0.00000000E+00  0.00000000E+00  0.10000000E+04  0.00000000E+00  0.12500000E+03  0.00000000E+00  0.69999999E+00  0.10000000E+04
  0.57500000E+01 -0.25000000E+00  0.00000000E+00  0.00000000E+00  0.10000000E+04  0.00000000E+00  0.12500000E+03  0.00000000E+00  0.69999999E+00  0.10000000E+04
  0.62500000E+01 -0.25000000E+00  0.00000000E+00  0.00000000E+00  0.10000000E+04  0.00000000E+00  0.12500000E+03  0.00000000E+00  0.69999999E+00  0.10000000E+04
  0.67500000E+01 -0.25000000E+00  0.00000000E+00  0.00000000E+00  0.10000000E+04  0.00000000E+00  0.12500000E+03  0.00000000E+00  0.69999999E+00  0.10000000E+04
  0.72500000E+01 -0.25000000E+00  0.00000000E+00  0.00000000E+00  0.10000000E+04  0.00000000E+00  0.12500000E+03  0.00000000E+00  0.69999999E+00  0.10000000E+04
  0.77500000E+01 -0.25000000E+00  0.00000000E+00  0.00000000E+00  0.10000000E+04  0.00000000E+00  0.12500000E+03  0.00000000E+00  0.69999999E+00  0.10000000E+04
  0.40000000E+01  0.50000000E+00  0.00000000E+00  0.00000000E+00  0.10017894E+04  0.35298064E+04  0.12500000E+03 -0.42252272E-03  0.69999999E+00  0.10000005E+04
  0.37500000E+01  0.25000000E+00  0.00000000E+00  0.00000000E+00  0.10057627E+04  0.11503765E+05  0.12500000E+03 -0.19556531E-02  0.69999999E+00  0.10000023E+04
  0.40000000E+01  0.10000000E+01  0.00000000E+00  0.00000000E+00  0.10040588E+04  0.80610654E+04  0.12500000E+03 -0.13464742E-03  0.69999999E+00  0.10000002E+04
  0.37500000E+01  0.75000000E+00  0.00000000E+00  0.00000000E+00  0.10528311E+04  0.12160852E+06  0.12500000E+03  0.10048233E-02  0.69999999E+00  0.99999878E+03
  0.40000000E+01  0.15000000E+01  0.00000000E+00  0.00000000E+00  0.10002333E+04  0.45804053E+03  0.12500000E+03  0.47279010E-03  0.69999999E+00  0.99999945E+03
  0.37500000E+01  0.12500000E+01  0.00000000E+00  0.00000000E+00  0.10380782E+04  0.83806531E+05  0.12500000E+03  0.11520982E-02  0.69999999E+00  0.99999866E+03
  0.40000000E+01  0.20000000E+01  0.00000000E+00  0.00000000E+00  0.10010588E+04  0.20840093E+04  0.12500000E+03  0.32330409E-03  0.69999999E+00  0.99999963E+03
  0.37500000E+01  0.17500000E+01  0.00000000E+00  0.00000000E+00  0.10224769E+04  0.47187312E+05  0.12500000E+03  0.22550102E-02  0.69999999E+00  0.99999738E+03
  0.45000000E+01  0.50000000E+00  0.00000000E+00  0.00000000E+00  0.10000000E+04  0.00000000E+00  0.12500000E+03  0.23881209E-38  0.69999999E+00  0.10000000E+04
  0.42500000E+01  0.25000000E+00  0.00000000E+00  0.00000000E+00  0.10000018E+04  0.35083482E+01  0.12500000E+03 -0.74084828E-05  0.69999999E+00  0.10000000E+04
  0.45000000E+01  0.10000000E+01  0.00000000E+00  0.00000000E+00  0.10000000E+04  0.00000000E+00  0.12500000E+03 -0.21159607E-41  0.69999999E+00  0.10000000E+04
  0.42500000E+01  0.75000000E+00  0.00000000E+00  0.00000000E+00  0.10000920E+04  0.18061188E+03  0.12500000E+03 -0.19636327E-04  0.69999999E+00  0.10000000E+04
  0.45000000E+01  0.15000000E+01  0.00000000E+00  0.00000000E+00  0.10000000E+04  0.00000000E+00  0.12500000E+03 -0.71410170E-41  0.69999999E+00  0.10000000E+04
  0.42500000E+01  0.12500000E+01  0.00000000E+00  0.00000000E+00  0.10000066E+04  0.12864128E+02  0.12500000E+03  0.64903998E-05  0.69999999E+00  0.10000000E+04
  0.45000000E+01  0.20000000E+01  0.00000000E+00  0.00000000E+00  0.10000000E+04  0.00000000E+00  0.12500000E+03  0.69364274E-41  0.69999999E+00  0.10000000E+04
  0.42500000E+01  0.17500000E+01  0.00000000E+00  0.00000000E+00  0.10000031E+04  0.60811610E+01  0.12500000E+03 -0.35628464E-05  0.69999999E+00  0.10000000E+04
  0.50000000E+01  0.50000000E+00  0.00000000E+00  0.00000000E+00  0.10000000E+04  0.00000000E+00  0.12500000E+03  0.10621842E-41  0.69999999E+00  0.10000000E+04
  0.47500000E+01  0.25000000E+00  0.00000000E+00  0.00000000E+00  0.10000000E+04  0.00000000E+00  0.12500000E+03  0.80181457E-39  0.69999999E+00  0.10000000E+04
  0.50000000E+01  0.10000000E+01  0.00000000E+00  0.00000000E+00  0.10000000E+04  0.00000000E+00  0.12500000E+03  0.00000000E+00  0.69999999E+00  0.10000000E+04
  0.47500000E+01  0.75000000E+00  0.00000000E+00  0.00000000E+00  0.10000000E+04  0.00000000E+00  0.12500000E+03  0.11770907E-41  0.69999999E+00  0.10000000E+04
  0.50000000E+01  0.15000000E+01  0.00000000E+00  0.00000000E+00  0.10000000E+04  0.00000000E+00  0.12500000E+03 -0.51091342E-41  0.69999999E+00  0.10000000E+04
  0.47500000E+01  0.12500000E+01  0.00000000E+00  0.00000000E+00  0.10000000E+04  0.00000000E+00  0.12500000E+03 -0.49549914E-41  0.69999999E+00  0.10000000E+04
  0.50000000E+01  0.20000000E+01  0.00000000E+00  0.00000000E+00  0.10000000E+04  0.00000000E+00  0.12500000E+03  0.48540979E-41  0.69999999E+00  0.10000000E+04
  0.47500000E+01  0.17500000E+01  0.00000000E+00  0.00000000E+00  0.10000000E+04  0.00000000E+00  0.12500000E+03  0.00000000E+00  0.69999999E+00  0.10000000E+04
  0.27454603E+01  0.83025384E+00  0.49775982E+00  0.35777662E-01  0.10035415E+04  0.70226230E+04  0.12576698E+03  0.12576656E+03  0.10000000E+01  0.00000000E+00
  0.79882240E+00  0.12573756E+01  0.30428803E+00  0.77134001E+00  0.99790369E+03 -0.40871560E+04  0.12561582E+03  0.12561256E+03  0.10000000E+01  0.00000000E+00
  0.17150998E+01  0.98051119E+00  0.30012435E+00 -0.54357803E+00  0.10089730E+04  0.18086092E+05  0.12546356E+03  0.12546323E+03  0.10000000E+01  0.00000000E+00
  0.22311504E+01  0.16948338E+01  0.21116142E+01  0.61461484E+00  0.10061594E+04  0.12310161E+05  0.12531018E+03  0.12531027E+03  0.10000000E+01  0.00000000E+00
  0.27941527E+01  0.14811682E+01 -0.28032005E+00  0.41323978E+00  0.99838623E+03 -0.31509792E+04  0.12515567E+03  0.12515567E+03  0.10000000E+01  0.00000000E+00
  0.24184747E+01  0.16362722E+01  0.10888796E+01  0.10590870E+01  0.10000164E+04  0.32044312E+02  0.12500000E+03  0.12500000E+03  0.10000000E+01  0.00000000E+00
  0.28269892E+01  0.91453719E+00 -0.15600514E+00 -0.15096571E-01  0.10023330E+04  0.46095972E+04  0.12576698E+03  0.12575461E+03  0.10000000E+01  0.00000000E+00
  0.82885170E+00  0.10153947E+01  0.28860712E+00 -0.56583446E+00  0.99637921E+03 -0.70273135E+04  0.12561582E+03  0.12560624E+03  0.10000000E+01  0.00000000E+00
  0.10089304E+01  0.89675820E+00 -0.56524795E+00  0.76470315E-01  0.99868182E+03 -0.25760188E+04  0.12546356E+03  0.12546037E+03  0.10000000E+01  0.00000000E+00
  0.28461893E+01  0.12296954E+01  0.15387139E+00 -0.34057397E+00  0.99834546E+03 -0.32301882E+04  0.12531018E+03  0.12531038E+03  0.10000000E+01  0.00000000E+00
  0.12076133E+01  0.90009916E+00  0.37708759E+00 -0.87613210E-01  0.99903204E+03 -0.18936694E+04  0.12515567E+03  0.12515535E+03  0.10000000E+01  0.00000000E+00
  0.72811902E+00  0.82012439E+00  0.17730303E+00  0.16441282E-01  0.10060107E+04  0.12007690E+05  0.12500000E+03  0.12500000E+03  0.10000000E+01  0.00000000E+00
  0.21328657E+01  0.10183307E+01  0.13931981E+00 -0.15248495E+00  0.10091347E+04  0.18420869E+05  0.12576698E+03  0.12575644E+03  0.10000000E+01  0.00000000E+00
  0.27771556E+01  0.86022580E+00 -0.48539776E-01 -0.19479763E-01  0.10026996E+04  0.53397319E+04  0.12561582E+03  0.12561059E+03  0.10000000E+01  0.00000000E+00
  0.26894875E+01  0.13832785E+01  0.10731292E+00  0.33824128E+00  0.99705499E+03 -0.57273018E+04  0.12546356E+03  0.12546005E+03  0.10000000E+01  0.00000000E+00
  0.17060516E+01  0.99045563E+00 -0.71818304E+00 -0.79240870E+00  0.10123282E+04  0.25101260E+05  0.12531018E+03  0.12531018E+03  0.10000000E+01  0.00000000E+00
  0.29812021E+01  0.84734273E+00 -0.62225550E+00 -0.87588936E+00  0.10060333E+04  0.12053760E+05  0.12515567E+03  0.12515553E+03  0.10000000E+01  0.00000000E+00
  0.10655675E+01  0.15168333E+01 -0.48386884E+00  0.71339369E-01  0.99592389E+03 -0.79002212E+04  0.12500000E+03  0.12499989E+03  0.10000000E+01  0.00000000E+00
  0.87873507E+00  0.14129928E+01 -0.49318302E+00  0.10829747E+00  0.99690863E+03 -0.60093550E+04  0.12576698E+03  0.12576566E+03  0.10000000E+01  0.00000000E+00
  0.25501561E+01  0.91365480E+00 -0.11764988E+01  0.76534384E+00  0.10018040E+04  0.35586497E+04  0.12561582E+03  0.12561228E+03  0.10000000E+01  0.00000000E+00
  0.16792438E+01  0.12361131E+01 -0.42219061E-01 -0.22772193E+00  0.98966248E+03 -0.19663959E+05  0.12546356E+03  0.12546202E+03  0.10000000E+01  0.00000000E+00
  0.22358649E+01  0.10074403E+01  0.38477695E+00 -0.70591187E+00  0.10085316E+04  0.17173514E+05  0.12531018E+03  0.12530890E+03  0.10000000E+01  0.00000000E+00
  0.19003066E+01  0.18573279E+01  0.14009871E+01 -0.44228691E+00  0.10048750E+04  0.97056650E+04  0.12515567E+03  0.12515567E+03  0.10000000E+01  0.00000000E+00
  0.14640338E+01  0.89909196E+00  0.11234649E+01 -0.43330163E+00  0.10037864E+04  0.75136885E+04  0.12500000E+03  0.12500012E+03  0.10000000E+01  0.00000000E+00
  0.10486388E+01  0.15186276E+01 -0.12867022E+00  0.87209925E-01  0.99681085E+03 -0.61975581E+04  0.12561582E+03  0.12561399E+03  0.10000000E+01  0.00000000E+00
  0.17313334E+01  0.18516848E+01  0.91444242E+00 -0.10596676E+01  0.10024742E+04  0.48905391E+04  0.12531018E+03  0.12531004E+03  0.10000000E+01  0.00000000E+00
  0.20643098E+01  0.20702603E+01  0.44977456E+00  0.10122068E+00  0.10042059E+04  0.83569150E+04  0.12500000E+03  0.12500000E+03  0.10000000E+01  0.00000000E+00
