  0.00000000E+00  0.00000000E+00  0.00000000E+00  0.00000000E+00  0.99911011E+03 -0.17413243E+04  0.12500000E+03  0.11213168E-02  0.69999999E+00  0.99999872E+03
  0.00000000E+00  0.50000000E+00  0.00000000E+00  0.00000000E+00  0.99931079E+03 -0.13494344E+04  0.12500000E+03  0.64549822E-03  0.69999999E+00  0.99999927E+03
  0.00000000E+00  0.10000000E+01  0.00000000E+00  0.00000000E+00  0.10183810E+04  0.38114227E+05  0.12500000E+03  0.13771881E-02  0.69999999E+00  0.99999841E+03
  0.00000000E+00  0.15000000E+01  0.00000000E+00  0.00000000E+00  0.10220492E+04  0.46229594E+05  0.12500000E+03  0.42406289E-03  0.69999999E+00  0.99999951E+03
  0.00000000E+00  0.20000000E+01  0.00000000E+00  0.00000000E+00  0.10059073E+04  0.11797550E+05  0.12500000E+03 -0.31668277E-03  0.69999999E+00  0.10000004E+04
  0.00000000E+00  0.25000000E+01  0.00000000E+00  0.00000000E+00  0.10002466E+04  0.48403955E+03  0.12500000E+03  0.71152863E-04  0.69999999E+00  0.99999994E+03
  0.00000000E+00  0.30000000E+01  0.00000000E+00  0.00000000E+00  0.10000000E+04  0.00000000E+00  0.12500000E+03  0.00000000E+00  0.69999999E+00  0.10000000E+04
  0.00000000E+00  0.35000000E+01  0.00000000E+00  0.00000000E+00  0.10000000E+04  0.00000000E+00  0.12500000E+03  0.00000000E+00  0.69999999E+00  0.10000000E+04
  0.00000000E+00  0.40000000E+01  0.00000000E+00  0.00000000E+00  0.10000000E+04  0.00000000E+00  0.12500000E+03  0.00000000E+00  0.69999999E+00  0.10000000E+04
 -0.25000000E+00 -0.25000000E+00  0.00000000E+00  0.00000000E+00  0.10002401E+04  0.47139111E+03  0.12500000E+03  0.36518151E-03  0.69999999E+00  0.99999957E+03
 -0.25000000E+00  0.25000000E+00  0.00000000E+00  0.00000000E+00  0.99962122E+03 -0.74233716E+03  0.12500000E+03  0.46657753E-03  0.69999999E+00  0.99999945E+03
 -0.25000000E+00  0.75000000E+00  0.00000000E+00  0.00000000E+00  0.10011495E+04  0.22631809E+04  0.12500000E+03 -0.22818560E-04  0.69999999E+00  0.10000000E+04
 -0.25000000E+00  0.12500000E+01  0.00000000E+00  0.00000000E+00  0.10102631E+04  0.20766865E+05  0.12500000E+03  0.43285714E-03  0.69999999E+00  0.99999951E+03
 -0.25000000E+00  0.17500000E+01  0.00000000E+00  0.00000000E+00  0.10001616E+04  0.31730682E+03  0.12500000E+03 -0.10675416E-03  0.69999999E+00  0.10000001E+04
 -0.25000000E+00  0.22500000E+01  0.00000000E+00  0.00000000E+00  0.10004730E+04  0.92938812E+03  0.12500000E+03 -0.62706749E-04  0.69999999E+00  0.10000001E+04
 -0.25000000E+00  0.27500000E+01  0.00000000E+00  0.00000000E+00  0.10000000E+04  0.00000000E+00  0.12500000E+03  0.00000000E+00  0.69999999E+00  0.10000000E+04
 -0.25000000E+00  0.32500000E+01  0.00000000E+00  0.00000000E+00  0.10000000E+04  0.00000000E+00  0.12500000E+03  0.00000000E+00  0.69999999E+00  0.10000000E+04
 -0.25000000E+00  0.37500000E+01  0.00000000E+00  0.00000000E+00  0.10000000E+04  0.00000000E+00  0.12500000E+03  0.00000000E+00  0.69999999E+00  0.10000000E+04
  0.80000000E+01  0.00000000E+00  0.00000000E+00  0.00000000E+00  0.10000000E+04  0.00000000E+00  0.12500000E+03  0.00000000E+00  0.69999999E+00  0.10000000E+04
  0.80000000E+01  0.50000000E+00  0.00000000E+00  0.00000000E+00  0.10000000E+04  0.00000000E+00  0.12500000E+03  0.00000000E+00  0.69999999E+00  0.10000000E+04
  0.80000000E+01  0.10000000E+01  0.00000000E+00  0.00000000E+00  0.10000000E+04  0.00000000E+00  0.12500000E+03  0.00000000E+00  0.69999999E+00  0.10000000E+04
  0.80000000E+01  0.15000000E+01  0.00000000E+00  0.00000000E+00  0.10000000E+04  0.00000000E+00  0.12500000E+03  0.00000000E+00  0.69999999E+00  0.10000000E+04
  0.80000000E+01  0.20000000E+01  0.00000000E+00  0.00000000E+00  0.10000000E+04  0.00000000E+00  0.12500000E+03  0.00000000E+00  0.69999999E+00  0.10000000E+04
  0.80000000E+01  0.25000000E+01  0.00000000E+00  0.00000000E+00  0.10000000E+04  0.00000000E+00  0.12500000E+03  0.00000000E+00  0.69999999E+00  0.10000000E+04
  0.80000000E+01  0.30000000E+01  0.00000000E+00  0.00000000E+00  0.10000000E+04  0.00000000E+00  0.12500000E+03  0.00000000E+00  0.69999999E+00  0.10000000E+04
  0.80000000E+01  0.35000000E+01  0.00000000E+00  0.00000000E+00  0.10000000E+04  0.00000000E+00  0.12500000E+03  0.00000000E+00  0.69999999E+00  0.10000000E+04
  0.80000000E+01  0.40000000E+01  0.00000000E+00  0.00000000E+00  0.10000000E+04  0.00000000E+00  0.12500000E+03  0.00000000E+00  0.69999999E+00  0.10000000E+04
  0.82500000E+01 -0.25000000E+00  0.00000000E+00  0.00000000E+00  0.10000000E+04  0.00000000E+00  0.12500000E+03  0.00000000E+00  0.69999999E+00  0.10000000E+04
  0.82500000E+01  0.25000000E+00  0.00000000E+00  0.00000000E+00  0.10000000E+04  0.00000000E+00  0.12500000E+03  0.00000000E+00  0.69999999E+00  0.10000000E+04
  0.82500000E+01  0.75000000E+00  0.00000000E+00  0.00000000E+00  0.10000000E+04  0.00000000E+00  0.12500000E+03  0.00000000E+00  0.69999999E+00  0.10000000E+04
  0.82500000E+01  0.12500000E+01  0.00000000E+00  0.00000000E+00  0.10000000E+04  0.00000000E+00  0.12500000E+03  0.00000000E+00  0.69999999E+00  0.10000000E+04
  0.82500000E+01  0.17500000E+01  0.00000000E+00  0.00000000E+00  0.10000000E+04  0.00000000E+00  0.12500000E+03  0.00000000E+00  0.69999999E+00  0.10000000E+04
  0.82500000E+01  0.22500000E+01  0.00000000E+00  0.00000000E+00  0.10000000E+04  0.00000000E+00  0.12500000E+03  0.00000000E+00  0.69999999E+00  0.10000000E+04
  0.82500000E+01  0.27500000E+01  0.00000000E+00  0.00000000E+00  0.10000000E+04  0.00000000E+00  0.12500000E+03  0.00000000E+00  0.69999999E+00  0.10000000E+04
  0.82500000E+01  0.32500000E+01  0.00000000E+00  0.00000000E+00  0.10000000E+04  0.00000000E+00  0.12500000E+03  0.00000000E+00  0.69999999E+00  0.10000000E+04
  0.82500000E+01  0.37500000E+01  0.00000000E+00  0.00000000E+00  0.10000000E+04  0.00000000E+00  0.12500000E+03  0.00000000E+00  0.69999999E+00  0.10000000E+04
  0.50000000E+00  0.00000000E+00  0.00000000E+00  0.00000000E+00  0.10080074E+04  0.16093013E+05  0.12500000E+03  0.52271127E-02  0.69999999E+00  0.99999396E+03
  0.10000000E+01  0.00000000E+00  0.00000000E+00  0.00000000E+00  0.10128740E+04  0.26255553E+05  0.12500000E+03  0.18608045E-02  0.69999999E+00  0.99999786E+03
  0.15000000E+01  0.00000000E+00  0.00000000E+00  0.00000000E+00  0.10062845E+04  0.12565299E+05  0.12500000E+03  0.82419058E-02  0.69999999E+00  0.99999054E+03
  0.20000000E+01  0.00000000E+00  0.00000000E+00  0.00000000E+00  0.10062386E+04  0.12471815E+05  0.12500000E+03  0.90004709E-02  0.69999999E+00  0.99998969E+03
  0.25000000E+01  0.00000000E+00  0.00000000E+00  0.00000000E+00  0.10106063E+04  0.21483504E+05  0.12500000E+03  0.19468130E-03  0.69999999E+00  0.99999976E+03
  0.30000000E+01  0.00000000E+00  0.00000000E+00  0.00000000E+00  0.10263401E+04  0.55947125E+05  0.12500000E+03  0.13553228E-02  0.69999999E+00  0.99999841E+03
  0.35000000E+01  0.00000000E+00  0.00000000E+00  0.00000000E+00  0.10139636E+04  0.28571291E+05  0.12500000E+03  0.51930762E-03  0.69999999E+00  0.99999939E+03
  0.40000000E+01  0.00000000E+00  0.00000000E+00  0.00000000E+00  0.10000134E+04  0.26430483E+02  0.12500000E+03 -0.27363869E-04  0.69999999E+00  0.10000001E+04
  0.45000000E+01  0.00000000E+00  0.00000000E+00  0.00000000E+00  0.10000000E+04  0.00000000E+00  0.12500000E+03  0.00000000E+00  0.69999999E+00  0.10000000E+04
  0.50000000E+01  0.00000000E+00  0.00000000E+00  0.00000000E+00  0.10000000E+04  0.00000000E+00  0.12500000E+03  0.00000000E+00  0.69999999E+00  0.10000000E+04
  0.55000000E+01  0.00000000E+00  0.00000000E+00  0.00000000E+00  0.10000000E+04  0.00000000E+00  0.12500000E+03  0.00000000E+00  0.69999999E+00  0.10000000E+04
  0.60000000E+01  0.00000000E+00  0.00000000E+00  0.00000000E+00  0.10000000E+04  0.00000000E+00  0.12500000E+03  0.00000000E+00  0.69999999E+00  0.10000000E+04
  0.65000000E+01  0.00000000E+00  0.00000000E+00  0.00000000E+00  0.10000000E+04  0.00000000E+00  0.12500000E+03  0.00000000E+00  0.69999999E+00  0.10000000E+04
  0.70000000E+01  0.00000000E+00  0.00000000E+00  0.00000000E+00  0.10000000E+04  0.00000000E+00  0.12500000E+03  0.00000000E+00  0.69999999E+00  0.10000000E+04
  0.75000000E+01  0.00000000E+00  0.00000000E+00  0.00000000E+00  0.10000000E+04  0.00000000E+00  0.12500000E+03  0.00000000E+00  0.69999999E+00  0.10000000E+04
  0.25000000E+00 -0.25000000E+00  0.00000000E+00  0.00000000E+00  0.10019335E+04  0.38155142E+04  0.12500000E+03  0.17089450E-02  0.69999999E+00  0.99999805E+03
  0.75000000E+00 -0.25000000E+00  0.00000000E+00  0.00000000E+00  0.10107743E+04  0.21834766E+05  0.12500000E+03  0.39325687E-02  0.69999999E+00  0.99999548E+03
  0.12500000E+01 -0.25000000E+00  0.00000000E+00  0.00000000E+00  0.10137456E+04  0.28106693E+05  0.12500000E+03  0.29718410E-02  0.69999999E+00  0.99999658E+03
  0.17500000E+01 -0.25000000E+00  0.00000000E+00  0.00000000E+00  0.10052488E+04  0.10461700E+05  0.12500000E+03  0.44397106E-02  0.69999999E+00  0.99999493E+03
  0.22500000E+01 -0.25000000E+00  0.00000000E+00  0.00000000E+00  0.10054683E+04  0.10906320E+05  0.12500000E+03  0.38014317E-02  0.69999999E+00  0.99999567E+03
  0.27500000E+01 -0.25000000E+00  0.00000000E+00  0.00000000E+00  0.99973816E+03 -0.51333301E+03  0.12500000E+03  0.44120278E-03  0.69999999E+00  0.99999951E+03
  0.32500000E+01 -0.25000000E+00  0.00000000E+00  0.00000000E+00  0.10012836E+04  0.25279966E+04  0.12500000E+03  0.56597037E-03  0.69999999E+00  0.99999933E+03
  0.37500000E+01 -0.25000000E+00  0.00000000E+00  0.00000000E+00  0.10000010E+04  0.18711144E+01  0.12500000E+03 -0.53198710E-04  0.69999999E+00  0.10000001E+04
  0.42500000E+01 -0.25000000E+00  0.00000000E+00  0.00000000E+00  0.10000000E+04  0.00000000E+00  0.12500000E+03 -0.00000000E+00  0.69999999E+00  0.10000000E+04
  0.47500000E+01 -0.25000000E+00  0.00000000E+00  0.00000000E+00  0.10000000E+04  0.00000000E+00  0.12500000E+03  0.00000000E+00  0.69999999E+00  0.10000000E+04
  0.52500000E+01 -0.25000000E+00  0.00000000E+00  0.00000000E+00  0.10000000E+04  0.00000000E+00  0.12500000E+03  0.00000000E+00  0.69999999E+00  0.10000000E+04
  0.57500000E+01 -0.25000000E+00  0.00000000E+00  0.00000000E+00  0.10000000E+04  0.00000000E+00  0.12500000E+03  0.00000000E+00  0.69999999E+00  0.10000000E+04
  0.62500000E+01 -0.25000000E+00  0.00000000E+00  0.00000000E+00  0.10000000E+04  0.00000000E+00  0.12500000E+03  0.00000000E+00  0.69999999E+00  0.10000000E+04
  0.67500000E+01 -0.25000000E+00  0.00000000E+00  0.00000000E+00  0.10000000E+04  0.00000000E+00  0.12500000E+03  0.00000000E+00  0.69999999E+00  0.10000000E+04
  0.72500000E+01 -0.25000000E+00  0.00000000E+00  0.00000000E+00  0.10000000E+04  0.00000000E+00  0.12500000E+03  0.00000000E+00  0.69999999E+00  0.10000000E+04
  0.77500000E+01 -0.25000000E+00  0.00000000E+00  0.00000000E+00  0.10000000E+04  0.00000000E+00  0.12500000E+03  0.00000000E+00  0.69999999E+00  0.10000000E+04
  0.40000000E+01  0.50000000E+00  0.00000000E+00  0.00000000E+00  0.10048600E+04  0.96755645E+04  0.12500000E+03 -0.67955567E-04  0.69999999E+00  0.10000001E+04
  0.37500000E+01  0.25000000E+00  0.00000000E+00  0.00000000E+00  0.10135240E+04  0.27635344E+05  0.12500000E+03 -0.24813839E-03  0.69999999E+00  0.10000003E+04
  0.40000000E+01  0.10000000E+01  0.00000000E+00  0.00000000E+00  0.10094775E+04  0.19131977E+05  0.12500000E+03  0.76000888E-05  0.69999999E+00  0.10000000E+04
  0.37500000E+01  0.75000000E+00  0.00000000E+00  0.00000000E+00  0.10692108E+04  0.16747319E+06  0.12500000E+03  0.11678509E-03  0.69999999E+00  0.99999988E+03
  0.40000000E+01  0.15000000E+01  0.00000000E+00  0.00000000E+00  0.10012521E+04  0.24657788E+04  0.12500000E+03  0.78939527E-04  0.69999999E+00  0.99999994E+03
  0.37500000E+01  0.12500000E+01  0.00000000E+00  0.00000000E+00  0.10412991E+04  0.91788375E+05  0.12500000E+03  0.24107774E-03  0.69999999E+00  0.99999969E+03
  0.40000000E+01  0.20000000E+01  0.00000000E+00  0.00000000E+00  0.10000315E+04  0.61752430E+02  0.12500000E+03  0.20776821E-04  0.69999999E+00  0.10000000E+04
  0.37500000E+01  0.17500000E+01  0.00000000E+00  0.00000000E+00  0.10026130E+04  0.51672046E+04  0.12500000E+03  0.22702008E-03  0.69999999E+00  0.99999976E+03
  0.45000000E+01  0.50000000E+00  0.00000000E+00  0.00000000E+00  0.10000000E+04  0.00000000E+00  0.12500000E+03  0.00000000E+00  0.69999999E+00  0.10000000E+04
  0.42500000E+01  0.25000000E+00  0.00000000E+00  0.00000000E+00  0.10000018E+04  0.35083482E+01  0.12500000E+03 -0.74084828E-05  0.69999999E+00  0.10000000E+04
  0.45000000E+01  0.10000000E+01  0.00000000E+00  0.00000000E+00  0.10000000E+04  0.00000000E+00  0.12500000E+03  0.00000000E+00  0.69999999E+00  0.10000000E+04
  0.42500000E+01  0.75000000E+00  0.00000000E+00  0.00000000E+00  0.10001880E+04  0.36905045E+03  0.12500000E+03 -0.46201781E-05  0.69999999E+00  0.10000000E+04
  0.45000000E+01  0.15000000E+01  0.00000000E+00  0.00000000E+00  0.10000000E+04  0.00000000E+00  0.12500000E+03  0.00000000E+00  0.69999999E+00  0.10000000E+04
  0.42500000E+01  0.12500000E+01  0.00000000E+00  0.00000000E+00  0.10000146E+04  0.28769567E+02  0.12500000E+03  0.79131387E-05  0.69999999E+00  0.10000000E+04
  0.45000000E+01  0.20000000E+01  0.00000000E+00  0.00000000E+00  0.10000000E+04  0.00000000E+00  0.12500000E+03  0.00000000E+00  0.69999999E+00  0.10000000E+04
  0.42500000E+01  0.17500000E+01  0.00000000E+00  0.00000000E+00  0.10000000E+04  0.00000000E+00  0.12500000E+03  0.00000000E+00  0.69999999E+00  0.10000000E+04
  0.50000000E+01  0.50000000E+00  0.00000000E+00  0.00000000E+00  0.10000000E+04  0.00000000E+00  0.12500000E+03  0.00000000E+00  0.69999999E+00  0.10000000E+04
  0.47500000E+01  0.25000000E+00  0.00000000E+00  0.00000000E+00  0.10000000E+04  0.00000000E+00  0.12500000E+03  0.00000000E+00  0.69999999E+00  0.10000000E+04
  0.50000000E+01  0.10000000E+01  0.00000000E+00  0.00000000E+00  0.10000000E+04  0.00000000E+00  0.12500000E+03  0.00000000E+00  0.69999999E+00  0.10000000E+04
  0.47500000E+01  0.75000000E+00  0.00000000E+00  0.00000000E+00  0.10000000E+04  0.00000000E+00  0.12500000E+03  0.00000000E+00  0.69999999E+00  0.10000000E+04
  0.50000000E+01  0.15000000E+01  0.00000000E+00  0.00000000E+00  0.10000000E+04  0.00000000E+00  0.12500000E+03  0.00000000E+00  0.69999999E+00  0.10000000E+04
  0.47500000E+01  0.12500000E+01  0.00000000E+00  0.00000000E+00  0.10000000E+04  0.00000000E+00  0.12500000E+03  0.00000000E+00  0.69999999E+00  0.10000000E+04
  0.50000000E+01  0.20000000E+01  0.00000000E+00  0.00000000E+00  0.10000000E+04  0.00000000E+00  0.12500000E+03  0.00000000E+00  0.69999999E+00  0.10000000E+04
  0.47500000E+01  0.17500000E+01  0.00000000E+00  0.00000000E+00  0.10000000E+04  0.00000000E+00  0.12500000E+03  0.00000000E+00  0.69999999E+00  0.10000000E+04
  0.73858809E+00  0.25704816E+00 -0.41006249E+00 -0.10074024E+00  0.10056877E+04  0.11351522E+05  0.12576698E+03  0.12576698E+03  0.10000000E+01  0.00000000E+00
  0.57329619E+00  0.54802299E+00  0.45471978E+00  0.33780244E+00  0.10055353E+04  0.11042164E+05  0.12561582E+03  0.12561256E+03  0.10000000E+01  0.00000000E+00
  0.60747969E+00  0.64538014E+00 -0.21528581E+00  0.35494047E+00  0.10010882E+04  0.21419175E+04  0.12546356E+03  0.12546356E+03  0.10000000E+01  0.00000000E+00
  0.91253918E+00  0.83522725E+00  0.28953910E-01  0.70253682E+00  0.10019785E+04  0.39047300E+04  0.12531018E+03  0.12531018E+03  0.10000000E+01  0.00000000E+00
  0.12337338E+01  0.10323076E+01 -0.16737431E+00 -0.38637257E+00  0.10040027E+04  0.79482129E+04  0.12515567E+03  0.12515567E+03  0.10000000E+01  0.00000000E+00
  0.17359350E+01  0.14144008E+01  0.16020162E+01 -0.40494904E+00  0.10020635E+04  0.40737617E+04  0.12500000E+03  0.12500000E+03  0.10000000E+01  0.00000000E+00
  0.13649364E+01  0.17562443E+00 -0.50749004E+00 -0.43427449E+00  0.10047307E+04  0.94144062E+04  0.12576698E+03  0.12576039E+03  0.10000000E+01  0.00000000E+00
  0.10259079E+01  0.46086556E+00 -0.97774446E-01 -0.35063609E-01  0.10077626E+04  0.15589669E+05  0.12561582E+03  0.12561001E+03  0.10000000E+01  0.00000000E+00
  0.14288788E+01  0.56931269E+00 -0.23797527E+00 -0.59308779E+00  0.10071484E+04  0.14329512E+05  0.12546356E+03  0.12546333E+03  0.10000000E+01  0.00000000E+00
  0.11250952E+01  0.76153898E+00 -0.67980587E+00 -0.54365203E-01  0.10075358E+04  0.15123757E+05  0.12531018E+03  0.12531018E+03  0.10000000E+01  0.00000000E+00
  0.16546323E+01  0.10535653E+01 -0.14837444E+00 -0.10708294E+01  0.10003515E+04  0.69046545E+03  0.12515567E+03  0.12515567E+03  0.10000000E+01  0.00000000E+00
  0.14296387E+01  0.13126774E+01  0.33757102E-01 -0.14665421E+01  0.10009453E+04  0.18597699E+04  0.12500000E+03  0.12500000E+03  0.10000000E+01  0.00000000E+00
  0.20181849E+01  0.29351619E+00  0.61876512E+00 -0.12968786E+00  0.99371893E+03 -0.12093677E+05  0.12576698E+03  0.12576117E+03  0.10000000E+01  0.00000000E+00
  0.18510935E+01  0.51464772E+00  0.90594268E+00  0.29670537E+00  0.10072385E+04  0.14514102E+05  0.12561582E+03  0.12561089E+03  0.10000000E+01  0.00000000E+00
  0.24785810E+01  0.63365507E+00  0.12521355E+01 -0.10148547E+01  0.10023294E+04  0.46022446E+04  0.12546356E+03  0.12546355E+03  0.10000000E+01  0.00000000E+00
  0.18982306E+01  0.77563488E+00  0.69041675E+00  0.12784457E+00  0.10157680E+04  0.32439434E+05  0.12531018E+03  0.12531018E+03  0.10000000E+01  0.00000000E+00
  0.22701635E+01  0.10762630E+01  0.13988197E+01 -0.44095117E+00  0.10052878E+04  0.10540873E+05  0.12515567E+03  0.12515567E+03  0.10000000E+01  0.00000000E+00
  0.19356983E+01  0.14781630E+01  0.53349864E+00  0.12675595E+00  0.10031817E+04  0.63023896E+04  0.12500000E+03  0.12500000E+03  0.10000000E+01  0.00000000E+00
  0.19489186E+01  0.53964198E+00 -0.11895584E+01  0.45686361E+00  0.10068150E+04  0.13647438E+05  0.12576698E+03  0.12576698E+03  0.10000000E+01  0.00000000E+00
  0.24077382E+01  0.56433028E+00 -0.64646435E+00  0.80901116E+00  0.10009700E+04  0.19086990E+04  0.12561582E+03  0.12561259E+03  0.10000000E+01  0.00000000E+00
  0.28784404E+01  0.66592813E+00 -0.19631663E+00  0.13702527E+01  0.99410583E+03 -0.11361898E+05  0.12546356E+03  0.12546202E+03  0.10000000E+01  0.00000000E+00
  0.27292609E+01  0.70526075E+00  0.62471616E+00 -0.98865795E+00  0.10033786E+04  0.66964409E+04  0.12531018E+03  0.12531018E+03  0.10000000E+01  0.00000000E+00
  0.27866335E+01  0.10960412E+01  0.35496563E+00  0.20383140E+00  0.10116367E+04  0.23643705E+05  0.12515567E+03  0.12515567E+03  0.10000000E+01  0.00000000E+00
  0.24718208E+01  0.14648244E+01  0.92966187E+00 -0.97008598E+00  0.99473022E+03 -0.10177252E+05  0.12500000E+03  0.12500000E+03  0.10000000E+01  0.00000000E+00
  0.22747502E+01  0.13352890E+01 -0.16130977E+01  0.66903144E+00  0.10076902E+04  0.15440744E+05  0.12561582E+03  0.12561399E+03  0.10000000E+01  0.00000000E+00
  0.30637689E+01  0.90784299E+00  0.83602041E-01  0.80871737E+00  0.10172948E+04  0.35744516E+05  0.12531018E+03  0.12531018E+03  0.10000000E+01  0.00000000E+00
  0.23985496E+01  0.18045938E+01 -0.11361791E+01  0.29330552E-01  0.10000743E+04  0.14597908E+03  0.12500000E+03  0.12500000E+03  0.10000000E+01  0.00000000E+00
