  0.00000000E+00  0.00000000E+00  0.00000000E+00  0.00000000E+00  0.10032046E+04  0.63481636E+04  0.12500000E+03  0.12393566E-03  0.69999999E+00  0.99999988E+03
  0.00000000E+00  0.50000000E+00  0.00000000E+00  0.00000000E+00  0.10081672E+04  0.16422188E+05  0.12500000E+03  0.10895026E-03  0.69999999E+00  0.99999988E+03
  0.00000000E+00  0.10000000E+01  0.00000000E+00  0.00000000E+00  0.10039636E+04  0.78696455E+04  0.12500000E+03  0.18646220E-03  0.69999999E+00  0.99999982E+03
  0.00000000E+00  0.15000000E+01  0.00000000E+00  0.00000000E+00  0.10049834E+04  0.99248770E+04  0.12500000E+03 -0.20657839E-04  0.69999999E+00  0.10000000E+04
  0.00000000E+00  0.20000000E+01  0.00000000E+00  0.00000000E+00  0.99903943E+03 -0.18792521E+04  0.12500000E+03 -0.92572387E-04  0.69999999E+00  0.10000001E+04
  0.00000000E+00  0.25000000E+01  0.00000000E+00  0.00000000E+00  0.99999536E+03 -0.91215296E+01  0.12500000E+03  0.21538433E-04  0.69999999E+00  0.10000000E+04
  0.00000000E+00  0.30000000E+01  0.00000000E+00  0.00000000E+00  0.10000000E+04  0.00000000E+00  0.12500000E+03  0.00000000E+00  0.69999999E+00  0.10000000E+04
  0.00000000E+00  0.35000000E+01  0.00000000E+00  0.00000000E+00  0.10000000E+04  0.00000000E+00  0.12500000E+03  0.00000000E+00  0.69999999E+00  0.10000000E+04
  0.00000000E+00  0.40000000E+01  0.00000000E+00  0.00000000E+00  0.10000000E+04  0.00000000E+00  0.12500000E+03  0.00000000E+00  0.69999999E+00  0.10000000E+04
 -0.25000000E+00 -0.25000000E+00  0.00000000E+00  0.00000000E+00  0.10002043E+04  0.40113092E+03  0.12500000E+03  0.33921140E-04  0.69999999E+00  0.99999994E+03
 -0.25000000E+00  0.25000000E+00  0.00000000E+00  0.00000000E+00  0.10019789E+04  0.39056768E+04  0.12500000E+03  0.57124416E-04  0.69999999E+00  0.99999994E+03
 -0.25000000E+00  0.75000000E+00  0.00000000E+00  0.00000000E+00  0.10024600E+04  0.48622920E+04  0.12500000E+03  0.26265167E-04  0.69999999E+00  0.10000000E+04
 -0.25000000E+00  0.12500000E+01  0.00000000E+00  0.00000000E+00  0.99926501E+03 -0.14388646E+04  0.12500000E+03  0.40093888E-04  0.69999999E+00  0.99999994E+03
 -0.25000000E+00  0.17500000E+01  0.00000000E+00  0.00000000E+00  0.10005536E+04  0.10879844E+04  0.12500000E+03 -0.43918375E-04  0.69999999E+00  0.10000001E+04
 -0.25000000E+00  0.22500000E+01  0.00000000E+00  0.00000000E+00  0.99993250E+03 -0.13247107E+03  0.12500000E+03 -0.17777249E-04  0.69999999E+00  0.10000000E+04
 -0.25000000E+00  0.27500000E+01  0.00000000E+00  0.00000000E+00  0.10000000E+04  0.00000000E+00  0.12500000E+03  0.00000000E+00  0.69999999E+00  0.10000000E+04
 -0.25000000E+00  0.32500000E+01  0.00000000E+00  0.00000000E+00  0.10000000E+04  0.00000000E+00  0.12500000E+03  0.00000000E+00  0.69999999E+00  0.10000000E+04
 -0.25000000E+00  0.37500000E+01  0.00000000E+00  0.00000000E+00  0.10000000E+04  0.00000000E+00  0.12500000E+03  0.00000000E+00  0.69999999E+00  0.10000000E+04
  0.80000000E+01  0.00000000E+00  0.00000000E+00  0.00000000E+00  0.10000000E+04  0.00000000E+00  0.12500000E+03  0.00000000E+00  0.69999999E+00  0.10000000E+04
  0.80000000E+01  0.50000000E+00  0.00000000E+00  0.00000000E+00  0.10000000E+04  0.00000000E+00  0.12500000E+03  0.00000000E+00  0.69999999E+00  0.10000000E+04
  0.80000000E+01  0.10000000E+01  0.00000000E+00  0.00000000E+00  0.10000000E+04  0.00000000E+00  0.12500000E+03  0.00000000E+00  0.69999999E+00  0.10000000E+04
  0.80000000E+01  0.15000000E+01  0.00000000E+00  0.00000000E+00  0.10000000E+04  0.00000000E+00  0.12500000E+03  0.00000000E+00  0.69999999E+00  0.10000000E+04
  0.80000000E+01  0.20000000E+01  0.00000000E+00  0.00000000E+00  0.10000000E+04  0.00000000E+00  0.12500000E+03  0.00000000E+00  0.69999999E+00  0.10000000E+04
  0.80000000E+01  0.25000000E+01  0.00000000E+00  0.00000000E+00  0.10000000E+04  0.00000000E+00  0.12500000E+03  0.00000000E+00  0.69999999E+00  0.10000000E+04
  0.80000000E+01  0.30000000E+01  0.00000000E+00  0.00000000E+00  0.10000000E+04  0.00000000E+00  0.12500000E+03  0.00000000E+00  0.69999999E+00  0.10000000E+04
  0.80000000E+01  0.35000000E+01  0.00000000E+00  0.00000000E+00  0.10000000E+04  0.00000000E+00  0.12500000E+03  0.00000000E+00  0.69999999E+00  0.10000000E+04
  0.80000000E+01  0.40000000E+01  0.00000000E+00  0.00000000E+00  0.10000000E+04  0.00000000E+00  0.12500000E+03  0.00000000E+00  0.69999999E+00  0.10000000E+04
  0.82500000E+01 -0.25000000E+00  0.00000000E+00  0.00000000E+00  0.10000000E+04  0.00000000E+00  0.12500000E+03  0.00000000E+00  0.69999999E+00  0.10000000E+04
  0.82500000E+01  0.25000000E+00  0.00000000E+00  0.00000000E+00  0.10000000E+04  0.00000000E+00  0.12500000E+03  0.00000000E+00  0.69999999E+00  0.10000000E+04
  0.82500000E+01  0.75000000E+00  0.00000000E+00  0.00000000E+00  0.10000000E+04  0.00000000E+00  0.12500000E+03  0.00000000E+00  0.69999999E+00  0.10000000E+04
  0.82500000E+01  0.12500000E+01  0.00000000E+00  0.00000000E+00  0.10000000E+04  0.00000000E+00  0.12500000E+03  0.00000000E+00  0.69999999E+00  0.10000000E+04
  0.82500000E+01  0.17500000E+01  0.00000000E+00  0.00000000E+00  0.10000000E+04  0.00000000E+00  0.12500000E+03  0.00000000E+00  0.69999999E+00  0.10000000E+04
  0.82500000E+01  0.22500000E+01  0.00000000E+00  0.00000000E+00  0.10000000E+04  0.00000000E+00  0.12500000E+03  0.00000000E+00  0.69999999E+00  0.10000000E+04
  0.82500000E+01  0.27500000E+01  0.00000000E+00  0.00000000E+00  0.10000000E+04  0.00000000E+00  0.12500000E+03  0.00000000E+00  0.69999999E+00  0.10000000E+04
  0.82500000E+01  0.32500000E+01  0.00000000E+00  0.00000000E+00  0.10000000E+04  0.00000000E+00  0.12500000E+03  0.00000000E+00  0.69999999E+00  0.10000000E+04
  0.82500000E+01  0.37500000E+01  0.00000000E+00  0.00000000E+00  0.10000000E+04  0.00000000E+00  0.12500000E+03  0.00000000E+00  0.69999999E+00  0.10000000E+04
  0.50000000E+00  0.00000000E+00  0.00000000E+00  0.00000000E+00  0.10054996E+04  0.10969885E+05  0.12500000E+03  0.55817072E-03  0.69999999E+00  0.99999939E+03
  0.10000000E+01  0.00000000E+00  0.00000000E+00  0.00000000E+00  0.10030740E+04  0.60869551E+04  0.12500000E+03  0.31470400E-03  0.69999999E+00  0.99999963E+03
  0.15000000E+01  0.00000000E+00  0.00000000E+00  0.00000000E+00  0.10034597E+04  0.68587759E+04  0.12500000E+03  0.82978851E-03  0.69999999E+00  0.99999908E+03
  0.20000000E+01  0.00000000E+00  0.00000000E+00  0.00000000E+00  0.10031200E+04  0.61789268E+04  0.12500000E+03  0.87408302E-03  0.69999999E+00  0.99999902E+03
  0.25000000E+01  0.00000000E+00  0.00000000E+00  0.00000000E+00  0.10176085E+04  0.36427449E+05  0.12500000E+03 -0.15470490E-03  0.69999999E+00  0.10000002E+04
  0.30000000E+01  0.00000000E+00  0.00000000E+00  0.00000000E+00  0.10135262E+04  0.27639906E+05  0.12500000E+03  0.17893264E-04  0.69999999E+00  0.10000000E+04
  0.35000000E+01  0.00000000E+00  0.00000000E+00  0.00000000E+00  0.10005596E+04  0.10997179E+04  0.12500000E+03  0.81640219E-05  0.69999999E+00  0.10000000E+04
  0.40000000E+01  0.00000000E+00  0.00000000E+00  0.00000000E+00  0.10000000E+04  0.00000000E+00  0.12500000E+03  0.00000000E+00  0.69999999E+00  0.10000000E+04
  0.45000000E+01  0.00000000E+00  0.00000000E+00  0.00000000E+00  0.10000000E+04  0.00000000E+00  0.12500000E+03  0.00000000E+00  0.69999999E+00  0.10000000E+04
  0.50000000E+01  0.00000000E+00  0.00000000E+00  0.00000000E+00  0.10000000E+04  0.00000000E+00  0.12500000E+03  0.00000000E+00  0.69999999E+00  0.10000000E+04
  0.55000000E+01  0.00000000E+00  0.00000000E+00  0.00000000E+00  0.10000000E+04  0.00000000E+00  0.12500000E+03  0.00000000E+00  0.69999999E+00  0.10000000E+04
  0.60000000E+01  0.00000000E+00  0.00000000E+00  0.00000000E+00  0.10000000E+04  0.00000000E+00  0.12500000E+03  0.00000000E+00  0.69999999E+00  0.10000000E+04
  0.65000000E+01  0.00000000E+00  0.00000000E+00  0.00000000E+00  0.10000000E+04  0.00000000E+00  0.12500000E+03  0.00000000E+00  0.69999999E+00  0.10000000E+04
  0.70000000E+01  0.00000000E+00  0.00000000E+00  0.00000000E+00  0.10000000E+04  0.00000000E+00  0.12500000E+03  0.00000000E+00  0.69999999E+00  0.10000000E+04
  0.75000000E+01  0.00000000E+00  0.00000000E+00  0.00000000E+00  0.10000000E+04  0.00000000E+00  0.12500000E+03  0.00000000E+00  0.69999999E+00  0.10000000E+04
  0.25000000E+00 -0.25000000E+00  0.00000000E+00  0.00000000E+00  0.10028977E+04  0.57350283E+04  0.12500000E+03  0.17919915E-03  0.69999999E+00  0.99999982E+03
  0.75000000E+00 -0.25000000E+00  0.00000000E+00  0.00000000E+00  0.10025099E+04  0.49615239E+04  0.12500000E+03  0.41544749E-03  0.69999999E+00  0.99999951E+03
  0.12500000E+01 -0.25000000E+00  0.00000000E+00  0.00000000E+00  0.10038378E+04  0.76170615E+04  0.12500000E+03  0.33215337E-03  0.69999999E+00  0.99999963E+03
  0.17500000E+01 -0.25000000E+00  0.00000000E+00  0.00000000E+00  0.10018412E+04  0.36324246E+04  0.12500000E+03  0.49376761E-03  0.69999999E+00  0.99999945E+03
  0.22500000E+01 -0.25000000E+00  0.00000000E+00  0.00000000E+00  0.99911145E+03 -0.17386489E+04  0.12500000E+03  0.42362924E-03  0.69999999E+00  0.99999951E+03
  0.27500000E+01 -0.25000000E+00  0.00000000E+00  0.00000000E+00  0.10055330E+04  0.11037571E+05  0.12500000E+03 -0.35945141E-04  0.69999999E+00  0.10000001E+04
  0.32500000E+01 -0.25000000E+00  0.00000000E+00  0.00000000E+00  0.10010452E+04  0.20569419E+04  0.12500000E+03  0.92374557E-05  0.69999999E+00  0.10000000E+04
  0.37500000E+01 -0.25000000E+00  0.00000000E+00  0.00000000E+00  0.10000000E+04  0.00000000E+00  0.12500000E+03  0.00000000E+00  0.69999999E+00  0.10000000E+04
  0.42500000E+01 -0.25000000E+00  0.00000000E+00  0.00000000E+00  0.10000000E+04  0.00000000E+00  0.12500000E+03  0.00000000E+00  0.69999999E+00  0.10000000E+04
  0.47500000E+01 -0.25000000E+00  0.00000000E+00  0.00000000E+00  0.10000000E+04  0.00000000E+00  0.12500000E+03  0.00000000E+00  0.69999999E+00  0.10000000E+04
  0.52500000E+01 -0.25000000E+00  0.00000000E+00  0.00000000E+00  0.10000000E+04  0.00000000E+00  0.12500000E+03  0.00000000E+00  0.69999999E+00  0.10000000E+04
  0.57500000E+01 -0.25000000E+00  0.00000000E+00  0.00000000E+00  0.10000000E+04  0.00000000E+00  0.12500000E+03  0.00000000E+00  0.69999999E+00  0.10000000E+04
  0.62500000E+01 -0.25000000E+00  0.00000000E+00  0.00000000E+00  0.10000000E+04  0.00000000E+00  0.12500000E+03  0.00000000E+00  0.69999999E+00  0.10000000E+04
  0.67500000E+01 -0.25000000E+00  0.00000000E+00  0.00000000E+00  0.10000000E+04  0.00000000E+00  0.12500000E+03  0.00000000E+00  0.69999999E+00  0.10000000E+04
  0.72500000E+01 -0.25000000E+00  0.00000000E+00  0.00000000E+00  0.10000000E+04  0.00000000E+00  0.12500000E+03  0.00000000E+00  0.69999999E+00  0.10000000E+04
  0.77500000E+01 -0.25000000E+00  0.00000000E+00  0.00000000E+00  0.10000000E+04  0.00000000E+00  0.12500000E+03  0.00000000E+00  0.69999999E+00  0.10000000E+04
  0.40000000E+01  0.50000000E+00  0.00000000E+00  0.00000000E+00  0.10000000E+04  0.00000000E+00  0.12500000E+03  0.00000000E+00  0.69999999E+00  0.10000000E+04
  0.37500000E+01  0.25000000E+00  0.00000000E+00  0.00000000E+00  0.10000079E+04  0.15670914E+02  0.12500000E+03 -0.39787028E-05  0.69999999E+00  0.10000000E+04
  0.40000000E+01  0.10000000E+01  0.00000000E+00  0.00000000E+00  0.10000000E+04  0.00000000E+00  0.12500000E+03  0.00000000E+00  0.69999999E+00  0.10000000E+04
  0.37500000E+01  0.75000000E+00  0.00000000E+00  0.00000000E+00  0.10000182E+04  0.35786919E+02  0.12500000E+03  0.60741227E-05  0.69999999E+00  0.10000000E+04
  0.40000000E+01  0.15000000E+01  0.00000000E+00  0.00000000E+00  0.10000000E+04  0.00000000E+00  0.12500000E+03  0.00000000E+00  0.69999999E+00  0.10000000E+04
  0.37500000E+01  0.12500000E+01  0.00000000E+00  0.00000000E+00  0.10000065E+04  0.12630230E+02  0.12500000E+03  0.39111751E-06  0.69999999E+00  0.10000000E+04
  0.40000000E+01  0.20000000E+01  0.00000000E+00  0.00000000E+00  0.10000000E+04  0.00000000E+00  0.12500000E+03  0.00000000E+00  0.69999999E+00  0.10000000E+04
  0.37500000E+01  0.17500000E+01  0.00000000E+00  0.00000000E+00  0.10000000E+04  0.00000000E+00  0.12500000E+03  0.39707224E-05  0.69999999E+00  0.10000000E+04
  0.45000000E+01  0.50000000E+00  0.00000000E+00  0.00000000E+00  0.10000000E+04  0.00000000E+00  0.12500000E+03  0.00000000E+00  0.69999999E+00  0.10000000E+04
  0.42500000E+01  0.25000000E+00  0.00000000E+00  0.00000000E+00  0.10000000E+04  0.00000000E+00  0.12500000E+03  0.00000000E+00  0.69999999E+00  0.10000000E+04
  0.45000000E+01  0.10000000E+01  0.00000000E+00  0.00000000E+00  0.10000000E+04  0.00000000E+00  0.12500000E+03  0.00000000E+00  0.69999999E+00  0.10000000E+04
  0.42500000E+01  0.75000000E+00  0.00000000E+00  0.00000000E+00  0.10000000E+04  0.00000000E+00  0.12500000E+03  0.00000000E+00  0.69999999E+00  0.10000000E+04
  0.45000000E+01  0.15000000E+01  0.00000000E+00  0.00000000E+00  0.10000000E+04  0.00000000E+00  0.12500000E+03  0.00000000E+00  0.69999999E+00  0.10000000E+04
  0.42500000E+01  0.12500000E+01  0.00000000E+00  0.00000000E+00  0.10000000E+04  0.00000000E+00  0.12500000E+03  0.00000000E+00  0.69999999E+00  0.10000000E+04
  0.45000000E+01  0.20000000E+01  0.00000000E+00  0.00000000E+00  0.10000000E+04  0.00000000E+00  0.12500000E+03  0.00000000E+00  0.69999999E+00  0.10000000E+04
  0.42500000E+01  0.17500000E+01  0.00000000E+00  0.00000000E+00  0.10000000E+04  0.00000000E+00  0.12500000E+03  0.00000000E+00  0.69999999E+00  0.10000000E+04
  0.50000000E+01  0.50000000E+00  0.00000000E+00  0.00000000E+00  0.10000000E+04  0.00000000E+00  0.12500000E+03  0.00000000E+00  0.69999999E+00  0.10000000E+04
  0.47500000E+01  0.25000000E+00  0.00000000E+00  0.00000000E+00  0.10000000E+04  0.00000000E+00  0.12500000E+03  0.00000000E+00  0.69999999E+00  0.10000000E+04
  0.50000000E+01  0.10000000E+01  0.00000000E+00  0.00000000E+00  0.10000000E+04  0.00000000E+00  0.12500000E+03  0.00000000E+00  0.69999999E+00  0.10000000E+04
  0.47500000E+01  0.75000000E+00  0.00000000E+00  0.00000000E+00  0.10000000E+04  0.00000000E+00  0.12500000E+03  0.00000000E+00  0.69999999E+00  0.10000000E+04
  0.50000000E+01  0.15000000E+01  0.00000000E+00  0.00000000E+00  0.10000000E+04  0.00000000E+00  0.12500000E+03  0.00000000E+00  0.69999999E+00  0.10000000E+04
  0.47500000E+01  0.12500000E+01  0.00000000E+00  0.00000000E+00  0.10000000E+04  0.00000000E+00  0.12500000E+03  0.00000000E+00  0.69999999E+00  0.10000000E+04
  0.50000000E+01  0.20000000E+01  0.00000000E+00  0.00000000E+00  0.10000000E+04  0.00000000E+00  0.12500000E+03  0.00000000E+00  0.69999999E+00  0.10000000E+04
  0.47500000E+01  0.17500000E+01  0.00000000E+00  0.00000000E+00  0.10000000E+04  0.00000000E+00  0.12500000E+03  0.00000000E+00  0.69999999E+00  0.10000000E+04
  0.74385536E+00  0.24664608E+00 -0.18229681E+00 -0.65253906E-01  0.10072086E+04  0.14452805E+05  0.12576698E+03  0.12576698E+03  0.10000000E+01  0.00000000E+00
  0.49466366E+00  0.50330973E+00 -0.43045222E-02  0.22323361E+00  0.10056779E+04  0.11331680E+05  0.12561582E+03  0.12561527E+03  0.10000000E+01  0.00000000E+00
  0.74930143E+00  0.74354303E+00 -0.10942349E-01 -0.91608718E-01  0.10074246E+04  0.14895560E+05  0.12546356E+03  0.12546356E+03  0.10000000E+01  0.00000000E+00
  0.50244421E+00  0.99297476E+00  0.20016918E+00 -0.59247717E-01  0.10056995E+04  0.11375479E+05  0.12531018E+03  0.12531018E+03  0.10000000E+01  0.00000000E+00
  0.75107515E+00  0.12404404E+01  0.42502478E-01 -0.16703714E-01  0.10030620E+04  0.60631323E+04  0.12515567E+03  0.12515567E+03  0.10000000E+01  0.00000000E+00
  0.50311911E+00  0.14876173E+01  0.17861767E+00 -0.12661439E+00  0.10009219E+04  0.18139055E+04  0.12500000E+03  0.12500000E+03  0.10000000E+01  0.00000000E+00
  0.12532525E+01  0.24450988E+00  0.62501453E-01 -0.87393783E-01  0.10089742E+04  0.18088561E+05  0.12576698E+03  0.12576643E+03  0.10000000E+01  0.00000000E+00
  0.10020746E+01  0.49486202E+00  0.29132113E-01 -0.49501143E-01  0.10075219E+04  0.15095132E+05  0.12561582E+03  0.12561527E+03  0.10000000E+01  0.00000000E+00
  0.12560112E+01  0.74053454E+00  0.12147735E+00 -0.10903771E+00  0.10058416E+04  0.11663826E+05  0.12546356E+03  0.12546356E+03  0.10000000E+01  0.00000000E+00
  0.10039114E+01  0.98835659E+00  0.82412198E-01 -0.14267221E+00  0.10047828E+04  0.95195674E+04  0.12531018E+03  0.12531018E+03  0.10000000E+01  0.00000000E+00
  0.12545240E+01  0.12361579E+01  0.12850346E+00 -0.91645211E-01  0.10011631E+04  0.22900298E+04  0.12515567E+03  0.12515567E+03  0.10000000E+01  0.00000000E+00
  0.10018810E+01  0.14863935E+01  0.63368320E-01 -0.11081509E+00  0.10005103E+04  0.10025769E+04  0.12500000E+03  0.12500000E+03  0.10000000E+01  0.00000000E+00
  0.17576499E+01  0.24473459E+00  0.22659786E+00 -0.81669755E-01  0.10081013E+04  0.16286159E+05  0.12576698E+03  0.12576643E+03  0.10000000E+01  0.00000000E+00
  0.15072954E+01  0.49489582E+00  0.18145698E+00  0.32139800E-01  0.10065784E+04  0.13164200E+05  0.12561582E+03  0.12561527E+03  0.10000000E+01  0.00000000E+00
  0.17608082E+01  0.73809862E+00  0.26983526E+00 -0.14617188E+00  0.10060638E+04  0.12115841E+05  0.12546356E+03  0.12546356E+03  0.10000000E+01  0.00000000E+00
  0.15067966E+01  0.98544657E+00  0.15126106E+00 -0.14028654E+00  0.10029149E+04  0.57692998E+04  0.12531018E+03  0.12531018E+03  0.10000000E+01  0.00000000E+00
  0.17571282E+01  0.12305691E+01  0.13576157E+00 -0.23432711E+00  0.99964941E+03 -0.68714337E+03  0.12515567E+03  0.12515567E+03  0.10000000E+01  0.00000000E+00
  0.15040293E+01  0.14824226E+01  0.10001310E+00 -0.27035803E+00  0.99919055E+03 -0.15842526E+04  0.12500000E+03  0.12500000E+03  0.10000000E+01  0.00000000E+00
  0.22659564E+01  0.25303921E+00  0.11236556E+00  0.32377255E+00  0.99960046E+03 -0.78293884E+03  0.12576698E+03  0.12576698E+03  0.10000000E+01  0.00000000E+00
  0.20155210E+01  0.49492717E+00  0.41000879E+00  0.60956728E-01  0.10068682E+04  0.13756353E+05  0.12561582E+03  0.12561582E+03  0.10000000E+01  0.00000000E+00
  0.22776480E+01  0.73622441E+00  0.80916464E+00 -0.18428242E+00  0.10063171E+04  0.12631360E+05  0.12546356E+03  0.12546356E+03  0.10000000E+01  0.00000000E+00
  0.20138888E+01  0.97975028E+00  0.33477440E+00 -0.32673568E+00  0.10038565E+04  0.76546377E+04  0.12531018E+03  0.12531018E+03  0.10000000E+01  0.00000000E+00
  0.22657809E+01  0.12228441E+01  0.35947520E+00 -0.45938659E+00  0.10019070E+04  0.37629897E+04  0.12515567E+03  0.12515567E+03  0.10000000E+01  0.00000000E+00
  0.20059161E+01  0.14740508E+01  0.66607550E-01 -0.46044049E+00  0.99907080E+03 -0.18179709E+04  0.12500000E+03  0.12500000E+03  0.10000000E+01  0.00000000E+00
  0.25326734E+01  0.50088060E+00  0.59592348E+00  0.32242122E+00  0.10000254E+04  0.49822075E+02  0.12561582E+03  0.12561527E+03  0.10000000E+01  0.00000000E+00
  0.25315962E+01  0.96985781E+00  0.81556880E+00 -0.64407897E+00  0.10031716E+04  0.62821270E+04  0.12531018E+03  0.12531018E+03  0.10000000E+01  0.00000000E+00
  0.25155859E+01  0.14674833E+01  0.36104807E+00 -0.56511450E+00  0.10015865E+04  0.31274429E+04  0.12500000E+03  0.12500000E+03  0.10000000E+01  0.00000000E+00
