  0.00000000E+00  0.00000000E+00  0.00000000E+00  0.00000000E+00  0.10020520E+04  0.40507930E+04  0.12500000E+03  0.25253559E-02  0.69999999E+00  0.99999713E+03
  0.00000000E+00  0.50000000E+00  0.00000000E+00  0.00000000E+00  0.10195404E+04  0.40660406E+05  0.12500000E+03  0.34153601E-02  0.69999999E+00  0.99999603E+03
  0.00000000E+00  0.10000000E+01  0.00000000E+00  0.00000000E+00  0.10261183E+04  0.55438703E+05  0.12500000E+03  0.38112283E-02  0.69999999E+00  0.99999554E+03
  0.00000000E+00  0.15000000E+01  0.00000000E+00  0.00000000E+00  0.10222660E+04  0.46714828E+05  0.12500000E+03  0.13914043E-02  0.69999999E+00  0.99999835E+03
  0.00000000E+00  0.20000000E+01  0.00000000E+00  0.00000000E+00  0.10168694E+04  0.34820734E+05  0.12500000E+03 -0.17850501E-02  0.69999999E+00  0.10000021E+04
  0.00000000E+00  0.25000000E+01  0.00000000E+00  0.00000000E+00  0.10034469E+04  0.68332266E+04  0.12500000E+03  0.51974104E-03  0.69999999E+00  0.99999939E+03
  0.00000000E+00  0.30000000E+01  0.00000000E+00  0.00000000E+00  0.10000026E+04  0.51455903E+01  0.12500000E+03  0.38292605E-04  0.69999999E+00  0.99999994E+03
  0.00000000E+00  0.35000000E+01  0.00000000E+00  0.00000000E+00  0.10000000E+04  0.00000000E+00  0.12500000E+03  0.00000000E+00  0.69999999E+00  0.10000000E+04
  0.00000000E+00  0.40000000E+01  0.00000000E+00  0.00000000E+00  0.10000000E+04  0.00000000E+00  0.12500000E+03  0.00000000E+00  0.69999999E+00  0.10000000E+04
 -0.25000000E+00 -0.25000000E+00  0.00000000E+00  0.00000000E+00  0.10006414E+04  0.12607445E+04  0.12500000E+03  0.52005530E-03  0.69999999E+00  0.99999939E+03
 -0.25000000E+00  0.25000000E+00  0.00000000E+00  0.00000000E+00  0.10010129E+04  0.19934010E+04  0.12500000E+03  0.11475577E-02  0.69999999E+00  0.99999866E+03
 -0.25000000E+00  0.75000000E+00  0.00000000E+00  0.00000000E+00  0.10050591E+04  0.10077927E+05  0.12500000E+03  0.53096807E-03  0.69999999E+00  0.99999939E+03
 -0.25000000E+00  0.12500000E+01  0.00000000E+00  0.00000000E+00  0.10044004E+04  0.87483428E+04  0.12500000E+03  0.11953823E-02  0.69999999E+00  0.99999866E+03
 -0.25000000E+00  0.17500000E+01  0.00000000E+00  0.00000000E+00  0.10010261E+04  0.20195219E+04  0.12500000E+03 -0.37136936E-03  0.69999999E+00  0.10000004E+04
 -0.25000000E+00  0.22500000E+01  0.00000000E+00  0.00000000E+00  0.10015139E+04  0.29839109E+04  0.12500000E+03 -0.18548567E-03  0.69999999E+00  0.10000002E+04
 -0.25000000E+00  0.27500000E+01  0.00000000E+00  0.00000000E+00  0.10000007E+04  0.14033347E+01  0.12500000E+03  0.17473474E-04  0.69999999E+00  0.10000000E+04
 -0.25000000E+00  0.32500000E+01  0.00000000E+00  0.00000000E+00  0.10000000E+04  0.00000000E+00  0.12500000E+03  0.43748538E-41  0.69999999E+00  0.10000000E+04
 -0.25000000E+00  0.37500000E+01  0.00000000E+00  0.00000000E+00  0.10000000E+04  0.00000000E+00  0.12500000E+03  0.00000000E+00  0.69999999E+00  0.10000000E+04
  0.80000000E+01  0.00000000E+00  0.00000000E+00  0.00000000E+00  0.10000000E+04  0.00000000E+00  0.12500000E+03  0.00000000E+00  0.69999999E+00  0.10000000E+04
  0.80000000E+01  0.50000000E+00  0.00000000E+00  0.00000000E+00  0.10000000E+04  0.00000000E+00  0.12500000E+03  0.00000000E+00  0.69999999E+00  0.10000000E+04
  0.80000000E+01  0.10000000E+01  0.00000000E+00  0.00000000E+00  0.10000000E+04  0.00000000E+00  0.12500000E+03  0.00000000E+00  0.69999999E+00  0.10000000E+04
  0.80000000E+01  0.15000000E+01  0.00000000E+00  0.00000000E+00  0.10000000E+04  0.00000000E+00  0.12500000E+03  0.00000000E+00  0.69999999E+00  0.10000000E+04
  0.80000000E+01  0.20000000E+01  0.00000000E+00  0.00000000E+00  0.10000000E+04  0.00000000E+00  0.12500000E+03  0.00000000E+00  0.69999999E+00  0.10000000E+04
  0.80000000E+01  0.25000000E+01  0.00000000E+00  0.00000000E+00  0.10000000E+04  0.00000000E+00  0.12500000E+03  0.00000000E+00  0.69999999E+00  0.10000000E+04
  0.80000000E+01  0.30000000E+01  0.00000000E+00  0.00000000E+00  0.10000000E+04  0.00000000E+00  0.12500000E+03  0.00000000E+00  0.69999999E+00  0.10000000E+04
  0.80000000E+01  0.35000000E+01  0.00000000E+00  0.00000000E+00  0.10000000E+04  0.00000000E+00  0.12500000E+03  0.00000000E+00  0.69999999E+00  0.10000000E+04
  0.80000000E+01  0.40000000E+01  0.00000000E+00  0.00000000E+00  0.10000000E+04  0.00000000E+00  0.12500000E+03  0.00000000E+00  0.69999999E+00  0.10000000E+04
  0.82500000E+01 -0.25000000E+00  0.00000000E+00  0.00000000E+00  0.10000000E+04  0.00000000E+00  0.12500000E+03  0.00000000E+00  0.69999999E+00  0.10000000E+04
  0.82500000E+01  0.25000000E+00  0.00000000E+00  0.00000000E+00  0.10000000E+04  0.00000000E+00  0.12500000E+03  0.00000000E+00  0.69999999E+00  0.10000000E+04
  0.82500000E+01  0.75000000E+00  0.00000000E+00  0.00000000E+00  0.10000000E+04  0.00000000E+00  0.12500000E+03  0.00000000E+00  0.69999999E+00  0.10000000E+04
  0.82500000E+01  0.12500000E+01  0.00000000E+00  0.00000000E+00  0.10000000E+04  0.00000000E+00  0.12500000E+03  0.00000000E+00  0.69999999E+00  0.10000000E+04
  0.82500000E+01  0.17500000E+01  0.00000000E+00  0.00000000E+00  0.10000000E+04  0.00000000E+00  0.12500000E+03  0.00000000E+00  0.69999999E+00  0.10000000E+04
  0.82500000E+01  0.22500000E+01  0.00000000E+00  0.00000000E+00  0.10000000E+04  0.00000000E+00  0.12500000E+03  0.00000000E+00  0.69999999E+00  0.10000000E+04
  0.82500000E+01  0.27500000E+01  0.00000000E+00  0.00000000E+00  0.10000000E+04  0.00000000E+00  0.12500000E+03  0.00000000E+00  0.69999999E+00  0.10000000E+04
  0.82500000E+01  0.32500000E+01  0.00000000E+00  0.00000000E+00  0.10000000E+04  0.00000000E+00  0.12500000E+03  0.00000000E+00  0.69999999E+00  0.10000000E+04
  0.82500000E+01  0.37500000E+01  0.00000000E+00  0.00000000E+00  0.10000000E+04  0.00000000E+00  0.12500000E+03  0.00000000E+00  0.69999999E+00  0.10000000E+04
  0.50000000E+00  0.00000000E+00  0.00000000E+00  0.00000000E+00  0.10519550E+04  0.11927341E+06  0.12500000E+03  0.12922274E-01  0.69999999E+00  0.99998444E+03
  0.10000000E+01  0.00000000E+00  0.00000000E+00  0.00000000E+00  0.10714487E+04  0.17407481E+06  0.12500000E+03  0.76766140E-02  0.69999999E+00  0.99999060E+03
  0.15000000E+01  0.00000000E+00  0.00000000E+00  0.00000000E+00  0.10146909E+04  0.30125391E+05  0.12500000E+03  0.22612259E-01  0.69999999E+00  0.99997375E+03
  0.20000000E+01  0.00000000E+00  0.00000000E+00  0.00000000E+00  0.11259810E+04  0.36287325E+06  0.12500000E+03  0.26003933E-01  0.69999999E+00  0.99996655E+03
  0.25000000E+01  0.00000000E+00  0.00000000E+00  0.00000000E+00  0.10436578E+04  0.97728188E+05  0.12500000E+03  0.81092846E-02  0.69999999E+00  0.99999036E+03
  0.30000000E+01  0.00000000E+00  0.00000000E+00  0.00000000E+00  0.10421687E+04  0.93968977E+05  0.12500000E+03  0.98038390E-02  0.69999999E+00  0.99998834E+03
  0.35000000E+01  0.00000000E+00  0.00000000E+00  0.00000000E+00  0.10020836E+04  0.41137832E+04  0.12500000E+03  0.40767435E-02  0.69999999E+00  0.99999536E+03
  0.40000000E+01  0.00000000E+00  0.00000000E+00  0.00000000E+00  0.10000137E+04  0.26898298E+02  0.12500000E+03 -0.68247195E-04  0.69999999E+00  0.10000001E+04
  0.45000000E+01  0.00000000E+00  0.00000000E+00  0.00000000E+00  0.10000000E+04  0.00000000E+00  0.12500000E+03  0.27846883E-39  0.69999999E+00  0.10000000E+04
  0.50000000E+01  0.00000000E+00  0.00000000E+00  0.00000000E+00  0.10000000E+04  0.00000000E+00  0.12500000E+03 -0.78472714E-42  0.69999999E+00  0.10000000E+04
  0.55000000E+01  0.00000000E+00  0.00000000E+00  0.00000000E+00  0.10000000E+04  0.00000000E+00  0.12500000E+03  0.00000000E+00  0.69999999E+00  0.10000000E+04
  0.60000000E+01  0.00000000E+00  0.00000000E+00  0.00000000E+00  0.10000000E+04  0.00000000E+00  0.12500000E+03  0.00000000E+00  0.69999999E+00  0.10000000E+04
  0.65000000E+01  0.00000000E+00  0.00000000E+00  0.00000000E+00  0.10000000E+04  0.00000000E+00  0.12500000E+03  0.00000000E+00  0.69999999E+00  0.10000000E+04
  0.70000000E+01  0.00000000E+00  0.00000000E+00  0.00000000E+00  0.10000000E+04  0.00000000E+00  0.12500000E+03  0.00000000E+00  0.69999999E+00  0.10000000E+04
  0.75000000E+01  0.00000000E+00  0.00000000E+00  0.00000000E+00  0.10000000E+04  0.00000000E+00  0.12500000E+03  0.00000000E+00  0.69999999E+00  0.10000000E+04
  0.25000000E+00 -0.25000000E+00  0.00000000E+00  0.00000000E+00  0.10059266E+04  0.11836806E+05  0.12500000E+03  0.33693342E-02  0.69999999E+00  0.99999615E+03
  0.75000000E+00 -0.25000000E+00  0.00000000E+00  0.00000000E+00  0.10275342E+04  0.58694812E+05  0.12500000E+03  0.92139747E-02  0.69999999E+00  0.99998920E+03
  0.12500000E+01 -0.25000000E+00  0.00000000E+00  0.00000000E+00  0.10095054E+04  0.19189898E+05  0.12500000E+03  0.73888637E-02  0.69999999E+00  0.99999146E+03
  0.17500000E+01 -0.25000000E+00  0.00000000E+00  0.00000000E+00  0.10142965E+04  0.29281918E+05  0.12500000E+03  0.11208450E-01  0.69999999E+00  0.99998700E+03
  0.22500000E+01 -0.25000000E+00  0.00000000E+00  0.00000000E+00  0.10013738E+04  0.27064663E+04  0.12500000E+03  0.11092007E-01  0.69999999E+00  0.99998730E+03
  0.27500000E+01 -0.25000000E+00  0.00000000E+00  0.00000000E+00  0.10041904E+04  0.83257354E+04  0.12500000E+03  0.53111911E-02  0.69999999E+00  0.99999390E+03
  0.32500000E+01 -0.25000000E+00  0.00000000E+00  0.00000000E+00  0.10005627E+04  0.11060542E+04  0.12500000E+03  0.37007127E-02  0.69999999E+00  0.99999579E+03
  0.37500000E+01 -0.25000000E+00  0.00000000E+00  0.00000000E+00  0.10000070E+04  0.13565822E+02  0.12500000E+03 -0.15635355E-03  0.69999999E+00  0.10000002E+04
  0.42500000E+01 -0.25000000E+00  0.00000000E+00  0.00000000E+00  0.10000000E+04  0.00000000E+00  0.12500000E+03 -0.10958961E-35  0.69999999E+00  0.10000000E+04
  0.47500000E+01 -0.25000000E+00  0.00000000E+00  0.00000000E+00  0.10000000E+04  0.00000000E+00  0.12500000E+03 -0.63738341E-39  0.69999999E+00  0.10000000E+04
  0.52500000E+01 -0.25000000E+00  0.00000000E+00  0.00000000E+00  0.10000000E+04  0.00000000E+00  0.12500000E+03  0.00000000E+00  0.69999999E+00  0.10000000E+04
  0.57500000E+01 -0.25000000E+00  0.00000000E+00  0.00000000E+00  0.10000000E+04  0.00000000E+00  0.12500000E+03  0.00000000E+00  0.69999999E+00  0.10000000E+04
  0.62500000E+01 -0.25000000E+00  0.00000000E+00  0.00000000E+00  0.10000000E+04  0.00000000E+00  0.12500000E+03  0.00000000E+00  0.69999999E+00  0.10000000E+04
  0.67500000E+01 -0.25000000E+00  0.00000000E+00  0.00000000E+00  0.10000000E+04  0.00000000E+00  0.12500000E+03  0.00000000E+00  0.69999999E+00  0.10000000E+04
  0.72500000E+01 -0.25000000E+00  0.00000000E+00  0.00000000E+00  0.10000000E+04  0.00000000E+00  0.12500000E+03  0.00000000E+00  0.69999999E+00  0.10000000E+04
  0.77500000E+01 -0.25000000E+00  0.00000000E+00  0.00000000E+00  0.10000000E+04  0.00000000E+00  0.12500000E+03  0.00000000E+00  0.69999999E+00  0.10000000E+04
  0.40000000E+01  0.50000000E+00  0.00000000E+00  0.00000000E+00  0.10018713E+04  0.36922605E+04  0.12500000E+03 -0.39480830E-03  0.69999999E+00  0.10000004E+04
  0.37500000E+01  0.25000000E+00  0.00000000E+00  0.00000000E+00  0.10038496E+04  0.76407554E+04  0.12500000E+03 -0.18831824E-02  0.69999999E+00  0.10000021E+04
  0.40000000E+01  0.10000000E+01  0.00000000E+00  0.00000000E+00  0.10057433E+04  0.11464306E+05  0.12500000E+03 -0.13136919E-03  0.69999999E+00  0.10000001E+04
  0.37500000E+01  0.75000000E+00  0.00000000E+00  0.00000000E+00  0.10515105E+04  0.11809300E+06  0.12500000E+03  0.99125691E-03  0.69999999E+00  0.99999878E+03
  0.40000000E+01  0.15000000E+01  0.00000000E+00  0.00000000E+00  0.10003933E+04  0.77250952E+03  0.12500000E+03  0.45319460E-03  0.69999999E+00  0.99999951E+03
  0.37500000E+01  0.12500000E+01  0.00000000E+00  0.00000000E+00  0.10427316E+04  0.95385992E+05  0.12500000E+03  0.10985350E-02  0.69999999E+00  0.99999872E+03
  0.40000000E+01  0.20000000E+01  0.00000000E+00  0.00000000E+00  0.10010588E+04  0.20840093E+04  0.12500000E+03  0.32330409E-03  0.69999999E+00  0.99999963E+03
  0.37500000E+01  0.17500000E+01  0.00000000E+00  0.00000000E+00  0.10229052E+04  0.48148508E+05  0.12500000E+03  0.21815856E-02  0.69999999E+00  0.99999744E+03
  0.45000000E+01  0.50000000E+00  0.00000000E+00  0.00000000E+00  0.10000000E+04  0.00000000E+00  0.12500000E+03  0.18791132E-38  0.69999999E+00  0.10000000E+04
  0.42500000E+01  0.25000000E+00  0.00000000E+00  0.00000000E+00  0.10000018E+04  0.35083482E+01  0.12500000E+03 -0.74084828E-05  0.69999999E+00  0.10000000E+04
  0.45000000E+01  0.10000000E+01  0.00000000E+00  0.00000000E+00  0.10000000E+04  0.00000000E+00  0.12500000E+03 -0.17039789E-41  0.69999999E+00  0.10000000E+04
  0.42500000E+01  0.75000000E+00  0.00000000E+00  0.00000000E+00  0.10000964E+04  0.18927066E+03  0.12500000E+03 -0.16794760E-04  0.69999999E+00  0.10000000E+04
  0.45000000E+01  0.15000000E+01  0.00000000E+00  0.00000000E+00  0.10000000E+04  0.00000000E+00  0.12500000E+03 -0.52744874E-41  0.69999999E+00  0.10000000E+04
  0.42500000E+01  0.12500000E+01  0.00000000E+00  0.00000000E+00  0.10000066E+04  0.12864128E+02  0.12500000E+03  0.42522570E-05  0.69999999E+00  0.10000000E+04
  0.45000000E+01  0.20000000E+01  0.00000000E+00  0.00000000E+00  0.10000000E+04  0.00000000E+00  0.12500000E+03  0.51343576E-41  0.69999999E+00  0.10000000E+04
  0.42500000E+01  0.17500000E+01  0.00000000E+00  0.00000000E+00  0.10000031E+04  0.60811610E+01  0.12500000E+03 -0.35628464E-05  0.69999999E+00  0.10000000E+04
  0.50000000E+01  0.50000000E+00  0.00000000E+00  0.00000000E+00  0.10000000E+04  0.00000000E+00  0.12500000E+03  0.70064923E-42  0.69999999E+00  0.10000000E+04
  0.47500000E+01  0.25000000E+00  0.00000000E+00  0.00000000E+00  0.10000000E+04  0.00000000E+00  0.12500000E+03  0.63101591E-39  0.69999999E+00  0.10000000E+04
  0.50000000E+01  0.10000000E+01  0.00000000E+00  0.00000000E+00  0.10000000E+04  0.00000000E+00  0.12500000E+03 -0.00000000E+00  0.69999999E+00  0.10000000E+04
  0.47500000E+01  0.75000000E+00  0.00000000E+00  0.00000000E+00  0.10000000E+04  0.00000000E+00  0.12500000E+03  0.79033233E-42  0.69999999E+00  0.10000000E+04
  0.50000000E+01  0.15000000E+01  0.00000000E+00  0.00000000E+00  0.10000000E+04  0.00000000E+00  0.12500000E+03 -0.37582825E-41  0.69999999E+00  0.10000000E+04
  0.47500000E+01  0.12500000E+01  0.00000000E+00  0.00000000E+00  0.10000000E+04  0.00000000E+00  0.12500000E+03 -0.36349682E-41  0.69999999E+00  0.10000000E+04
  0.50000000E+01  0.20000000E+01  0.00000000E+00  0.00000000E+00  0.10000000E+04  0.00000000E+00  0.12500000E+03  0.35789163E-41  0.69999999E+00  0.10000000E+04
  0.47500000E+01  0.17500000E+01  0.00000000E+00  0.00000000E+00  0.10000000E+04  0.00000000E+00  0.12500000E+03 -0.00000000E+00  0.69999999E+00  0.10000000E+04
  0.27122242E+01  0.83534122E+00  0.73128867E+00 -0.32084592E-01  0.10059202E+04  0.11823720E+05  0.12576698E+03  0.12576656E+03  0.10000000E+01  0.00000000E+00
  0.80553496E+00  0.12058622E+01 -0.14972568E+00  0.63019514E+00  0.10011198E+04  0.22043096E+04  0.12561582E+03  0.12561256E+03  0.10000000E+01  0.00000000E+00
  0.16915665E+01  0.10003802E+01  0.18390471E+00  0.16365334E+00  0.10054624E+04  0.10894479E+05  0.12546356E+03  0.12546333E+03  0.10000000E+01  0.00000000E+00
  0.20367305E+01  0.16497092E+01  0.18589143E+01  0.40422699E+00  0.10077033E+04  0.15467683E+05  0.12531018E+03  0.12531027E+03  0.10000000E+01  0.00000000E+00
  0.28014913E+01  0.14591714E+01 -0.11883465E+00 -0.62509388E-01  0.10010278E+04  0.20228165E+04  0.12515567E+03  0.12515567E+03  0.10000000E+01  0.00000000E+00
  0.23318572E+01  0.15543811E+01  0.48478737E+00  0.65984410E+00  0.10051705E+04  0.10303169E+05  0.12500000E+03  0.12500000E+03  0.10000000E+01  0.00000000E+00
  0.28278332E+01  0.92576385E+00  0.18695402E+00 -0.16096357E+00  0.10032045E+04  0.63479253E+04  0.12576698E+03  0.12575461E+03  0.10000000E+01  0.00000000E+00
  0.82678902E+00  0.10460486E+01 -0.22602859E+00 -0.46411610E+00  0.99517920E+03 -0.93227578E+04  0.12561582E+03  0.12560624E+03  0.10000000E+01  0.00000000E+00
  0.10333905E+01  0.86933613E+00 -0.44151402E+00  0.63797313E+00  0.10040844E+04  0.81123530E+04  0.12546356E+03  0.12546037E+03  0.10000000E+01  0.00000000E+00
  0.28052619E+01  0.12654496E+01  0.10956004E+01 -0.66135550E+00  0.99519470E+03 -0.92932197E+04  0.12531018E+03  0.12531038E+03  0.10000000E+01  0.00000000E+00
  0.11796497E+01  0.87752461E+00 -0.58007315E-02  0.58337063E+00  0.10014501E+04  0.28576636E+04  0.12515567E+03  0.12515535E+03  0.10000000E+01  0.00000000E+00
  0.70602810E+00  0.81894302E+00  0.36181176E+00 -0.15356578E-01  0.10085939E+04  0.17302258E+05  0.12500000E+03  0.12500000E+03  0.10000000E+01  0.00000000E+00
  0.21025517E+01  0.10186173E+01  0.52515721E+00  0.26710719E+00  0.10070967E+04  0.14223588E+05  0.12576698E+03  0.12575644E+03  0.10000000E+01  0.00000000E+00
  0.27745697E+01  0.86868334E+00  0.21179739E+00 -0.80639035E-01  0.10032582E+04  0.64554707E+04  0.12561582E+03  0.12561059E+03  0.10000000E+01  0.00000000E+00
  0.26843452E+01  0.13652188E+01 -0.19168064E+00  0.81700325E-01  0.99883533E+03 -0.22771233E+04  0.12546356E+03  0.12546005E+03  0.10000000E+01  0.00000000E+00
  0.17601724E+01  0.10268328E+01 -0.10358423E+01 -0.51568892E-01  0.10081636E+04  0.16414574E+05  0.12531018E+03  0.12531018E+03  0.10000000E+01  0.00000000E+00
  0.30000834E+01  0.89809155E+00  0.10035419E+00 -0.33792067E+00  0.10096072E+04  0.19401369E+05  0.12515567E+03  0.12515553E+03  0.10000000E+01  0.00000000E+00
  0.11155229E+01  0.15430725E+01 -0.66450334E+00 -0.77263808E+00  0.10047320E+04  0.94170527E+04  0.12500000E+03  0.12499989E+03  0.10000000E+01  0.00000000E+00
  0.94143772E+00  0.14204582E+01 -0.84601748E+00 -0.41808218E+00  0.10012352E+04  0.24323179E+04  0.12576698E+03  0.12576566E+03  0.10000000E+01  0.00000000E+00
  0.26115394E+01  0.87436497E+00 -0.80624342E+00  0.57746559E+00  0.10029240E+04  0.57873892E+04  0.12561582E+03  0.12561228E+03  0.10000000E+01  0.00000000E+00
  0.16534543E+01  0.12666776E+01  0.30733413E+00 -0.17795445E+00  0.99385895E+03 -0.11829054E+05  0.12546356E+03  0.12546202E+03  0.10000000E+01  0.00000000E+00
  0.21909015E+01  0.10403707E+01  0.75475073E+00 -0.20717791E+00  0.10070696E+04  0.14168199E+05  0.12531018E+03  0.12530890E+03  0.10000000E+01  0.00000000E+00
  0.17240077E+01  0.18940623E+01  0.17207978E+01 -0.40898198E+00  0.10101817E+04  0.20597068E+05  0.12515567E+03  0.12515567E+03  0.10000000E+01  0.00000000E+00
  0.13779764E+01  0.88216710E+00  0.78117895E+00  0.79024351E+00  0.10029454E+04  0.58302358E+04  0.12500000E+03  0.12500012E+03  0.10000000E+01  0.00000000E+00
  0.10727696E+01  0.15388911E+01 -0.25340208E+00 -0.55476654E+00  0.10021787E+04  0.43025889E+04  0.12561582E+03  0.12561399E+03  0.10000000E+01  0.00000000E+00
  0.15887841E+01  0.19350643E+01  0.14710233E+01 -0.73416245E+00  0.10042455E+04  0.84365557E+04  0.12531018E+03  0.12531004E+03  0.10000000E+01  0.00000000E+00
  0.19916518E+01  0.20253427E+01  0.37912649E+00  0.99462497E+00  0.10004442E+04  0.87263116E+03  0.12500000E+03  0.12500000E+03  0.10000000E+01  0.00000000E+00
