  0.00000000E+00  0.00000000E+00  0.00000000E+00  0.00000000E+00  0.99910852E+03 -0.17444650E+04  0.12500000E+03  0.12945361E-02  0.69999999E+00  0.99999854E+03
  0.00000000E+00  0.50000000E+00  0.00000000E+00  0.00000000E+00  0.98811218E+03 -0.22508320E+05  0.12500000E+03  0.71305322E-03  0.69999999E+00  0.99999921E+03
  0.00000000E+00  0.10000000E+01  0.00000000E+00  0.00000000E+00  0.10179724E+04  0.37221203E+05  0.12500000E+03  0.15518945E-02  0.69999999E+00  0.99999817E+03
  0.00000000E+00  0.15000000E+01  0.00000000E+00  0.00000000E+00  0.10251431E+04  0.53211492E+05  0.12500000E+03  0.52123051E-03  0.69999999E+00  0.99999939E+03
  0.00000000E+00  0.20000000E+01  0.00000000E+00  0.00000000E+00  0.10059073E+04  0.11797550E+05  0.12500000E+03 -0.31668277E-03  0.69999999E+00  0.10000004E+04
  0.00000000E+00  0.25000000E+01  0.00000000E+00  0.00000000E+00  0.10002466E+04  0.48403955E+03  0.12500000E+03  0.71152863E-04  0.69999999E+00  0.99999994E+03
  0.00000000E+00  0.30000000E+01  0.00000000E+00  0.00000000E+00  0.10000000E+04  0.00000000E+00  0.12500000E+03  0.00000000E+00  0.69999999E+00  0.10000000E+04
  0.00000000E+00  0.35000000E+01  0.00000000E+00  0.00000000E+00  0.10000000E+04  0.00000000E+00  0.12500000E+03  0.00000000E+00  0.69999999E+00  0.10000000E+04
  0.00000000E+00  0.40000000E+01  0.00000000E+00  0.00000000E+00  0.10000000E+04  0.00000000E+00  0.12500000E+03  0.00000000E+00  0.69999999E+00  0.10000000E+04
 -0.25000000E+00 -0.25000000E+00  0.00000000E+00  0.00000000E+00  0.10013408E+04  0.26413855E+04  0.12500000E+03  0.43700644E-03  0.69999999E+00  0.99999951E+03
 -0.25000000E+00  0.25000000E+00  0.00000000E+00  0.00000000E+00  0.10068480E+04  0.13714927E+05  0.12500000E+03  0.52493537E-03  0.69999999E+00  0.99999939E+03
 -0.25000000E+00  0.75000000E+00  0.00000000E+00  0.00000000E+00  0.99632288E+03 -0.71354282E+04  0.12500000E+03 -0.56580982E-04  0.69999999E+00  0.10000001E+04
 -0.25000000E+00  0.12500000E+01  0.00000000E+00  0.00000000E+00  0.10099702E+04  0.20156426E+05  0.12500000E+03  0.49452664E-03  0.69999999E+00  0.99999945E+03
 -0.25000000E+00  0.17500000E+01  0.00000000E+00  0.00000000E+00  0.10001616E+04  0.31730682E+03  0.12500000E+03 -0.10675416E-03  0.69999999E+00  0.10000001E+04
 -0.25000000E+00  0.22500000E+01  0.00000000E+00  0.00000000E+00  0.10004730E+04  0.92938812E+03  0.12500000E+03 -0.62706749E-04  0.69999999E+00  0.10000001E+04
 -0.25000000E+00  0.27500000E+01  0.00000000E+00  0.00000000E+00  0.10000000E+04  0.00000000E+00  0.12500000E+03  0.00000000E+00  0.69999999E+00  0.10000000E+04
 -0.25000000E+00  0.32500000E+01  0.00000000E+00  0.00000000E+00  0.10000000E+04  0.00000000E+00  0.12500000E+03  0.00000000E+00  0.69999999E+00  0.10000000E+04
 -0.25000000E+00  0.37500000E+01  0.00000000E+00  0.00000000E+00  0.10000000E+04  0.00000000E+00  0.12500000E+03  0.00000000E+00  0.69999999E+00  0.10000000E+04
  0.80000000E+01  0.00000000E+00  0.00000000E+00  0.00000000E+00  0.10000000E+04  0.00000000E+00  0.12500000E+03  0.00000000E+00  0.69999999E+00  0.10000000E+04
  0.80000000E+01  0.50000000E+00  0.00000000E+00  0.00000000E+00  0.10000000E+04  0.00000000E+00  0.12500000E+03  0.00000000E+00  0.69999999E+00  0.10000000E+04
  0.80000000E+01  0.10000000E+01  0.00000000E+00  0.00000000E+00  0.10000000E+04  0.00000000E+00  0.12500000E+03  0.00000000E+00  0.69999999E+00  0.10000000E+04
  0.80000000E+01  0.15000000E+01  0.00000000E+00  0.00000000E+00  0.10000000E+04  0.00000000E+00  0.12500000E+03  0.00000000E+00  0.69999999E+00  0.10000000E+04
  0.80000000E+01  0.20000000E+01  0.00000000E+00  0.00000000E+00  0.10000000E+04  0.00000000E+00  0.12500000E+03  0.00000000E+00  0.69999999E+00  0.10000000E+04
  0.80000000E+01  0.25000000E+01  0.00000000E+00  0.00000000E+00  0.10000000E+04  0.00000000E+00  0.12500000E+03  0.00000000E+00  0.69999999E+00  0.10000000E+04
  0.80000000E+01  0.30000000E+01  0.00000000E+00  0.00000000E+00  0.10000000E+04  0.00000000E+00  0.12500000E+03  0.00000000E+00  0.69999999E+00  0.10000000E+04
  0.80000000E+01  0.35000000E+01  0.00000000E+00  0.00000000E+00  0.10000000E+04  0.00000000E+00  0.12500000E+03  0.00000000E+00  0.69999999E+00  0.10000000E+04
  0.80000000E+01  0.40000000E+01  0.00000000E+00  0.00000000E+00  0.10000000E+04  0.00000000E+00  0.12500000E+03  0.00000000E+00  0.69999999E+00  0.10000000E+04
  0.82500000E+01 -0.25000000E+00  0.00000000E+00  0.00000000E+00  0.10000000E+04  0.00000000E+00  0.12500000E+03  0.00000000E+00  0.69999999E+00  0.10000000E+04
  0.82500000E+01  0.25000000E+00  0.00000000E+00  0.00000000E+00  0.10000000E+04  0.00000000E+00  0.12500000E+03  0.00000000E+00  0.69999999E+00  0.10000000E+04
  0.82500000E+01  0.75000000E+00  0.00000000E+00  0.00000000E+00  0.10000000E+04  0.00000000E+00  0.12500000E+03  0.00000000E+00  0.69999999E+00  0.10000000E+04
  0.82500000E+01  0.12500000E+01  0.00000000E+00  0.00000000E+00  0.10000000E+04  0.00000000E+00  0.12500000E+03  0.00000000E+00  0.69999999E+00  0.10000000E+04
  0.82500000E+01  0.17500000E+01  0.00000000E+00  0.00000000E+00  0.10000000E+04  0.00000000E+00  0.12500000E+03  0.00000000E+00  0.69999999E+00  0.10000000E+04
  0.82500000E+01  0.22500000E+01  0.00000000E+00  0.00000000E+00  0.10000000E+04  0.00000000E+00  0.12500000E+03  0.00000000E+00  0.69999999E+00  0.10000000E+04
  0.82500000E+01  0.27500000E+01  0.00000000E+00  0.00000000E+00  0.10000000E+04  0.00000000E+00  0.12500000E+03  0.00000000E+00  0.69999999E+00  0.10000000E+04
  0.82500000E+01  0.32500000E+01  0.00000000E+00  0.00000000E+00  0.10000000E+04  0.00000000E+00  0.12500000E+03  0.00000000E+00  0.69999999E+00  0.10000000E+04
  0.82500000E+01  0.37500000E+01  0.00000000E+00  0.00000000E+00  0.10000000E+04  0.00000000E+00  0.12500000E+03  0.00000000E+00  0.69999999E+00  0.10000000E+04
  0.50000000E+00  0.00000000E+00  0.00000000E+00  0.00000000E+00  0.10065474E+04  0.13100955E+05  0.12500000E+03  0.60886419E-02  0.69999999E+00  0.99999298E+03
  0.10000000E+01  0.00000000E+00  0.00000000E+00  0.00000000E+00  0.10058831E+04  0.11748366E+05  0.12500000E+03  0.21360503E-02  0.69999999E+00  0.99999756E+03
  0.15000000E+01  0.00000000E+00  0.00000000E+00  0.00000000E+00  0.10111139E+04  0.22546084E+05  0.12500000E+03  0.97184656E-02  0.69999999E+00  0.99998877E+03
  0.20000000E+01  0.00000000E+00  0.00000000E+00  0.00000000E+00  0.10028395E+04  0.56186743E+04  0.12500000E+03  0.10488486E-01  0.69999999E+00  0.99998798E+03
  0.25000000E+01  0.00000000E+00  0.00000000E+00  0.00000000E+00  0.10247913E+04  0.52411219E+05  0.12500000E+03  0.48369454E-03  0.69999999E+00  0.99999945E+03
  0.30000000E+01  0.00000000E+00  0.00000000E+00  0.00000000E+00  0.10278290E+04  0.59376184E+05  0.12500000E+03  0.17215917E-02  0.69999999E+00  0.99999799E+03
  0.35000000E+01  0.00000000E+00  0.00000000E+00  0.00000000E+00  0.10037002E+04  0.73407534E+04  0.12500000E+03  0.65865199E-03  0.69999999E+00  0.99999927E+03
  0.40000000E+01  0.00000000E+00  0.00000000E+00  0.00000000E+00  0.10000134E+04  0.26430483E+02  0.12500000E+03 -0.27363869E-04  0.69999999E+00  0.10000001E+04
  0.45000000E+01  0.00000000E+00  0.00000000E+00  0.00000000E+00  0.10000000E+04  0.00000000E+00  0.12500000E+03  0.00000000E+00  0.69999999E+00  0.10000000E+04
  0.50000000E+01  0.00000000E+00  0.00000000E+00  0.00000000E+00  0.10000000E+04  0.00000000E+00  0.12500000E+03  0.00000000E+00  0.69999999E+00  0.10000000E+04
  0.55000000E+01  0.00000000E+00  0.00000000E+00  0.00000000E+00  0.10000000E+04  0.00000000E+00  0.12500000E+03  0.00000000E+00  0.69999999E+00  0.10000000E+04
  0.60000000E+01  0.00000000E+00  0.00000000E+00  0.00000000E+00  0.10000000E+04  0.00000000E+00  0.12500000E+03  0.00000000E+00  0.69999999E+00  0.10000000E+04
  0.65000000E+01  0.00000000E+00  0.00000000E+00  0.00000000E+00  0.10000000E+04  0.00000000E+00  0.12500000E+03  0.00000000E+00  0.69999999E+00  0.10000000E+04
  0.70000000E+01  0.00000000E+00  0.00000000E+00  0.00000000E+00  0.10000000E+04  0.00000000E+00  0.12500000E+03  0.00000000E+00  0.69999999E+00  0.10000000E+04
  0.75000000E+01  0.00000000E+00  0.00000000E+00  0.00000000E+00  0.10000000E+04  0.00000000E+00  0.12500000E+03  0.00000000E+00  0.69999999E+00  0.10000000E+04
  0.25000000E+00 -0.25000000E+00  0.00000000E+00  0.00000000E+00  0.10098795E+04  0.19967570E+05  0.12500000E+03  0.19742204E-02  0.69999999E+00  0.99999774E+03
  0.75000000E+00 -0.25000000E+00  0.00000000E+00  0.00000000E+00  0.10135002E+04  0.27584643E+05  0.12500000E+03  0.45254440E-02  0.69999999E+00  0.99999475E+03
  0.12500000E+01 -0.25000000E+00  0.00000000E+00  0.00000000E+00  0.10159366E+04  0.32802883E+05  0.12500000E+03  0.34843786E-02  0.69999999E+00  0.99999597E+03
  0.17500000E+01 -0.25000000E+00  0.00000000E+00  0.00000000E+00  0.10037196E+04  0.73797339E+04  0.12500000E+03  0.51118759E-02  0.69999999E+00  0.99999414E+03
  0.22500000E+01 -0.25000000E+00  0.00000000E+00  0.00000000E+00  0.10025757E+04  0.50926128E+04  0.12500000E+03  0.43891929E-02  0.69999999E+00  0.99999500E+03
  0.27500000E+01 -0.25000000E+00  0.00000000E+00  0.00000000E+00  0.10133674E+04  0.27302371E+05  0.12500000E+03  0.60525420E-03  0.69999999E+00  0.99999933E+03
  0.32500000E+01 -0.25000000E+00  0.00000000E+00  0.00000000E+00  0.10035912E+04  0.71222603E+04  0.12500000E+03  0.72589208E-03  0.69999999E+00  0.99999915E+03
  0.37500000E+01 -0.25000000E+00  0.00000000E+00  0.00000000E+00  0.10000013E+04  0.25727851E+01  0.12500000E+03 -0.59664068E-04  0.69999999E+00  0.10000001E+04
  0.42500000E+01 -0.25000000E+00  0.00000000E+00  0.00000000E+00  0.10000000E+04  0.00000000E+00  0.12500000E+03 -0.98090893E-43  0.69999999E+00  0.10000000E+04
  0.47500000E+01 -0.25000000E+00  0.00000000E+00  0.00000000E+00  0.10000000E+04  0.00000000E+00  0.12500000E+03  0.00000000E+00  0.69999999E+00  0.10000000E+04
  0.52500000E+01 -0.25000000E+00  0.00000000E+00  0.00000000E+00  0.10000000E+04  0.00000000E+00  0.12500000E+03  0.00000000E+00  0.69999999E+00  0.10000000E+04
  0.57500000E+01 -0.25000000E+00  0.00000000E+00  0.00000000E+00  0.10000000E+04  0.00000000E+00  0.12500000E+03  0.00000000E+00  0.69999999E+00  0.10000000E+04
  0.62500000E+01 -0.25000000E+00  0.00000000E+00  0.00000000E+00  0.10000000E+04  0.00000000E+00  0.12500000E+03  0.00000000E+00  0.69999999E+00  0.10000000E+04
  0.67500000E+01 -0.25000000E+00  0.00000000E+00  0.00000000E+00  0.10000000E+04  0.00000000E+00  0.12500000E+03  0.00000000E+00  0.69999999E+00  0.10000000E+04
  0.72500000E+01 -0.25000000E+00  0.00000000E+00  0.00000000E+00  0.10000000E+04  0.00000000E+00  0.12500000E+03  0.00000000E+00  0.69999999E+00  0.10000000E+04
  0.77500000E+01 -0.25000000E+00  0.00000000E+00  0.00000000E+00  0.10000000E+04  0.00000000E+00  0.12500000E+03  0.00000000E+00  0.69999999E+00  0.10000000E+04
  0.40000000E+01  0.50000000E+00  0.00000000E+00  0.00000000E+00  0.10001519E+04  0.29810992E+03  0.12500000E+03 -0.78673416E-04  0.69999999E+00  0.10000001E+04
  0.37500000E+01  0.25000000E+00  0.00000000E+00  0.00000000E+00  0.10003315E+04  0.65109155E+03  0.12500000E+03 -0.28584816E-03  0.69999999E+00  0.10000003E+04
  0.40000000E+01  0.10000000E+01  0.00000000E+00  0.00000000E+00  0.10004878E+04  0.95847400E+03  0.12500000E+03  0.13681507E-04  0.69999999E+00  0.10000000E+04
  0.37500000E+01  0.75000000E+00  0.00000000E+00  0.00000000E+00  0.10089554E+04  0.18049820E+05  0.12500000E+03  0.14610788E-03  0.69999999E+00  0.99999982E+03
  0.40000000E+01  0.15000000E+01  0.00000000E+00  0.00000000E+00  0.10007263E+04  0.14281925E+04  0.12500000E+03  0.10409969E-03  0.69999999E+00  0.99999988E+03
  0.37500000E+01  0.12500000E+01  0.00000000E+00  0.00000000E+00  0.10262283E+04  0.55690781E+05  0.12500000E+03  0.30529106E-03  0.69999999E+00  0.99999963E+03
  0.40000000E+01  0.20000000E+01  0.00000000E+00  0.00000000E+00  0.10000315E+04  0.61752430E+02  0.12500000E+03  0.20776821E-04  0.69999999E+00  0.10000000E+04
  0.37500000E+01  0.17500000E+01  0.00000000E+00  0.00000000E+00  0.10053165E+04  0.10598815E+05  0.12500000E+03  0.28370204E-03  0.69999999E+00  0.99999969E+03
  0.45000000E+01  0.50000000E+00  0.00000000E+00  0.00000000E+00  0.10000000E+04  0.00000000E+00  0.12500000E+03  0.00000000E+00  0.69999999E+00  0.10000000E+04
  0.42500000E+01  0.25000000E+00  0.00000000E+00  0.00000000E+00  0.10000018E+04  0.35083482E+01  0.12500000E+03 -0.74084828E-05  0.69999999E+00  0.10000000E+04
  0.45000000E+01  0.10000000E+01  0.00000000E+00  0.00000000E+00  0.10000000E+04  0.00000000E+00  0.12500000E+03  0.00000000E+00  0.69999999E+00  0.10000000E+04
  0.42500000E+01  0.75000000E+00  0.00000000E+00  0.00000000E+00  0.10000936E+04  0.18365413E+03  0.12500000E+03 -0.58616174E-05  0.69999999E+00  0.10000000E+04
  0.45000000E+01  0.15000000E+01  0.00000000E+00  0.00000000E+00  0.10000000E+04  0.00000000E+00  0.12500000E+03  0.00000000E+00  0.69999999E+00  0.10000000E+04
  0.42500000E+01  0.12500000E+01  0.00000000E+00  0.00000000E+00  0.10000045E+04  0.88878889E+01  0.12500000E+03  0.12300108E-04  0.69999999E+00  0.10000000E+04
  0.45000000E+01  0.20000000E+01  0.00000000E+00  0.00000000E+00  0.10000000E+04  0.00000000E+00  0.12500000E+03  0.00000000E+00  0.69999999E+00  0.10000000E+04
  0.42500000E+01  0.17500000E+01  0.00000000E+00  0.00000000E+00  0.10000000E+04  0.00000000E+00  0.12500000E+03  0.00000000E+00  0.69999999E+00  0.10000000E+04
  0.50000000E+01  0.50000000E+00  0.00000000E+00  0.00000000E+00  0.10000000E+04  0.00000000E+00  0.12500000E+03  0.00000000E+00  0.69999999E+00  0.10000000E+04
  0.47500000E+01  0.25000000E+00  0.00000000E+00  0.00000000E+00  0.10000000E+04  0.00000000E+00  0.12500000E+03  0.00000000E+00  0.69999999E+00  0.10000000E+04
  0.50000000E+01  0.10000000E+01  0.00000000E+00  0.00000000E+00  0.10000000E+04  0.00000000E+00  0.12500000E+03  0.00000000E+00  0.69999999E+00  0.10000000E+04
  0.47500000E+01  0.75000000E+00  0.00000000E+00  0.00000000E+00  0.10000000E+04  0.00000000E+00  0.12500000E+03  0.00000000E+00  0.69999999E+00  0.10000000E+04
  0.50000000E+01  0.15000000E+01  0.00000000E+00  0.00000000E+00  0.10000000E+04  0.00000000E+00  0.12500000E+03  0.00000000E+00  0.69999999E+00  0.10000000E+04
  0.47500000E+01  0.12500000E+01  0.00000000E+00  0.00000000E+00  0.10000000E+04  0.00000000E+00  0.12500000E+03  0.00000000E+00  0.69999999E+00  0.10000000E+04
  0.50000000E+01  0.20000000E+01  0.00000000E+00  0.00000000E+00  0.10000000E+04  0.00000000E+00  0.12500000E+03  0.00000000E+00  0.69999999E+00  0.10000000E+04
  0.47500000E+01  0.17500000E+01  0.00000000E+00  0.00000000E+00  0.10000000E+04  0.00000000E+00  0.12500000E+03  0.00000000E+00  0.69999999E+00  0.10000000E+04
  0.69842947E+00  0.25803050E+00 -0.55394274E+00 -0.12970605E+00  0.99374921E+03 -0.12036468E+05  0.12576698E+03  0.12576698E+03  0.10000000E+01  0.00000000E+00
  0.61823273E+00  0.58425105E+00  0.64786452E+00  0.21158132E+00  0.10086105E+04  0.17336484E+05  0.12561582E+03  0.12561256E+03  0.10000000E+01  0.00000000E+00
  0.61919940E+00  0.69774818E+00  0.51867199E+00  0.29488790E+00  0.10049539E+04  0.98651211E+04  0.12546356E+03  0.12546356E+03  0.10000000E+01  0.00000000E+00
  0.88013309E+00  0.92437828E+00 -0.27554083E+00  0.11240019E+01  0.10019347E+04  0.38178801E+04  0.12531018E+03  0.12531018E+03  0.10000000E+01  0.00000000E+00
  0.11457657E+01  0.10312066E+01 -0.82580477E+00  0.44645968E+00  0.10029869E+04  0.59130884E+04  0.12515567E+03  0.12515567E+03  0.10000000E+01  0.00000000E+00
  0.18660698E+01  0.14111259E+01  0.98094821E+00  0.22162992E+00  0.10028688E+04  0.56772031E+04  0.12500000E+03  0.12500000E+03  0.10000000E+01  0.00000000E+00
  0.13505647E+01  0.16804656E+00  0.28032923E+00  0.26740673E+00  0.99453632E+03 -0.10545586E+05  0.12576698E+03  0.12575893E+03  0.10000000E+01  0.00000000E+00
  0.99668682E+00  0.46915221E+00 -0.19458669E+00  0.46787567E-01  0.10059264E+04  0.11836320E+05  0.12561582E+03  0.12560903E+03  0.10000000E+01  0.00000000E+00
  0.14009888E+01  0.53182328E+00  0.33593412E-01 -0.22842380E+00  0.10074257E+04  0.14897761E+05  0.12546356E+03  0.12546236E+03  0.10000000E+01  0.00000000E+00
  0.10200676E+01  0.79039657E+00 -0.10583994E+01  0.51262009E+00  0.10095954E+04  0.19376848E+05  0.12531018E+03  0.12531018E+03  0.10000000E+01  0.00000000E+00
  0.16260774E+01  0.93282485E+00 -0.27161539E+00 -0.11740732E+01  0.10028344E+04  0.56084443E+04  0.12515567E+03  0.12515567E+03  0.10000000E+01  0.00000000E+00
  0.13612314E+01  0.11951509E+01 -0.71717513E+00 -0.52171159E+00  0.10036747E+04  0.72898228E+04  0.12500000E+03  0.12500000E+03  0.10000000E+01  0.00000000E+00
  0.20142634E+01  0.28824905E+00 -0.55548972E+00  0.89280300E-01  0.10047901E+04  0.95342490E+04  0.12576698E+03  0.12576019E+03  0.10000000E+01  0.00000000E+00
  0.18990178E+01  0.53077137E+00  0.60251963E+00  0.23697376E+00  0.10040681E+04  0.80795186E+04  0.12561582E+03  0.12561089E+03  0.10000000E+01  0.00000000E+00
  0.25280876E+01  0.56052530E+00  0.37139630E+00 -0.56208086E+00  0.99422754E+03 -0.11131335E+05  0.12546356E+03  0.12546295E+03  0.10000000E+01  0.00000000E+00
  0.19607205E+01  0.78528976E+00  0.77339679E+00  0.13359332E+00  0.10015897E+04  0.31340544E+04  0.12531018E+03  0.12531018E+03  0.10000000E+01  0.00000000E+00
  0.23819542E+01  0.10264318E+01  0.11286018E+01 -0.53101480E+00  0.10161382E+04  0.33238004E+05  0.12515567E+03  0.12515567E+03  0.10000000E+01  0.00000000E+00
  0.19869373E+01  0.14991555E+01  0.40059394E+00  0.18943214E+00  0.10024365E+04  0.48155352E+04  0.12500000E+03  0.12500000E+03  0.10000000E+01  0.00000000E+00
  0.18625369E+01  0.55267048E+00 -0.12136887E+01 -0.14630283E+00  0.99754572E+03 -0.47799893E+04  0.12576698E+03  0.12576698E+03  0.10000000E+01  0.00000000E+00
  0.23200293E+01  0.63483196E+00 -0.11478906E+01  0.10767519E+01  0.10051212E+04  0.10203552E+05  0.12561582E+03  0.12561221E+03  0.10000000E+01  0.00000000E+00
  0.27988286E+01  0.76251853E+00 -0.10722984E+01  0.29841131E+00  0.99730951E+03 -0.52363325E+04  0.12546356E+03  0.12546202E+03  0.10000000E+01  0.00000000E+00
  0.27205086E+01  0.60641181E+00 -0.45358068E+00 -0.10611601E+01  0.99963202E+03 -0.72121759E+03  0.12531018E+03  0.12531018E+03  0.10000000E+01  0.00000000E+00
  0.27922063E+01  0.12312853E+01 -0.17207910E+00  0.12490292E+01  0.99877692E+03 -0.23909102E+04  0.12515567E+03  0.12515567E+03  0.10000000E+01  0.00000000E+00
  0.25917883E+01  0.14122701E+01  0.11094717E+01 -0.20961121E+00  0.99925531E+03 -0.14578420E+04  0.12500000E+03  0.12500000E+03  0.10000000E+01  0.00000000E+00
  0.21137600E+01  0.13821037E+01 -0.18950312E+01 -0.24966802E-01  0.98775586E+03 -0.23158414E+05  0.12561582E+03  0.12561399E+03  0.10000000E+01  0.00000000E+00
  0.29349308E+01  0.11034344E+01 -0.10464296E+01  0.16652359E+01  0.10149321E+04  0.30642186E+05  0.12531018E+03  0.12531018E+03  0.10000000E+01  0.00000000E+00
  0.22682815E+01  0.18361199E+01 -0.97365248E+00 -0.12470314E+00  0.10014245E+04  0.28069421E+04  0.12500000E+03  0.12500000E+03  0.10000000E+01  0.00000000E+00
