  0.00000000E+00  0.00000000E+00  0.00000000E+00  0.00000000E+00  0.10006042E+04  0.11877329E+04  0.12500000E+03  0.21492618E-02  0.69999999E+00  0.99999756E+03
  0.00000000E+00  0.50000000E+00  0.00000000E+00  0.00000000E+00  0.10129506E+04  0.26417725E+05  0.12500000E+03  0.21918793E-02  0.69999999E+00  0.99999744E+03
  0.00000000E+00  0.10000000E+01  0.00000000E+00  0.00000000E+00  0.10160575E+04  0.33063738E+05  0.12500000E+03  0.29563906E-02  0.69999999E+00  0.99999658E+03
  0.00000000E+00  0.15000000E+01  0.00000000E+00  0.00000000E+00  0.10111721E+04  0.22668318E+05  0.12500000E+03  0.10442068E-02  0.69999999E+00  0.99999878E+03
  0.00000000E+00  0.20000000E+01  0.00000000E+00  0.00000000E+00  0.10179297E+04  0.37127777E+05  0.12500000E+03 -0.10910498E-02  0.69999999E+00  0.10000013E+04
  0.00000000E+00  0.25000000E+01  0.00000000E+00  0.00000000E+00  0.10030736E+04  0.60862402E+04  0.12500000E+03  0.33517432E-03  0.69999999E+00  0.99999963E+03
  0.00000000E+00  0.30000000E+01  0.00000000E+00  0.00000000E+00  0.10000000E+04  0.00000000E+00  0.12500000E+03  0.60528782E-05  0.69999999E+00  0.10000000E+04
  0.00000000E+00  0.35000000E+01  0.00000000E+00  0.00000000E+00  0.10000000E+04  0.00000000E+00  0.12500000E+03  0.00000000E+00  0.69999999E+00  0.10000000E+04
  0.00000000E+00  0.40000000E+01  0.00000000E+00  0.00000000E+00  0.10000000E+04  0.00000000E+00  0.12500000E+03  0.00000000E+00  0.69999999E+00  0.10000000E+04
 -0.25000000E+00 -0.25000000E+00  0.00000000E+00  0.00000000E+00  0.10006414E+04  0.12607445E+04  0.12500000E+03  0.52005530E-03  0.69999999E+00  0.99999939E+03
 -0.25000000E+00  0.25000000E+00  0.00000000E+00  0.00000000E+00  0.10008904E+04  0.17515873E+04  0.12500000E+03  0.90593827E-03  0.69999999E+00  0.99999896E+03
 -0.25000000E+00  0.75000000E+00  0.00000000E+00  0.00000000E+00  0.10088130E+04  0.17755090E+05  0.12500000E+03  0.22024702E-03  0.69999999E+00  0.99999976E+03
 -0.25000000E+00  0.12500000E+01  0.00000000E+00  0.00000000E+00  0.10034944E+04  0.69282695E+04  0.12500000E+03  0.94646151E-03  0.69999999E+00  0.99999890E+03
 -0.25000000E+00  0.17500000E+01  0.00000000E+00  0.00000000E+00  0.10011808E+04  0.23248894E+04  0.12500000E+03 -0.25443197E-03  0.69999999E+00  0.10000003E+04
 -0.25000000E+00  0.22500000E+01  0.00000000E+00  0.00000000E+00  0.10012462E+04  0.24542319E+04  0.12500000E+03 -0.15003496E-03  0.69999999E+00  0.10000002E+04
 -0.25000000E+00  0.27500000E+01  0.00000000E+00  0.00000000E+00  0.10000000E+04  0.00000000E+00  0.12500000E+03  0.28025969E-43  0.69999999E+00  0.10000000E+04
 -0.25000000E+00  0.32500000E+01  0.00000000E+00  0.00000000E+00  0.10000000E+04  0.00000000E+00  0.12500000E+03  0.00000000E+00  0.69999999E+00  0.10000000E+04
 -0.25000000E+00  0.37500000E+01  0.00000000E+00  0.00000000E+00  0.10000000E+04  0.00000000E+00  0.12500000E+03  0.00000000E+00  0.69999999E+00  0.10000000E+04
  0.80000000E+01  0.00000000E+00  0.00000000E+00  0.00000000E+00  0.10000000E+04  0.00000000E+00  0.12500000E+03  0.00000000E+00  0.69999999E+00  0.10000000E+04
  0.80000000E+01  0.50000000E+00  0.00000000E+00  0.00000000E+00  0.10000000E+04  0.00000000E+00  0.12500000E+03  0.00000000E+00  0.69999999E+00  0.10000000E+04
  0.80000000E+01  0.10000000E+01  0.00000000E+00  0.00000000E+00  0.10000000E+04  0.00000000E+00  0.12500000E+03  0.00000000E+00  0.69999999E+00  0.10000000E+04
  0.80000000E+01  0.15000000E+01  0.00000000E+00  0.00000000E+00  0.10000000E+04  0.00000000E+00  0.12500000E+03  0.00000000E+00  0.69999999E+00  0.10000000E+04
  0.80000000E+01  0.20000000E+01  0.00000000E+00  0.00000000E+00  0.10000000E+04  0.00000000E+00  0.12500000E+03  0.00000000E+00  0.69999999E+00  0.10000000E+04
  0.80000000E+01  0.25000000E+01  0.00000000E+00  0.00000000E+00  0.10000000E+04  0.00000000E+00  0.12500000E+03  0.00000000E+00  0.69999999E+00  0.10000000E+04
  0.80000000E+01  0.30000000E+01  0.00000000E+00  0.00000000E+00  0.10000000E+04  0.00000000E+00  0.12500000E+03  0.00000000E+00  0.69999999E+00  0.10000000E+04
  0.80000000E+01  0.35000000E+01  0.00000000E+00  0.00000000E+00  0.10000000E+04  0.00000000E+00  0.12500000E+03  0.00000000E+00  0.69999999E+00  0.10000000E+04
  0.80000000E+01  0.40000000E+01  0.00000000E+00  0.00000000E+00  0.10000000E+04  0.00000000E+00  0.12500000E+03  0.00000000E+00  0.69999999E+00  0.10000000E+04
  0.82500000E+01 -0.25000000E+00  0.00000000E+00  0.00000000E+00  0.10000000E+04  0.00000000E+00  0.12500000E+03  0.00000000E+00  0.69999999E+00  0.10000000E+04
  0.82500000E+01  0.25000000E+00  0.00000000E+00  0.00000000E+00  0.10000000E+04  0.00000000E+00  0.12500000E+03  0.00000000E+00  0.69999999E+00  0.10000000E+04
  0.82500000E+01  0.75000000E+00  0.00000000E+00  0.00000000E+00  0.10000000E+04  0.00000000E+00  0.12500000E+03  0.00000000E+00  0.69999999E+00  0.10000000E+04
  0.82500000E+01  0.12500000E+01  0.00000000E+00  0.00000000E+00  0.10000000E+04  0.00000000E+00  0.12500000E+03  0.00000000E+00  0.69999999E+00  0.10000000E+04
  0.82500000E+01  0.17500000E+01  0.00000000E+00  0.00000000E+00  0.10000000E+04  0.00000000E+00  0.12500000E+03  0.00000000E+00  0.69999999E+00  0.10000000E+04
  0.82500000E+01  0.22500000E+01  0.00000000E+00  0.00000000E+00  0.10000000E+04  0.00000000E+00  0.12500000E+03  0.00000000E+00  0.69999999E+00  0.10000000E+04
  0.82500000E+01  0.27500000E+01  0.00000000E+00  0.00000000E+00  0.10000000E+04  0.00000000E+00  0.12500000E+03  0.00000000E+00  0.69999999E+00  0.10000000E+04
  0.82500000E+01  0.32500000E+01  0.00000000E+00  0.00000000E+00  0.10000000E+04  0.00000000E+00  0.12500000E+03  0.00000000E+00  0.69999999E+00  0.10000000E+04
  0.82500000E+01  0.37500000E+01  0.00000000E+00  0.00000000E+00  0.10000000E+04  0.00000000E+00  0.12500000E+03  0.00000000E+00  0.69999999E+00  0.10000000E+04
  0.50000000E+00  0.00000000E+00  0.00000000E+00  0.00000000E+00  0.10262872E+04  0.55825766E+05  0.12500000E+03  0.10554712E-01  0.69999999E+00  0.99998761E+03
  0.10000000E+01  0.00000000E+00  0.00000000E+00  0.00000000E+00  0.10468662E+04  0.10593819E+06  0.12500000E+03  0.54245670E-02  0.69999999E+00  0.99999353E+03
  0.15000000E+01  0.00000000E+00  0.00000000E+00  0.00000000E+00  0.10423872E+04  0.94518609E+05  0.12500000E+03  0.18912371E-01  0.69999999E+00  0.99997748E+03
  0.20000000E+01  0.00000000E+00  0.00000000E+00  0.00000000E+00  0.11570386E+04  0.49781500E+06  0.12500000E+03  0.21462778E-01  0.69999999E+00  0.99997162E+03
  0.25000000E+01  0.00000000E+00  0.00000000E+00  0.00000000E+00  0.10395433E+04  0.87419102E+05  0.12500000E+03  0.47085392E-02  0.69999999E+00  0.99999438E+03
  0.30000000E+01  0.00000000E+00  0.00000000E+00  0.00000000E+00  0.10495137E+04  0.11282759E+06  0.12500000E+03  0.64274399E-02  0.69999999E+00  0.99999231E+03
  0.35000000E+01  0.00000000E+00  0.00000000E+00  0.00000000E+00  0.10096885E+04  0.19570340E+05  0.12500000E+03  0.24659608E-02  0.69999999E+00  0.99999713E+03
  0.40000000E+01  0.00000000E+00  0.00000000E+00  0.00000000E+00  0.10000137E+04  0.26898298E+02  0.12500000E+03 -0.68247195E-04  0.69999999E+00  0.10000001E+04
  0.45000000E+01  0.00000000E+00  0.00000000E+00  0.00000000E+00  0.10000000E+04  0.00000000E+00  0.12500000E+03  0.71998715E-41  0.69999999E+00  0.10000000E+04
  0.50000000E+01  0.00000000E+00  0.00000000E+00  0.00000000E+00  0.10000000E+04  0.00000000E+00  0.12500000E+03  0.00000000E+00  0.69999999E+00  0.10000000E+04
  0.55000000E+01  0.00000000E+00  0.00000000E+00  0.00000000E+00  0.10000000E+04  0.00000000E+00  0.12500000E+03  0.00000000E+00  0.69999999E+00  0.10000000E+04
  0.60000000E+01  0.00000000E+00  0.00000000E+00  0.00000000E+00  0.10000000E+04  0.00000000E+00  0.12500000E+03  0.00000000E+00  0.69999999E+00  0.10000000E+04
  0.65000000E+01  0.00000000E+00  0.00000000E+00  0.00000000E+00  0.10000000E+04  0.00000000E+00  0.12500000E+03  0.00000000E+00  0.69999999E+00  0.10000000E+04
  0.70000000E+01  0.00000000E+00  0.00000000E+00  0.00000000E+00  0.10000000E+04  0.00000000E+00  0.12500000E+03  0.00000000E+00  0.69999999E+00  0.10000000E+04
  0.75000000E+01  0.00000000E+00  0.00000000E+00  0.00000000E+00  0.10000000E+04  0.00000000E+00  0.12500000E+03  0.00000000E+00  0.69999999E+00  0.10000000E+04
  0.25000000E+00 -0.25000000E+00  0.00000000E+00  0.00000000E+00  0.10053209E+04  0.10607749E+05  0.12500000E+03  0.29954119E-02  0.69999999E+00  0.99999658E+03
  0.75000000E+00 -0.25000000E+00  0.00000000E+00  0.00000000E+00  0.10235510E+04  0.49602906E+05  0.12500000E+03  0.77376333E-02  0.69999999E+00  0.99999097E+03
  0.12500000E+01 -0.25000000E+00  0.00000000E+00  0.00000000E+00  0.10107041E+04  0.21688135E+05  0.12500000E+03  0.62169246E-02  0.69999999E+00  0.99999280E+03
  0.17500000E+01 -0.25000000E+00  0.00000000E+00  0.00000000E+00  0.10169637E+04  0.35025332E+05  0.12500000E+03  0.95216427E-02  0.69999999E+00  0.99998895E+03
  0.22500000E+01 -0.25000000E+00  0.00000000E+00  0.00000000E+00  0.10016930E+04  0.33386050E+04  0.12500000E+03  0.90378858E-02  0.69999999E+00  0.99998969E+03
  0.27500000E+01 -0.25000000E+00  0.00000000E+00  0.00000000E+00  0.10040181E+04  0.79791177E+04  0.12500000E+03  0.31511479E-02  0.69999999E+00  0.99999640E+03
  0.32500000E+01 -0.25000000E+00  0.00000000E+00  0.00000000E+00  0.10012294E+04  0.24210081E+04  0.12500000E+03  0.23823315E-02  0.69999999E+00  0.99999725E+03
  0.37500000E+01 -0.25000000E+00  0.00000000E+00  0.00000000E+00  0.10000070E+04  0.13565822E+02  0.12500000E+03 -0.15635355E-03  0.69999999E+00  0.10000002E+04
  0.42500000E+01 -0.25000000E+00  0.00000000E+00  0.00000000E+00  0.10000000E+04  0.00000000E+00  0.12500000E+03 -0.23463644E-37  0.69999999E+00  0.10000000E+04
  0.47500000E+01 -0.25000000E+00  0.00000000E+00  0.00000000E+00  0.10000000E+04  0.00000000E+00  0.12500000E+03 -0.82788713E-41  0.69999999E+00  0.10000000E+04
  0.52500000E+01 -0.25000000E+00  0.00000000E+00  0.00000000E+00  0.10000000E+04  0.00000000E+00  0.12500000E+03  0.00000000E+00  0.69999999E+00  0.10000000E+04
  0.57500000E+01 -0.25000000E+00  0.00000000E+00  0.00000000E+00  0.10000000E+04  0.00000000E+00  0.12500000E+03  0.00000000E+00  0.69999999E+00  0.10000000E+04
  0.62500000E+01 -0.25000000E+00  0.00000000E+00  0.00000000E+00  0.10000000E+04  0.00000000E+00  0.12500000E+03  0.00000000E+00  0.69999999E+00  0.10000000E+04
  0.67500000E+01 -0.25000000E+00  0.00000000E+00  0.00000000E+00  0.10000000E+04  0.00000000E+00  0.12500000E+03  0.00000000E+00  0.69999999E+00  0.10000000E+04
  0.72500000E+01 -0.25000000E+00  0.00000000E+00  0.00000000E+00  0.10000000E+04  0.00000000E+00  0.12500000E+03  0.00000000E+00  0.69999999E+00  0.10000000E+04
  0.77500000E+01 -0.25000000E+00  0.00000000E+00  0.00000000E+00  0.10000000E+04  0.00000000E+00  0.12500000E+03  0.00000000E+00  0.69999999E+00  0.10000000E+04
  0.40000000E+01  0.50000000E+00  0.00000000E+00  0.00000000E+00  0.10019335E+04  0.38155142E+04  0.12500000E+03 -0.24444843E-03  0.69999999E+00  0.10000003E+04
  0.37500000E+01  0.25000000E+00  0.00000000E+00  0.00000000E+00  0.10095609E+04  0.19305275E+05  0.12500000E+03 -0.11017863E-02  0.69999999E+00  0.10000013E+04
  0.40000000E+01  0.10000000E+01  0.00000000E+00  0.00000000E+00  0.10039865E+04  0.79156338E+04  0.12500000E+03 -0.92631075E-04  0.69999999E+00  0.10000001E+04
  0.37500000E+01  0.75000000E+00  0.00000000E+00  0.00000000E+00  0.10614690E+04  0.14526572E+06  0.12500000E+03  0.80331636E-03  0.69999999E+00  0.99999902E+03
  0.40000000E+01  0.15000000E+01  0.00000000E+00  0.00000000E+00  0.10014437E+04  0.28449236E+04  0.12500000E+03  0.27818442E-03  0.69999999E+00  0.99999969E+03
  0.37500000E+01  0.12500000E+01  0.00000000E+00  0.00000000E+00  0.10443683E+04  0.99533242E+05  0.12500000E+03  0.59722975E-03  0.69999999E+00  0.99999927E+03
  0.40000000E+01  0.20000000E+01  0.00000000E+00  0.00000000E+00  0.10002064E+04  0.40534610E+03  0.12500000E+03  0.23931336E-03  0.69999999E+00  0.99999976E+03
  0.37500000E+01  0.17500000E+01  0.00000000E+00  0.00000000E+00  0.10327878E+04  0.71014695E+05  0.12500000E+03  0.13219367E-02  0.69999999E+00  0.99999841E+03
  0.45000000E+01  0.50000000E+00  0.00000000E+00  0.00000000E+00  0.10000000E+04  0.00000000E+00  0.12500000E+03  0.24937507E-40  0.69999999E+00  0.10000000E+04
  0.42500000E+01  0.25000000E+00  0.00000000E+00  0.00000000E+00  0.10000018E+04  0.35083482E+01  0.12500000E+03 -0.74084828E-05  0.69999999E+00  0.10000000E+04
  0.45000000E+01  0.10000000E+01  0.00000000E+00  0.00000000E+00  0.10000000E+04  0.00000000E+00  0.12500000E+03  0.00000000E+00  0.69999999E+00  0.10000000E+04
  0.42500000E+01  0.75000000E+00  0.00000000E+00  0.00000000E+00  0.10000944E+04  0.18529227E+03  0.12500000E+03 -0.10389014E-04  0.69999999E+00  0.10000000E+04
  0.45000000E+01  0.15000000E+01  0.00000000E+00  0.00000000E+00  0.10000000E+04  0.00000000E+00  0.12500000E+03 -0.00000000E+00  0.69999999E+00  0.10000000E+04
  0.42500000E+01  0.12500000E+01  0.00000000E+00  0.00000000E+00  0.10000066E+04  0.12864128E+02  0.12500000E+03  0.34267537E-05  0.69999999E+00  0.10000000E+04
  0.45000000E+01  0.20000000E+01  0.00000000E+00  0.00000000E+00  0.10000000E+04  0.00000000E+00  0.12500000E+03  0.00000000E+00  0.69999999E+00  0.10000000E+04
  0.42500000E+01  0.17500000E+01  0.00000000E+00  0.00000000E+00  0.10000031E+04  0.60811610E+01  0.12500000E+03  0.28991612E-05  0.69999999E+00  0.10000000E+04
  0.50000000E+01  0.50000000E+00  0.00000000E+00  0.00000000E+00  0.10000000E+04  0.00000000E+00  0.12500000E+03  0.00000000E+00  0.69999999E+00  0.10000000E+04
  0.47500000E+01  0.25000000E+00  0.00000000E+00  0.00000000E+00  0.10000000E+04  0.00000000E+00  0.12500000E+03  0.81667675E-41  0.69999999E+00  0.10000000E+04
  0.50000000E+01  0.10000000E+01  0.00000000E+00  0.00000000E+00  0.10000000E+04  0.00000000E+00  0.12500000E+03  0.00000000E+00  0.69999999E+00  0.10000000E+04
  0.47500000E+01  0.75000000E+00  0.00000000E+00  0.00000000E+00  0.10000000E+04  0.00000000E+00  0.12500000E+03  0.00000000E+00  0.69999999E+00  0.10000000E+04
  0.50000000E+01  0.15000000E+01  0.00000000E+00  0.00000000E+00  0.10000000E+04  0.00000000E+00  0.12500000E+03  0.00000000E+00  0.69999999E+00  0.10000000E+04
  0.47500000E+01  0.12500000E+01  0.00000000E+00  0.00000000E+00  0.10000000E+04  0.00000000E+00  0.12500000E+03  0.00000000E+00  0.69999999E+00  0.10000000E+04
  0.50000000E+01  0.20000000E+01  0.00000000E+00  0.00000000E+00  0.10000000E+04  0.00000000E+00  0.12500000E+03  0.00000000E+00  0.69999999E+00  0.10000000E+04
  0.47500000E+01  0.17500000E+01  0.00000000E+00  0.00000000E+00  0.10000000E+04  0.00000000E+00  0.12500000E+03 -0.00000000E+00  0.69999999E+00  0.10000000E+04
  0.27717855E+01  0.93954277E+00 -0.47669560E+00 -0.38576746E+00  0.99556982E+03 -0.85773311E+04  0.12576698E+03  0.12576674E+03  0.10000000E+01  0.00000000E+00
  0.14645075E+01  0.99529898E+00  0.32603669E+00 -0.40901351E+00  0.10003247E+04  0.63773364E+03  0.12561582E+03  0.12561256E+03  0.10000000E+01  0.00000000E+00
  0.14764283E+01  0.14034654E+01  0.12703004E+01 -0.14749615E+01  0.99217358E+03 -0.14999508E+05  0.12546356E+03  0.12546333E+03  0.10000000E+01  0.00000000E+00
  0.20684648E+01  0.16092411E+01  0.16168547E+01  0.10078316E+01  0.10051861E+04  0.10334772E+05  0.12531018E+03  0.12531027E+03  0.10000000E+01  0.00000000E+00
  0.24997840E+01  0.16870624E+01  0.93166387E+00  0.16822039E+01  0.99914978E+03 -0.16638451E+04  0.12515567E+03  0.12515567E+03  0.10000000E+01  0.00000000E+00
  0.29144335E+01  0.14707325E+01 -0.28354746E+00  0.42140621E+00  0.10090040E+04  0.18150258E+05  0.12500000E+03  0.12500000E+03  0.10000000E+01  0.00000000E+00
  0.26514311E+01  0.90183890E+00  0.48886202E-01  0.29091752E+00  0.99369495E+03 -0.12138940E+05  0.12576698E+03  0.12575494E+03  0.10000000E+01  0.00000000E+00
  0.11719447E+01  0.96510100E+00 -0.59129548E+00 -0.34550953E+00  0.99453674E+03 -0.10544793E+05  0.12561582E+03  0.12560624E+03  0.10000000E+01  0.00000000E+00
  0.10760508E+01  0.12540886E+01 -0.44336200E+00 -0.11833630E+01  0.99145343E+03 -0.16344545E+05  0.12546356E+03  0.12546037E+03  0.10000000E+01  0.00000000E+00
  0.24961164E+01  0.13640302E+01 -0.42532973E-01  0.67860758E+00  0.99974512E+03 -0.49967172E+03  0.12531018E+03  0.12531038E+03  0.10000000E+01  0.00000000E+00
  0.11289629E+01  0.88865745E+00 -0.13885988E+00 -0.43191403E+00  0.99556763E+03 -0.85815439E+04  0.12515567E+03  0.12515567E+03  0.10000000E+01  0.00000000E+00
  0.71486187E+00  0.92496407E+00 -0.26988834E+00 -0.80214536E+00  0.10062590E+04  0.12513091E+05  0.12500000E+03  0.12500000E+03  0.10000000E+01  0.00000000E+00
  0.20326703E+01  0.97460735E+00 -0.54150665E+00  0.54050493E+00  0.10096898E+04  0.19573066E+05  0.12576698E+03  0.12575644E+03  0.10000000E+01  0.00000000E+00
  0.24803784E+01  0.90010679E+00  0.71417224E+00  0.21868730E+00  0.99593347E+03 -0.78818481E+04  0.12561582E+03  0.12561089E+03  0.10000000E+01  0.00000000E+00
  0.28405738E+01  0.80754292E+00  0.77941251E+00  0.10242877E+01  0.99467377E+03 -0.10284524E+05  0.12546356E+03  0.12546005E+03  0.10000000E+01  0.00000000E+00
  0.21480467E+01  0.12651249E+01  0.11850998E+00  0.11580291E+01  0.99945203E+03 -0.10733035E+04  0.12531018E+03  0.12531018E+03  0.10000000E+01  0.00000000E+00
  0.29520426E+01  0.80343866E+00 -0.64876670E+00 -0.76783502E+00  0.10025154E+04  0.49726836E+04  0.12515567E+03  0.12515553E+03  0.10000000E+01  0.00000000E+00
  0.16331723E+01  0.15454538E+01  0.13312294E+01 -0.15279958E+01  0.10000869E+04  0.17054927E+03  0.12500000E+03  0.12499989E+03  0.10000000E+01  0.00000000E+00
  0.91245365E+00  0.10315582E+01 -0.33236045E+00 -0.34169710E+00  0.99414221E+03 -0.11292928E+05  0.12576698E+03  0.12576566E+03  0.10000000E+01  0.00000000E+00
  0.24316611E+01  0.91038239E+00  0.16593032E+00  0.52717841E+00  0.99555389E+03 -0.86077324E+04  0.12561582E+03  0.12561221E+03  0.10000000E+01  0.00000000E+00
  0.28093209E+01  0.13993647E+01 -0.16876462E+01  0.24172475E+01  0.10032868E+04  0.65127148E+04  0.12546356E+03  0.12546202E+03  0.10000000E+01  0.00000000E+00
  0.19754789E+01  0.95304227E+00  0.15755346E+00 -0.20854896E+00  0.10105870E+04  0.21443141E+05  0.12531018E+03  0.12530890E+03  0.10000000E+01  0.00000000E+00
  0.10079930E+01  0.15641370E+01 -0.60817301E-01 -0.95774782E+00  0.10006295E+04  0.12375011E+04  0.12515567E+03  0.12515567E+03  0.10000000E+01  0.00000000E+00
  0.15156398E+01  0.80443358E+00  0.10493553E+01  0.14313585E+00  0.10113895E+04  0.23124383E+05  0.12500000E+03  0.12500012E+03  0.10000000E+01  0.00000000E+00
  0.13561552E+01  0.15405922E+01 -0.10441157E+01 -0.16319729E+01  0.99750031E+03 -0.48677847E+04  0.12561582E+03  0.12561399E+03  0.10000000E+01  0.00000000E+00
  0.26106658E+01  0.19520195E+01 -0.76886630E+00  0.11790657E+01  0.10037842E+04  0.75096211E+04  0.12531018E+03  0.12531004E+03  0.10000000E+01  0.00000000E+00
  0.27352970E+01  0.20482268E+01  0.21766701E+01  0.27159715E+00  0.10015476E+04  0.30504756E+04  0.12500000E+03  0.12500000E+03  0.10000000E+01  0.00000000E+00
