  0.00000000E+00  0.00000000E+00  0.00000000E+00  0.00000000E+00  0.10011432E+04  0.22506992E+04  0.12500000E+03  0.19300347E-02  0.69999999E+00  0.99999780E+03
  0.00000000E+00  0.50000000E+00  0.00000000E+00  0.00000000E+00  0.10045237E+04  0.89967305E+04  0.12500000E+03  0.14846565E-02  0.69999999E+00  0.99999829E+03
  0.00000000E+00  0.10000000E+01  0.00000000E+00  0.00000000E+00  0.10256539E+04  0.54376738E+05  0.12500000E+03  0.24083329E-02  0.69999999E+00  0.99999719E+03
  0.00000000E+00  0.15000000E+01  0.00000000E+00  0.00000000E+00  0.10367679E+04  0.80601867E+05  0.12500000E+03  0.90108800E-03  0.69999999E+00  0.99999896E+03
  0.00000000E+00  0.20000000E+01  0.00000000E+00  0.00000000E+00  0.10147706E+04  0.30296211E+05  0.12500000E+03 -0.70874579E-03  0.69999999E+00  0.10000008E+04
  0.00000000E+00  0.25000000E+01  0.00000000E+00  0.00000000E+00  0.10002516E+04  0.49387756E+03  0.12500000E+03  0.12336450E-03  0.69999999E+00  0.99999988E+03
  0.00000000E+00  0.30000000E+01  0.00000000E+00  0.00000000E+00  0.10000000E+04  0.00000000E+00  0.12500000E+03  0.00000000E+00  0.69999999E+00  0.10000000E+04
  0.00000000E+00  0.35000000E+01  0.00000000E+00  0.00000000E+00  0.10000000E+04  0.00000000E+00  0.12500000E+03  0.00000000E+00  0.69999999E+00  0.10000000E+04
  0.00000000E+00  0.40000000E+01  0.00000000E+00  0.00000000E+00  0.10000000E+04  0.00000000E+00  0.12500000E+03  0.00000000E+00  0.69999999E+00  0.10000000E+04
 -0.25000000E+00 -0.25000000E+00  0.00000000E+00  0.00000000E+00  0.10006414E+04  0.12607445E+04  0.12500000E+03  0.52005530E-03  0.69999999E+00  0.99999939E+03
 -0.25000000E+00  0.25000000E+00  0.00000000E+00  0.00000000E+00  0.10011486E+04  0.22612969E+04  0.12500000E+03  0.76850440E-03  0.69999999E+00  0.99999915E+03
 -0.25000000E+00  0.75000000E+00  0.00000000E+00  0.00000000E+00  0.10004031E+04  0.79173425E+03  0.12500000E+03  0.20108881E-04  0.69999999E+00  0.10000000E+04
 -0.25000000E+00  0.12500000E+01  0.00000000E+00  0.00000000E+00  0.10030792E+04  0.60974375E+04  0.12500000E+03  0.79758553E-03  0.69999999E+00  0.99999908E+03
 -0.25000000E+00  0.17500000E+01  0.00000000E+00  0.00000000E+00  0.10012751E+04  0.25114983E+04  0.12500000E+03 -0.21384881E-03  0.69999999E+00  0.10000002E+04
 -0.25000000E+00  0.22500000E+01  0.00000000E+00  0.00000000E+00  0.10004747E+04  0.93267188E+03  0.12500000E+03 -0.90233982E-04  0.69999999E+00  0.10000001E+04
 -0.25000000E+00  0.27500000E+01  0.00000000E+00  0.00000000E+00  0.10000000E+04  0.00000000E+00  0.12500000E+03  0.00000000E+00  0.69999999E+00  0.10000000E+04
 -0.25000000E+00  0.32500000E+01  0.00000000E+00  0.00000000E+00  0.10000000E+04  0.00000000E+00  0.12500000E+03  0.00000000E+00  0.69999999E+00  0.10000000E+04
 -0.25000000E+00  0.37500000E+01  0.00000000E+00  0.00000000E+00  0.10000000E+04  0.00000000E+00  0.12500000E+03  0.00000000E+00  0.69999999E+00  0.10000000E+04
  0.80000000E+01  0.00000000E+00  0.00000000E+00  0.00000000E+00  0.10000000E+04  0.00000000E+00  0.12500000E+03  0.00000000E+00  0.69999999E+00  0.10000000E+04
  0.80000000E+01  0.50000000E+00  0.00000000E+00  0.00000000E+00  0.10000000E+04  0.00000000E+00  0.12500000E+03  0.00000000E+00  0.69999999E+00  0.10000000E+04
  0.80000000E+01  0.10000000E+01  0.00000000E+00  0.00000000E+00  0.10000000E+04  0.00000000E+00  0.12500000E+03  0.00000000E+00  0.69999999E+00  0.10000000E+04
  0.80000000E+01  0.15000000E+01  0.00000000E+00  0.00000000E+00  0.10000000E+04  0.00000000E+00  0.12500000E+03  0.00000000E+00  0.69999999E+00  0.10000000E+04
  0.80000000E+01  0.20000000E+01  0.00000000E+00  0.00000000E+00  0.10000000E+04  0.00000000E+00  0.12500000E+03  0.00000000E+00  0.69999999E+00  0.10000000E+04
  0.80000000E+01  0.25000000E+01  0.00000000E+00  0.00000000E+00  0.10000000E+04  0.00000000E+00  0.12500000E+03  0.00000000E+00  0.69999999E+00  0.10000000E+04
  0.80000000E+01  0.30000000E+01  0.00000000E+00  0.00000000E+00  0.10000000E+04  0.00000000E+00  0.12500000E+03  0.00000000E+00  0.69999999E+00  0.10000000E+04
  0.80000000E+01  0.35000000E+01  0.00000000E+00  0.00000000E+00  0.10000000E+04  0.00000000E+00  0.12500000E+03  0.00000000E+00  0.69999999E+00  0.10000000E+04
  0.80000000E+01  0.40000000E+01  0.00000000E+00  0.00000000E+00  0.10000000E+04  0.00000000E+00  0.12500000E+03  0.00000000E+00  0.69999999E+00  0.10000000E+04
  0.82500000E+01 -0.25000000E+00  0.00000000E+00  0.00000000E+00  0.10000000E+04  0.00000000E+00  0.12500000E+03  0.00000000E+00  0.69999999E+00  0.10000000E+04
  0.82500000E+01  0.25000000E+00  0.00000000E+00  0.00000000E+00  0.10000000E+04  0.00000000E+00  0.12500000E+03  0.00000000E+00  0.69999999E+00  0.10000000E+04
  0.82500000E+01  0.75000000E+00  0.00000000E+00  0.00000000E+00  0.10000000E+04  0.00000000E+00  0.12500000E+03  0.00000000E+00  0.69999999E+00  0.10000000E+04
  0.82500000E+01  0.12500000E+01  0.00000000E+00  0.00000000E+00  0.10000000E+04  0.00000000E+00  0.12500000E+03  0.00000000E+00  0.69999999E+00  0.10000000E+04
  0.82500000E+01  0.17500000E+01  0.00000000E+00  0.00000000E+00  0.10000000E+04  0.00000000E+00  0.12500000E+03  0.00000000E+00  0.69999999E+00  0.10000000E+04
  0.82500000E+01  0.22500000E+01  0.00000000E+00  0.00000000E+00  0.10000000E+04  0.00000000E+00  0.12500000E+03  0.00000000E+00  0.69999999E+00  0.10000000E+04
  0.82500000E+01  0.27500000E+01  0.00000000E+00  0.00000000E+00  0.10000000E+04  0.00000000E+00  0.12500000E+03  0.00000000E+00  0.69999999E+00  0.10000000E+04
  0.82500000E+01  0.32500000E+01  0.00000000E+00  0.00000000E+00  0.10000000E+04  0.00000000E+00  0.12500000E+03  0.00000000E+00  0.69999999E+00  0.10000000E+04
  0.82500000E+01  0.37500000E+01  0.00000000E+00  0.00000000E+00  0.10000000E+04  0.00000000E+00  0.12500000E+03  0.00000000E+00  0.69999999E+00  0.10000000E+04
  0.50000000E+00  0.00000000E+00  0.00000000E+00  0.00000000E+00  0.10176798E+04  0.36582789E+05  0.12500000E+03  0.92602372E-02  0.69999999E+00  0.99998926E+03
  0.10000000E+01  0.00000000E+00  0.00000000E+00  0.00000000E+00  0.10268169E+04  0.57041871E+05  0.12500000E+03  0.41243532E-02  0.69999999E+00  0.99999518E+03
  0.15000000E+01  0.00000000E+00  0.00000000E+00  0.00000000E+00  0.10531531E+04  0.12246967E+06  0.12500000E+03  0.16811907E-01  0.69999999E+00  0.99997980E+03
  0.20000000E+01  0.00000000E+00  0.00000000E+00  0.00000000E+00  0.11705598E+04  0.56374081E+06  0.12500000E+03  0.18713685E-01  0.69999999E+00  0.99997498E+03
  0.25000000E+01  0.00000000E+00  0.00000000E+00  0.00000000E+00  0.10340715E+04  0.74082805E+05  0.12500000E+03  0.25196057E-02  0.69999999E+00  0.99999701E+03
  0.30000000E+01  0.00000000E+00  0.00000000E+00  0.00000000E+00  0.10735146E+04  0.18024323E+06  0.12500000E+03  0.43645371E-02  0.69999999E+00  0.99999463E+03
  0.35000000E+01  0.00000000E+00  0.00000000E+00  0.00000000E+00  0.10092483E+04  0.18656344E+05  0.12500000E+03  0.16775038E-02  0.69999999E+00  0.99999805E+03
  0.40000000E+01  0.00000000E+00  0.00000000E+00  0.00000000E+00  0.10000137E+04  0.26898298E+02  0.12500000E+03 -0.68247195E-04  0.69999999E+00  0.10000001E+04
  0.45000000E+01  0.00000000E+00  0.00000000E+00  0.00000000E+00  0.10000000E+04  0.00000000E+00  0.12500000E+03  0.22701035E-42  0.69999999E+00  0.10000000E+04
  0.50000000E+01  0.00000000E+00  0.00000000E+00  0.00000000E+00  0.10000000E+04  0.00000000E+00  0.12500000E+03  0.00000000E+00  0.69999999E+00  0.10000000E+04
  0.55000000E+01  0.00000000E+00  0.00000000E+00  0.00000000E+00  0.10000000E+04  0.00000000E+00  0.12500000E+03  0.00000000E+00  0.69999999E+00  0.10000000E+04
  0.60000000E+01  0.00000000E+00  0.00000000E+00  0.00000000E+00  0.10000000E+04  0.00000000E+00  0.12500000E+03  0.00000000E+00  0.69999999E+00  0.10000000E+04
  0.65000000E+01  0.00000000E+00  0.00000000E+00  0.00000000E+00  0.10000000E+04  0.00000000E+00  0.12500000E+03  0.00000000E+00  0.69999999E+00  0.10000000E+04
  0.70000000E+01  0.00000000E+00  0.00000000E+00  0.00000000E+00  0.10000000E+04  0.00000000E+00  0.12500000E+03  0.00000000E+00  0.69999999E+00  0.10000000E+04
  0.75000000E+01  0.00000000E+00  0.00000000E+00  0.00000000E+00  0.10000000E+04  0.00000000E+00  0.12500000E+03  0.00000000E+00  0.69999999E+00  0.10000000E+04
  0.25000000E+00 -0.25000000E+00  0.00000000E+00  0.00000000E+00  0.10054065E+04  0.10781159E+05  0.12500000E+03  0.27978937E-02  0.69999999E+00  0.99999677E+03
  0.75000000E+00 -0.25000000E+00  0.00000000E+00  0.00000000E+00  0.10211912E+04  0.44315523E+05  0.12500000E+03  0.70545995E-02  0.69999999E+00  0.99999176E+03
  0.12500000E+01 -0.25000000E+00  0.00000000E+00  0.00000000E+00  0.10093937E+04  0.18958021E+05  0.12500000E+03  0.57655927E-02  0.69999999E+00  0.99999335E+03
  0.17500000E+01 -0.25000000E+00  0.00000000E+00  0.00000000E+00  0.10173367E+04  0.35835777E+05  0.12500000E+03  0.87466165E-02  0.69999999E+00  0.99998981E+03
  0.22500000E+01 -0.25000000E+00  0.00000000E+00  0.00000000E+00  0.10005720E+04  0.11241250E+04  0.12500000E+03  0.77743270E-02  0.69999999E+00  0.99999109E+03
  0.27500000E+01 -0.25000000E+00  0.00000000E+00  0.00000000E+00  0.10063468E+04  0.12692089E+05  0.12500000E+03  0.18627406E-02  0.69999999E+00  0.99999786E+03
  0.32500000E+01 -0.25000000E+00  0.00000000E+00  0.00000000E+00  0.10019551E+04  0.38583442E+04  0.12500000E+03  0.17343920E-02  0.69999999E+00  0.99999799E+03
  0.37500000E+01 -0.25000000E+00  0.00000000E+00  0.00000000E+00  0.10000070E+04  0.13565822E+02  0.12500000E+03 -0.15635355E-03  0.69999999E+00  0.10000002E+04
  0.42500000E+01 -0.25000000E+00  0.00000000E+00  0.00000000E+00  0.10000000E+04  0.00000000E+00  0.12500000E+03 -0.88051150E-39  0.69999999E+00  0.10000000E+04
  0.47500000E+01 -0.25000000E+00  0.00000000E+00  0.00000000E+00  0.10000000E+04  0.00000000E+00  0.12500000E+03 -0.16815582E-42  0.69999999E+00  0.10000000E+04
  0.52500000E+01 -0.25000000E+00  0.00000000E+00  0.00000000E+00  0.10000000E+04  0.00000000E+00  0.12500000E+03  0.00000000E+00  0.69999999E+00  0.10000000E+04
  0.57500000E+01 -0.25000000E+00  0.00000000E+00  0.00000000E+00  0.10000000E+04  0.00000000E+00  0.12500000E+03  0.00000000E+00  0.69999999E+00  0.10000000E+04
  0.62500000E+01 -0.25000000E+00  0.00000000E+00  0.00000000E+00  0.10000000E+04  0.00000000E+00  0.12500000E+03  0.00000000E+00  0.69999999E+00  0.10000000E+04
  0.67500000E+01 -0.25000000E+00  0.00000000E+00  0.00000000E+00  0.10000000E+04  0.00000000E+00  0.12500000E+03  0.00000000E+00  0.69999999E+00  0.10000000E+04
  0.72500000E+01 -0.25000000E+00  0.00000000E+00  0.00000000E+00  0.10000000E+04  0.00000000E+00  0.12500000E+03  0.00000000E+00  0.69999999E+00  0.10000000E+04
  0.77500000E+01 -0.25000000E+00  0.00000000E+00  0.00000000E+00  0.10000000E+04  0.00000000E+00  0.12500000E+03  0.00000000E+00  0.69999999E+00  0.10000000E+04
  0.40000000E+01  0.50000000E+00  0.00000000E+00  0.00000000E+00  0.10012731E+04  0.25072559E+04  0.12500000E+03 -0.17422401E-03  0.69999999E+00  0.10000002E+04
  0.37500000E+01  0.25000000E+00  0.00000000E+00  0.00000000E+00  0.10067642E+04  0.13543674E+05  0.12500000E+03 -0.72763063E-03  0.69999999E+00  0.10000009E+04
  0.40000000E+01  0.10000000E+01  0.00000000E+00  0.00000000E+00  0.10037532E+04  0.74471826E+04  0.12500000E+03 -0.82275088E-04  0.69999999E+00  0.10000001E+04
  0.37500000E+01  0.75000000E+00  0.00000000E+00  0.00000000E+00  0.10519360E+04  0.11922302E+06  0.12500000E+03  0.69148932E-03  0.69999999E+00  0.99999915E+03
  0.40000000E+01  0.15000000E+01  0.00000000E+00  0.00000000E+00  0.10002708E+04  0.53159265E+03  0.12500000E+03  0.16592233E-03  0.69999999E+00  0.99999982E+03
  0.37500000E+01  0.12500000E+01  0.00000000E+00  0.00000000E+00  0.10185721E+04  0.38532684E+05  0.12500000E+03  0.26338303E-03  0.69999999E+00  0.99999969E+03
  0.40000000E+01  0.20000000E+01  0.00000000E+00  0.00000000E+00  0.10001790E+04  0.35125534E+03  0.12500000E+03  0.17334586E-03  0.69999999E+00  0.99999982E+03
  0.37500000E+01  0.17500000E+01  0.00000000E+00  0.00000000E+00  0.10228741E+04  0.48078855E+05  0.12500000E+03  0.92008087E-03  0.69999999E+00  0.99999890E+03
  0.45000000E+01  0.50000000E+00  0.00000000E+00  0.00000000E+00  0.10000000E+04  0.00000000E+00  0.12500000E+03  0.10369609E-41  0.69999999E+00  0.10000000E+04
  0.42500000E+01  0.25000000E+00  0.00000000E+00  0.00000000E+00  0.10000018E+04  0.35083482E+01  0.12500000E+03 -0.74084828E-05  0.69999999E+00  0.10000000E+04
  0.45000000E+01  0.10000000E+01  0.00000000E+00  0.00000000E+00  0.10000000E+04  0.00000000E+00  0.12500000E+03 -0.00000000E+00  0.69999999E+00  0.10000000E+04
  0.42500000E+01  0.75000000E+00  0.00000000E+00  0.00000000E+00  0.10000944E+04  0.18529227E+03  0.12500000E+03 -0.75637886E-05  0.69999999E+00  0.10000000E+04
  0.45000000E+01  0.15000000E+01  0.00000000E+00  0.00000000E+00  0.10000000E+04  0.00000000E+00  0.12500000E+03  0.00000000E+00  0.69999999E+00  0.10000000E+04
  0.42500000E+01  0.12500000E+01  0.00000000E+00  0.00000000E+00  0.10000066E+04  0.12864128E+02  0.12500000E+03  0.34267537E-05  0.69999999E+00  0.10000000E+04
  0.45000000E+01  0.20000000E+01  0.00000000E+00  0.00000000E+00  0.10000000E+04  0.00000000E+00  0.12500000E+03  0.00000000E+00  0.69999999E+00  0.10000000E+04
  0.42500000E+01  0.17500000E+01  0.00000000E+00  0.00000000E+00  0.10000031E+04  0.60811610E+01  0.12500000E+03  0.28991612E-05  0.69999999E+00  0.10000000E+04
  0.50000000E+01  0.50000000E+00  0.00000000E+00  0.00000000E+00  0.10000000E+04  0.00000000E+00  0.12500000E+03  0.00000000E+00  0.69999999E+00  0.10000000E+04
  0.47500000E+01  0.25000000E+00  0.00000000E+00  0.00000000E+00  0.10000000E+04  0.00000000E+00  0.12500000E+03  0.16255062E-42  0.69999999E+00  0.10000000E+04
  0.50000000E+01  0.10000000E+01  0.00000000E+00  0.00000000E+00  0.10000000E+04  0.00000000E+00  0.12500000E+03  0.00000000E+00  0.69999999E+00  0.10000000E+04
  0.47500000E+01  0.75000000E+00  0.00000000E+00  0.00000000E+00  0.10000000E+04  0.00000000E+00  0.12500000E+03  0.00000000E+00  0.69999999E+00  0.10000000E+04
  0.50000000E+01  0.15000000E+01  0.00000000E+00  0.00000000E+00  0.10000000E+04  0.00000000E+00  0.12500000E+03 -0.00000000E+00  0.69999999E+00  0.10000000E+04
  0.47500000E+01  0.12500000E+01  0.00000000E+00  0.00000000E+00  0.10000000E+04  0.00000000E+00  0.12500000E+03 -0.00000000E+00  0.69999999E+00  0.10000000E+04
  0.50000000E+01  0.20000000E+01  0.00000000E+00  0.00000000E+00  0.10000000E+04  0.00000000E+00  0.12500000E+03  0.00000000E+00  0.69999999E+00  0.10000000E+04
  0.47500000E+01  0.17500000E+01  0.00000000E+00  0.00000000E+00  0.10000000E+04  0.00000000E+00  0.12500000E+03  0.00000000E+00  0.69999999E+00  0.10000000E+04
  0.26522205E+01  0.11361690E+01 -0.34803104E+00 -0.61190331E+00  0.10297584E+04  0.63864879E+05  0.12576698E+03  0.12576674E+03  0.10000000E+01  0.00000000E+00
  0.16457692E+01  0.94917047E+00 -0.89710757E-01 -0.21071902E+00  0.10110547E+04  0.22422143E+05  0.12561582E+03  0.12561256E+03  0.10000000E+01  0.00000000E+00
  0.11646909E+01  0.94778287E+00 -0.88888729E+00  0.10810711E+01  0.10007271E+04  0.14296019E+04  0.12546356E+03  0.12546333E+03  0.10000000E+01  0.00000000E+00
  0.92100644E+00  0.10438780E+01 -0.46787596E+00  0.16988976E+01  0.10040034E+04  0.79496504E+04  0.12531018E+03  0.12531018E+03  0.10000000E+01  0.00000000E+00
  0.12183976E+01  0.15861598E+01  0.27595441E+01  0.25978062E+01  0.99468365E+03 -0.10265723E+05  0.12515567E+03  0.12515567E+03  0.10000000E+01  0.00000000E+00
  0.23385916E+01  0.19225757E+01 -0.14884645E+00 -0.11267534E+01  0.10044451E+04  0.88384043E+04  0.12500000E+03  0.12500000E+03  0.10000000E+01  0.00000000E+00
  0.26175346E+01  0.12073972E+01 -0.63536036E+00 -0.19697753E+00  0.10305952E+04  0.65827133E+05  0.12576698E+03  0.12575494E+03  0.10000000E+01  0.00000000E+00
  0.16725374E+01  0.98963523E+00 -0.69445127E+00 -0.93540406E+00  0.10017991E+04  0.35489561E+04  0.12561582E+03  0.12560624E+03  0.10000000E+01  0.00000000E+00
  0.15866082E+01  0.12523224E+01 -0.49030054E+00  0.21809061E+00  0.99964026E+03 -0.70499780E+03  0.12546356E+03  0.12546037E+03  0.10000000E+01  0.00000000E+00
  0.22242730E+01  0.15842143E+01 -0.67499113E+00  0.15196681E+01  0.97157568E+03 -0.51231969E+05  0.12531018E+03  0.12531038E+03  0.10000000E+01  0.00000000E+00
  0.11541822E+01  0.12202958E+01 -0.22695255E+01 -0.76520061E+00  0.95779742E+03 -0.73025203E+05  0.12515567E+03  0.12515567E+03  0.10000000E+01  0.00000000E+00
  0.84018600E+00  0.93531406E+00 -0.26776206E+00  0.43670255E+00  0.10104875E+04  0.21235416E+05  0.12500000E+03  0.12500000E+03  0.10000000E+01  0.00000000E+00
  0.23974869E+01  0.16377864E+01 -0.20607488E+01 -0.10934473E+01  0.10039755E+04  0.78935972E+04  0.12576698E+03  0.12575644E+03  0.10000000E+01  0.00000000E+00
  0.25909030E+01  0.15234374E+01 -0.58116806E+00 -0.25738293E+00  0.10043179E+04  0.85822119E+04  0.12561582E+03  0.12561089E+03  0.10000000E+01  0.00000000E+00
  0.28212337E+01  0.95414662E+00  0.42366904E+00  0.57041442E+00  0.10081038E+04  0.16291560E+05  0.12546356E+03  0.12546005E+03  0.10000000E+01  0.00000000E+00
  0.26790984E+01  0.85932708E+00 -0.19331524E+01 -0.96745265E+00  0.98017346E+03 -0.36660879E+05  0.12531018E+03  0.12531018E+03  0.10000000E+01  0.00000000E+00
  0.28991508E+01  0.76809871E+00 -0.37671375E+00  0.21657431E+01  0.10233907E+04  0.49241613E+05  0.12515567E+03  0.12515553E+03  0.10000000E+01  0.00000000E+00
  0.16302347E+01  0.16292531E+01 -0.36404586E+01  0.88755429E+00  0.10173448E+04  0.35853410E+05  0.12500000E+03  0.12500000E+03  0.10000000E+01  0.00000000E+00
  0.13075938E+01  0.83868921E+00  0.12798303E+00  0.28289196E+00  0.10048967E+04  0.97494961E+04  0.12576698E+03  0.12576566E+03  0.10000000E+01  0.00000000E+00
  0.25907793E+01  0.15176063E+01 -0.61898112E+00 -0.13069984E+00  0.10033404E+04  0.66198364E+04  0.12561582E+03  0.12561221E+03  0.10000000E+01  0.00000000E+00
  0.27227688E+01  0.75430214E+00  0.51085323E+00  0.14336108E+01  0.10176970E+04  0.36620207E+05  0.12546356E+03  0.12546202E+03  0.10000000E+01  0.00000000E+00
  0.17957106E+01  0.88659823E+00 -0.64317852E+00 -0.93944371E+00  0.10016830E+04  0.33187585E+04  0.12531018E+03  0.12530890E+03  0.10000000E+01  0.00000000E+00
  0.19966247E+01  0.19740682E+01 -0.22947252E+01 -0.29981035E+00  0.10108187E+04  0.21927811E+05  0.12515567E+03  0.12515567E+03  0.10000000E+01  0.00000000E+00
  0.21170087E+01  0.91562557E+00 -0.42664456E+01  0.14139127E+01  0.10433107E+04  0.96848930E+05  0.12500000E+03  0.12500012E+03  0.10000000E+01  0.00000000E+00
  0.17189388E+01  0.16254051E+01 -0.28106186E+00  0.14843153E+01  0.10082346E+04  0.16560727E+05  0.12561582E+03  0.12561399E+03  0.10000000E+01  0.00000000E+00
  0.28437238E+01  0.17530110E+01  0.32829267E+00 -0.21341736E+01  0.10086833E+04  0.17486965E+05  0.12531018E+03  0.12531004E+03  0.10000000E+01  0.00000000E+00
  0.88112438E+00  0.16116688E+01  0.19377551E+01  0.21021457E+01  0.99860248E+03 -0.27305239E+04  0.12500000E+03  0.12500000E+03  0.10000000E+01  0.00000000E+00
