  0.00000000E+00  0.00000000E+00  0.00000000E+00  0.00000000E+00  0.10022913E+04  0.45263569E+04  0.12500000E+03  0.17225007E-02  0.69999999E+00  0.99999805E+03
  0.00000000E+00  0.50000000E+00  0.00000000E+00  0.00000000E+00  0.10022758E+04  0.44955322E+04  0.12500000E+03  0.10110438E-02  0.69999999E+00  0.99999884E+03
  0.00000000E+00  0.10000000E+01  0.00000000E+00  0.00000000E+00  0.10278159E+04  0.59346125E+05  0.12500000E+03  0.19779836E-02  0.69999999E+00  0.99999768E+03
  0.00000000E+00  0.15000000E+01  0.00000000E+00  0.00000000E+00  0.10505693E+04  0.11560370E+06  0.12500000E+03  0.70296833E-03  0.69999999E+00  0.99999915E+03
  0.00000000E+00  0.20000000E+01  0.00000000E+00  0.00000000E+00  0.10068568E+04  0.13732959E+05  0.12500000E+03 -0.41100025E-03  0.69999999E+00  0.10000005E+04
  0.00000000E+00  0.25000000E+01  0.00000000E+00  0.00000000E+00  0.10002466E+04  0.48403955E+03  0.12500000E+03  0.71152863E-04  0.69999999E+00  0.99999994E+03
  0.00000000E+00  0.30000000E+01  0.00000000E+00  0.00000000E+00  0.10000000E+04  0.00000000E+00  0.12500000E+03  0.00000000E+00  0.69999999E+00  0.10000000E+04
  0.00000000E+00  0.35000000E+01  0.00000000E+00  0.00000000E+00  0.10000000E+04  0.00000000E+00  0.12500000E+03  0.00000000E+00  0.69999999E+00  0.10000000E+04
  0.00000000E+00  0.40000000E+01  0.00000000E+00  0.00000000E+00  0.10000000E+04  0.00000000E+00  0.12500000E+03  0.00000000E+00  0.69999999E+00  0.10000000E+04
 -0.25000000E+00 -0.25000000E+00  0.00000000E+00  0.00000000E+00  0.10006414E+04  0.12607445E+04  0.12500000E+03  0.52005530E-03  0.69999999E+00  0.99999939E+03
 -0.25000000E+00  0.25000000E+00  0.00000000E+00  0.00000000E+00  0.10014211E+04  0.28001013E+04  0.12500000E+03  0.67572476E-03  0.69999999E+00  0.99999921E+03
 -0.25000000E+00  0.75000000E+00  0.00000000E+00  0.00000000E+00  0.10090752E+04  0.18297635E+05  0.12500000E+03 -0.60082246E-04  0.69999999E+00  0.10000001E+04
 -0.25000000E+00  0.12500000E+01  0.00000000E+00  0.00000000E+00  0.10082468E+04  0.16586033E+05  0.12500000E+03  0.63198787E-03  0.69999999E+00  0.99999927E+03
 -0.25000000E+00  0.17500000E+01  0.00000000E+00  0.00000000E+00  0.10001869E+04  0.36694308E+03  0.12500000E+03 -0.13980773E-03  0.69999999E+00  0.10000002E+04
 -0.25000000E+00  0.22500000E+01  0.00000000E+00  0.00000000E+00  0.10004730E+04  0.92938812E+03  0.12500000E+03 -0.62706749E-04  0.69999999E+00  0.10000001E+04
 -0.25000000E+00  0.27500000E+01  0.00000000E+00  0.00000000E+00  0.10000000E+04  0.00000000E+00  0.12500000E+03  0.00000000E+00  0.69999999E+00  0.10000000E+04
 -0.25000000E+00  0.32500000E+01  0.00000000E+00  0.00000000E+00  0.10000000E+04  0.00000000E+00  0.12500000E+03  0.00000000E+00  0.69999999E+00  0.10000000E+04
 -0.25000000E+00  0.37500000E+01  0.00000000E+00  0.00000000E+00  0.10000000E+04  0.00000000E+00  0.12500000E+03  0.00000000E+00  0.69999999E+00  0.10000000E+04
  0.80000000E+01  0.00000000E+00  0.00000000E+00  0.00000000E+00  0.10000000E+04  0.00000000E+00  0.12500000E+03  0.00000000E+00  0.69999999E+00  0.10000000E+04
  0.80000000E+01  0.50000000E+00  0.00000000E+00  0.00000000E+00  0.10000000E+04  0.00000000E+00  0.12500000E+03  0.00000000E+00  0.69999999E+00  0.10000000E+04
  0.80000000E+01  0.10000000E+01  0.00000000E+00  0.00000000E+00  0.10000000E+04  0.00000000E+00  0.12500000E+03  0.00000000E+00  0.69999999E+00  0.10000000E+04
  0.80000000E+01  0.15000000E+01  0.00000000E+00  0.00000000E+00  0.10000000E+04  0.00000000E+00  0.12500000E+03  0.00000000E+00  0.69999999E+00  0.10000000E+04
  0.80000000E+01  0.20000000E+01  0.00000000E+00  0.00000000E+00  0.10000000E+04  0.00000000E+00  0.12500000E+03  0.00000000E+00  0.69999999E+00  0.10000000E+04
  0.80000000E+01  0.25000000E+01  0.00000000E+00  0.00000000E+00  0.10000000E+04  0.00000000E+00  0.12500000E+03  0.00000000E+00  0.69999999E+00  0.10000000E+04
  0.80000000E+01  0.30000000E+01  0.00000000E+00  0.00000000E+00  0.10000000E+04  0.00000000E+00  0.12500000E+03  0.00000000E+00  0.69999999E+00  0.10000000E+04
  0.80000000E+01  0.35000000E+01  0.00000000E+00  0.00000000E+00  0.10000000E+04  0.00000000E+00  0.12500000E+03  0.00000000E+00  0.69999999E+00  0.10000000E+04
  0.80000000E+01  0.40000000E+01  0.00000000E+00  0.00000000E+00  0.10000000E+04  0.00000000E+00  0.12500000E+03  0.00000000E+00  0.69999999E+00  0.10000000E+04
  0.82500000E+01 -0.25000000E+00  0.00000000E+00  0.00000000E+00  0.10000000E+04  0.00000000E+00  0.12500000E+03  0.00000000E+00  0.69999999E+00  0.10000000E+04
  0.82500000E+01  0.25000000E+00  0.00000000E+00  0.00000000E+00  0.10000000E+04  0.00000000E+00  0.12500000E+03  0.00000000E+00  0.69999999E+00  0.10000000E+04
  0.82500000E+01  0.75000000E+00  0.00000000E+00  0.00000000E+00  0.10000000E+04  0.00000000E+00  0.12500000E+03  0.00000000E+00  0.69999999E+00  0.10000000E+04
  0.82500000E+01  0.12500000E+01  0.00000000E+00  0.00000000E+00  0.10000000E+04  0.00000000E+00  0.12500000E+03  0.00000000E+00  0.69999999E+00  0.10000000E+04
  0.82500000E+01  0.17500000E+01  0.00000000E+00  0.00000000E+00  0.10000000E+04  0.00000000E+00  0.12500000E+03  0.00000000E+00  0.69999999E+00  0.10000000E+04
  0.82500000E+01  0.22500000E+01  0.00000000E+00  0.00000000E+00  0.10000000E+04  0.00000000E+00  0.12500000E+03  0.00000000E+00  0.69999999E+00  0.10000000E+04
  0.82500000E+01  0.27500000E+01  0.00000000E+00  0.00000000E+00  0.10000000E+04  0.00000000E+00  0.12500000E+03  0.00000000E+00  0.69999999E+00  0.10000000E+04
  0.82500000E+01  0.32500000E+01  0.00000000E+00  0.00000000E+00  0.10000000E+04  0.00000000E+00  0.12500000E+03  0.00000000E+00  0.69999999E+00  0.10000000E+04
  0.82500000E+01  0.37500000E+01  0.00000000E+00  0.00000000E+00  0.10000000E+04  0.00000000E+00  0.12500000E+03  0.00000000E+00  0.69999999E+00  0.10000000E+04
  0.50000000E+00  0.00000000E+00  0.00000000E+00  0.00000000E+00  0.11348167E+04  0.39904438E+06  0.12500000E+03  0.82126576E-02  0.69999999E+00  0.99998932E+03
  0.10000000E+01  0.00000000E+00  0.00000000E+00  0.00000000E+00  0.10644954E+04  0.15383177E+06  0.12500000E+03  0.27131489E-02  0.69999999E+00  0.99999670E+03
  0.15000000E+01  0.00000000E+00  0.00000000E+00  0.00000000E+00  0.10156477E+04  0.32180049E+05  0.12500000E+03  0.13746657E-01  0.69999999E+00  0.99998407E+03
  0.20000000E+01  0.00000000E+00  0.00000000E+00  0.00000000E+00  0.10197977E+04  0.41227711E+05  0.12500000E+03  0.14917929E-01  0.69999999E+00  0.99998260E+03
  0.25000000E+01  0.00000000E+00  0.00000000E+00  0.00000000E+00  0.10007417E+04  0.14584972E+04  0.12500000E+03  0.78781974E-03  0.69999999E+00  0.99999908E+03
  0.30000000E+01  0.00000000E+00  0.00000000E+00  0.00000000E+00  0.10254928E+04  0.54008789E+05  0.12500000E+03  0.25162904E-02  0.69999999E+00  0.99999707E+03
  0.35000000E+01  0.00000000E+00  0.00000000E+00  0.00000000E+00  0.10193118E+04  0.40156914E+05  0.12500000E+03  0.99090696E-03  0.69999999E+00  0.99999884E+03
  0.40000000E+01  0.00000000E+00  0.00000000E+00  0.00000000E+00  0.10000160E+04  0.31342579E+02  0.12500000E+03 -0.37065882E-04  0.69999999E+00  0.10000001E+04
  0.45000000E+01  0.00000000E+00  0.00000000E+00  0.00000000E+00  0.10000000E+04  0.00000000E+00  0.12500000E+03  0.00000000E+00  0.69999999E+00  0.10000000E+04
  0.50000000E+01  0.00000000E+00  0.00000000E+00  0.00000000E+00  0.10000000E+04  0.00000000E+00  0.12500000E+03  0.00000000E+00  0.69999999E+00  0.10000000E+04
  0.55000000E+01  0.00000000E+00  0.00000000E+00  0.00000000E+00  0.10000000E+04  0.00000000E+00  0.12500000E+03  0.00000000E+00  0.69999999E+00  0.10000000E+04
  0.60000000E+01  0.00000000E+00  0.00000000E+00  0.00000000E+00  0.10000000E+04  0.00000000E+00  0.12500000E+03  0.00000000E+00  0.69999999E+00  0.10000000E+04
  0.65000000E+01  0.00000000E+00  0.00000000E+00  0.00000000E+00  0.10000000E+04  0.00000000E+00  0.12500000E+03  0.00000000E+00  0.69999999E+00  0.10000000E+04
  0.70000000E+01  0.00000000E+00  0.00000000E+00  0.00000000E+00  0.10000000E+04  0.00000000E+00  0.12500000E+03  0.00000000E+00  0.69999999E+00  0.10000000E+04
  0.75000000E+01  0.00000000E+00  0.00000000E+00  0.00000000E+00  0.10000000E+04  0.00000000E+00  0.12500000E+03  0.00000000E+00  0.69999999E+00  0.10000000E+04
  0.25000000E+00 -0.25000000E+00  0.00000000E+00  0.00000000E+00  0.10072882E+04  0.14615962E+05  0.12500000E+03  0.26143249E-02  0.69999999E+00  0.99999701E+03
  0.75000000E+00 -0.25000000E+00  0.00000000E+00  0.00000000E+00  0.10502460E+04  0.11475169E+06  0.12500000E+03  0.62045041E-02  0.69999999E+00  0.99999255E+03
  0.12500000E+01 -0.25000000E+00  0.00000000E+00  0.00000000E+00  0.99670923E+03 -0.63931035E+04  0.12500000E+03  0.47514141E-02  0.69999999E+00  0.99999457E+03
  0.17500000E+01 -0.25000000E+00  0.00000000E+00  0.00000000E+00  0.99909058E+03 -0.17794755E+04  0.12500000E+03  0.72070789E-02  0.69999999E+00  0.99999176E+03
  0.22500000E+01 -0.25000000E+00  0.00000000E+00  0.00000000E+00  0.10189746E+04  0.39415773E+05  0.12500000E+03  0.62424727E-02  0.69999999E+00  0.99999274E+03
  0.27500000E+01 -0.25000000E+00  0.00000000E+00  0.00000000E+00  0.10009294E+04  0.18287225E+04  0.12500000E+03  0.86617260E-03  0.69999999E+00  0.99999902E+03
  0.32500000E+01 -0.25000000E+00  0.00000000E+00  0.00000000E+00  0.10027372E+04  0.54146167E+04  0.12500000E+03  0.11324200E-02  0.69999999E+00  0.99999872E+03
  0.37500000E+01 -0.25000000E+00  0.00000000E+00  0.00000000E+00  0.10000065E+04  0.12630230E+02  0.12500000E+03 -0.77148194E-04  0.69999999E+00  0.10000001E+04
  0.42500000E+01 -0.25000000E+00  0.00000000E+00  0.00000000E+00  0.10000000E+04  0.00000000E+00  0.12500000E+03 -0.56612458E-41  0.69999999E+00  0.10000000E+04
  0.47500000E+01 -0.25000000E+00  0.00000000E+00  0.00000000E+00  0.10000000E+04  0.00000000E+00  0.12500000E+03  0.00000000E+00  0.69999999E+00  0.10000000E+04
  0.52500000E+01 -0.25000000E+00  0.00000000E+00  0.00000000E+00  0.10000000E+04  0.00000000E+00  0.12500000E+03  0.00000000E+00  0.69999999E+00  0.10000000E+04
  0.57500000E+01 -0.25000000E+00  0.00000000E+00  0.00000000E+00  0.10000000E+04  0.00000000E+00  0.12500000E+03  0.00000000E+00  0.69999999E+00  0.10000000E+04
  0.62500000E+01 -0.25000000E+00  0.00000000E+00  0.00000000E+00  0.10000000E+04  0.00000000E+00  0.12500000E+03  0.00000000E+00  0.69999999E+00  0.10000000E+04
  0.67500000E+01 -0.25000000E+00  0.00000000E+00  0.00000000E+00  0.10000000E+04  0.00000000E+00  0.12500000E+03  0.00000000E+00  0.69999999E+00  0.10000000E+04
  0.72500000E+01 -0.25000000E+00  0.00000000E+00  0.00000000E+00  0.10000000E+04  0.00000000E+00  0.12500000E+03  0.00000000E+00  0.69999999E+00  0.10000000E+04
  0.77500000E+01 -0.25000000E+00  0.00000000E+00  0.00000000E+00  0.10000000E+04  0.00000000E+00  0.12500000E+03  0.00000000E+00  0.69999999E+00  0.10000000E+04
  0.40000000E+01  0.50000000E+00  0.00000000E+00  0.00000000E+00  0.10028765E+04  0.56926699E+04  0.12500000E+03 -0.10386819E-03  0.69999999E+00  0.10000001E+04
  0.37500000E+01  0.25000000E+00  0.00000000E+00  0.00000000E+00  0.10199944E+04  0.41662047E+05  0.12500000E+03 -0.42896479E-03  0.69999999E+00  0.10000005E+04
  0.40000000E+01  0.10000000E+01  0.00000000E+00  0.00000000E+00  0.10028020E+04  0.55439814E+04  0.12500000E+03 -0.15897149E-04  0.69999999E+00  0.10000000E+04
  0.37500000E+01  0.75000000E+00  0.00000000E+00  0.00000000E+00  0.10628158E+04  0.14905981E+06  0.12500000E+03  0.37298439E-03  0.69999999E+00  0.99999957E+03
  0.40000000E+01  0.15000000E+01  0.00000000E+00  0.00000000E+00  0.10008269E+04  0.16265161E+04  0.12500000E+03  0.15461672E-03  0.69999999E+00  0.99999982E+03
  0.37500000E+01  0.12500000E+01  0.00000000E+00  0.00000000E+00  0.10338706E+04  0.73600953E+05  0.12500000E+03  0.41978879E-03  0.69999999E+00  0.99999951E+03
  0.40000000E+01  0.20000000E+01  0.00000000E+00  0.00000000E+00  0.10000315E+04  0.61752430E+02  0.12500000E+03  0.31563177E-04  0.69999999E+00  0.99999994E+03
  0.37500000E+01  0.17500000E+01  0.00000000E+00  0.00000000E+00  0.10119148E+04  0.24229324E+05  0.12500000E+03  0.47083123E-03  0.69999999E+00  0.99999945E+03
  0.45000000E+01  0.50000000E+00  0.00000000E+00  0.00000000E+00  0.10000000E+04  0.00000000E+00  0.12500000E+03  0.00000000E+00  0.69999999E+00  0.10000000E+04
  0.42500000E+01  0.25000000E+00  0.00000000E+00  0.00000000E+00  0.10000018E+04  0.35083482E+01  0.12500000E+03 -0.74084828E-05  0.69999999E+00  0.10000000E+04
  0.45000000E+01  0.10000000E+01  0.00000000E+00  0.00000000E+00  0.10000000E+04  0.00000000E+00  0.12500000E+03  0.00000000E+00  0.69999999E+00  0.10000000E+04
  0.42500000E+01  0.75000000E+00  0.00000000E+00  0.00000000E+00  0.10000936E+04  0.18365413E+03  0.12500000E+03 -0.59026938E-05  0.69999999E+00  0.10000000E+04
  0.45000000E+01  0.15000000E+01  0.00000000E+00  0.00000000E+00  0.10000000E+04  0.00000000E+00  0.12500000E+03  0.00000000E+00  0.69999999E+00  0.10000000E+04
  0.42500000E+01  0.12500000E+01  0.00000000E+00  0.00000000E+00  0.10000045E+04  0.88878889E+01  0.12500000E+03  0.12300108E-04  0.69999999E+00  0.10000000E+04
  0.45000000E+01  0.20000000E+01  0.00000000E+00  0.00000000E+00  0.10000000E+04  0.00000000E+00  0.12500000E+03  0.00000000E+00  0.69999999E+00  0.10000000E+04
  0.42500000E+01  0.17500000E+01  0.00000000E+00  0.00000000E+00  0.10000000E+04  0.00000000E+00  0.12500000E+03  0.00000000E+00  0.69999999E+00  0.10000000E+04
  0.50000000E+01  0.50000000E+00  0.00000000E+00  0.00000000E+00  0.10000000E+04  0.00000000E+00  0.12500000E+03  0.00000000E+00  0.69999999E+00  0.10000000E+04
  0.47500000E+01  0.25000000E+00  0.00000000E+00  0.00000000E+00  0.10000000E+04  0.00000000E+00  0.12500000E+03  0.00000000E+00  0.69999999E+00  0.10000000E+04
  0.50000000E+01  0.10000000E+01  0.00000000E+00  0.00000000E+00  0.10000000E+04  0.00000000E+00  0.12500000E+03  0.00000000E+00  0.69999999E+00  0.10000000E+04
  0.47500000E+01  0.75000000E+00  0.00000000E+00  0.00000000E+00  0.10000000E+04  0.00000000E+00  0.12500000E+03  0.00000000E+00  0.69999999E+00  0.10000000E+04
  0.50000000E+01  0.15000000E+01  0.00000000E+00  0.00000000E+00  0.10000000E+04  0.00000000E+00  0.12500000E+03  0.00000000E+00  0.69999999E+00  0.10000000E+04
  0.47500000E+01  0.12500000E+01  0.00000000E+00  0.00000000E+00  0.10000000E+04  0.00000000E+00  0.12500000E+03  0.00000000E+00  0.69999999E+00  0.10000000E+04
  0.50000000E+01  0.20000000E+01  0.00000000E+00  0.00000000E+00  0.10000000E+04  0.00000000E+00  0.12500000E+03  0.00000000E+00  0.69999999E+00  0.10000000E+04
  0.47500000E+01  0.17500000E+01  0.00000000E+00  0.00000000E+00  0.10000000E+04  0.00000000E+00  0.12500000E+03  0.00000000E+00  0.69999999E+00  0.10000000E+04
  0.10811822E+01  0.47157729E+00  0.56559048E+01  0.46311727E+01  0.97211737E+03 -0.50336535E+05  0.12576698E+03  0.12576675E+03  0.10000000E+01  0.00000000E+00
  0.80939591E+00  0.73272884E+00  0.15657240E+00  0.11079751E+01  0.98757214E+03 -0.23492969E+05  0.12561582E+03  0.12561256E+03  0.10000000E+01  0.00000000E+00
  0.72642541E+00  0.90355706E+00 -0.46004629E+00 -0.53182805E+00  0.99795844E+03 -0.39811270E+04  0.12546356E+03  0.12546356E+03  0.10000000E+01  0.00000000E+00
  0.94763619E+00  0.13302437E+01  0.63177890E+00  0.11913096E+01  0.98942725E+03 -0.20097219E+05  0.12531018E+03  0.12531018E+03  0.10000000E+01  0.00000000E+00
  0.90101027E+00  0.13547728E+01 -0.30580747E+00  0.97606599E+00  0.99289282E+03 -0.13650505E+05  0.12515567E+03  0.12515567E+03  0.10000000E+01  0.00000000E+00
  0.21230130E+01  0.12166374E+01  0.14926394E+01 -0.77444896E-01  0.10081815E+04  0.16451658E+05  0.12500000E+03  0.12500000E+03  0.10000000E+01  0.00000000E+00
  0.13981142E+01  0.29171807E+00  0.15150616E+01  0.77498138E+00  0.96187097E+03 -0.66775492E+05  0.12576698E+03  0.12575583E+03  0.10000000E+01  0.00000000E+00
  0.10593559E+01  0.68098825E+00 -0.35926816E+00  0.16009736E+01  0.10078006E+04  0.15667587E+05  0.12561582E+03  0.12560624E+03  0.10000000E+01  0.00000000E+00
  0.13669770E+01  0.68668747E+00 -0.67517385E-02  0.45033574E+00  0.10326451E+04  0.70675078E+05  0.12546356E+03  0.12546065E+03  0.10000000E+01  0.00000000E+00
  0.78503811E+00  0.97493064E+00 -0.11242545E+01 -0.67131400E+00  0.99766327E+03 -0.45526699E+04  0.12531018E+03  0.12531018E+03  0.10000000E+01  0.00000000E+00
  0.14171174E+01  0.96222425E+00 -0.55516058E+00  0.15180784E+01  0.10198401E+04  0.41321379E+05  0.12515567E+03  0.12515567E+03  0.10000000E+01  0.00000000E+00
  0.10717281E+01  0.14593661E+01 -0.10462394E+01  0.15222079E+01  0.98872516E+03 -0.21386854E+05  0.12500000E+03  0.12500000E+03  0.10000000E+01  0.00000000E+00
  0.19704599E+01  0.32670358E+00 -0.17851469E+00  0.50438893E+00  0.97818549E+03 -0.40098754E+05  0.12576698E+03  0.12575710E+03  0.10000000E+01  0.00000000E+00
  0.21251070E+01  0.47211945E+00  0.12075721E+01 -0.37016743E+00  0.99905719E+03 -0.18446012E+04  0.12561582E+03  0.12561089E+03  0.10000000E+01  0.00000000E+00
  0.25228305E+01  0.60183311E+00 -0.20030192E+00  0.64505899E+00  0.10125413E+04  0.25551389E+05  0.12546356E+03  0.12546005E+03  0.10000000E+01  0.00000000E+00
  0.21941173E+01  0.73478925E+00  0.13110110E+01 -0.55416811E+00  0.10112642E+04  0.22861379E+05  0.12531018E+03  0.12531018E+03  0.10000000E+01  0.00000000E+00
  0.28325214E+01  0.73110867E+00  0.12600982E+01 -0.12639252E+01  0.99727069E+03 -0.53112339E+04  0.12515567E+03  0.12515567E+03  0.10000000E+01  0.00000000E+00
  0.21147435E+01  0.12198091E+01  0.10539961E+01 -0.87474719E-01  0.10056722E+04  0.11320065E+05  0.12500000E+03  0.12500000E+03  0.10000000E+01  0.00000000E+00
  0.17149949E+01  0.49199533E+00  0.17567810E-01 -0.29225588E+00  0.10116718E+04  0.23717670E+05  0.12576698E+03  0.12576570E+03  0.10000000E+01  0.00000000E+00
  0.21441174E+01  0.68871230E+00 -0.33159238E+00 -0.39331955E+00  0.10071490E+04  0.14330732E+05  0.12561582E+03  0.12561221E+03  0.10000000E+01  0.00000000E+00
  0.29779181E+01  0.73026133E+00  0.17988384E+00  0.18100116E+00  0.10139118E+04  0.28460994E+05  0.12546356E+03  0.12546202E+03  0.10000000E+01  0.00000000E+00
  0.28355417E+01  0.70250070E+00  0.21762490E+00  0.14065498E+01  0.10097386E+04  0.19674688E+05  0.12531018E+03  0.12530896E+03  0.10000000E+01  0.00000000E+00
  0.26352925E+01  0.13334963E+01 -0.10612644E+01  0.51534164E+00  0.10109672E+04  0.22238811E+05  0.12515567E+03  0.12515567E+03  0.10000000E+01  0.00000000E+00
  0.29011736E+01  0.12803249E+01 -0.46415813E-01 -0.12853962E+00  0.10026006E+04  0.51424971E+04  0.12500000E+03  0.12500012E+03  0.10000000E+01  0.00000000E+00
  0.15606601E+01  0.10500877E+01 -0.12165170E+01  0.84785777E+00  0.10166469E+04  0.34338277E+05  0.12561582E+03  0.12561399E+03  0.10000000E+01  0.00000000E+00
  0.28548999E+01  0.13150927E+01 -0.92609352E+00  0.37327597E+00  0.10041284E+04  0.82010459E+04  0.12531018E+03  0.12531004E+03  0.10000000E+01  0.00000000E+00
  0.18561549E+01  0.15102880E+01 -0.94680095E+00 -0.30305177E+00  0.10019305E+04  0.38095986E+04  0.12500000E+03  0.12500000E+03  0.10000000E+01  0.00000000E+00
