  0.00000000E+00  0.00000000E+00  0.00000000E+00  0.00000000E+00  0.10012809E+04  0.25228113E+04  0.12500000E+03  0.23422672E-02  0.69999999E+00  0.99999731E+03
  0.00000000E+00  0.50000000E+00  0.00000000E+00  0.00000000E+00  0.10103184E+04  0.20882266E+05  0.12500000E+03  0.28081122E-02  0.69999999E+00  0.99999677E+03
  0.00000000E+00  0.10000000E+01  0.00000000E+00  0.00000000E+00  0.10113142E+04  0.22966207E+05  0.12500000E+03  0.33616654E-02  0.69999999E+00  0.99999609E+03
  0.00000000E+00  0.15000000E+01  0.00000000E+00  0.00000000E+00  0.10189650E+04  0.39394566E+05  0.12500000E+03  0.10970884E-02  0.69999999E+00  0.99999872E+03
  0.00000000E+00  0.20000000E+01  0.00000000E+00  0.00000000E+00  0.10178848E+04  0.37029695E+05  0.12500000E+03 -0.14132780E-02  0.69999999E+00  0.10000016E+04
  0.00000000E+00  0.25000000E+01  0.00000000E+00  0.00000000E+00  0.10030736E+04  0.60862402E+04  0.12500000E+03  0.33517432E-03  0.69999999E+00  0.99999963E+03
  0.00000000E+00  0.30000000E+01  0.00000000E+00  0.00000000E+00  0.10000000E+04  0.00000000E+00  0.12500000E+03  0.60528782E-05  0.69999999E+00  0.10000000E+04
  0.00000000E+00  0.35000000E+01  0.00000000E+00  0.00000000E+00  0.10000000E+04  0.00000000E+00  0.12500000E+03  0.00000000E+00  0.69999999E+00  0.10000000E+04
  0.00000000E+00  0.40000000E+01  0.00000000E+00  0.00000000E+00  0.10000000E+04  0.00000000E+00  0.12500000E+03  0.00000000E+00  0.69999999E+00  0.10000000E+04
 -0.25000000E+00 -0.25000000E+00  0.00000000E+00  0.00000000E+00  0.10006414E+04  0.12607445E+04  0.12500000E+03  0.52005530E-03  0.69999999E+00  0.99999939E+03
 -0.25000000E+00  0.25000000E+00  0.00000000E+00  0.00000000E+00  0.10008367E+04  0.16455559E+04  0.12500000E+03  0.10235063E-02  0.69999999E+00  0.99999884E+03
 -0.25000000E+00  0.75000000E+00  0.00000000E+00  0.00000000E+00  0.10050496E+04  0.10058641E+05  0.12500000E+03  0.35784388E-03  0.69999999E+00  0.99999957E+03
 -0.25000000E+00  0.12500000E+01  0.00000000E+00  0.00000000E+00  0.99995227E+03 -0.93658981E+02  0.12500000E+03  0.10474743E-02  0.69999999E+00  0.99999878E+03
 -0.25000000E+00  0.17500000E+01  0.00000000E+00  0.00000000E+00  0.10011681E+04  0.22999219E+04  0.12500000E+03 -0.35053625E-03  0.69999999E+00  0.10000004E+04
 -0.25000000E+00  0.22500000E+01  0.00000000E+00  0.00000000E+00  0.10012462E+04  0.24542319E+04  0.12500000E+03 -0.15003496E-03  0.69999999E+00  0.10000002E+04
 -0.25000000E+00  0.27500000E+01  0.00000000E+00  0.00000000E+00  0.10000000E+04  0.00000000E+00  0.12500000E+03  0.15302179E-41  0.69999999E+00  0.10000000E+04
 -0.25000000E+00  0.32500000E+01  0.00000000E+00  0.00000000E+00  0.10000000E+04  0.00000000E+00  0.12500000E+03  0.43159993E-42  0.69999999E+00  0.10000000E+04
 -0.25000000E+00  0.37500000E+01  0.00000000E+00  0.00000000E+00  0.10000000E+04  0.00000000E+00  0.12500000E+03  0.00000000E+00  0.69999999E+00  0.10000000E+04
  0.80000000E+01  0.00000000E+00  0.00000000E+00  0.00000000E+00  0.10000000E+04  0.00000000E+00  0.12500000E+03  0.00000000E+00  0.69999999E+00  0.10000000E+04
  0.80000000E+01  0.50000000E+00  0.00000000E+00  0.00000000E+00  0.10000000E+04  0.00000000E+00  0.12500000E+03  0.00000000E+00  0.69999999E+00  0.10000000E+04
  0.80000000E+01  0.10000000E+01  0.00000000E+00  0.00000000E+00  0.10000000E+04  0.00000000E+00  0.12500000E+03  0.00000000E+00  0.69999999E+00  0.10000000E+04
  0.80000000E+01  0.15000000E+01  0.00000000E+00  0.00000000E+00  0.10000000E+04  0.00000000E+00  0.12500000E+03  0.00000000E+00  0.69999999E+00  0.10000000E+04
  0.80000000E+01  0.20000000E+01  0.00000000E+00  0.00000000E+00  0.10000000E+04  0.00000000E+00  0.12500000E+03  0.00000000E+00  0.69999999E+00  0.10000000E+04
  0.80000000E+01  0.25000000E+01  0.00000000E+00  0.00000000E+00  0.10000000E+04  0.00000000E+00  0.12500000E+03  0.00000000E+00  0.69999999E+00  0.10000000E+04
  0.80000000E+01  0.30000000E+01  0.00000000E+00  0.00000000E+00  0.10000000E+04  0.00000000E+00  0.12500000E+03  0.00000000E+00  0.69999999E+00  0.10000000E+04
  0.80000000E+01  0.35000000E+01  0.00000000E+00  0.00000000E+00  0.10000000E+04  0.00000000E+00  0.12500000E+03  0.00000000E+00  0.69999999E+00  0.10000000E+04
  0.80000000E+01  0.40000000E+01  0.00000000E+00  0.00000000E+00  0.10000000E+04  0.00000000E+00  0.12500000E+03  0.00000000E+00  0.69999999E+00  0.10000000E+04
  0.82500000E+01 -0.25000000E+00  0.00000000E+00  0.00000000E+00  0.10000000E+04  0.00000000E+00  0.12500000E+03  0.00000000E+00  0.69999999E+00  0.10000000E+04
  0.82500000E+01  0.25000000E+00  0.00000000E+00  0.00000000E+00  0.10000000E+04  0.00000000E+00  0.12500000E+03  0.00000000E+00  0.69999999E+00  0.10000000E+04
  0.82500000E+01  0.75000000E+00  0.00000000E+00  0.00000000E+00  0.10000000E+04  0.00000000E+00  0.12500000E+03  0.00000000E+00  0.69999999E+00  0.10000000E+04
  0.82500000E+01  0.12500000E+01  0.00000000E+00  0.00000000E+00  0.10000000E+04  0.00000000E+00  0.12500000E+03  0.00000000E+00  0.69999999E+00  0.10000000E+04
  0.82500000E+01  0.17500000E+01  0.00000000E+00  0.00000000E+00  0.10000000E+04  0.00000000E+00  0.12500000E+03  0.00000000E+00  0.69999999E+00  0.10000000E+04
  0.82500000E+01  0.22500000E+01  0.00000000E+00  0.00000000E+00  0.10000000E+04  0.00000000E+00  0.12500000E+03  0.00000000E+00  0.69999999E+00  0.10000000E+04
  0.82500000E+01  0.27500000E+01  0.00000000E+00  0.00000000E+00  0.10000000E+04  0.00000000E+00  0.12500000E+03  0.00000000E+00  0.69999999E+00  0.10000000E+04
  0.82500000E+01  0.32500000E+01  0.00000000E+00  0.00000000E+00  0.10000000E+04  0.00000000E+00  0.12500000E+03  0.00000000E+00  0.69999999E+00  0.10000000E+04
  0.82500000E+01  0.37500000E+01  0.00000000E+00  0.00000000E+00  0.10000000E+04  0.00000000E+00  0.12500000E+03  0.00000000E+00  0.69999999E+00  0.10000000E+04
  0.50000000E+00  0.00000000E+00  0.00000000E+00  0.00000000E+00  0.10376136E+04  0.82667492E+05  0.12500000E+03  0.11697374E-01  0.69999999E+00  0.99998615E+03
  0.10000000E+01  0.00000000E+00  0.00000000E+00  0.00000000E+00  0.10496809E+04  0.11326633E+06  0.12500000E+03  0.66414806E-02  0.69999999E+00  0.99999200E+03
  0.15000000E+01  0.00000000E+00  0.00000000E+00  0.00000000E+00  0.10230933E+04  0.48571535E+05  0.12500000E+03  0.20728037E-01  0.69999999E+00  0.99997577E+03
  0.20000000E+01  0.00000000E+00  0.00000000E+00  0.00000000E+00  0.11412798E+04  0.42659466E+06  0.12500000E+03  0.23800438E-01  0.69999999E+00  0.99996893E+03
  0.25000000E+01  0.00000000E+00  0.00000000E+00  0.00000000E+00  0.10490199E+04  0.11153478E+06  0.12500000E+03  0.64800302E-02  0.69999999E+00  0.99999225E+03
  0.30000000E+01  0.00000000E+00  0.00000000E+00  0.00000000E+00  0.10481851E+04  0.10935727E+06  0.12500000E+03  0.81772674E-02  0.69999999E+00  0.99999023E+03
  0.35000000E+01  0.00000000E+00  0.00000000E+00  0.00000000E+00  0.10062253E+04  0.12444625E+05  0.12500000E+03  0.32914991E-02  0.69999999E+00  0.99999622E+03
  0.40000000E+01  0.00000000E+00  0.00000000E+00  0.00000000E+00  0.10000137E+04  0.26898298E+02  0.12500000E+03 -0.68247195E-04  0.69999999E+00  0.10000001E+04
  0.45000000E+01  0.00000000E+00  0.00000000E+00  0.00000000E+00  0.10000000E+04  0.00000000E+00  0.12500000E+03  0.47672174E-40  0.69999999E+00  0.10000000E+04
  0.50000000E+01  0.00000000E+00  0.00000000E+00  0.00000000E+00  0.10000000E+04  0.00000000E+00  0.12500000E+03 -0.00000000E+00  0.69999999E+00  0.10000000E+04
  0.55000000E+01  0.00000000E+00  0.00000000E+00  0.00000000E+00  0.10000000E+04  0.00000000E+00  0.12500000E+03  0.00000000E+00  0.69999999E+00  0.10000000E+04
  0.60000000E+01  0.00000000E+00  0.00000000E+00  0.00000000E+00  0.10000000E+04  0.00000000E+00  0.12500000E+03  0.00000000E+00  0.69999999E+00  0.10000000E+04
  0.65000000E+01  0.00000000E+00  0.00000000E+00  0.00000000E+00  0.10000000E+04  0.00000000E+00  0.12500000E+03  0.00000000E+00  0.69999999E+00  0.10000000E+04
  0.70000000E+01  0.00000000E+00  0.00000000E+00  0.00000000E+00  0.10000000E+04  0.00000000E+00  0.12500000E+03  0.00000000E+00  0.69999999E+00  0.10000000E+04
  0.75000000E+01  0.00000000E+00  0.00000000E+00  0.00000000E+00  0.10000000E+04  0.00000000E+00  0.12500000E+03  0.00000000E+00  0.69999999E+00  0.10000000E+04
  0.25000000E+00 -0.25000000E+00  0.00000000E+00  0.00000000E+00  0.10056486E+04  0.11272160E+05  0.12500000E+03  0.31874077E-02  0.69999999E+00  0.99999634E+03
  0.75000000E+00 -0.25000000E+00  0.00000000E+00  0.00000000E+00  0.10256946E+04  0.54469594E+05  0.12500000E+03  0.84221233E-02  0.69999999E+00  0.99999011E+03
  0.12500000E+01 -0.25000000E+00  0.00000000E+00  0.00000000E+00  0.10092549E+04  0.18670186E+05  0.12500000E+03  0.68190638E-02  0.69999999E+00  0.99999213E+03
  0.17500000E+01 -0.25000000E+00  0.00000000E+00  0.00000000E+00  0.10146884E+04  0.30120031E+05  0.12500000E+03  0.10338504E-01  0.69999999E+00  0.99998804E+03
  0.22500000E+01 -0.25000000E+00  0.00000000E+00  0.00000000E+00  0.10017063E+04  0.33648325E+04  0.12500000E+03  0.10142947E-01  0.69999999E+00  0.99998840E+03
  0.27500000E+01 -0.25000000E+00  0.00000000E+00  0.00000000E+00  0.10053688E+04  0.10704828E+05  0.12500000E+03  0.42816997E-02  0.69999999E+00  0.99999506E+03
  0.32500000E+01 -0.25000000E+00  0.00000000E+00  0.00000000E+00  0.10013298E+04  0.26194590E+04  0.12500000E+03  0.29781801E-02  0.69999999E+00  0.99999658E+03
  0.37500000E+01 -0.25000000E+00  0.00000000E+00  0.00000000E+00  0.10000070E+04  0.13565822E+02  0.12500000E+03 -0.15635355E-03  0.69999999E+00  0.10000002E+04
  0.42500000E+01 -0.25000000E+00  0.00000000E+00  0.00000000E+00  0.10000000E+04  0.00000000E+00  0.12500000E+03 -0.20781924E-36  0.69999999E+00  0.10000000E+04
  0.47500000E+01 -0.25000000E+00  0.00000000E+00  0.00000000E+00  0.10000000E+04  0.00000000E+00  0.12500000E+03 -0.95176192E-40  0.69999999E+00  0.10000000E+04
  0.52500000E+01 -0.25000000E+00  0.00000000E+00  0.00000000E+00  0.10000000E+04  0.00000000E+00  0.12500000E+03  0.00000000E+00  0.69999999E+00  0.10000000E+04
  0.57500000E+01 -0.25000000E+00  0.00000000E+00  0.00000000E+00  0.10000000E+04  0.00000000E+00  0.12500000E+03  0.00000000E+00  0.69999999E+00  0.10000000E+04
  0.62500000E+01 -0.25000000E+00  0.00000000E+00  0.00000000E+00  0.10000000E+04  0.00000000E+00  0.12500000E+03  0.00000000E+00  0.69999999E+00  0.10000000E+04
  0.67500000E+01 -0.25000000E+00  0.00000000E+00  0.00000000E+00  0.10000000E+04  0.00000000E+00  0.12500000E+03  0.00000000E+00  0.69999999E+00  0.10000000E+04
  0.72500000E+01 -0.25000000E+00  0.00000000E+00  0.00000000E+00  0.10000000E+04  0.00000000E+00  0.12500000E+03  0.00000000E+00  0.69999999E+00  0.10000000E+04
  0.77500000E+01 -0.25000000E+00  0.00000000E+00  0.00000000E+00  0.10000000E+04  0.00000000E+00  0.12500000E+03  0.00000000E+00  0.69999999E+00  0.10000000E+04
  0.40000000E+01  0.50000000E+00  0.00000000E+00  0.00000000E+00  0.10006702E+04  0.13175686E+04  0.12500000E+03 -0.25625929E-03  0.69999999E+00  0.10000003E+04
  0.37500000E+01  0.25000000E+00  0.00000000E+00  0.00000000E+00  0.10041674E+04  0.82792109E+04  0.12500000E+03 -0.14292526E-02  0.69999999E+00  0.10000016E+04
  0.40000000E+01  0.10000000E+01  0.00000000E+00  0.00000000E+00  0.10021775E+04  0.43002192E+04  0.12500000E+03 -0.12704098E-03  0.69999999E+00  0.10000001E+04
  0.37500000E+01  0.75000000E+00  0.00000000E+00  0.00000000E+00  0.10390081E+04  0.86095562E+05  0.12500000E+03  0.89519075E-03  0.69999999E+00  0.99999896E+03
  0.40000000E+01  0.15000000E+01  0.00000000E+00  0.00000000E+00  0.10010677E+04  0.21016631E+04  0.12500000E+03  0.34143764E-03  0.69999999E+00  0.99999963E+03
  0.37500000E+01  0.12500000E+01  0.00000000E+00  0.00000000E+00  0.10417411E+04  0.92895398E+05  0.12500000E+03  0.80207345E-03  0.69999999E+00  0.99999902E+03
  0.40000000E+01  0.20000000E+01  0.00000000E+00  0.00000000E+00  0.10010659E+04  0.20981323E+04  0.12500000E+03  0.29702904E-03  0.69999999E+00  0.99999963E+03
  0.37500000E+01  0.17500000E+01  0.00000000E+00  0.00000000E+00  0.10314531E+04  0.67849102E+05  0.12500000E+03  0.16334059E-02  0.69999999E+00  0.99999805E+03
  0.45000000E+01  0.50000000E+00  0.00000000E+00  0.00000000E+00  0.10000000E+04  0.00000000E+00  0.12500000E+03  0.28069690E-39  0.69999999E+00  0.10000000E+04
  0.42500000E+01  0.25000000E+00  0.00000000E+00  0.00000000E+00  0.10000018E+04  0.35083482E+01  0.12500000E+03 -0.74084828E-05  0.69999999E+00  0.10000000E+04
  0.45000000E+01  0.10000000E+01  0.00000000E+00  0.00000000E+00  0.10000000E+04  0.00000000E+00  0.12500000E+03 -0.00000000E+00  0.69999999E+00  0.10000000E+04
  0.42500000E+01  0.75000000E+00  0.00000000E+00  0.00000000E+00  0.10000944E+04  0.18529227E+03  0.12500000E+03 -0.10442676E-04  0.69999999E+00  0.10000000E+04
  0.45000000E+01  0.15000000E+01  0.00000000E+00  0.00000000E+00  0.10000000E+04  0.00000000E+00  0.12500000E+03 -0.38956097E-42  0.69999999E+00  0.10000000E+04
  0.42500000E+01  0.12500000E+01  0.00000000E+00  0.00000000E+00  0.10000066E+04  0.12864128E+02  0.12500000E+03  0.34267537E-05  0.69999999E+00  0.10000000E+04
  0.45000000E+01  0.20000000E+01  0.00000000E+00  0.00000000E+00  0.10000000E+04  0.00000000E+00  0.12500000E+03  0.38956097E-42  0.69999999E+00  0.10000000E+04
  0.42500000E+01  0.17500000E+01  0.00000000E+00  0.00000000E+00  0.10000031E+04  0.60811610E+01  0.12500000E+03 -0.35628464E-05  0.69999999E+00  0.10000000E+04
  0.50000000E+01  0.50000000E+00  0.00000000E+00  0.00000000E+00  0.10000000E+04  0.00000000E+00  0.12500000E+03  0.00000000E+00  0.69999999E+00  0.10000000E+04
  0.47500000E+01  0.25000000E+00  0.00000000E+00  0.00000000E+00  0.10000000E+04  0.00000000E+00  0.12500000E+03  0.94055153E-40  0.69999999E+00  0.10000000E+04
  0.50000000E+01  0.10000000E+01  0.00000000E+00  0.00000000E+00  0.10000000E+04  0.00000000E+00  0.12500000E+03  0.00000000E+00  0.69999999E+00  0.10000000E+04
  0.47500000E+01  0.75000000E+00  0.00000000E+00  0.00000000E+00  0.10000000E+04  0.00000000E+00  0.12500000E+03  0.00000000E+00  0.69999999E+00  0.10000000E+04
  0.50000000E+01  0.15000000E+01  0.00000000E+00  0.00000000E+00  0.10000000E+04  0.00000000E+00  0.12500000E+03 -0.25503632E-42  0.69999999E+00  0.10000000E+04
  0.47500000E+01  0.12500000E+01  0.00000000E+00  0.00000000E+00  0.10000000E+04  0.00000000E+00  0.12500000E+03 -0.22420775E-42  0.69999999E+00  0.10000000E+04
  0.50000000E+01  0.20000000E+01  0.00000000E+00  0.00000000E+00  0.10000000E+04  0.00000000E+00  0.12500000E+03  0.22140516E-42  0.69999999E+00  0.10000000E+04
  0.47500000E+01  0.17500000E+01  0.00000000E+00  0.00000000E+00  0.10000000E+04  0.00000000E+00  0.12500000E+03  0.00000000E+00  0.69999999E+00  0.10000000E+04
  0.24916751E+01  0.91531801E+00 -0.62066812E-01  0.55736817E-01  0.10052996E+04  0.10564531E+05  0.12576698E+03  0.12576674E+03  0.10000000E+01  0.00000000E+00
  0.12004985E+01  0.88096583E+00 -0.76547801E+00  0.32233557E+00  0.10042245E+04  0.83943340E+04  0.12561582E+03  0.12561256E+03  0.10000000E+01  0.00000000E+00
  0.16683729E+01  0.98061681E+00 -0.42529839E+00 -0.95398468E+00  0.99871185E+03 -0.25176543E+04  0.12546356E+03  0.12546333E+03  0.10000000E+01  0.00000000E+00
  0.17052839E+01  0.17543211E+01 -0.10189173E+01 -0.89382279E+00  0.99585736E+03 -0.80275459E+04  0.12531018E+03  0.12531027E+03  0.10000000E+01  0.00000000E+00
  0.27104454E+01  0.15612644E+01  0.10889459E+01 -0.36301762E-01  0.10025860E+04  0.51132783E+04  0.12515567E+03  0.12515567E+03  0.10000000E+01  0.00000000E+00
  0.28423624E+01  0.15271974E+01 -0.42353177E+00  0.70169801E+00  0.10034019E+04  0.67429844E+04  0.12500000E+03  0.12500000E+03  0.10000000E+01  0.00000000E+00
  0.27219825E+01  0.89152980E+00  0.88810807E+00  0.26024789E+00  0.10014871E+04  0.29308103E+04  0.12576698E+03  0.12575461E+03  0.10000000E+01  0.00000000E+00
  0.10210434E+01  0.97578847E+00 -0.86229604E+00  0.92739278E+00  0.99744012E+03 -0.49841172E+04  0.12561582E+03  0.12560624E+03  0.10000000E+01  0.00000000E+00
  0.91775715E+00  0.11062853E+01  0.35550690E+00 -0.19054398E+00  0.10015947E+04  0.31437358E+04  0.12546356E+03  0.12546037E+03  0.10000000E+01  0.00000000E+00
  0.24948990E+01  0.13386127E+01  0.20544332E+00 -0.13258594E+00  0.10037019E+04  0.73443403E+04  0.12531018E+03  0.12531038E+03  0.10000000E+01  0.00000000E+00
  0.13337334E+01  0.89583206E+00  0.52009606E+00  0.18971384E+00  0.10076443E+04  0.15346474E+05  0.12515567E+03  0.12515535E+03  0.10000000E+01  0.00000000E+00
  0.73614299E+00  0.84231412E+00  0.42875835E+00  0.68400002E+00  0.10113439E+04  0.23028518E+05  0.12500000E+03  0.12500000E+03  0.10000000E+01  0.00000000E+00
  0.20122039E+01  0.10936879E+01  0.27366775E+00 -0.53943026E+00  0.99530157E+03 -0.90893320E+04  0.12576698E+03  0.12575644E+03  0.10000000E+01  0.00000000E+00
  0.27374890E+01  0.88727403E+00  0.93205392E-01  0.44378906E-01  0.10038322E+04  0.76055742E+04  0.12561582E+03  0.12561089E+03  0.10000000E+01  0.00000000E+00
  0.29145660E+01  0.11989950E+01 -0.10946885E+00  0.19742069E+00  0.10130444E+04  0.26616623E+05  0.12546356E+03  0.12546005E+03  0.10000000E+01  0.00000000E+00
  0.21806047E+01  0.13331429E+01  0.76095328E-01 -0.13867273E+01  0.10059677E+04  0.11920419E+05  0.12531018E+03  0.12531018E+03  0.10000000E+01  0.00000000E+00
  0.29058552E+01  0.77554262E+00 -0.87399346E+00 -0.20814133E+00  0.10110625E+04  0.22438383E+05  0.12515567E+03  0.12515553E+03  0.10000000E+01  0.00000000E+00
  0.15153470E+01  0.16030304E+01 -0.16185873E+01  0.43931782E+00  0.99929370E+03 -0.13828572E+04  0.12500000E+03  0.12499989E+03  0.10000000E+01  0.00000000E+00
  0.89522994E+00  0.13161911E+01  0.91170585E+00  0.11487691E+01  0.10092354E+04  0.18629650E+05  0.12576698E+03  0.12576566E+03  0.10000000E+01  0.00000000E+00
  0.28089256E+01  0.95572102E+00  0.60463989E+00  0.80105960E+00  0.10011891E+04  0.23413784E+04  0.12561582E+03  0.12561245E+03  0.10000000E+01  0.00000000E+00
  0.16913753E+01  0.14198136E+01 -0.18660223E+01 -0.13688176E+01  0.10009981E+04  0.19642234E+04  0.12546356E+03  0.12546202E+03  0.10000000E+01  0.00000000E+00
  0.22357380E+01  0.91053784E+00 -0.14186971E-01 -0.59864295E+00  0.10047732E+04  0.95000723E+04  0.12531018E+03  0.12530890E+03  0.10000000E+01  0.00000000E+00
  0.11253177E+01  0.17192945E+01  0.57773888E-01  0.18993664E+01  0.99600293E+03 -0.77488706E+04  0.12515567E+03  0.12515567E+03  0.10000000E+01  0.00000000E+00
  0.16433463E+01  0.92702031E+00 -0.75223887E+00 -0.99889576E+00  0.10051438E+04  0.10249136E+05  0.12500000E+03  0.12500012E+03  0.10000000E+01  0.00000000E+00
  0.92771888E+00  0.14169488E+01  0.34737003E+00  0.81268084E+00  0.10050888E+04  0.10137961E+05  0.12561582E+03  0.12561399E+03  0.10000000E+01  0.00000000E+00
  0.15016742E+01  0.19067559E+01 -0.26338146E+01  0.26799828E+00  0.10061213E+04  0.12233002E+05  0.12531018E+03  0.12531004E+03  0.10000000E+01  0.00000000E+00
  0.24609091E+01  0.18213360E+01 -0.58855093E+00 -0.52176946E+00  0.10011129E+04  0.21908884E+04  0.12500000E+03  0.12500000E+03  0.10000000E+01  0.00000000E+00
