  0.00000000E+00  0.00000000E+00  0.00000000E+00  0.00000000E+00  0.10011221E+04  0.22090188E+04  0.12500000E+03  0.20156747E-02  0.69999999E+00  0.99999768E+03
  0.00000000E+00  0.50000000E+00  0.00000000E+00  0.00000000E+00  0.10086622E+04  0.17443365E+05  0.12500000E+03  0.17446007E-02  0.69999999E+00  0.99999799E+03
  0.00000000E+00  0.10000000E+01  0.00000000E+00  0.00000000E+00  0.10243623E+04  0.51437715E+05  0.12500000E+03  0.25885233E-02  0.69999999E+00  0.99999695E+03
  0.00000000E+00  0.15000000E+01  0.00000000E+00  0.00000000E+00  0.10404589E+04  0.89691961E+05  0.12500000E+03  0.92066557E-03  0.69999999E+00  0.99999890E+03
  0.00000000E+00  0.20000000E+01  0.00000000E+00  0.00000000E+00  0.10249070E+04  0.52674359E+05  0.12500000E+03 -0.86302415E-03  0.69999999E+00  0.10000010E+04
  0.00000000E+00  0.25000000E+01  0.00000000E+00  0.00000000E+00  0.10005144E+04  0.10107882E+04  0.12500000E+03  0.17801055E-03  0.69999999E+00  0.99999982E+03
  0.00000000E+00  0.30000000E+01  0.00000000E+00  0.00000000E+00  0.10000000E+04  0.00000000E+00  0.12500000E+03  0.00000000E+00  0.69999999E+00  0.10000000E+04
  0.00000000E+00  0.35000000E+01  0.00000000E+00  0.00000000E+00  0.10000000E+04  0.00000000E+00  0.12500000E+03  0.00000000E+00  0.69999999E+00  0.10000000E+04
  0.00000000E+00  0.40000000E+01  0.00000000E+00  0.00000000E+00  0.10000000E+04  0.00000000E+00  0.12500000E+03  0.00000000E+00  0.69999999E+00  0.10000000E+04
 -0.25000000E+00 -0.25000000E+00  0.00000000E+00  0.00000000E+00  0.10006414E+04  0.12607445E+04  0.12500000E+03  0.52005530E-03  0.69999999E+00  0.99999939E+03
 -0.25000000E+00  0.25000000E+00  0.00000000E+00  0.00000000E+00  0.10007101E+04  0.13962463E+04  0.12500000E+03  0.81343966E-03  0.69999999E+00  0.99999908E+03
 -0.25000000E+00  0.75000000E+00  0.00000000E+00  0.00000000E+00  0.10022894E+04  0.45228003E+04  0.12500000E+03  0.97043951E-04  0.69999999E+00  0.99999988E+03
 -0.25000000E+00  0.12500000E+01  0.00000000E+00  0.00000000E+00  0.10000903E+04  0.17733565E+03  0.12500000E+03  0.84135687E-03  0.69999999E+00  0.99999902E+03
 -0.25000000E+00  0.17500000E+01  0.00000000E+00  0.00000000E+00  0.10010010E+04  0.19698705E+04  0.12500000E+03 -0.25806873E-03  0.69999999E+00  0.10000003E+04
 -0.25000000E+00  0.22500000E+01  0.00000000E+00  0.00000000E+00  0.10004810E+04  0.94510358E+03  0.12500000E+03 -0.97287455E-04  0.69999999E+00  0.10000001E+04
 -0.25000000E+00  0.27500000E+01  0.00000000E+00  0.00000000E+00  0.10000000E+04  0.00000000E+00  0.12500000E+03  0.00000000E+00  0.69999999E+00  0.10000000E+04
 -0.25000000E+00  0.32500000E+01  0.00000000E+00  0.00000000E+00  0.10000000E+04  0.00000000E+00  0.12500000E+03  0.00000000E+00  0.69999999E+00  0.10000000E+04
 -0.25000000E+00  0.37500000E+01  0.00000000E+00  0.00000000E+00  0.10000000E+04  0.00000000E+00  0.12500000E+03  0.00000000E+00  0.69999999E+00  0.10000000E+04
  0.80000000E+01  0.00000000E+00  0.00000000E+00  0.00000000E+00  0.10000000E+04  0.00000000E+00  0.12500000E+03  0.00000000E+00  0.69999999E+00  0.10000000E+04
  0.80000000E+01  0.50000000E+00  0.00000000E+00  0.00000000E+00  0.10000000E+04  0.00000000E+00  0.12500000E+03  0.00000000E+00  0.69999999E+00  0.10000000E+04
  0.80000000E+01  0.10000000E+01  0.00000000E+00  0.00000000E+00  0.10000000E+04  0.00000000E+00  0.12500000E+03  0.00000000E+00  0.69999999E+00  0.10000000E+04
  0.80000000E+01  0.15000000E+01  0.00000000E+00  0.00000000E+00  0.10000000E+04  0.00000000E+00  0.12500000E+03  0.00000000E+00  0.69999999E+00  0.10000000E+04
  0.80000000E+01  0.20000000E+01  0.00000000E+00  0.00000000E+00  0.10000000E+04  0.00000000E+00  0.12500000E+03  0.00000000E+00  0.69999999E+00  0.10000000E+04
  0.80000000E+01  0.25000000E+01  0.00000000E+00  0.00000000E+00  0.10000000E+04  0.00000000E+00  0.12500000E+03  0.00000000E+00  0.69999999E+00  0.10000000E+04
  0.80000000E+01  0.30000000E+01  0.00000000E+00  0.00000000E+00  0.10000000E+04  0.00000000E+00  0.12500000E+03  0.00000000E+00  0.69999999E+00  0.10000000E+04
  0.80000000E+01  0.35000000E+01  0.00000000E+00  0.00000000E+00  0.10000000E+04  0.00000000E+00  0.12500000E+03  0.00000000E+00  0.69999999E+00  0.10000000E+04
  0.80000000E+01  0.40000000E+01  0.00000000E+00  0.00000000E+00  0.10000000E+04  0.00000000E+00  0.12500000E+03  0.00000000E+00  0.69999999E+00  0.10000000E+04
  0.82500000E+01 -0.25000000E+00  0.00000000E+00  0.00000000E+00  0.10000000E+04  0.00000000E+00  0.12500000E+03  0.00000000E+00  0.69999999E+00  0.10000000E+04
  0.82500000E+01  0.25000000E+00  0.00000000E+00  0.00000000E+00  0.10000000E+04  0.00000000E+00  0.12500000E+03  0.00000000E+00  0.69999999E+00  0.10000000E+04
  0.82500000E+01  0.75000000E+00  0.00000000E+00  0.00000000E+00  0.10000000E+04  0.00000000E+00  0.12500000E+03  0.00000000E+00  0.69999999E+00  0.10000000E+04
  0.82500000E+01  0.12500000E+01  0.00000000E+00  0.00000000E+00  0.10000000E+04  0.00000000E+00  0.12500000E+03  0.00000000E+00  0.69999999E+00  0.10000000E+04
  0.82500000E+01  0.17500000E+01  0.00000000E+00  0.00000000E+00  0.10000000E+04  0.00000000E+00  0.12500000E+03  0.00000000E+00  0.69999999E+00  0.10000000E+04
  0.82500000E+01  0.22500000E+01  0.00000000E+00  0.00000000E+00  0.10000000E+04  0.00000000E+00  0.12500000E+03  0.00000000E+00  0.69999999E+00  0.10000000E+04
  0.82500000E+01  0.27500000E+01  0.00000000E+00  0.00000000E+00  0.10000000E+04  0.00000000E+00  0.12500000E+03  0.00000000E+00  0.69999999E+00  0.10000000E+04
  0.82500000E+01  0.32500000E+01  0.00000000E+00  0.00000000E+00  0.10000000E+04  0.00000000E+00  0.12500000E+03  0.00000000E+00  0.69999999E+00  0.10000000E+04
  0.82500000E+01  0.37500000E+01  0.00000000E+00  0.00000000E+00  0.10000000E+04  0.00000000E+00  0.12500000E+03  0.00000000E+00  0.69999999E+00  0.10000000E+04
  0.50000000E+00  0.00000000E+00  0.00000000E+00  0.00000000E+00  0.10441835E+04  0.99063094E+05  0.12500000E+03  0.97532701E-02  0.69999999E+00  0.99998834E+03
  0.10000000E+01  0.00000000E+00  0.00000000E+00  0.00000000E+00  0.10514412E+04  0.11790935E+06  0.12500000E+03  0.45438264E-02  0.69999999E+00  0.99999457E+03
  0.15000000E+01  0.00000000E+00  0.00000000E+00  0.00000000E+00  0.10350732E+04  0.76492766E+05  0.12500000E+03  0.17496102E-01  0.69999999E+00  0.99997931E+03
  0.20000000E+01  0.00000000E+00  0.00000000E+00  0.00000000E+00  0.11758931E+04  0.59103044E+06  0.12500000E+03  0.19647917E-01  0.69999999E+00  0.99997357E+03
  0.25000000E+01  0.00000000E+00  0.00000000E+00  0.00000000E+00  0.10185835E+04  0.38557758E+05  0.12500000E+03  0.32757069E-02  0.69999999E+00  0.99999622E+03
  0.30000000E+01  0.00000000E+00  0.00000000E+00  0.00000000E+00  0.10349489E+04  0.76192586E+05  0.12500000E+03  0.51245242E-02  0.69999999E+00  0.99999396E+03
  0.35000000E+01  0.00000000E+00  0.00000000E+00  0.00000000E+00  0.10053043E+04  0.10574188E+05  0.12500000E+03  0.19433028E-02  0.69999999E+00  0.99999774E+03
  0.40000000E+01  0.00000000E+00  0.00000000E+00  0.00000000E+00  0.10000137E+04  0.26898298E+02  0.12500000E+03 -0.68247195E-04  0.69999999E+00  0.10000001E+04
  0.45000000E+01  0.00000000E+00  0.00000000E+00  0.00000000E+00  0.10000000E+04  0.00000000E+00  0.12500000E+03  0.12023141E-41  0.69999999E+00  0.10000000E+04
  0.50000000E+01  0.00000000E+00  0.00000000E+00  0.00000000E+00  0.10000000E+04  0.00000000E+00  0.12500000E+03 -0.00000000E+00  0.69999999E+00  0.10000000E+04
  0.55000000E+01  0.00000000E+00  0.00000000E+00  0.00000000E+00  0.10000000E+04  0.00000000E+00  0.12500000E+03  0.00000000E+00  0.69999999E+00  0.10000000E+04
  0.60000000E+01  0.00000000E+00  0.00000000E+00  0.00000000E+00  0.10000000E+04  0.00000000E+00  0.12500000E+03  0.00000000E+00  0.69999999E+00  0.10000000E+04
  0.65000000E+01  0.00000000E+00  0.00000000E+00  0.00000000E+00  0.10000000E+04  0.00000000E+00  0.12500000E+03  0.00000000E+00  0.69999999E+00  0.10000000E+04
  0.70000000E+01  0.00000000E+00  0.00000000E+00  0.00000000E+00  0.10000000E+04  0.00000000E+00  0.12500000E+03  0.00000000E+00  0.69999999E+00  0.10000000E+04
  0.75000000E+01  0.00000000E+00  0.00000000E+00  0.00000000E+00  0.10000000E+04  0.00000000E+00  0.12500000E+03  0.00000000E+00  0.69999999E+00  0.10000000E+04
  0.25000000E+00 -0.25000000E+00  0.00000000E+00  0.00000000E+00  0.10056080E+04  0.11189915E+05  0.12500000E+03  0.28687357E-02  0.69999999E+00  0.99999670E+03
  0.75000000E+00 -0.25000000E+00  0.00000000E+00  0.00000000E+00  0.10273398E+04  0.58246348E+05  0.12500000E+03  0.72976253E-02  0.69999999E+00  0.99999146E+03
  0.12500000E+01 -0.25000000E+00  0.00000000E+00  0.00000000E+00  0.10106504E+04  0.21575711E+05  0.12500000E+03  0.58962153E-02  0.69999999E+00  0.99999316E+03
  0.17500000E+01 -0.25000000E+00  0.00000000E+00  0.00000000E+00  0.10182391E+04  0.37803887E+05  0.12500000E+03  0.90444386E-02  0.69999999E+00  0.99998950E+03
  0.22500000E+01 -0.25000000E+00  0.00000000E+00  0.00000000E+00  0.99966040E+03 -0.66567017E+03  0.12500000E+03  0.81671868E-02  0.69999999E+00  0.99999066E+03
  0.27500000E+01 -0.25000000E+00  0.00000000E+00  0.00000000E+00  0.10009055E+04  0.17814515E+04  0.12500000E+03  0.23042976E-02  0.69999999E+00  0.99999738E+03
  0.32500000E+01 -0.25000000E+00  0.00000000E+00  0.00000000E+00  0.10005256E+04  0.10328424E+04  0.12500000E+03  0.19738097E-02  0.69999999E+00  0.99999774E+03
  0.37500000E+01 -0.25000000E+00  0.00000000E+00  0.00000000E+00  0.10000070E+04  0.13565822E+02  0.12500000E+03 -0.15635355E-03  0.69999999E+00  0.10000002E+04
  0.42500000E+01 -0.25000000E+00  0.00000000E+00  0.00000000E+00  0.10000000E+04  0.00000000E+00  0.12500000E+03 -0.32689575E-38  0.69999999E+00  0.10000000E+04
  0.47500000E+01 -0.25000000E+00  0.00000000E+00  0.00000000E+00  0.10000000E+04  0.00000000E+00  0.12500000E+03 -0.10509738E-41  0.69999999E+00  0.10000000E+04
  0.52500000E+01 -0.25000000E+00  0.00000000E+00  0.00000000E+00  0.10000000E+04  0.00000000E+00  0.12500000E+03  0.00000000E+00  0.69999999E+00  0.10000000E+04
  0.57500000E+01 -0.25000000E+00  0.00000000E+00  0.00000000E+00  0.10000000E+04  0.00000000E+00  0.12500000E+03  0.00000000E+00  0.69999999E+00  0.10000000E+04
  0.62500000E+01 -0.25000000E+00  0.00000000E+00  0.00000000E+00  0.10000000E+04  0.00000000E+00  0.12500000E+03  0.00000000E+00  0.69999999E+00  0.10000000E+04
  0.67500000E+01 -0.25000000E+00  0.00000000E+00  0.00000000E+00  0.10000000E+04  0.00000000E+00  0.12500000E+03  0.00000000E+00  0.69999999E+00  0.10000000E+04
  0.72500000E+01 -0.25000000E+00  0.00000000E+00  0.00000000E+00  0.10000000E+04  0.00000000E+00  0.12500000E+03  0.00000000E+00  0.69999999E+00  0.10000000E+04
  0.77500000E+01 -0.25000000E+00  0.00000000E+00  0.00000000E+00  0.10000000E+04  0.00000000E+00  0.12500000E+03  0.00000000E+00  0.69999999E+00  0.10000000E+04
  0.40000000E+01  0.50000000E+00  0.00000000E+00  0.00000000E+00  0.10010168E+04  0.20011664E+04  0.12500000E+03 -0.20687813E-03  0.69999999E+00  0.10000002E+04
  0.37500000E+01  0.25000000E+00  0.00000000E+00  0.00000000E+00  0.10045325E+04  0.90145146E+04  0.12500000E+03 -0.87020866E-03  0.69999999E+00  0.10000010E+04
  0.40000000E+01  0.10000000E+01  0.00000000E+00  0.00000000E+00  0.10041501E+04  0.82446816E+04  0.12500000E+03 -0.78741898E-04  0.69999999E+00  0.10000001E+04
  0.37500000E+01  0.75000000E+00  0.00000000E+00  0.00000000E+00  0.10546079E+04  0.12638043E+06  0.12500000E+03  0.72599738E-03  0.69999999E+00  0.99999915E+03
  0.40000000E+01  0.15000000E+01  0.00000000E+00  0.00000000E+00  0.10008835E+04  0.17381846E+04  0.12500000E+03  0.20140540E-03  0.69999999E+00  0.99999976E+03
  0.37500000E+01  0.12500000E+01  0.00000000E+00  0.00000000E+00  0.10362736E+04  0.79399016E+05  0.12500000E+03  0.38305670E-03  0.69999999E+00  0.99999957E+03
  0.40000000E+01  0.20000000E+01  0.00000000E+00  0.00000000E+00  0.10001676E+04  0.32901282E+03  0.12500000E+03  0.19164399E-03  0.69999999E+00  0.99999976E+03
  0.37500000E+01  0.17500000E+01  0.00000000E+00  0.00000000E+00  0.10196652E+04  0.40935273E+05  0.12500000E+03  0.10615031E-02  0.69999999E+00  0.99999878E+03
  0.45000000E+01  0.50000000E+00  0.00000000E+00  0.00000000E+00  0.10000000E+04  0.00000000E+00  0.12500000E+03  0.36321656E-41  0.69999999E+00  0.10000000E+04
  0.42500000E+01  0.25000000E+00  0.00000000E+00  0.00000000E+00  0.10000018E+04  0.35083482E+01  0.12500000E+03 -0.74084828E-05  0.69999999E+00  0.10000000E+04
  0.45000000E+01  0.10000000E+01  0.00000000E+00  0.00000000E+00  0.10000000E+04  0.00000000E+00  0.12500000E+03 -0.00000000E+00  0.69999999E+00  0.10000000E+04
  0.42500000E+01  0.75000000E+00  0.00000000E+00  0.00000000E+00  0.10000944E+04  0.18529227E+03  0.12500000E+03 -0.75637886E-05  0.69999999E+00  0.10000000E+04
  0.45000000E+01  0.15000000E+01  0.00000000E+00  0.00000000E+00  0.10000000E+04  0.00000000E+00  0.12500000E+03  0.00000000E+00  0.69999999E+00  0.10000000E+04
  0.42500000E+01  0.12500000E+01  0.00000000E+00  0.00000000E+00  0.10000066E+04  0.12864128E+02  0.12500000E+03  0.34267537E-05  0.69999999E+00  0.10000000E+04
  0.45000000E+01  0.20000000E+01  0.00000000E+00  0.00000000E+00  0.10000000E+04  0.00000000E+00  0.12500000E+03  0.00000000E+00  0.69999999E+00  0.10000000E+04
  0.42500000E+01  0.17500000E+01  0.00000000E+00  0.00000000E+00  0.10000031E+04  0.60811610E+01  0.12500000E+03  0.28991612E-05  0.69999999E+00  0.10000000E+04
  0.50000000E+01  0.50000000E+00  0.00000000E+00  0.00000000E+00  0.10000000E+04  0.00000000E+00  0.12500000E+03  0.00000000E+00  0.69999999E+00  0.10000000E+04
  0.47500000E+01  0.25000000E+00  0.00000000E+00  0.00000000E+00  0.10000000E+04  0.00000000E+00  0.12500000E+03  0.10397635E-41  0.69999999E+00  0.10000000E+04
  0.50000000E+01  0.10000000E+01  0.00000000E+00  0.00000000E+00  0.10000000E+04  0.00000000E+00  0.12500000E+03  0.00000000E+00  0.69999999E+00  0.10000000E+04
  0.47500000E+01  0.75000000E+00  0.00000000E+00  0.00000000E+00  0.10000000E+04  0.00000000E+00  0.12500000E+03  0.00000000E+00  0.69999999E+00  0.10000000E+04
  0.50000000E+01  0.15000000E+01  0.00000000E+00  0.00000000E+00  0.10000000E+04  0.00000000E+00  0.12500000E+03 -0.00000000E+00  0.69999999E+00  0.10000000E+04
  0.47500000E+01  0.12500000E+01  0.00000000E+00  0.00000000E+00  0.10000000E+04  0.00000000E+00  0.12500000E+03 -0.00000000E+00  0.69999999E+00  0.10000000E+04
  0.50000000E+01  0.20000000E+01  0.00000000E+00  0.00000000E+00  0.10000000E+04  0.00000000E+00  0.12500000E+03  0.00000000E+00  0.69999999E+00  0.10000000E+04
  0.47500000E+01  0.17500000E+01  0.00000000E+00  0.00000000E+00  0.10000000E+04  0.00000000E+00  0.12500000E+03  0.00000000E+00  0.69999999E+00  0.10000000E+04
  0.25299256E+01  0.92731333E+00  0.91968977E+00  0.80927718E+00  0.97783618E+03 -0.40698457E+05  0.12576698E+03  0.12576674E+03  0.10000000E+01  0.00000000E+00
  0.12910613E+01  0.11171643E+01 -0.32483569E+00  0.77793127E+00  0.10044040E+04  0.87555469E+04  0.12561582E+03  0.12561256E+03  0.10000000E+01  0.00000000E+00
  0.81946909E+00  0.12105130E+01  0.63419282E+00  0.18155131E+01  0.10046237E+04  0.91984102E+04  0.12546356E+03  0.12546333E+03  0.10000000E+01  0.00000000E+00
  0.92342472E+00  0.17671622E+01  0.20831742E+01  0.28722887E+01  0.98945911E+03 -0.20038623E+05  0.12531018E+03  0.12531027E+03  0.10000000E+01  0.00000000E+00
  0.16864469E+01  0.16820318E+01  0.15301616E+01 -0.17075422E+01  0.10153345E+04  0.31506258E+05  0.12515567E+03  0.12515567E+03  0.10000000E+01  0.00000000E+00
  0.22407384E+01  0.16072924E+01  0.20722382E+00 -0.83220357E+00  0.10010814E+04  0.21287341E+04  0.12500000E+03  0.12500000E+03  0.10000000E+01  0.00000000E+00
  0.23689246E+01  0.99749303E+00  0.64796013E+00 -0.48780084E+00  0.97110913E+03 -0.52000758E+05  0.12576698E+03  0.12575494E+03  0.10000000E+01  0.00000000E+00
  0.12146679E+01  0.10938063E+01 -0.44400150E+00  0.88427573E+00  0.10009391E+04  0.18477740E+04  0.12561582E+03  0.12560624E+03  0.10000000E+01  0.00000000E+00
  0.11016028E+01  0.15115383E+01 -0.96586514E+00  0.62626791E+00  0.99099738E+03 -0.17193201E+05  0.12546356E+03  0.12546037E+03  0.10000000E+01  0.00000000E+00
  0.21572602E+01  0.14490246E+01  0.38993064E+00 -0.51036608E+00  0.99965442E+03 -0.67734058E+03  0.12531018E+03  0.12531038E+03  0.10000000E+01  0.00000000E+00
  0.85221756E+00  0.11180710E+01  0.66772240E+00  0.52543825E+00  0.10045724E+04  0.90950312E+04  0.12515567E+03  0.12515567E+03  0.10000000E+01  0.00000000E+00
  0.83022213E+00  0.77343273E+00 -0.57135992E-01  0.14863517E+01  0.10084445E+04  0.16993646E+05  0.12500000E+03  0.12500000E+03  0.10000000E+01  0.00000000E+00
  0.18446550E+01  0.10764444E+01 -0.13308556E+01 -0.17921400E+01  0.97778967E+03 -0.40778188E+05  0.12576698E+03  0.12575644E+03  0.10000000E+01  0.00000000E+00
  0.22058604E+01  0.13006471E+01 -0.74676228E+00 -0.80036777E+00  0.10034549E+04  0.68492246E+04  0.12561582E+03  0.12561089E+03  0.10000000E+01  0.00000000E+00
  0.27222438E+01  0.87192369E+00 -0.21914116E+00  0.89327097E-01  0.99296478E+03 -0.13515125E+05  0.12546356E+03  0.12546005E+03  0.10000000E+01  0.00000000E+00
  0.22442839E+01  0.84487903E+00 -0.11959224E+01  0.46545273E+00  0.10197397E+04  0.41099871E+05  0.12531018E+03  0.12531018E+03  0.10000000E+01  0.00000000E+00
  0.28448529E+01  0.79217005E+00 -0.45462602E+00  0.63430452E+00  0.10084605E+04  0.17026857E+05  0.12515567E+03  0.12515553E+03  0.10000000E+01  0.00000000E+00
  0.88661158E+00  0.17365785E+01 -0.15859597E+01  0.28132439E+00  0.99564093E+03 -0.84414551E+04  0.12500000E+03  0.12499989E+03  0.10000000E+01  0.00000000E+00
  0.88201082E+00  0.99419498E+00 -0.29548132E+00  0.14850626E+01  0.99944727E+03 -0.10826282E+04  0.12576698E+03  0.12576566E+03  0.10000000E+01  0.00000000E+00
  0.21835918E+01  0.13000202E+01 -0.98010063E+00 -0.83704853E+00  0.10030764E+04  0.60919580E+04  0.12561582E+03  0.12561221E+03  0.10000000E+01  0.00000000E+00
  0.27730393E+01  0.83967865E+00  0.48323512E+00  0.21553321E+01  0.99567236E+03 -0.83814141E+04  0.12546356E+03  0.12546202E+03  0.10000000E+01  0.00000000E+00
  0.15640676E+01  0.99677312E+00  0.11480258E+00 -0.81393230E+00  0.10216835E+04  0.45412582E+05  0.12531018E+03  0.12530890E+03  0.10000000E+01  0.00000000E+00
  0.11878791E+01  0.20335274E+01 -0.25134699E+01 -0.27110761E+00  0.10218065E+04  0.45687211E+05  0.12515567E+03  0.12515567E+03  0.10000000E+01  0.00000000E+00
  0.17818780E+01  0.83108139E+00 -0.12723176E+01 -0.22460675E+00  0.10250757E+04  0.53058145E+05  0.12500000E+03  0.12500012E+03  0.10000000E+01  0.00000000E+00
  0.14713719E+01  0.16545148E+01 -0.11896214E+01 -0.42506564E+00  0.10097213E+04  0.19638496E+05  0.12561582E+03  0.12561399E+03  0.10000000E+01  0.00000000E+00
  0.28388200E+01  0.12766266E+01  0.59557283E+00 -0.93812662E+00  0.10063907E+04  0.12781502E+05  0.12531018E+03  0.12531004E+03  0.10000000E+01  0.00000000E+00
  0.14057977E+01  0.21360903E+01  0.17926462E+01 -0.20992408E+01  0.99692389E+03 -0.59799668E+04  0.12500000E+03  0.12500000E+03  0.10000000E+01  0.00000000E+00
