  0.00000000E+00  0.00000000E+00  0.00000000E+00  0.00000000E+00  0.10008108E+04  0.15945507E+04  0.12500000E+03  0.22628938E-02  0.69999999E+00  0.99999744E+03
  0.00000000E+00  0.50000000E+00  0.00000000E+00  0.00000000E+00  0.10041737E+04  0.82921602E+04  0.12500000E+03  0.25127498E-02  0.69999999E+00  0.99999713E+03
  0.00000000E+00  0.10000000E+01  0.00000000E+00  0.00000000E+00  0.10122277E+04  0.24888863E+05  0.12500000E+03  0.31677319E-02  0.69999999E+00  0.99999634E+03
  0.00000000E+00  0.15000000E+01  0.00000000E+00  0.00000000E+00  0.10242490E+04  0.51181082E+05  0.12500000E+03  0.11034883E-02  0.69999999E+00  0.99999872E+03
  0.00000000E+00  0.20000000E+01  0.00000000E+00  0.00000000E+00  0.10183922E+04  0.38138754E+05  0.12500000E+03 -0.12420833E-02  0.69999999E+00  0.10000015E+04
  0.00000000E+00  0.25000000E+01  0.00000000E+00  0.00000000E+00  0.10030736E+04  0.60862402E+04  0.12500000E+03  0.33517432E-03  0.69999999E+00  0.99999963E+03
  0.00000000E+00  0.30000000E+01  0.00000000E+00  0.00000000E+00  0.10000000E+04  0.00000000E+00  0.12500000E+03  0.60528782E-05  0.69999999E+00  0.10000000E+04
  0.00000000E+00  0.35000000E+01  0.00000000E+00  0.00000000E+00  0.10000000E+04  0.00000000E+00  0.12500000E+03  0.00000000E+00  0.69999999E+00  0.10000000E+04
  0.00000000E+00  0.40000000E+01  0.00000000E+00  0.00000000E+00  0.10000000E+04  0.00000000E+00  0.12500000E+03  0.00000000E+00  0.69999999E+00  0.10000000E+04
 -0.25000000E+00 -0.25000000E+00  0.00000000E+00  0.00000000E+00  0.10006414E+04  0.12607445E+04  0.12500000E+03  0.52005530E-03  0.69999999E+00  0.99999939E+03
 -0.25000000E+00  0.25000000E+00  0.00000000E+00  0.00000000E+00  0.10006945E+04  0.13654775E+04  0.12500000E+03  0.97213691E-03  0.69999999E+00  0.99999890E+03
 -0.25000000E+00  0.75000000E+00  0.00000000E+00  0.00000000E+00  0.10043756E+04  0.86983994E+04  0.12500000E+03  0.27321919E-03  0.69999999E+00  0.99999969E+03
 -0.25000000E+00  0.12500000E+01  0.00000000E+00  0.00000000E+00  0.10012207E+04  0.24038083E+04  0.12500000E+03  0.10088787E-02  0.69999999E+00  0.99999884E+03
 -0.25000000E+00  0.17500000E+01  0.00000000E+00  0.00000000E+00  0.10011882E+04  0.23397295E+04  0.12500000E+03 -0.28346764E-03  0.69999999E+00  0.10000003E+04
 -0.25000000E+00  0.22500000E+01  0.00000000E+00  0.00000000E+00  0.10012462E+04  0.24542319E+04  0.12500000E+03 -0.15003496E-03  0.69999999E+00  0.10000002E+04
 -0.25000000E+00  0.27500000E+01  0.00000000E+00  0.00000000E+00  0.10000000E+04  0.00000000E+00  0.12500000E+03  0.57453237E-42  0.69999999E+00  0.10000000E+04
 -0.25000000E+00  0.32500000E+01  0.00000000E+00  0.00000000E+00  0.10000000E+04  0.00000000E+00  0.12500000E+03  0.00000000E+00  0.69999999E+00  0.10000000E+04
 -0.25000000E+00  0.37500000E+01  0.00000000E+00  0.00000000E+00  0.10000000E+04  0.00000000E+00  0.12500000E+03  0.00000000E+00  0.69999999E+00  0.10000000E+04
  0.80000000E+01  0.00000000E+00  0.00000000E+00  0.00000000E+00  0.10000000E+04  0.00000000E+00  0.12500000E+03  0.00000000E+00  0.69999999E+00  0.10000000E+04
  0.80000000E+01  0.50000000E+00  0.00000000E+00  0.00000000E+00  0.10000000E+04  0.00000000E+00  0.12500000E+03  0.00000000E+00  0.69999999E+00  0.10000000E+04
  0.80000000E+01  0.10000000E+01  0.00000000E+00  0.00000000E+00  0.10000000E+04  0.00000000E+00  0.12500000E+03  0.00000000E+00  0.69999999E+00  0.10000000E+04
  0.80000000E+01  0.15000000E+01  0.00000000E+00  0.00000000E+00  0.10000000E+04  0.00000000E+00  0.12500000E+03  0.00000000E+00  0.69999999E+00  0.10000000E+04
  0.80000000E+01  0.20000000E+01  0.00000000E+00  0.00000000E+00  0.10000000E+04  0.00000000E+00  0.12500000E+03  0.00000000E+00  0.69999999E+00  0.10000000E+04
  0.80000000E+01  0.25000000E+01  0.00000000E+00  0.00000000E+00  0.10000000E+04  0.00000000E+00  0.12500000E+03  0.00000000E+00  0.69999999E+00  0.10000000E+04
  0.80000000E+01  0.30000000E+01  0.00000000E+00  0.00000000E+00  0.10000000E+04  0.00000000E+00  0.12500000E+03  0.00000000E+00  0.69999999E+00  0.10000000E+04
  0.80000000E+01  0.35000000E+01  0.00000000E+00  0.00000000E+00  0.10000000E+04  0.00000000E+00  0.12500000E+03  0.00000000E+00  0.69999999E+00  0.10000000E+04
  0.80000000E+01  0.40000000E+01  0.00000000E+00  0.00000000E+00  0.10000000E+04  0.00000000E+00  0.12500000E+03  0.00000000E+00  0.69999999E+00  0.10000000E+04
  0.82500000E+01 -0.25000000E+00  0.00000000E+00  0.00000000E+00  0.10000000E+04  0.00000000E+00  0.12500000E+03  0.00000000E+00  0.69999999E+00  0.10000000E+04
  0.82500000E+01  0.25000000E+00  0.00000000E+00  0.00000000E+00  0.10000000E+04  0.00000000E+00  0.12500000E+03  0.00000000E+00  0.69999999E+00  0.10000000E+04
  0.82500000E+01  0.75000000E+00  0.00000000E+00  0.00000000E+00  0.10000000E+04  0.00000000E+00  0.12500000E+03  0.00000000E+00  0.69999999E+00  0.10000000E+04
  0.82500000E+01  0.12500000E+01  0.00000000E+00  0.00000000E+00  0.10000000E+04  0.00000000E+00  0.12500000E+03  0.00000000E+00  0.69999999E+00  0.10000000E+04
  0.82500000E+01  0.17500000E+01  0.00000000E+00  0.00000000E+00  0.10000000E+04  0.00000000E+00  0.12500000E+03  0.00000000E+00  0.69999999E+00  0.10000000E+04
  0.82500000E+01  0.22500000E+01  0.00000000E+00  0.00000000E+00  0.10000000E+04  0.00000000E+00  0.12500000E+03  0.00000000E+00  0.69999999E+00  0.10000000E+04
  0.82500000E+01  0.27500000E+01  0.00000000E+00  0.00000000E+00  0.10000000E+04  0.00000000E+00  0.12500000E+03  0.00000000E+00  0.69999999E+00  0.10000000E+04
  0.82500000E+01  0.32500000E+01  0.00000000E+00  0.00000000E+00  0.10000000E+04  0.00000000E+00  0.12500000E+03  0.00000000E+00  0.69999999E+00  0.10000000E+04
  0.82500000E+01  0.37500000E+01  0.00000000E+00  0.00000000E+00  0.10000000E+04  0.00000000E+00  0.12500000E+03  0.00000000E+00  0.69999999E+00  0.10000000E+04
  0.50000000E+00  0.00000000E+00  0.00000000E+00  0.00000000E+00  0.10290831E+04  0.62288117E+05  0.12500000E+03  0.11159789E-01  0.69999999E+00  0.99998688E+03
  0.10000000E+01  0.00000000E+00  0.00000000E+00  0.00000000E+00  0.10348997E+04  0.76074188E+05  0.12500000E+03  0.60245362E-02  0.69999999E+00  0.99999286E+03
  0.15000000E+01  0.00000000E+00  0.00000000E+00  0.00000000E+00  0.10226174E+04  0.47502539E+05  0.12500000E+03  0.19913401E-01  0.69999999E+00  0.99997675E+03
  0.20000000E+01  0.00000000E+00  0.00000000E+00  0.00000000E+00  0.11457476E+04  0.44619403E+06  0.12500000E+03  0.22773726E-01  0.69999999E+00  0.99997015E+03
  0.25000000E+01  0.00000000E+00  0.00000000E+00  0.00000000E+00  0.10464242E+04  0.10479808E+06  0.12500000E+03  0.57560266E-02  0.69999999E+00  0.99999310E+03
  0.30000000E+01  0.00000000E+00  0.00000000E+00  0.00000000E+00  0.10426521E+04  0.95185812E+05  0.12500000E+03  0.74466439E-02  0.69999999E+00  0.99999115E+03
  0.35000000E+01  0.00000000E+00  0.00000000E+00  0.00000000E+00  0.10066212E+04  0.13251790E+05  0.12500000E+03  0.29229156E-02  0.69999999E+00  0.99999664E+03
  0.40000000E+01  0.00000000E+00  0.00000000E+00  0.00000000E+00  0.10000137E+04  0.26898298E+02  0.12500000E+03 -0.68247195E-04  0.69999999E+00  0.10000001E+04
  0.45000000E+01  0.00000000E+00  0.00000000E+00  0.00000000E+00  0.10000000E+04  0.00000000E+00  0.12500000E+03  0.21672482E-40  0.69999999E+00  0.10000000E+04
  0.50000000E+01  0.00000000E+00  0.00000000E+00  0.00000000E+00  0.10000000E+04  0.00000000E+00  0.12500000E+03  0.00000000E+00  0.69999999E+00  0.10000000E+04
  0.55000000E+01  0.00000000E+00  0.00000000E+00  0.00000000E+00  0.10000000E+04  0.00000000E+00  0.12500000E+03  0.00000000E+00  0.69999999E+00  0.10000000E+04
  0.60000000E+01  0.00000000E+00  0.00000000E+00  0.00000000E+00  0.10000000E+04  0.00000000E+00  0.12500000E+03  0.00000000E+00  0.69999999E+00  0.10000000E+04
  0.65000000E+01  0.00000000E+00  0.00000000E+00  0.00000000E+00  0.10000000E+04  0.00000000E+00  0.12500000E+03  0.00000000E+00  0.69999999E+00  0.10000000E+04
  0.70000000E+01  0.00000000E+00  0.00000000E+00  0.00000000E+00  0.10000000E+04  0.00000000E+00  0.12500000E+03  0.00000000E+00  0.69999999E+00  0.10000000E+04
  0.75000000E+01  0.00000000E+00  0.00000000E+00  0.00000000E+00  0.10000000E+04  0.00000000E+00  0.12500000E+03  0.00000000E+00  0.69999999E+00  0.10000000E+04
  0.25000000E+00 -0.25000000E+00  0.00000000E+00  0.00000000E+00  0.10055089E+04  0.10988738E+05  0.12500000E+03  0.31019100E-02  0.69999999E+00  0.99999646E+03
  0.75000000E+00 -0.25000000E+00  0.00000000E+00  0.00000000E+00  0.10247146E+04  0.52237062E+05  0.12500000E+03  0.80994479E-02  0.69999999E+00  0.99999054E+03
  0.12500000E+01 -0.25000000E+00  0.00000000E+00  0.00000000E+00  0.10089485E+04  0.18035262E+05  0.12500000E+03  0.65517426E-02  0.69999999E+00  0.99999243E+03
  0.17500000E+01 -0.25000000E+00  0.00000000E+00  0.00000000E+00  0.10150814E+04  0.30962645E+05  0.12500000E+03  0.99325180E-02  0.69999999E+00  0.99998846E+03
  0.22500000E+01 -0.25000000E+00  0.00000000E+00  0.00000000E+00  0.10017935E+04  0.35378445E+04  0.12500000E+03  0.96658003E-02  0.69999999E+00  0.99998895E+03
  0.27500000E+01 -0.25000000E+00  0.00000000E+00  0.00000000E+00  0.10045438E+04  0.90373457E+04  0.12500000E+03  0.38157769E-02  0.69999999E+00  0.99999561E+03
  0.32500000E+01 -0.25000000E+00  0.00000000E+00  0.00000000E+00  0.10011625E+04  0.22888521E+04  0.12500000E+03  0.26601097E-02  0.69999999E+00  0.99999695E+03
  0.37500000E+01 -0.25000000E+00  0.00000000E+00  0.00000000E+00  0.10000070E+04  0.13565822E+02  0.12500000E+03 -0.15635355E-03  0.69999999E+00  0.10000002E+04
  0.42500000E+01 -0.25000000E+00  0.00000000E+00  0.00000000E+00  0.10000000E+04  0.00000000E+00  0.12500000E+03 -0.87787829E-37  0.69999999E+00  0.10000000E+04
  0.47500000E+01 -0.25000000E+00  0.00000000E+00  0.00000000E+00  0.10000000E+04  0.00000000E+00  0.12500000E+03 -0.33418166E-40  0.69999999E+00  0.10000000E+04
  0.52500000E+01 -0.25000000E+00  0.00000000E+00  0.00000000E+00  0.10000000E+04  0.00000000E+00  0.12500000E+03  0.00000000E+00  0.69999999E+00  0.10000000E+04
  0.57500000E+01 -0.25000000E+00  0.00000000E+00  0.00000000E+00  0.10000000E+04  0.00000000E+00  0.12500000E+03  0.00000000E+00  0.69999999E+00  0.10000000E+04
  0.62500000E+01 -0.25000000E+00  0.00000000E+00  0.00000000E+00  0.10000000E+04  0.00000000E+00  0.12500000E+03  0.00000000E+00  0.69999999E+00  0.10000000E+04
  0.67500000E+01 -0.25000000E+00  0.00000000E+00  0.00000000E+00  0.10000000E+04  0.00000000E+00  0.12500000E+03  0.00000000E+00  0.69999999E+00  0.10000000E+04
  0.72500000E+01 -0.25000000E+00  0.00000000E+00  0.00000000E+00  0.10000000E+04  0.00000000E+00  0.12500000E+03  0.00000000E+00  0.69999999E+00  0.10000000E+04
  0.77500000E+01 -0.25000000E+00  0.00000000E+00  0.00000000E+00  0.10000000E+04  0.00000000E+00  0.12500000E+03  0.00000000E+00  0.69999999E+00  0.10000000E+04
  0.40000000E+01  0.50000000E+00  0.00000000E+00  0.00000000E+00  0.10014187E+04  0.27953835E+04  0.12500000E+03 -0.25935285E-03  0.69999999E+00  0.10000003E+04
  0.37500000E+01  0.25000000E+00  0.00000000E+00  0.00000000E+00  0.10061484E+04  0.12288080E+05  0.12500000E+03 -0.12803138E-02  0.69999999E+00  0.10000015E+04
  0.40000000E+01  0.10000000E+01  0.00000000E+00  0.00000000E+00  0.10037429E+04  0.74266118E+04  0.12500000E+03 -0.10801999E-03  0.69999999E+00  0.10000001E+04
  0.37500000E+01  0.75000000E+00  0.00000000E+00  0.00000000E+00  0.10469985E+04  0.10628005E+06  0.12500000E+03  0.85529161E-03  0.69999999E+00  0.99999896E+03
  0.40000000E+01  0.15000000E+01  0.00000000E+00  0.00000000E+00  0.10006390E+04  0.12562834E+04  0.12500000E+03  0.27516374E-03  0.69999999E+00  0.99999969E+03
  0.37500000E+01  0.12500000E+01  0.00000000E+00  0.00000000E+00  0.10373773E+04  0.82089359E+05  0.12500000E+03  0.67296374E-03  0.69999999E+00  0.99999921E+03
  0.40000000E+01  0.20000000E+01  0.00000000E+00  0.00000000E+00  0.10010828E+04  0.21313237E+04  0.12500000E+03  0.26765850E-03  0.69999999E+00  0.99999969E+03
  0.37500000E+01  0.17500000E+01  0.00000000E+00  0.00000000E+00  0.10248447E+04  0.52532875E+05  0.12500000E+03  0.14541361E-02  0.69999999E+00  0.99999829E+03
  0.45000000E+01  0.50000000E+00  0.00000000E+00  0.00000000E+00  0.10000000E+04  0.00000000E+00  0.12500000E+03  0.98858804E-40  0.69999999E+00  0.10000000E+04
  0.42500000E+01  0.25000000E+00  0.00000000E+00  0.00000000E+00  0.10000018E+04  0.35083482E+01  0.12500000E+03 -0.74084828E-05  0.69999999E+00  0.10000000E+04
  0.45000000E+01  0.10000000E+01  0.00000000E+00  0.00000000E+00  0.10000000E+04  0.00000000E+00  0.12500000E+03  0.00000000E+00  0.69999999E+00  0.10000000E+04
  0.42500000E+01  0.75000000E+00  0.00000000E+00  0.00000000E+00  0.10000944E+04  0.18529227E+03  0.12500000E+03 -0.10442676E-04  0.69999999E+00  0.10000000E+04
  0.45000000E+01  0.15000000E+01  0.00000000E+00  0.00000000E+00  0.10000000E+04  0.00000000E+00  0.12500000E+03 -0.00000000E+00  0.69999999E+00  0.10000000E+04
  0.42500000E+01  0.12500000E+01  0.00000000E+00  0.00000000E+00  0.10000066E+04  0.12864128E+02  0.12500000E+03  0.34267537E-05  0.69999999E+00  0.10000000E+04
  0.45000000E+01  0.20000000E+01  0.00000000E+00  0.00000000E+00  0.10000000E+04  0.00000000E+00  0.12500000E+03  0.00000000E+00  0.69999999E+00  0.10000000E+04
  0.42500000E+01  0.17500000E+01  0.00000000E+00  0.00000000E+00  0.10000031E+04  0.60811610E+01  0.12500000E+03 -0.35628464E-05  0.69999999E+00  0.10000000E+04
  0.50000000E+01  0.50000000E+00  0.00000000E+00  0.00000000E+00  0.10000000E+04  0.00000000E+00  0.12500000E+03  0.00000000E+00  0.69999999E+00  0.10000000E+04
  0.47500000E+01  0.25000000E+00  0.00000000E+00  0.00000000E+00  0.10000000E+04  0.00000000E+00  0.12500000E+03  0.32983763E-40  0.69999999E+00  0.10000000E+04
  0.50000000E+01  0.10000000E+01  0.00000000E+00  0.00000000E+00  0.10000000E+04  0.00000000E+00  0.12500000E+03  0.00000000E+00  0.69999999E+00  0.10000000E+04
  0.47500000E+01  0.75000000E+00  0.00000000E+00  0.00000000E+00  0.10000000E+04  0.00000000E+00  0.12500000E+03  0.00000000E+00  0.69999999E+00  0.10000000E+04
  0.50000000E+01  0.15000000E+01  0.00000000E+00  0.00000000E+00  0.10000000E+04  0.00000000E+00  0.12500000E+03  0.00000000E+00  0.69999999E+00  0.10000000E+04
  0.47500000E+01  0.12500000E+01  0.00000000E+00  0.00000000E+00  0.10000000E+04  0.00000000E+00  0.12500000E+03  0.00000000E+00  0.69999999E+00  0.10000000E+04
  0.50000000E+01  0.20000000E+01  0.00000000E+00  0.00000000E+00  0.10000000E+04  0.00000000E+00  0.12500000E+03  0.00000000E+00  0.69999999E+00  0.10000000E+04
  0.47500000E+01  0.17500000E+01  0.00000000E+00  0.00000000E+00  0.10000000E+04  0.00000000E+00  0.12500000E+03 -0.00000000E+00  0.69999999E+00  0.10000000E+04
  0.26032822E+01  0.85598385E+00 -0.91053772E+00  0.21369426E+00  0.10045443E+04  0.90383066E+04  0.12576698E+03  0.12576674E+03  0.10000000E+01  0.00000000E+00
  0.14247361E+01  0.93272007E+00 -0.11209157E+01 -0.76972002E+00  0.10029788E+04  0.58968970E+04  0.12561582E+03  0.12561256E+03  0.10000000E+01  0.00000000E+00
  0.17399778E+01  0.10565141E+01  0.14142829E+00 -0.93464625E+00  0.99777716E+03 -0.43322290E+04  0.12546356E+03  0.12546333E+03  0.10000000E+01  0.00000000E+00
  0.21448121E+01  0.20324993E+01 -0.80384529E+00 -0.27444847E-01  0.99840265E+03 -0.31190125E+04  0.12531018E+03  0.12531027E+03  0.10000000E+01  0.00000000E+00
  0.25944357E+01  0.18570002E+01  0.15043342E+00 -0.14505357E+01  0.99797607E+03 -0.39469314E+04  0.12515567E+03  0.12515567E+03  0.10000000E+01  0.00000000E+00
  0.28159809E+01  0.15111125E+01  0.10473534E+00 -0.69016361E+00  0.99828601E+03 -0.33456084E+04  0.12500000E+03  0.12500000E+03  0.10000000E+01  0.00000000E+00
  0.27214007E+01  0.92480278E+00 -0.43527913E+00 -0.71040940E+00  0.10000131E+04  0.25728762E+02  0.12576698E+03  0.12575494E+03  0.10000000E+01  0.00000000E+00
  0.11887397E+01  0.97699070E+00  0.32781452E-01 -0.36019459E+00  0.99784332E+03 -0.42041172E+04  0.12561582E+03  0.12560624E+03  0.10000000E+01  0.00000000E+00
  0.99170446E+00  0.11692617E+01 -0.15033062E+00 -0.69580060E+00  0.99592993E+03 -0.78885811E+04  0.12546356E+03  0.12546037E+03  0.10000000E+01  0.00000000E+00
  0.24883163E+01  0.14215626E+01  0.20643966E+00 -0.64492273E+00  0.10056602E+04  0.11295628E+05  0.12531018E+03  0.12531038E+03  0.10000000E+01  0.00000000E+00
  0.12948798E+01  0.87941098E+00  0.50633729E+00 -0.49538338E+00  0.10004852E+04  0.95331342E+03  0.12515567E+03  0.12515567E+03  0.10000000E+01  0.00000000E+00
  0.77498031E+00  0.86974096E+00 -0.38893878E+00 -0.23678592E+00  0.99698047E+03 -0.58708862E+04  0.12500000E+03  0.12500000E+03  0.10000000E+01  0.00000000E+00
  0.20228627E+01  0.11010779E+01  0.73724926E-01 -0.18025236E-01  0.10028589E+04  0.56574541E+04  0.12576698E+03  0.12575644E+03  0.10000000E+01  0.00000000E+00
  0.27588494E+01  0.95468688E+00 -0.12523741E+00 -0.22775757E+00  0.10017718E+04  0.34948193E+04  0.12561582E+03  0.12561089E+03  0.10000000E+01  0.00000000E+00
  0.29085231E+01  0.11084586E+01 -0.55583131E+00  0.12291269E+00  0.10065353E+04  0.13076390E+05  0.12546356E+03  0.12546005E+03  0.10000000E+01  0.00000000E+00
  0.23060815E+01  0.15531908E+01 -0.30021986E+00  0.40314811E+00  0.10013433E+04  0.26463369E+04  0.12531018E+03  0.12531018E+03  0.10000000E+01  0.00000000E+00
  0.29348087E+01  0.78711128E+00  0.14226714E+00  0.93078768E+00  0.10033823E+04  0.67036011E+04  0.12515567E+03  0.12515553E+03  0.10000000E+01  0.00000000E+00
  0.19688361E+01  0.14779947E+01 -0.37194827E+00  0.90903059E-01  0.10050287E+04  0.10016457E+05  0.12500000E+03  0.12499989E+03  0.10000000E+01  0.00000000E+00
  0.84174526E+00  0.11777803E+01  0.99018179E-02 -0.56078725E-01  0.99645477E+03 -0.68821875E+04  0.12576698E+03  0.12576566E+03  0.10000000E+01  0.00000000E+00
  0.26255412E+01  0.90941310E+00  0.69130200E+00 -0.68804526E+00  0.99993420E+03 -0.12908104E+03  0.12561582E+03  0.12561221E+03  0.10000000E+01  0.00000000E+00
  0.22632818E+01  0.18070178E+01 -0.18940632E+01 -0.10287399E+01  0.99781946E+03 -0.42502896E+04  0.12546356E+03  0.12546202E+03  0.10000000E+01  0.00000000E+00
  0.21644571E+01  0.96366048E+00  0.73950487E+00 -0.34589228E+00  0.10092419E+04  0.18643242E+05  0.12531018E+03  0.12530890E+03  0.10000000E+01  0.00000000E+00
  0.97059882E+00  0.15411551E+01  0.50282663E+00 -0.53594345E+00  0.99075867E+03 -0.17636508E+05  0.12515567E+03  0.12515567E+03  0.10000000E+01  0.00000000E+00
  0.17844169E+01  0.89576387E+00 -0.15021399E+00  0.29098529E+00  0.10130392E+04  0.26605754E+05  0.12500000E+03  0.12500012E+03  0.10000000E+01  0.00000000E+00
  0.99431467E+00  0.13748412E+01 -0.97639227E+00 -0.62881351E+00  0.99241980E+03 -0.14538426E+05  0.12561582E+03  0.12561399E+03  0.10000000E+01  0.00000000E+00
  0.21990061E+01  0.21865625E+01 -0.14148748E+01 -0.49675089E+00  0.99934033E+03 -0.12916643E+04  0.12531018E+03  0.12531004E+03  0.10000000E+01  0.00000000E+00
  0.27743490E+01  0.20805149E+01 -0.11507871E+01 -0.11375202E+00  0.99655316E+03 -0.66931274E+04  0.12500000E+03  0.12500000E+03  0.10000000E+01  0.00000000E+00
