  0.00000000E+00  0.00000000E+00  0.00000000E+00  0.00000000E+00  0.10006610E+04  0.12994872E+04  0.12500000E+03  0.92462223E-03  0.69999999E+00  0.99999896E+03
  0.00000000E+00  0.50000000E+00  0.00000000E+00  0.00000000E+00  0.10093284E+04  0.18822480E+05  0.12500000E+03  0.59233286E-03  0.69999999E+00  0.99999933E+03
  0.00000000E+00  0.10000000E+01  0.00000000E+00  0.00000000E+00  0.10090031E+04  0.18148283E+05  0.12500000E+03  0.11720932E-02  0.69999999E+00  0.99999866E+03
  0.00000000E+00  0.15000000E+01  0.00000000E+00  0.00000000E+00  0.10202887E+04  0.42312914E+05  0.12500000E+03  0.32080204E-03  0.69999999E+00  0.99999963E+03
  0.00000000E+00  0.20000000E+01  0.00000000E+00  0.00000000E+00  0.10059073E+04  0.11797550E+05  0.12500000E+03 -0.31668277E-03  0.69999999E+00  0.10000004E+04
  0.00000000E+00  0.25000000E+01  0.00000000E+00  0.00000000E+00  0.10002466E+04  0.48403955E+03  0.12500000E+03  0.71152863E-04  0.69999999E+00  0.99999994E+03
  0.00000000E+00  0.30000000E+01  0.00000000E+00  0.00000000E+00  0.10000000E+04  0.00000000E+00  0.12500000E+03  0.00000000E+00  0.69999999E+00  0.10000000E+04
  0.00000000E+00  0.35000000E+01  0.00000000E+00  0.00000000E+00  0.10000000E+04  0.00000000E+00  0.12500000E+03  0.00000000E+00  0.69999999E+00  0.10000000E+04
  0.00000000E+00  0.40000000E+01  0.00000000E+00  0.00000000E+00  0.10000000E+04  0.00000000E+00  0.12500000E+03  0.00000000E+00  0.69999999E+00  0.10000000E+04
 -0.25000000E+00 -0.25000000E+00  0.00000000E+00  0.00000000E+00  0.10004890E+04  0.96081976E+03  0.12500000E+03  0.28241696E-03  0.69999999E+00  0.99999969E+03
 -0.25000000E+00  0.25000000E+00  0.00000000E+00  0.00000000E+00  0.10013497E+04  0.26588335E+04  0.12500000E+03  0.39086549E-03  0.69999999E+00  0.99999957E+03
 -0.25000000E+00  0.75000000E+00  0.00000000E+00  0.00000000E+00  0.10046090E+04  0.91688359E+04  0.12500000E+03  0.18441337E-04  0.69999999E+00  0.10000000E+04
 -0.25000000E+00  0.12500000E+01  0.00000000E+00  0.00000000E+00  0.10093546E+04  0.18876889E+05  0.12500000E+03  0.35965844E-03  0.69999999E+00  0.99999957E+03
 -0.25000000E+00  0.17500000E+01  0.00000000E+00  0.00000000E+00  0.10001616E+04  0.31730682E+03  0.12500000E+03 -0.10675416E-03  0.69999999E+00  0.10000001E+04
 -0.25000000E+00  0.22500000E+01  0.00000000E+00  0.00000000E+00  0.10004730E+04  0.92938812E+03  0.12500000E+03 -0.62706749E-04  0.69999999E+00  0.10000001E+04
 -0.25000000E+00  0.27500000E+01  0.00000000E+00  0.00000000E+00  0.10000000E+04  0.00000000E+00  0.12500000E+03  0.00000000E+00  0.69999999E+00  0.10000000E+04
 -0.25000000E+00  0.32500000E+01  0.00000000E+00  0.00000000E+00  0.10000000E+04  0.00000000E+00  0.12500000E+03  0.00000000E+00  0.69999999E+00  0.10000000E+04
 -0.25000000E+00  0.37500000E+01  0.00000000E+00  0.00000000E+00  0.10000000E+04  0.00000000E+00  0.12500000E+03  0.00000000E+00  0.69999999E+00  0.10000000E+04
  0.80000000E+01  0.00000000E+00  0.00000000E+00  0.00000000E+00  0.10000000E+04  0.00000000E+00  0.12500000E+03  0.00000000E+00  0.69999999E+00  0.10000000E+04
  0.80000000E+01  0.50000000E+00  0.00000000E+00  0.00000000E+00  0.10000000E+04  0.00000000E+00  0.12500000E+03  0.00000000E+00  0.69999999E+00  0.10000000E+04
  0.80000000E+01  0.10000000E+01  0.00000000E+00  0.00000000E+00  0.10000000E+04  0.00000000E+00  0.12500000E+03  0.00000000E+00  0.69999999E+00  0.10000000E+04
  0.80000000E+01  0.15000000E+01  0.00000000E+00  0.00000000E+00  0.10000000E+04  0.00000000E+00  0.12500000E+03  0.00000000E+00  0.69999999E+00  0.10000000E+04
  0.80000000E+01  0.20000000E+01  0.00000000E+00  0.00000000E+00  0.10000000E+04  0.00000000E+00  0.12500000E+03  0.00000000E+00  0.69999999E+00  0.10000000E+04
  0.80000000E+01  0.25000000E+01  0.00000000E+00  0.00000000E+00  0.10000000E+04  0.00000000E+00  0.12500000E+03  0.00000000E+00  0.69999999E+00  0.10000000E+04
  0.80000000E+01  0.30000000E+01  0.00000000E+00  0.00000000E+00  0.10000000E+04  0.00000000E+00  0.12500000E+03  0.00000000E+00  0.69999999E+00  0.10000000E+04
  0.80000000E+01  0.35000000E+01  0.00000000E+00  0.00000000E+00  0.10000000E+04  0.00000000E+00  0.12500000E+03  0.00000000E+00  0.69999999E+00  0.10000000E+04
  0.80000000E+01  0.40000000E+01  0.00000000E+00  0.00000000E+00  0.10000000E+04  0.00000000E+00  0.12500000E+03  0.00000000E+00  0.69999999E+00  0.10000000E+04
  0.82500000E+01 -0.25000000E+00  0.00000000E+00  0.00000000E+00  0.10000000E+04  0.00000000E+00  0.12500000E+03  0.00000000E+00  0.69999999E+00  0.10000000E+04
  0.82500000E+01  0.25000000E+00  0.00000000E+00  0.00000000E+00  0.10000000E+04  0.00000000E+00  0.12500000E+03  0.00000000E+00  0.69999999E+00  0.10000000E+04
  0.82500000E+01  0.75000000E+00  0.00000000E+00  0.00000000E+00  0.10000000E+04  0.00000000E+00  0.12500000E+03  0.00000000E+00  0.69999999E+00  0.10000000E+04
  0.82500000E+01  0.12500000E+01  0.00000000E+00  0.00000000E+00  0.10000000E+04  0.00000000E+00  0.12500000E+03  0.00000000E+00  0.69999999E+00  0.10000000E+04
  0.82500000E+01  0.17500000E+01  0.00000000E+00  0.00000000E+00  0.10000000E+04  0.00000000E+00  0.12500000E+03  0.00000000E+00  0.69999999E+00  0.10000000E+04
  0.82500000E+01  0.22500000E+01  0.00000000E+00  0.00000000E+00  0.10000000E+04  0.00000000E+00  0.12500000E+03  0.00000000E+00  0.69999999E+00  0.10000000E+04
  0.82500000E+01  0.27500000E+01  0.00000000E+00  0.00000000E+00  0.10000000E+04  0.00000000E+00  0.12500000E+03  0.00000000E+00  0.69999999E+00  0.10000000E+04
  0.82500000E+01  0.32500000E+01  0.00000000E+00  0.00000000E+00  0.10000000E+04  0.00000000E+00  0.12500000E+03  0.00000000E+00  0.69999999E+00  0.10000000E+04
  0.82500000E+01  0.37500000E+01  0.00000000E+00  0.00000000E+00  0.10000000E+04  0.00000000E+00  0.12500000E+03  0.00000000E+00  0.69999999E+00  0.10000000E+04
  0.50000000E+00  0.00000000E+00  0.00000000E+00  0.00000000E+00  0.99717212E+03 -0.55014575E+04  0.12500000E+03  0.43051844E-02  0.69999999E+00  0.99999512E+03
  0.10000000E+01  0.00000000E+00  0.00000000E+00  0.00000000E+00  0.99795410E+03 -0.39894441E+04  0.12500000E+03  0.16890353E-02  0.69999999E+00  0.99999805E+03
  0.15000000E+01  0.00000000E+00  0.00000000E+00  0.00000000E+00  0.10045497E+04  0.90493623E+04  0.12500000E+03  0.65359529E-02  0.69999999E+00  0.99999249E+03
  0.20000000E+01  0.00000000E+00  0.00000000E+00  0.00000000E+00  0.10021149E+04  0.41758379E+04  0.12500000E+03  0.73290146E-02  0.69999999E+00  0.99999164E+03
  0.25000000E+01  0.00000000E+00  0.00000000E+00  0.00000000E+00  0.10129934E+04  0.26508693E+05  0.12500000E+03 -0.16755494E-03  0.69999999E+00  0.10000002E+04
  0.30000000E+01  0.00000000E+00  0.00000000E+00  0.00000000E+00  0.10047401E+04  0.94334141E+04  0.12500000E+03  0.96130371E-03  0.69999999E+00  0.99999890E+03
  0.35000000E+01  0.00000000E+00  0.00000000E+00  0.00000000E+00  0.10064178E+04  0.12836911E+05  0.12500000E+03  0.36885933E-03  0.69999999E+00  0.99999957E+03
  0.40000000E+01  0.00000000E+00  0.00000000E+00  0.00000000E+00  0.10000134E+04  0.26430483E+02  0.12500000E+03 -0.24179390E-04  0.69999999E+00  0.10000000E+04
  0.45000000E+01  0.00000000E+00  0.00000000E+00  0.00000000E+00  0.10000000E+04  0.00000000E+00  0.12500000E+03  0.00000000E+00  0.69999999E+00  0.10000000E+04
  0.50000000E+01  0.00000000E+00  0.00000000E+00  0.00000000E+00  0.10000000E+04  0.00000000E+00  0.12500000E+03  0.00000000E+00  0.69999999E+00  0.10000000E+04
  0.55000000E+01  0.00000000E+00  0.00000000E+00  0.00000000E+00  0.10000000E+04  0.00000000E+00  0.12500000E+03  0.00000000E+00  0.69999999E+00  0.10000000E+04
  0.60000000E+01  0.00000000E+00  0.00000000E+00  0.00000000E+00  0.10000000E+04  0.00000000E+00  0.12500000E+03  0.00000000E+00  0.69999999E+00  0.10000000E+04
  0.65000000E+01  0.00000000E+00  0.00000000E+00  0.00000000E+00  0.10000000E+04  0.00000000E+00  0.12500000E+03  0.00000000E+00  0.69999999E+00  0.10000000E+04
  0.70000000E+01  0.00000000E+00  0.00000000E+00  0.00000000E+00  0.10000000E+04  0.00000000E+00  0.12500000E+03  0.00000000E+00  0.69999999E+00  0.10000000E+04
  0.75000000E+01  0.00000000E+00  0.00000000E+00  0.00000000E+00  0.10000000E+04  0.00000000E+00  0.12500000E+03  0.00000000E+00  0.69999999E+00  0.10000000E+04
  0.25000000E+00 -0.25000000E+00  0.00000000E+00  0.00000000E+00  0.10045209E+04  0.89912041E+04  0.12500000E+03  0.13987185E-02  0.69999999E+00  0.99999841E+03
  0.75000000E+00 -0.25000000E+00  0.00000000E+00  0.00000000E+00  0.10003149E+04  0.61851794E+03  0.12500000E+03  0.32344032E-02  0.69999999E+00  0.99999634E+03
  0.12500000E+01 -0.25000000E+00  0.00000000E+00  0.00000000E+00  0.10061792E+04  0.12350689E+05  0.12500000E+03  0.24773534E-02  0.69999999E+00  0.99999713E+03
  0.17500000E+01 -0.25000000E+00  0.00000000E+00  0.00000000E+00  0.10088721E+04  0.17877145E+05  0.12500000E+03  0.36848148E-02  0.69999999E+00  0.99999579E+03
  0.22500000E+01 -0.25000000E+00  0.00000000E+00  0.00000000E+00  0.10019474E+04  0.38431992E+04  0.12500000E+03  0.31507339E-02  0.69999999E+00  0.99999640E+03
  0.27500000E+01 -0.25000000E+00  0.00000000E+00  0.00000000E+00  0.99913342E+03 -0.16958395E+04  0.12500000E+03  0.24052923E-03  0.69999999E+00  0.99999976E+03
  0.32500000E+01 -0.25000000E+00  0.00000000E+00  0.00000000E+00  0.10046069E+04  0.91647490E+04  0.12500000E+03  0.38285647E-03  0.69999999E+00  0.99999957E+03
  0.37500000E+01 -0.25000000E+00  0.00000000E+00  0.00000000E+00  0.10000066E+04  0.12864128E+02  0.12500000E+03 -0.31315314E-04  0.69999999E+00  0.10000001E+04
  0.42500000E+01 -0.25000000E+00  0.00000000E+00  0.00000000E+00  0.10000000E+04  0.00000000E+00  0.12500000E+03 -0.00000000E+00  0.69999999E+00  0.10000000E+04
  0.47500000E+01 -0.25000000E+00  0.00000000E+00  0.00000000E+00  0.10000000E+04  0.00000000E+00  0.12500000E+03  0.00000000E+00  0.69999999E+00  0.10000000E+04
  0.52500000E+01 -0.25000000E+00  0.00000000E+00  0.00000000E+00  0.10000000E+04  0.00000000E+00  0.12500000E+03  0.00000000E+00  0.69999999E+00  0.10000000E+04
  0.57500000E+01 -0.25000000E+00  0.00000000E+00  0.00000000E+00  0.10000000E+04  0.00000000E+00  0.12500000E+03  0.00000000E+00  0.69999999E+00  0.10000000E+04
  0.62500000E+01 -0.25000000E+00  0.00000000E+00  0.00000000E+00  0.10000000E+04  0.00000000E+00  0.12500000E+03  0.00000000E+00  0.69999999E+00  0.10000000E+04
  0.67500000E+01 -0.25000000E+00  0.00000000E+00  0.00000000E+00  0.10000000E+04  0.00000000E+00  0.12500000E+03  0.00000000E+00  0.69999999E+00  0.10000000E+04
  0.72500000E+01 -0.25000000E+00  0.00000000E+00  0.00000000E+00  0.10000000E+04  0.00000000E+00  0.12500000E+03  0.00000000E+00  0.69999999E+00  0.10000000E+04
  0.77500000E+01 -0.25000000E+00  0.00000000E+00  0.00000000E+00  0.10000000E+04  0.00000000E+00  0.12500000E+03  0.00000000E+00  0.69999999E+00  0.10000000E+04
  0.40000000E+01  0.50000000E+00  0.00000000E+00  0.00000000E+00  0.10010104E+04  0.19884595E+04  0.12500000E+03 -0.46196878E-04  0.69999999E+00  0.10000001E+04
  0.37500000E+01  0.25000000E+00  0.00000000E+00  0.00000000E+00  0.10014352E+04  0.28279375E+04  0.12500000E+03 -0.18188934E-03  0.69999999E+00  0.10000002E+04
  0.40000000E+01  0.10000000E+01  0.00000000E+00  0.00000000E+00  0.10006659E+04  0.13091147E+04  0.12500000E+03 -0.15033877E-05  0.69999999E+00  0.10000000E+04
  0.37500000E+01  0.75000000E+00  0.00000000E+00  0.00000000E+00  0.10081615E+04  0.16410398E+05  0.12500000E+03  0.10854326E-03  0.69999999E+00  0.99999988E+03
  0.40000000E+01  0.15000000E+01  0.00000000E+00  0.00000000E+00  0.10003618E+04  0.71062292E+03  0.12500000E+03  0.55696230E-04  0.69999999E+00  0.99999994E+03
  0.37500000E+01  0.12500000E+01  0.00000000E+00  0.00000000E+00  0.10078973E+04  0.15866626E+05  0.12500000E+03  0.16531799E-03  0.69999999E+00  0.99999982E+03
  0.40000000E+01  0.20000000E+01  0.00000000E+00  0.00000000E+00  0.10000315E+04  0.61752430E+02  0.12500000E+03  0.20776821E-04  0.69999999E+00  0.10000000E+04
  0.37500000E+01  0.17500000E+01  0.00000000E+00  0.00000000E+00  0.10016392E+04  0.32318262E+04  0.12500000E+03  0.17593264E-03  0.69999999E+00  0.99999982E+03
  0.45000000E+01  0.50000000E+00  0.00000000E+00  0.00000000E+00  0.10000000E+04  0.00000000E+00  0.12500000E+03  0.00000000E+00  0.69999999E+00  0.10000000E+04
  0.42500000E+01  0.25000000E+00  0.00000000E+00  0.00000000E+00  0.10000018E+04  0.35083482E+01  0.12500000E+03 -0.74084828E-05  0.69999999E+00  0.10000000E+04
  0.45000000E+01  0.10000000E+01  0.00000000E+00  0.00000000E+00  0.10000000E+04  0.00000000E+00  0.12500000E+03  0.00000000E+00  0.69999999E+00  0.10000000E+04
  0.42500000E+01  0.75000000E+00  0.00000000E+00  0.00000000E+00  0.10001102E+04  0.21641856E+03  0.12500000E+03 -0.17495760E-05  0.69999999E+00  0.10000000E+04
  0.45000000E+01  0.15000000E+01  0.00000000E+00  0.00000000E+00  0.10000000E+04  0.00000000E+00  0.12500000E+03  0.00000000E+00  0.69999999E+00  0.10000000E+04
  0.42500000E+01  0.12500000E+01  0.00000000E+00  0.00000000E+00  0.10000011E+04  0.21050045E+01  0.12500000E+03  0.48762436E-05  0.69999999E+00  0.10000000E+04
  0.45000000E+01  0.20000000E+01  0.00000000E+00  0.00000000E+00  0.10000000E+04  0.00000000E+00  0.12500000E+03  0.00000000E+00  0.69999999E+00  0.10000000E+04
  0.42500000E+01  0.17500000E+01  0.00000000E+00  0.00000000E+00  0.10000000E+04  0.00000000E+00  0.12500000E+03  0.00000000E+00  0.69999999E+00  0.10000000E+04
  0.50000000E+01  0.50000000E+00  0.00000000E+00  0.00000000E+00  0.10000000E+04  0.00000000E+00  0.12500000E+03  0.00000000E+00  0.69999999E+00  0.10000000E+04
  0.47500000E+01  0.25000000E+00  0.00000000E+00  0.00000000E+00  0.10000000E+04  0.00000000E+00  0.12500000E+03  0.00000000E+00  0.69999999E+00  0.10000000E+04
  0.50000000E+01  0.10000000E+01  0.00000000E+00  0.00000000E+00  0.10000000E+04  0.00000000E+00  0.12500000E+03  0.00000000E+00  0.69999999E+00  0.10000000E+04
  0.47500000E+01  0.75000000E+00  0.00000000E+00  0.00000000E+00  0.10000000E+04  0.00000000E+00  0.12500000E+03  0.00000000E+00  0.69999999E+00  0.10000000E+04
  0.50000000E+01  0.15000000E+01  0.00000000E+00  0.00000000E+00  0.10000000E+04  0.00000000E+00  0.12500000E+03  0.00000000E+00  0.69999999E+00  0.10000000E+04
  0.47500000E+01  0.12500000E+01  0.00000000E+00  0.00000000E+00  0.10000000E+04  0.00000000E+00  0.12500000E+03  0.00000000E+00  0.69999999E+00  0.10000000E+04
  0.50000000E+01  0.20000000E+01  0.00000000E+00  0.00000000E+00  0.10000000E+04  0.00000000E+00  0.12500000E+03  0.00000000E+00  0.69999999E+00  0.10000000E+04
  0.47500000E+01  0.17500000E+01  0.00000000E+00  0.00000000E+00  0.10000000E+04  0.00000000E+00  0.12500000E+03  0.00000000E+00  0.69999999E+00  0.10000000E+04
  0.75921547E+00  0.25407913E+00  0.96695587E-01 -0.10639469E+00  0.10048502E+04  0.96555791E+04  0.12576698E+03  0.12576698E+03  0.10000000E+01  0.00000000E+00
  0.52897060E+00  0.52168608E+00  0.54550833E+00  0.66073120E-01  0.10027256E+04  0.53915552E+04  0.12561582E+03  0.12561256E+03  0.10000000E+01  0.00000000E+00
  0.65103328E+00  0.62039483E+00 -0.52396160E+00  0.15436463E-01  0.10001461E+04  0.28663913E+03  0.12546356E+03  0.12546356E+03  0.10000000E+01  0.00000000E+00
  0.90413350E+00  0.80579007E+00  0.37550074E+00 -0.25246855E-01  0.10065610E+04  0.13128685E+05  0.12531018E+03  0.12531018E+03  0.10000000E+01  0.00000000E+00
  0.12103006E+01  0.11175947E+01  0.59875953E+00 -0.53693348E+00  0.10053783E+04  0.10723909E+05  0.12515567E+03  0.12515567E+03  0.10000000E+01  0.00000000E+00
  0.14707799E+01  0.14708018E+01  0.21313157E+01 -0.13905230E+00  0.10044199E+04  0.87874863E+04  0.12500000E+03  0.12500000E+03  0.10000000E+01  0.00000000E+00
  0.13659971E+01  0.19972643E+00  0.28658986E+00 -0.25376818E+00  0.99919214E+03 -0.15812268E+04  0.12576698E+03  0.12576227E+03  0.10000000E+01  0.00000000E+00
  0.10520869E+01  0.46792483E+00 -0.31802982E+00 -0.15550350E+00  0.10014750E+04  0.29067410E+04  0.12561582E+03  0.12561111E+03  0.10000000E+01  0.00000000E+00
  0.14276903E+01  0.62755382E+00 -0.98969139E-01 -0.19994825E+00  0.99933728E+03 -0.12977214E+04  0.12546356E+03  0.12546356E+03  0.10000000E+01  0.00000000E+00
  0.11839236E+01  0.81155729E+00 -0.39106405E+00 -0.53316778E+00  0.10028580E+04  0.56557891E+04  0.12531018E+03  0.12531018E+03  0.10000000E+01  0.00000000E+00
  0.16072068E+01  0.11780245E+01  0.20695329E+00 -0.56781095E+00  0.10040321E+04  0.80073901E+04  0.12515567E+03  0.12515567E+03  0.10000000E+01  0.00000000E+00
  0.13699783E+01  0.14784715E+01  0.59856421E+00 -0.89995098E+00  0.10082691E+04  0.16631982E+05  0.12500000E+03  0.12500000E+03  0.10000000E+01  0.00000000E+00
  0.19485550E+01  0.29918960E+00  0.39387858E+00 -0.21205747E+00  0.10011992E+04  0.23611663E+04  0.12576698E+03  0.12576227E+03  0.10000000E+01  0.00000000E+00
  0.17412457E+01  0.50840962E+00  0.91988838E+00  0.23380274E+00  0.10003157E+04  0.62015826E+03  0.12561582E+03  0.12561111E+03  0.10000000E+01  0.00000000E+00
  0.22759776E+01  0.72305858E+00  0.21945739E+01 -0.76961145E-01  0.10007857E+04  0.15451984E+04  0.12546356E+03  0.12546356E+03  0.10000000E+01  0.00000000E+00
  0.17915709E+01  0.82970476E+00  0.62482303E+00 -0.40023071E+00  0.10057841E+04  0.11547344E+05  0.12531018E+03  0.12531018E+03  0.10000000E+01  0.00000000E+00
  0.20878382E+01  0.11193929E+01  0.12511921E+01 -0.38146585E-01  0.10044337E+04  0.88153467E+04  0.12515567E+03  0.12515567E+03  0.10000000E+01  0.00000000E+00
  0.18265588E+01  0.14724121E+01  0.39960787E+00 -0.10025455E-02  0.10051813E+04  0.10325123E+05  0.12500000E+03  0.12500000E+03  0.10000000E+01  0.00000000E+00
  0.20313034E+01  0.53365672E+00 -0.17892338E+01  0.45413727E+00  0.99857428E+03 -0.27853716E+04  0.12576698E+03  0.12576698E+03  0.10000000E+01  0.00000000E+00
  0.23811145E+01  0.52860802E+00  0.17667331E+00  0.54446810E+00  0.10086414E+04  0.17400264E+05  0.12561582E+03  0.12561369E+03  0.10000000E+01  0.00000000E+00
  0.27197471E+01  0.56499982E+00  0.12078631E+01  0.79534614E+00  0.10126248E+04  0.25727867E+05  0.12546356E+03  0.12546216E+03  0.10000000E+01  0.00000000E+00
  0.25662436E+01  0.82211065E+00  0.10297675E+01 -0.84288430E+00  0.10110985E+04  0.22513846E+05  0.12531018E+03  0.12531018E+03  0.10000000E+01  0.00000000E+00
  0.27228160E+01  0.11800594E+01 -0.64403206E-01 -0.95986462E+00  0.10032355E+04  0.64101587E+04  0.12515567E+03  0.12515567E+03  0.10000000E+01  0.00000000E+00
  0.23162284E+01  0.15045500E+01  0.12332408E+01  0.68778837E+00  0.99040021E+03 -0.18300982E+05  0.12500000E+03  0.12500000E+03  0.10000000E+01  0.00000000E+00
  0.24419432E+01  0.12976551E+01 -0.17363334E+01  0.40718663E+00  0.99906097E+03 -0.18371589E+04  0.12561582E+03  0.12561399E+03  0.10000000E+01  0.00000000E+00
  0.28825674E+01  0.91648865E+00  0.89353824E+00 -0.15385282E+00  0.10051492E+04  0.10259990E+05  0.12531018E+03  0.12531018E+03  0.10000000E+01  0.00000000E+00
  0.25904183E+01  0.17309258E+01 -0.12589773E+01  0.10347717E+01  0.99659222E+03 -0.66180903E+04  0.12500000E+03  0.12500000E+03  0.10000000E+01  0.00000000E+00
