  0.00000000E+00  0.00000000E+00  0.00000000E+00  0.00000000E+00  0.10012025E+04  0.23677625E+04  0.12500000E+03  0.28162242E-02  0.69999999E+00  0.99999677E+03
  0.00000000E+00  0.50000000E+00  0.00000000E+00  0.00000000E+00  0.10130491E+04  0.26626736E+05  0.12500000E+03  0.42847102E-02  0.69999999E+00  0.99999506E+03
  0.00000000E+00  0.10000000E+01  0.00000000E+00  0.00000000E+00  0.10184797E+04  0.38330312E+05  0.12500000E+03  0.44844262E-02  0.69999999E+00  0.99999475E+03
  0.00000000E+00  0.15000000E+01  0.00000000E+00  0.00000000E+00  0.10197565E+04  0.41136691E+05  0.12500000E+03  0.17223037E-02  0.69999999E+00  0.99999799E+03
  0.00000000E+00  0.20000000E+01  0.00000000E+00  0.00000000E+00  0.10216018E+04  0.45230406E+05  0.12500000E+03 -0.23027412E-02  0.69999999E+00  0.10000027E+04
  0.00000000E+00  0.25000000E+01  0.00000000E+00  0.00000000E+00  0.10034623E+04  0.68640293E+04  0.12500000E+03  0.54397603E-03  0.69999999E+00  0.99999939E+03
  0.00000000E+00  0.30000000E+01  0.00000000E+00  0.00000000E+00  0.10000026E+04  0.51455903E+01  0.12500000E+03  0.38292605E-04  0.69999999E+00  0.99999994E+03
  0.00000000E+00  0.35000000E+01  0.00000000E+00  0.00000000E+00  0.10000000E+04  0.00000000E+00  0.12500000E+03  0.00000000E+00  0.69999999E+00  0.10000000E+04
  0.00000000E+00  0.40000000E+01  0.00000000E+00  0.00000000E+00  0.10000000E+04  0.00000000E+00  0.12500000E+03  0.00000000E+00  0.69999999E+00  0.10000000E+04
 -0.25000000E+00 -0.25000000E+00  0.00000000E+00  0.00000000E+00  0.10006414E+04  0.12607445E+04  0.12500000E+03  0.52005530E-03  0.69999999E+00  0.99999939E+03
 -0.25000000E+00  0.25000000E+00  0.00000000E+00  0.00000000E+00  0.10004835E+04  0.95002942E+03  0.12500000E+03  0.12998916E-02  0.69999999E+00  0.99999854E+03
 -0.25000000E+00  0.75000000E+00  0.00000000E+00  0.00000000E+00  0.10026301E+04  0.52011802E+04  0.12500000E+03  0.75790472E-03  0.69999999E+00  0.99999915E+03
 -0.25000000E+00  0.12500000E+01  0.00000000E+00  0.00000000E+00  0.10027250E+04  0.53903667E+04  0.12500000E+03  0.14091716E-02  0.69999999E+00  0.99999841E+03
 -0.25000000E+00  0.17500000E+01  0.00000000E+00  0.00000000E+00  0.10009320E+04  0.18336617E+04  0.12500000E+03 -0.46323385E-03  0.69999999E+00  0.10000005E+04
 -0.25000000E+00  0.22500000E+01  0.00000000E+00  0.00000000E+00  0.10015139E+04  0.29839109E+04  0.12500000E+03 -0.18548567E-03  0.69999999E+00  0.10000002E+04
 -0.25000000E+00  0.27500000E+01  0.00000000E+00  0.00000000E+00  0.10000007E+04  0.14033347E+01  0.12500000E+03  0.17473474E-04  0.69999999E+00  0.10000000E+04
 -0.25000000E+00  0.32500000E+01  0.00000000E+00  0.00000000E+00  0.10000000E+04  0.00000000E+00  0.12500000E+03  0.39264383E-40  0.69999999E+00  0.10000000E+04
 -0.25000000E+00  0.37500000E+01  0.00000000E+00  0.00000000E+00  0.10000000E+04  0.00000000E+00  0.12500000E+03  0.00000000E+00  0.69999999E+00  0.10000000E+04
  0.80000000E+01  0.00000000E+00  0.00000000E+00  0.00000000E+00  0.10000000E+04  0.00000000E+00  0.12500000E+03  0.00000000E+00  0.69999999E+00  0.10000000E+04
  0.80000000E+01  0.50000000E+00  0.00000000E+00  0.00000000E+00  0.10000000E+04  0.00000000E+00  0.12500000E+03  0.00000000E+00  0.69999999E+00  0.10000000E+04
  0.80000000E+01  0.10000000E+01  0.00000000E+00  0.00000000E+00  0.10000000E+04  0.00000000E+00  0.12500000E+03  0.00000000E+00  0.69999999E+00  0.10000000E+04
  0.80000000E+01  0.15000000E+01  0.00000000E+00  0.00000000E+00  0.10000000E+04  0.00000000E+00  0.12500000E+03  0.00000000E+00  0.69999999E+00  0.10000000E+04
  0.80000000E+01  0.20000000E+01  0.00000000E+00  0.00000000E+00  0.10000000E+04  0.00000000E+00  0.12500000E+03  0.00000000E+00  0.69999999E+00  0.10000000E+04
  0.80000000E+01  0.25000000E+01  0.00000000E+00  0.00000000E+00  0.10000000E+04  0.00000000E+00  0.12500000E+03  0.00000000E+00  0.69999999E+00  0.10000000E+04
  0.80000000E+01  0.30000000E+01  0.00000000E+00  0.00000000E+00  0.10000000E+04  0.00000000E+00  0.12500000E+03  0.00000000E+00  0.69999999E+00  0.10000000E+04
  0.80000000E+01  0.35000000E+01  0.00000000E+00  0.00000000E+00  0.10000000E+04  0.00000000E+00  0.12500000E+03  0.00000000E+00  0.69999999E+00  0.10000000E+04
  0.80000000E+01  0.40000000E+01  0.00000000E+00  0.00000000E+00  0.10000000E+04  0.00000000E+00  0.12500000E+03  0.00000000E+00  0.69999999E+00  0.10000000E+04
  0.82500000E+01 -0.25000000E+00  0.00000000E+00  0.00000000E+00  0.10000000E+04  0.00000000E+00  0.12500000E+03  0.00000000E+00  0.69999999E+00  0.10000000E+04
  0.82500000E+01  0.25000000E+00  0.00000000E+00  0.00000000E+00  0.10000000E+04  0.00000000E+00  0.12500000E+03  0.00000000E+00  0.69999999E+00  0.10000000E+04
  0.82500000E+01  0.75000000E+00  0.00000000E+00  0.00000000E+00  0.10000000E+04  0.00000000E+00  0.12500000E+03  0.00000000E+00  0.69999999E+00  0.10000000E+04
  0.82500000E+01  0.12500000E+01  0.00000000E+00  0.00000000E+00  0.10000000E+04  0.00000000E+00  0.12500000E+03  0.00000000E+00  0.69999999E+00  0.10000000E+04
  0.82500000E+01  0.17500000E+01  0.00000000E+00  0.00000000E+00  0.10000000E+04  0.00000000E+00  0.12500000E+03  0.00000000E+00  0.69999999E+00  0.10000000E+04
  0.82500000E+01  0.22500000E+01  0.00000000E+00  0.00000000E+00  0.10000000E+04  0.00000000E+00  0.12500000E+03  0.00000000E+00  0.69999999E+00  0.10000000E+04
  0.82500000E+01  0.27500000E+01  0.00000000E+00  0.00000000E+00  0.10000000E+04  0.00000000E+00  0.12500000E+03  0.00000000E+00  0.69999999E+00  0.10000000E+04
  0.82500000E+01  0.32500000E+01  0.00000000E+00  0.00000000E+00  0.10000000E+04  0.00000000E+00  0.12500000E+03  0.00000000E+00  0.69999999E+00  0.10000000E+04
  0.82500000E+01  0.37500000E+01  0.00000000E+00  0.00000000E+00  0.10000000E+04  0.00000000E+00  0.12500000E+03  0.00000000E+00  0.69999999E+00  0.10000000E+04
  0.50000000E+00  0.00000000E+00  0.00000000E+00  0.00000000E+00  0.10449591E+04  0.10103985E+06  0.12500000E+03  0.14350910E-01  0.69999999E+00  0.99998285E+03
  0.10000000E+01  0.00000000E+00  0.00000000E+00  0.00000000E+00  0.10671882E+04  0.16157791E+06  0.12500000E+03  0.85196253E-02  0.69999999E+00  0.99998962E+03
  0.15000000E+01  0.00000000E+00  0.00000000E+00  0.00000000E+00  0.10248353E+04  0.52511469E+05  0.12500000E+03  0.24587985E-01  0.69999999E+00  0.99997119E+03
  0.20000000E+01  0.00000000E+00  0.00000000E+00  0.00000000E+00  0.11271042E+04  0.36737816E+06  0.12500000E+03  0.28882889E-01  0.69999999E+00  0.99996277E+03
  0.25000000E+01  0.00000000E+00  0.00000000E+00  0.00000000E+00  0.10423080E+04  0.94319125E+05  0.12500000E+03  0.10183385E-01  0.69999999E+00  0.99998785E+03
  0.30000000E+01  0.00000000E+00  0.00000000E+00  0.00000000E+00  0.10317615E+04  0.68578375E+05  0.12500000E+03  0.11900557E-01  0.69999999E+00  0.99998596E+03
  0.35000000E+01  0.00000000E+00  0.00000000E+00  0.00000000E+00  0.10003088E+04  0.60656726E+03  0.12500000E+03  0.50613014E-02  0.69999999E+00  0.99999420E+03
  0.40000000E+01  0.00000000E+00  0.00000000E+00  0.00000000E+00  0.10000137E+04  0.26898298E+02  0.12500000E+03 -0.68247195E-04  0.69999999E+00  0.10000001E+04
  0.45000000E+01  0.00000000E+00  0.00000000E+00  0.00000000E+00  0.10000000E+04  0.00000000E+00  0.12500000E+03  0.20504276E-38  0.69999999E+00  0.10000000E+04
  0.50000000E+01  0.00000000E+00  0.00000000E+00  0.00000000E+00  0.10000000E+04  0.00000000E+00  0.12500000E+03 -0.11311281E-40  0.69999999E+00  0.10000000E+04
  0.55000000E+01  0.00000000E+00  0.00000000E+00  0.00000000E+00  0.10000000E+04  0.00000000E+00  0.12500000E+03  0.00000000E+00  0.69999999E+00  0.10000000E+04
  0.60000000E+01  0.00000000E+00  0.00000000E+00  0.00000000E+00  0.10000000E+04  0.00000000E+00  0.12500000E+03  0.00000000E+00  0.69999999E+00  0.10000000E+04
  0.65000000E+01  0.00000000E+00  0.00000000E+00  0.00000000E+00  0.10000000E+04  0.00000000E+00  0.12500000E+03  0.00000000E+00  0.69999999E+00  0.10000000E+04
  0.70000000E+01  0.00000000E+00  0.00000000E+00  0.00000000E+00  0.10000000E+04  0.00000000E+00  0.12500000E+03  0.00000000E+00  0.69999999E+00  0.10000000E+04
  0.75000000E+01  0.00000000E+00  0.00000000E+00  0.00000000E+00  0.10000000E+04  0.00000000E+00  0.12500000E+03  0.00000000E+00  0.69999999E+00  0.10000000E+04
  0.25000000E+00 -0.25000000E+00  0.00000000E+00  0.00000000E+00  0.10057291E+04  0.11435501E+05  0.12500000E+03  0.35886308E-02  0.69999999E+00  0.99999585E+03
  0.75000000E+00 -0.25000000E+00  0.00000000E+00  0.00000000E+00  0.10263423E+04  0.55952043E+05  0.12500000E+03  0.10268807E-01  0.69999999E+00  0.99998798E+03
  0.12500000E+01 -0.25000000E+00  0.00000000E+00  0.00000000E+00  0.10102421E+04  0.20723104E+05  0.12500000E+03  0.78410823E-02  0.69999999E+00  0.99999097E+03
  0.17500000E+01 -0.25000000E+00  0.00000000E+00  0.00000000E+00  0.10145956E+04  0.29921482E+05  0.12500000E+03  0.12093809E-01  0.69999999E+00  0.99998596E+03
  0.22500000E+01 -0.25000000E+00  0.00000000E+00  0.00000000E+00  0.10014443E+04  0.28461030E+04  0.12500000E+03  0.12414752E-01  0.69999999E+00  0.99998578E+03
  0.27500000E+01 -0.25000000E+00  0.00000000E+00  0.00000000E+00  0.10039519E+04  0.78461748E+04  0.12500000E+03  0.65411618E-02  0.69999999E+00  0.99999249E+03
  0.32500000E+01 -0.25000000E+00  0.00000000E+00  0.00000000E+00  0.10004222E+04  0.82948364E+03  0.12500000E+03  0.46549947E-02  0.69999999E+00  0.99999469E+03
  0.37500000E+01 -0.25000000E+00  0.00000000E+00  0.00000000E+00  0.10000070E+04  0.13565822E+02  0.12500000E+03 -0.15635355E-03  0.69999999E+00  0.10000002E+04
  0.42500000E+01 -0.25000000E+00  0.00000000E+00  0.00000000E+00  0.10000000E+04  0.00000000E+00  0.12500000E+03 -0.60162129E-35  0.69999999E+00  0.10000000E+04
  0.47500000E+01 -0.25000000E+00  0.00000000E+00  0.00000000E+00  0.10000000E+04  0.00000000E+00  0.12500000E+03 -0.44058898E-38  0.69999999E+00  0.10000000E+04
  0.52500000E+01 -0.25000000E+00  0.00000000E+00  0.00000000E+00  0.10000000E+04  0.00000000E+00  0.12500000E+03  0.00000000E+00  0.69999999E+00  0.10000000E+04
  0.57500000E+01 -0.25000000E+00  0.00000000E+00  0.00000000E+00  0.10000000E+04  0.00000000E+00  0.12500000E+03  0.00000000E+00  0.69999999E+00  0.10000000E+04
  0.62500000E+01 -0.25000000E+00  0.00000000E+00  0.00000000E+00  0.10000000E+04  0.00000000E+00  0.12500000E+03  0.00000000E+00  0.69999999E+00  0.10000000E+04
  0.67500000E+01 -0.25000000E+00  0.00000000E+00  0.00000000E+00  0.10000000E+04  0.00000000E+00  0.12500000E+03  0.00000000E+00  0.69999999E+00  0.10000000E+04
  0.72500000E+01 -0.25000000E+00  0.00000000E+00  0.00000000E+00  0.10000000E+04  0.00000000E+00  0.12500000E+03  0.00000000E+00  0.69999999E+00  0.10000000E+04
  0.77500000E+01 -0.25000000E+00  0.00000000E+00  0.00000000E+00  0.10000000E+04  0.00000000E+00  0.12500000E+03  0.00000000E+00  0.69999999E+00  0.10000000E+04
  0.40000000E+01  0.50000000E+00  0.00000000E+00  0.00000000E+00  0.10006412E+04  0.12605096E+04  0.12500000E+03 -0.57951349E-03  0.69999999E+00  0.10000007E+04
  0.37500000E+01  0.25000000E+00  0.00000000E+00  0.00000000E+00  0.10009651E+04  0.18990537E+04  0.12500000E+03 -0.24673371E-02  0.69999999E+00  0.10000028E+04
  0.40000000E+01  0.10000000E+01  0.00000000E+00  0.00000000E+00  0.10036647E+04  0.72697393E+04  0.12500000E+03 -0.11516358E-03  0.69999999E+00  0.10000001E+04
  0.37500000E+01  0.75000000E+00  0.00000000E+00  0.00000000E+00  0.10444547E+04  0.99753320E+05  0.12500000E+03  0.10903571E-02  0.69999999E+00  0.99999872E+03
  0.40000000E+01  0.15000000E+01  0.00000000E+00  0.00000000E+00  0.10002734E+04  0.53698090E+03  0.12500000E+03  0.53976651E-03  0.69999999E+00  0.99999939E+03
  0.37500000E+01  0.12500000E+01  0.00000000E+00  0.00000000E+00  0.10213362E+04  0.44638469E+05  0.12500000E+03  0.13638388E-02  0.69999999E+00  0.99999841E+03
  0.40000000E+01  0.20000000E+01  0.00000000E+00  0.00000000E+00  0.10013503E+04  0.26600125E+04  0.12500000E+03  0.38575369E-03  0.69999999E+00  0.99999957E+03
  0.37500000E+01  0.17500000E+01  0.00000000E+00  0.00000000E+00  0.10115293E+04  0.23418146E+05  0.12500000E+03  0.27735245E-02  0.69999999E+00  0.99999677E+03
  0.45000000E+01  0.50000000E+00  0.00000000E+00  0.00000000E+00  0.10000000E+04  0.00000000E+00  0.12500000E+03  0.12993554E-37  0.69999999E+00  0.10000000E+04
  0.42500000E+01  0.25000000E+00  0.00000000E+00  0.00000000E+00  0.10000018E+04  0.35083482E+01  0.12500000E+03 -0.74084828E-05  0.69999999E+00  0.10000000E+04
  0.45000000E+01  0.10000000E+01  0.00000000E+00  0.00000000E+00  0.10000000E+04  0.00000000E+00  0.12500000E+03 -0.73343962E-41  0.69999999E+00  0.10000000E+04
  0.42500000E+01  0.75000000E+00  0.00000000E+00  0.00000000E+00  0.10000916E+04  0.17967581E+03  0.12500000E+03 -0.21151425E-04  0.69999999E+00  0.10000000E+04
  0.45000000E+01  0.15000000E+01  0.00000000E+00  0.00000000E+00  0.10000000E+04  0.00000000E+00  0.12500000E+03 -0.53972412E-40  0.69999999E+00  0.10000000E+04
  0.42500000E+01  0.12500000E+01  0.00000000E+00  0.00000000E+00  0.10000066E+04  0.12864128E+02  0.12500000E+03  0.64903998E-05  0.69999999E+00  0.10000000E+04
  0.45000000E+01  0.20000000E+01  0.00000000E+00  0.00000000E+00  0.10000000E+04  0.00000000E+00  0.12500000E+03  0.50037566E-40  0.69999999E+00  0.10000000E+04
  0.42500000E+01  0.17500000E+01  0.00000000E+00  0.00000000E+00  0.10000031E+04  0.60811610E+01  0.12500000E+03 -0.35628464E-05  0.69999999E+00  0.10000000E+04
  0.50000000E+01  0.50000000E+00  0.00000000E+00  0.00000000E+00  0.10000000E+04  0.00000000E+00  0.12500000E+03  0.10801209E-40  0.69999999E+00  0.10000000E+04
  0.47500000E+01  0.25000000E+00  0.00000000E+00  0.00000000E+00  0.10000000E+04  0.00000000E+00  0.12500000E+03  0.43602663E-38  0.69999999E+00  0.10000000E+04
  0.50000000E+01  0.10000000E+01  0.00000000E+00  0.00000000E+00  0.10000000E+04  0.00000000E+00  0.12500000E+03 -0.00000000E+00  0.69999999E+00  0.10000000E+04
  0.47500000E+01  0.75000000E+00  0.00000000E+00  0.00000000E+00  0.10000000E+04  0.00000000E+00  0.12500000E+03  0.11283255E-40  0.69999999E+00  0.10000000E+04
  0.50000000E+01  0.15000000E+01  0.00000000E+00  0.00000000E+00  0.10000000E+04  0.00000000E+00  0.12500000E+03 -0.38964505E-40  0.69999999E+00  0.10000000E+04
  0.47500000E+01  0.12500000E+01  0.00000000E+00  0.00000000E+00  0.10000000E+04  0.00000000E+00  0.12500000E+03 -0.37720152E-40  0.69999999E+00  0.10000000E+04
  0.50000000E+01  0.20000000E+01  0.00000000E+00  0.00000000E+00  0.10000000E+04  0.00000000E+00  0.12500000E+03  0.35410812E-40  0.69999999E+00  0.10000000E+04
  0.47500000E+01  0.17500000E+01  0.00000000E+00  0.00000000E+00  0.10000000E+04  0.00000000E+00  0.12500000E+03 -0.12527608E-41  0.69999999E+00  0.10000000E+04
  0.28117063E+01  0.96548629E+00  0.11868383E+00  0.43769050E+00  0.10018290E+04  0.36083040E+04  0.12576698E+03  0.12576656E+03  0.10000000E+01  0.00000000E+00
  0.91406846E+00  0.14577111E+01  0.12132187E+00  0.45529294E+00  0.99896600E+03 -0.20224675E+04  0.12561582E+03  0.12561256E+03  0.10000000E+01  0.00000000E+00
  0.18274794E+01  0.11520865E+01  0.78866720E+00 -0.28781947E-02  0.10077558E+04  0.15575460E+05  0.12546356E+03  0.12546323E+03  0.10000000E+01  0.00000000E+00
  0.26558187E+01  0.14800715E+01  0.17227191E+00 -0.26617825E+00  0.10026351E+04  0.52111597E+04  0.12531018E+03  0.12531044E+03  0.10000000E+01  0.00000000E+00
  0.19857001E+01  0.14917368E+01 -0.16478701E+01 -0.65179193E+00  0.10042901E+04  0.85262939E+04  0.12515567E+03  0.12515567E+03  0.10000000E+01  0.00000000E+00
  0.25216436E+01  0.15274222E+01 -0.28441900E+00 -0.24872899E+00  0.10031960E+04  0.63309976E+04  0.12500000E+03  0.12499985E+03  0.10000000E+01  0.00000000E+00
  0.26750002E+01  0.84223819E+00  0.51029003E+00  0.11490268E+00  0.10019713E+04  0.38907661E+04  0.12576698E+03  0.12575461E+03  0.10000000E+01  0.00000000E+00
  0.84313142E+00  0.10016873E+01 -0.58379620E+00  0.58833927E+00  0.10014105E+04  0.27791079E+04  0.12561582E+03  0.12560609E+03  0.10000000E+01  0.00000000E+00
  0.77613211E+00  0.11608061E+01 -0.85341975E-01  0.29218054E+00  0.10027006E+04  0.53416338E+04  0.12546356E+03  0.12546051E+03  0.10000000E+01  0.00000000E+00
  0.27703092E+01  0.79676795E+00 -0.58499485E+00 -0.42109680E+00  0.10005254E+04  0.10323732E+04  0.12531018E+03  0.12531038E+03  0.10000000E+01  0.00000000E+00
  0.10344771E+01  0.93681288E+00 -0.15913121E+00  0.15291578E+00  0.10010634E+04  0.20929536E+04  0.12515567E+03  0.12515535E+03  0.10000000E+01  0.00000000E+00
  0.70371842E+00  0.88491428E+00  0.15689734E+00 -0.67911841E-01  0.10072817E+04  0.14602770E+05  0.12500000E+03  0.12500000E+03  0.10000000E+01  0.00000000E+00
  0.17271099E+01  0.96088731E+00 -0.83967340E+00 -0.27330172E+00  0.10010838E+04  0.21334424E+04  0.12576698E+03  0.12575644E+03  0.10000000E+01  0.00000000E+00
  0.25887778E+01  0.85396326E+00 -0.99280566E-01  0.13584305E+00  0.10032277E+04  0.63944204E+04  0.12561582E+03  0.12561059E+03  0.10000000E+01  0.00000000E+00
  0.26219988E+01  0.12995907E+01  0.10364401E+00 -0.75536862E-01  0.10036731E+04  0.72864751E+04  0.12546356E+03  0.12546005E+03  0.10000000E+01  0.00000000E+00
  0.12898419E+01  0.85970175E+00 -0.32074308E+00 -0.80069050E-01  0.10002284E+04  0.44843781E+03  0.12531018E+03  0.12530966E+03  0.10000000E+01  0.00000000E+00
  0.29248600E+01  0.95317554E+00 -0.30771859E-01  0.58680975E+00  0.10044565E+04  0.88614639E+04  0.12515567E+03  0.12515553E+03  0.10000000E+01  0.00000000E+00
  0.98844564E+00  0.17684667E+01 -0.14604025E+00  0.43204653E+00  0.10000977E+04  0.19161090E+03  0.12500000E+03  0.12500612E+03  0.10000000E+01  0.00000000E+00
  0.99382424E+00  0.16653880E+01  0.16588193E+00  0.51987004E+00  0.99989111E+03 -0.21358748E+03  0.12576698E+03  0.12576566E+03  0.10000000E+01  0.00000000E+00
  0.23526254E+01  0.94880712E+00  0.13354774E+00 -0.71850248E-01  0.10042753E+04  0.84965381E+04  0.12561582E+03  0.12561228E+03  0.10000000E+01  0.00000000E+00
  0.15345864E+01  0.11416235E+01 -0.24475169E+00 -0.74594051E-01  0.10063340E+04  0.12666096E+05  0.12546356E+03  0.12546202E+03  0.10000000E+01  0.00000000E+00
  0.20652893E+01  0.10255592E+01  0.13239157E+00  0.45950934E-01  0.10060858E+04  0.12160712E+05  0.12531018E+03  0.12530890E+03  0.10000000E+01  0.00000000E+00
  0.19299746E+01  0.17150269E+01  0.67237556E-01  0.97553819E-01  0.10004174E+04  0.82010449E+03  0.12515567E+03  0.12515567E+03  0.10000000E+01  0.00000000E+00
  0.13162122E+01  0.88119900E+00  0.22787726E+00  0.10053606E-01  0.99980432E+03 -0.38370288E+03  0.12500000E+03  0.12500012E+03  0.10000000E+01  0.00000000E+00
  0.11839814E+01  0.17679176E+01  0.49474853E+00  0.30690852E+00  0.99935455E+03 -0.12639404E+04  0.12561582E+03  0.12560780E+03  0.10000000E+01  0.00000000E+00
  0.12195228E+01  0.19786322E+01 -0.52808213E+00  0.70481992E+00  0.10011977E+04  0.23583394E+04  0.12531018E+03  0.12531004E+03  0.10000000E+01  0.00000000E+00
  0.21679389E+01  0.18434069E+01 -0.42419645E+00 -0.41160300E+00  0.10035923E+04  0.71244111E+04  0.12500000E+03  0.12500000E+03  0.10000000E+01  0.00000000E+00
