  0.00000000E+00  0.00000000E+00  0.00000000E+00  0.00000000E+00  0.10024086E+04  0.47600044E+04  0.12500000E+03  0.20644248E-02  0.69999999E+00  0.99999762E+03
  0.00000000E+00  0.50000000E+00  0.00000000E+00  0.00000000E+00  0.10314409E+04  0.67820375E+05  0.12500000E+03  0.19251844E-02  0.69999999E+00  0.99999774E+03
  0.00000000E+00  0.10000000E+01  0.00000000E+00  0.00000000E+00  0.10222970E+04  0.46784234E+05  0.12500000E+03  0.27817886E-02  0.69999999E+00  0.99999677E+03
  0.00000000E+00  0.15000000E+01  0.00000000E+00  0.00000000E+00  0.10209515E+04  0.43782750E+05  0.12500000E+03  0.96200209E-03  0.69999999E+00  0.99999890E+03
  0.00000000E+00  0.20000000E+01  0.00000000E+00  0.00000000E+00  0.10512322E+04  0.11735570E+06  0.12500000E+03 -0.10311154E-02  0.69999999E+00  0.10000012E+04
  0.00000000E+00  0.25000000E+01  0.00000000E+00  0.00000000E+00  0.10092441E+04  0.18647691E+05  0.12500000E+03  0.27658563E-03  0.69999999E+00  0.99999969E+03
  0.00000000E+00  0.30000000E+01  0.00000000E+00  0.00000000E+00  0.10000000E+04  0.00000000E+00  0.12500000E+03  0.60528782E-05  0.69999999E+00  0.10000000E+04
  0.00000000E+00  0.35000000E+01  0.00000000E+00  0.00000000E+00  0.10000000E+04  0.00000000E+00  0.12500000E+03  0.00000000E+00  0.69999999E+00  0.10000000E+04
  0.00000000E+00  0.40000000E+01  0.00000000E+00  0.00000000E+00  0.10000000E+04  0.00000000E+00  0.12500000E+03  0.00000000E+00  0.69999999E+00  0.10000000E+04
 -0.25000000E+00 -0.25000000E+00  0.00000000E+00  0.00000000E+00  0.10006414E+04  0.12607445E+04  0.12500000E+03  0.52005530E-03  0.69999999E+00  0.99999939E+03
 -0.25000000E+00  0.25000000E+00  0.00000000E+00  0.00000000E+00  0.10016505E+04  0.32545020E+04  0.12500000E+03  0.84481604E-03  0.69999999E+00  0.99999902E+03
 -0.25000000E+00  0.75000000E+00  0.00000000E+00  0.00000000E+00  0.10094426E+04  0.19059465E+05  0.12500000E+03  0.15922787E-03  0.69999999E+00  0.99999982E+03
 -0.25000000E+00  0.12500000E+01  0.00000000E+00  0.00000000E+00  0.10004941E+04  0.97090668E+03  0.12500000E+03  0.89262245E-03  0.69999999E+00  0.99999896E+03
 -0.25000000E+00  0.17500000E+01  0.00000000E+00  0.00000000E+00  0.10022927E+04  0.45294395E+04  0.12500000E+03 -0.29431249E-03  0.69999999E+00  0.10000004E+04
 -0.25000000E+00  0.22500000E+01  0.00000000E+00  0.00000000E+00  0.10021394E+04  0.42246372E+04  0.12500000E+03 -0.13253686E-03  0.69999999E+00  0.10000001E+04
 -0.25000000E+00  0.27500000E+01  0.00000000E+00  0.00000000E+00  0.10000000E+04  0.00000000E+00  0.12500000E+03  0.00000000E+00  0.69999999E+00  0.10000000E+04
 -0.25000000E+00  0.32500000E+01  0.00000000E+00  0.00000000E+00  0.10000000E+04  0.00000000E+00  0.12500000E+03  0.00000000E+00  0.69999999E+00  0.10000000E+04
 -0.25000000E+00  0.37500000E+01  0.00000000E+00  0.00000000E+00  0.10000000E+04  0.00000000E+00  0.12500000E+03  0.00000000E+00  0.69999999E+00  0.10000000E+04
  0.80000000E+01  0.00000000E+00  0.00000000E+00  0.00000000E+00  0.10000000E+04  0.00000000E+00  0.12500000E+03  0.00000000E+00  0.69999999E+00  0.10000000E+04
  0.80000000E+01  0.50000000E+00  0.00000000E+00  0.00000000E+00  0.10000000E+04  0.00000000E+00  0.12500000E+03  0.00000000E+00  0.69999999E+00  0.10000000E+04
  0.80000000E+01  0.10000000E+01  0.00000000E+00  0.00000000E+00  0.10000000E+04  0.00000000E+00  0.12500000E+03  0.00000000E+00  0.69999999E+00  0.10000000E+04
  0.80000000E+01  0.15000000E+01  0.00000000E+00  0.00000000E+00  0.10000000E+04  0.00000000E+00  0.12500000E+03  0.00000000E+00  0.69999999E+00  0.10000000E+04
  0.80000000E+01  0.20000000E+01  0.00000000E+00  0.00000000E+00  0.10000000E+04  0.00000000E+00  0.12500000E+03  0.00000000E+00  0.69999999E+00  0.10000000E+04
  0.80000000E+01  0.25000000E+01  0.00000000E+00  0.00000000E+00  0.10000000E+04  0.00000000E+00  0.12500000E+03  0.00000000E+00  0.69999999E+00  0.10000000E+04
  0.80000000E+01  0.30000000E+01  0.00000000E+00  0.00000000E+00  0.10000000E+04  0.00000000E+00  0.12500000E+03  0.00000000E+00  0.69999999E+00  0.10000000E+04
  0.80000000E+01  0.35000000E+01  0.00000000E+00  0.00000000E+00  0.10000000E+04  0.00000000E+00  0.12500000E+03  0.00000000E+00  0.69999999E+00  0.10000000E+04
  0.80000000E+01  0.40000000E+01  0.00000000E+00  0.00000000E+00  0.10000000E+04  0.00000000E+00  0.12500000E+03  0.00000000E+00  0.69999999E+00  0.10000000E+04
  0.82500000E+01 -0.25000000E+00  0.00000000E+00  0.00000000E+00  0.10000000E+04  0.00000000E+00  0.12500000E+03  0.00000000E+00  0.69999999E+00  0.10000000E+04
  0.82500000E+01  0.25000000E+00  0.00000000E+00  0.00000000E+00  0.10000000E+04  0.00000000E+00  0.12500000E+03  0.00000000E+00  0.69999999E+00  0.10000000E+04
  0.82500000E+01  0.75000000E+00  0.00000000E+00  0.00000000E+00  0.10000000E+04  0.00000000E+00  0.12500000E+03  0.00000000E+00  0.69999999E+00  0.10000000E+04
  0.82500000E+01  0.12500000E+01  0.00000000E+00  0.00000000E+00  0.10000000E+04  0.00000000E+00  0.12500000E+03  0.00000000E+00  0.69999999E+00  0.10000000E+04
  0.82500000E+01  0.17500000E+01  0.00000000E+00  0.00000000E+00  0.10000000E+04  0.00000000E+00  0.12500000E+03  0.00000000E+00  0.69999999E+00  0.10000000E+04
  0.82500000E+01  0.22500000E+01  0.00000000E+00  0.00000000E+00  0.10000000E+04  0.00000000E+00  0.12500000E+03  0.00000000E+00  0.69999999E+00  0.10000000E+04
  0.82500000E+01  0.27500000E+01  0.00000000E+00  0.00000000E+00  0.10000000E+04  0.00000000E+00  0.12500000E+03  0.00000000E+00  0.69999999E+00  0.10000000E+04
  0.82500000E+01  0.32500000E+01  0.00000000E+00  0.00000000E+00  0.10000000E+04  0.00000000E+00  0.12500000E+03  0.00000000E+00  0.69999999E+00  0.10000000E+04
  0.82500000E+01  0.37500000E+01  0.00000000E+00  0.00000000E+00  0.10000000E+04  0.00000000E+00  0.12500000E+03  0.00000000E+00  0.69999999E+00  0.10000000E+04
  0.50000000E+00  0.00000000E+00  0.00000000E+00  0.00000000E+00  0.10472780E+04  0.10700280E+06  0.12500000E+03  0.10035016E-01  0.69999999E+00  0.99998798E+03
  0.10000000E+01  0.00000000E+00  0.00000000E+00  0.00000000E+00  0.10710562E+04  0.17291081E+06  0.12500000E+03  0.48799370E-02  0.69999999E+00  0.99999402E+03
  0.15000000E+01  0.00000000E+00  0.00000000E+00  0.00000000E+00  0.10419844E+04  0.93505641E+05  0.12500000E+03  0.17996904E-01  0.69999999E+00  0.99997858E+03
  0.20000000E+01  0.00000000E+00  0.00000000E+00  0.00000000E+00  0.11394739E+04  0.41880203E+06  0.12500000E+03  0.20345097E-01  0.69999999E+00  0.99997351E+03
  0.25000000E+01  0.00000000E+00  0.00000000E+00  0.00000000E+00  0.10395892E+04  0.87532750E+05  0.12500000E+03  0.37762499E-02  0.69999999E+00  0.99999554E+03
  0.30000000E+01  0.00000000E+00  0.00000000E+00  0.00000000E+00  0.10560264E+04  0.13022473E+06  0.12500000E+03  0.55795098E-02  0.69999999E+00  0.99999329E+03
  0.35000000E+01  0.00000000E+00  0.00000000E+00  0.00000000E+00  0.10061862E+04  0.12364766E+05  0.12500000E+03  0.21179228E-02  0.69999999E+00  0.99999756E+03
  0.40000000E+01  0.00000000E+00  0.00000000E+00  0.00000000E+00  0.10000137E+04  0.26898298E+02  0.12500000E+03 -0.68247195E-04  0.69999999E+00  0.10000001E+04
  0.45000000E+01  0.00000000E+00  0.00000000E+00  0.00000000E+00  0.10000000E+04  0.00000000E+00  0.12500000E+03  0.26764801E-41  0.69999999E+00  0.10000000E+04
  0.50000000E+01  0.00000000E+00  0.00000000E+00  0.00000000E+00  0.10000000E+04  0.00000000E+00  0.12500000E+03 -0.00000000E+00  0.69999999E+00  0.10000000E+04
  0.55000000E+01  0.00000000E+00  0.00000000E+00  0.00000000E+00  0.10000000E+04  0.00000000E+00  0.12500000E+03  0.00000000E+00  0.69999999E+00  0.10000000E+04
  0.60000000E+01  0.00000000E+00  0.00000000E+00  0.00000000E+00  0.10000000E+04  0.00000000E+00  0.12500000E+03  0.00000000E+00  0.69999999E+00  0.10000000E+04
  0.65000000E+01  0.00000000E+00  0.00000000E+00  0.00000000E+00  0.10000000E+04  0.00000000E+00  0.12500000E+03  0.00000000E+00  0.69999999E+00  0.10000000E+04
  0.70000000E+01  0.00000000E+00  0.00000000E+00  0.00000000E+00  0.10000000E+04  0.00000000E+00  0.12500000E+03  0.00000000E+00  0.69999999E+00  0.10000000E+04
  0.75000000E+01  0.00000000E+00  0.00000000E+00  0.00000000E+00  0.10000000E+04  0.00000000E+00  0.12500000E+03  0.00000000E+00  0.69999999E+00  0.10000000E+04
  0.25000000E+00 -0.25000000E+00  0.00000000E+00  0.00000000E+00  0.10057751E+04  0.11528943E+05  0.12500000E+03  0.29228274E-02  0.69999999E+00  0.99999664E+03
  0.75000000E+00 -0.25000000E+00  0.00000000E+00  0.00000000E+00  0.10262595E+04  0.55762367E+05  0.12500000E+03  0.74146125E-02  0.69999999E+00  0.99999133E+03
  0.12500000E+01 -0.25000000E+00  0.00000000E+00  0.00000000E+00  0.10132853E+04  0.27127900E+05  0.12500000E+03  0.59656603E-02  0.69999999E+00  0.99999310E+03
  0.17500000E+01 -0.25000000E+00  0.00000000E+00  0.00000000E+00  0.10164319E+04  0.33872957E+05  0.12500000E+03  0.92606544E-02  0.69999999E+00  0.99998926E+03
  0.22500000E+01 -0.25000000E+00  0.00000000E+00  0.00000000E+00  0.10027520E+04  0.54441001E+04  0.12500000E+03  0.84910952E-02  0.69999999E+00  0.99999030E+03
  0.27500000E+01 -0.25000000E+00  0.00000000E+00  0.00000000E+00  0.10121937E+04  0.24817170E+05  0.12500000E+03  0.25963609E-02  0.69999999E+00  0.99999701E+03
  0.32500000E+01 -0.25000000E+00  0.00000000E+00  0.00000000E+00  0.10024216E+04  0.47858701E+04  0.12500000E+03  0.21257014E-02  0.69999999E+00  0.99999756E+03
  0.37500000E+01 -0.25000000E+00  0.00000000E+00  0.00000000E+00  0.10000070E+04  0.13565822E+02  0.12500000E+03 -0.15635355E-03  0.69999999E+00  0.10000002E+04
  0.42500000E+01 -0.25000000E+00  0.00000000E+00  0.00000000E+00  0.10000000E+04  0.00000000E+00  0.12500000E+03 -0.72266952E-38  0.69999999E+00  0.10000000E+04
  0.47500000E+01 -0.25000000E+00  0.00000000E+00  0.00000000E+00  0.10000000E+04  0.00000000E+00  0.12500000E+03 -0.23990230E-41  0.69999999E+00  0.10000000E+04
  0.52500000E+01 -0.25000000E+00  0.00000000E+00  0.00000000E+00  0.10000000E+04  0.00000000E+00  0.12500000E+03  0.00000000E+00  0.69999999E+00  0.10000000E+04
  0.57500000E+01 -0.25000000E+00  0.00000000E+00  0.00000000E+00  0.10000000E+04  0.00000000E+00  0.12500000E+03  0.00000000E+00  0.69999999E+00  0.10000000E+04
  0.62500000E+01 -0.25000000E+00  0.00000000E+00  0.00000000E+00  0.10000000E+04  0.00000000E+00  0.12500000E+03  0.00000000E+00  0.69999999E+00  0.10000000E+04
  0.67500000E+01 -0.25000000E+00  0.00000000E+00  0.00000000E+00  0.10000000E+04  0.00000000E+00  0.12500000E+03  0.00000000E+00  0.69999999E+00  0.10000000E+04
  0.72500000E+01 -0.25000000E+00  0.00000000E+00  0.00000000E+00  0.10000000E+04  0.00000000E+00  0.12500000E+03  0.00000000E+00  0.69999999E+00  0.10000000E+04
  0.77500000E+01 -0.25000000E+00  0.00000000E+00  0.00000000E+00  0.10000000E+04  0.00000000E+00  0.12500000E+03  0.00000000E+00  0.69999999E+00  0.10000000E+04
  0.40000000E+01  0.50000000E+00  0.00000000E+00  0.00000000E+00  0.10008481E+04  0.16683580E+04  0.12500000E+03 -0.22569981E-03  0.69999999E+00  0.10000002E+04
  0.37500000E+01  0.25000000E+00  0.00000000E+00  0.00000000E+00  0.10031428E+04  0.62246836E+04  0.12500000E+03 -0.95411955E-03  0.69999999E+00  0.10000011E+04
  0.40000000E+01  0.10000000E+01  0.00000000E+00  0.00000000E+00  0.10037783E+04  0.74976587E+04  0.12500000E+03 -0.80079844E-04  0.69999999E+00  0.10000001E+04
  0.37500000E+01  0.75000000E+00  0.00000000E+00  0.00000000E+00  0.10421318E+04  0.93876086E+05  0.12500000E+03  0.74259436E-03  0.69999999E+00  0.99999915E+03
  0.40000000E+01  0.15000000E+01  0.00000000E+00  0.00000000E+00  0.10009790E+04  0.19263434E+04  0.12500000E+03  0.22587643E-03  0.69999999E+00  0.99999976E+03
  0.37500000E+01  0.12500000E+01  0.00000000E+00  0.00000000E+00  0.10381298E+04  0.83933281E+05  0.12500000E+03  0.48160669E-03  0.69999999E+00  0.99999945E+03
  0.40000000E+01  0.20000000E+01  0.00000000E+00  0.00000000E+00  0.10001676E+04  0.32901282E+03  0.12500000E+03  0.20731236E-03  0.69999999E+00  0.99999976E+03
  0.37500000E+01  0.17500000E+01  0.00000000E+00  0.00000000E+00  0.10247568E+04  0.52332934E+05  0.12500000E+03  0.11365851E-02  0.69999999E+00  0.99999866E+03
  0.45000000E+01  0.50000000E+00  0.00000000E+00  0.00000000E+00  0.10000000E+04  0.00000000E+00  0.12500000E+03  0.75810247E-41  0.69999999E+00  0.10000000E+04
  0.42500000E+01  0.25000000E+00  0.00000000E+00  0.00000000E+00  0.10000018E+04  0.35083482E+01  0.12500000E+03 -0.74084828E-05  0.69999999E+00  0.10000000E+04
  0.45000000E+01  0.10000000E+01  0.00000000E+00  0.00000000E+00  0.10000000E+04  0.00000000E+00  0.12500000E+03 -0.00000000E+00  0.69999999E+00  0.10000000E+04
  0.42500000E+01  0.75000000E+00  0.00000000E+00  0.00000000E+00  0.10000944E+04  0.18529227E+03  0.12500000E+03 -0.75637886E-05  0.69999999E+00  0.10000000E+04
  0.45000000E+01  0.15000000E+01  0.00000000E+00  0.00000000E+00  0.10000000E+04  0.00000000E+00  0.12500000E+03  0.00000000E+00  0.69999999E+00  0.10000000E+04
  0.42500000E+01  0.12500000E+01  0.00000000E+00  0.00000000E+00  0.10000066E+04  0.12864128E+02  0.12500000E+03  0.34267537E-05  0.69999999E+00  0.10000000E+04
  0.45000000E+01  0.20000000E+01  0.00000000E+00  0.00000000E+00  0.10000000E+04  0.00000000E+00  0.12500000E+03  0.00000000E+00  0.69999999E+00  0.10000000E+04
  0.42500000E+01  0.17500000E+01  0.00000000E+00  0.00000000E+00  0.10000031E+04  0.60811610E+01  0.12500000E+03  0.28991612E-05  0.69999999E+00  0.10000000E+04
  0.50000000E+01  0.50000000E+00  0.00000000E+00  0.00000000E+00  0.10000000E+04  0.00000000E+00  0.12500000E+03  0.00000000E+00  0.69999999E+00  0.10000000E+04
  0.47500000E+01  0.25000000E+00  0.00000000E+00  0.00000000E+00  0.10000000E+04  0.00000000E+00  0.12500000E+03  0.23569840E-41  0.69999999E+00  0.10000000E+04
  0.50000000E+01  0.10000000E+01  0.00000000E+00  0.00000000E+00  0.10000000E+04  0.00000000E+00  0.12500000E+03  0.00000000E+00  0.69999999E+00  0.10000000E+04
  0.47500000E+01  0.75000000E+00  0.00000000E+00  0.00000000E+00  0.10000000E+04  0.00000000E+00  0.12500000E+03  0.00000000E+00  0.69999999E+00  0.10000000E+04
  0.50000000E+01  0.15000000E+01  0.00000000E+00  0.00000000E+00  0.10000000E+04  0.00000000E+00  0.12500000E+03 -0.00000000E+00  0.69999999E+00  0.10000000E+04
  0.47500000E+01  0.12500000E+01  0.00000000E+00  0.00000000E+00  0.10000000E+04  0.00000000E+00  0.12500000E+03 -0.00000000E+00  0.69999999E+00  0.10000000E+04
  0.50000000E+01  0.20000000E+01  0.00000000E+00  0.00000000E+00  0.10000000E+04  0.00000000E+00  0.12500000E+03  0.00000000E+00  0.69999999E+00  0.10000000E+04
  0.47500000E+01  0.17500000E+01  0.00000000E+00  0.00000000E+00  0.10000000E+04  0.00000000E+00  0.12500000E+03  0.00000000E+00  0.69999999E+00  0.10000000E+04
  0.26711237E+01  0.96680677E+00  0.20438319E+00  0.15701248E+00  0.10084993E+04  0.17106822E+05  0.12576698E+03  0.12576674E+03  0.10000000E+01  0.00000000E+00
  0.12551705E+01  0.10935231E+01 -0.87164827E-01 -0.57485074E+00  0.99193176E+03 -0.15451884E+05  0.12561582E+03  0.12561256E+03  0.10000000E+01  0.00000000E+00
  0.94710767E+00  0.15184129E+01  0.14270806E+01  0.12320774E+01  0.99525470E+03 -0.91787910E+04  0.12546356E+03  0.12546333E+03  0.10000000E+01  0.00000000E+00
  0.13336123E+01  0.18498834E+01  0.21368141E+01 -0.96055186E+00  0.99987897E+03 -0.23742766E+03  0.12531018E+03  0.12531027E+03  0.10000000E+01  0.00000000E+00
  0.20548234E+01  0.15204023E+01  0.16924009E+01  0.17827509E+00  0.10031707E+04  0.62804585E+04  0.12515567E+03  0.12515567E+03  0.10000000E+01  0.00000000E+00
  0.24731574E+01  0.15136225E+01  0.16132528E+01 -0.95263213E-01  0.10085302E+04  0.17170807E+05  0.12500000E+03  0.12500000E+03  0.10000000E+01  0.00000000E+00
  0.25699663E+01  0.96355605E+00  0.11210217E+01 -0.23387339E-01  0.10053638E+04  0.10694685E+05  0.12576698E+03  0.12575494E+03  0.10000000E+01  0.00000000E+00
  0.10860895E+01  0.10315876E+01 -0.58382130E+00 -0.79030752E+00  0.99570496E+03 -0.83190830E+04  0.12561582E+03  0.12560624E+03  0.10000000E+01  0.00000000E+00
  0.98795080E+00  0.16099062E+01 -0.35789752E+00 -0.91264224E+00  0.99404974E+03 -0.11468090E+05  0.12546356E+03  0.12546037E+03  0.10000000E+01  0.00000000E+00
  0.23254426E+01  0.13437234E+01  0.87376666E+00 -0.44948554E+00  0.10069724E+04  0.13969163E+05  0.12531018E+03  0.12531038E+03  0.10000000E+01  0.00000000E+00
  0.90485382E+00  0.10474588E+01  0.65407628E+00 -0.13197172E+01  0.10031357E+04  0.62103838E+04  0.12515567E+03  0.12515567E+03  0.10000000E+01  0.00000000E+00
  0.70229018E+00  0.80743396E+00 -0.93490839E+00 -0.42175543E+00  0.10192324E+04  0.39982242E+05  0.12500000E+03  0.12500000E+03  0.10000000E+01  0.00000000E+00
  0.17989628E+01  0.10951997E+01  0.47222590E+00  0.80188060E+00  0.99899261E+03 -0.19705127E+04  0.12576698E+03  0.12575644E+03  0.10000000E+01  0.00000000E+00
  0.21857917E+01  0.11059552E+01 -0.33798802E+00 -0.20437086E+01  0.99699158E+03 -0.58495249E+04  0.12561582E+03  0.12561089E+03  0.10000000E+01  0.00000000E+00
  0.26946878E+01  0.78990626E+00 -0.27075380E+00 -0.29887640E+00  0.10119562E+04  0.24316473E+05  0.12546356E+03  0.12546005E+03  0.10000000E+01  0.00000000E+00
  0.21419809E+01  0.92640793E+00 -0.17254536E+01  0.44008923E+00  0.10015466E+04  0.30485869E+04  0.12531018E+03  0.12531018E+03  0.10000000E+01  0.00000000E+00
  0.27920203E+01  0.69967890E+00  0.80954447E-01 -0.75601280E-01  0.10158811E+04  0.32683062E+05  0.12515567E+03  0.12515553E+03  0.10000000E+01  0.00000000E+00
  0.95380199E+00  0.18674259E+01  0.18011104E+01  0.46334821E+00  0.99524768E+03 -0.91922012E+04  0.12500000E+03  0.12499989E+03  0.10000000E+01  0.00000000E+00
  0.83959138E+00  0.10179511E+01  0.19850636E+00 -0.58496404E+00  0.10062072E+04  0.12407484E+05  0.12576698E+03  0.12576566E+03  0.10000000E+01  0.00000000E+00
  0.21448627E+01  0.10694671E+01  0.51449323E+00 -0.19458492E+01  0.99892041E+03 -0.21113640E+04  0.12561582E+03  0.12561221E+03  0.10000000E+01  0.00000000E+00
  0.28436337E+01  0.10074091E+01  0.26241404E+00  0.59499997E+00  0.10079098E+04  0.15892127E+05  0.12546356E+03  0.12546202E+03  0.10000000E+01  0.00000000E+00
  0.15132670E+01  0.96432543E+00  0.28202122E+00  0.13740119E+01  0.99891486E+03 -0.21221694E+04  0.12531018E+03  0.12530890E+03  0.10000000E+01  0.00000000E+00
  0.80298913E+00  0.19510946E+01 -0.68386942E-02 -0.11336606E+01  0.10011535E+04  0.22709526E+04  0.12515567E+03  0.12515567E+03  0.10000000E+01  0.00000000E+00
  0.12695749E+01  0.78188646E+00 -0.21688058E+01 -0.33851928E+00  0.10134304E+04  0.27436385E+05  0.12500000E+03  0.12500012E+03  0.10000000E+01  0.00000000E+00
  0.13219519E+01  0.17014935E+01 -0.28995246E+00  0.77276313E+00  0.99884760E+03 -0.22531997E+04  0.12561582E+03  0.12561399E+03  0.10000000E+01  0.00000000E+00
  0.28761215E+01  0.13992219E+01 -0.78367352E+00  0.19585328E+01  0.10009492E+04  0.18677675E+04  0.12531018E+03  0.12531004E+03  0.10000000E+01  0.00000000E+00
  0.18638575E+01  0.17947543E+01  0.23404374E+01 -0.77564621E+00  0.10099053E+04  0.20021164E+05  0.12500000E+03  0.12500000E+03  0.10000000E+01  0.00000000E+00
