  0.00000000E+00  0.00000000E+00  0.00000000E+00  0.00000000E+00  0.10008855E+04  0.17419467E+04  0.12500000E+03  0.17978011E-02  0.69999999E+00  0.99999792E+03
  0.00000000E+00  0.50000000E+00  0.00000000E+00  0.00000000E+00  0.10005002E+04  0.98287061E+03  0.12500000E+03  0.11214674E-02  0.69999999E+00  0.99999872E+03
  0.00000000E+00  0.10000000E+01  0.00000000E+00  0.00000000E+00  0.10144906E+04  0.29696779E+05  0.12500000E+03  0.20610967E-02  0.69999999E+00  0.99999762E+03
  0.00000000E+00  0.15000000E+01  0.00000000E+00  0.00000000E+00  0.10432151E+04  0.96607078E+05  0.12500000E+03  0.78154472E-03  0.69999999E+00  0.99999908E+03
  0.00000000E+00  0.20000000E+01  0.00000000E+00  0.00000000E+00  0.10136184E+04  0.27835934E+05  0.12500000E+03 -0.45222786E-03  0.69999999E+00  0.10000005E+04
  0.00000000E+00  0.25000000E+01  0.00000000E+00  0.00000000E+00  0.10002466E+04  0.48403955E+03  0.12500000E+03  0.72092975E-04  0.69999999E+00  0.99999994E+03
  0.00000000E+00  0.30000000E+01  0.00000000E+00  0.00000000E+00  0.10000000E+04  0.00000000E+00  0.12500000E+03  0.00000000E+00  0.69999999E+00  0.10000000E+04
  0.00000000E+00  0.35000000E+01  0.00000000E+00  0.00000000E+00  0.10000000E+04  0.00000000E+00  0.12500000E+03  0.00000000E+00  0.69999999E+00  0.10000000E+04
  0.00000000E+00  0.40000000E+01  0.00000000E+00  0.00000000E+00  0.10000000E+04  0.00000000E+00  0.12500000E+03  0.00000000E+00  0.69999999E+00  0.10000000E+04
 -0.25000000E+00 -0.25000000E+00  0.00000000E+00  0.00000000E+00  0.10006414E+04  0.12607445E+04  0.12500000E+03  0.52005530E-03  0.69999999E+00  0.99999939E+03
 -0.25000000E+00  0.25000000E+00  0.00000000E+00  0.00000000E+00  0.10011433E+04  0.22509348E+04  0.12500000E+03  0.71906770E-03  0.69999999E+00  0.99999921E+03
 -0.25000000E+00  0.75000000E+00  0.00000000E+00  0.00000000E+00  0.10020095E+04  0.39665088E+04  0.12500000E+03 -0.41636886E-04  0.69999999E+00  0.10000001E+04
 -0.25000000E+00  0.12500000E+01  0.00000000E+00  0.00000000E+00  0.10028662E+04  0.56722061E+04  0.12500000E+03  0.67705900E-03  0.69999999E+00  0.99999921E+03
 -0.25000000E+00  0.17500000E+01  0.00000000E+00  0.00000000E+00  0.10005311E+04  0.10436354E+04  0.12500000E+03 -0.14222460E-03  0.69999999E+00  0.10000002E+04
 -0.25000000E+00  0.22500000E+01  0.00000000E+00  0.00000000E+00  0.10004730E+04  0.92938812E+03  0.12500000E+03 -0.62706749E-04  0.69999999E+00  0.10000001E+04
 -0.25000000E+00  0.27500000E+01  0.00000000E+00  0.00000000E+00  0.10000000E+04  0.00000000E+00  0.12500000E+03  0.00000000E+00  0.69999999E+00  0.10000000E+04
 -0.25000000E+00  0.32500000E+01  0.00000000E+00  0.00000000E+00  0.10000000E+04  0.00000000E+00  0.12500000E+03  0.00000000E+00  0.69999999E+00  0.10000000E+04
 -0.25000000E+00  0.37500000E+01  0.00000000E+00  0.00000000E+00  0.10000000E+04  0.00000000E+00  0.12500000E+03  0.00000000E+00  0.69999999E+00  0.10000000E+04
  0.80000000E+01  0.00000000E+00  0.00000000E+00  0.00000000E+00  0.10000000E+04  0.00000000E+00  0.12500000E+03  0.00000000E+00  0.69999999E+00  0.10000000E+04
  0.80000000E+01  0.50000000E+00  0.00000000E+00  0.00000000E+00  0.10000000E+04  0.00000000E+00  0.12500000E+03  0.00000000E+00  0.69999999E+00  0.10000000E+04
  0.80000000E+01  0.10000000E+01  0.00000000E+00  0.00000000E+00  0.10000000E+04  0.00000000E+00  0.12500000E+03  0.00000000E+00  0.69999999E+00  0.10000000E+04
  0.80000000E+01  0.15000000E+01  0.00000000E+00  0.00000000E+00  0.10000000E+04  0.00000000E+00  0.12500000E+03  0.00000000E+00  0.69999999E+00  0.10000000E+04
  0.80000000E+01  0.20000000E+01  0.00000000E+00  0.00000000E+00  0.10000000E+04  0.00000000E+00  0.12500000E+03  0.00000000E+00  0.69999999E+00  0.10000000E+04
  0.80000000E+01  0.25000000E+01  0.00000000E+00  0.00000000E+00  0.10000000E+04  0.00000000E+00  0.12500000E+03  0.00000000E+00  0.69999999E+00  0.10000000E+04
  0.80000000E+01  0.30000000E+01  0.00000000E+00  0.00000000E+00  0.10000000E+04  0.00000000E+00  0.12500000E+03  0.00000000E+00  0.69999999E+00  0.10000000E+04
  0.80000000E+01  0.35000000E+01  0.00000000E+00  0.00000000E+00  0.10000000E+04  0.00000000E+00  0.12500000E+03  0.00000000E+00  0.69999999E+00  0.10000000E+04
  0.80000000E+01  0.40000000E+01  0.00000000E+00  0.00000000E+00  0.10000000E+04  0.00000000E+00  0.12500000E+03  0.00000000E+00  0.69999999E+00  0.10000000E+04
  0.82500000E+01 -0.25000000E+00  0.00000000E+00  0.00000000E+00  0.10000000E+04  0.00000000E+00  0.12500000E+03  0.00000000E+00  0.69999999E+00  0.10000000E+04
  0.82500000E+01  0.25000000E+00  0.00000000E+00  0.00000000E+00  0.10000000E+04  0.00000000E+00  0.12500000E+03  0.00000000E+00  0.69999999E+00  0.10000000E+04
  0.82500000E+01  0.75000000E+00  0.00000000E+00  0.00000000E+00  0.10000000E+04  0.00000000E+00  0.12500000E+03  0.00000000E+00  0.69999999E+00  0.10000000E+04
  0.82500000E+01  0.12500000E+01  0.00000000E+00  0.00000000E+00  0.10000000E+04  0.00000000E+00  0.12500000E+03  0.00000000E+00  0.69999999E+00  0.10000000E+04
  0.82500000E+01  0.17500000E+01  0.00000000E+00  0.00000000E+00  0.10000000E+04  0.00000000E+00  0.12500000E+03  0.00000000E+00  0.69999999E+00  0.10000000E+04
  0.82500000E+01  0.22500000E+01  0.00000000E+00  0.00000000E+00  0.10000000E+04  0.00000000E+00  0.12500000E+03  0.00000000E+00  0.69999999E+00  0.10000000E+04
  0.82500000E+01  0.27500000E+01  0.00000000E+00  0.00000000E+00  0.10000000E+04  0.00000000E+00  0.12500000E+03  0.00000000E+00  0.69999999E+00  0.10000000E+04
  0.82500000E+01  0.32500000E+01  0.00000000E+00  0.00000000E+00  0.10000000E+04  0.00000000E+00  0.12500000E+03  0.00000000E+00  0.69999999E+00  0.10000000E+04
  0.82500000E+01  0.37500000E+01  0.00000000E+00  0.00000000E+00  0.10000000E+04  0.00000000E+00  0.12500000E+03  0.00000000E+00  0.69999999E+00  0.10000000E+04
  0.50000000E+00  0.00000000E+00  0.00000000E+00  0.00000000E+00  0.10314995E+04  0.67958680E+05  0.12500000E+03  0.84525105E-02  0.69999999E+00  0.99999005E+03
  0.10000000E+01  0.00000000E+00  0.00000000E+00  0.00000000E+00  0.10816332E+04  0.20518280E+06  0.12500000E+03  0.29528267E-02  0.69999999E+00  0.99999634E+03
  0.15000000E+01  0.00000000E+00  0.00000000E+00  0.00000000E+00  0.10209916E+04  0.43871758E+05  0.12500000E+03  0.14686869E-01  0.69999999E+00  0.99998267E+03
  0.20000000E+01  0.00000000E+00  0.00000000E+00  0.00000000E+00  0.10382581E+04  0.84248406E+05  0.12500000E+03  0.16107382E-01  0.69999999E+00  0.99998157E+03
  0.25000000E+01  0.00000000E+00  0.00000000E+00  0.00000000E+00  0.10146631E+04  0.30065916E+05  0.12500000E+03  0.77668880E-03  0.69999999E+00  0.99999908E+03
  0.30000000E+01  0.00000000E+00  0.00000000E+00  0.00000000E+00  0.10229689E+04  0.48291879E+05  0.12500000E+03  0.27492840E-02  0.69999999E+00  0.99999677E+03
  0.35000000E+01  0.00000000E+00  0.00000000E+00  0.00000000E+00  0.10161473E+04  0.33257828E+05  0.12500000E+03  0.11229417E-02  0.69999999E+00  0.99999872E+03
  0.40000000E+01  0.00000000E+00  0.00000000E+00  0.00000000E+00  0.10000131E+04  0.25728762E+02  0.12500000E+03 -0.50405528E-04  0.69999999E+00  0.10000001E+04
  0.45000000E+01  0.00000000E+00  0.00000000E+00  0.00000000E+00  0.10000000E+04  0.00000000E+00  0.12500000E+03  0.00000000E+00  0.69999999E+00  0.10000000E+04
  0.50000000E+01  0.00000000E+00  0.00000000E+00  0.00000000E+00  0.10000000E+04  0.00000000E+00  0.12500000E+03  0.00000000E+00  0.69999999E+00  0.10000000E+04
  0.55000000E+01  0.00000000E+00  0.00000000E+00  0.00000000E+00  0.10000000E+04  0.00000000E+00  0.12500000E+03  0.00000000E+00  0.69999999E+00  0.10000000E+04
  0.60000000E+01  0.00000000E+00  0.00000000E+00  0.00000000E+00  0.10000000E+04  0.00000000E+00  0.12500000E+03  0.00000000E+00  0.69999999E+00  0.10000000E+04
  0.65000000E+01  0.00000000E+00  0.00000000E+00  0.00000000E+00  0.10000000E+04  0.00000000E+00  0.12500000E+03  0.00000000E+00  0.69999999E+00  0.10000000E+04
  0.70000000E+01  0.00000000E+00  0.00000000E+00  0.00000000E+00  0.10000000E+04  0.00000000E+00  0.12500000E+03  0.00000000E+00  0.69999999E+00  0.10000000E+04
  0.75000000E+01  0.00000000E+00  0.00000000E+00  0.00000000E+00  0.10000000E+04  0.00000000E+00  0.12500000E+03  0.00000000E+00  0.69999999E+00  0.10000000E+04
  0.25000000E+00 -0.25000000E+00  0.00000000E+00  0.00000000E+00  0.10052314E+04  0.10426706E+05  0.12500000E+03  0.26849029E-02  0.69999999E+00  0.99999689E+03
  0.75000000E+00 -0.25000000E+00  0.00000000E+00  0.00000000E+00  0.10214264E+04  0.44839484E+05  0.12500000E+03  0.64508677E-02  0.69999999E+00  0.99999249E+03
  0.12500000E+01 -0.25000000E+00  0.00000000E+00  0.00000000E+00  0.10174595E+04  0.36102953E+05  0.12500000E+03  0.50681066E-02  0.69999999E+00  0.99999408E+03
  0.17500000E+01 -0.25000000E+00  0.00000000E+00  0.00000000E+00  0.10000000E+04  0.00000000E+00  0.12500000E+03  0.77666463E-02  0.69999999E+00  0.99999109E+03
  0.22500000E+01 -0.25000000E+00  0.00000000E+00  0.00000000E+00  0.10373022E+04  0.81905758E+05  0.12500000E+03  0.67402273E-02  0.69999999E+00  0.99999231E+03
  0.27500000E+01 -0.25000000E+00  0.00000000E+00  0.00000000E+00  0.10055906E+04  0.11154362E+05  0.12500000E+03  0.91766170E-03  0.69999999E+00  0.99999896E+03
  0.32500000E+01 -0.25000000E+00  0.00000000E+00  0.00000000E+00  0.10044150E+04  0.87778799E+04  0.12500000E+03  0.12672744E-02  0.69999999E+00  0.99999854E+03
  0.37500000E+01 -0.25000000E+00  0.00000000E+00  0.00000000E+00  0.10000032E+04  0.63150539E+01  0.12500000E+03 -0.10938285E-03  0.69999999E+00  0.10000001E+04
  0.42500000E+01 -0.25000000E+00  0.00000000E+00  0.00000000E+00  0.10000000E+04  0.00000000E+00  0.12500000E+03 -0.12404294E-40  0.69999999E+00  0.10000000E+04
  0.47500000E+01 -0.25000000E+00  0.00000000E+00  0.00000000E+00  0.10000000E+04  0.00000000E+00  0.12500000E+03 -0.00000000E+00  0.69999999E+00  0.10000000E+04
  0.52500000E+01 -0.25000000E+00  0.00000000E+00  0.00000000E+00  0.10000000E+04  0.00000000E+00  0.12500000E+03  0.00000000E+00  0.69999999E+00  0.10000000E+04
  0.57500000E+01 -0.25000000E+00  0.00000000E+00  0.00000000E+00  0.10000000E+04  0.00000000E+00  0.12500000E+03  0.00000000E+00  0.69999999E+00  0.10000000E+04
  0.62500000E+01 -0.25000000E+00  0.00000000E+00  0.00000000E+00  0.10000000E+04  0.00000000E+00  0.12500000E+03  0.00000000E+00  0.69999999E+00  0.10000000E+04
  0.67500000E+01 -0.25000000E+00  0.00000000E+00  0.00000000E+00  0.10000000E+04  0.00000000E+00  0.12500000E+03  0.00000000E+00  0.69999999E+00  0.10000000E+04
  0.72500000E+01 -0.25000000E+00  0.00000000E+00  0.00000000E+00  0.10000000E+04  0.00000000E+00  0.12500000E+03  0.00000000E+00  0.69999999E+00  0.10000000E+04
  0.77500000E+01 -0.25000000E+00  0.00000000E+00  0.00000000E+00  0.10000000E+04  0.00000000E+00  0.12500000E+03  0.00000000E+00  0.69999999E+00  0.10000000E+04
  0.40000000E+01  0.50000000E+00  0.00000000E+00  0.00000000E+00  0.10008708E+04  0.17130265E+04  0.12500000E+03 -0.12546997E-03  0.69999999E+00  0.10000001E+04
  0.37500000E+01  0.25000000E+00  0.00000000E+00  0.00000000E+00  0.10138225E+04  0.28270721E+05  0.12500000E+03 -0.50464127E-03  0.69999999E+00  0.10000006E+04
  0.40000000E+01  0.10000000E+01  0.00000000E+00  0.00000000E+00  0.10008397E+04  0.16516676E+04  0.12500000E+03 -0.10827374E-04  0.69999999E+00  0.10000000E+04
  0.37500000E+01  0.75000000E+00  0.00000000E+00  0.00000000E+00  0.10420856E+04  0.93759859E+05  0.12500000E+03  0.42161316E-03  0.69999999E+00  0.99999951E+03
  0.40000000E+01  0.15000000E+01  0.00000000E+00  0.00000000E+00  0.10003866E+04  0.75938110E+03  0.12500000E+03  0.17867738E-03  0.69999999E+00  0.99999982E+03
  0.37500000E+01  0.12500000E+01  0.00000000E+00  0.00000000E+00  0.10165331E+04  0.34091996E+05  0.12500000E+03  0.47089453E-03  0.69999999E+00  0.99999945E+03
  0.40000000E+01  0.20000000E+01  0.00000000E+00  0.00000000E+00  0.10000315E+04  0.61752430E+02  0.12500000E+03  0.31563177E-04  0.69999999E+00  0.99999994E+03
  0.37500000E+01  0.17500000E+01  0.00000000E+00  0.00000000E+00  0.10092427E+04  0.18644727E+05  0.12500000E+03  0.53545478E-03  0.69999999E+00  0.99999939E+03
  0.45000000E+01  0.50000000E+00  0.00000000E+00  0.00000000E+00  0.10000000E+04  0.00000000E+00  0.12500000E+03  0.00000000E+00  0.69999999E+00  0.10000000E+04
  0.42500000E+01  0.25000000E+00  0.00000000E+00  0.00000000E+00  0.10000018E+04  0.35083482E+01  0.12500000E+03 -0.74084828E-05  0.69999999E+00  0.10000000E+04
  0.45000000E+01  0.10000000E+01  0.00000000E+00  0.00000000E+00  0.10000000E+04  0.00000000E+00  0.12500000E+03  0.00000000E+00  0.69999999E+00  0.10000000E+04
  0.42500000E+01  0.75000000E+00  0.00000000E+00  0.00000000E+00  0.10000934E+04  0.18318608E+03  0.12500000E+03 -0.62608265E-05  0.69999999E+00  0.10000000E+04
  0.45000000E+01  0.15000000E+01  0.00000000E+00  0.00000000E+00  0.10000000E+04  0.00000000E+00  0.12500000E+03  0.00000000E+00  0.69999999E+00  0.10000000E+04
  0.42500000E+01  0.12500000E+01  0.00000000E+00  0.00000000E+00  0.10000045E+04  0.88878889E+01  0.12500000E+03  0.12300108E-04  0.69999999E+00  0.10000000E+04
  0.45000000E+01  0.20000000E+01  0.00000000E+00  0.00000000E+00  0.10000000E+04  0.00000000E+00  0.12500000E+03  0.00000000E+00  0.69999999E+00  0.10000000E+04
  0.42500000E+01  0.17500000E+01  0.00000000E+00  0.00000000E+00  0.10000000E+04  0.00000000E+00  0.12500000E+03  0.00000000E+00  0.69999999E+00  0.10000000E+04
  0.50000000E+01  0.50000000E+00  0.00000000E+00  0.00000000E+00  0.10000000E+04  0.00000000E+00  0.12500000E+03  0.00000000E+00  0.69999999E+00  0.10000000E+04
  0.47500000E+01  0.25000000E+00  0.00000000E+00  0.00000000E+00  0.10000000E+04  0.00000000E+00  0.12500000E+03  0.00000000E+00  0.69999999E+00  0.10000000E+04
  0.50000000E+01  0.10000000E+01  0.00000000E+00  0.00000000E+00  0.10000000E+04  0.00000000E+00  0.12500000E+03  0.00000000E+00  0.69999999E+00  0.10000000E+04
  0.47500000E+01  0.75000000E+00  0.00000000E+00  0.00000000E+00  0.10000000E+04  0.00000000E+00  0.12500000E+03  0.00000000E+00  0.69999999E+00  0.10000000E+04
  0.50000000E+01  0.15000000E+01  0.00000000E+00  0.00000000E+00  0.10000000E+04  0.00000000E+00  0.12500000E+03  0.00000000E+00  0.69999999E+00  0.10000000E+04
  0.47500000E+01  0.12500000E+01  0.00000000E+00  0.00000000E+00  0.10000000E+04  0.00000000E+00  0.12500000E+03  0.00000000E+00  0.69999999E+00  0.10000000E+04
  0.50000000E+01  0.20000000E+01  0.00000000E+00  0.00000000E+00  0.10000000E+04  0.00000000E+00  0.12500000E+03  0.00000000E+00  0.69999999E+00  0.10000000E+04
  0.47500000E+01  0.17500000E+01  0.00000000E+00  0.00000000E+00  0.10000000E+04  0.00000000E+00  0.12500000E+03  0.00000000E+00  0.69999999E+00  0.10000000E+04
  0.15575926E+01  0.88241637E+00  0.50647202E+01  0.31043148E+01  0.95176263E+03 -0.81995422E+05  0.12576698E+03  0.12576674E+03  0.10000000E+01  0.00000000E+00
  0.93506384E+00  0.89847374E+00  0.11492997E+01  0.10397055E+01  0.10314719E+04  0.67893602E+05  0.12561582E+03  0.12561256E+03  0.10000000E+01  0.00000000E+00
  0.86868441E+00  0.85865426E+00  0.23695893E+01 -0.14691758E+01  0.10192723E+04  0.40070090E+05  0.12546356E+03  0.12546356E+03  0.10000000E+01  0.00000000E+00
  0.96517295E+00  0.14369599E+01  0.41863196E-01  0.65018666E+00  0.10030554E+04  0.60497925E+04  0.12531018E+03  0.12531018E+03  0.10000000E+01  0.00000000E+00
  0.87772095E+00  0.14293172E+01 -0.13280055E+00  0.21279174E+00  0.10038407E+04  0.76228052E+04  0.12515567E+03  0.12515567E+03  0.10000000E+01  0.00000000E+00
  0.22817783E+01  0.13049185E+01  0.16898955E+01  0.10883758E+01  0.10071365E+04  0.14305103E+05  0.12500000E+03  0.12500000E+03  0.10000000E+01  0.00000000E+00
  0.16722434E+01  0.42909241E+00  0.62449121E+01  0.48698072E+01  0.10108548E+04  0.22003414E+05  0.12576698E+03  0.12575497E+03  0.10000000E+01  0.00000000E+00
  0.10976402E+01  0.89048213E+00  0.79801607E+00  0.20784657E+01  0.10257544E+04  0.54606336E+05  0.12561582E+03  0.12560624E+03  0.10000000E+01  0.00000000E+00
  0.14127598E+01  0.75514364E+00  0.15547439E+00 -0.41002518E+00  0.98466162E+03 -0.28743955E+05  0.12546356E+03  0.12546037E+03  0.10000000E+01  0.00000000E+00
  0.86721873E+00  0.87958086E+00  0.25284119E+01 -0.23277855E+01  0.99786493E+03 -0.41623252E+04  0.12531018E+03  0.12531018E+03  0.10000000E+01  0.00000000E+00
  0.13971629E+01  0.12028595E+01  0.80804072E-01  0.14484043E+01  0.10346737E+04  0.75529742E+05  0.12515567E+03  0.12515567E+03  0.10000000E+01  0.00000000E+00
  0.91405523E+00  0.15815976E+01 -0.14392219E+01  0.76635942E-01  0.99078735E+03 -0.17583301E+05  0.12500000E+03  0.12500000E+03  0.10000000E+01  0.00000000E+00
  0.19455967E+01  0.42096999E+00 -0.97732890E+00  0.22748098E+01  0.98614758E+03 -0.26074699E+05  0.12576698E+03  0.12575644E+03  0.10000000E+01  0.00000000E+00
  0.21845257E+01  0.48905385E+00  0.26194483E+00  0.41376971E-01  0.10179148E+04  0.37095254E+05  0.12561582E+03  0.12561089E+03  0.10000000E+01  0.00000000E+00
  0.25447593E+01  0.65875804E+00  0.55349964E+00  0.36128515E+00  0.99580902E+03 -0.81200410E+04  0.12546356E+03  0.12546005E+03  0.10000000E+01  0.00000000E+00
  0.22972739E+01  0.71658671E+00  0.10829524E+01 -0.61060143E+00  0.10223674E+04  0.46941781E+05  0.12531018E+03  0.12531018E+03  0.10000000E+01  0.00000000E+00
  0.28488703E+01  0.63647068E+00 -0.77302778E+00 -0.11449884E+01  0.99844495E+03 -0.30367642E+04  0.12515567E+03  0.12515559E+03  0.10000000E+01  0.00000000E+00
  0.22351258E+01  0.12922559E+01  0.11740839E+01  0.73875320E+00  0.10053314E+04  0.10628998E+05  0.12500000E+03  0.12500000E+03  0.10000000E+01  0.00000000E+00
  0.17054088E+01  0.59977382E+00 -0.17119777E+01  0.28534751E+01  0.10102616E+04  0.20763883E+05  0.12576698E+03  0.12576566E+03  0.10000000E+01  0.00000000E+00
  0.21148896E+01  0.68164462E+00 -0.17897366E+01  0.17056096E+00  0.10504359E+04  0.11525196E+06  0.12561582E+03  0.12561221E+03  0.10000000E+01  0.00000000E+00
  0.29210153E+01  0.77434802E+00 -0.14018430E+01  0.63806105E+00  0.10112675E+04  0.22868133E+05  0.12546356E+03  0.12546202E+03  0.10000000E+01  0.00000000E+00
  0.28161302E+01  0.82351160E+00 -0.88844824E+00  0.11987525E+01  0.99289490E+03 -0.13646583E+05  0.12531018E+03  0.12530890E+03  0.10000000E+01  0.00000000E+00
  0.25429382E+01  0.14917059E+01 -0.61990356E+00  0.11852325E+01  0.99707678E+03 -0.56852480E+04  0.12515567E+03  0.12515567E+03  0.10000000E+01  0.00000000E+00
  0.28723407E+01  0.13308761E+01 -0.37536752E+00  0.21864229E+00  0.10063992E+04  0.12798756E+05  0.12500000E+03  0.12500012E+03  0.10000000E+01  0.00000000E+00
  0.15263608E+01  0.12751729E+01  0.92738599E-01  0.13836970E+01  0.10229443E+04  0.48236668E+05  0.12561582E+03  0.12561399E+03  0.10000000E+01  0.00000000E+00
  0.27713618E+01  0.14337627E+01 -0.64652127E+00  0.95125186E+00  0.10049976E+04  0.99535527E+04  0.12531018E+03  0.12531004E+03  0.10000000E+01  0.00000000E+00
  0.17769418E+01  0.15833032E+01 -0.52327061E+00  0.10113059E+01  0.99980493E+03 -0.38253479E+03  0.12500000E+03  0.12500000E+03  0.10000000E+01  0.00000000E+00
