  0.00000000E+00  0.00000000E+00  0.00000000E+00  0.00000000E+00  0.10014541E+04  0.28654495E+04  0.12500000E+03  0.25644402E-02  0.69999999E+00  0.99999707E+03
  0.00000000E+00  0.50000000E+00  0.00000000E+00  0.00000000E+00  0.10120332E+04  0.24478770E+05  0.12500000E+03  0.35835402E-02  0.69999999E+00  0.99999585E+03
  0.00000000E+00  0.10000000E+01  0.00000000E+00  0.00000000E+00  0.10077960E+04  0.15658274E+05  0.12500000E+03  0.39418535E-02  0.69999999E+00  0.99999548E+03
  0.00000000E+00  0.15000000E+01  0.00000000E+00  0.00000000E+00  0.10280419E+04  0.59869000E+05  0.12500000E+03  0.13948129E-02  0.69999999E+00  0.99999835E+03
  0.00000000E+00  0.20000000E+01  0.00000000E+00  0.00000000E+00  0.10201051E+04  0.41906816E+05  0.12500000E+03 -0.19075102E-02  0.69999999E+00  0.10000022E+04
  0.00000000E+00  0.25000000E+01  0.00000000E+00  0.00000000E+00  0.10034469E+04  0.68332266E+04  0.12500000E+03  0.51974104E-03  0.69999999E+00  0.99999939E+03
  0.00000000E+00  0.30000000E+01  0.00000000E+00  0.00000000E+00  0.10000026E+04  0.51455903E+01  0.12500000E+03  0.38292605E-04  0.69999999E+00  0.99999994E+03
  0.00000000E+00  0.35000000E+01  0.00000000E+00  0.00000000E+00  0.10000000E+04  0.00000000E+00  0.12500000E+03  0.00000000E+00  0.69999999E+00  0.10000000E+04
  0.00000000E+00  0.40000000E+01  0.00000000E+00  0.00000000E+00  0.10000000E+04  0.00000000E+00  0.12500000E+03  0.00000000E+00  0.69999999E+00  0.10000000E+04
 -0.25000000E+00 -0.25000000E+00  0.00000000E+00  0.00000000E+00  0.10006414E+04  0.12607445E+04  0.12500000E+03  0.52005530E-03  0.69999999E+00  0.99999939E+03
 -0.25000000E+00  0.25000000E+00  0.00000000E+00  0.00000000E+00  0.10005758E+04  0.11316353E+04  0.12500000E+03  0.11732010E-02  0.69999999E+00  0.99999866E+03
 -0.25000000E+00  0.75000000E+00  0.00000000E+00  0.00000000E+00  0.10017372E+04  0.34262744E+04  0.12500000E+03  0.57461963E-03  0.69999999E+00  0.99999933E+03
 -0.25000000E+00  0.12500000E+01  0.00000000E+00  0.00000000E+00  0.10018528E+04  0.36553643E+04  0.12500000E+03  0.12175576E-02  0.69999999E+00  0.99999860E+03
 -0.25000000E+00  0.17500000E+01  0.00000000E+00  0.00000000E+00  0.10013394E+04  0.26383206E+04  0.12500000E+03 -0.41237968E-03  0.69999999E+00  0.10000005E+04
 -0.25000000E+00  0.22500000E+01  0.00000000E+00  0.00000000E+00  0.10015139E+04  0.29839109E+04  0.12500000E+03 -0.18548567E-03  0.69999999E+00  0.10000002E+04
 -0.25000000E+00  0.27500000E+01  0.00000000E+00  0.00000000E+00  0.10000007E+04  0.14033347E+01  0.12500000E+03  0.17473474E-04  0.69999999E+00  0.10000000E+04
 -0.25000000E+00  0.32500000E+01  0.00000000E+00  0.00000000E+00  0.10000000E+04  0.00000000E+00  0.12500000E+03  0.68551521E-41  0.69999999E+00  0.10000000E+04
 -0.25000000E+00  0.37500000E+01  0.00000000E+00  0.00000000E+00  0.10000000E+04  0.00000000E+00  0.12500000E+03  0.00000000E+00  0.69999999E+00  0.10000000E+04
  0.80000000E+01  0.00000000E+00  0.00000000E+00  0.00000000E+00  0.10000000E+04  0.00000000E+00  0.12500000E+03  0.00000000E+00  0.69999999E+00  0.10000000E+04
  0.80000000E+01  0.50000000E+00  0.00000000E+00  0.00000000E+00  0.10000000E+04  0.00000000E+00  0.12500000E+03  0.00000000E+00  0.69999999E+00  0.10000000E+04
  0.80000000E+01  0.10000000E+01  0.00000000E+00  0.00000000E+00  0.10000000E+04  0.00000000E+00  0.12500000E+03  0.00000000E+00  0.69999999E+00  0.10000000E+04
  0.80000000E+01  0.15000000E+01  0.00000000E+00  0.00000000E+00  0.10000000E+04  0.00000000E+00  0.12500000E+03  0.00000000E+00  0.69999999E+00  0.10000000E+04
  0.80000000E+01  0.20000000E+01  0.00000000E+00  0.00000000E+00  0.10000000E+04  0.00000000E+00  0.12500000E+03  0.00000000E+00  0.69999999E+00  0.10000000E+04
  0.80000000E+01  0.25000000E+01  0.00000000E+00  0.00000000E+00  0.10000000E+04  0.00000000E+00  0.12500000E+03  0.00000000E+00  0.69999999E+00  0.10000000E+04
  0.80000000E+01  0.30000000E+01  0.00000000E+00  0.00000000E+00  0.10000000E+04  0.00000000E+00  0.12500000E+03  0.00000000E+00  0.69999999E+00  0.10000000E+04
  0.80000000E+01  0.35000000E+01  0.00000000E+00  0.00000000E+00  0.10000000E+04  0.00000000E+00  0.12500000E+03  0.00000000E+00  0.69999999E+00  0.10000000E+04
  0.80000000E+01  0.40000000E+01  0.00000000E+00  0.00000000E+00  0.10000000E+04  0.00000000E+00  0.12500000E+03  0.00000000E+00  0.69999999E+00  0.10000000E+04
  0.82500000E+01 -0.25000000E+00  0.00000000E+00  0.00000000E+00  0.10000000E+04  0.00000000E+00  0.12500000E+03  0.00000000E+00  0.69999999E+00  0.10000000E+04
  0.82500000E+01  0.25000000E+00  0.00000000E+00  0.00000000E+00  0.10000000E+04  0.00000000E+00  0.12500000E+03  0.00000000E+00  0.69999999E+00  0.10000000E+04
  0.82500000E+01  0.75000000E+00  0.00000000E+00  0.00000000E+00  0.10000000E+04  0.00000000E+00  0.12500000E+03  0.00000000E+00  0.69999999E+00  0.10000000E+04
  0.82500000E+01  0.12500000E+01  0.00000000E+00  0.00000000E+00  0.10000000E+04  0.00000000E+00  0.12500000E+03  0.00000000E+00  0.69999999E+00  0.10000000E+04
  0.82500000E+01  0.17500000E+01  0.00000000E+00  0.00000000E+00  0.10000000E+04  0.00000000E+00  0.12500000E+03  0.00000000E+00  0.69999999E+00  0.10000000E+04
  0.82500000E+01  0.22500000E+01  0.00000000E+00  0.00000000E+00  0.10000000E+04  0.00000000E+00  0.12500000E+03  0.00000000E+00  0.69999999E+00  0.10000000E+04
  0.82500000E+01  0.27500000E+01  0.00000000E+00  0.00000000E+00  0.10000000E+04  0.00000000E+00  0.12500000E+03  0.00000000E+00  0.69999999E+00  0.10000000E+04
  0.82500000E+01  0.32500000E+01  0.00000000E+00  0.00000000E+00  0.10000000E+04  0.00000000E+00  0.12500000E+03  0.00000000E+00  0.69999999E+00  0.10000000E+04
  0.82500000E+01  0.37500000E+01  0.00000000E+00  0.00000000E+00  0.10000000E+04  0.00000000E+00  0.12500000E+03  0.00000000E+00  0.69999999E+00  0.10000000E+04
  0.50000000E+00  0.00000000E+00  0.00000000E+00  0.00000000E+00  0.10506493E+04  0.11581475E+06  0.12500000E+03  0.13182413E-01  0.69999999E+00  0.99998419E+03
  0.10000000E+01  0.00000000E+00  0.00000000E+00  0.00000000E+00  0.10608135E+04  0.14342947E+06  0.12500000E+03  0.79668351E-02  0.69999999E+00  0.99999036E+03
  0.15000000E+01  0.00000000E+00  0.00000000E+00  0.00000000E+00  0.10216152E+04  0.45260449E+05  0.12500000E+03  0.23034025E-01  0.69999999E+00  0.99997308E+03
  0.20000000E+01  0.00000000E+00  0.00000000E+00  0.00000000E+00  0.11373696E+04  0.40981481E+06  0.12500000E+03  0.26497791E-01  0.69999999E+00  0.99996558E+03
  0.25000000E+01  0.00000000E+00  0.00000000E+00  0.00000000E+00  0.10414550E+04  0.92178258E+05  0.12500000E+03  0.85869599E-02  0.69999999E+00  0.99998981E+03
  0.30000000E+01  0.00000000E+00  0.00000000E+00  0.00000000E+00  0.10547644E+04  0.12680311E+06  0.12500000E+03  0.10224804E-01  0.69999999E+00  0.99998767E+03
  0.35000000E+01  0.00000000E+00  0.00000000E+00  0.00000000E+00  0.10063600E+04  0.12718813E+05  0.12500000E+03  0.42576939E-02  0.69999999E+00  0.99999512E+03
  0.40000000E+01  0.00000000E+00  0.00000000E+00  0.00000000E+00  0.10000137E+04  0.26898298E+02  0.12500000E+03 -0.68247195E-04  0.69999999E+00  0.10000001E+04
  0.45000000E+01  0.00000000E+00  0.00000000E+00  0.00000000E+00  0.10000000E+04  0.00000000E+00  0.12500000E+03  0.41368573E-39  0.69999999E+00  0.10000000E+04
  0.50000000E+01  0.00000000E+00  0.00000000E+00  0.00000000E+00  0.10000000E+04  0.00000000E+00  0.12500000E+03 -0.14909816E-41  0.69999999E+00  0.10000000E+04
  0.55000000E+01  0.00000000E+00  0.00000000E+00  0.00000000E+00  0.10000000E+04  0.00000000E+00  0.12500000E+03  0.00000000E+00  0.69999999E+00  0.10000000E+04
  0.60000000E+01  0.00000000E+00  0.00000000E+00  0.00000000E+00  0.10000000E+04  0.00000000E+00  0.12500000E+03  0.00000000E+00  0.69999999E+00  0.10000000E+04
  0.65000000E+01  0.00000000E+00  0.00000000E+00  0.00000000E+00  0.10000000E+04  0.00000000E+00  0.12500000E+03  0.00000000E+00  0.69999999E+00  0.10000000E+04
  0.70000000E+01  0.00000000E+00  0.00000000E+00  0.00000000E+00  0.10000000E+04  0.00000000E+00  0.12500000E+03  0.00000000E+00  0.69999999E+00  0.10000000E+04
  0.75000000E+01  0.00000000E+00  0.00000000E+00  0.00000000E+00  0.10000000E+04  0.00000000E+00  0.12500000E+03  0.00000000E+00  0.69999999E+00  0.10000000E+04
  0.25000000E+00 -0.25000000E+00  0.00000000E+00  0.00000000E+00  0.10058137E+04  0.11607396E+05  0.12500000E+03  0.34112809E-02  0.69999999E+00  0.99999609E+03
  0.75000000E+00 -0.25000000E+00  0.00000000E+00  0.00000000E+00  0.10271333E+04  0.57770375E+05  0.12500000E+03  0.93900245E-02  0.69999999E+00  0.99998895E+03
  0.12500000E+01 -0.25000000E+00  0.00000000E+00  0.00000000E+00  0.10086476E+04  0.17413070E+05  0.12500000E+03  0.75032059E-02  0.69999999E+00  0.99999133E+03
  0.17500000E+01 -0.25000000E+00  0.00000000E+00  0.00000000E+00  0.10147554E+04  0.30263521E+05  0.12500000E+03  0.11366012E-01  0.69999999E+00  0.99998682E+03
  0.22500000E+01 -0.25000000E+00  0.00000000E+00  0.00000000E+00  0.10010337E+04  0.20343481E+04  0.12500000E+03  0.11311483E-01  0.69999999E+00  0.99998706E+03
  0.27500000E+01 -0.25000000E+00  0.00000000E+00  0.00000000E+00  0.10051217E+04  0.10204517E+05  0.12500000E+03  0.55541480E-02  0.69999999E+00  0.99999359E+03
  0.32500000E+01 -0.25000000E+00  0.00000000E+00  0.00000000E+00  0.10017952E+04  0.35411543E+04  0.12500000E+03  0.38688043E-02  0.69999999E+00  0.99999554E+03
  0.37500000E+01 -0.25000000E+00  0.00000000E+00  0.00000000E+00  0.10000070E+04  0.13565822E+02  0.12500000E+03 -0.15635355E-03  0.69999999E+00  0.10000002E+04
  0.42500000E+01 -0.25000000E+00  0.00000000E+00  0.00000000E+00  0.10000000E+04  0.00000000E+00  0.12500000E+03 -0.15498158E-35  0.69999999E+00  0.10000000E+04
  0.47500000E+01 -0.25000000E+00  0.00000000E+00  0.00000000E+00  0.10000000E+04  0.00000000E+00  0.12500000E+03 -0.94555136E-39  0.69999999E+00  0.10000000E+04
  0.52500000E+01 -0.25000000E+00  0.00000000E+00  0.00000000E+00  0.10000000E+04  0.00000000E+00  0.12500000E+03  0.00000000E+00  0.69999999E+00  0.10000000E+04
  0.57500000E+01 -0.25000000E+00  0.00000000E+00  0.00000000E+00  0.10000000E+04  0.00000000E+00  0.12500000E+03  0.00000000E+00  0.69999999E+00  0.10000000E+04
  0.62500000E+01 -0.25000000E+00  0.00000000E+00  0.00000000E+00  0.10000000E+04  0.00000000E+00  0.12500000E+03  0.00000000E+00  0.69999999E+00  0.10000000E+04
  0.67500000E+01 -0.25000000E+00  0.00000000E+00  0.00000000E+00  0.10000000E+04  0.00000000E+00  0.12500000E+03  0.00000000E+00  0.69999999E+00  0.10000000E+04
  0.72500000E+01 -0.25000000E+00  0.00000000E+00  0.00000000E+00  0.10000000E+04  0.00000000E+00  0.12500000E+03  0.00000000E+00  0.69999999E+00  0.10000000E+04
  0.77500000E+01 -0.25000000E+00  0.00000000E+00  0.00000000E+00  0.10000000E+04  0.00000000E+00  0.12500000E+03  0.00000000E+00  0.69999999E+00  0.10000000E+04
  0.40000000E+01  0.50000000E+00  0.00000000E+00  0.00000000E+00  0.10010214E+04  0.20101086E+04  0.12500000E+03 -0.44229714E-03  0.69999999E+00  0.10000005E+04
  0.37500000E+01  0.25000000E+00  0.00000000E+00  0.00000000E+00  0.10050117E+04  0.99819912E+04  0.12500000E+03 -0.20013265E-02  0.69999999E+00  0.10000023E+04
  0.40000000E+01  0.10000000E+01  0.00000000E+00  0.00000000E+00  0.10018145E+04  0.35794563E+04  0.12500000E+03 -0.13122705E-03  0.69999999E+00  0.10000001E+04
  0.37500000E+01  0.75000000E+00  0.00000000E+00  0.00000000E+00  0.10419922E+04  0.93525398E+05  0.12500000E+03  0.10170890E-02  0.69999999E+00  0.99999878E+03
  0.40000000E+01  0.15000000E+01  0.00000000E+00  0.00000000E+00  0.10001360E+04  0.26697586E+03  0.12500000E+03  0.48506970E-03  0.69999999E+00  0.99999945E+03
  0.37500000E+01  0.12500000E+01  0.00000000E+00  0.00000000E+00  0.10270817E+04  0.57651199E+05  0.12500000E+03  0.11851578E-02  0.69999999E+00  0.99999860E+03
  0.40000000E+01  0.20000000E+01  0.00000000E+00  0.00000000E+00  0.10010588E+04  0.20840093E+04  0.12500000E+03  0.32398361E-03  0.69999999E+00  0.99999963E+03
  0.37500000E+01  0.17500000E+01  0.00000000E+00  0.00000000E+00  0.10223021E+04  0.46795715E+05  0.12500000E+03  0.23015721E-02  0.69999999E+00  0.99999731E+03
  0.45000000E+01  0.50000000E+00  0.00000000E+00  0.00000000E+00  0.10000000E+04  0.00000000E+00  0.12500000E+03  0.27861933E-38  0.69999999E+00  0.10000000E+04
  0.42500000E+01  0.25000000E+00  0.00000000E+00  0.00000000E+00  0.10000018E+04  0.35083482E+01  0.12500000E+03 -0.74084828E-05  0.69999999E+00  0.10000000E+04
  0.45000000E+01  0.10000000E+01  0.00000000E+00  0.00000000E+00  0.10000000E+04  0.00000000E+00  0.12500000E+03 -0.23766022E-41  0.69999999E+00  0.10000000E+04
  0.42500000E+01  0.75000000E+00  0.00000000E+00  0.00000000E+00  0.10000916E+04  0.17967581E+03  0.12500000E+03 -0.20551628E-04  0.69999999E+00  0.10000000E+04
  0.45000000E+01  0.15000000E+01  0.00000000E+00  0.00000000E+00  0.10000000E+04  0.00000000E+00  0.12500000E+03 -0.86348011E-41  0.69999999E+00  0.10000000E+04
  0.42500000E+01  0.12500000E+01  0.00000000E+00  0.00000000E+00  0.10000066E+04  0.12864128E+02  0.12500000E+03  0.64903998E-05  0.69999999E+00  0.10000000E+04
  0.45000000E+01  0.20000000E+01  0.00000000E+00  0.00000000E+00  0.10000000E+04  0.00000000E+00  0.12500000E+03  0.83713570E-41  0.69999999E+00  0.10000000E+04
  0.42500000E+01  0.17500000E+01  0.00000000E+00  0.00000000E+00  0.10000031E+04  0.60811610E+01  0.12500000E+03 -0.35628464E-05  0.69999999E+00  0.10000000E+04
  0.50000000E+01  0.50000000E+00  0.00000000E+00  0.00000000E+00  0.10000000E+04  0.00000000E+00  0.12500000E+03  0.13564569E-41  0.69999999E+00  0.10000000E+04
  0.47500000E+01  0.25000000E+00  0.00000000E+00  0.00000000E+00  0.10000000E+04  0.00000000E+00  0.12500000E+03  0.93527704E-39  0.69999999E+00  0.10000000E+04
  0.50000000E+01  0.10000000E+01  0.00000000E+00  0.00000000E+00  0.10000000E+04  0.00000000E+00  0.12500000E+03 -0.00000000E+00  0.69999999E+00  0.10000000E+04
  0.47500000E+01  0.75000000E+00  0.00000000E+00  0.00000000E+00  0.10000000E+04  0.00000000E+00  0.12500000E+03  0.15077971E-41  0.69999999E+00  0.10000000E+04
  0.50000000E+01  0.15000000E+01  0.00000000E+00  0.00000000E+00  0.10000000E+04  0.00000000E+00  0.12500000E+03 -0.61825288E-41  0.69999999E+00  0.10000000E+04
  0.47500000E+01  0.12500000E+01  0.00000000E+00  0.00000000E+00  0.10000000E+04  0.00000000E+00  0.12500000E+03 -0.60171756E-41  0.69999999E+00  0.10000000E+04
  0.50000000E+01  0.20000000E+01  0.00000000E+00  0.00000000E+00  0.10000000E+04  0.00000000E+00  0.12500000E+03  0.58742432E-41  0.69999999E+00  0.10000000E+04
  0.47500000E+01  0.17500000E+01  0.00000000E+00  0.00000000E+00  0.10000000E+04  0.00000000E+00  0.12500000E+03 -0.00000000E+00  0.69999999E+00  0.10000000E+04
  0.27561519E+01  0.83994150E+00  0.47973418E+00  0.41076249E+00  0.10023018E+04  0.45474614E+04  0.12576698E+03  0.12576656E+03  0.10000000E+01  0.00000000E+00
  0.82687902E+00  0.12891918E+01  0.68337840E+00  0.59845436E+00  0.99637543E+03 -0.70345225E+04  0.12561582E+03  0.12561256E+03  0.10000000E+01  0.00000000E+00
  0.17284939E+01  0.94811726E+00  0.41849405E+00 -0.34161985E+00  0.10097286E+04  0.19653617E+05  0.12546356E+03  0.12546323E+03  0.10000000E+01  0.00000000E+00
  0.23602998E+01  0.17340169E+01  0.19644830E+01  0.78591001E+00  0.10042338E+04  0.84130449E+04  0.12531018E+03  0.12531027E+03  0.10000000E+01  0.00000000E+00
  0.27935600E+01  0.15203592E+01 -0.62925808E-01  0.72826958E+00  0.99764050E+03 -0.45967173E+04  0.12515567E+03  0.12515567E+03  0.10000000E+01  0.00000000E+00
  0.24980745E+01  0.16920583E+01  0.11994300E+01  0.95657063E+00  0.10025419E+04  0.50253999E+04  0.12500000E+03  0.12500000E+03  0.10000000E+01  0.00000000E+00
  0.28102384E+01  0.91772115E+00 -0.29621482E+00  0.78775547E-01  0.10014310E+04  0.28196809E+04  0.12576698E+03  0.12575461E+03  0.10000000E+01  0.00000000E+00
  0.85399616E+00  0.99033225E+00  0.48332995E+00 -0.59219670E+00  0.99374225E+03 -0.12049645E+05  0.12561582E+03  0.12560624E+03  0.10000000E+01  0.00000000E+00
  0.98580885E+00  0.90243733E+00 -0.79563242E+00  0.24262674E+00  0.99555719E+03 -0.86014707E+04  0.12546356E+03  0.12546037E+03  0.10000000E+01  0.00000000E+00
  0.28460467E+01  0.12216312E+01  0.62120147E-01 -0.30427915E+00  0.10021315E+04  0.42087646E+04  0.12531018E+03  0.12531038E+03  0.10000000E+01  0.00000000E+00
  0.12228681E+01  0.89216685E+00  0.44005997E-02 -0.11717737E+00  0.99675330E+03 -0.63083628E+04  0.12515567E+03  0.12515535E+03  0.10000000E+01  0.00000000E+00
  0.73429739E+00  0.82704091E+00 -0.17686421E+00  0.28726685E+00  0.10050075E+04  0.99735557E+04  0.12500000E+03  0.12500000E+03  0.10000000E+01  0.00000000E+00
  0.21336672E+01  0.10093220E+01  0.54450952E-01  0.18812962E-01  0.10096697E+04  0.19531436E+05  0.12576698E+03  0.12575644E+03  0.10000000E+01  0.00000000E+00
  0.27657096E+01  0.86621428E+00 -0.11814922E+00  0.24646893E+00  0.10020503E+04  0.40474780E+04  0.12561582E+03  0.12561059E+03  0.10000000E+01  0.00000000E+00
  0.27032347E+01  0.14037408E+01  0.28536263E+00  0.32091734E+00  0.10018182E+04  0.35867864E+04  0.12546356E+03  0.12546005E+03  0.10000000E+01  0.00000000E+00
  0.16752346E+01  0.94027889E+00 -0.63912737E+00 -0.86338031E+00  0.10122788E+04  0.24996807E+05  0.12531018E+03  0.12531018E+03  0.10000000E+01  0.00000000E+00
  0.29392915E+01  0.80911422E+00 -0.93212754E+00 -0.72269660E+00  0.10039256E+04  0.77932520E+04  0.12515567E+03  0.12515553E+03  0.10000000E+01  0.00000000E+00
  0.10505345E+01  0.15195191E+01 -0.25987953E+00  0.64459190E-01  0.99287317E+03 -0.13687365E+05  0.12500000E+03  0.12500403E+03  0.10000000E+01  0.00000000E+00
  0.87238455E+00  0.14180423E+01  0.43155178E-01  0.50579056E-01  0.99440021E+03 -0.10803942E+05  0.12576698E+03  0.12576566E+03  0.10000000E+01  0.00000000E+00
  0.25043540E+01  0.94991279E+00 -0.88707519E+00  0.92631310E+00  0.99983795E+03 -0.31781705E+03  0.12561582E+03  0.12561228E+03  0.10000000E+01  0.00000000E+00
  0.16666026E+01  0.12051203E+01 -0.49306393E+00 -0.11661126E+00  0.99877466E+03 -0.23953215E+04  0.12546356E+03  0.12546202E+03  0.10000000E+01  0.00000000E+00
  0.22478750E+01  0.97303259E+00  0.37654713E+00 -0.71299636E+00  0.10072311E+04  0.14498960E+05  0.12531018E+03  0.12530890E+03  0.10000000E+01  0.00000000E+00
  0.19856311E+01  0.18127196E+01  0.10315711E+01 -0.79576898E+00  0.10019343E+04  0.38171704E+04  0.12515567E+03  0.12515567E+03  0.10000000E+01  0.00000000E+00
  0.15021362E+01  0.86792314E+00  0.37836468E+00 -0.62421554E+00  0.10048334E+04  0.96216318E+04  0.12500000E+03  0.12500012E+03  0.10000000E+01  0.00000000E+00
  0.10512536E+01  0.15216236E+01  0.95231280E-01  0.29329255E-01  0.99235150E+03 -0.14666437E+05  0.12561582E+03  0.12560989E+03  0.10000000E+01  0.00000000E+00
  0.17928237E+01  0.17595654E+01  0.68500853E+00 -0.15492873E+01  0.10048635E+04  0.96825479E+04  0.12531018E+03  0.12531004E+03  0.10000000E+01  0.00000000E+00
  0.21066353E+01  0.20577185E+01  0.32326168E+00 -0.53982764E+00  0.99907043E+03 -0.18187850E+04  0.12500000E+03  0.12500000E+03  0.10000000E+01  0.00000000E+00
