  0.00000000E+00  0.00000000E+00  0.00000000E+00  0.00000000E+00  0.10016495E+04  0.32523760E+04  0.12500000E+03  0.19521737E-02  0.69999999E+00  0.99999774E+03
  0.00000000E+00  0.50000000E+00  0.00000000E+00  0.00000000E+00  0.10231053E+04  0.48598895E+05  0.12500000E+03  0.15596261E-02  0.69999999E+00  0.99999817E+03
  0.00000000E+00  0.10000000E+01  0.00000000E+00  0.00000000E+00  0.10613732E+04  0.14499681E+06  0.12500000E+03  0.24445702E-02  0.69999999E+00  0.99999701E+03
  0.00000000E+00  0.15000000E+01  0.00000000E+00  0.00000000E+00  0.10382040E+04  0.84115414E+05  0.12500000E+03  0.90537244E-03  0.69999999E+00  0.99999890E+03
  0.00000000E+00  0.20000000E+01  0.00000000E+00  0.00000000E+00  0.10093304E+04  0.18826686E+05  0.12500000E+03 -0.73665474E-03  0.69999999E+00  0.10000009E+04
  0.00000000E+00  0.25000000E+01  0.00000000E+00  0.00000000E+00  0.10003000E+04  0.58922784E+03  0.12500000E+03  0.14018946E-03  0.69999999E+00  0.99999982E+03
  0.00000000E+00  0.30000000E+01  0.00000000E+00  0.00000000E+00  0.10000000E+04  0.00000000E+00  0.12500000E+03  0.00000000E+00  0.69999999E+00  0.10000000E+04
  0.00000000E+00  0.35000000E+01  0.00000000E+00  0.00000000E+00  0.10000000E+04  0.00000000E+00  0.12500000E+03  0.00000000E+00  0.69999999E+00  0.10000000E+04
  0.00000000E+00  0.40000000E+01  0.00000000E+00  0.00000000E+00  0.10000000E+04  0.00000000E+00  0.12500000E+03  0.00000000E+00  0.69999999E+00  0.10000000E+04
 -0.25000000E+00 -0.25000000E+00  0.00000000E+00  0.00000000E+00  0.10006414E+04  0.12607445E+04  0.12500000E+03  0.52005530E-03  0.69999999E+00  0.99999939E+03
 -0.25000000E+00  0.25000000E+00  0.00000000E+00  0.00000000E+00  0.10014458E+04  0.28489343E+04  0.12500000E+03  0.78421464E-03  0.69999999E+00  0.99999908E+03
 -0.25000000E+00  0.75000000E+00  0.00000000E+00  0.00000000E+00  0.10052222E+04  0.10407883E+05  0.12500000E+03  0.38780352E-04  0.69999999E+00  0.99999994E+03
 -0.25000000E+00  0.12500000E+01  0.00000000E+00  0.00000000E+00  0.10057303E+04  0.11438164E+05  0.12500000E+03  0.80639991E-03  0.69999999E+00  0.99999908E+03
 -0.25000000E+00  0.17500000E+01  0.00000000E+00  0.00000000E+00  0.10008569E+04  0.16855194E+04  0.12500000E+03 -0.21763903E-03  0.69999999E+00  0.10000002E+04
 -0.25000000E+00  0.22500000E+01  0.00000000E+00  0.00000000E+00  0.10004747E+04  0.93267188E+03  0.12500000E+03 -0.90573652E-04  0.69999999E+00  0.10000001E+04
 -0.25000000E+00  0.27500000E+01  0.00000000E+00  0.00000000E+00  0.10000000E+04  0.00000000E+00  0.12500000E+03  0.00000000E+00  0.69999999E+00  0.10000000E+04
 -0.25000000E+00  0.32500000E+01  0.00000000E+00  0.00000000E+00  0.10000000E+04  0.00000000E+00  0.12500000E+03  0.00000000E+00  0.69999999E+00  0.10000000E+04
 -0.25000000E+00  0.37500000E+01  0.00000000E+00  0.00000000E+00  0.10000000E+04  0.00000000E+00  0.12500000E+03  0.00000000E+00  0.69999999E+00  0.10000000E+04
  0.80000000E+01  0.00000000E+00  0.00000000E+00  0.00000000E+00  0.10000000E+04  0.00000000E+00  0.12500000E+03  0.00000000E+00  0.69999999E+00  0.10000000E+04
  0.80000000E+01  0.50000000E+00  0.00000000E+00  0.00000000E+00  0.10000000E+04  0.00000000E+00  0.12500000E+03  0.00000000E+00  0.69999999E+00  0.10000000E+04
  0.80000000E+01  0.10000000E+01  0.00000000E+00  0.00000000E+00  0.10000000E+04  0.00000000E+00  0.12500000E+03  0.00000000E+00  0.69999999E+00  0.10000000E+04
  0.80000000E+01  0.15000000E+01  0.00000000E+00  0.00000000E+00  0.10000000E+04  0.00000000E+00  0.12500000E+03  0.00000000E+00  0.69999999E+00  0.10000000E+04
  0.80000000E+01  0.20000000E+01  0.00000000E+00  0.00000000E+00  0.10000000E+04  0.00000000E+00  0.12500000E+03  0.00000000E+00  0.69999999E+00  0.10000000E+04
  0.80000000E+01  0.25000000E+01  0.00000000E+00  0.00000000E+00  0.10000000E+04  0.00000000E+00  0.12500000E+03  0.00000000E+00  0.69999999E+00  0.10000000E+04
  0.80000000E+01  0.30000000E+01  0.00000000E+00  0.00000000E+00  0.10000000E+04  0.00000000E+00  0.12500000E+03  0.00000000E+00  0.69999999E+00  0.10000000E+04
  0.80000000E+01  0.35000000E+01  0.00000000E+00  0.00000000E+00  0.10000000E+04  0.00000000E+00  0.12500000E+03  0.00000000E+00  0.69999999E+00  0.10000000E+04
  0.80000000E+01  0.40000000E+01  0.00000000E+00  0.00000000E+00  0.10000000E+04  0.00000000E+00  0.12500000E+03  0.00000000E+00  0.69999999E+00  0.10000000E+04
  0.82500000E+01 -0.25000000E+00  0.00000000E+00  0.00000000E+00  0.10000000E+04  0.00000000E+00  0.12500000E+03  0.00000000E+00  0.69999999E+00  0.10000000E+04
  0.82500000E+01  0.25000000E+00  0.00000000E+00  0.00000000E+00  0.10000000E+04  0.00000000E+00  0.12500000E+03  0.00000000E+00  0.69999999E+00  0.10000000E+04
  0.82500000E+01  0.75000000E+00  0.00000000E+00  0.00000000E+00  0.10000000E+04  0.00000000E+00  0.12500000E+03  0.00000000E+00  0.69999999E+00  0.10000000E+04
  0.82500000E+01  0.12500000E+01  0.00000000E+00  0.00000000E+00  0.10000000E+04  0.00000000E+00  0.12500000E+03  0.00000000E+00  0.69999999E+00  0.10000000E+04
  0.82500000E+01  0.17500000E+01  0.00000000E+00  0.00000000E+00  0.10000000E+04  0.00000000E+00  0.12500000E+03  0.00000000E+00  0.69999999E+00  0.10000000E+04
  0.82500000E+01  0.22500000E+01  0.00000000E+00  0.00000000E+00  0.10000000E+04  0.00000000E+00  0.12500000E+03  0.00000000E+00  0.69999999E+00  0.10000000E+04
  0.82500000E+01  0.27500000E+01  0.00000000E+00  0.00000000E+00  0.10000000E+04  0.00000000E+00  0.12500000E+03  0.00000000E+00  0.69999999E+00  0.10000000E+04
  0.82500000E+01  0.32500000E+01  0.00000000E+00  0.00000000E+00  0.10000000E+04  0.00000000E+00  0.12500000E+03  0.00000000E+00  0.69999999E+00  0.10000000E+04
  0.82500000E+01  0.37500000E+01  0.00000000E+00  0.00000000E+00  0.10000000E+04  0.00000000E+00  0.12500000E+03  0.00000000E+00  0.69999999E+00  0.10000000E+04
  0.50000000E+00  0.00000000E+00  0.00000000E+00  0.00000000E+00  0.10283256E+04  0.60526676E+05  0.12500000E+03  0.93951356E-02  0.69999999E+00  0.99998895E+03
  0.10000000E+01  0.00000000E+00  0.00000000E+00  0.00000000E+00  0.10303064E+04  0.65148672E+05  0.12500000E+03  0.43221819E-02  0.69999999E+00  0.99999493E+03
  0.15000000E+01  0.00000000E+00  0.00000000E+00  0.00000000E+00  0.10394824E+04  0.87268297E+05  0.12500000E+03  0.17107733E-01  0.69999999E+00  0.99997968E+03
  0.20000000E+01  0.00000000E+00  0.00000000E+00  0.00000000E+00  0.11508533E+04  0.46916084E+06  0.12500000E+03  0.19022772E-01  0.69999999E+00  0.99997498E+03
  0.25000000E+01  0.00000000E+00  0.00000000E+00  0.00000000E+00  0.10049559E+04  0.98692168E+04  0.12500000E+03  0.27201027E-02  0.69999999E+00  0.99999689E+03
  0.30000000E+01  0.00000000E+00  0.00000000E+00  0.00000000E+00  0.10217177E+04  0.45488938E+05  0.12500000E+03  0.46212543E-02  0.69999999E+00  0.99999463E+03
  0.35000000E+01  0.00000000E+00  0.00000000E+00  0.00000000E+00  0.10036605E+04  0.72613716E+04  0.12500000E+03  0.17783472E-02  0.69999999E+00  0.99999799E+03
  0.40000000E+01  0.00000000E+00  0.00000000E+00  0.00000000E+00  0.10000137E+04  0.26898298E+02  0.12500000E+03 -0.68247195E-04  0.69999999E+00  0.10000001E+04
  0.45000000E+01  0.00000000E+00  0.00000000E+00  0.00000000E+00  0.10000000E+04  0.00000000E+00  0.12500000E+03  0.42599473E-42  0.69999999E+00  0.10000000E+04
  0.50000000E+01  0.00000000E+00  0.00000000E+00  0.00000000E+00  0.10000000E+04  0.00000000E+00  0.12500000E+03  0.00000000E+00  0.69999999E+00  0.10000000E+04
  0.55000000E+01  0.00000000E+00  0.00000000E+00  0.00000000E+00  0.10000000E+04  0.00000000E+00  0.12500000E+03  0.00000000E+00  0.69999999E+00  0.10000000E+04
  0.60000000E+01  0.00000000E+00  0.00000000E+00  0.00000000E+00  0.10000000E+04  0.00000000E+00  0.12500000E+03  0.00000000E+00  0.69999999E+00  0.10000000E+04
  0.65000000E+01  0.00000000E+00  0.00000000E+00  0.00000000E+00  0.10000000E+04  0.00000000E+00  0.12500000E+03  0.00000000E+00  0.69999999E+00  0.10000000E+04
  0.70000000E+01  0.00000000E+00  0.00000000E+00  0.00000000E+00  0.10000000E+04  0.00000000E+00  0.12500000E+03  0.00000000E+00  0.69999999E+00  0.10000000E+04
  0.75000000E+01  0.00000000E+00  0.00000000E+00  0.00000000E+00  0.10000000E+04  0.00000000E+00  0.12500000E+03  0.00000000E+00  0.69999999E+00  0.10000000E+04
  0.25000000E+00 -0.25000000E+00  0.00000000E+00  0.00000000E+00  0.10054344E+04  0.10837693E+05  0.12500000E+03  0.28077345E-02  0.69999999E+00  0.99999677E+03
  0.75000000E+00 -0.25000000E+00  0.00000000E+00  0.00000000E+00  0.10219592E+04  0.46028375E+05  0.12500000E+03  0.71325288E-02  0.69999999E+00  0.99999170E+03
  0.12500000E+01 -0.25000000E+00  0.00000000E+00  0.00000000E+00  0.10091553E+04  0.18463604E+05  0.12500000E+03  0.58763530E-02  0.69999999E+00  0.99999323E+03
  0.17500000E+01 -0.25000000E+00  0.00000000E+00  0.00000000E+00  0.10168878E+04  0.34860559E+05  0.12500000E+03  0.88902079E-02  0.69999999E+00  0.99998969E+03
  0.22500000E+01 -0.25000000E+00  0.00000000E+00  0.00000000E+00  0.10002048E+04  0.40206763E+03  0.12500000E+03  0.78939572E-02  0.69999999E+00  0.99999097E+03
  0.27500000E+01 -0.25000000E+00  0.00000000E+00  0.00000000E+00  0.10008564E+04  0.16845790E+04  0.12500000E+03  0.19986068E-02  0.69999999E+00  0.99999774E+03
  0.32500000E+01 -0.25000000E+00  0.00000000E+00  0.00000000E+00  0.10000454E+04  0.89123711E+02  0.12500000E+03  0.18171929E-02  0.69999999E+00  0.99999792E+03
  0.37500000E+01 -0.25000000E+00  0.00000000E+00  0.00000000E+00  0.10000070E+04  0.13565822E+02  0.12500000E+03 -0.15635355E-03  0.69999999E+00  0.10000002E+04
  0.42500000E+01 -0.25000000E+00  0.00000000E+00  0.00000000E+00  0.10000000E+04  0.00000000E+00  0.12500000E+03 -0.13729418E-38  0.69999999E+00  0.10000000E+04
  0.47500000E+01 -0.25000000E+00  0.00000000E+00  0.00000000E+00  0.10000000E+04  0.00000000E+00  0.12500000E+03 -0.35032462E-42  0.69999999E+00  0.10000000E+04
  0.52500000E+01 -0.25000000E+00  0.00000000E+00  0.00000000E+00  0.10000000E+04  0.00000000E+00  0.12500000E+03  0.00000000E+00  0.69999999E+00  0.10000000E+04
  0.57500000E+01 -0.25000000E+00  0.00000000E+00  0.00000000E+00  0.10000000E+04  0.00000000E+00  0.12500000E+03  0.00000000E+00  0.69999999E+00  0.10000000E+04
  0.62500000E+01 -0.25000000E+00  0.00000000E+00  0.00000000E+00  0.10000000E+04  0.00000000E+00  0.12500000E+03  0.00000000E+00  0.69999999E+00  0.10000000E+04
  0.67500000E+01 -0.25000000E+00  0.00000000E+00  0.00000000E+00  0.10000000E+04  0.00000000E+00  0.12500000E+03  0.00000000E+00  0.69999999E+00  0.10000000E+04
  0.72500000E+01 -0.25000000E+00  0.00000000E+00  0.00000000E+00  0.10000000E+04  0.00000000E+00  0.12500000E+03  0.00000000E+00  0.69999999E+00  0.10000000E+04
  0.77500000E+01 -0.25000000E+00  0.00000000E+00  0.00000000E+00  0.10000000E+04  0.00000000E+00  0.12500000E+03  0.00000000E+00  0.69999999E+00  0.10000000E+04
  0.40000000E+01  0.50000000E+00  0.00000000E+00  0.00000000E+00  0.10013126E+04  0.25855112E+04  0.12500000E+03 -0.18438300E-03  0.69999999E+00  0.10000002E+04
  0.37500000E+01  0.25000000E+00  0.00000000E+00  0.00000000E+00  0.10045286E+04  0.90065840E+04  0.12500000E+03 -0.77359349E-03  0.69999999E+00  0.10000009E+04
  0.40000000E+01  0.10000000E+01  0.00000000E+00  0.00000000E+00  0.10053326E+04  0.10631413E+05  0.12500000E+03 -0.79306119E-04  0.69999999E+00  0.10000001E+04
  0.37500000E+01  0.75000000E+00  0.00000000E+00  0.00000000E+00  0.10606257E+04  0.14290512E+06  0.12500000E+03  0.71110216E-03  0.69999999E+00  0.99999915E+03
  0.40000000E+01  0.15000000E+01  0.00000000E+00  0.00000000E+00  0.10010692E+04  0.21044878E+04  0.12500000E+03  0.18245759E-03  0.69999999E+00  0.99999982E+03
  0.37500000E+01  0.12500000E+01  0.00000000E+00  0.00000000E+00  0.10430382E+04  0.96160219E+05  0.12500000E+03  0.29423373E-03  0.69999999E+00  0.99999963E+03
  0.40000000E+01  0.20000000E+01  0.00000000E+00  0.00000000E+00  0.10002085E+04  0.40932718E+03  0.12500000E+03  0.18184503E-03  0.69999999E+00  0.99999982E+03
  0.37500000E+01  0.17500000E+01  0.00000000E+00  0.00000000E+00  0.10285206E+04  0.60979387E+05  0.12500000E+03  0.99100987E-03  0.69999999E+00  0.99999884E+03
  0.45000000E+01  0.50000000E+00  0.00000000E+00  0.00000000E+00  0.10000000E+04  0.00000000E+00  0.12500000E+03  0.15946777E-41  0.69999999E+00  0.10000000E+04
  0.42500000E+01  0.25000000E+00  0.00000000E+00  0.00000000E+00  0.10000018E+04  0.35083482E+01  0.12500000E+03 -0.74084828E-05  0.69999999E+00  0.10000000E+04
  0.45000000E+01  0.10000000E+01  0.00000000E+00  0.00000000E+00  0.10000000E+04  0.00000000E+00  0.12500000E+03  0.00000000E+00  0.69999999E+00  0.10000000E+04
  0.42500000E+01  0.75000000E+00  0.00000000E+00  0.00000000E+00  0.10000944E+04  0.18529227E+03  0.12500000E+03 -0.75637886E-05  0.69999999E+00  0.10000000E+04
  0.45000000E+01  0.15000000E+01  0.00000000E+00  0.00000000E+00  0.10000000E+04  0.00000000E+00  0.12500000E+03 -0.00000000E+00  0.69999999E+00  0.10000000E+04
  0.42500000E+01  0.12500000E+01  0.00000000E+00  0.00000000E+00  0.10000066E+04  0.12864128E+02  0.12500000E+03  0.34267537E-05  0.69999999E+00  0.10000000E+04
  0.45000000E+01  0.20000000E+01  0.00000000E+00  0.00000000E+00  0.10000000E+04  0.00000000E+00  0.12500000E+03  0.00000000E+00  0.69999999E+00  0.10000000E+04
  0.42500000E+01  0.17500000E+01  0.00000000E+00  0.00000000E+00  0.10000031E+04  0.60811610E+01  0.12500000E+03  0.28991612E-05  0.69999999E+00  0.10000000E+04
  0.50000000E+01  0.50000000E+00  0.00000000E+00  0.00000000E+00  0.10000000E+04  0.00000000E+00  0.12500000E+03  0.00000000E+00  0.69999999E+00  0.10000000E+04
  0.47500000E+01  0.25000000E+00  0.00000000E+00  0.00000000E+00  0.10000000E+04  0.00000000E+00  0.12500000E+03  0.34471942E-42  0.69999999E+00  0.10000000E+04
  0.50000000E+01  0.10000000E+01  0.00000000E+00  0.00000000E+00  0.10000000E+04  0.00000000E+00  0.12500000E+03  0.00000000E+00  0.69999999E+00  0.10000000E+04
  0.47500000E+01  0.75000000E+00  0.00000000E+00  0.00000000E+00  0.10000000E+04  0.00000000E+00  0.12500000E+03  0.00000000E+00  0.69999999E+00  0.10000000E+04
  0.50000000E+01  0.15000000E+01  0.00000000E+00  0.00000000E+00  0.10000000E+04  0.00000000E+00  0.12500000E+03  0.00000000E+00  0.69999999E+00  0.10000000E+04
  0.47500000E+01  0.12500000E+01  0.00000000E+00  0.00000000E+00  0.10000000E+04  0.00000000E+00  0.12500000E+03  0.00000000E+00  0.69999999E+00  0.10000000E+04
  0.50000000E+01  0.20000000E+01  0.00000000E+00  0.00000000E+00  0.10000000E+04  0.00000000E+00  0.12500000E+03  0.00000000E+00  0.69999999E+00  0.10000000E+04
  0.47500000E+01  0.17500000E+01  0.00000000E+00  0.00000000E+00  0.10000000E+04  0.00000000E+00  0.12500000E+03  0.00000000E+00  0.69999999E+00  0.10000000E+04
  0.26115291E+01  0.10817678E+01  0.31694639E-01 -0.10333947E+01  0.99209467E+03 -0.15147289E+05  0.12576698E+03  0.12576674E+03  0.10000000E+01  0.00000000E+00
  0.14880117E+01  0.99774420E+00 -0.13797505E+01  0.10831448E+01  0.10040254E+04  0.79937329E+04  0.12561582E+03  0.12561256E+03  0.10000000E+01  0.00000000E+00
  0.97305024E+00  0.10337390E+01 -0.13100390E+01  0.66710424E+00  0.99436798E+03 -0.10865107E+05  0.12546356E+03  0.12546333E+03  0.10000000E+01  0.00000000E+00
  0.82534766E+00  0.12007354E+01  0.42788941E+00  0.15563626E+01  0.99755121E+03 -0.47693877E+04  0.12531018E+03  0.12531018E+03  0.10000000E+01  0.00000000E+00
  0.13973141E+01  0.18850046E+01  0.21533811E+01  0.14307985E+01  0.98145996E+03 -0.34413691E+05  0.12515567E+03  0.12515567E+03  0.10000000E+01  0.00000000E+00
  0.22931805E+01  0.18422587E+01  0.48957318E-01 -0.95775884E+00  0.10017122E+04  0.33766475E+04  0.12500000E+03  0.12500000E+03  0.10000000E+01  0.00000000E+00
  0.25391326E+01  0.11995449E+01 -0.62207234E+00 -0.21652766E+00  0.10117010E+04  0.23779361E+05  0.12576698E+03  0.12575494E+03  0.10000000E+01  0.00000000E+00
  0.14719826E+01  0.10076134E+01 -0.19128048E+01  0.69906503E+00  0.10058103E+04  0.11600373E+05  0.12561582E+03  0.12560624E+03  0.10000000E+01  0.00000000E+00
  0.14121914E+01  0.13139846E+01 -0.19496526E+01  0.25516790E+00  0.97572900E+03 -0.44289293E+05  0.12546356E+03  0.12546037E+03  0.10000000E+01  0.00000000E+00
  0.21925304E+01  0.16211156E+01  0.43085492E+00  0.12853384E-01  0.10045522E+04  0.90541699E+04  0.12531018E+03  0.12531038E+03  0.10000000E+01  0.00000000E+00
  0.10030434E+01  0.11342283E+01 -0.93574202E+00 -0.12771568E+01  0.10201225E+04  0.41945297E+05  0.12515567E+03  0.12515567E+03  0.10000000E+01  0.00000000E+00
  0.71793449E+00  0.88001239E+00 -0.37977809E+00 -0.20072265E+01  0.10085176E+04  0.17144719E+05  0.12500000E+03  0.12500000E+03  0.10000000E+01  0.00000000E+00
  0.21851456E+01  0.15151629E+01 -0.20806954E+01 -0.22285385E+01  0.98812085E+03 -0.22492537E+05  0.12576698E+03  0.12575644E+03  0.10000000E+01  0.00000000E+00
  0.24730489E+01  0.14959708E+01 -0.13000851E+01 -0.36206925E+00  0.99905884E+03 -0.18413452E+04  0.12561582E+03  0.12561089E+03  0.10000000E+01  0.00000000E+00
  0.28249497E+01  0.99666226E+00 -0.24728489E+00  0.25719307E-01  0.10014251E+04  0.28081218E+04  0.12546356E+03  0.12546005E+03  0.10000000E+01  0.00000000E+00
  0.25457838E+01  0.91836441E+00 -0.15251017E+01 -0.12503207E+00  0.10186257E+04  0.38650238E+05  0.12531018E+03  0.12531018E+03  0.10000000E+01  0.00000000E+00
  0.29273658E+01  0.89346611E+00 -0.41172436E+00  0.69456923E+00  0.10044540E+04  0.88564199E+04  0.12515567E+03  0.12515553E+03  0.10000000E+01  0.00000000E+00
  0.13009846E+01  0.17451520E+01 -0.25690522E+01 -0.82053459E+00  0.96993683E+03 -0.53922855E+05  0.12500000E+03  0.12500000E+03  0.10000000E+01  0.00000000E+00
  0.11365852E+01  0.85282445E+00 -0.16057954E+01  0.48754963E+00  0.98276129E+03 -0.32122633E+05  0.12576698E+03  0.12576566E+03  0.10000000E+01  0.00000000E+00
  0.24677062E+01  0.14955816E+01 -0.13978331E+01 -0.32228845E+00  0.99841089E+03 -0.31030278E+04  0.12561582E+03  0.12561221E+03  0.10000000E+01  0.00000000E+00
  0.27440524E+01  0.84109223E+00  0.47477394E+00  0.50987220E+00  0.10020883E+04  0.41230195E+04  0.12546356E+03  0.12546202E+03  0.10000000E+01  0.00000000E+00
  0.16472521E+01  0.93131757E+00 -0.10347066E+01  0.16198932E+01  0.99836444E+03 -0.31932495E+04  0.12531018E+03  0.12530890E+03  0.10000000E+01  0.00000000E+00
  0.17176585E+01  0.20218768E+01 -0.27578266E+01  0.81689680E+00  0.10147247E+04  0.30197896E+05  0.12515567E+03  0.12515567E+03  0.10000000E+01  0.00000000E+00
  0.18473151E+01  0.99277675E+00 -0.11230832E+01  0.10468459E+01  0.10013435E+04  0.26465728E+04  0.12500000E+03  0.12500012E+03  0.10000000E+01  0.00000000E+00
  0.16571426E+01  0.17303960E+01 -0.68823910E+00 -0.44613346E+00  0.10008942E+04  0.17591119E+04  0.12561582E+03  0.12561399E+03  0.10000000E+01  0.00000000E+00
  0.28769155E+01  0.15680997E+01  0.24223088E+00 -0.16333017E+01  0.10141160E+04  0.28896535E+05  0.12531018E+03  0.12531004E+03  0.10000000E+01  0.00000000E+00
  0.10384121E+01  0.19043629E+01  0.15579259E+01  0.21848011E+01  0.10041157E+04  0.81753945E+04  0.12500000E+03  0.12500000E+03  0.10000000E+01  0.00000000E+00
