  0.00000000E+00  0.00000000E+00  0.00000000E+00  0.00000000E+00  0.10010720E+04  0.21101372E+04  0.12500000E+03  0.26478453E-02  0.69999999E+00  0.99999695E+03
  0.00000000E+00  0.50000000E+00  0.00000000E+00  0.00000000E+00  0.10193059E+04  0.40144059E+05  0.12500000E+03  0.37845969E-02  0.69999999E+00  0.99999561E+03
  0.00000000E+00  0.10000000E+01  0.00000000E+00  0.00000000E+00  0.10196520E+04  0.40906359E+05  0.12500000E+03  0.40937131E-02  0.69999999E+00  0.99999524E+03
  0.00000000E+00  0.15000000E+01  0.00000000E+00  0.00000000E+00  0.10213639E+04  0.44700062E+05  0.12500000E+03  0.14920873E-02  0.69999999E+00  0.99999823E+03
  0.00000000E+00  0.20000000E+01  0.00000000E+00  0.00000000E+00  0.10194744E+04  0.40514906E+05  0.12500000E+03 -0.20151800E-02  0.69999999E+00  0.10000023E+04
  0.00000000E+00  0.25000000E+01  0.00000000E+00  0.00000000E+00  0.10034469E+04  0.68332266E+04  0.12500000E+03  0.51974104E-03  0.69999999E+00  0.99999939E+03
  0.00000000E+00  0.30000000E+01  0.00000000E+00  0.00000000E+00  0.10000026E+04  0.51455903E+01  0.12500000E+03  0.38292605E-04  0.69999999E+00  0.99999994E+03
  0.00000000E+00  0.35000000E+01  0.00000000E+00  0.00000000E+00  0.10000000E+04  0.00000000E+00  0.12500000E+03  0.00000000E+00  0.69999999E+00  0.10000000E+04
  0.00000000E+00  0.40000000E+01  0.00000000E+00  0.00000000E+00  0.10000000E+04  0.00000000E+00  0.12500000E+03  0.00000000E+00  0.69999999E+00  0.10000000E+04
 -0.25000000E+00 -0.25000000E+00  0.00000000E+00  0.00000000E+00  0.10006414E+04  0.12607445E+04  0.12500000E+03  0.52005530E-03  0.69999999E+00  0.99999939E+03
 -0.25000000E+00  0.25000000E+00  0.00000000E+00  0.00000000E+00  0.10007603E+04  0.14949136E+04  0.12500000E+03  0.12063514E-02  0.69999999E+00  0.99999860E+03
 -0.25000000E+00  0.75000000E+00  0.00000000E+00  0.00000000E+00  0.10072284E+04  0.14493343E+05  0.12500000E+03  0.62711153E-03  0.69999999E+00  0.99999927E+03
 -0.25000000E+00  0.12500000E+01  0.00000000E+00  0.00000000E+00  0.10047034E+04  0.93593115E+04  0.12500000E+03  0.12804703E-02  0.69999999E+00  0.99999854E+03
 -0.25000000E+00  0.17500000E+01  0.00000000E+00  0.00000000E+00  0.10010239E+04  0.20150505E+04  0.12500000E+03 -0.42867422E-03  0.69999999E+00  0.10000005E+04
 -0.25000000E+00  0.22500000E+01  0.00000000E+00  0.00000000E+00  0.10015139E+04  0.29839109E+04  0.12500000E+03 -0.18548567E-03  0.69999999E+00  0.10000002E+04
 -0.25000000E+00  0.27500000E+01  0.00000000E+00  0.00000000E+00  0.10000007E+04  0.14033347E+01  0.12500000E+03  0.17473474E-04  0.69999999E+00  0.10000000E+04
 -0.25000000E+00  0.32500000E+01  0.00000000E+00  0.00000000E+00  0.10000000E+04  0.00000000E+00  0.12500000E+03  0.11731671E-40  0.69999999E+00  0.10000000E+04
 -0.25000000E+00  0.37500000E+01  0.00000000E+00  0.00000000E+00  0.10000000E+04  0.00000000E+00  0.12500000E+03  0.00000000E+00  0.69999999E+00  0.10000000E+04
  0.80000000E+01  0.00000000E+00  0.00000000E+00  0.00000000E+00  0.10000000E+04  0.00000000E+00  0.12500000E+03  0.00000000E+00  0.69999999E+00  0.10000000E+04
  0.80000000E+01  0.50000000E+00  0.00000000E+00  0.00000000E+00  0.10000000E+04  0.00000000E+00  0.12500000E+03  0.00000000E+00  0.69999999E+00  0.10000000E+04
  0.80000000E+01  0.10000000E+01  0.00000000E+00  0.00000000E+00  0.10000000E+04  0.00000000E+00  0.12500000E+03  0.00000000E+00  0.69999999E+00  0.10000000E+04
  0.80000000E+01  0.15000000E+01  0.00000000E+00  0.00000000E+00  0.10000000E+04  0.00000000E+00  0.12500000E+03  0.00000000E+00  0.69999999E+00  0.10000000E+04
  0.80000000E+01  0.20000000E+01  0.00000000E+00  0.00000000E+00  0.10000000E+04  0.00000000E+00  0.12500000E+03  0.00000000E+00  0.69999999E+00  0.10000000E+04
  0.80000000E+01  0.25000000E+01  0.00000000E+00  0.00000000E+00  0.10000000E+04  0.00000000E+00  0.12500000E+03  0.00000000E+00  0.69999999E+00  0.10000000E+04
  0.80000000E+01  0.30000000E+01  0.00000000E+00  0.00000000E+00  0.10000000E+04  0.00000000E+00  0.12500000E+03  0.00000000E+00  0.69999999E+00  0.10000000E+04
  0.80000000E+01  0.35000000E+01  0.00000000E+00  0.00000000E+00  0.10000000E+04  0.00000000E+00  0.12500000E+03  0.00000000E+00  0.69999999E+00  0.10000000E+04
  0.80000000E+01  0.40000000E+01  0.00000000E+00  0.00000000E+00  0.10000000E+04  0.00000000E+00  0.12500000E+03  0.00000000E+00  0.69999999E+00  0.10000000E+04
  0.82500000E+01 -0.25000000E+00  0.00000000E+00  0.00000000E+00  0.10000000E+04  0.00000000E+00  0.12500000E+03  0.00000000E+00  0.69999999E+00  0.10000000E+04
  0.82500000E+01  0.25000000E+00  0.00000000E+00  0.00000000E+00  0.10000000E+04  0.00000000E+00  0.12500000E+03  0.00000000E+00  0.69999999E+00  0.10000000E+04
  0.82500000E+01  0.75000000E+00  0.00000000E+00  0.00000000E+00  0.10000000E+04  0.00000000E+00  0.12500000E+03  0.00000000E+00  0.69999999E+00  0.10000000E+04
  0.82500000E+01  0.12500000E+01  0.00000000E+00  0.00000000E+00  0.10000000E+04  0.00000000E+00  0.12500000E+03  0.00000000E+00  0.69999999E+00  0.10000000E+04
  0.82500000E+01  0.17500000E+01  0.00000000E+00  0.00000000E+00  0.10000000E+04  0.00000000E+00  0.12500000E+03  0.00000000E+00  0.69999999E+00  0.10000000E+04
  0.82500000E+01  0.22500000E+01  0.00000000E+00  0.00000000E+00  0.10000000E+04  0.00000000E+00  0.12500000E+03  0.00000000E+00  0.69999999E+00  0.10000000E+04
  0.82500000E+01  0.27500000E+01  0.00000000E+00  0.00000000E+00  0.10000000E+04  0.00000000E+00  0.12500000E+03  0.00000000E+00  0.69999999E+00  0.10000000E+04
  0.82500000E+01  0.32500000E+01  0.00000000E+00  0.00000000E+00  0.10000000E+04  0.00000000E+00  0.12500000E+03  0.00000000E+00  0.69999999E+00  0.10000000E+04
  0.82500000E+01  0.37500000E+01  0.00000000E+00  0.00000000E+00  0.10000000E+04  0.00000000E+00  0.12500000E+03  0.00000000E+00  0.69999999E+00  0.10000000E+04
  0.50000000E+00  0.00000000E+00  0.00000000E+00  0.00000000E+00  0.10445743E+04  0.10005827E+06  0.12500000E+03  0.13468783E-01  0.69999999E+00  0.99998395E+03
  0.10000000E+01  0.00000000E+00  0.00000000E+00  0.00000000E+00  0.10638486E+04  0.15198895E+06  0.12500000E+03  0.79731680E-02  0.69999999E+00  0.99999030E+03
  0.15000000E+01  0.00000000E+00  0.00000000E+00  0.00000000E+00  0.10270857E+04  0.57660535E+05  0.12500000E+03  0.23380969E-01  0.69999999E+00  0.99997253E+03
  0.20000000E+01  0.00000000E+00  0.00000000E+00  0.00000000E+00  0.11321555E+04  0.38797147E+06  0.12500000E+03  0.27146207E-01  0.69999999E+00  0.99996484E+03
  0.25000000E+01  0.00000000E+00  0.00000000E+00  0.00000000E+00  0.10332225E+04  0.72051172E+05  0.12500000E+03  0.89515168E-02  0.69999999E+00  0.99998944E+03
  0.30000000E+01  0.00000000E+00  0.00000000E+00  0.00000000E+00  0.10421550E+04  0.93934516E+05  0.12500000E+03  0.10649964E-01  0.69999999E+00  0.99998730E+03
  0.35000000E+01  0.00000000E+00  0.00000000E+00  0.00000000E+00  0.10036136E+04  0.71671904E+04  0.12500000E+03  0.44466462E-02  0.69999999E+00  0.99999487E+03
  0.40000000E+01  0.00000000E+00  0.00000000E+00  0.00000000E+00  0.10000137E+04  0.26898298E+02  0.12500000E+03 -0.68247195E-04  0.69999999E+00  0.10000001E+04
  0.45000000E+01  0.00000000E+00  0.00000000E+00  0.00000000E+00  0.10000000E+04  0.00000000E+00  0.12500000E+03  0.65078543E-39  0.69999999E+00  0.10000000E+04
  0.50000000E+01  0.00000000E+00  0.00000000E+00  0.00000000E+00  0.10000000E+04  0.00000000E+00  0.12500000E+03 -0.28334255E-41  0.69999999E+00  0.10000000E+04
  0.55000000E+01  0.00000000E+00  0.00000000E+00  0.00000000E+00  0.10000000E+04  0.00000000E+00  0.12500000E+03  0.00000000E+00  0.69999999E+00  0.10000000E+04
  0.60000000E+01  0.00000000E+00  0.00000000E+00  0.00000000E+00  0.10000000E+04  0.00000000E+00  0.12500000E+03  0.00000000E+00  0.69999999E+00  0.10000000E+04
  0.65000000E+01  0.00000000E+00  0.00000000E+00  0.00000000E+00  0.10000000E+04  0.00000000E+00  0.12500000E+03  0.00000000E+00  0.69999999E+00  0.10000000E+04
  0.70000000E+01  0.00000000E+00  0.00000000E+00  0.00000000E+00  0.10000000E+04  0.00000000E+00  0.12500000E+03  0.00000000E+00  0.69999999E+00  0.10000000E+04
  0.75000000E+01  0.00000000E+00  0.00000000E+00  0.00000000E+00  0.10000000E+04  0.00000000E+00  0.12500000E+03  0.00000000E+00  0.69999999E+00  0.10000000E+04
  0.25000000E+00 -0.25000000E+00  0.00000000E+00  0.00000000E+00  0.10056610E+04  0.11297322E+05  0.12500000E+03  0.34598238E-02  0.69999999E+00  0.99999603E+03
  0.75000000E+00 -0.25000000E+00  0.00000000E+00  0.00000000E+00  0.10257656E+04  0.54631945E+05  0.12500000E+03  0.95994174E-02  0.69999999E+00  0.99998877E+03
  0.12500000E+01 -0.25000000E+00  0.00000000E+00  0.00000000E+00  0.10093613E+04  0.18890986E+05  0.12500000E+03  0.75624669E-02  0.69999999E+00  0.99999127E+03
  0.17500000E+01 -0.25000000E+00  0.00000000E+00  0.00000000E+00  0.10147493E+04  0.30250498E+05  0.12500000E+03  0.11572085E-01  0.69999999E+00  0.99998657E+03
  0.22500000E+01 -0.25000000E+00  0.00000000E+00  0.00000000E+00  0.10011365E+04  0.22372761E+04  0.12500000E+03  0.11632610E-01  0.69999999E+00  0.99998669E+03
  0.27500000E+01 -0.25000000E+00  0.00000000E+00  0.00000000E+00  0.10053665E+04  0.10699998E+05  0.12500000E+03  0.57818741E-02  0.69999999E+00  0.99999335E+03
  0.32500000E+01 -0.25000000E+00  0.00000000E+00  0.00000000E+00  0.10018810E+04  0.37114197E+04  0.12500000E+03  0.40604207E-02  0.69999999E+00  0.99999536E+03
  0.37500000E+01 -0.25000000E+00  0.00000000E+00  0.00000000E+00  0.10000070E+04  0.13565822E+02  0.12500000E+03 -0.15635355E-03  0.69999999E+00  0.10000002E+04
  0.42500000E+01 -0.25000000E+00  0.00000000E+00  0.00000000E+00  0.10000000E+04  0.00000000E+00  0.12500000E+03 -0.23026283E-35  0.69999999E+00  0.10000000E+04
  0.47500000E+01 -0.25000000E+00  0.00000000E+00  0.00000000E+00  0.10000000E+04  0.00000000E+00  0.12500000E+03 -0.14650407E-38  0.69999999E+00  0.10000000E+04
  0.52500000E+01 -0.25000000E+00  0.00000000E+00  0.00000000E+00  0.10000000E+04  0.00000000E+00  0.12500000E+03  0.00000000E+00  0.69999999E+00  0.10000000E+04
  0.57500000E+01 -0.25000000E+00  0.00000000E+00  0.00000000E+00  0.10000000E+04  0.00000000E+00  0.12500000E+03  0.00000000E+00  0.69999999E+00  0.10000000E+04
  0.62500000E+01 -0.25000000E+00  0.00000000E+00  0.00000000E+00  0.10000000E+04  0.00000000E+00  0.12500000E+03  0.00000000E+00  0.69999999E+00  0.10000000E+04
  0.67500000E+01 -0.25000000E+00  0.00000000E+00  0.00000000E+00  0.10000000E+04  0.00000000E+00  0.12500000E+03  0.00000000E+00  0.69999999E+00  0.10000000E+04
  0.72500000E+01 -0.25000000E+00  0.00000000E+00  0.00000000E+00  0.10000000E+04  0.00000000E+00  0.12500000E+03  0.00000000E+00  0.69999999E+00  0.10000000E+04
  0.77500000E+01 -0.25000000E+00  0.00000000E+00  0.00000000E+00  0.10000000E+04  0.00000000E+00  0.12500000E+03  0.00000000E+00  0.69999999E+00  0.10000000E+04
  0.40000000E+01  0.50000000E+00  0.00000000E+00  0.00000000E+00  0.10000012E+04  0.23388946E+01  0.12500000E+03 -0.48393605E-03  0.69999999E+00  0.10000005E+04
  0.37500000E+01  0.25000000E+00  0.00000000E+00  0.00000000E+00  0.10008643E+04  0.17000955E+04  0.12500000E+03 -0.21203118E-02  0.69999999E+00  0.10000024E+04
  0.40000000E+01  0.10000000E+01  0.00000000E+00  0.00000000E+00  0.10003854E+04  0.75703680E+03  0.12500000E+03 -0.12367492E-03  0.69999999E+00  0.10000001E+04
  0.37500000E+01  0.75000000E+00  0.00000000E+00  0.00000000E+00  0.10241022E+04  0.50848527E+05  0.12500000E+03  0.10676680E-02  0.69999999E+00  0.99999878E+03
  0.40000000E+01  0.15000000E+01  0.00000000E+00  0.00000000E+00  0.10003457E+04  0.67898090E+03  0.12500000E+03  0.49732492E-03  0.69999999E+00  0.99999945E+03
  0.37500000E+01  0.12500000E+01  0.00000000E+00  0.00000000E+00  0.10237772E+04  0.50113707E+05  0.12500000E+03  0.12215867E-02  0.69999999E+00  0.99999860E+03
  0.40000000E+01  0.20000000E+01  0.00000000E+00  0.00000000E+00  0.10012277E+04  0.24174736E+04  0.12500000E+03  0.34152693E-03  0.69999999E+00  0.99999963E+03
  0.37500000E+01  0.17500000E+01  0.00000000E+00  0.00000000E+00  0.10455327E+04  0.10250758E+06  0.12500000E+03  0.24246031E-02  0.69999999E+00  0.99999713E+03
  0.45000000E+01  0.50000000E+00  0.00000000E+00  0.00000000E+00  0.10000000E+04  0.00000000E+00  0.12500000E+03  0.43179443E-38  0.69999999E+00  0.10000000E+04
  0.42500000E+01  0.25000000E+00  0.00000000E+00  0.00000000E+00  0.10000018E+04  0.35083482E+01  0.12500000E+03 -0.74084828E-05  0.69999999E+00  0.10000000E+04
  0.45000000E+01  0.10000000E+01  0.00000000E+00  0.00000000E+00  0.10000000E+04  0.00000000E+00  0.12500000E+03 -0.35929293E-41  0.69999999E+00  0.10000000E+04
  0.42500000E+01  0.75000000E+00  0.00000000E+00  0.00000000E+00  0.10000916E+04  0.17967581E+03  0.12500000E+03 -0.20551628E-04  0.69999999E+00  0.10000000E+04
  0.45000000E+01  0.15000000E+01  0.00000000E+00  0.00000000E+00  0.10000000E+04  0.00000000E+00  0.12500000E+03 -0.15251732E-40  0.69999999E+00  0.10000000E+04
  0.42500000E+01  0.12500000E+01  0.00000000E+00  0.00000000E+00  0.10000066E+04  0.12864128E+02  0.12500000E+03  0.64903998E-05  0.69999999E+00  0.10000000E+04
  0.45000000E+01  0.20000000E+01  0.00000000E+00  0.00000000E+00  0.10000000E+04  0.00000000E+00  0.12500000E+03  0.14402546E-40  0.69999999E+00  0.10000000E+04
  0.42500000E+01  0.17500000E+01  0.00000000E+00  0.00000000E+00  0.10000031E+04  0.60811610E+01  0.12500000E+03 -0.35628464E-05  0.69999999E+00  0.10000000E+04
  0.50000000E+01  0.50000000E+00  0.00000000E+00  0.00000000E+00  0.10000000E+04  0.00000000E+00  0.12500000E+03  0.26092177E-41  0.69999999E+00  0.10000000E+04
  0.47500000E+01  0.25000000E+00  0.00000000E+00  0.00000000E+00  0.10000000E+04  0.00000000E+00  0.12500000E+03  0.14492761E-38  0.69999999E+00  0.10000000E+04
  0.50000000E+01  0.10000000E+01  0.00000000E+00  0.00000000E+00  0.10000000E+04  0.00000000E+00  0.12500000E+03 -0.00000000E+00  0.69999999E+00  0.10000000E+04
  0.47500000E+01  0.75000000E+00  0.00000000E+00  0.00000000E+00  0.10000000E+04  0.00000000E+00  0.12500000E+03  0.28866748E-41  0.69999999E+00  0.10000000E+04
  0.50000000E+01  0.15000000E+01  0.00000000E+00  0.00000000E+00  0.10000000E+04  0.00000000E+00  0.12500000E+03 -0.10991785E-40  0.69999999E+00  0.10000000E+04
  0.47500000E+01  0.12500000E+01  0.00000000E+00  0.00000000E+00  0.10000000E+04  0.00000000E+00  0.12500000E+03 -0.10641461E-40  0.69999999E+00  0.10000000E+04
  0.50000000E+01  0.20000000E+01  0.00000000E+00  0.00000000E+00  0.10000000E+04  0.00000000E+00  0.12500000E+03  0.10128585E-40  0.69999999E+00  0.10000000E+04
  0.47500000E+01  0.17500000E+01  0.00000000E+00  0.00000000E+00  0.10000000E+04  0.00000000E+00  0.12500000E+03 -0.19337919E-42  0.69999999E+00  0.10000000E+04
  0.27896121E+01  0.92033088E+00  0.35724384E+00  0.47568351E+00  0.10000901E+04  0.17686761E+03  0.12576698E+03  0.12576656E+03  0.10000000E+01  0.00000000E+00
  0.89195728E+00  0.13461047E+01  0.41639403E+00  0.11100215E+00  0.10064980E+04  0.13000517E+05  0.12561582E+03  0.12561256E+03  0.10000000E+01  0.00000000E+00
  0.17584946E+01  0.99370527E+00  0.23503274E+00  0.87749004E+00  0.99762451E+03 -0.46276157E+04  0.12546356E+03  0.12546323E+03  0.10000000E+01  0.00000000E+00
  0.27775404E+01  0.18083286E+01  0.23472557E+01 -0.33435807E+00  0.99719299E+03 -0.54612139E+04  0.12531018E+03  0.12531027E+03  0.10000000E+01  0.00000000E+00
  0.28749809E+01  0.16918031E+01 -0.20091994E-01  0.80098367E+00  0.10032762E+04  0.64914858E+04  0.12515567E+03  0.12515567E+03  0.10000000E+01  0.00000000E+00
  0.27852254E+01  0.17942729E+01  0.14110215E+01 -0.13253433E+00  0.99910126E+03 -0.17585394E+04  0.12500000E+03  0.12500000E+03  0.10000000E+01  0.00000000E+00
  0.27583742E+01  0.93441427E+00 -0.37403345E+00 -0.19640622E+00  0.10013181E+04  0.25963552E+04  0.12576698E+03  0.12575461E+03  0.10000000E+01  0.00000000E+00
  0.93745649E+00  0.90354192E+00  0.10438097E+01 -0.41457802E+00  0.10051628E+04  0.10287730E+05  0.12561582E+03  0.12560609E+03  0.10000000E+01  0.00000000E+00
  0.88046813E+00  0.95041275E+00 -0.30043316E+00  0.57683754E+00  0.10016797E+04  0.33121433E+04  0.12546356E+03  0.12546051E+03  0.10000000E+01  0.00000000E+00
  0.28838985E+01  0.11922840E+01 -0.87991603E-01 -0.81301826E+00  0.10005234E+04  0.10283845E+04  0.12531018E+03  0.12531038E+03  0.10000000E+01  0.00000000E+00
  0.11840059E+01  0.86828184E+00 -0.31049216E+00 -0.17630868E-01  0.10063958E+04  0.12791708E+05  0.12515567E+03  0.12515535E+03  0.10000000E+01  0.00000000E+00
  0.66810966E+00  0.90370059E+00  0.33875915E+00  0.42580205E+00  0.10105086E+04  0.21279490E+05  0.12500000E+03  0.12500000E+03  0.10000000E+01  0.00000000E+00
  0.21289747E+01  0.10194176E+01 -0.17542168E-01 -0.18349117E+00  0.10043835E+04  0.87144863E+04  0.12576698E+03  0.12575644E+03  0.10000000E+01  0.00000000E+00
  0.27215559E+01  0.91037917E+00 -0.38522169E+00  0.25624046E-01  0.10020565E+04  0.40597908E+04  0.12561582E+03  0.12561059E+03  0.10000000E+01  0.00000000E+00
  0.27964869E+01  0.14682943E+01  0.16572067E+00 -0.27801162E+00  0.99809558E+03 -0.37152078E+04  0.12546356E+03  0.12546005E+03  0.10000000E+01  0.00000000E+00
  0.15349107E+01  0.89651835E+00 -0.95663834E+00  0.36939692E+00  0.10087118E+04  0.17545846E+05  0.12531018E+03  0.12531018E+03  0.10000000E+01  0.00000000E+00
  0.28498502E+01  0.78982687E+00 -0.13199240E+00  0.24747238E+00  0.10013403E+04  0.26404424E+04  0.12515567E+03  0.12515553E+03  0.10000000E+01  0.00000000E+00
  0.10307381E+01  0.15598052E+01 -0.17361784E+00  0.69875799E-01  0.10023171E+04  0.45778164E+04  0.12500000E+03  0.12500612E+03  0.10000000E+01  0.00000000E+00
  0.90215337E+00  0.14500510E+01  0.35559195E+00  0.14103197E+00  0.10052995E+04  0.10564290E+05  0.12576698E+03  0.12576566E+03  0.10000000E+01  0.00000000E+00
  0.24248710E+01  0.10759760E+01 -0.18157250E+00  0.52490366E+00  0.99362360E+03 -0.12273682E+05  0.12561582E+03  0.12561228E+03  0.10000000E+01  0.00000000E+00
  0.16250992E+01  0.11976969E+01  0.29201263E+00 -0.50241008E-01  0.10031189E+04  0.61767822E+04  0.12546356E+03  0.12546202E+03  0.10000000E+01  0.00000000E+00
  0.22819502E+01  0.94712543E+00  0.16441828E+00  0.61704330E-01  0.10061976E+04  0.12388310E+05  0.12531018E+03  0.12530890E+03  0.10000000E+01  0.00000000E+00
  0.21858034E+01  0.16485243E+01  0.69699109E+00 -0.73373997E+00  0.10085624E+04  0.17237020E+05  0.12515567E+03  0.12515567E+03  0.10000000E+01  0.00000000E+00
  0.14342008E+01  0.85768759E+00 -0.63206643E+00  0.37480870E+00  0.10088615E+04  0.17855195E+05  0.12500000E+03  0.12500012E+03  0.10000000E+01  0.00000000E+00
  0.10812700E+01  0.15564635E+01  0.92435643E-01  0.49767882E-01  0.10027843E+04  0.55085439E+04  0.12561582E+03  0.12560780E+03  0.10000000E+01  0.00000000E+00
  0.17659765E+01  0.15606856E+01 -0.99720424E+00 -0.18907723E+00  0.10063237E+04  0.12644963E+05  0.12531018E+03  0.12531004E+03  0.10000000E+01  0.00000000E+00
  0.22666495E+01  0.18881962E+01  0.83315629E+00 -0.83960694E+00  0.10057292E+04  0.11435743E+05  0.12500000E+03  0.12500000E+03  0.10000000E+01  0.00000000E+00
