  0.00000000E+00  0.00000000E+00  0.00000000E+00  0.00000000E+00  0.10017084E+04  0.33690857E+04  0.12500000E+03  0.17370752E-02  0.69999999E+00  0.99999799E+03
  0.00000000E+00  0.50000000E+00  0.00000000E+00  0.00000000E+00  0.10016368E+04  0.32273384E+04  0.12500000E+03  0.10290151E-02  0.69999999E+00  0.99999884E+03
  0.00000000E+00  0.10000000E+01  0.00000000E+00  0.00000000E+00  0.10318904E+04  0.68883500E+05  0.12500000E+03  0.19918180E-02  0.69999999E+00  0.99999768E+03
  0.00000000E+00  0.15000000E+01  0.00000000E+00  0.00000000E+00  0.10520969E+04  0.11965105E+06  0.12500000E+03  0.71255339E-03  0.69999999E+00  0.99999915E+03
  0.00000000E+00  0.20000000E+01  0.00000000E+00  0.00000000E+00  0.10071719E+04  0.14377604E+05  0.12500000E+03 -0.41563270E-03  0.69999999E+00  0.10000005E+04
  0.00000000E+00  0.25000000E+01  0.00000000E+00  0.00000000E+00  0.10002466E+04  0.48403955E+03  0.12500000E+03  0.71152863E-04  0.69999999E+00  0.99999994E+03
  0.00000000E+00  0.30000000E+01  0.00000000E+00  0.00000000E+00  0.10000000E+04  0.00000000E+00  0.12500000E+03  0.00000000E+00  0.69999999E+00  0.10000000E+04
  0.00000000E+00  0.35000000E+01  0.00000000E+00  0.00000000E+00  0.10000000E+04  0.00000000E+00  0.12500000E+03  0.00000000E+00  0.69999999E+00  0.10000000E+04
  0.00000000E+00  0.40000000E+01  0.00000000E+00  0.00000000E+00  0.10000000E+04  0.00000000E+00  0.12500000E+03  0.00000000E+00  0.69999999E+00  0.10000000E+04
 -0.25000000E+00 -0.25000000E+00  0.00000000E+00  0.00000000E+00  0.10006414E+04  0.12607445E+04  0.12500000E+03  0.52005530E-03  0.69999999E+00  0.99999939E+03
 -0.25000000E+00  0.25000000E+00  0.00000000E+00  0.00000000E+00  0.10013650E+04  0.26890159E+04  0.12500000E+03  0.68281969E-03  0.69999999E+00  0.99999921E+03
 -0.25000000E+00  0.75000000E+00  0.00000000E+00  0.00000000E+00  0.10097800E+04  0.19760717E+05  0.12500000E+03 -0.57059027E-04  0.69999999E+00  0.10000001E+04
 -0.25000000E+00  0.12500000E+01  0.00000000E+00  0.00000000E+00  0.10086979E+04  0.17517021E+05  0.12500000E+03  0.63796033E-03  0.69999999E+00  0.99999927E+03
 -0.25000000E+00  0.17500000E+01  0.00000000E+00  0.00000000E+00  0.10002001E+04  0.39270071E+03  0.12500000E+03 -0.13774924E-03  0.69999999E+00  0.10000002E+04
 -0.25000000E+00  0.22500000E+01  0.00000000E+00  0.00000000E+00  0.10004730E+04  0.92938812E+03  0.12500000E+03 -0.62706749E-04  0.69999999E+00  0.10000001E+04
 -0.25000000E+00  0.27500000E+01  0.00000000E+00  0.00000000E+00  0.10000000E+04  0.00000000E+00  0.12500000E+03  0.00000000E+00  0.69999999E+00  0.10000000E+04
 -0.25000000E+00  0.32500000E+01  0.00000000E+00  0.00000000E+00  0.10000000E+04  0.00000000E+00  0.12500000E+03  0.00000000E+00  0.69999999E+00  0.10000000E+04
 -0.25000000E+00  0.37500000E+01  0.00000000E+00  0.00000000E+00  0.10000000E+04  0.00000000E+00  0.12500000E+03  0.00000000E+00  0.69999999E+00  0.10000000E+04
  0.80000000E+01  0.00000000E+00  0.00000000E+00  0.00000000E+00  0.10000000E+04  0.00000000E+00  0.12500000E+03  0.00000000E+00  0.69999999E+00  0.10000000E+04
  0.80000000E+01  0.50000000E+00  0.00000000E+00  0.00000000E+00  0.10000000E+04  0.00000000E+00  0.12500000E+03  0.00000000E+00  0.69999999E+00  0.10000000E+04
  0.80000000E+01  0.10000000E+01  0.00000000E+00  0.00000000E+00  0.10000000E+04  0.00000000E+00  0.12500000E+03  0.00000000E+00  0.69999999E+00  0.10000000E+04
  0.80000000E+01  0.15000000E+01  0.00000000E+00  0.00000000E+00  0.10000000E+04  0.00000000E+00  0.12500000E+03  0.00000000E+00  0.69999999E+00  0.10000000E+04
  0.80000000E+01  0.20000000E+01  0.00000000E+00  0.00000000E+00  0.10000000E+04  0.00000000E+00  0.12500000E+03  0.00000000E+00  0.69999999E+00  0.10000000E+04
  0.80000000E+01  0.25000000E+01  0.00000000E+00  0.00000000E+00  0.10000000E+04  0.00000000E+00  0.12500000E+03  0.00000000E+00  0.69999999E+00  0.10000000E+04
  0.80000000E+01  0.30000000E+01  0.00000000E+00  0.00000000E+00  0.10000000E+04  0.00000000E+00  0.12500000E+03  0.00000000E+00  0.69999999E+00  0.10000000E+04
  0.80000000E+01  0.35000000E+01  0.00000000E+00  0.00000000E+00  0.10000000E+04  0.00000000E+00  0.12500000E+03  0.00000000E+00  0.69999999E+00  0.10000000E+04
  0.80000000E+01  0.40000000E+01  0.00000000E+00  0.00000000E+00  0.10000000E+04  0.00000000E+00  0.12500000E+03  0.00000000E+00  0.69999999E+00  0.10000000E+04
  0.82500000E+01 -0.25000000E+00  0.00000000E+00  0.00000000E+00  0.10000000E+04  0.00000000E+00  0.12500000E+03  0.00000000E+00  0.69999999E+00  0.10000000E+04
  0.82500000E+01  0.25000000E+00  0.00000000E+00  0.00000000E+00  0.10000000E+04  0.00000000E+00  0.12500000E+03  0.00000000E+00  0.69999999E+00  0.10000000E+04
  0.82500000E+01  0.75000000E+00  0.00000000E+00  0.00000000E+00  0.10000000E+04  0.00000000E+00  0.12500000E+03  0.00000000E+00  0.69999999E+00  0.10000000E+04
  0.82500000E+01  0.12500000E+01  0.00000000E+00  0.00000000E+00  0.10000000E+04  0.00000000E+00  0.12500000E+03  0.00000000E+00  0.69999999E+00  0.10000000E+04
  0.82500000E+01  0.17500000E+01  0.00000000E+00  0.00000000E+00  0.10000000E+04  0.00000000E+00  0.12500000E+03  0.00000000E+00  0.69999999E+00  0.10000000E+04
  0.82500000E+01  0.22500000E+01  0.00000000E+00  0.00000000E+00  0.10000000E+04  0.00000000E+00  0.12500000E+03  0.00000000E+00  0.69999999E+00  0.10000000E+04
  0.82500000E+01  0.27500000E+01  0.00000000E+00  0.00000000E+00  0.10000000E+04  0.00000000E+00  0.12500000E+03  0.00000000E+00  0.69999999E+00  0.10000000E+04
  0.82500000E+01  0.32500000E+01  0.00000000E+00  0.00000000E+00  0.10000000E+04  0.00000000E+00  0.12500000E+03  0.00000000E+00  0.69999999E+00  0.10000000E+04
  0.82500000E+01  0.37500000E+01  0.00000000E+00  0.00000000E+00  0.10000000E+04  0.00000000E+00  0.12500000E+03  0.00000000E+00  0.69999999E+00  0.10000000E+04
  0.50000000E+00  0.00000000E+00  0.00000000E+00  0.00000000E+00  0.10956460E+04  0.25095681E+06  0.12500000E+03  0.82536228E-02  0.69999999E+00  0.99998962E+03
  0.10000000E+01  0.00000000E+00  0.00000000E+00  0.00000000E+00  0.97607422E+03 -0.43704176E+05  0.12500000E+03  0.27711117E-02  0.69999999E+00  0.99999689E+03
  0.15000000E+01  0.00000000E+00  0.00000000E+00  0.00000000E+00  0.10054780E+04  0.10926138E+05  0.12500000E+03  0.13902639E-01  0.69999999E+00  0.99998401E+03
  0.20000000E+01  0.00000000E+00  0.00000000E+00  0.00000000E+00  0.10313567E+04  0.67621312E+05  0.12500000E+03  0.15103243E-01  0.69999999E+00  0.99998224E+03
  0.25000000E+01  0.00000000E+00  0.00000000E+00  0.00000000E+00  0.10032362E+04  0.64113511E+04  0.12500000E+03  0.78872358E-03  0.69999999E+00  0.99999908E+03
  0.30000000E+01  0.00000000E+00  0.00000000E+00  0.00000000E+00  0.10241854E+04  0.51036902E+05  0.12500000E+03  0.25516970E-02  0.69999999E+00  0.99999701E+03
  0.35000000E+01  0.00000000E+00  0.00000000E+00  0.00000000E+00  0.10198879E+04  0.41426914E+05  0.12500000E+03  0.10101655E-02  0.69999999E+00  0.99999884E+03
  0.40000000E+01  0.00000000E+00  0.00000000E+00  0.00000000E+00  0.10000160E+04  0.31342579E+02  0.12500000E+03 -0.39441511E-04  0.69999999E+00  0.10000001E+04
  0.45000000E+01  0.00000000E+00  0.00000000E+00  0.00000000E+00  0.10000000E+04  0.00000000E+00  0.12500000E+03  0.00000000E+00  0.69999999E+00  0.10000000E+04
  0.50000000E+01  0.00000000E+00  0.00000000E+00  0.00000000E+00  0.10000000E+04  0.00000000E+00  0.12500000E+03  0.00000000E+00  0.69999999E+00  0.10000000E+04
  0.55000000E+01  0.00000000E+00  0.00000000E+00  0.00000000E+00  0.10000000E+04  0.00000000E+00  0.12500000E+03  0.00000000E+00  0.69999999E+00  0.10000000E+04
  0.60000000E+01  0.00000000E+00  0.00000000E+00  0.00000000E+00  0.10000000E+04  0.00000000E+00  0.12500000E+03  0.00000000E+00  0.69999999E+00  0.10000000E+04
  0.65000000E+01  0.00000000E+00  0.00000000E+00  0.00000000E+00  0.10000000E+04  0.00000000E+00  0.12500000E+03  0.00000000E+00  0.69999999E+00  0.10000000E+04
  0.70000000E+01  0.00000000E+00  0.00000000E+00  0.00000000E+00  0.10000000E+04  0.00000000E+00  0.12500000E+03  0.00000000E+00  0.69999999E+00  0.10000000E+04
  0.75000000E+01  0.00000000E+00  0.00000000E+00  0.00000000E+00  0.10000000E+04  0.00000000E+00  0.12500000E+03  0.00000000E+00  0.69999999E+00  0.10000000E+04
  0.25000000E+00 -0.25000000E+00  0.00000000E+00  0.00000000E+00  0.10057061E+04  0.11388790E+05  0.12500000E+03  0.26308876E-02  0.69999999E+00  0.99999695E+03
  0.75000000E+00 -0.25000000E+00  0.00000000E+00  0.00000000E+00  0.10204971E+04  0.42774398E+05  0.12500000E+03  0.62477407E-02  0.69999999E+00  0.99999274E+03
  0.12500000E+01 -0.25000000E+00  0.00000000E+00  0.00000000E+00  0.97014294E+03 -0.53585926E+05  0.12500000E+03  0.48128394E-02  0.69999999E+00  0.99999469E+03
  0.17500000E+01 -0.25000000E+00  0.00000000E+00  0.00000000E+00  0.10028290E+04  0.55977393E+04  0.12500000E+03  0.72941594E-02  0.69999999E+00  0.99999164E+03
  0.22500000E+01 -0.25000000E+00  0.00000000E+00  0.00000000E+00  0.10208711E+04  0.43604004E+05  0.12500000E+03  0.63176770E-02  0.69999999E+00  0.99999261E+03
  0.27500000E+01 -0.25000000E+00  0.00000000E+00  0.00000000E+00  0.10000973E+04  0.19090883E+03  0.12500000E+03  0.87267114E-03  0.69999999E+00  0.99999902E+03
  0.32500000E+01 -0.25000000E+00  0.00000000E+00  0.00000000E+00  0.10025862E+04  0.51135161E+04  0.12500000E+03  0.11533007E-02  0.69999999E+00  0.99999866E+03
  0.37500000E+01 -0.25000000E+00  0.00000000E+00  0.00000000E+00  0.10000057E+04  0.11226847E+02  0.12500000E+03 -0.80379461E-04  0.69999999E+00  0.10000001E+04
  0.42500000E+01 -0.25000000E+00  0.00000000E+00  0.00000000E+00  0.10000000E+04  0.00000000E+00  0.12500000E+03 -0.63759080E-41  0.69999999E+00  0.10000000E+04
  0.47500000E+01 -0.25000000E+00  0.00000000E+00  0.00000000E+00  0.10000000E+04  0.00000000E+00  0.12500000E+03 -0.00000000E+00  0.69999999E+00  0.10000000E+04
  0.52500000E+01 -0.25000000E+00  0.00000000E+00  0.00000000E+00  0.10000000E+04  0.00000000E+00  0.12500000E+03  0.00000000E+00  0.69999999E+00  0.10000000E+04
  0.57500000E+01 -0.25000000E+00  0.00000000E+00  0.00000000E+00  0.10000000E+04  0.00000000E+00  0.12500000E+03  0.00000000E+00  0.69999999E+00  0.10000000E+04
  0.62500000E+01 -0.25000000E+00  0.00000000E+00  0.00000000E+00  0.10000000E+04  0.00000000E+00  0.12500000E+03  0.00000000E+00  0.69999999E+00  0.10000000E+04
  0.67500000E+01 -0.25000000E+00  0.00000000E+00  0.00000000E+00  0.10000000E+04  0.00000000E+00  0.12500000E+03  0.00000000E+00  0.69999999E+00  0.10000000E+04
  0.72500000E+01 -0.25000000E+00  0.00000000E+00  0.00000000E+00  0.10000000E+04  0.00000000E+00  0.12500000E+03  0.00000000E+00  0.69999999E+00  0.10000000E+04
  0.77500000E+01 -0.25000000E+00  0.00000000E+00  0.00000000E+00  0.10000000E+04  0.00000000E+00  0.12500000E+03  0.00000000E+00  0.69999999E+00  0.10000000E+04
  0.40000000E+01  0.50000000E+00  0.00000000E+00  0.00000000E+00  0.10030182E+04  0.59754795E+04  0.12500000E+03 -0.10693035E-03  0.69999999E+00  0.10000001E+04
  0.37500000E+01  0.25000000E+00  0.00000000E+00  0.00000000E+00  0.10208264E+04  0.43505000E+05  0.12500000E+03 -0.43988915E-03  0.69999999E+00  0.10000005E+04
  0.40000000E+01  0.10000000E+01  0.00000000E+00  0.00000000E+00  0.10029131E+04  0.57657300E+04  0.12500000E+03 -0.15038888E-04  0.69999999E+00  0.10000000E+04
  0.37500000E+01  0.75000000E+00  0.00000000E+00  0.00000000E+00  0.10654286E+04  0.15650305E+06  0.12500000E+03  0.38196944E-03  0.69999999E+00  0.99999951E+03
  0.40000000E+01  0.15000000E+01  0.00000000E+00  0.00000000E+00  0.10007245E+04  0.14244340E+04  0.12500000E+03  0.15846902E-03  0.69999999E+00  0.99999982E+03
  0.37500000E+01  0.12500000E+01  0.00000000E+00  0.00000000E+00  0.10325969E+04  0.70560516E+05  0.12500000E+03  0.42786499E-03  0.69999999E+00  0.99999951E+03
  0.40000000E+01  0.20000000E+01  0.00000000E+00  0.00000000E+00  0.10000315E+04  0.61752430E+02  0.12500000E+03  0.31563177E-04  0.69999999E+00  0.99999994E+03
  0.37500000E+01  0.17500000E+01  0.00000000E+00  0.00000000E+00  0.10111676E+04  0.22658818E+05  0.12500000E+03  0.48103882E-03  0.69999999E+00  0.99999945E+03
  0.45000000E+01  0.50000000E+00  0.00000000E+00  0.00000000E+00  0.10000000E+04  0.00000000E+00  0.12500000E+03  0.00000000E+00  0.69999999E+00  0.10000000E+04
  0.42500000E+01  0.25000000E+00  0.00000000E+00  0.00000000E+00  0.10000018E+04  0.35083482E+01  0.12500000E+03 -0.74084828E-05  0.69999999E+00  0.10000000E+04
  0.45000000E+01  0.10000000E+01  0.00000000E+00  0.00000000E+00  0.10000000E+04  0.00000000E+00  0.12500000E+03  0.00000000E+00  0.69999999E+00  0.10000000E+04
  0.42500000E+01  0.75000000E+00  0.00000000E+00  0.00000000E+00  0.10000936E+04  0.18365413E+03  0.12500000E+03 -0.59350036E-05  0.69999999E+00  0.10000000E+04
  0.45000000E+01  0.15000000E+01  0.00000000E+00  0.00000000E+00  0.10000000E+04  0.00000000E+00  0.12500000E+03  0.00000000E+00  0.69999999E+00  0.10000000E+04
  0.42500000E+01  0.12500000E+01  0.00000000E+00  0.00000000E+00  0.10000045E+04  0.88878889E+01  0.12500000E+03  0.12300108E-04  0.69999999E+00  0.10000000E+04
  0.45000000E+01  0.20000000E+01  0.00000000E+00  0.00000000E+00  0.10000000E+04  0.00000000E+00  0.12500000E+03  0.00000000E+00  0.69999999E+00  0.10000000E+04
  0.42500000E+01  0.17500000E+01  0.00000000E+00  0.00000000E+00  0.10000000E+04  0.00000000E+00  0.12500000E+03  0.00000000E+00  0.69999999E+00  0.10000000E+04
  0.50000000E+01  0.50000000E+00  0.00000000E+00  0.00000000E+00  0.10000000E+04  0.00000000E+00  0.12500000E+03  0.00000000E+00  0.69999999E+00  0.10000000E+04
  0.47500000E+01  0.25000000E+00  0.00000000E+00  0.00000000E+00  0.10000000E+04  0.00000000E+00  0.12500000E+03  0.00000000E+00  0.69999999E+00  0.10000000E+04
  0.50000000E+01  0.10000000E+01  0.00000000E+00  0.00000000E+00  0.10000000E+04  0.00000000E+00  0.12500000E+03  0.00000000E+00  0.69999999E+00  0.10000000E+04
  0.47500000E+01  0.75000000E+00  0.00000000E+00  0.00000000E+00  0.10000000E+04  0.00000000E+00  0.12500000E+03  0.00000000E+00  0.69999999E+00  0.10000000E+04
  0.50000000E+01  0.15000000E+01  0.00000000E+00  0.00000000E+00  0.10000000E+04  0.00000000E+00  0.12500000E+03  0.00000000E+00  0.69999999E+00  0.10000000E+04
  0.47500000E+01  0.12500000E+01  0.00000000E+00  0.00000000E+00  0.10000000E+04  0.00000000E+00  0.12500000E+03  0.00000000E+00  0.69999999E+00  0.10000000E+04
  0.50000000E+01  0.20000000E+01  0.00000000E+00  0.00000000E+00  0.10000000E+04  0.00000000E+00  0.12500000E+03  0.00000000E+00  0.69999999E+00  0.10000000E+04
  0.47500000E+01  0.17500000E+01  0.00000000E+00  0.00000000E+00  0.10000000E+04  0.00000000E+00  0.12500000E+03  0.00000000E+00  0.69999999E+00  0.10000000E+04
  0.11490445E+01  0.53152323E+00  0.64683037E+01  0.48343978E+01  0.97625482E+03 -0.43397582E+05  0.12576698E+03  0.12576662E+03  0.10000000E+01  0.00000000E+00
  0.81828952E+00  0.75997567E+00  0.70554757E+00  0.19047047E+01  0.99000757E+03 -0.19027111E+05  0.12561582E+03  0.12561256E+03  0.10000000E+01  0.00000000E+00
  0.72498608E+00  0.90587831E+00 -0.20299777E-02 -0.35759634E+00  0.10002249E+04  0.44164578E+03  0.12546356E+03  0.12546356E+03  0.10000000E+01  0.00000000E+00
  0.95276254E+00  0.13493985E+01  0.55780250E+00  0.87913096E+00  0.99327893E+03 -0.12923829E+05  0.12531018E+03  0.12531018E+03  0.10000000E+01  0.00000000E+00
  0.89636743E+00  0.13710146E+01 -0.10913932E+00  0.66941869E+00  0.99625037E+03 -0.72744937E+04  0.12515567E+03  0.12515567E+03  0.10000000E+01  0.00000000E+00
  0.21452556E+01  0.12184670E+01  0.15251023E+01  0.22707897E+00  0.10044885E+04  0.89258467E+04  0.12500000E+03  0.12500000E+03  0.10000000E+01  0.00000000E+00
  0.14212887E+01  0.30267686E+00  0.18587339E+01 -0.28307676E+00  0.95625732E+03 -0.75346797E+05  0.12576698E+03  0.12575569E+03  0.10000000E+01  0.00000000E+00
  0.10617806E+01  0.71210772E+00 -0.74070501E+00  0.16705270E+01  0.10052899E+04  0.10544977E+05  0.12561582E+03  0.12560624E+03  0.10000000E+01  0.00000000E+00
  0.13726058E+01  0.70262134E+00 -0.90668604E-01  0.26948971E+00  0.10494125E+04  0.11256230E+06  0.12546356E+03  0.12546065E+03  0.10000000E+01  0.00000000E+00
  0.77476346E+00  0.97518969E+00 -0.85953462E+00 -0.65676045E+00  0.99849298E+03 -0.29434854E+04  0.12531018E+03  0.12531018E+03  0.10000000E+01  0.00000000E+00
  0.14099886E+01  0.99212670E+00 -0.70476574E+00  0.21196661E+01  0.10266750E+04  0.56716059E+05  0.12515567E+03  0.12515567E+03  0.10000000E+01  0.00000000E+00
  0.10518228E+01  0.14819620E+01 -0.14549096E+01  0.94020939E+00  0.99097626E+03 -0.17232410E+05  0.12500000E+03  0.12500000E+03  0.10000000E+01  0.00000000E+00
  0.19712095E+01  0.32935783E+00 -0.44887793E+00  0.19554088E+00  0.98072467E+03 -0.35700199E+05  0.12576698E+03  0.12575696E+03  0.10000000E+01  0.00000000E+00
  0.21385949E+01  0.46760273E+00  0.11176172E+01 -0.43519568E+00  0.10007372E+04  0.14495699E+04  0.12561582E+03  0.12561089E+03  0.10000000E+01  0.00000000E+00
  0.25243979E+01  0.60869002E+00 -0.90406835E-01  0.64731777E+00  0.10163965E+04  0.33796363E+05  0.12546356E+03  0.12546005E+03  0.10000000E+01  0.00000000E+00
  0.22116177E+01  0.72858775E+00  0.13557965E+01 -0.50619233E+00  0.10095045E+04  0.19188166E+05  0.12531018E+03  0.12531018E+03  0.10000000E+01  0.00000000E+00
  0.28474259E+01  0.71770000E+00  0.93826866E+00 -0.13027126E+01  0.99266193E+03 -0.14084153E+05  0.12515567E+03  0.12515559E+03  0.10000000E+01  0.00000000E+00
  0.21314433E+01  0.12210581E+01  0.11000295E+01  0.13865742E+00  0.10009652E+04  0.18992889E+04  0.12500000E+03  0.12500000E+03  0.10000000E+01  0.00000000E+00
  0.17192025E+01  0.49230295E+00 -0.19085725E+00 -0.42320782E+00  0.10236752E+04  0.49883250E+05  0.12576698E+03  0.12576570E+03  0.10000000E+01  0.00000000E+00
  0.21449437E+01  0.68348211E+00 -0.31695205E+00 -0.49043411E+00  0.10040179E+04  0.79786387E+04  0.12561582E+03  0.12561221E+03  0.10000000E+01  0.00000000E+00
  0.29812641E+01  0.73410857E+00  0.86020321E-01  0.25843081E+00  0.10164918E+04  0.34002453E+05  0.12546356E+03  0.12546202E+03  0.10000000E+01  0.00000000E+00
  0.28400793E+01  0.71976280E+00  0.17783210E+00  0.14004906E+01  0.10098337E+04  0.19872312E+05  0.12531018E+03  0.12530896E+03  0.10000000E+01  0.00000000E+00
  0.26198950E+01  0.13457193E+01 -0.10751013E+01  0.10137988E+01  0.10123707E+04  0.25190889E+05  0.12515567E+03  0.12515567E+03  0.10000000E+01  0.00000000E+00
  0.28985286E+01  0.12813709E+01 -0.86953633E-01  0.23007276E-01  0.10035413E+04  0.70223843E+04  0.12500000E+03  0.12500012E+03  0.10000000E+01  0.00000000E+00
  0.15455933E+01  0.10717006E+01 -0.10643575E+01  0.15686607E+01  0.10162110E+04  0.33395352E+05  0.12561582E+03  0.12561399E+03  0.10000000E+01  0.00000000E+00
  0.28406038E+01  0.13235832E+01 -0.88654667E+00  0.59814751E+00  0.10055374E+04  0.11046517E+05  0.12531018E+03  0.12531004E+03  0.10000000E+01  0.00000000E+00
  0.18406208E+01  0.15084927E+01 -0.95919907E+00 -0.98906830E-01  0.99753424E+03 -0.48022285E+04  0.12500000E+03  0.12500000E+03  0.10000000E+01  0.00000000E+00
