  0.00000000E+00  0.00000000E+00  0.00000000E+00  0.00000000E+00  0.10034744E+04  0.68881479E+04  0.12500000E+03  0.23013970E-02  0.69999999E+00  0.99999738E+03
  0.00000000E+00  0.50000000E+00  0.00000000E+00  0.00000000E+00  0.10319755E+04  0.69085156E+05  0.12500000E+03  0.26515652E-02  0.69999999E+00  0.99999689E+03
  0.00000000E+00  0.10000000E+01  0.00000000E+00  0.00000000E+00  0.10458311E+04  0.10327294E+06  0.12500000E+03  0.32601485E-02  0.69999999E+00  0.99999609E+03
  0.00000000E+00  0.15000000E+01  0.00000000E+00  0.00000000E+00  0.10274053E+04  0.58397336E+05  0.12500000E+03  0.10931180E-02  0.69999999E+00  0.99999872E+03
  0.00000000E+00  0.20000000E+01  0.00000000E+00  0.00000000E+00  0.10168137E+04  0.34699996E+05  0.12500000E+03 -0.13238871E-02  0.69999999E+00  0.10000015E+04
  0.00000000E+00  0.25000000E+01  0.00000000E+00  0.00000000E+00  0.10030736E+04  0.60862402E+04  0.12500000E+03  0.33517432E-03  0.69999999E+00  0.99999963E+03
  0.00000000E+00  0.30000000E+01  0.00000000E+00  0.00000000E+00  0.10000000E+04  0.00000000E+00  0.12500000E+03  0.60528782E-05  0.69999999E+00  0.10000000E+04
  0.00000000E+00  0.35000000E+01  0.00000000E+00  0.00000000E+00  0.10000000E+04  0.00000000E+00  0.12500000E+03  0.00000000E+00  0.69999999E+00  0.10000000E+04
  0.00000000E+00  0.40000000E+01  0.00000000E+00  0.00000000E+00  0.10000000E+04  0.00000000E+00  0.12500000E+03  0.00000000E+00  0.69999999E+00  0.10000000E+04
 -0.25000000E+00 -0.25000000E+00  0.00000000E+00  0.00000000E+00  0.10006414E+04  0.12607445E+04  0.12500000E+03  0.52005530E-03  0.69999999E+00  0.99999939E+03
 -0.25000000E+00  0.25000000E+00  0.00000000E+00  0.00000000E+00  0.10021960E+04  0.43371870E+04  0.12500000E+03  0.99723530E-03  0.69999999E+00  0.99999884E+03
 -0.25000000E+00  0.75000000E+00  0.00000000E+00  0.00000000E+00  0.10109249E+04  0.22150174E+05  0.12500000E+03  0.31273969E-03  0.69999999E+00  0.99999963E+03
 -0.25000000E+00  0.12500000E+01  0.00000000E+00  0.00000000E+00  0.10032205E+04  0.63798750E+04  0.12500000E+03  0.10287156E-02  0.69999999E+00  0.99999884E+03
 -0.25000000E+00  0.17500000E+01  0.00000000E+00  0.00000000E+00  0.10011903E+04  0.23437339E+04  0.12500000E+03 -0.31970243E-03  0.69999999E+00  0.10000004E+04
 -0.25000000E+00  0.22500000E+01  0.00000000E+00  0.00000000E+00  0.10012462E+04  0.24542319E+04  0.12500000E+03 -0.15003496E-03  0.69999999E+00  0.10000002E+04
 -0.25000000E+00  0.27500000E+01  0.00000000E+00  0.00000000E+00  0.10000000E+04  0.00000000E+00  0.12500000E+03  0.96129075E-42  0.69999999E+00  0.10000000E+04
 -0.25000000E+00  0.32500000E+01  0.00000000E+00  0.00000000E+00  0.10000000E+04  0.00000000E+00  0.12500000E+03  0.20458958E-42  0.69999999E+00  0.10000000E+04
 -0.25000000E+00  0.37500000E+01  0.00000000E+00  0.00000000E+00  0.10000000E+04  0.00000000E+00  0.12500000E+03  0.00000000E+00  0.69999999E+00  0.10000000E+04
  0.80000000E+01  0.00000000E+00  0.00000000E+00  0.00000000E+00  0.10000000E+04  0.00000000E+00  0.12500000E+03  0.00000000E+00  0.69999999E+00  0.10000000E+04
  0.80000000E+01  0.50000000E+00  0.00000000E+00  0.00000000E+00  0.10000000E+04  0.00000000E+00  0.12500000E+03  0.00000000E+00  0.69999999E+00  0.10000000E+04
  0.80000000E+01  0.10000000E+01  0.00000000E+00  0.00000000E+00  0.10000000E+04  0.00000000E+00  0.12500000E+03  0.00000000E+00  0.69999999E+00  0.10000000E+04
  0.80000000E+01  0.15000000E+01  0.00000000E+00  0.00000000E+00  0.10000000E+04  0.00000000E+00  0.12500000E+03  0.00000000E+00  0.69999999E+00  0.10000000E+04
  0.80000000E+01  0.20000000E+01  0.00000000E+00  0.00000000E+00  0.10000000E+04  0.00000000E+00  0.12500000E+03  0.00000000E+00  0.69999999E+00  0.10000000E+04
  0.80000000E+01  0.25000000E+01  0.00000000E+00  0.00000000E+00  0.10000000E+04  0.00000000E+00  0.12500000E+03  0.00000000E+00  0.69999999E+00  0.10000000E+04
  0.80000000E+01  0.30000000E+01  0.00000000E+00  0.00000000E+00  0.10000000E+04  0.00000000E+00  0.12500000E+03  0.00000000E+00  0.69999999E+00  0.10000000E+04
  0.80000000E+01  0.35000000E+01  0.00000000E+00  0.00000000E+00  0.10000000E+04  0.00000000E+00  0.12500000E+03  0.00000000E+00  0.69999999E+00  0.10000000E+04
  0.80000000E+01  0.40000000E+01  0.00000000E+00  0.00000000E+00  0.10000000E+04  0.00000000E+00  0.12500000E+03  0.00000000E+00  0.69999999E+00  0.10000000E+04
  0.82500000E+01 -0.25000000E+00  0.00000000E+00  0.00000000E+00  0.10000000E+04  0.00000000E+00  0.12500000E+03  0.00000000E+00  0.69999999E+00  0.10000000E+04
  0.82500000E+01  0.25000000E+00  0.00000000E+00  0.00000000E+00  0.10000000E+04  0.00000000E+00  0.12500000E+03  0.00000000E+00  0.69999999E+00  0.10000000E+04
  0.82500000E+01  0.75000000E+00  0.00000000E+00  0.00000000E+00  0.10000000E+04  0.00000000E+00  0.12500000E+03  0.00000000E+00  0.69999999E+00  0.10000000E+04
  0.82500000E+01  0.12500000E+01  0.00000000E+00  0.00000000E+00  0.10000000E+04  0.00000000E+00  0.12500000E+03  0.00000000E+00  0.69999999E+00  0.10000000E+04
  0.82500000E+01  0.17500000E+01  0.00000000E+00  0.00000000E+00  0.10000000E+04  0.00000000E+00  0.12500000E+03  0.00000000E+00  0.69999999E+00  0.10000000E+04
  0.82500000E+01  0.22500000E+01  0.00000000E+00  0.00000000E+00  0.10000000E+04  0.00000000E+00  0.12500000E+03  0.00000000E+00  0.69999999E+00  0.10000000E+04
  0.82500000E+01  0.27500000E+01  0.00000000E+00  0.00000000E+00  0.10000000E+04  0.00000000E+00  0.12500000E+03  0.00000000E+00  0.69999999E+00  0.10000000E+04
  0.82500000E+01  0.32500000E+01  0.00000000E+00  0.00000000E+00  0.10000000E+04  0.00000000E+00  0.12500000E+03  0.00000000E+00  0.69999999E+00  0.10000000E+04
  0.82500000E+01  0.37500000E+01  0.00000000E+00  0.00000000E+00  0.10000000E+04  0.00000000E+00  0.12500000E+03  0.00000000E+00  0.69999999E+00  0.10000000E+04
  0.50000000E+00  0.00000000E+00  0.00000000E+00  0.00000000E+00  0.10500392E+04  0.11420744E+06  0.12500000E+03  0.11424066E-01  0.69999999E+00  0.99998627E+03
  0.10000000E+01  0.00000000E+00  0.00000000E+00  0.00000000E+00  0.10755115E+04  0.18627294E+06  0.12500000E+03  0.63311751E-02  0.69999999E+00  0.99999225E+03
  0.15000000E+01  0.00000000E+00  0.00000000E+00  0.00000000E+00  0.10408101E+04  0.90567008E+05  0.12500000E+03  0.20328194E-01  0.69999999E+00  0.99997583E+03
  0.20000000E+01  0.00000000E+00  0.00000000E+00  0.00000000E+00  0.11386055E+04  0.41508091E+06  0.12500000E+03  0.23306688E-01  0.69999999E+00  0.99996967E+03
  0.25000000E+01  0.00000000E+00  0.00000000E+00  0.00000000E+00  0.10499891E+04  0.11407579E+06  0.12500000E+03  0.61331387E-02  0.69999999E+00  0.99999261E+03
  0.30000000E+01  0.00000000E+00  0.00000000E+00  0.00000000E+00  0.10363970E+04  0.79698898E+05  0.12500000E+03  0.78129582E-02  0.69999999E+00  0.99999072E+03
  0.35000000E+01  0.00000000E+00  0.00000000E+00  0.00000000E+00  0.10041012E+04  0.81461494E+04  0.12500000E+03  0.31262564E-02  0.69999999E+00  0.99999640E+03
  0.40000000E+01  0.00000000E+00  0.00000000E+00  0.00000000E+00  0.10000137E+04  0.26898298E+02  0.12500000E+03 -0.68247195E-04  0.69999999E+00  0.10000001E+04
  0.45000000E+01  0.00000000E+00  0.00000000E+00  0.00000000E+00  0.10000000E+04  0.00000000E+00  0.12500000E+03  0.31848711E-40  0.69999999E+00  0.10000000E+04
  0.50000000E+01  0.00000000E+00  0.00000000E+00  0.00000000E+00  0.10000000E+04  0.00000000E+00  0.12500000E+03  0.00000000E+00  0.69999999E+00  0.10000000E+04
  0.55000000E+01  0.00000000E+00  0.00000000E+00  0.00000000E+00  0.10000000E+04  0.00000000E+00  0.12500000E+03  0.00000000E+00  0.69999999E+00  0.10000000E+04
  0.60000000E+01  0.00000000E+00  0.00000000E+00  0.00000000E+00  0.10000000E+04  0.00000000E+00  0.12500000E+03  0.00000000E+00  0.69999999E+00  0.10000000E+04
  0.65000000E+01  0.00000000E+00  0.00000000E+00  0.00000000E+00  0.10000000E+04  0.00000000E+00  0.12500000E+03  0.00000000E+00  0.69999999E+00  0.10000000E+04
  0.70000000E+01  0.00000000E+00  0.00000000E+00  0.00000000E+00  0.10000000E+04  0.00000000E+00  0.12500000E+03  0.00000000E+00  0.69999999E+00  0.10000000E+04
  0.75000000E+01  0.00000000E+00  0.00000000E+00  0.00000000E+00  0.10000000E+04  0.00000000E+00  0.12500000E+03  0.00000000E+00  0.69999999E+00  0.10000000E+04
  0.25000000E+00 -0.25000000E+00  0.00000000E+00  0.00000000E+00  0.10062560E+04  0.12507021E+05  0.12500000E+03  0.31434433E-02  0.69999999E+00  0.99999640E+03
  0.75000000E+00 -0.25000000E+00  0.00000000E+00  0.00000000E+00  0.10274890E+04  0.58590766E+05  0.12500000E+03  0.82510561E-02  0.69999999E+00  0.99999030E+03
  0.12500000E+01 -0.25000000E+00  0.00000000E+00  0.00000000E+00  0.10120607E+04  0.24536572E+05  0.12500000E+03  0.66922670E-02  0.69999999E+00  0.99999225E+03
  0.17500000E+01 -0.25000000E+00  0.00000000E+00  0.00000000E+00  0.10149150E+04  0.30605631E+05  0.12500000E+03  0.10144126E-01  0.69999999E+00  0.99998822E+03
  0.22500000E+01 -0.25000000E+00  0.00000000E+00  0.00000000E+00  0.10016978E+04  0.33480562E+04  0.12500000E+03  0.99204034E-02  0.69999999E+00  0.99998865E+03
  0.27500000E+01 -0.25000000E+00  0.00000000E+00  0.00000000E+00  0.10030437E+04  0.60264487E+04  0.12500000E+03  0.40567415E-02  0.69999999E+00  0.99999536E+03
  0.32500000E+01 -0.25000000E+00  0.00000000E+00  0.00000000E+00  0.10000725E+04  0.14223521E+03  0.12500000E+03  0.28204136E-02  0.69999999E+00  0.99999677E+03
  0.37500000E+01 -0.25000000E+00  0.00000000E+00  0.00000000E+00  0.10000070E+04  0.13565822E+02  0.12500000E+03 -0.15635355E-03  0.69999999E+00  0.10000002E+04
  0.42500000E+01 -0.25000000E+00  0.00000000E+00  0.00000000E+00  0.10000000E+04  0.00000000E+00  0.12500000E+03 -0.13581913E-36  0.69999999E+00  0.10000000E+04
  0.47500000E+01 -0.25000000E+00  0.00000000E+00  0.00000000E+00  0.10000000E+04  0.00000000E+00  0.12500000E+03 -0.57088899E-40  0.69999999E+00  0.10000000E+04
  0.52500000E+01 -0.25000000E+00  0.00000000E+00  0.00000000E+00  0.10000000E+04  0.00000000E+00  0.12500000E+03  0.00000000E+00  0.69999999E+00  0.10000000E+04
  0.57500000E+01 -0.25000000E+00  0.00000000E+00  0.00000000E+00  0.10000000E+04  0.00000000E+00  0.12500000E+03  0.00000000E+00  0.69999999E+00  0.10000000E+04
  0.62500000E+01 -0.25000000E+00  0.00000000E+00  0.00000000E+00  0.10000000E+04  0.00000000E+00  0.12500000E+03  0.00000000E+00  0.69999999E+00  0.10000000E+04
  0.67500000E+01 -0.25000000E+00  0.00000000E+00  0.00000000E+00  0.10000000E+04  0.00000000E+00  0.12500000E+03  0.00000000E+00  0.69999999E+00  0.10000000E+04
  0.72500000E+01 -0.25000000E+00  0.00000000E+00  0.00000000E+00  0.10000000E+04  0.00000000E+00  0.12500000E+03  0.00000000E+00  0.69999999E+00  0.10000000E+04
  0.77500000E+01 -0.25000000E+00  0.00000000E+00  0.00000000E+00  0.10000000E+04  0.00000000E+00  0.12500000E+03  0.00000000E+00  0.69999999E+00  0.10000000E+04
  0.40000000E+01  0.50000000E+00  0.00000000E+00  0.00000000E+00  0.10015388E+04  0.30332429E+04  0.12500000E+03 -0.25538745E-03  0.69999999E+00  0.10000003E+04
  0.37500000E+01  0.25000000E+00  0.00000000E+00  0.00000000E+00  0.10049750E+04  0.99077676E+04  0.12500000E+03 -0.13531335E-02  0.69999999E+00  0.10000015E+04
  0.40000000E+01  0.10000000E+01  0.00000000E+00  0.00000000E+00  0.10044523E+04  0.88528164E+04  0.12500000E+03 -0.11781108E-03  0.69999999E+00  0.10000001E+04
  0.37500000E+01  0.75000000E+00  0.00000000E+00  0.00000000E+00  0.10475356E+04  0.10767046E+06  0.12500000E+03  0.87333110E-03  0.69999999E+00  0.99999896E+03
  0.40000000E+01  0.15000000E+01  0.00000000E+00  0.00000000E+00  0.10009501E+04  0.18694141E+04  0.12500000E+03  0.31048356E-03  0.69999999E+00  0.99999963E+03
  0.37500000E+01  0.12500000E+01  0.00000000E+00  0.00000000E+00  0.10454774E+04  0.10236584E+06  0.12500000E+03  0.73834049E-03  0.69999999E+00  0.99999915E+03
  0.40000000E+01  0.20000000E+01  0.00000000E+00  0.00000000E+00  0.10010637E+04  0.20936599E+04  0.12500000E+03  0.28165942E-03  0.69999999E+00  0.99999969E+03
  0.37500000E+01  0.17500000E+01  0.00000000E+00  0.00000000E+00  0.10256360E+04  0.54335625E+05  0.12500000E+03  0.15359912E-02  0.69999999E+00  0.99999823E+03
  0.45000000E+01  0.50000000E+00  0.00000000E+00  0.00000000E+00  0.10000000E+04  0.00000000E+00  0.12500000E+03  0.16860143E-39  0.69999999E+00  0.10000000E+04
  0.42500000E+01  0.25000000E+00  0.00000000E+00  0.00000000E+00  0.10000018E+04  0.35083482E+01  0.12500000E+03 -0.74084828E-05  0.69999999E+00  0.10000000E+04
  0.45000000E+01  0.10000000E+01  0.00000000E+00  0.00000000E+00  0.10000000E+04  0.00000000E+00  0.12500000E+03  0.00000000E+00  0.69999999E+00  0.10000000E+04
  0.42500000E+01  0.75000000E+00  0.00000000E+00  0.00000000E+00  0.10000944E+04  0.18529227E+03  0.12500000E+03 -0.10442676E-04  0.69999999E+00  0.10000000E+04
  0.45000000E+01  0.15000000E+01  0.00000000E+00  0.00000000E+00  0.10000000E+04  0.00000000E+00  0.12500000E+03 -0.16255062E-42  0.69999999E+00  0.10000000E+04
  0.42500000E+01  0.12500000E+01  0.00000000E+00  0.00000000E+00  0.10000066E+04  0.12864128E+02  0.12500000E+03  0.34267537E-05  0.69999999E+00  0.10000000E+04
  0.45000000E+01  0.20000000E+01  0.00000000E+00  0.00000000E+00  0.10000000E+04  0.00000000E+00  0.12500000E+03  0.16255062E-42  0.69999999E+00  0.10000000E+04
  0.42500000E+01  0.17500000E+01  0.00000000E+00  0.00000000E+00  0.10000031E+04  0.60811610E+01  0.12500000E+03 -0.35628464E-05  0.69999999E+00  0.10000000E+04
  0.50000000E+01  0.50000000E+00  0.00000000E+00  0.00000000E+00  0.10000000E+04  0.00000000E+00  0.12500000E+03  0.00000000E+00  0.69999999E+00  0.10000000E+04
  0.47500000E+01  0.25000000E+00  0.00000000E+00  0.00000000E+00  0.10000000E+04  0.00000000E+00  0.12500000E+03  0.56410671E-40  0.69999999E+00  0.10000000E+04
  0.50000000E+01  0.10000000E+01  0.00000000E+00  0.00000000E+00  0.10000000E+04  0.00000000E+00  0.12500000E+03  0.00000000E+00  0.69999999E+00  0.10000000E+04
  0.47500000E+01  0.75000000E+00  0.00000000E+00  0.00000000E+00  0.10000000E+04  0.00000000E+00  0.12500000E+03  0.00000000E+00  0.69999999E+00  0.10000000E+04
  0.50000000E+01  0.15000000E+01  0.00000000E+00  0.00000000E+00  0.10000000E+04  0.00000000E+00  0.12500000E+03 -0.28025969E-43  0.69999999E+00  0.10000000E+04
  0.47500000E+01  0.12500000E+01  0.00000000E+00  0.00000000E+00  0.10000000E+04  0.00000000E+00  0.12500000E+03  0.00000000E+00  0.69999999E+00  0.10000000E+04
  0.50000000E+01  0.20000000E+01  0.00000000E+00  0.00000000E+00  0.10000000E+04  0.00000000E+00  0.12500000E+03  0.00000000E+00  0.69999999E+00  0.10000000E+04
  0.47500000E+01  0.17500000E+01  0.00000000E+00  0.00000000E+00  0.10000000E+04  0.00000000E+00  0.12500000E+03 -0.00000000E+00  0.69999999E+00  0.10000000E+04
  0.25177939E+01  0.88411784E+00 -0.58554661E+00  0.65470248E+00  0.10108248E+04  0.21940535E+05  0.12576698E+03  0.12576674E+03  0.10000000E+01  0.00000000E+00
  0.12852706E+01  0.83160877E+00 -0.74981451E+00 -0.28830001E+00  0.10084062E+04  0.16914693E+05  0.12561582E+03  0.12561256E+03  0.10000000E+01  0.00000000E+00
  0.17108812E+01  0.10223671E+01  0.22238441E-01  0.33041075E+00  0.10113602E+04  0.23062807E+05  0.12546356E+03  0.12546333E+03  0.10000000E+01  0.00000000E+00
  0.19426801E+01  0.19023740E+01 -0.10902183E+01 -0.11338961E+01  0.10077999E+04  0.15666361E+05  0.12531018E+03  0.12531027E+03  0.10000000E+01  0.00000000E+00
  0.26003237E+01  0.16330732E+01  0.58405167E+00 -0.11383406E+01  0.10150366E+04  0.30866451E+05  0.12515567E+03  0.12515567E+03  0.10000000E+01  0.00000000E+00
  0.28401122E+01  0.14624453E+01  0.65246940E-01  0.11761726E+00  0.10038591E+04  0.76596641E+04  0.12500000E+03  0.12500000E+03  0.10000000E+01  0.00000000E+00
  0.26746964E+01  0.87730277E+00 -0.22883704E+00  0.73162526E-01  0.99910895E+03 -0.17435344E+04  0.12576698E+03  0.12575461E+03  0.10000000E+01  0.00000000E+00
  0.11206778E+01  0.88642728E+00 -0.77782971E+00 -0.29712424E+00  0.10056730E+04  0.11321518E+05  0.12561582E+03  0.12560624E+03  0.10000000E+01  0.00000000E+00
  0.92805588E+00  0.10576777E+01 -0.58858335E+00 -0.34083176E+00  0.10055308E+04  0.11033220E+05  0.12546356E+03  0.12546037E+03  0.10000000E+01  0.00000000E+00
  0.24864070E+01  0.13708566E+01  0.67217231E-01 -0.27483337E-01  0.10029370E+04  0.58133345E+04  0.12531018E+03  0.12531038E+03  0.10000000E+01  0.00000000E+00
  0.12921480E+01  0.81377506E+00  0.27206063E+00  0.21710399E+00  0.10078824E+04  0.15835732E+05  0.12515567E+03  0.12515547E+03  0.10000000E+01  0.00000000E+00
  0.68860960E+00  0.77467096E+00 -0.30828032E+00 -0.37868541E+00  0.10176528E+04  0.36524074E+05  0.12500000E+03  0.12500000E+03  0.10000000E+01  0.00000000E+00
  0.19899428E+01  0.11165119E+01  0.22803120E+00  0.40620035E+00  0.10163604E+04  0.33718242E+05  0.12576698E+03  0.12575644E+03  0.10000000E+01  0.00000000E+00
  0.27388098E+01  0.90255427E+00 -0.33134738E+00 -0.46180439E+00  0.99571155E+03 -0.83064326E+04  0.12561582E+03  0.12561089E+03  0.10000000E+01  0.00000000E+00
  0.29020314E+01  0.11444865E+01  0.45747191E-01  0.55870068E+00  0.10077230E+04  0.15508096E+05  0.12546356E+03  0.12546005E+03  0.10000000E+01  0.00000000E+00
  0.22005265E+01  0.15377320E+01 -0.22265077E+00 -0.65275723E+00  0.97771997E+03 -0.40897734E+05  0.12531018E+03  0.12531018E+03  0.10000000E+01  0.00000000E+00
  0.29504128E+01  0.83006454E+00 -0.61625816E-01 -0.19184260E+00  0.10065798E+04  0.13167119E+05  0.12515567E+03  0.12515553E+03  0.10000000E+01  0.00000000E+00
  0.17706673E+01  0.15129116E+01 -0.14042987E+01  0.10882765E+01  0.10062512E+04  0.12497309E+05  0.12500000E+03  0.12499989E+03  0.10000000E+01  0.00000000E+00
  0.81201434E+00  0.11342877E+01 -0.85739195E-01  0.51280010E+00  0.10105952E+04  0.21460332E+05  0.12576698E+03  0.12576566E+03  0.10000000E+01  0.00000000E+00
  0.26989498E+01  0.88620293E+00  0.11663880E+01  0.41067442E+00  0.99689087E+03 -0.60435610E+04  0.12561582E+03  0.12561245E+03  0.10000000E+01  0.00000000E+00
  0.19655068E+01  0.16034431E+01 -0.18493812E+01 -0.14751911E+01  0.10132701E+04  0.27095750E+05  0.12546356E+03  0.12546202E+03  0.10000000E+01  0.00000000E+00
  0.21970847E+01  0.95574367E+00  0.60274321E+00  0.22952855E+00  0.10163282E+04  0.33648641E+05  0.12531018E+03  0.12530890E+03  0.10000000E+01  0.00000000E+00
  0.10644027E+01  0.14575968E+01  0.86815876E+00  0.86020982E+00  0.10078409E+04  0.15750424E+05  0.12515567E+03  0.12515567E+03  0.10000000E+01  0.00000000E+00
  0.17141399E+01  0.96761370E+00 -0.25820321E+00  0.50004750E+00  0.10203617E+04  0.42474422E+05  0.12500000E+03  0.12500012E+03  0.10000000E+01  0.00000000E+00
  0.89770544E+00  0.12750814E+01 -0.34779921E+00  0.17244354E+00  0.10036959E+04  0.73321445E+04  0.12561582E+03  0.12561399E+03  0.10000000E+01  0.00000000E+00
  0.19052751E+01  0.20008292E+01 -0.17287292E+01 -0.13988327E+01  0.10056556E+04  0.11286435E+05  0.12531018E+03  0.12531004E+03  0.10000000E+01  0.00000000E+00
  0.25757167E+01  0.19487438E+01 -0.10564134E+01 -0.11228640E+01  0.10047427E+04  0.94387080E+04  0.12500000E+03  0.12500000E+03  0.10000000E+01  0.00000000E+00
