  0.00000000E+00  0.00000000E+00  0.00000000E+00  0.00000000E+00  0.10009041E+04  0.17786296E+04  0.12500000E+03  0.24553675E-02  0.69999999E+00  0.99999719E+03
  0.00000000E+00  0.50000000E+00  0.00000000E+00  0.00000000E+00  0.10105002E+04  0.21261811E+05  0.12500000E+03  0.31558182E-02  0.69999999E+00  0.99999634E+03
  0.00000000E+00  0.10000000E+01  0.00000000E+00  0.00000000E+00  0.10151016E+04  0.31005889E+05  0.12500000E+03  0.36341890E-02  0.69999999E+00  0.99999579E+03
  0.00000000E+00  0.15000000E+01  0.00000000E+00  0.00000000E+00  0.10067308E+04  0.13475488E+05  0.12500000E+03  0.13321778E-02  0.69999999E+00  0.99999847E+03
  0.00000000E+00  0.20000000E+01  0.00000000E+00  0.00000000E+00  0.10275209E+04  0.58664254E+05  0.12500000E+03 -0.16271980E-02  0.69999999E+00  0.10000019E+04
  0.00000000E+00  0.25000000E+01  0.00000000E+00  0.00000000E+00  0.10056191E+04  0.11212409E+05  0.12500000E+03  0.49957348E-03  0.69999999E+00  0.99999945E+03
  0.00000000E+00  0.30000000E+01  0.00000000E+00  0.00000000E+00  0.10000026E+04  0.51455903E+01  0.12500000E+03  0.38292605E-04  0.69999999E+00  0.99999994E+03
  0.00000000E+00  0.35000000E+01  0.00000000E+00  0.00000000E+00  0.10000000E+04  0.00000000E+00  0.12500000E+03  0.00000000E+00  0.69999999E+00  0.10000000E+04
  0.00000000E+00  0.40000000E+01  0.00000000E+00  0.00000000E+00  0.10000000E+04  0.00000000E+00  0.12500000E+03  0.00000000E+00  0.69999999E+00  0.10000000E+04
 -0.25000000E+00 -0.25000000E+00  0.00000000E+00  0.00000000E+00  0.10006414E+04  0.12607445E+04  0.12500000E+03  0.52005530E-03  0.69999999E+00  0.99999939E+03
 -0.25000000E+00  0.25000000E+00  0.00000000E+00  0.00000000E+00  0.10005776E+04  0.11353905E+04  0.12500000E+03  0.10965741E-02  0.69999999E+00  0.99999872E+03
 -0.25000000E+00  0.75000000E+00  0.00000000E+00  0.00000000E+00  0.10053274E+04  0.10620788E+05  0.12500000E+03  0.45218412E-03  0.69999999E+00  0.99999945E+03
 -0.25000000E+00  0.12500000E+01  0.00000000E+00  0.00000000E+00  0.10040979E+04  0.81396777E+04  0.12500000E+03  0.11634764E-02  0.69999999E+00  0.99999866E+03
 -0.25000000E+00  0.17500000E+01  0.00000000E+00  0.00000000E+00  0.10009319E+04  0.18334265E+04  0.12500000E+03 -0.34231838E-03  0.69999999E+00  0.10000004E+04
 -0.25000000E+00  0.22500000E+01  0.00000000E+00  0.00000000E+00  0.10015282E+04  0.30119985E+04  0.12500000E+03 -0.18470196E-03  0.69999999E+00  0.10000002E+04
 -0.25000000E+00  0.27500000E+01  0.00000000E+00  0.00000000E+00  0.10000007E+04  0.14033347E+01  0.12500000E+03  0.17473474E-04  0.69999999E+00  0.10000000E+04
 -0.25000000E+00  0.32500000E+01  0.00000000E+00  0.00000000E+00  0.10000000E+04  0.00000000E+00  0.12500000E+03  0.21355789E-41  0.69999999E+00  0.10000000E+04
 -0.25000000E+00  0.37500000E+01  0.00000000E+00  0.00000000E+00  0.10000000E+04  0.00000000E+00  0.12500000E+03  0.00000000E+00  0.69999999E+00  0.10000000E+04
  0.80000000E+01  0.00000000E+00  0.00000000E+00  0.00000000E+00  0.10000000E+04  0.00000000E+00  0.12500000E+03  0.00000000E+00  0.69999999E+00  0.10000000E+04
  0.80000000E+01  0.50000000E+00  0.00000000E+00  0.00000000E+00  0.10000000E+04  0.00000000E+00  0.12500000E+03  0.00000000E+00  0.69999999E+00  0.10000000E+04
  0.80000000E+01  0.10000000E+01  0.00000000E+00  0.00000000E+00  0.10000000E+04  0.00000000E+00  0.12500000E+03  0.00000000E+00  0.69999999E+00  0.10000000E+04
  0.80000000E+01  0.15000000E+01  0.00000000E+00  0.00000000E+00  0.10000000E+04  0.00000000E+00  0.12500000E+03  0.00000000E+00  0.69999999E+00  0.10000000E+04
  0.80000000E+01  0.20000000E+01  0.00000000E+00  0.00000000E+00  0.10000000E+04  0.00000000E+00  0.12500000E+03  0.00000000E+00  0.69999999E+00  0.10000000E+04
  0.80000000E+01  0.25000000E+01  0.00000000E+00  0.00000000E+00  0.10000000E+04  0.00000000E+00  0.12500000E+03  0.00000000E+00  0.69999999E+00  0.10000000E+04
  0.80000000E+01  0.30000000E+01  0.00000000E+00  0.00000000E+00  0.10000000E+04  0.00000000E+00  0.12500000E+03  0.00000000E+00  0.69999999E+00  0.10000000E+04
  0.80000000E+01  0.35000000E+01  0.00000000E+00  0.00000000E+00  0.10000000E+04  0.00000000E+00  0.12500000E+03  0.00000000E+00  0.69999999E+00  0.10000000E+04
  0.80000000E+01  0.40000000E+01  0.00000000E+00  0.00000000E+00  0.10000000E+04  0.00000000E+00  0.12500000E+03  0.00000000E+00  0.69999999E+00  0.10000000E+04
  0.82500000E+01 -0.25000000E+00  0.00000000E+00  0.00000000E+00  0.10000000E+04  0.00000000E+00  0.12500000E+03  0.00000000E+00  0.69999999E+00  0.10000000E+04
  0.82500000E+01  0.25000000E+00  0.00000000E+00  0.00000000E+00  0.10000000E+04  0.00000000E+00  0.12500000E+03  0.00000000E+00  0.69999999E+00  0.10000000E+04
  0.82500000E+01  0.75000000E+00  0.00000000E+00  0.00000000E+00  0.10000000E+04  0.00000000E+00  0.12500000E+03  0.00000000E+00  0.69999999E+00  0.10000000E+04
  0.82500000E+01  0.12500000E+01  0.00000000E+00  0.00000000E+00  0.10000000E+04  0.00000000E+00  0.12500000E+03  0.00000000E+00  0.69999999E+00  0.10000000E+04
  0.82500000E+01  0.17500000E+01  0.00000000E+00  0.00000000E+00  0.10000000E+04  0.00000000E+00  0.12500000E+03  0.00000000E+00  0.69999999E+00  0.10000000E+04
  0.82500000E+01  0.22500000E+01  0.00000000E+00  0.00000000E+00  0.10000000E+04  0.00000000E+00  0.12500000E+03  0.00000000E+00  0.69999999E+00  0.10000000E+04
  0.82500000E+01  0.27500000E+01  0.00000000E+00  0.00000000E+00  0.10000000E+04  0.00000000E+00  0.12500000E+03  0.00000000E+00  0.69999999E+00  0.10000000E+04
  0.82500000E+01  0.32500000E+01  0.00000000E+00  0.00000000E+00  0.10000000E+04  0.00000000E+00  0.12500000E+03  0.00000000E+00  0.69999999E+00  0.10000000E+04
  0.82500000E+01  0.37500000E+01  0.00000000E+00  0.00000000E+00  0.10000000E+04  0.00000000E+00  0.12500000E+03  0.00000000E+00  0.69999999E+00  0.10000000E+04
  0.50000000E+00  0.00000000E+00  0.00000000E+00  0.00000000E+00  0.10350812E+04  0.76511750E+05  0.12500000E+03  0.12425793E-01  0.69999999E+00  0.99998529E+03
  0.10000000E+01  0.00000000E+00  0.00000000E+00  0.00000000E+00  0.10527439E+04  0.12137572E+06  0.12500000E+03  0.71112881E-02  0.69999999E+00  0.99999146E+03
  0.15000000E+01  0.00000000E+00  0.00000000E+00  0.00000000E+00  0.10273922E+04  0.58367355E+05  0.12500000E+03  0.21770492E-01  0.69999999E+00  0.99997443E+03
  0.20000000E+01  0.00000000E+00  0.00000000E+00  0.00000000E+00  0.11340442E+04  0.39581400E+06  0.12500000E+03  0.25125990E-01  0.69999999E+00  0.99996741E+03
  0.25000000E+01  0.00000000E+00  0.00000000E+00  0.00000000E+00  0.10296552E+04  0.63623164E+05  0.12500000E+03  0.74679335E-02  0.69999999E+00  0.99999121E+03
  0.30000000E+01  0.00000000E+00  0.00000000E+00  0.00000000E+00  0.10482234E+04  0.10945686E+06  0.12500000E+03  0.91681741E-02  0.69999999E+00  0.99998901E+03
  0.35000000E+01  0.00000000E+00  0.00000000E+00  0.00000000E+00  0.10055330E+04  0.11037571E+05  0.12500000E+03  0.37443594E-02  0.69999999E+00  0.99999573E+03
  0.40000000E+01  0.00000000E+00  0.00000000E+00  0.00000000E+00  0.10000137E+04  0.26898298E+02  0.12500000E+03 -0.68247195E-04  0.69999999E+00  0.10000001E+04
  0.45000000E+01  0.00000000E+00  0.00000000E+00  0.00000000E+00  0.10000000E+04  0.00000000E+00  0.12500000E+03  0.13613615E-39  0.69999999E+00  0.10000000E+04
  0.50000000E+01  0.00000000E+00  0.00000000E+00  0.00000000E+00  0.10000000E+04  0.00000000E+00  0.12500000E+03 -0.19898438E-42  0.69999999E+00  0.10000000E+04
  0.55000000E+01  0.00000000E+00  0.00000000E+00  0.00000000E+00  0.10000000E+04  0.00000000E+00  0.12500000E+03  0.00000000E+00  0.69999999E+00  0.10000000E+04
  0.60000000E+01  0.00000000E+00  0.00000000E+00  0.00000000E+00  0.10000000E+04  0.00000000E+00  0.12500000E+03  0.00000000E+00  0.69999999E+00  0.10000000E+04
  0.65000000E+01  0.00000000E+00  0.00000000E+00  0.00000000E+00  0.10000000E+04  0.00000000E+00  0.12500000E+03  0.00000000E+00  0.69999999E+00  0.10000000E+04
  0.70000000E+01  0.00000000E+00  0.00000000E+00  0.00000000E+00  0.10000000E+04  0.00000000E+00  0.12500000E+03  0.00000000E+00  0.69999999E+00  0.10000000E+04
  0.75000000E+01  0.00000000E+00  0.00000000E+00  0.00000000E+00  0.10000000E+04  0.00000000E+00  0.12500000E+03  0.00000000E+00  0.69999999E+00  0.10000000E+04
  0.25000000E+00 -0.25000000E+00  0.00000000E+00  0.00000000E+00  0.10056443E+04  0.11263451E+05  0.12500000E+03  0.32991725E-02  0.69999999E+00  0.99999622E+03
  0.75000000E+00 -0.25000000E+00  0.00000000E+00  0.00000000E+00  0.10253064E+04  0.53583578E+05  0.12500000E+03  0.89151785E-02  0.69999999E+00  0.99998956E+03
  0.12500000E+01 -0.25000000E+00  0.00000000E+00  0.00000000E+00  0.10099359E+04  0.20084941E+05  0.12500000E+03  0.70999013E-02  0.69999999E+00  0.99999182E+03
  0.17500000E+01 -0.25000000E+00  0.00000000E+00  0.00000000E+00  0.10148324E+04  0.30428531E+05  0.12500000E+03  0.10842931E-01  0.69999999E+00  0.99998743E+03
  0.22500000E+01 -0.25000000E+00  0.00000000E+00  0.00000000E+00  0.10011045E+04  0.21741714E+04  0.12500000E+03  0.10712976E-01  0.69999999E+00  0.99998773E+03
  0.27500000E+01 -0.25000000E+00  0.00000000E+00  0.00000000E+00  0.10038961E+04  0.77341123E+04  0.12500000E+03  0.48873350E-02  0.69999999E+00  0.99999438E+03
  0.32500000E+01 -0.25000000E+00  0.00000000E+00  0.00000000E+00  0.10004700E+04  0.92328979E+03  0.12500000E+03  0.33665090E-02  0.69999999E+00  0.99999615E+03
  0.37500000E+01 -0.25000000E+00  0.00000000E+00  0.00000000E+00  0.10000070E+04  0.13565822E+02  0.12500000E+03 -0.15635355E-03  0.69999999E+00  0.10000002E+04
  0.42500000E+01 -0.25000000E+00  0.00000000E+00  0.00000000E+00  0.10000000E+04  0.00000000E+00  0.12500000E+03 -0.60238413E-36  0.69999999E+00  0.10000000E+04
  0.47500000E+01 -0.25000000E+00  0.00000000E+00  0.00000000E+00  0.10000000E+04  0.00000000E+00  0.12500000E+03 -0.31078838E-39  0.69999999E+00  0.10000000E+04
  0.52500000E+01 -0.25000000E+00  0.00000000E+00  0.00000000E+00  0.10000000E+04  0.00000000E+00  0.12500000E+03  0.00000000E+00  0.69999999E+00  0.10000000E+04
  0.57500000E+01 -0.25000000E+00  0.00000000E+00  0.00000000E+00  0.10000000E+04  0.00000000E+00  0.12500000E+03  0.00000000E+00  0.69999999E+00  0.10000000E+04
  0.62500000E+01 -0.25000000E+00  0.00000000E+00  0.00000000E+00  0.10000000E+04  0.00000000E+00  0.12500000E+03  0.00000000E+00  0.69999999E+00  0.10000000E+04
  0.67500000E+01 -0.25000000E+00  0.00000000E+00  0.00000000E+00  0.10000000E+04  0.00000000E+00  0.12500000E+03  0.00000000E+00  0.69999999E+00  0.10000000E+04
  0.72500000E+01 -0.25000000E+00  0.00000000E+00  0.00000000E+00  0.10000000E+04  0.00000000E+00  0.12500000E+03  0.00000000E+00  0.69999999E+00  0.10000000E+04
  0.77500000E+01 -0.25000000E+00  0.00000000E+00  0.00000000E+00  0.10000000E+04  0.00000000E+00  0.12500000E+03  0.00000000E+00  0.69999999E+00  0.10000000E+04
  0.40000000E+01  0.50000000E+00  0.00000000E+00  0.00000000E+00  0.10014205E+04  0.27989219E+04  0.12500000E+03 -0.32612198E-03  0.69999999E+00  0.10000004E+04
  0.37500000E+01  0.25000000E+00  0.00000000E+00  0.00000000E+00  0.10054473E+04  0.10863789E+05  0.12500000E+03 -0.16499409E-02  0.69999999E+00  0.10000019E+04
  0.40000000E+01  0.10000000E+01  0.00000000E+00  0.00000000E+00  0.10024364E+04  0.48152974E+04  0.12500000E+03 -0.13439718E-03  0.69999999E+00  0.10000002E+04
  0.37500000E+01  0.75000000E+00  0.00000000E+00  0.00000000E+00  0.10449409E+04  0.10099356E+06  0.12500000E+03  0.97086083E-03  0.69999999E+00  0.99999884E+03
  0.40000000E+01  0.15000000E+01  0.00000000E+00  0.00000000E+00  0.10000673E+04  0.13193980E+03  0.12500000E+03  0.40128164E-03  0.69999999E+00  0.99999951E+03
  0.37500000E+01  0.12500000E+01  0.00000000E+00  0.00000000E+00  0.10248203E+04  0.52477324E+05  0.12500000E+03  0.96002436E-03  0.69999999E+00  0.99999890E+03
  0.40000000E+01  0.20000000E+01  0.00000000E+00  0.00000000E+00  0.10010588E+04  0.20840093E+04  0.12500000E+03  0.32330409E-03  0.69999999E+00  0.99999963E+03
  0.37500000E+01  0.17500000E+01  0.00000000E+00  0.00000000E+00  0.10214240E+04  0.44833906E+05  0.12500000E+03  0.19699617E-02  0.69999999E+00  0.99999768E+03
  0.45000000E+01  0.50000000E+00  0.00000000E+00  0.00000000E+00  0.10000000E+04  0.00000000E+00  0.12500000E+03  0.91445655E-39  0.69999999E+00  0.10000000E+04
  0.42500000E+01  0.25000000E+00  0.00000000E+00  0.00000000E+00  0.10000018E+04  0.35083482E+01  0.12500000E+03 -0.74084828E-05  0.69999999E+00  0.10000000E+04
  0.45000000E+01  0.10000000E+01  0.00000000E+00  0.00000000E+00  0.10000000E+04  0.00000000E+00  0.12500000E+03 -0.57172977E-42  0.69999999E+00  0.10000000E+04
  0.42500000E+01  0.75000000E+00  0.00000000E+00  0.00000000E+00  0.10000944E+04  0.18529227E+03  0.12500000E+03 -0.10690233E-04  0.69999999E+00  0.10000000E+04
  0.45000000E+01  0.15000000E+01  0.00000000E+00  0.00000000E+00  0.10000000E+04  0.00000000E+00  0.12500000E+03 -0.19842386E-41  0.69999999E+00  0.10000000E+04
  0.42500000E+01  0.12500000E+01  0.00000000E+00  0.00000000E+00  0.10000066E+04  0.12864128E+02  0.12500000E+03  0.34267537E-05  0.69999999E+00  0.10000000E+04
  0.45000000E+01  0.20000000E+01  0.00000000E+00  0.00000000E+00  0.10000000E+04  0.00000000E+00  0.12500000E+03  0.19253841E-41  0.69999999E+00  0.10000000E+04
  0.42500000E+01  0.17500000E+01  0.00000000E+00  0.00000000E+00  0.10000031E+04  0.60811610E+01  0.12500000E+03 -0.35628464E-05  0.69999999E+00  0.10000000E+04
  0.50000000E+01  0.50000000E+00  0.00000000E+00  0.00000000E+00  0.10000000E+04  0.00000000E+00  0.12500000E+03  0.13172206E-42  0.69999999E+00  0.10000000E+04
  0.47500000E+01  0.25000000E+00  0.00000000E+00  0.00000000E+00  0.10000000E+04  0.00000000E+00  0.12500000E+03  0.30678347E-39  0.69999999E+00  0.10000000E+04
  0.50000000E+01  0.10000000E+01  0.00000000E+00  0.00000000E+00  0.10000000E+04  0.00000000E+00  0.12500000E+03  0.00000000E+00  0.69999999E+00  0.10000000E+04
  0.47500000E+01  0.75000000E+00  0.00000000E+00  0.00000000E+00  0.10000000E+04  0.00000000E+00  0.12500000E+03  0.19898438E-42  0.69999999E+00  0.10000000E+04
  0.50000000E+01  0.15000000E+01  0.00000000E+00  0.00000000E+00  0.10000000E+04  0.00000000E+00  0.12500000E+03 -0.13676673E-41  0.69999999E+00  0.10000000E+04
  0.47500000E+01  0.12500000E+01  0.00000000E+00  0.00000000E+00  0.10000000E+04  0.00000000E+00  0.12500000E+03 -0.13032076E-41  0.69999999E+00  0.10000000E+04
  0.50000000E+01  0.20000000E+01  0.00000000E+00  0.00000000E+00  0.10000000E+04  0.00000000E+00  0.12500000E+03  0.12835894E-41  0.69999999E+00  0.10000000E+04
  0.47500000E+01  0.17500000E+01  0.00000000E+00  0.00000000E+00  0.10000000E+04  0.00000000E+00  0.12500000E+03  0.00000000E+00  0.69999999E+00  0.10000000E+04
  0.26247494E+01  0.89229202E+00  0.49384004E+00 -0.13360587E+00  0.10023624E+04  0.46679492E+04  0.12576698E+03  0.12576674E+03  0.10000000E+01  0.00000000E+00
  0.87204504E+00  0.10680057E+01 -0.26300284E+00  0.94999325E+00  0.10076422E+04  0.15342312E+05  0.12561582E+03  0.12561256E+03  0.10000000E+01  0.00000000E+00
  0.16073561E+01  0.93743289E+00  0.27541369E+00 -0.45033982E+00  0.10057377E+04  0.11452929E+05  0.12546356E+03  0.12546333E+03  0.10000000E+01  0.00000000E+00
  0.16480739E+01  0.15424979E+01  0.12447175E+01  0.36606631E+00  0.10031354E+04  0.62099072E+04  0.12531018E+03  0.12531027E+03  0.10000000E+01  0.00000000E+00
  0.27791586E+01  0.14823338E+01  0.54879580E-01  0.17485319E+00  0.10031025E+04  0.61438984E+04  0.12515567E+03  0.12515567E+03  0.10000000E+01  0.00000000E+00
  0.24064317E+01  0.15427592E+01 -0.10591426E+01 -0.32045186E+00  0.10050325E+04  0.10024171E+05  0.12500000E+03  0.12500000E+03  0.10000000E+01  0.00000000E+00
  0.28264818E+01  0.95979369E+00 -0.43475930E-01  0.18084151E+00  0.10024304E+04  0.48031938E+04  0.12576698E+03  0.12575461E+03  0.10000000E+01  0.00000000E+00
  0.91087806E+00  0.11534340E+01 -0.28124484E+00 -0.39674351E+00  0.10069609E+04  0.13945755E+05  0.12561582E+03  0.12560624E+03  0.10000000E+01  0.00000000E+00
  0.10114672E+01  0.92586327E+00  0.93300736E+00 -0.23561104E+00  0.10086667E+04  0.17452480E+05  0.12546356E+03  0.12546037E+03  0.10000000E+01  0.00000000E+00
  0.25717180E+01  0.13262473E+01  0.87875205E+00  0.19420655E-01  0.10042354E+04  0.84161641E+04  0.12531018E+03  0.12531038E+03  0.10000000E+01  0.00000000E+00
  0.12468666E+01  0.88628733E+00 -0.39808643E+00  0.27730674E-01  0.10086960E+04  0.17513326E+05  0.12515567E+03  0.12515535E+03  0.10000000E+01  0.00000000E+00
  0.69900489E+00  0.90817618E+00 -0.63450062E+00  0.97562551E+00  0.10090428E+04  0.18230480E+05  0.12500000E+03  0.12500000E+03  0.10000000E+01  0.00000000E+00
  0.20132630E+01  0.95577013E+00 -0.17855930E+00 -0.21749783E+00  0.10034843E+04  0.69079692E+04  0.12576698E+03  0.12575644E+03  0.10000000E+01  0.00000000E+00
  0.27856605E+01  0.90431976E+00 -0.90471208E-01  0.94725505E-01  0.10021238E+04  0.41936040E+04  0.12561582E+03  0.12561059E+03  0.10000000E+01  0.00000000E+00
  0.27765918E+01  0.13329688E+01 -0.78179955E+00  0.54664856E+00  0.10039456E+04  0.78334819E+04  0.12546356E+03  0.12546005E+03  0.10000000E+01  0.00000000E+00
  0.19421668E+01  0.10465318E+01 -0.10400472E+01 -0.87380004E+00  0.10037872E+04  0.75153633E+04  0.12531018E+03  0.12531018E+03  0.10000000E+01  0.00000000E+00
  0.29557891E+01  0.81909049E+00  0.43707603E+00  0.11677148E+01  0.10029785E+04  0.58961826E+04  0.12515567E+03  0.12515553E+03  0.10000000E+01  0.00000000E+00
  0.10995767E+01  0.17794790E+01  0.11854469E+00  0.50043501E-01  0.99905035E+03 -0.18578573E+04  0.12500000E+03  0.12499989E+03  0.10000000E+01  0.00000000E+00
  0.97778368E+00  0.15756401E+01  0.26086766E+00 -0.79283732E+00  0.10026940E+04  0.53285601E+04  0.12576698E+03  0.12576566E+03  0.10000000E+01  0.00000000E+00
  0.27751827E+01  0.88648522E+00 -0.94971186E+00 -0.25577170E+00  0.10019697E+04  0.38874529E+04  0.12561582E+03  0.12561228E+03  0.10000000E+01  0.00000000E+00
  0.15272949E+01  0.12726469E+01  0.32481599E+00 -0.83847210E-01  0.10053864E+04  0.10740335E+05  0.12546356E+03  0.12546202E+03  0.10000000E+01  0.00000000E+00
  0.20842936E+01  0.10236461E+01 -0.21559280E+00 -0.41858204E-01  0.10030594E+04  0.60581299E+04  0.12531018E+03  0.12530890E+03  0.10000000E+01  0.00000000E+00
  0.12080287E+01  0.20213022E+01  0.13869200E+01 -0.23281285E+00  0.99834387E+03 -0.32331987E+04  0.12515567E+03  0.12515567E+03  0.10000000E+01  0.00000000E+00
  0.13803484E+01  0.84239554E+00 -0.61132383E+00 -0.11923203E+00  0.10086445E+04  0.17406914E+05  0.12500000E+03  0.12500012E+03  0.10000000E+01  0.00000000E+00
  0.95390487E+00  0.17109802E+01  0.72412831E+00 -0.33412200E+00  0.10007321E+04  0.14394684E+04  0.12561582E+03  0.12561399E+03  0.10000000E+01  0.00000000E+00
  0.97189176E+00  0.20907106E+01  0.22419789E+01  0.27351522E+00  0.99817871E+03 -0.35538855E+04  0.12531018E+03  0.12531004E+03  0.10000000E+01  0.00000000E+00
  0.20538204E+01  0.16932449E+01 -0.10752842E+01  0.27396467E+00  0.10055800E+04  0.11132838E+05  0.12500000E+03  0.12500000E+03  0.10000000E+01  0.00000000E+00
