  0.00000000E+00  0.00000000E+00  0.00000000E+00  0.00000000E+00  0.10056283E+04  0.11231035E+05  0.12500000E+03  0.14555382E-02  0.69999999E+00  0.99999835E+03
  0.00000000E+00  0.50000000E+00  0.00000000E+00  0.00000000E+00  0.10503365E+04  0.11499030E+06  0.12500000E+03  0.79505291E-03  0.69999999E+00  0.99999902E+03
  0.00000000E+00  0.10000000E+01  0.00000000E+00  0.00000000E+00  0.10136088E+04  0.27815643E+05  0.12500000E+03  0.17036505E-02  0.69999999E+00  0.99999805E+03
  0.00000000E+00  0.15000000E+01  0.00000000E+00  0.00000000E+00  0.10308108E+04  0.66334414E+05  0.12500000E+03  0.59478346E-03  0.69999999E+00  0.99999933E+03
  0.00000000E+00  0.20000000E+01  0.00000000E+00  0.00000000E+00  0.10059076E+04  0.11798035E+05  0.12500000E+03 -0.32236471E-03  0.69999999E+00  0.10000004E+04
  0.00000000E+00  0.25000000E+01  0.00000000E+00  0.00000000E+00  0.10002466E+04  0.48403955E+03  0.12500000E+03  0.71152863E-04  0.69999999E+00  0.99999994E+03
  0.00000000E+00  0.30000000E+01  0.00000000E+00  0.00000000E+00  0.10000000E+04  0.00000000E+00  0.12500000E+03  0.00000000E+00  0.69999999E+00  0.10000000E+04
  0.00000000E+00  0.35000000E+01  0.00000000E+00  0.00000000E+00  0.10000000E+04  0.00000000E+00  0.12500000E+03  0.00000000E+00  0.69999999E+00  0.10000000E+04
  0.00000000E+00  0.40000000E+01  0.00000000E+00  0.00000000E+00  0.10000000E+04  0.00000000E+00  0.12500000E+03  0.00000000E+00  0.69999999E+00  0.10000000E+04
 -0.25000000E+00 -0.25000000E+00  0.00000000E+00  0.00000000E+00  0.10016573E+04  0.32679663E+04  0.12500000E+03  0.48664023E-03  0.69999999E+00  0.99999945E+03
 -0.25000000E+00  0.25000000E+00  0.00000000E+00  0.00000000E+00  0.99979053E+03 -0.41068420E+03  0.12500000E+03  0.57667244E-03  0.69999999E+00  0.99999933E+03
 -0.25000000E+00  0.75000000E+00  0.00000000E+00  0.00000000E+00  0.10016953E+04  0.33430942E+04  0.12500000E+03 -0.79003512E-04  0.69999999E+00  0.10000001E+04
 -0.25000000E+00  0.12500000E+01  0.00000000E+00  0.00000000E+00  0.10069662E+04  0.13956728E+05  0.12500000E+03  0.54472004E-03  0.69999999E+00  0.99999939E+03
 -0.25000000E+00  0.17500000E+01  0.00000000E+00  0.00000000E+00  0.10001616E+04  0.31730682E+03  0.12500000E+03 -0.10675416E-03  0.69999999E+00  0.10000001E+04
 -0.25000000E+00  0.22500000E+01  0.00000000E+00  0.00000000E+00  0.10004730E+04  0.92938812E+03  0.12500000E+03 -0.62706749E-04  0.69999999E+00  0.10000001E+04
 -0.25000000E+00  0.27500000E+01  0.00000000E+00  0.00000000E+00  0.10000000E+04  0.00000000E+00  0.12500000E+03  0.00000000E+00  0.69999999E+00  0.10000000E+04
 -0.25000000E+00  0.32500000E+01  0.00000000E+00  0.00000000E+00  0.10000000E+04  0.00000000E+00  0.12500000E+03  0.00000000E+00  0.69999999E+00  0.10000000E+04
 -0.25000000E+00  0.37500000E+01  0.00000000E+00  0.00000000E+00  0.10000000E+04  0.00000000E+00  0.12500000E+03  0.00000000E+00  0.69999999E+00  0.10000000E+04
  0.80000000E+01  0.00000000E+00  0.00000000E+00  0.00000000E+00  0.10000000E+04  0.00000000E+00  0.12500000E+03  0.00000000E+00  0.69999999E+00  0.10000000E+04
  0.80000000E+01  0.50000000E+00  0.00000000E+00  0.00000000E+00  0.10000000E+04  0.00000000E+00  0.12500000E+03  0.00000000E+00  0.69999999E+00  0.10000000E+04
  0.80000000E+01  0.10000000E+01  0.00000000E+00  0.00000000E+00  0.10000000E+04  0.00000000E+00  0.12500000E+03  0.00000000E+00  0.69999999E+00  0.10000000E+04
  0.80000000E+01  0.15000000E+01  0.00000000E+00  0.00000000E+00  0.10000000E+04  0.00000000E+00  0.12500000E+03  0.00000000E+00  0.69999999E+00  0.10000000E+04
  0.80000000E+01  0.20000000E+01  0.00000000E+00  0.00000000E+00  0.10000000E+04  0.00000000E+00  0.12500000E+03  0.00000000E+00  0.69999999E+00  0.10000000E+04
  0.80000000E+01  0.25000000E+01  0.00000000E+00  0.00000000E+00  0.10000000E+04  0.00000000E+00  0.12500000E+03  0.00000000E+00  0.69999999E+00  0.10000000E+04
  0.80000000E+01  0.30000000E+01  0.00000000E+00  0.00000000E+00  0.10000000E+04  0.00000000E+00  0.12500000E+03  0.00000000E+00  0.69999999E+00  0.10000000E+04
  0.80000000E+01  0.35000000E+01  0.00000000E+00  0.00000000E+00  0.10000000E+04  0.00000000E+00  0.12500000E+03  0.00000000E+00  0.69999999E+00  0.10000000E+04
  0.80000000E+01  0.40000000E+01  0.00000000E+00  0.00000000E+00  0.10000000E+04  0.00000000E+00  0.12500000E+03  0.00000000E+00  0.69999999E+00  0.10000000E+04
  0.82500000E+01 -0.25000000E+00  0.00000000E+00  0.00000000E+00  0.10000000E+04  0.00000000E+00  0.12500000E+03  0.00000000E+00  0.69999999E+00  0.10000000E+04
  0.82500000E+01  0.25000000E+00  0.00000000E+00  0.00000000E+00  0.10000000E+04  0.00000000E+00  0.12500000E+03  0.00000000E+00  0.69999999E+00  0.10000000E+04
  0.82500000E+01  0.75000000E+00  0.00000000E+00  0.00000000E+00  0.10000000E+04  0.00000000E+00  0.12500000E+03  0.00000000E+00  0.69999999E+00  0.10000000E+04
  0.82500000E+01  0.12500000E+01  0.00000000E+00  0.00000000E+00  0.10000000E+04  0.00000000E+00  0.12500000E+03  0.00000000E+00  0.69999999E+00  0.10000000E+04
  0.82500000E+01  0.17500000E+01  0.00000000E+00  0.00000000E+00  0.10000000E+04  0.00000000E+00  0.12500000E+03  0.00000000E+00  0.69999999E+00  0.10000000E+04
  0.82500000E+01  0.22500000E+01  0.00000000E+00  0.00000000E+00  0.10000000E+04  0.00000000E+00  0.12500000E+03  0.00000000E+00  0.69999999E+00  0.10000000E+04
  0.82500000E+01  0.27500000E+01  0.00000000E+00  0.00000000E+00  0.10000000E+04  0.00000000E+00  0.12500000E+03  0.00000000E+00  0.69999999E+00  0.10000000E+04
  0.82500000E+01  0.32500000E+01  0.00000000E+00  0.00000000E+00  0.10000000E+04  0.00000000E+00  0.12500000E+03  0.00000000E+00  0.69999999E+00  0.10000000E+04
  0.82500000E+01  0.37500000E+01  0.00000000E+00  0.00000000E+00  0.10000000E+04  0.00000000E+00  0.12500000E+03  0.00000000E+00  0.69999999E+00  0.10000000E+04
  0.50000000E+00  0.00000000E+00  0.00000000E+00  0.00000000E+00  0.99957715E+03 -0.82855133E+03  0.12500000E+03  0.69677732E-02  0.69999999E+00  0.99999207E+03
  0.10000000E+01  0.00000000E+00  0.00000000E+00  0.00000000E+00  0.10095637E+04  0.19310971E+05  0.12500000E+03  0.24258955E-02  0.69999999E+00  0.99999719E+03
  0.15000000E+01  0.00000000E+00  0.00000000E+00  0.00000000E+00  0.10199719E+04  0.41612535E+05  0.12500000E+03  0.11140310E-01  0.69999999E+00  0.99998700E+03
  0.20000000E+01  0.00000000E+00  0.00000000E+00  0.00000000E+00  0.10000466E+04  0.91463242E+02  0.12500000E+03  0.11907132E-01  0.69999999E+00  0.99998639E+03
  0.25000000E+01  0.00000000E+00  0.00000000E+00  0.00000000E+00  0.10003157E+04  0.61992389E+03  0.12500000E+03  0.64274378E-03  0.69999999E+00  0.99999927E+03
  0.30000000E+01  0.00000000E+00  0.00000000E+00  0.00000000E+00  0.10105260E+04  0.21315602E+05  0.12500000E+03  0.19883395E-02  0.69999999E+00  0.99999768E+03
  0.35000000E+01  0.00000000E+00  0.00000000E+00  0.00000000E+00  0.10008314E+04  0.16352131E+04  0.12500000E+03  0.74936409E-03  0.69999999E+00  0.99999915E+03
  0.40000000E+01  0.00000000E+00  0.00000000E+00  0.00000000E+00  0.10000134E+04  0.26430483E+02  0.12500000E+03 -0.27363869E-04  0.69999999E+00  0.10000001E+04
  0.45000000E+01  0.00000000E+00  0.00000000E+00  0.00000000E+00  0.10000000E+04  0.00000000E+00  0.12500000E+03  0.00000000E+00  0.69999999E+00  0.10000000E+04
  0.50000000E+01  0.00000000E+00  0.00000000E+00  0.00000000E+00  0.10000000E+04  0.00000000E+00  0.12500000E+03  0.00000000E+00  0.69999999E+00  0.10000000E+04
  0.55000000E+01  0.00000000E+00  0.00000000E+00  0.00000000E+00  0.10000000E+04  0.00000000E+00  0.12500000E+03  0.00000000E+00  0.69999999E+00  0.10000000E+04
  0.60000000E+01  0.00000000E+00  0.00000000E+00  0.00000000E+00  0.10000000E+04  0.00000000E+00  0.12500000E+03  0.00000000E+00  0.69999999E+00  0.10000000E+04
  0.65000000E+01  0.00000000E+00  0.00000000E+00  0.00000000E+00  0.10000000E+04  0.00000000E+00  0.12500000E+03  0.00000000E+00  0.69999999E+00  0.10000000E+04
  0.70000000E+01  0.00000000E+00  0.00000000E+00  0.00000000E+00  0.10000000E+04  0.00000000E+00  0.12500000E+03  0.00000000E+00  0.69999999E+00  0.10000000E+04
  0.75000000E+01  0.00000000E+00  0.00000000E+00  0.00000000E+00  0.10000000E+04  0.00000000E+00  0.12500000E+03  0.00000000E+00  0.69999999E+00  0.10000000E+04
  0.25000000E+00 -0.25000000E+00  0.00000000E+00  0.00000000E+00  0.10073879E+04  0.14820506E+05  0.12500000E+03  0.22244956E-02  0.69999999E+00  0.99999744E+03
  0.75000000E+00 -0.25000000E+00  0.00000000E+00  0.00000000E+00  0.10181903E+04  0.37697023E+05  0.12500000E+03  0.51189694E-02  0.69999999E+00  0.99999402E+03
  0.12500000E+01 -0.25000000E+00  0.00000000E+00  0.00000000E+00  0.10020793E+04  0.41052573E+04  0.12500000E+03  0.39544851E-02  0.69999999E+00  0.99999548E+03
  0.17500000E+01 -0.25000000E+00  0.00000000E+00  0.00000000E+00  0.10034406E+04  0.68203335E+04  0.12500000E+03  0.57940306E-02  0.69999999E+00  0.99999335E+03
  0.22500000E+01 -0.25000000E+00  0.00000000E+00  0.00000000E+00  0.10121927E+04  0.24815156E+05  0.12500000E+03  0.49917391E-02  0.69999999E+00  0.99999420E+03
  0.27500000E+01 -0.25000000E+00  0.00000000E+00  0.00000000E+00  0.10060874E+04  0.12163865E+05  0.12500000E+03  0.69764780E-03  0.69999999E+00  0.99999921E+03
  0.32500000E+01 -0.25000000E+00  0.00000000E+00  0.00000000E+00  0.10035483E+04  0.70364795E+04  0.12500000E+03  0.84102381E-03  0.69999999E+00  0.99999902E+03
  0.37500000E+01 -0.25000000E+00  0.00000000E+00  0.00000000E+00  0.10000013E+04  0.25727851E+01  0.12500000E+03 -0.59664068E-04  0.69999999E+00  0.10000001E+04
  0.42500000E+01 -0.25000000E+00  0.00000000E+00  0.00000000E+00  0.10000000E+04  0.00000000E+00  0.12500000E+03 -0.59695315E-42  0.69999999E+00  0.10000000E+04
  0.47500000E+01 -0.25000000E+00  0.00000000E+00  0.00000000E+00  0.10000000E+04  0.00000000E+00  0.12500000E+03  0.00000000E+00  0.69999999E+00  0.10000000E+04
  0.52500000E+01 -0.25000000E+00  0.00000000E+00  0.00000000E+00  0.10000000E+04  0.00000000E+00  0.12500000E+03  0.00000000E+00  0.69999999E+00  0.10000000E+04
  0.57500000E+01 -0.25000000E+00  0.00000000E+00  0.00000000E+00  0.10000000E+04  0.00000000E+00  0.12500000E+03  0.00000000E+00  0.69999999E+00  0.10000000E+04
  0.62500000E+01 -0.25000000E+00  0.00000000E+00  0.00000000E+00  0.10000000E+04  0.00000000E+00  0.12500000E+03  0.00000000E+00  0.69999999E+00  0.10000000E+04
  0.67500000E+01 -0.25000000E+00  0.00000000E+00  0.00000000E+00  0.10000000E+04  0.00000000E+00  0.12500000E+03  0.00000000E+00  0.69999999E+00  0.10000000E+04
  0.72500000E+01 -0.25000000E+00  0.00000000E+00  0.00000000E+00  0.10000000E+04  0.00000000E+00  0.12500000E+03  0.00000000E+00  0.69999999E+00  0.10000000E+04
  0.77500000E+01 -0.25000000E+00  0.00000000E+00  0.00000000E+00  0.10000000E+04  0.00000000E+00  0.12500000E+03  0.00000000E+00  0.69999999E+00  0.10000000E+04
  0.40000000E+01  0.50000000E+00  0.00000000E+00  0.00000000E+00  0.10001036E+04  0.20331239E+03  0.12500000E+03 -0.78290352E-04  0.69999999E+00  0.10000001E+04
  0.37500000E+01  0.25000000E+00  0.00000000E+00  0.00000000E+00  0.10015526E+04  0.30603906E+04  0.12500000E+03 -0.30831760E-03  0.69999999E+00  0.10000004E+04
  0.40000000E+01  0.10000000E+01  0.00000000E+00  0.00000000E+00  0.10005858E+04  0.11513505E+04  0.12500000E+03  0.42164675E-05  0.69999999E+00  0.10000000E+04
  0.37500000E+01  0.75000000E+00  0.00000000E+00  0.00000000E+00  0.10033267E+04  0.65923965E+04  0.12500000E+03  0.21450494E-03  0.69999999E+00  0.99999976E+03
  0.40000000E+01  0.15000000E+01  0.00000000E+00  0.00000000E+00  0.10006726E+04  0.13222653E+04  0.12500000E+03  0.11932851E-03  0.69999999E+00  0.99999988E+03
  0.37500000E+01  0.12500000E+01  0.00000000E+00  0.00000000E+00  0.10180867E+04  0.37470629E+05  0.12500000E+03  0.33609095E-03  0.69999999E+00  0.99999963E+03
  0.40000000E+01  0.20000000E+01  0.00000000E+00  0.00000000E+00  0.10000315E+04  0.61752430E+02  0.12500000E+03  0.20776821E-04  0.69999999E+00  0.10000000E+04
  0.37500000E+01  0.17500000E+01  0.00000000E+00  0.00000000E+00  0.10104821E+04  0.21223963E+05  0.12500000E+03  0.33818383E-03  0.69999999E+00  0.99999963E+03
  0.45000000E+01  0.50000000E+00  0.00000000E+00  0.00000000E+00  0.10000000E+04  0.00000000E+00  0.12500000E+03  0.00000000E+00  0.69999999E+00  0.10000000E+04
  0.42500000E+01  0.25000000E+00  0.00000000E+00  0.00000000E+00  0.10000018E+04  0.35083482E+01  0.12500000E+03 -0.74084828E-05  0.69999999E+00  0.10000000E+04
  0.45000000E+01  0.10000000E+01  0.00000000E+00  0.00000000E+00  0.10000000E+04  0.00000000E+00  0.12500000E+03  0.00000000E+00  0.69999999E+00  0.10000000E+04
  0.42500000E+01  0.75000000E+00  0.00000000E+00  0.00000000E+00  0.10000936E+04  0.18365413E+03  0.12500000E+03 -0.58616174E-05  0.69999999E+00  0.10000000E+04
  0.45000000E+01  0.15000000E+01  0.00000000E+00  0.00000000E+00  0.10000000E+04  0.00000000E+00  0.12500000E+03  0.00000000E+00  0.69999999E+00  0.10000000E+04
  0.42500000E+01  0.12500000E+01  0.00000000E+00  0.00000000E+00  0.10000045E+04  0.88878889E+01  0.12500000E+03  0.12300108E-04  0.69999999E+00  0.10000000E+04
  0.45000000E+01  0.20000000E+01  0.00000000E+00  0.00000000E+00  0.10000000E+04  0.00000000E+00  0.12500000E+03  0.00000000E+00  0.69999999E+00  0.10000000E+04
  0.42500000E+01  0.17500000E+01  0.00000000E+00  0.00000000E+00  0.10000000E+04  0.00000000E+00  0.12500000E+03  0.00000000E+00  0.69999999E+00  0.10000000E+04
  0.50000000E+01  0.50000000E+00  0.00000000E+00  0.00000000E+00  0.10000000E+04  0.00000000E+00  0.12500000E+03  0.00000000E+00  0.69999999E+00  0.10000000E+04
  0.47500000E+01  0.25000000E+00  0.00000000E+00  0.00000000E+00  0.10000000E+04  0.00000000E+00  0.12500000E+03  0.00000000E+00  0.69999999E+00  0.10000000E+04
  0.50000000E+01  0.10000000E+01  0.00000000E+00  0.00000000E+00  0.10000000E+04  0.00000000E+00  0.12500000E+03  0.00000000E+00  0.69999999E+00  0.10000000E+04
  0.47500000E+01  0.75000000E+00  0.00000000E+00  0.00000000E+00  0.10000000E+04  0.00000000E+00  0.12500000E+03  0.00000000E+00  0.69999999E+00  0.10000000E+04
  0.50000000E+01  0.15000000E+01  0.00000000E+00  0.00000000E+00  0.10000000E+04  0.00000000E+00  0.12500000E+03  0.00000000E+00  0.69999999E+00  0.10000000E+04
  0.47500000E+01  0.12500000E+01  0.00000000E+00  0.00000000E+00  0.10000000E+04  0.00000000E+00  0.12500000E+03  0.00000000E+00  0.69999999E+00  0.10000000E+04
  0.50000000E+01  0.20000000E+01  0.00000000E+00  0.00000000E+00  0.10000000E+04  0.00000000E+00  0.12500000E+03  0.00000000E+00  0.69999999E+00  0.10000000E+04
  0.47500000E+01  0.17500000E+01  0.00000000E+00  0.00000000E+00  0.10000000E+04  0.00000000E+00  0.12500000E+03  0.00000000E+00  0.69999999E+00  0.10000000E+04
  0.70727992E+00  0.24949846E+00  0.26229593E+00  0.65504879E-01  0.98909875E+03 -0.20701389E+05  0.12576698E+03  0.12576698E+03  0.10000000E+01  0.00000000E+00
  0.70642328E+00  0.61823523E+00  0.49565923E+00  0.67014962E-01  0.10053700E+04  0.10707244E+05  0.12561582E+03  0.12561256E+03  0.10000000E+01  0.00000000E+00
  0.69500232E+00  0.77650523E+00  0.32456940E+00  0.56308734E+00  0.10073021E+04  0.14644547E+05  0.12546356E+03  0.12546356E+03  0.10000000E+01  0.00000000E+00
  0.85626191E+00  0.10569249E+01 -0.13707297E+00  0.11505659E+01  0.10019528E+04  0.38538479E+04  0.12531018E+03  0.12531018E+03  0.10000000E+01  0.00000000E+00
  0.10331029E+01  0.11209970E+01 -0.78357965E+00  0.88209403E+00  0.10013449E+04  0.26494021E+04  0.12515567E+03  0.12515567E+03  0.10000000E+01  0.00000000E+00
  0.19291253E+01  0.14218423E+01  0.64489806E+00 -0.17844100E+00  0.10033519E+04  0.66429829E+04  0.12500000E+03  0.12500000E+03  0.10000000E+01  0.00000000E+00
  0.13436024E+01  0.19457844E+00 -0.17297876E+00  0.48480558E+00  0.98540466E+03 -0.27412240E+05  0.12576698E+03  0.12575792E+03  0.10000000E+01  0.00000000E+00
  0.98828673E+00  0.48019236E+00 -0.41161619E-01  0.67722760E-02  0.10012199E+04  0.24021589E+04  0.12561582E+03  0.12560802E+03  0.10000000E+01  0.00000000E+00
  0.13789530E+01  0.53947449E+00 -0.86118475E-01  0.27220708E+00  0.10010728E+04  0.21115496E+04  0.12546356E+03  0.12546135E+03  0.10000000E+01  0.00000000E+00
  0.92348981E+00  0.87036932E+00 -0.94044363E+00  0.50853908E+00  0.10049504E+04  0.98581348E+04  0.12531018E+03  0.12531018E+03  0.10000000E+01  0.00000000E+00
  0.15715799E+01  0.85503757E+00 -0.40326434E+00 -0.38085324E+00  0.10052924E+04  0.10550047E+05  0.12515567E+03  0.12515567E+03  0.10000000E+01  0.00000000E+00
  0.12547058E+01  0.12059801E+01 -0.52695489E+00  0.37464631E+00  0.10019324E+04  0.38133845E+04  0.12500000E+03  0.12500000E+03  0.10000000E+01  0.00000000E+00
  0.19683595E+01  0.31436530E+00 -0.47667742E+00  0.11308184E+00  0.98530328E+03 -0.27594309E+05  0.12576698E+03  0.12575919E+03  0.10000000E+01  0.00000000E+00
  0.19378500E+01  0.55220020E+00  0.84734523E+00 -0.67379214E-02  0.99791956E+03 -0.40564365E+04  0.12561582E+03  0.12561089E+03  0.10000000E+01  0.00000000E+00
  0.24994149E+01  0.55804455E+00 -0.18653789E+00  0.50330788E-01  0.10009541E+04  0.18774117E+04  0.12546356E+03  0.12546194E+03  0.10000000E+01  0.00000000E+00
  0.20211871E+01  0.81255257E+00  0.72569209E+00  0.52675748E+00  0.10028004E+04  0.55406514E+04  0.12531018E+03  0.12531018E+03  0.10000000E+01  0.00000000E+00
  0.24929175E+01  0.98596716E+00  0.12393498E+01 -0.72616714E+00  0.10047908E+04  0.95356934E+04  0.12515567E+03  0.12515567E+03  0.10000000E+01  0.00000000E+00
  0.20117323E+01  0.14647458E+01  0.16153154E+00 -0.73388934E+00  0.10039167E+04  0.77755327E+04  0.12500000E+03  0.12500000E+03  0.10000000E+01  0.00000000E+00
  0.17696099E+01  0.53716779E+00 -0.96543765E+00 -0.47410214E+00  0.99860535E+03 -0.27248416E+04  0.12576698E+03  0.12576698E+03  0.10000000E+01  0.00000000E+00
  0.22348866E+01  0.71648175E+00 -0.91379714E+00  0.78044128E+00  0.10021141E+04  0.41744165E+04  0.12561582E+03  0.12561221E+03  0.10000000E+01  0.00000000E+00
  0.27432485E+01  0.78142297E+00 -0.13900477E+00 -0.17745206E+00  0.10048219E+04  0.95985195E+04  0.12546356E+03  0.12546202E+03  0.10000000E+01  0.00000000E+00
  0.26734285E+01  0.58141994E+00  0.95299229E-01  0.69872141E-01  0.10012726E+04  0.25065488E+04  0.12531018E+03  0.12530971E+03  0.10000000E+01  0.00000000E+00
  0.27777529E+01  0.13511887E+01 -0.20060122E+00  0.56428659E+00  0.10093569E+04  0.18881588E+05  0.12515567E+03  0.12515567E+03  0.10000000E+01  0.00000000E+00
  0.27211099E+01  0.14030910E+01  0.11308023E+01 -0.14071706E+00  0.10089760E+04  0.18092262E+05  0.12500000E+03  0.12500000E+03  0.10000000E+01  0.00000000E+00
  0.19311800E+01  0.13009479E+01 -0.15406225E+01 -0.14661975E+01  0.10032049E+04  0.63488789E+04  0.12561582E+03  0.12561399E+03  0.10000000E+01  0.00000000E+00
  0.28919859E+01  0.12662045E+01 -0.27269796E-01  0.74093568E+00  0.10096029E+04  0.19392451E+05  0.12531018E+03  0.12531018E+03  0.10000000E+01  0.00000000E+00
  0.21374636E+01  0.18023899E+01 -0.10789957E+01 -0.61884606E+00  0.10066675E+04  0.13346217E+05  0.12500000E+03  0.12500000E+03  0.10000000E+01  0.00000000E+00
