  0.00000000E+00  0.00000000E+00  0.00000000E+00  0.00000000E+00  0.10008365E+04  0.16453208E+04  0.12500000E+03  0.22395703E-02  0.69999999E+00  0.99999744E+03
  0.00000000E+00  0.50000000E+00  0.00000000E+00  0.00000000E+00  0.10038768E+04  0.76953301E+04  0.12500000E+03  0.24361736E-02  0.69999999E+00  0.99999719E+03
  0.00000000E+00  0.10000000E+01  0.00000000E+00  0.00000000E+00  0.10000599E+04  0.11766714E+03  0.12500000E+03  0.31056523E-02  0.69999999E+00  0.99999646E+03
  0.00000000E+00  0.15000000E+01  0.00000000E+00  0.00000000E+00  0.10183940E+04  0.38142664E+05  0.12500000E+03  0.11157438E-02  0.69999999E+00  0.99999872E+03
  0.00000000E+00  0.20000000E+01  0.00000000E+00  0.00000000E+00  0.10188876E+04  0.39224438E+05  0.12500000E+03 -0.11732380E-02  0.69999999E+00  0.10000013E+04
  0.00000000E+00  0.25000000E+01  0.00000000E+00  0.00000000E+00  0.10030736E+04  0.60862402E+04  0.12500000E+03  0.33517432E-03  0.69999999E+00  0.99999963E+03
  0.00000000E+00  0.30000000E+01  0.00000000E+00  0.00000000E+00  0.10000000E+04  0.00000000E+00  0.12500000E+03  0.60528782E-05  0.69999999E+00  0.10000000E+04
  0.00000000E+00  0.35000000E+01  0.00000000E+00  0.00000000E+00  0.10000000E+04  0.00000000E+00  0.12500000E+03  0.00000000E+00  0.69999999E+00  0.10000000E+04
  0.00000000E+00  0.40000000E+01  0.00000000E+00  0.00000000E+00  0.10000000E+04  0.00000000E+00  0.12500000E+03  0.00000000E+00  0.69999999E+00  0.10000000E+04
 -0.25000000E+00 -0.25000000E+00  0.00000000E+00  0.00000000E+00  0.10006414E+04  0.12607445E+04  0.12500000E+03  0.52005530E-03  0.69999999E+00  0.99999939E+03
 -0.25000000E+00  0.25000000E+00  0.00000000E+00  0.00000000E+00  0.10006859E+04  0.13485677E+04  0.12500000E+03  0.95651421E-03  0.69999999E+00  0.99999890E+03
 -0.25000000E+00  0.75000000E+00  0.00000000E+00  0.00000000E+00  0.10038845E+04  0.77108906E+04  0.12500000E+03  0.25618146E-03  0.69999999E+00  0.99999969E+03
 -0.25000000E+00  0.12500000E+01  0.00000000E+00  0.00000000E+00  0.10006589E+04  0.12954952E+04  0.12500000E+03  0.99211745E-03  0.69999999E+00  0.99999884E+03
 -0.25000000E+00  0.17500000E+01  0.00000000E+00  0.00000000E+00  0.10012075E+04  0.23776570E+04  0.12500000E+03 -0.26610057E-03  0.69999999E+00  0.10000003E+04
 -0.25000000E+00  0.22500000E+01  0.00000000E+00  0.00000000E+00  0.10012462E+04  0.24542319E+04  0.12500000E+03 -0.15003496E-03  0.69999999E+00  0.10000002E+04
 -0.25000000E+00  0.27500000E+01  0.00000000E+00  0.00000000E+00  0.10000000E+04  0.00000000E+00  0.12500000E+03  0.42038954E-42  0.69999999E+00  0.10000000E+04
 -0.25000000E+00  0.32500000E+01  0.00000000E+00  0.00000000E+00  0.10000000E+04  0.00000000E+00  0.12500000E+03  0.00000000E+00  0.69999999E+00  0.10000000E+04
 -0.25000000E+00  0.37500000E+01  0.00000000E+00  0.00000000E+00  0.10000000E+04  0.00000000E+00  0.12500000E+03  0.00000000E+00  0.69999999E+00  0.10000000E+04
  0.80000000E+01  0.00000000E+00  0.00000000E+00  0.00000000E+00  0.10000000E+04  0.00000000E+00  0.12500000E+03  0.00000000E+00  0.69999999E+00  0.10000000E+04
  0.80000000E+01  0.50000000E+00  0.00000000E+00  0.00000000E+00  0.10000000E+04  0.00000000E+00  0.12500000E+03  0.00000000E+00  0.69999999E+00  0.10000000E+04
  0.80000000E+01  0.10000000E+01  0.00000000E+00  0.00000000E+00  0.10000000E+04  0.00000000E+00  0.12500000E+03  0.00000000E+00  0.69999999E+00  0.10000000E+04
  0.80000000E+01  0.15000000E+01  0.00000000E+00  0.00000000E+00  0.10000000E+04  0.00000000E+00  0.12500000E+03  0.00000000E+00  0.69999999E+00  0.10000000E+04
  0.80000000E+01  0.20000000E+01  0.00000000E+00  0.00000000E+00  0.10000000E+04  0.00000000E+00  0.12500000E+03  0.00000000E+00  0.69999999E+00  0.10000000E+04
  0.80000000E+01  0.25000000E+01  0.00000000E+00  0.00000000E+00  0.10000000E+04  0.00000000E+00  0.12500000E+03  0.00000000E+00  0.69999999E+00  0.10000000E+04
  0.80000000E+01  0.30000000E+01  0.00000000E+00  0.00000000E+00  0.10000000E+04  0.00000000E+00  0.12500000E+03  0.00000000E+00  0.69999999E+00  0.10000000E+04
  0.80000000E+01  0.35000000E+01  0.00000000E+00  0.00000000E+00  0.10000000E+04  0.00000000E+00  0.12500000E+03  0.00000000E+00  0.69999999E+00  0.10000000E+04
  0.80000000E+01  0.40000000E+01  0.00000000E+00  0.00000000E+00  0.10000000E+04  0.00000000E+00  0.12500000E+03  0.00000000E+00  0.69999999E+00  0.10000000E+04
  0.82500000E+01 -0.25000000E+00  0.00000000E+00  0.00000000E+00  0.10000000E+04  0.00000000E+00  0.12500000E+03  0.00000000E+00  0.69999999E+00  0.10000000E+04
  0.82500000E+01  0.25000000E+00  0.00000000E+00  0.00000000E+00  0.10000000E+04  0.00000000E+00  0.12500000E+03  0.00000000E+00  0.69999999E+00  0.10000000E+04
  0.82500000E+01  0.75000000E+00  0.00000000E+00  0.00000000E+00  0.10000000E+04  0.00000000E+00  0.12500000E+03  0.00000000E+00  0.69999999E+00  0.10000000E+04
  0.82500000E+01  0.12500000E+01  0.00000000E+00  0.00000000E+00  0.10000000E+04  0.00000000E+00  0.12500000E+03  0.00000000E+00  0.69999999E+00  0.10000000E+04
  0.82500000E+01  0.17500000E+01  0.00000000E+00  0.00000000E+00  0.10000000E+04  0.00000000E+00  0.12500000E+03  0.00000000E+00  0.69999999E+00  0.10000000E+04
  0.82500000E+01  0.22500000E+01  0.00000000E+00  0.00000000E+00  0.10000000E+04  0.00000000E+00  0.12500000E+03  0.00000000E+00  0.69999999E+00  0.10000000E+04
  0.82500000E+01  0.27500000E+01  0.00000000E+00  0.00000000E+00  0.10000000E+04  0.00000000E+00  0.12500000E+03  0.00000000E+00  0.69999999E+00  0.10000000E+04
  0.82500000E+01  0.32500000E+01  0.00000000E+00  0.00000000E+00  0.10000000E+04  0.00000000E+00  0.12500000E+03  0.00000000E+00  0.69999999E+00  0.10000000E+04
  0.82500000E+01  0.37500000E+01  0.00000000E+00  0.00000000E+00  0.10000000E+04  0.00000000E+00  0.12500000E+03  0.00000000E+00  0.69999999E+00  0.10000000E+04
  0.50000000E+00  0.00000000E+00  0.00000000E+00  0.00000000E+00  0.10311481E+04  0.67129008E+05  0.12500000E+03  0.11021620E-01  0.69999999E+00  0.99998700E+03
  0.10000000E+01  0.00000000E+00  0.00000000E+00  0.00000000E+00  0.10355278E+04  0.77590945E+05  0.12500000E+03  0.58656703E-02  0.69999999E+00  0.99999304E+03
  0.15000000E+01  0.00000000E+00  0.00000000E+00  0.00000000E+00  0.10128840E+04  0.26276768E+05  0.12500000E+03  0.19661434E-01  0.69999999E+00  0.99997723E+03
  0.20000000E+01  0.00000000E+00  0.00000000E+00  0.00000000E+00  0.11403269E+04  0.42247331E+06  0.12500000E+03  0.22411818E-01  0.69999999E+00  0.99997076E+03
  0.25000000E+01  0.00000000E+00  0.00000000E+00  0.00000000E+00  0.10374178E+04  0.82188477E+05  0.12500000E+03  0.54853517E-02  0.69999999E+00  0.99999347E+03
  0.30000000E+01  0.00000000E+00  0.00000000E+00  0.00000000E+00  0.10490493E+04  0.11161146E+06  0.12500000E+03  0.71742954E-02  0.69999999E+00  0.99999139E+03
  0.35000000E+01  0.00000000E+00  0.00000000E+00  0.00000000E+00  0.10070580E+04  0.14144533E+05  0.12500000E+03  0.27825253E-02  0.69999999E+00  0.99999683E+03
  0.40000000E+01  0.00000000E+00  0.00000000E+00  0.00000000E+00  0.10000137E+04  0.26898298E+02  0.12500000E+03 -0.68247195E-04  0.69999999E+00  0.10000001E+04
  0.45000000E+01  0.00000000E+00  0.00000000E+00  0.00000000E+00  0.10000000E+04  0.00000000E+00  0.12500000E+03  0.16608189E-40  0.69999999E+00  0.10000000E+04
  0.50000000E+01  0.00000000E+00  0.00000000E+00  0.00000000E+00  0.10000000E+04  0.00000000E+00  0.12500000E+03 -0.00000000E+00  0.69999999E+00  0.10000000E+04
  0.55000000E+01  0.00000000E+00  0.00000000E+00  0.00000000E+00  0.10000000E+04  0.00000000E+00  0.12500000E+03  0.00000000E+00  0.69999999E+00  0.10000000E+04
  0.60000000E+01  0.00000000E+00  0.00000000E+00  0.00000000E+00  0.10000000E+04  0.00000000E+00  0.12500000E+03  0.00000000E+00  0.69999999E+00  0.10000000E+04
  0.65000000E+01  0.00000000E+00  0.00000000E+00  0.00000000E+00  0.10000000E+04  0.00000000E+00  0.12500000E+03  0.00000000E+00  0.69999999E+00  0.10000000E+04
  0.70000000E+01  0.00000000E+00  0.00000000E+00  0.00000000E+00  0.10000000E+04  0.00000000E+00  0.12500000E+03  0.00000000E+00  0.69999999E+00  0.10000000E+04
  0.75000000E+01  0.00000000E+00  0.00000000E+00  0.00000000E+00  0.10000000E+04  0.00000000E+00  0.12500000E+03  0.00000000E+00  0.69999999E+00  0.10000000E+04
  0.25000000E+00 -0.25000000E+00  0.00000000E+00  0.00000000E+00  0.10055172E+04  0.11005660E+05  0.12500000E+03  0.30765003E-02  0.69999999E+00  0.99999646E+03
  0.75000000E+00 -0.25000000E+00  0.00000000E+00  0.00000000E+00  0.10250281E+04  0.52949887E+05  0.12500000E+03  0.80403350E-02  0.69999999E+00  0.99999060E+03
  0.12500000E+01 -0.25000000E+00  0.00000000E+00  0.00000000E+00  0.10086720E+04  0.17463564E+05  0.12500000E+03  0.64654192E-02  0.69999999E+00  0.99999255E+03
  0.17500000E+01 -0.25000000E+00  0.00000000E+00  0.00000000E+00  0.10152189E+04  0.31257779E+05  0.12500000E+03  0.98285880E-02  0.69999999E+00  0.99998859E+03
  0.22500000E+01 -0.25000000E+00  0.00000000E+00  0.00000000E+00  0.10016438E+04  0.32410378E+04  0.12500000E+03  0.95173791E-02  0.69999999E+00  0.99998914E+03
  0.27500000E+01 -0.25000000E+00  0.00000000E+00  0.00000000E+00  0.10071661E+04  0.14365885E+05  0.12500000E+03  0.36496276E-02  0.69999999E+00  0.99999579E+03
  0.32500000E+01 -0.25000000E+00  0.00000000E+00  0.00000000E+00  0.10021539E+04  0.42533042E+04  0.12500000E+03  0.25927704E-02  0.69999999E+00  0.99999701E+03
  0.37500000E+01 -0.25000000E+00  0.00000000E+00  0.00000000E+00  0.10000070E+04  0.13565822E+02  0.12500000E+03 -0.15635355E-03  0.69999999E+00  0.10000002E+04
  0.42500000E+01 -0.25000000E+00  0.00000000E+00  0.00000000E+00  0.10000000E+04  0.00000000E+00  0.12500000E+03 -0.62650922E-37  0.69999999E+00  0.10000000E+04
  0.47500000E+01 -0.25000000E+00  0.00000000E+00  0.00000000E+00  0.10000000E+04  0.00000000E+00  0.12500000E+03 -0.22989703E-40  0.69999999E+00  0.10000000E+04
  0.52500000E+01 -0.25000000E+00  0.00000000E+00  0.00000000E+00  0.10000000E+04  0.00000000E+00  0.12500000E+03  0.00000000E+00  0.69999999E+00  0.10000000E+04
  0.57500000E+01 -0.25000000E+00  0.00000000E+00  0.00000000E+00  0.10000000E+04  0.00000000E+00  0.12500000E+03  0.00000000E+00  0.69999999E+00  0.10000000E+04
  0.62500000E+01 -0.25000000E+00  0.00000000E+00  0.00000000E+00  0.10000000E+04  0.00000000E+00  0.12500000E+03  0.00000000E+00  0.69999999E+00  0.10000000E+04
  0.67500000E+01 -0.25000000E+00  0.00000000E+00  0.00000000E+00  0.10000000E+04  0.00000000E+00  0.12500000E+03  0.00000000E+00  0.69999999E+00  0.10000000E+04
  0.72500000E+01 -0.25000000E+00  0.00000000E+00  0.00000000E+00  0.10000000E+04  0.00000000E+00  0.12500000E+03  0.00000000E+00  0.69999999E+00  0.10000000E+04
  0.77500000E+01 -0.25000000E+00  0.00000000E+00  0.00000000E+00  0.10000000E+04  0.00000000E+00  0.12500000E+03  0.00000000E+00  0.69999999E+00  0.10000000E+04
  0.40000000E+01  0.50000000E+00  0.00000000E+00  0.00000000E+00  0.10006500E+04  0.12778846E+04  0.12500000E+03 -0.26456179E-03  0.69999999E+00  0.10000003E+04
  0.37500000E+01  0.25000000E+00  0.00000000E+00  0.00000000E+00  0.10043333E+04  0.86131758E+04  0.12500000E+03 -0.12315125E-02  0.69999999E+00  0.10000014E+04
  0.40000000E+01  0.10000000E+01  0.00000000E+00  0.00000000E+00  0.10027302E+04  0.54008271E+04  0.12500000E+03 -0.10381153E-03  0.69999999E+00  0.10000001E+04
  0.37500000E+01  0.75000000E+00  0.00000000E+00  0.00000000E+00  0.10383384E+04  0.84445930E+05  0.12500000E+03  0.84452110E-03  0.69999999E+00  0.99999902E+03
  0.40000000E+01  0.15000000E+01  0.00000000E+00  0.00000000E+00  0.10006327E+04  0.12436052E+04  0.12500000E+03  0.26850158E-03  0.69999999E+00  0.99999969E+03
  0.37500000E+01  0.12500000E+01  0.00000000E+00  0.00000000E+00  0.10301285E+04  0.64731746E+05  0.12500000E+03  0.63828524E-03  0.69999999E+00  0.99999927E+03
  0.40000000E+01  0.20000000E+01  0.00000000E+00  0.00000000E+00  0.10027258E+04  0.53920308E+04  0.12500000E+03  0.26049709E-03  0.69999999E+00  0.99999969E+03
  0.37500000E+01  0.17500000E+01  0.00000000E+00  0.00000000E+00  0.10386089E+04  0.85111531E+05  0.12500000E+03  0.13967580E-02  0.69999999E+00  0.99999835E+03
  0.45000000E+01  0.50000000E+00  0.00000000E+00  0.00000000E+00  0.10000000E+04  0.00000000E+00  0.12500000E+03  0.68215209E-40  0.69999999E+00  0.10000000E+04
  0.42500000E+01  0.25000000E+00  0.00000000E+00  0.00000000E+00  0.10000018E+04  0.35083482E+01  0.12500000E+03 -0.74084828E-05  0.69999999E+00  0.10000000E+04
  0.45000000E+01  0.10000000E+01  0.00000000E+00  0.00000000E+00  0.10000000E+04  0.00000000E+00  0.12500000E+03 -0.00000000E+00  0.69999999E+00  0.10000000E+04
  0.42500000E+01  0.75000000E+00  0.00000000E+00  0.00000000E+00  0.10000944E+04  0.18529227E+03  0.12500000E+03 -0.10442676E-04  0.69999999E+00  0.10000000E+04
  0.45000000E+01  0.15000000E+01  0.00000000E+00  0.00000000E+00  0.10000000E+04  0.00000000E+00  0.12500000E+03  0.00000000E+00  0.69999999E+00  0.10000000E+04
  0.42500000E+01  0.12500000E+01  0.00000000E+00  0.00000000E+00  0.10000066E+04  0.12864128E+02  0.12500000E+03  0.34267537E-05  0.69999999E+00  0.10000000E+04
  0.45000000E+01  0.20000000E+01  0.00000000E+00  0.00000000E+00  0.10000000E+04  0.00000000E+00  0.12500000E+03  0.00000000E+00  0.69999999E+00  0.10000000E+04
  0.42500000E+01  0.17500000E+01  0.00000000E+00  0.00000000E+00  0.10000031E+04  0.60811610E+01  0.12500000E+03 -0.35628464E-05  0.69999999E+00  0.10000000E+04
  0.50000000E+01  0.50000000E+00  0.00000000E+00  0.00000000E+00  0.10000000E+04  0.00000000E+00  0.12500000E+03  0.00000000E+00  0.69999999E+00  0.10000000E+04
  0.47500000E+01  0.25000000E+00  0.00000000E+00  0.00000000E+00  0.10000000E+04  0.00000000E+00  0.12500000E+03  0.22689825E-40  0.69999999E+00  0.10000000E+04
  0.50000000E+01  0.10000000E+01  0.00000000E+00  0.00000000E+00  0.10000000E+04  0.00000000E+00  0.12500000E+03  0.00000000E+00  0.69999999E+00  0.10000000E+04
  0.47500000E+01  0.75000000E+00  0.00000000E+00  0.00000000E+00  0.10000000E+04  0.00000000E+00  0.12500000E+03  0.00000000E+00  0.69999999E+00  0.10000000E+04
  0.50000000E+01  0.15000000E+01  0.00000000E+00  0.00000000E+00  0.10000000E+04  0.00000000E+00  0.12500000E+03 -0.00000000E+00  0.69999999E+00  0.10000000E+04
  0.47500000E+01  0.12500000E+01  0.00000000E+00  0.00000000E+00  0.10000000E+04  0.00000000E+00  0.12500000E+03 -0.00000000E+00  0.69999999E+00  0.10000000E+04
  0.50000000E+01  0.20000000E+01  0.00000000E+00  0.00000000E+00  0.10000000E+04  0.00000000E+00  0.12500000E+03  0.00000000E+00  0.69999999E+00  0.10000000E+04
  0.47500000E+01  0.17500000E+01  0.00000000E+00  0.00000000E+00  0.10000000E+04  0.00000000E+00  0.12500000E+03  0.00000000E+00  0.69999999E+00  0.10000000E+04
  0.26780374E+01  0.88162756E+00 -0.10063254E+01 -0.32704830E-01  0.10061738E+04  0.12339769E+05  0.12576698E+03  0.12576674E+03  0.10000000E+01  0.00000000E+00
  0.14888855E+01  0.98913109E+00 -0.80613959E+00 -0.12094932E+00  0.10025123E+04  0.49665103E+04  0.12561582E+03  0.12561256E+03  0.10000000E+01  0.00000000E+00
  0.17082801E+01  0.11513330E+01  0.43013412E+00 -0.90310788E+00  0.99596252E+03 -0.78262671E+04  0.12546356E+03  0.12546333E+03  0.10000000E+01  0.00000000E+00
  0.22244315E+01  0.20137949E+01 -0.19762623E+00  0.65708673E+00  0.99492529E+03 -0.98062188E+04  0.12531018E+03  0.12531027E+03  0.10000000E+01  0.00000000E+00
  0.26276383E+01  0.19705416E+01  0.30689277E-02 -0.96369445E+00  0.99726337E+03 -0.53253838E+04  0.12515567E+03  0.12515567E+03  0.10000000E+01  0.00000000E+00
  0.28316321E+01  0.15642242E+01 -0.43114284E+00 -0.59130955E+00  0.99838525E+03 -0.31528325E+04  0.12500000E+03  0.12500000E+03  0.10000000E+01  0.00000000E+00
  0.27320943E+01  0.97991991E+00  0.39865322E-01 -0.38845864E+00  0.10028791E+04  0.56979048E+04  0.12576698E+03  0.12575494E+03  0.10000000E+01  0.00000000E+00
  0.11615266E+01  0.99498308E+00  0.43467838E+00  0.28167486E+00  0.99591943E+03 -0.79087793E+04  0.12561582E+03  0.12560624E+03  0.10000000E+01  0.00000000E+00
  0.10031133E+01  0.12037401E+01  0.15000002E-01 -0.10976337E+00  0.99975201E+03 -0.48624338E+03  0.12546356E+03  0.12546037E+03  0.10000000E+01  0.00000000E+00
  0.24993479E+01  0.14656595E+01  0.34200899E-01 -0.56933379E+00  0.10034016E+04  0.67425073E+04  0.12531018E+03  0.12531038E+03  0.10000000E+01  0.00000000E+00
  0.12213014E+01  0.90757000E+00  0.10557227E+01  0.41598010E+00  0.10000902E+04  0.17710164E+03  0.12515567E+03  0.12515567E+03  0.10000000E+01  0.00000000E+00
  0.78833926E+00  0.85537446E+00  0.49060330E+00  0.88374650E+00  0.10023686E+04  0.46802852E+04  0.12500000E+03  0.12500000E+03  0.10000000E+01  0.00000000E+00
  0.20188949E+01  0.11142231E+01 -0.11148789E-01  0.24014343E-01  0.99660883E+03 -0.65861230E+04  0.12576698E+03  0.12575644E+03  0.10000000E+01  0.00000000E+00
  0.27415111E+01  0.96802199E+00  0.70133328E+00  0.15264672E+00  0.99795496E+03 -0.39878269E+04  0.12561582E+03  0.12561089E+03  0.10000000E+01  0.00000000E+00
  0.29158182E+01  0.10799860E+01 -0.20739928E+00  0.64411628E+00  0.10104401E+04  0.21136328E+05  0.12546356E+03  0.12546005E+03  0.10000000E+01  0.00000000E+00
  0.23226807E+01  0.15160517E+01  0.56221455E+00  0.65542352E+00  0.99899463E+03 -0.19665605E+04  0.12531018E+03  0.12531018E+03  0.10000000E+01  0.00000000E+00
  0.28841405E+01  0.75064874E+00  0.37835312E+00  0.51350892E+00  0.10116060E+04  0.23579281E+05  0.12515567E+03  0.12515553E+03  0.10000000E+01  0.00000000E+00
  0.19525645E+01  0.14683654E+01  0.78855336E+00  0.18699273E+00  0.99881567E+03 -0.23154436E+04  0.12500000E+03  0.12499989E+03  0.10000000E+01  0.00000000E+00
  0.84886599E+00  0.11471833E+01  0.37016743E+00  0.88851082E+00  0.10010399E+04  0.20465862E+04  0.12576698E+03  0.12576566E+03  0.10000000E+01  0.00000000E+00
  0.25937228E+01  0.98321235E+00  0.65386593E+00 -0.73386610E+00  0.10024851E+04  0.49123789E+04  0.12561582E+03  0.12561221E+03  0.10000000E+01  0.00000000E+00
  0.24489055E+01  0.18623943E+01 -0.18455732E+01  0.21501556E-01  0.98844928E+03 -0.21892160E+05  0.12546356E+03  0.12546202E+03  0.10000000E+01  0.00000000E+00
  0.21042440E+01  0.10031815E+01  0.87739831E+00 -0.17981616E+00  0.10037594E+04  0.74596216E+04  0.12531018E+03  0.12530890E+03  0.10000000E+01  0.00000000E+00
  0.95123374E+00  0.15412564E+01  0.67168415E-01  0.13826436E+00  0.99620276E+03 -0.73658364E+04  0.12515567E+03  0.12515567E+03  0.10000000E+01  0.00000000E+00
  0.17630680E+01  0.89576387E+00  0.45970201E+00  0.19777751E+00  0.10072007E+04  0.14436689E+05  0.12500000E+03  0.12500012E+03  0.10000000E+01  0.00000000E+00
  0.10903652E+01  0.13979635E+01 -0.11673995E+01 -0.11735542E+00  0.99859808E+03 -0.27389893E+04  0.12561582E+03  0.12561399E+03  0.10000000E+01  0.00000000E+00
  0.23596120E+01  0.22328143E+01 -0.10982537E+01 -0.10350168E+00  0.99629559E+03 -0.71878135E+04  0.12531018E+03  0.12531004E+03  0.10000000E+01  0.00000000E+00
  0.29307992E+01  0.20740709E+01 -0.11548007E+01  0.30047822E+00  0.99896472E+03 -0.20249081E+04  0.12500000E+03  0.12500000E+03  0.10000000E+01  0.00000000E+00
