  0.00000000E+00  0.00000000E+00  0.00000000E+00  0.00000000E+00  0.10008341E+04  0.16406195E+04  0.12500000E+03  0.24666490E-02  0.69999999E+00  0.99999719E+03
  0.00000000E+00  0.50000000E+00  0.00000000E+00  0.00000000E+00  0.10125621E+04  0.25595500E+05  0.12500000E+03  0.31979037E-02  0.69999999E+00  0.99999628E+03
  0.00000000E+00  0.10000000E+01  0.00000000E+00  0.00000000E+00  0.10321069E+04  0.69396602E+05  0.12500000E+03  0.36605520E-02  0.69999999E+00  0.99999567E+03
  0.00000000E+00  0.15000000E+01  0.00000000E+00  0.00000000E+00  0.10141196E+04  0.28904168E+05  0.12500000E+03  0.13525793E-02  0.69999999E+00  0.99999841E+03
  0.00000000E+00  0.20000000E+01  0.00000000E+00  0.00000000E+00  0.10195396E+04  0.40658566E+05  0.12500000E+03 -0.16468586E-02  0.69999999E+00  0.10000019E+04
  0.00000000E+00  0.25000000E+01  0.00000000E+00  0.00000000E+00  0.10036489E+04  0.72379434E+04  0.12500000E+03  0.51252561E-03  0.69999999E+00  0.99999939E+03
  0.00000000E+00  0.30000000E+01  0.00000000E+00  0.00000000E+00  0.10000026E+04  0.51455903E+01  0.12500000E+03  0.38292605E-04  0.69999999E+00  0.99999994E+03
  0.00000000E+00  0.35000000E+01  0.00000000E+00  0.00000000E+00  0.10000000E+04  0.00000000E+00  0.12500000E+03  0.00000000E+00  0.69999999E+00  0.10000000E+04
  0.00000000E+00  0.40000000E+01  0.00000000E+00  0.00000000E+00  0.10000000E+04  0.00000000E+00  0.12500000E+03  0.00000000E+00  0.69999999E+00  0.10000000E+04
 -0.25000000E+00 -0.25000000E+00  0.00000000E+00  0.00000000E+00  0.10006414E+04  0.12607445E+04  0.12500000E+03  0.52005530E-03  0.69999999E+00  0.99999939E+03
 -0.25000000E+00  0.25000000E+00  0.00000000E+00  0.00000000E+00  0.10006438E+04  0.12656750E+04  0.12500000E+03  0.11050364E-02  0.69999999E+00  0.99999872E+03
 -0.25000000E+00  0.75000000E+00  0.00000000E+00  0.00000000E+00  0.10080039E+04  0.16085897E+05  0.12500000E+03  0.46629197E-03  0.69999999E+00  0.99999945E+03
 -0.25000000E+00  0.12500000E+01  0.00000000E+00  0.00000000E+00  0.10076332E+04  0.15323706E+05  0.12500000E+03  0.11701777E-02  0.69999999E+00  0.99999866E+03
 -0.25000000E+00  0.17500000E+01  0.00000000E+00  0.00000000E+00  0.10009039E+04  0.17783945E+04  0.12500000E+03 -0.34224830E-03  0.69999999E+00  0.10000004E+04
 -0.25000000E+00  0.22500000E+01  0.00000000E+00  0.00000000E+00  0.10015139E+04  0.29839109E+04  0.12500000E+03 -0.18548567E-03  0.69999999E+00  0.10000002E+04
 -0.25000000E+00  0.27500000E+01  0.00000000E+00  0.00000000E+00  0.10000007E+04  0.14033347E+01  0.12500000E+03  0.17473474E-04  0.69999999E+00  0.10000000E+04
 -0.25000000E+00  0.32500000E+01  0.00000000E+00  0.00000000E+00  0.10000000E+04  0.00000000E+00  0.12500000E+03  0.24074308E-41  0.69999999E+00  0.10000000E+04
 -0.25000000E+00  0.37500000E+01  0.00000000E+00  0.00000000E+00  0.10000000E+04  0.00000000E+00  0.12500000E+03  0.00000000E+00  0.69999999E+00  0.10000000E+04
  0.80000000E+01  0.00000000E+00  0.00000000E+00  0.00000000E+00  0.10000000E+04  0.00000000E+00  0.12500000E+03  0.00000000E+00  0.69999999E+00  0.10000000E+04
  0.80000000E+01  0.50000000E+00  0.00000000E+00  0.00000000E+00  0.10000000E+04  0.00000000E+00  0.12500000E+03  0.00000000E+00  0.69999999E+00  0.10000000E+04
  0.80000000E+01  0.10000000E+01  0.00000000E+00  0.00000000E+00  0.10000000E+04  0.00000000E+00  0.12500000E+03  0.00000000E+00  0.69999999E+00  0.10000000E+04
  0.80000000E+01  0.15000000E+01  0.00000000E+00  0.00000000E+00  0.10000000E+04  0.00000000E+00  0.12500000E+03  0.00000000E+00  0.69999999E+00  0.10000000E+04
  0.80000000E+01  0.20000000E+01  0.00000000E+00  0.00000000E+00  0.10000000E+04  0.00000000E+00  0.12500000E+03  0.00000000E+00  0.69999999E+00  0.10000000E+04
  0.80000000E+01  0.25000000E+01  0.00000000E+00  0.00000000E+00  0.10000000E+04  0.00000000E+00  0.12500000E+03  0.00000000E+00  0.69999999E+00  0.10000000E+04
  0.80000000E+01  0.30000000E+01  0.00000000E+00  0.00000000E+00  0.10000000E+04  0.00000000E+00  0.12500000E+03  0.00000000E+00  0.69999999E+00  0.10000000E+04
  0.80000000E+01  0.35000000E+01  0.00000000E+00  0.00000000E+00  0.10000000E+04  0.00000000E+00  0.12500000E+03  0.00000000E+00  0.69999999E+00  0.10000000E+04
  0.80000000E+01  0.40000000E+01  0.00000000E+00  0.00000000E+00  0.10000000E+04  0.00000000E+00  0.12500000E+03  0.00000000E+00  0.69999999E+00  0.10000000E+04
  0.82500000E+01 -0.25000000E+00  0.00000000E+00  0.00000000E+00  0.10000000E+04  0.00000000E+00  0.12500000E+03  0.00000000E+00  0.69999999E+00  0.10000000E+04
  0.82500000E+01  0.25000000E+00  0.00000000E+00  0.00000000E+00  0.10000000E+04  0.00000000E+00  0.12500000E+03  0.00000000E+00  0.69999999E+00  0.10000000E+04
  0.82500000E+01  0.75000000E+00  0.00000000E+00  0.00000000E+00  0.10000000E+04  0.00000000E+00  0.12500000E+03  0.00000000E+00  0.69999999E+00  0.10000000E+04
  0.82500000E+01  0.12500000E+01  0.00000000E+00  0.00000000E+00  0.10000000E+04  0.00000000E+00  0.12500000E+03  0.00000000E+00  0.69999999E+00  0.10000000E+04
  0.82500000E+01  0.17500000E+01  0.00000000E+00  0.00000000E+00  0.10000000E+04  0.00000000E+00  0.12500000E+03  0.00000000E+00  0.69999999E+00  0.10000000E+04
  0.82500000E+01  0.22500000E+01  0.00000000E+00  0.00000000E+00  0.10000000E+04  0.00000000E+00  0.12500000E+03  0.00000000E+00  0.69999999E+00  0.10000000E+04
  0.82500000E+01  0.27500000E+01  0.00000000E+00  0.00000000E+00  0.10000000E+04  0.00000000E+00  0.12500000E+03  0.00000000E+00  0.69999999E+00  0.10000000E+04
  0.82500000E+01  0.32500000E+01  0.00000000E+00  0.00000000E+00  0.10000000E+04  0.00000000E+00  0.12500000E+03  0.00000000E+00  0.69999999E+00  0.10000000E+04
  0.82500000E+01  0.37500000E+01  0.00000000E+00  0.00000000E+00  0.10000000E+04  0.00000000E+00  0.12500000E+03  0.00000000E+00  0.69999999E+00  0.10000000E+04
  0.50000000E+00  0.00000000E+00  0.00000000E+00  0.00000000E+00  0.10321459E+04  0.69489055E+05  0.12500000E+03  0.12504907E-01  0.69999999E+00  0.99998523E+03
  0.10000000E+01  0.00000000E+00  0.00000000E+00  0.00000000E+00  0.10540581E+04  0.12489871E+06  0.12500000E+03  0.71978928E-02  0.69999999E+00  0.99999133E+03
  0.15000000E+01  0.00000000E+00  0.00000000E+00  0.00000000E+00  0.10326823E+04  0.70763570E+05  0.12500000E+03  0.21914683E-01  0.69999999E+00  0.99997412E+03
  0.20000000E+01  0.00000000E+00  0.00000000E+00  0.00000000E+00  0.11375298E+04  0.41049509E+06  0.12500000E+03  0.25270944E-01  0.69999999E+00  0.99996716E+03
  0.25000000E+01  0.00000000E+00  0.00000000E+00  0.00000000E+00  0.10287694E+04  0.61557648E+05  0.12500000E+03  0.75686476E-02  0.69999999E+00  0.99999109E+03
  0.30000000E+01  0.00000000E+00  0.00000000E+00  0.00000000E+00  0.10383477E+04  0.84468500E+05  0.12500000E+03  0.92740022E-02  0.69999999E+00  0.99998901E+03
  0.35000000E+01  0.00000000E+00  0.00000000E+00  0.00000000E+00  0.10028604E+04  0.56603096E+04  0.12500000E+03  0.38014238E-02  0.69999999E+00  0.99999567E+03
  0.40000000E+01  0.00000000E+00  0.00000000E+00  0.00000000E+00  0.10000137E+04  0.26898298E+02  0.12500000E+03 -0.68247195E-04  0.69999999E+00  0.10000001E+04
  0.45000000E+01  0.00000000E+00  0.00000000E+00  0.00000000E+00  0.10000000E+04  0.00000000E+00  0.12500000E+03  0.15271631E-39  0.69999999E+00  0.10000000E+04
  0.50000000E+01  0.00000000E+00  0.00000000E+00  0.00000000E+00  0.10000000E+04  0.00000000E+00  0.12500000E+03 -0.26344411E-42  0.69999999E+00  0.10000000E+04
  0.55000000E+01  0.00000000E+00  0.00000000E+00  0.00000000E+00  0.10000000E+04  0.00000000E+00  0.12500000E+03  0.00000000E+00  0.69999999E+00  0.10000000E+04
  0.60000000E+01  0.00000000E+00  0.00000000E+00  0.00000000E+00  0.10000000E+04  0.00000000E+00  0.12500000E+03  0.00000000E+00  0.69999999E+00  0.10000000E+04
  0.65000000E+01  0.00000000E+00  0.00000000E+00  0.00000000E+00  0.10000000E+04  0.00000000E+00  0.12500000E+03  0.00000000E+00  0.69999999E+00  0.10000000E+04
  0.70000000E+01  0.00000000E+00  0.00000000E+00  0.00000000E+00  0.10000000E+04  0.00000000E+00  0.12500000E+03  0.00000000E+00  0.69999999E+00  0.10000000E+04
  0.75000000E+01  0.00000000E+00  0.00000000E+00  0.00000000E+00  0.10000000E+04  0.00000000E+00  0.12500000E+03  0.00000000E+00  0.69999999E+00  0.10000000E+04
  0.25000000E+00 -0.25000000E+00  0.00000000E+00  0.00000000E+00  0.10056365E+04  0.11247484E+05  0.12500000E+03  0.33103004E-02  0.69999999E+00  0.99999622E+03
  0.75000000E+00 -0.25000000E+00  0.00000000E+00  0.00000000E+00  0.10251555E+04  0.53239996E+05  0.12500000E+03  0.89619625E-02  0.69999999E+00  0.99998950E+03
  0.12500000E+01 -0.25000000E+00  0.00000000E+00  0.00000000E+00  0.10103755E+04  0.21001436E+05  0.12500000E+03  0.71503427E-02  0.69999999E+00  0.99999176E+03
  0.17500000E+01 -0.25000000E+00  0.00000000E+00  0.00000000E+00  0.10149242E+04  0.30625312E+05  0.12500000E+03  0.10900786E-01  0.69999999E+00  0.99998737E+03
  0.22500000E+01 -0.25000000E+00  0.00000000E+00  0.00000000E+00  0.10011316E+04  0.22276213E+04  0.12500000E+03  0.10773964E-01  0.69999999E+00  0.99998767E+03
  0.27500000E+01 -0.25000000E+00  0.00000000E+00  0.00000000E+00  0.10031389E+04  0.62168188E+04  0.12500000E+03  0.49570631E-02  0.69999999E+00  0.99999432E+03
  0.32500000E+01 -0.25000000E+00  0.00000000E+00  0.00000000E+00  0.99981763E+03 -0.35765387E+03  0.12500000E+03  0.34216018E-02  0.69999999E+00  0.99999609E+03
  0.37500000E+01 -0.25000000E+00  0.00000000E+00  0.00000000E+00  0.10000070E+04  0.13565822E+02  0.12500000E+03 -0.15635355E-03  0.69999999E+00  0.10000002E+04
  0.42500000E+01 -0.25000000E+00  0.00000000E+00  0.00000000E+00  0.10000000E+04  0.00000000E+00  0.12500000E+03 -0.66919696E-36  0.69999999E+00  0.10000000E+04
  0.47500000E+01 -0.25000000E+00  0.00000000E+00  0.00000000E+00  0.10000000E+04  0.00000000E+00  0.12500000E+03 -0.35149330E-39  0.69999999E+00  0.10000000E+04
  0.52500000E+01 -0.25000000E+00  0.00000000E+00  0.00000000E+00  0.10000000E+04  0.00000000E+00  0.12500000E+03  0.00000000E+00  0.69999999E+00  0.10000000E+04
  0.57500000E+01 -0.25000000E+00  0.00000000E+00  0.00000000E+00  0.10000000E+04  0.00000000E+00  0.12500000E+03  0.00000000E+00  0.69999999E+00  0.10000000E+04
  0.62500000E+01 -0.25000000E+00  0.00000000E+00  0.00000000E+00  0.10000000E+04  0.00000000E+00  0.12500000E+03  0.00000000E+00  0.69999999E+00  0.10000000E+04
  0.67500000E+01 -0.25000000E+00  0.00000000E+00  0.00000000E+00  0.10000000E+04  0.00000000E+00  0.12500000E+03  0.00000000E+00  0.69999999E+00  0.10000000E+04
  0.72500000E+01 -0.25000000E+00  0.00000000E+00  0.00000000E+00  0.10000000E+04  0.00000000E+00  0.12500000E+03  0.00000000E+00  0.69999999E+00  0.10000000E+04
  0.77500000E+01 -0.25000000E+00  0.00000000E+00  0.00000000E+00  0.10000000E+04  0.00000000E+00  0.12500000E+03  0.00000000E+00  0.69999999E+00  0.10000000E+04
  0.40000000E+01  0.50000000E+00  0.00000000E+00  0.00000000E+00  0.10013246E+04  0.26090857E+04  0.12500000E+03 -0.34071575E-03  0.69999999E+00  0.10000004E+04
  0.37500000E+01  0.25000000E+00  0.00000000E+00  0.00000000E+00  0.10036375E+04  0.72149946E+04  0.12500000E+03 -0.16901083E-02  0.69999999E+00  0.10000020E+04
  0.40000000E+01  0.10000000E+01  0.00000000E+00  0.00000000E+00  0.10031084E+04  0.61558125E+04  0.12500000E+03 -0.13315637E-03  0.69999999E+00  0.10000002E+04
  0.37500000E+01  0.75000000E+00  0.00000000E+00  0.00000000E+00  0.10415737E+04  0.92475898E+05  0.12500000E+03  0.97146130E-03  0.69999999E+00  0.99999884E+03
  0.40000000E+01  0.15000000E+01  0.00000000E+00  0.00000000E+00  0.10000901E+04  0.17686761E+03  0.12500000E+03  0.41359261E-03  0.69999999E+00  0.99999951E+03
  0.37500000E+01  0.12500000E+01  0.00000000E+00  0.00000000E+00  0.10248982E+04  0.52654297E+05  0.12500000E+03  0.98392949E-03  0.69999999E+00  0.99999884E+03
  0.40000000E+01  0.20000000E+01  0.00000000E+00  0.00000000E+00  0.10010588E+04  0.20840093E+04  0.12500000E+03  0.32330409E-03  0.69999999E+00  0.99999963E+03
  0.37500000E+01  0.17500000E+01  0.00000000E+00  0.00000000E+00  0.10209277E+04  0.43730047E+05  0.12500000E+03  0.20092970E-02  0.69999999E+00  0.99999768E+03
  0.45000000E+01  0.50000000E+00  0.00000000E+00  0.00000000E+00  0.10000000E+04  0.00000000E+00  0.12500000E+03  0.10343460E-38  0.69999999E+00  0.10000000E+04
  0.42500000E+01  0.25000000E+00  0.00000000E+00  0.00000000E+00  0.10000018E+04  0.35083482E+01  0.12500000E+03 -0.74084828E-05  0.69999999E+00  0.10000000E+04
  0.45000000E+01  0.10000000E+01  0.00000000E+00  0.00000000E+00  0.10000000E+04  0.00000000E+00  0.12500000E+03 -0.71185962E-42  0.69999999E+00  0.10000000E+04
  0.42500000E+01  0.75000000E+00  0.00000000E+00  0.00000000E+00  0.10000944E+04  0.18529227E+03  0.12500000E+03 -0.11658032E-04  0.69999999E+00  0.10000000E+04
  0.45000000E+01  0.15000000E+01  0.00000000E+00  0.00000000E+00  0.10000000E+04  0.00000000E+00  0.12500000E+03 -0.23569840E-41  0.69999999E+00  0.10000000E+04
  0.42500000E+01  0.12500000E+01  0.00000000E+00  0.00000000E+00  0.10000066E+04  0.12864128E+02  0.12500000E+03  0.34267537E-05  0.69999999E+00  0.10000000E+04
  0.45000000E+01  0.20000000E+01  0.00000000E+00  0.00000000E+00  0.10000000E+04  0.00000000E+00  0.12500000E+03  0.22897217E-41  0.69999999E+00  0.10000000E+04
  0.42500000E+01  0.17500000E+01  0.00000000E+00  0.00000000E+00  0.10000031E+04  0.60811610E+01  0.12500000E+03 -0.35628464E-05  0.69999999E+00  0.10000000E+04
  0.50000000E+01  0.50000000E+00  0.00000000E+00  0.00000000E+00  0.10000000E+04  0.00000000E+00  0.12500000E+03  0.19618179E-42  0.69999999E+00  0.10000000E+04
  0.47500000E+01  0.25000000E+00  0.00000000E+00  0.00000000E+00  0.10000000E+04  0.00000000E+00  0.12500000E+03  0.34705118E-39  0.69999999E+00  0.10000000E+04
  0.50000000E+01  0.10000000E+01  0.00000000E+00  0.00000000E+00  0.10000000E+04  0.00000000E+00  0.12500000E+03 -0.00000000E+00  0.69999999E+00  0.10000000E+04
  0.47500000E+01  0.75000000E+00  0.00000000E+00  0.00000000E+00  0.10000000E+04  0.00000000E+00  0.12500000E+03  0.26344411E-42  0.69999999E+00  0.10000000E+04
  0.50000000E+01  0.15000000E+01  0.00000000E+00  0.00000000E+00  0.10000000E+04  0.00000000E+00  0.12500000E+03 -0.16367166E-41  0.69999999E+00  0.10000000E+04
  0.47500000E+01  0.12500000E+01  0.00000000E+00  0.00000000E+00  0.10000000E+04  0.00000000E+00  0.12500000E+03 -0.15610465E-41  0.69999999E+00  0.10000000E+04
  0.50000000E+01  0.20000000E+01  0.00000000E+00  0.00000000E+00  0.10000000E+04  0.00000000E+00  0.12500000E+03  0.15414283E-41  0.69999999E+00  0.10000000E+04
  0.47500000E+01  0.17500000E+01  0.00000000E+00  0.00000000E+00  0.10000000E+04  0.00000000E+00  0.12500000E+03 -0.00000000E+00  0.69999999E+00  0.10000000E+04
  0.26311944E+01  0.88907480E+00  0.25257289E+00 -0.29552832E+00  0.10056279E+04  0.11230067E+05  0.12576698E+03  0.12576674E+03  0.10000000E+01  0.00000000E+00
  0.85586834E+00  0.10980147E+01 -0.14298868E+00  0.72722578E+00  0.99809729E+03 -0.37118550E+04  0.12561582E+03  0.12561256E+03  0.10000000E+01  0.00000000E+00
  0.16192048E+01  0.92022681E+00  0.22844410E+00 -0.10434088E+00  0.10017751E+04  0.35014382E+04  0.12546356E+03  0.12546333E+03  0.10000000E+01  0.00000000E+00
  0.17006431E+01  0.15564446E+01  0.11435908E+01  0.23493746E+00  0.10053770E+04  0.10721494E+05  0.12531018E+03  0.12531027E+03  0.10000000E+01  0.00000000E+00
  0.27755890E+01  0.14847065E+01 -0.45727946E-01 -0.16647807E+00  0.10024720E+04  0.48862666E+04  0.12515567E+03  0.12515567E+03  0.10000000E+01  0.00000000E+00
  0.23618789E+01  0.15303190E+01 -0.89719439E+00 -0.45992577E+00  0.10010217E+04  0.20105793E+04  0.12500000E+03  0.12500000E+03  0.10000000E+01  0.00000000E+00
  0.28165131E+01  0.96742821E+00 -0.27622658E+00  0.59119433E-01  0.10032176E+04  0.63741523E+04  0.12576698E+03  0.12575461E+03  0.10000000E+01  0.00000000E+00
  0.89683950E+00  0.11421492E+01 -0.18571529E+00 -0.53841138E+00  0.99781415E+03 -0.42606772E+04  0.12561582E+03  0.12560624E+03  0.10000000E+01  0.00000000E+00
  0.10350616E+01  0.91248822E+00  0.77211833E+00 -0.26393324E+00  0.99951166E+03 -0.95672223E+03  0.12546356E+03  0.12546037E+03  0.10000000E+01  0.00000000E+00
  0.25936248E+01  0.13288900E+01  0.92862862E+00  0.12763318E+00  0.10043275E+04  0.86014141E+04  0.12531018E+03  0.12531038E+03  0.10000000E+01  0.00000000E+00
  0.12345341E+01  0.87937474E+00 -0.43095154E+00 -0.45434292E-02  0.10032102E+04  0.63593696E+04  0.12515567E+03  0.12515535E+03  0.10000000E+01  0.00000000E+00
  0.66773582E+00  0.93945110E+00 -0.30755907E+00  0.57705832E+00  0.10067858E+04  0.13588001E+05  0.12500000E+03  0.12500000E+03  0.10000000E+01  0.00000000E+00
  0.20065205E+01  0.94809175E+00 -0.63100912E-01  0.28429959E-01  0.10110225E+04  0.22354443E+05  0.12576698E+03  0.12575644E+03  0.10000000E+01  0.00000000E+00
  0.27740901E+01  0.91009927E+00 -0.35336789E+00  0.20683676E-01  0.10020784E+04  0.41033628E+04  0.12561582E+03  0.12561059E+03  0.10000000E+01  0.00000000E+00
  0.27493315E+01  0.13537890E+01 -0.71409082E+00  0.51469094E+00  0.99826648E+03 -0.33835710E+04  0.12546356E+03  0.12546005E+03  0.10000000E+01  0.00000000E+00
  0.19063175E+01  0.10114850E+01 -0.10344115E+01 -0.83020234E+00  0.10003160E+04  0.62062689E+03  0.12531018E+03  0.12531018E+03  0.10000000E+01  0.00000000E+00
  0.29607959E+01  0.86103559E+00  0.24826306E+00  0.92221236E+00  0.10078154E+04  0.15697975E+05  0.12515567E+03  0.12515553E+03  0.10000000E+01  0.00000000E+00
  0.11209614E+01  0.17689655E+01  0.49693957E-01 -0.53919148E+00  0.99514166E+03 -0.93942051E+04  0.12500000E+03  0.12499989E+03  0.10000000E+01  0.00000000E+00
  0.99585807E+00  0.15459694E+01  0.13655862E+00 -0.91293257E+00  0.10067687E+04  0.13552929E+05  0.12576698E+03  0.12576566E+03  0.10000000E+01  0.00000000E+00
  0.27390780E+01  0.88378739E+00 -0.12156243E+01 -0.17056233E+00  0.99948328E+03 -0.10122201E+04  0.12561582E+03  0.12561228E+03  0.10000000E+01  0.00000000E+00
  0.15450802E+01  0.12680635E+01  0.32492930E+00 -0.21638644E+00  0.10031488E+04  0.62366006E+04  0.12546356E+03  0.12546202E+03  0.10000000E+01  0.00000000E+00
  0.20758755E+01  0.10174918E+01 -0.74881196E-01 -0.27086958E-03  0.10023390E+04  0.46214565E+04  0.12531018E+03  0.12530890E+03  0.10000000E+01  0.00000000E+00
  0.12835025E+01  0.20009031E+01  0.14660766E+01 -0.35762411E+00  0.10087142E+04  0.17550773E+05  0.12515567E+03  0.12515567E+03  0.10000000E+01  0.00000000E+00
  0.13629246E+01  0.83197021E+00 -0.56482762E+00 -0.30547664E-01  0.10086523E+04  0.17422922E+05  0.12500000E+03  0.12500012E+03  0.10000000E+01  0.00000000E+00
  0.99641025E+00  0.16919150E+01  0.75244921E+00 -0.59208506E+00  0.10039680E+04  0.78785073E+04  0.12561582E+03  0.12561399E+03  0.10000000E+01  0.00000000E+00
  0.10914811E+01  0.20822659E+01  0.22973845E+01 -0.32296711E+00  0.10025978E+04  0.51367959E+04  0.12531018E+03  0.12531004E+03  0.10000000E+01  0.00000000E+00
  0.20019305E+01  0.17174301E+01 -0.10267644E+01  0.77365243E+00  0.10086268E+04  0.17370219E+05  0.12500000E+03  0.12500000E+03  0.10000000E+01  0.00000000E+00
