  0.00000000E+00  0.00000000E+00  0.00000000E+00  0.00000000E+00  0.10025355E+04  0.50128135E+04  0.12500000E+03  0.14736268E-02  0.69999999E+00  0.99999829E+03
  0.00000000E+00  0.50000000E+00  0.00000000E+00  0.00000000E+00  0.10419291E+04  0.93367062E+05  0.12500000E+03  0.80597348E-03  0.69999999E+00  0.99999902E+03
  0.00000000E+00  0.10000000E+01  0.00000000E+00  0.00000000E+00  0.10114502E+04  0.23251826E+05  0.12500000E+03  0.17218080E-02  0.69999999E+00  0.99999799E+03
  0.00000000E+00  0.15000000E+01  0.00000000E+00  0.00000000E+00  0.10320908E+04  0.69358430E+05  0.12500000E+03  0.60035940E-03  0.69999999E+00  0.99999927E+03
  0.00000000E+00  0.20000000E+01  0.00000000E+00  0.00000000E+00  0.10059092E+04  0.11801427E+05  0.12500000E+03 -0.32518446E-03  0.69999999E+00  0.10000004E+04
  0.00000000E+00  0.25000000E+01  0.00000000E+00  0.00000000E+00  0.10002466E+04  0.48403955E+03  0.12500000E+03  0.71152863E-04  0.69999999E+00  0.99999994E+03
  0.00000000E+00  0.30000000E+01  0.00000000E+00  0.00000000E+00  0.10000000E+04  0.00000000E+00  0.12500000E+03  0.00000000E+00  0.69999999E+00  0.10000000E+04
  0.00000000E+00  0.35000000E+01  0.00000000E+00  0.00000000E+00  0.10000000E+04  0.00000000E+00  0.12500000E+03  0.00000000E+00  0.69999999E+00  0.10000000E+04
  0.00000000E+00  0.40000000E+01  0.00000000E+00  0.00000000E+00  0.10000000E+04  0.00000000E+00  0.12500000E+03  0.00000000E+00  0.69999999E+00  0.10000000E+04
 -0.25000000E+00 -0.25000000E+00  0.00000000E+00  0.00000000E+00  0.10015073E+04  0.29706938E+04  0.12500000E+03  0.49195869E-03  0.69999999E+00  0.99999945E+03
 -0.25000000E+00  0.25000000E+00  0.00000000E+00  0.00000000E+00  0.99840381E+03 -0.31168118E+04  0.12500000E+03  0.58261241E-03  0.69999999E+00  0.99999933E+03
 -0.25000000E+00  0.75000000E+00  0.00000000E+00  0.00000000E+00  0.99985303E+03 -0.28825754E+03  0.12500000E+03 -0.80768426E-04  0.69999999E+00  0.10000001E+04
 -0.25000000E+00  0.12500000E+01  0.00000000E+00  0.00000000E+00  0.10068267E+04  0.13671313E+05  0.12500000E+03  0.54987468E-03  0.69999999E+00  0.99999939E+03
 -0.25000000E+00  0.17500000E+01  0.00000000E+00  0.00000000E+00  0.10001616E+04  0.31730682E+03  0.12500000E+03 -0.10793390E-03  0.69999999E+00  0.10000001E+04
 -0.25000000E+00  0.22500000E+01  0.00000000E+00  0.00000000E+00  0.10004730E+04  0.92938812E+03  0.12500000E+03 -0.62706749E-04  0.69999999E+00  0.10000001E+04
 -0.25000000E+00  0.27500000E+01  0.00000000E+00  0.00000000E+00  0.10000000E+04  0.00000000E+00  0.12500000E+03  0.00000000E+00  0.69999999E+00  0.10000000E+04
 -0.25000000E+00  0.32500000E+01  0.00000000E+00  0.00000000E+00  0.10000000E+04  0.00000000E+00  0.12500000E+03  0.00000000E+00  0.69999999E+00  0.10000000E+04
 -0.25000000E+00  0.37500000E+01  0.00000000E+00  0.00000000E+00  0.10000000E+04  0.00000000E+00  0.12500000E+03  0.00000000E+00  0.69999999E+00  0.10000000E+04
  0.80000000E+01  0.00000000E+00  0.00000000E+00  0.00000000E+00  0.10000000E+04  0.00000000E+00  0.12500000E+03  0.00000000E+00  0.69999999E+00  0.10000000E+04
  0.80000000E+01  0.50000000E+00  0.00000000E+00  0.00000000E+00  0.10000000E+04  0.00000000E+00  0.12500000E+03  0.00000000E+00  0.69999999E+00  0.10000000E+04
  0.80000000E+01  0.10000000E+01  0.00000000E+00  0.00000000E+00  0.10000000E+04  0.00000000E+00  0.12500000E+03  0.00000000E+00  0.69999999E+00  0.10000000E+04
  0.80000000E+01  0.15000000E+01  0.00000000E+00  0.00000000E+00  0.10000000E+04  0.00000000E+00  0.12500000E+03  0.00000000E+00  0.69999999E+00  0.10000000E+04
  0.80000000E+01  0.20000000E+01  0.00000000E+00  0.00000000E+00  0.10000000E+04  0.00000000E+00  0.12500000E+03  0.00000000E+00  0.69999999E+00  0.10000000E+04
  0.80000000E+01  0.25000000E+01  0.00000000E+00  0.00000000E+00  0.10000000E+04  0.00000000E+00  0.12500000E+03  0.00000000E+00  0.69999999E+00  0.10000000E+04
  0.80000000E+01  0.30000000E+01  0.00000000E+00  0.00000000E+00  0.10000000E+04  0.00000000E+00  0.12500000E+03  0.00000000E+00  0.69999999E+00  0.10000000E+04
  0.80000000E+01  0.35000000E+01  0.00000000E+00  0.00000000E+00  0.10000000E+04  0.00000000E+00  0.12500000E+03  0.00000000E+00  0.69999999E+00  0.10000000E+04
  0.80000000E+01  0.40000000E+01  0.00000000E+00  0.00000000E+00  0.10000000E+04  0.00000000E+00  0.12500000E+03  0.00000000E+00  0.69999999E+00  0.10000000E+04
  0.82500000E+01 -0.25000000E+00  0.00000000E+00  0.00000000E+00  0.10000000E+04  0.00000000E+00  0.12500000E+03  0.00000000E+00  0.69999999E+00  0.10000000E+04
  0.82500000E+01  0.25000000E+00  0.00000000E+00  0.00000000E+00  0.10000000E+04  0.00000000E+00  0.12500000E+03  0.00000000E+00  0.69999999E+00  0.10000000E+04
  0.82500000E+01  0.75000000E+00  0.00000000E+00  0.00000000E+00  0.10000000E+04  0.00000000E+00  0.12500000E+03  0.00000000E+00  0.69999999E+00  0.10000000E+04
  0.82500000E+01  0.12500000E+01  0.00000000E+00  0.00000000E+00  0.10000000E+04  0.00000000E+00  0.12500000E+03  0.00000000E+00  0.69999999E+00  0.10000000E+04
  0.82500000E+01  0.17500000E+01  0.00000000E+00  0.00000000E+00  0.10000000E+04  0.00000000E+00  0.12500000E+03  0.00000000E+00  0.69999999E+00  0.10000000E+04
  0.82500000E+01  0.22500000E+01  0.00000000E+00  0.00000000E+00  0.10000000E+04  0.00000000E+00  0.12500000E+03  0.00000000E+00  0.69999999E+00  0.10000000E+04
  0.82500000E+01  0.27500000E+01  0.00000000E+00  0.00000000E+00  0.10000000E+04  0.00000000E+00  0.12500000E+03  0.00000000E+00  0.69999999E+00  0.10000000E+04
  0.82500000E+01  0.32500000E+01  0.00000000E+00  0.00000000E+00  0.10000000E+04  0.00000000E+00  0.12500000E+03  0.00000000E+00  0.69999999E+00  0.10000000E+04
  0.82500000E+01  0.37500000E+01  0.00000000E+00  0.00000000E+00  0.10000000E+04  0.00000000E+00  0.12500000E+03  0.00000000E+00  0.69999999E+00  0.10000000E+04
  0.50000000E+00  0.00000000E+00  0.00000000E+00  0.00000000E+00  0.99283643E+03 -0.13756481E+05  0.12500000E+03  0.70715067E-02  0.69999999E+00  0.99999200E+03
  0.10000000E+01  0.00000000E+00  0.00000000E+00  0.00000000E+00  0.10123270E+04  0.25098744E+05  0.12500000E+03  0.24589375E-02  0.69999999E+00  0.99999713E+03
  0.15000000E+01  0.00000000E+00  0.00000000E+00  0.00000000E+00  0.10229430E+04  0.48233719E+05  0.12500000E+03  0.11309478E-01  0.69999999E+00  0.99998682E+03
  0.20000000E+01  0.00000000E+00  0.00000000E+00  0.00000000E+00  0.99996912E+03 -0.60571545E+02  0.12500000E+03  0.12079474E-01  0.69999999E+00  0.99998621E+03
  0.25000000E+01  0.00000000E+00  0.00000000E+00  0.00000000E+00  0.99898523E+03 -0.19849260E+04  0.12500000E+03  0.65339461E-03  0.69999999E+00  0.99999927E+03
  0.30000000E+01  0.00000000E+00  0.00000000E+00  0.00000000E+00  0.10110741E+04  0.22462619E+05  0.12500000E+03  0.20169273E-02  0.69999999E+00  0.99999768E+03
  0.35000000E+01  0.00000000E+00  0.00000000E+00  0.00000000E+00  0.10009506E+04  0.18703549E+04  0.12500000E+03  0.75939595E-03  0.69999999E+00  0.99999915E+03
  0.40000000E+01  0.00000000E+00  0.00000000E+00  0.00000000E+00  0.10000134E+04  0.26430483E+02  0.12500000E+03 -0.27363869E-04  0.69999999E+00  0.10000001E+04
  0.45000000E+01  0.00000000E+00  0.00000000E+00  0.00000000E+00  0.10000000E+04  0.00000000E+00  0.12500000E+03  0.00000000E+00  0.69999999E+00  0.10000000E+04
  0.50000000E+01  0.00000000E+00  0.00000000E+00  0.00000000E+00  0.10000000E+04  0.00000000E+00  0.12500000E+03  0.00000000E+00  0.69999999E+00  0.10000000E+04
  0.55000000E+01  0.00000000E+00  0.00000000E+00  0.00000000E+00  0.10000000E+04  0.00000000E+00  0.12500000E+03  0.00000000E+00  0.69999999E+00  0.10000000E+04
  0.60000000E+01  0.00000000E+00  0.00000000E+00  0.00000000E+00  0.10000000E+04  0.00000000E+00  0.12500000E+03  0.00000000E+00  0.69999999E+00  0.10000000E+04
  0.65000000E+01  0.00000000E+00  0.00000000E+00  0.00000000E+00  0.10000000E+04  0.00000000E+00  0.12500000E+03  0.00000000E+00  0.69999999E+00  0.10000000E+04
  0.70000000E+01  0.00000000E+00  0.00000000E+00  0.00000000E+00  0.10000000E+04  0.00000000E+00  0.12500000E+03  0.00000000E+00  0.69999999E+00  0.10000000E+04
  0.75000000E+01  0.00000000E+00  0.00000000E+00  0.00000000E+00  0.10000000E+04  0.00000000E+00  0.12500000E+03  0.00000000E+00  0.69999999E+00  0.10000000E+04
  0.25000000E+00 -0.25000000E+00  0.00000000E+00  0.00000000E+00  0.10053474E+04  0.10661356E+05  0.12500000E+03  0.22527054E-02  0.69999999E+00  0.99999744E+03
  0.75000000E+00 -0.25000000E+00  0.00000000E+00  0.00000000E+00  0.10177513E+04  0.36738719E+05  0.12500000E+03  0.51913024E-02  0.69999999E+00  0.99999396E+03
  0.12500000E+01 -0.25000000E+00  0.00000000E+00  0.00000000E+00  0.10009392E+04  0.18480093E+04  0.12500000E+03  0.40069157E-02  0.69999999E+00  0.99999542E+03
  0.17500000E+01 -0.25000000E+00  0.00000000E+00  0.00000000E+00  0.10029076E+04  0.57547817E+04  0.12500000E+03  0.58785742E-02  0.69999999E+00  0.99999329E+03
  0.22500000E+01 -0.25000000E+00  0.00000000E+00  0.00000000E+00  0.10113684E+04  0.23080076E+05  0.12500000E+03  0.50678328E-02  0.69999999E+00  0.99999414E+03
  0.27500000E+01 -0.25000000E+00  0.00000000E+00  0.00000000E+00  0.10058157E+04  0.11611271E+05  0.12500000E+03  0.70751715E-03  0.69999999E+00  0.99999921E+03
  0.32500000E+01 -0.25000000E+00  0.00000000E+00  0.00000000E+00  0.10036178E+04  0.71755557E+04  0.12500000E+03  0.85473579E-03  0.69999999E+00  0.99999902E+03
  0.37500000E+01 -0.25000000E+00  0.00000000E+00  0.00000000E+00  0.10000013E+04  0.25727851E+01  0.12500000E+03 -0.59664068E-04  0.69999999E+00  0.10000001E+04
  0.42500000E+01 -0.25000000E+00  0.00000000E+00  0.00000000E+00  0.10000000E+04  0.00000000E+00  0.12500000E+03 -0.69224144E-42  0.69999999E+00  0.10000000E+04
  0.47500000E+01 -0.25000000E+00  0.00000000E+00  0.00000000E+00  0.10000000E+04  0.00000000E+00  0.12500000E+03  0.00000000E+00  0.69999999E+00  0.10000000E+04
  0.52500000E+01 -0.25000000E+00  0.00000000E+00  0.00000000E+00  0.10000000E+04  0.00000000E+00  0.12500000E+03  0.00000000E+00  0.69999999E+00  0.10000000E+04
  0.57500000E+01 -0.25000000E+00  0.00000000E+00  0.00000000E+00  0.10000000E+04  0.00000000E+00  0.12500000E+03  0.00000000E+00  0.69999999E+00  0.10000000E+04
  0.62500000E+01 -0.25000000E+00  0.00000000E+00  0.00000000E+00  0.10000000E+04  0.00000000E+00  0.12500000E+03  0.00000000E+00  0.69999999E+00  0.10000000E+04
  0.67500000E+01 -0.25000000E+00  0.00000000E+00  0.00000000E+00  0.10000000E+04  0.00000000E+00  0.12500000E+03  0.00000000E+00  0.69999999E+00  0.10000000E+04
  0.72500000E+01 -0.25000000E+00  0.00000000E+00  0.00000000E+00  0.10000000E+04  0.00000000E+00  0.12500000E+03  0.00000000E+00  0.69999999E+00  0.10000000E+04
  0.77500000E+01 -0.25000000E+00  0.00000000E+00  0.00000000E+00  0.10000000E+04  0.00000000E+00  0.12500000E+03  0.00000000E+00  0.69999999E+00  0.10000000E+04
  0.40000000E+01  0.50000000E+00  0.00000000E+00  0.00000000E+00  0.10001036E+04  0.20331239E+03  0.12500000E+03 -0.79117992E-04  0.69999999E+00  0.10000001E+04
  0.37500000E+01  0.25000000E+00  0.00000000E+00  0.00000000E+00  0.10015889E+04  0.31321655E+04  0.12500000E+03 -0.31299976E-03  0.69999999E+00  0.10000004E+04
  0.40000000E+01  0.10000000E+01  0.00000000E+00  0.00000000E+00  0.10005775E+04  0.11351558E+04  0.12500000E+03  0.26238454E-05  0.69999999E+00  0.10000000E+04
  0.37500000E+01  0.75000000E+00  0.00000000E+00  0.00000000E+00  0.10030374E+04  0.60138247E+04  0.12500000E+03  0.22308742E-03  0.69999999E+00  0.99999976E+03
  0.40000000E+01  0.15000000E+01  0.00000000E+00  0.00000000E+00  0.10007251E+04  0.14258434E+04  0.12500000E+03  0.12100348E-03  0.69999999E+00  0.99999988E+03
  0.37500000E+01  0.12500000E+01  0.00000000E+00  0.00000000E+00  0.10189071E+04  0.39267355E+05  0.12500000E+03  0.33923701E-03  0.69999999E+00  0.99999963E+03
  0.40000000E+01  0.20000000E+01  0.00000000E+00  0.00000000E+00  0.10000315E+04  0.61752430E+02  0.12500000E+03  0.20776821E-04  0.69999999E+00  0.10000000E+04
  0.37500000E+01  0.17500000E+01  0.00000000E+00  0.00000000E+00  0.10115089E+04  0.23375307E+05  0.12500000E+03  0.34493551E-03  0.69999999E+00  0.99999957E+03
  0.45000000E+01  0.50000000E+00  0.00000000E+00  0.00000000E+00  0.10000000E+04  0.00000000E+00  0.12500000E+03  0.00000000E+00  0.69999999E+00  0.10000000E+04
  0.42500000E+01  0.25000000E+00  0.00000000E+00  0.00000000E+00  0.10000018E+04  0.35083482E+01  0.12500000E+03 -0.74084828E-05  0.69999999E+00  0.10000000E+04
  0.45000000E+01  0.10000000E+01  0.00000000E+00  0.00000000E+00  0.10000000E+04  0.00000000E+00  0.12500000E+03  0.00000000E+00  0.69999999E+00  0.10000000E+04
  0.42500000E+01  0.75000000E+00  0.00000000E+00  0.00000000E+00  0.10000936E+04  0.18365413E+03  0.12500000E+03 -0.58616174E-05  0.69999999E+00  0.10000000E+04
  0.45000000E+01  0.15000000E+01  0.00000000E+00  0.00000000E+00  0.10000000E+04  0.00000000E+00  0.12500000E+03  0.00000000E+00  0.69999999E+00  0.10000000E+04
  0.42500000E+01  0.12500000E+01  0.00000000E+00  0.00000000E+00  0.10000045E+04  0.88878889E+01  0.12500000E+03  0.12300108E-04  0.69999999E+00  0.10000000E+04
  0.45000000E+01  0.20000000E+01  0.00000000E+00  0.00000000E+00  0.10000000E+04  0.00000000E+00  0.12500000E+03  0.00000000E+00  0.69999999E+00  0.10000000E+04
  0.42500000E+01  0.17500000E+01  0.00000000E+00  0.00000000E+00  0.10000000E+04  0.00000000E+00  0.12500000E+03  0.00000000E+00  0.69999999E+00  0.10000000E+04
  0.50000000E+01  0.50000000E+00  0.00000000E+00  0.00000000E+00  0.10000000E+04  0.00000000E+00  0.12500000E+03  0.00000000E+00  0.69999999E+00  0.10000000E+04
  0.47500000E+01  0.25000000E+00  0.00000000E+00  0.00000000E+00  0.10000000E+04  0.00000000E+00  0.12500000E+03  0.00000000E+00  0.69999999E+00  0.10000000E+04
  0.50000000E+01  0.10000000E+01  0.00000000E+00  0.00000000E+00  0.10000000E+04  0.00000000E+00  0.12500000E+03  0.00000000E+00  0.69999999E+00  0.10000000E+04
  0.47500000E+01  0.75000000E+00  0.00000000E+00  0.00000000E+00  0.10000000E+04  0.00000000E+00  0.12500000E+03  0.00000000E+00  0.69999999E+00  0.10000000E+04
  0.50000000E+01  0.15000000E+01  0.00000000E+00  0.00000000E+00  0.10000000E+04  0.00000000E+00  0.12500000E+03  0.00000000E+00  0.69999999E+00  0.10000000E+04
  0.47500000E+01  0.12500000E+01  0.00000000E+00  0.00000000E+00  0.10000000E+04  0.00000000E+00  0.12500000E+03  0.00000000E+00  0.69999999E+00  0.10000000E+04
  0.50000000E+01  0.20000000E+01  0.00000000E+00  0.00000000E+00  0.10000000E+04  0.00000000E+00  0.12500000E+03  0.00000000E+00  0.69999999E+00  0.10000000E+04
  0.47500000E+01  0.17500000E+01  0.00000000E+00  0.00000000E+00  0.10000000E+04  0.00000000E+00  0.12500000E+03  0.00000000E+00  0.69999999E+00  0.10000000E+04
  0.71222115E+00  0.24966636E+00  0.59473145E+00 -0.20470056E+00  0.98796350E+03 -0.22779771E+05  0.12576698E+03  0.12576698E+03  0.10000000E+01  0.00000000E+00
  0.71462882E+00  0.62076104E+00  0.91096103E+00 -0.51829521E-01  0.10056108E+04  0.11195478E+05  0.12561582E+03  0.12561256E+03  0.10000000E+01  0.00000000E+00
  0.70097125E+00  0.78587973E+00  0.71395040E+00  0.56347752E+00  0.10062499E+04  0.12494638E+05  0.12546356E+03  0.12546356E+03  0.10000000E+01  0.00000000E+00
  0.85417765E+00  0.10744966E+01  0.95789105E-01  0.99046898E+00  0.99498199E+03 -0.96983301E+04  0.12531018E+03  0.12531018E+03  0.10000000E+01  0.00000000E+00
  0.10210861E+01  0.11351643E+01 -0.76275700E+00  0.72097123E+00  0.99719891E+03 -0.54497148E+04  0.12515567E+03  0.12515567E+03  0.10000000E+01  0.00000000E+00
  0.19345100E+01  0.14147143E+01  0.51427698E+00 -0.25418097E+00  0.10022390E+04  0.44225137E+04  0.12500000E+03  0.12500000E+03  0.10000000E+01  0.00000000E+00
  0.13421056E+01  0.19870156E+00 -0.10726970E+00  0.46885216E+00  0.98367578E+03 -0.30501605E+05  0.12576698E+03  0.12575780E+03  0.10000000E+01  0.00000000E+00
  0.98854303E+00  0.48206931E+00  0.18833486E-01  0.34581698E-02  0.10011407E+04  0.22457539E+04  0.12561582E+03  0.12560790E+03  0.10000000E+01  0.00000000E+00
  0.13771515E+01  0.54259121E+00 -0.21171656E-01  0.23472029E+00  0.10008789E+04  0.17290145E+04  0.12546356E+03  0.12546123E+03  0.10000000E+01  0.00000000E+00
  0.91317797E+00  0.87948978E+00 -0.77739918E+00  0.43754500E+00  0.10017870E+04  0.35248418E+04  0.12531018E+03  0.12531018E+03  0.10000000E+01  0.00000000E+00
  0.15647302E+01  0.84916866E+00 -0.43262029E+00 -0.50516391E+00  0.10093417E+04  0.18850178E+05  0.12515567E+03  0.12515567E+03  0.10000000E+01  0.00000000E+00
  0.12445809E+01  0.12127850E+01 -0.58273172E+00  0.32315230E+00  0.10027034E+04  0.53473389E+04  0.12500000E+03  0.12500000E+03  0.10000000E+01  0.00000000E+00
  0.19637861E+01  0.31421694E+00 -0.43324417E+00 -0.76442286E-01  0.98701190E+03 -0.24510938E+05  0.12576698E+03  0.12575906E+03  0.10000000E+01  0.00000000E+00
  0.19442947E+01  0.54992878E+00  0.90193164E+00 -0.32773542E+00  0.10005146E+04  0.10112574E+04  0.12561582E+03  0.12561089E+03  0.10000000E+01  0.00000000E+00
  0.24965258E+01  0.55660021E+00 -0.33823603E+00 -0.19874418E+00  0.10034979E+04  0.69354346E+04  0.12546356E+03  0.12546182E+03  0.10000000E+01  0.00000000E+00
  0.20273030E+01  0.81439257E+00  0.66590434E+00  0.17814454E+00  0.10039598E+04  0.78619814E+04  0.12531018E+03  0.12531018E+03  0.10000000E+01  0.00000000E+00
  0.25077772E+01  0.97492599E+00  0.11584404E+01 -0.10253816E+01  0.99848145E+03 -0.29658516E+04  0.12515567E+03  0.12515567E+03  0.10000000E+01  0.00000000E+00
  0.20115139E+01  0.14507728E+01  0.91398239E-01 -0.76779521E+00  0.10030389E+04  0.60169214E+04  0.12500000E+03  0.12500000E+03  0.10000000E+01  0.00000000E+00
  0.17603564E+01  0.53127980E+00 -0.80263805E+00 -0.66984230E+00  0.10018315E+04  0.36132700E+04  0.12576698E+03  0.12576698E+03  0.10000000E+01  0.00000000E+00
  0.22251673E+01  0.72118706E+00 -0.10235399E+01  0.40615898E+00  0.10027789E+04  0.54978418E+04  0.12561582E+03  0.12561221E+03  0.10000000E+01  0.00000000E+00
  0.27437153E+01  0.77654445E+00  0.53498026E-01 -0.47280777E+00  0.10056113E+04  0.11196445E+05  0.12546356E+03  0.12546202E+03  0.10000000E+01  0.00000000E+00
  0.26742554E+01  0.58013725E+00  0.20510435E-01 -0.15207985E+00  0.10009451E+04  0.18595347E+04  0.12531018E+03  0.12530959E+03  0.10000000E+01  0.00000000E+00
  0.27782869E+01  0.13601654E+01 -0.97925857E-01  0.61464417E+00  0.10028453E+04  0.56303315E+04  0.12515567E+03  0.12515567E+03  0.10000000E+01  0.00000000E+00
  0.27389250E+01  0.14029956E+01  0.11591283E+01 -0.31003460E-01  0.10011638E+04  0.22914429E+04  0.12500000E+03  0.12500000E+03  0.10000000E+01  0.00000000E+00
  0.19094317E+01  0.12775257E+01 -0.16575301E+01 -0.16388364E+01  0.10027702E+04  0.54804819E+04  0.12561582E+03  0.12561399E+03  0.10000000E+01  0.00000000E+00
  0.28957443E+01  0.12766808E+01  0.22070874E+00  0.63432169E+00  0.10059501E+04  0.11884548E+05  0.12531018E+03  0.12531018E+03  0.10000000E+01  0.00000000E+00
  0.21186380E+01  0.17915943E+01 -0.10833387E+01 -0.47283655E+00  0.10031989E+04  0.63367192E+04  0.12500000E+03  0.12500000E+03  0.10000000E+01  0.00000000E+00
