  0.00000000E+00  0.00000000E+00  0.00000000E+00  0.00000000E+00  0.10007893E+04  0.15522483E+04  0.12500000E+03  0.24746151E-02  0.69999999E+00  0.99999719E+03
  0.00000000E+00  0.50000000E+00  0.00000000E+00  0.00000000E+00  0.10122551E+04  0.24946730E+05  0.12500000E+03  0.32288483E-02  0.69999999E+00  0.99999628E+03
  0.00000000E+00  0.10000000E+01  0.00000000E+00  0.00000000E+00  0.10364326E+04  0.79785570E+05  0.12500000E+03  0.36782555E-02  0.69999999E+00  0.99999567E+03
  0.00000000E+00  0.15000000E+01  0.00000000E+00  0.00000000E+00  0.10168441E+04  0.34765918E+05  0.12500000E+03  0.13648965E-02  0.69999999E+00  0.99999841E+03
  0.00000000E+00  0.20000000E+01  0.00000000E+00  0.00000000E+00  0.10173685E+04  0.35905020E+05  0.12500000E+03 -0.16610683E-02  0.69999999E+00  0.10000020E+04
  0.00000000E+00  0.25000000E+01  0.00000000E+00  0.00000000E+00  0.10034518E+04  0.68430161E+04  0.12500000E+03  0.51804754E-03  0.69999999E+00  0.99999939E+03
  0.00000000E+00  0.30000000E+01  0.00000000E+00  0.00000000E+00  0.10000026E+04  0.51455903E+01  0.12500000E+03  0.38292605E-04  0.69999999E+00  0.99999994E+03
  0.00000000E+00  0.35000000E+01  0.00000000E+00  0.00000000E+00  0.10000000E+04  0.00000000E+00  0.12500000E+03  0.00000000E+00  0.69999999E+00  0.10000000E+04
  0.00000000E+00  0.40000000E+01  0.00000000E+00  0.00000000E+00  0.10000000E+04  0.00000000E+00  0.12500000E+03  0.00000000E+00  0.69999999E+00  0.10000000E+04
 -0.25000000E+00 -0.25000000E+00  0.00000000E+00  0.00000000E+00  0.10006414E+04  0.12607445E+04  0.12500000E+03  0.52005530E-03  0.69999999E+00  0.99999939E+03
 -0.25000000E+00  0.25000000E+00  0.00000000E+00  0.00000000E+00  0.10006293E+04  0.12370315E+04  0.12500000E+03  0.11111882E-02  0.69999999E+00  0.99999872E+03
 -0.25000000E+00  0.75000000E+00  0.00000000E+00  0.00000000E+00  0.10084528E+04  0.17010867E+05  0.12500000E+03  0.47616655E-03  0.69999999E+00  0.99999945E+03
 -0.25000000E+00  0.12500000E+01  0.00000000E+00  0.00000000E+00  0.10086663E+04  0.17451740E+05  0.12500000E+03  0.11736932E-02  0.69999999E+00  0.99999866E+03
 -0.25000000E+00  0.17500000E+01  0.00000000E+00  0.00000000E+00  0.10009175E+04  0.18049686E+04  0.12500000E+03 -0.34600572E-03  0.69999999E+00  0.10000004E+04
 -0.25000000E+00  0.22500000E+01  0.00000000E+00  0.00000000E+00  0.10015139E+04  0.29839109E+04  0.12500000E+03 -0.18548567E-03  0.69999999E+00  0.10000002E+04
 -0.25000000E+00  0.27500000E+01  0.00000000E+00  0.00000000E+00  0.10000007E+04  0.14033347E+01  0.12500000E+03  0.17473474E-04  0.69999999E+00  0.10000000E+04
 -0.25000000E+00  0.32500000E+01  0.00000000E+00  0.00000000E+00  0.10000000E+04  0.00000000E+00  0.12500000E+03  0.26316385E-41  0.69999999E+00  0.10000000E+04
 -0.25000000E+00  0.37500000E+01  0.00000000E+00  0.00000000E+00  0.10000000E+04  0.00000000E+00  0.12500000E+03  0.00000000E+00  0.69999999E+00  0.10000000E+04
  0.80000000E+01  0.00000000E+00  0.00000000E+00  0.00000000E+00  0.10000000E+04  0.00000000E+00  0.12500000E+03  0.00000000E+00  0.69999999E+00  0.10000000E+04
  0.80000000E+01  0.50000000E+00  0.00000000E+00  0.00000000E+00  0.10000000E+04  0.00000000E+00  0.12500000E+03  0.00000000E+00  0.69999999E+00  0.10000000E+04
  0.80000000E+01  0.10000000E+01  0.00000000E+00  0.00000000E+00  0.10000000E+04  0.00000000E+00  0.12500000E+03  0.00000000E+00  0.69999999E+00  0.10000000E+04
  0.80000000E+01  0.15000000E+01  0.00000000E+00  0.00000000E+00  0.10000000E+04  0.00000000E+00  0.12500000E+03  0.00000000E+00  0.69999999E+00  0.10000000E+04
  0.80000000E+01  0.20000000E+01  0.00000000E+00  0.00000000E+00  0.10000000E+04  0.00000000E+00  0.12500000E+03  0.00000000E+00  0.69999999E+00  0.10000000E+04
  0.80000000E+01  0.25000000E+01  0.00000000E+00  0.00000000E+00  0.10000000E+04  0.00000000E+00  0.12500000E+03  0.00000000E+00  0.69999999E+00  0.10000000E+04
  0.80000000E+01  0.30000000E+01  0.00000000E+00  0.00000000E+00  0.10000000E+04  0.00000000E+00  0.12500000E+03  0.00000000E+00  0.69999999E+00  0.10000000E+04
  0.80000000E+01  0.35000000E+01  0.00000000E+00  0.00000000E+00  0.10000000E+04  0.00000000E+00  0.12500000E+03  0.00000000E+00  0.69999999E+00  0.10000000E+04
  0.80000000E+01  0.40000000E+01  0.00000000E+00  0.00000000E+00  0.10000000E+04  0.00000000E+00  0.12500000E+03  0.00000000E+00  0.69999999E+00  0.10000000E+04
  0.82500000E+01 -0.25000000E+00  0.00000000E+00  0.00000000E+00  0.10000000E+04  0.00000000E+00  0.12500000E+03  0.00000000E+00  0.69999999E+00  0.10000000E+04
  0.82500000E+01  0.25000000E+00  0.00000000E+00  0.00000000E+00  0.10000000E+04  0.00000000E+00  0.12500000E+03  0.00000000E+00  0.69999999E+00  0.10000000E+04
  0.82500000E+01  0.75000000E+00  0.00000000E+00  0.00000000E+00  0.10000000E+04  0.00000000E+00  0.12500000E+03  0.00000000E+00  0.69999999E+00  0.10000000E+04
  0.82500000E+01  0.12500000E+01  0.00000000E+00  0.00000000E+00  0.10000000E+04  0.00000000E+00  0.12500000E+03  0.00000000E+00  0.69999999E+00  0.10000000E+04
  0.82500000E+01  0.17500000E+01  0.00000000E+00  0.00000000E+00  0.10000000E+04  0.00000000E+00  0.12500000E+03  0.00000000E+00  0.69999999E+00  0.10000000E+04
  0.82500000E+01  0.22500000E+01  0.00000000E+00  0.00000000E+00  0.10000000E+04  0.00000000E+00  0.12500000E+03  0.00000000E+00  0.69999999E+00  0.10000000E+04
  0.82500000E+01  0.27500000E+01  0.00000000E+00  0.00000000E+00  0.10000000E+04  0.00000000E+00  0.12500000E+03  0.00000000E+00  0.69999999E+00  0.10000000E+04
  0.82500000E+01  0.32500000E+01  0.00000000E+00  0.00000000E+00  0.10000000E+04  0.00000000E+00  0.12500000E+03  0.00000000E+00  0.69999999E+00  0.10000000E+04
  0.82500000E+01  0.37500000E+01  0.00000000E+00  0.00000000E+00  0.10000000E+04  0.00000000E+00  0.12500000E+03  0.00000000E+00  0.69999999E+00  0.10000000E+04
  0.50000000E+00  0.00000000E+00  0.00000000E+00  0.00000000E+00  0.10314701E+04  0.67889102E+05  0.12500000E+03  0.12560273E-01  0.69999999E+00  0.99998517E+03
  0.10000000E+01  0.00000000E+00  0.00000000E+00  0.00000000E+00  0.10575974E+04  0.13451891E+06  0.12500000E+03  0.72603221E-02  0.69999999E+00  0.99999121E+03
  0.15000000E+01  0.00000000E+00  0.00000000E+00  0.00000000E+00  0.10355819E+04  0.77721898E+05  0.12500000E+03  0.22017945E-01  0.69999999E+00  0.99997394E+03
  0.20000000E+01  0.00000000E+00  0.00000000E+00  0.00000000E+00  0.11394092E+04  0.41852406E+06  0.12500000E+03  0.25373084E-01  0.69999999E+00  0.99996698E+03
  0.25000000E+01  0.00000000E+00  0.00000000E+00  0.00000000E+00  0.10313302E+04  0.67558828E+05  0.12500000E+03  0.76397476E-02  0.69999999E+00  0.99999103E+03
  0.30000000E+01  0.00000000E+00  0.00000000E+00  0.00000000E+00  0.10343696E+04  0.74798336E+05  0.12500000E+03  0.93466211E-02  0.69999999E+00  0.99998895E+03
  0.35000000E+01  0.00000000E+00  0.00000000E+00  0.00000000E+00  0.10016239E+04  0.32015940E+04  0.12500000E+03  0.38404812E-02  0.69999999E+00  0.99999561E+03
  0.40000000E+01  0.00000000E+00  0.00000000E+00  0.00000000E+00  0.10000137E+04  0.26898298E+02  0.12500000E+03 -0.68247195E-04  0.69999999E+00  0.10000001E+04
  0.45000000E+01  0.00000000E+00  0.00000000E+00  0.00000000E+00  0.10000000E+04  0.00000000E+00  0.12500000E+03  0.16586890E-39  0.69999999E+00  0.10000000E+04
  0.50000000E+01  0.00000000E+00  0.00000000E+00  0.00000000E+00  0.10000000E+04  0.00000000E+00  0.12500000E+03 -0.30828566E-42  0.69999999E+00  0.10000000E+04
  0.55000000E+01  0.00000000E+00  0.00000000E+00  0.00000000E+00  0.10000000E+04  0.00000000E+00  0.12500000E+03  0.00000000E+00  0.69999999E+00  0.10000000E+04
  0.60000000E+01  0.00000000E+00  0.00000000E+00  0.00000000E+00  0.10000000E+04  0.00000000E+00  0.12500000E+03  0.00000000E+00  0.69999999E+00  0.10000000E+04
  0.65000000E+01  0.00000000E+00  0.00000000E+00  0.00000000E+00  0.10000000E+04  0.00000000E+00  0.12500000E+03  0.00000000E+00  0.69999999E+00  0.10000000E+04
  0.70000000E+01  0.00000000E+00  0.00000000E+00  0.00000000E+00  0.10000000E+04  0.00000000E+00  0.12500000E+03  0.00000000E+00  0.69999999E+00  0.10000000E+04
  0.75000000E+01  0.00000000E+00  0.00000000E+00  0.00000000E+00  0.10000000E+04  0.00000000E+00  0.12500000E+03  0.00000000E+00  0.69999999E+00  0.10000000E+04
  0.25000000E+00 -0.25000000E+00  0.00000000E+00  0.00000000E+00  0.10056353E+04  0.11245065E+05  0.12500000E+03  0.33180015E-02  0.69999999E+00  0.99999622E+03
  0.75000000E+00 -0.25000000E+00  0.00000000E+00  0.00000000E+00  0.10251760E+04  0.53286695E+05  0.12500000E+03  0.89948699E-02  0.69999999E+00  0.99998944E+03
  0.12500000E+01 -0.25000000E+00  0.00000000E+00  0.00000000E+00  0.10107424E+04  0.21768176E+05  0.12500000E+03  0.71890680E-02  0.69999999E+00  0.99999170E+03
  0.17500000E+01 -0.25000000E+00  0.00000000E+00  0.00000000E+00  0.10149435E+04  0.30666727E+05  0.12500000E+03  0.10943664E-01  0.69999999E+00  0.99998730E+03
  0.22500000E+01 -0.25000000E+00  0.00000000E+00  0.00000000E+00  0.10011854E+04  0.23340759E+04  0.12500000E+03  0.10818465E-01  0.69999999E+00  0.99998761E+03
  0.27500000E+01 -0.25000000E+00  0.00000000E+00  0.00000000E+00  0.10030640E+04  0.60669438E+04  0.12500000E+03  0.50056977E-02  0.69999999E+00  0.99999426E+03
  0.32500000E+01 -0.25000000E+00  0.00000000E+00  0.00000000E+00  0.10006016E+04  0.11823340E+04  0.12500000E+03  0.34606946E-02  0.69999999E+00  0.99999603E+03
  0.37500000E+01 -0.25000000E+00  0.00000000E+00  0.00000000E+00  0.10000070E+04  0.13565822E+02  0.12500000E+03 -0.15635355E-03  0.69999999E+00  0.10000002E+04
  0.42500000E+01 -0.25000000E+00  0.00000000E+00  0.00000000E+00  0.10000000E+04  0.00000000E+00  0.12500000E+03 -0.71795865E-36  0.69999999E+00  0.10000000E+04
  0.47500000E+01 -0.25000000E+00  0.00000000E+00  0.00000000E+00  0.10000000E+04  0.00000000E+00  0.12500000E+03 -0.38278710E-39  0.69999999E+00  0.10000000E+04
  0.52500000E+01 -0.25000000E+00  0.00000000E+00  0.00000000E+00  0.10000000E+04  0.00000000E+00  0.12500000E+03  0.00000000E+00  0.69999999E+00  0.10000000E+04
  0.57500000E+01 -0.25000000E+00  0.00000000E+00  0.00000000E+00  0.10000000E+04  0.00000000E+00  0.12500000E+03  0.00000000E+00  0.69999999E+00  0.10000000E+04
  0.62500000E+01 -0.25000000E+00  0.00000000E+00  0.00000000E+00  0.10000000E+04  0.00000000E+00  0.12500000E+03  0.00000000E+00  0.69999999E+00  0.10000000E+04
  0.67500000E+01 -0.25000000E+00  0.00000000E+00  0.00000000E+00  0.10000000E+04  0.00000000E+00  0.12500000E+03  0.00000000E+00  0.69999999E+00  0.10000000E+04
  0.72500000E+01 -0.25000000E+00  0.00000000E+00  0.00000000E+00  0.10000000E+04  0.00000000E+00  0.12500000E+03  0.00000000E+00  0.69999999E+00  0.10000000E+04
  0.77500000E+01 -0.25000000E+00  0.00000000E+00  0.00000000E+00  0.10000000E+04  0.00000000E+00  0.12500000E+03  0.00000000E+00  0.69999999E+00  0.10000000E+04
  0.40000000E+01  0.50000000E+00  0.00000000E+00  0.00000000E+00  0.10012294E+04  0.24210081E+04  0.12500000E+03 -0.34902204E-03  0.69999999E+00  0.10000004E+04
  0.37500000E+01  0.25000000E+00  0.00000000E+00  0.00000000E+00  0.10026643E+04  0.52693794E+04  0.12500000E+03 -0.17177451E-02  0.69999999E+00  0.10000020E+04
  0.40000000E+01  0.10000000E+01  0.00000000E+00  0.00000000E+00  0.10033813E+04  0.67019302E+04  0.12500000E+03 -0.13070341E-03  0.69999999E+00  0.10000001E+04
  0.37500000E+01  0.75000000E+00  0.00000000E+00  0.00000000E+00  0.10382095E+04  0.84128891E+05  0.12500000E+03  0.97325305E-03  0.69999999E+00  0.99999884E+03
  0.40000000E+01  0.15000000E+01  0.00000000E+00  0.00000000E+00  0.10001222E+04  0.23982375E+03  0.12500000E+03  0.42010768E-03  0.69999999E+00  0.99999951E+03
  0.37500000E+01  0.12500000E+01  0.00000000E+00  0.00000000E+00  0.10242209E+04  0.51117355E+05  0.12500000E+03  0.99989772E-03  0.69999999E+00  0.99999884E+03
  0.40000000E+01  0.20000000E+01  0.00000000E+00  0.00000000E+00  0.10010588E+04  0.20840093E+04  0.12500000E+03  0.32330409E-03  0.69999999E+00  0.99999963E+03
  0.37500000E+01  0.17500000E+01  0.00000000E+00  0.00000000E+00  0.10206294E+04  0.43067738E+05  0.12500000E+03  0.20367343E-02  0.69999999E+00  0.99999762E+03
  0.45000000E+01  0.50000000E+00  0.00000000E+00  0.00000000E+00  0.10000000E+04  0.00000000E+00  0.12500000E+03  0.11267168E-38  0.69999999E+00  0.10000000E+04
  0.42500000E+01  0.25000000E+00  0.00000000E+00  0.00000000E+00  0.10000018E+04  0.35083482E+01  0.12500000E+03 -0.74084828E-05  0.69999999E+00  0.10000000E+04
  0.45000000E+01  0.10000000E+01  0.00000000E+00  0.00000000E+00  0.10000000E+04  0.00000000E+00  0.12500000E+03 -0.84638427E-42  0.69999999E+00  0.10000000E+04
  0.42500000E+01  0.75000000E+00  0.00000000E+00  0.00000000E+00  0.10000944E+04  0.18529227E+03  0.12500000E+03 -0.12519991E-04  0.69999999E+00  0.10000000E+04
  0.45000000E+01  0.15000000E+01  0.00000000E+00  0.00000000E+00  0.10000000E+04  0.00000000E+00  0.12500000E+03 -0.26596645E-41  0.69999999E+00  0.10000000E+04
  0.42500000E+01  0.12500000E+01  0.00000000E+00  0.00000000E+00  0.10000066E+04  0.12864128E+02  0.12500000E+03  0.34267537E-05  0.69999999E+00  0.10000000E+04
  0.45000000E+01  0.20000000E+01  0.00000000E+00  0.00000000E+00  0.10000000E+04  0.00000000E+00  0.12500000E+03  0.25867970E-41  0.69999999E+00  0.10000000E+04
  0.42500000E+01  0.17500000E+01  0.00000000E+00  0.00000000E+00  0.10000031E+04  0.60811610E+01  0.12500000E+03 -0.35628464E-05  0.69999999E+00  0.10000000E+04
  0.50000000E+01  0.50000000E+00  0.00000000E+00  0.00000000E+00  0.10000000E+04  0.00000000E+00  0.12500000E+03  0.24102334E-42  0.69999999E+00  0.10000000E+04
  0.47500000E+01  0.25000000E+00  0.00000000E+00  0.00000000E+00  0.10000000E+04  0.00000000E+00  0.12500000E+03  0.37809835E-39  0.69999999E+00  0.10000000E+04
  0.50000000E+01  0.10000000E+01  0.00000000E+00  0.00000000E+00  0.10000000E+04  0.00000000E+00  0.12500000E+03 -0.00000000E+00  0.69999999E+00  0.10000000E+04
  0.47500000E+01  0.75000000E+00  0.00000000E+00  0.00000000E+00  0.10000000E+04  0.00000000E+00  0.12500000E+03  0.30828566E-42  0.69999999E+00  0.10000000E+04
  0.50000000E+01  0.15000000E+01  0.00000000E+00  0.00000000E+00  0.10000000E+04  0.00000000E+00  0.12500000E+03 -0.18609244E-41  0.69999999E+00  0.10000000E+04
  0.47500000E+01  0.12500000E+01  0.00000000E+00  0.00000000E+00  0.10000000E+04  0.00000000E+00  0.12500000E+03 -0.17852542E-41  0.69999999E+00  0.10000000E+04
  0.50000000E+01  0.20000000E+01  0.00000000E+00  0.00000000E+00  0.10000000E+04  0.00000000E+00  0.12500000E+03  0.17600309E-41  0.69999999E+00  0.10000000E+04
  0.47500000E+01  0.17500000E+01  0.00000000E+00  0.00000000E+00  0.10000000E+04  0.00000000E+00  0.12500000E+03 -0.00000000E+00  0.69999999E+00  0.10000000E+04
  0.26312554E+01  0.88101637E+00  0.28923571E+00 -0.41228619E+00  0.10027639E+04  0.54678784E+04  0.12576698E+03  0.12576674E+03  0.10000000E+01  0.00000000E+00
  0.85031569E+00  0.11107382E+01 -0.37145191E+00  0.66365337E+00  0.10065917E+04  0.13191448E+05  0.12561582E+03  0.12561256E+03  0.10000000E+01  0.00000000E+00
  0.16253688E+01  0.91527534E+00  0.46542770E+00 -0.30468889E-01  0.10048951E+04  0.97463652E+04  0.12546356E+03  0.12546333E+03  0.10000000E+01  0.00000000E+00
  0.17381659E+01  0.15667648E+01  0.12818533E+01  0.49249178E+00  0.10036129E+04  0.71657563E+04  0.12531018E+03  0.12531027E+03  0.10000000E+01  0.00000000E+00
  0.27740955E+01  0.14828223E+01  0.10336483E+00 -0.87280482E-01  0.10019128E+04  0.37745823E+04  0.12515567E+03  0.12515567E+03  0.10000000E+01  0.00000000E+00
  0.23366699E+01  0.15197670E+01 -0.77633905E+00 -0.31344754E+00  0.10051083E+04  0.10177266E+05  0.12500000E+03  0.12500000E+03  0.10000000E+01  0.00000000E+00
  0.28056288E+01  0.96758938E+00 -0.29875213E+00 -0.13996132E+00  0.10023038E+04  0.45514927E+04  0.12576698E+03  0.12575461E+03  0.10000000E+01  0.00000000E+00
  0.89049184E+00  0.11257861E+01 -0.38548076E+00 -0.51600313E+00  0.10053441E+04  0.10654837E+05  0.12561582E+03  0.12560624E+03  0.10000000E+01  0.00000000E+00
  0.10479524E+01  0.89983904E+00  0.44174170E+00 -0.71064723E+00  0.10084678E+04  0.17041865E+05  0.12546356E+03  0.12546037E+03  0.10000000E+01  0.00000000E+00
  0.26114795E+01  0.13315319E+01  0.10713899E+01  0.74298307E-02  0.99958582E+03 -0.81163696E+03  0.12531018E+03  0.12531038E+03  0.10000000E+01  0.00000000E+00
  0.12225717E+01  0.87211406E+00 -0.39734077E+00 -0.40121737E+00  0.10081569E+04  0.16400822E+05  0.12515567E+03  0.12515535E+03  0.10000000E+01  0.00000000E+00
  0.66158688E+00  0.94757533E+00 -0.19042096E+00 -0.12934588E-01  0.10132399E+04  0.27031459E+05  0.12500000E+03  0.12500000E+03  0.10000000E+01  0.00000000E+00
  0.20066488E+01  0.94631934E+00  0.26582372E+00  0.11536034E+00  0.10083563E+04  0.16811906E+05  0.12576698E+03  0.12575644E+03  0.10000000E+01  0.00000000E+00
  0.27614410E+01  0.90945184E+00 -0.36010733E+00 -0.14806315E+00  0.10024945E+04  0.49308965E+04  0.12561582E+03  0.12561059E+03  0.10000000E+01  0.00000000E+00
  0.27305465E+01  0.13632988E+01 -0.65326333E+00  0.27931368E+00  0.10000524E+04  0.10292719E+03  0.12546356E+03  0.12546005E+03  0.10000000E+01  0.00000000E+00
  0.18828309E+01  0.99021614E+00 -0.80430853E+00 -0.70220971E+00  0.10000508E+04  0.99651733E+02  0.12531018E+03  0.12531018E+03  0.10000000E+01  0.00000000E+00
  0.29597540E+01  0.88180661E+00 -0.74313104E-01  0.76629519E+00  0.10014240E+04  0.28057627E+04  0.12515567E+03  0.12515553E+03  0.10000000E+01  0.00000000E+00
  0.11329746E+01  0.17460318E+01  0.31407062E-01 -0.62492263E+00  0.99653717E+03 -0.67239390E+04  0.12500000E+03  0.12499989E+03  0.10000000E+01  0.00000000E+00
  0.10009313E+01  0.15188051E+01 -0.10188985E+00 -0.62708730E+00  0.10015745E+04  0.31038313E+04  0.12576698E+03  0.12576566E+03  0.10000000E+01  0.00000000E+00
  0.27092118E+01  0.88034427E+00 -0.11928782E+01 -0.23305935E+00  0.10025828E+04  0.51068647E+04  0.12561582E+03  0.12561228E+03  0.10000000E+01  0.00000000E+00
  0.15572138E+01  0.12613442E+01  0.55125463E+00 -0.44788763E-01  0.10009293E+04  0.18284874E+04  0.12546356E+03  0.12546202E+03  0.10000000E+01  0.00000000E+00
  0.20756729E+01  0.10150778E+01  0.26422429E+00 -0.12046434E-02  0.10057137E+04  0.11404279E+05  0.12531018E+03  0.12530890E+03  0.10000000E+01  0.00000000E+00
  0.13419634E+01  0.19888239E+01  0.15467529E+01 -0.32969719E+00  0.99878827E+03 -0.23687363E+04  0.12515567E+03  0.12515567E+03  0.10000000E+01  0.00000000E+00
  0.13494408E+01  0.82441556E+00 -0.33824027E+00 -0.33463660E+00  0.10088681E+04  0.17869006E+05  0.12500000E+03  0.12500012E+03  0.10000000E+01  0.00000000E+00
  0.10211053E+01  0.16707695E+01  0.59885722E+00 -0.43168879E+00  0.99973639E+03 -0.51683582E+03  0.12561582E+03  0.12561399E+03  0.10000000E+01  0.00000000E+00
  0.11725022E+01  0.20675306E+01  0.22171857E+01 -0.40202338E+00  0.10008084E+04  0.15898501E+04  0.12531018E+03  0.12531004E+03  0.10000000E+01  0.00000000E+00
  0.19727483E+01  0.17506318E+01 -0.85052979E+00  0.11243365E+01  0.10047651E+04  0.94839482E+04  0.12500000E+03  0.12500000E+03  0.10000000E+01  0.00000000E+00
