  0.00000000E+00  0.00000000E+00  0.00000000E+00  0.00000000E+00  0.10014203E+04  0.27984502E+04  0.12500000E+03  0.27963121E-02  0.69999999E+00  0.99999683E+03
  0.00000000E+00  0.50000000E+00  0.00000000E+00  0.00000000E+00  0.10173875E+04  0.35946254E+05  0.12500000E+03  0.42275102E-02  0.69999999E+00  0.99999506E+03
  0.00000000E+00  0.10000000E+01  0.00000000E+00  0.00000000E+00  0.10185992E+04  0.38592238E+05  0.12500000E+03  0.44375146E-02  0.69999999E+00  0.99999481E+03
  0.00000000E+00  0.15000000E+01  0.00000000E+00  0.00000000E+00  0.10169126E+04  0.34914352E+05  0.12500000E+03  0.16951314E-02  0.69999999E+00  0.99999805E+03
  0.00000000E+00  0.20000000E+01  0.00000000E+00  0.00000000E+00  0.10205929E+04  0.42986848E+05  0.12500000E+03 -0.22615758E-02  0.69999999E+00  0.10000026E+04
  0.00000000E+00  0.25000000E+01  0.00000000E+00  0.00000000E+00  0.10034495E+04  0.68382407E+04  0.12500000E+03  0.53303683E-03  0.69999999E+00  0.99999939E+03
  0.00000000E+00  0.30000000E+01  0.00000000E+00  0.00000000E+00  0.10000026E+04  0.51455903E+01  0.12500000E+03  0.38292605E-04  0.69999999E+00  0.99999994E+03
  0.00000000E+00  0.35000000E+01  0.00000000E+00  0.00000000E+00  0.10000000E+04  0.00000000E+00  0.12500000E+03  0.00000000E+00  0.69999999E+00  0.10000000E+04
  0.00000000E+00  0.40000000E+01  0.00000000E+00  0.00000000E+00  0.10000000E+04  0.00000000E+00  0.12500000E+03  0.00000000E+00  0.69999999E+00  0.10000000E+04
 -0.25000000E+00 -0.25000000E+00  0.00000000E+00  0.00000000E+00  0.10006414E+04  0.12607445E+04  0.12500000E+03  0.52005530E-03  0.69999999E+00  0.99999939E+03
 -0.25000000E+00  0.25000000E+00  0.00000000E+00  0.00000000E+00  0.10006694E+04  0.13161597E+04  0.12500000E+03  0.12890394E-02  0.69999999E+00  0.99999854E+03
 -0.25000000E+00  0.75000000E+00  0.00000000E+00  0.00000000E+00  0.10039026E+04  0.77470410E+04  0.12500000E+03  0.74128434E-03  0.69999999E+00  0.99999915E+03
 -0.25000000E+00  0.12500000E+01  0.00000000E+00  0.00000000E+00  0.10027042E+04  0.53490024E+04  0.12500000E+03  0.13967983E-02  0.69999999E+00  0.99999841E+03
 -0.25000000E+00  0.17500000E+01  0.00000000E+00  0.00000000E+00  0.10008846E+04  0.17403008E+04  0.12500000E+03 -0.45919890E-03  0.69999999E+00  0.10000005E+04
 -0.25000000E+00  0.22500000E+01  0.00000000E+00  0.00000000E+00  0.10015139E+04  0.29839109E+04  0.12500000E+03 -0.18548567E-03  0.69999999E+00  0.10000002E+04
 -0.25000000E+00  0.27500000E+01  0.00000000E+00  0.00000000E+00  0.10000007E+04  0.14033347E+01  0.12500000E+03  0.17473474E-04  0.69999999E+00  0.10000000E+04
 -0.25000000E+00  0.32500000E+01  0.00000000E+00  0.00000000E+00  0.10000000E+04  0.00000000E+00  0.12500000E+03  0.33950659E-40  0.69999999E+00  0.10000000E+04
 -0.25000000E+00  0.37500000E+01  0.00000000E+00  0.00000000E+00  0.10000000E+04  0.00000000E+00  0.12500000E+03  0.00000000E+00  0.69999999E+00  0.10000000E+04
  0.80000000E+01  0.00000000E+00  0.00000000E+00  0.00000000E+00  0.10000000E+04  0.00000000E+00  0.12500000E+03  0.00000000E+00  0.69999999E+00  0.10000000E+04
  0.80000000E+01  0.50000000E+00  0.00000000E+00  0.00000000E+00  0.10000000E+04  0.00000000E+00  0.12500000E+03  0.00000000E+00  0.69999999E+00  0.10000000E+04
  0.80000000E+01  0.10000000E+01  0.00000000E+00  0.00000000E+00  0.10000000E+04  0.00000000E+00  0.12500000E+03  0.00000000E+00  0.69999999E+00  0.10000000E+04
  0.80000000E+01  0.15000000E+01  0.00000000E+00  0.00000000E+00  0.10000000E+04  0.00000000E+00  0.12500000E+03  0.00000000E+00  0.69999999E+00  0.10000000E+04
  0.80000000E+01  0.20000000E+01  0.00000000E+00  0.00000000E+00  0.10000000E+04  0.00000000E+00  0.12500000E+03  0.00000000E+00  0.69999999E+00  0.10000000E+04
  0.80000000E+01  0.25000000E+01  0.00000000E+00  0.00000000E+00  0.10000000E+04  0.00000000E+00  0.12500000E+03  0.00000000E+00  0.69999999E+00  0.10000000E+04
  0.80000000E+01  0.30000000E+01  0.00000000E+00  0.00000000E+00  0.10000000E+04  0.00000000E+00  0.12500000E+03  0.00000000E+00  0.69999999E+00  0.10000000E+04
  0.80000000E+01  0.35000000E+01  0.00000000E+00  0.00000000E+00  0.10000000E+04  0.00000000E+00  0.12500000E+03  0.00000000E+00  0.69999999E+00  0.10000000E+04
  0.80000000E+01  0.40000000E+01  0.00000000E+00  0.00000000E+00  0.10000000E+04  0.00000000E+00  0.12500000E+03  0.00000000E+00  0.69999999E+00  0.10000000E+04
  0.82500000E+01 -0.25000000E+00  0.00000000E+00  0.00000000E+00  0.10000000E+04  0.00000000E+00  0.12500000E+03  0.00000000E+00  0.69999999E+00  0.10000000E+04
  0.82500000E+01  0.25000000E+00  0.00000000E+00  0.00000000E+00  0.10000000E+04  0.00000000E+00  0.12500000E+03  0.00000000E+00  0.69999999E+00  0.10000000E+04
  0.82500000E+01  0.75000000E+00  0.00000000E+00  0.00000000E+00  0.10000000E+04  0.00000000E+00  0.12500000E+03  0.00000000E+00  0.69999999E+00  0.10000000E+04
  0.82500000E+01  0.12500000E+01  0.00000000E+00  0.00000000E+00  0.10000000E+04  0.00000000E+00  0.12500000E+03  0.00000000E+00  0.69999999E+00  0.10000000E+04
  0.82500000E+01  0.17500000E+01  0.00000000E+00  0.00000000E+00  0.10000000E+04  0.00000000E+00  0.12500000E+03  0.00000000E+00  0.69999999E+00  0.10000000E+04
  0.82500000E+01  0.22500000E+01  0.00000000E+00  0.00000000E+00  0.10000000E+04  0.00000000E+00  0.12500000E+03  0.00000000E+00  0.69999999E+00  0.10000000E+04
  0.82500000E+01  0.27500000E+01  0.00000000E+00  0.00000000E+00  0.10000000E+04  0.00000000E+00  0.12500000E+03  0.00000000E+00  0.69999999E+00  0.10000000E+04
  0.82500000E+01  0.32500000E+01  0.00000000E+00  0.00000000E+00  0.10000000E+04  0.00000000E+00  0.12500000E+03  0.00000000E+00  0.69999999E+00  0.10000000E+04
  0.82500000E+01  0.37500000E+01  0.00000000E+00  0.00000000E+00  0.10000000E+04  0.00000000E+00  0.12500000E+03  0.00000000E+00  0.69999999E+00  0.10000000E+04
  0.50000000E+00  0.00000000E+00  0.00000000E+00  0.00000000E+00  0.10482306E+04  0.10947579E+06  0.12500000E+03  0.14239034E-01  0.69999999E+00  0.99998297E+03
  0.10000000E+01  0.00000000E+00  0.00000000E+00  0.00000000E+00  0.10739392E+04  0.18151952E+06  0.12500000E+03  0.84251706E-02  0.69999999E+00  0.99998969E+03
  0.15000000E+01  0.00000000E+00  0.00000000E+00  0.00000000E+00  0.10269059E+04  0.57246703E+05  0.12500000E+03  0.24436742E-01  0.69999999E+00  0.99997131E+03
  0.20000000E+01  0.00000000E+00  0.00000000E+00  0.00000000E+00  0.11273809E+04  0.36849141E+06  0.12500000E+03  0.28687725E-01  0.69999999E+00  0.99996301E+03
  0.25000000E+01  0.00000000E+00  0.00000000E+00  0.00000000E+00  0.10363741E+04  0.79643250E+05  0.12500000E+03  0.10009702E-01  0.69999999E+00  0.99998816E+03
  0.30000000E+01  0.00000000E+00  0.00000000E+00  0.00000000E+00  0.10317756E+04  0.68611672E+05  0.12500000E+03  0.11744156E-01  0.69999999E+00  0.99998615E+03
  0.35000000E+01  0.00000000E+00  0.00000000E+00  0.00000000E+00  0.10011376E+04  0.22396311E+04  0.12500000E+03  0.49896240E-02  0.69999999E+00  0.99999426E+03
  0.40000000E+01  0.00000000E+00  0.00000000E+00  0.00000000E+00  0.10000137E+04  0.26898298E+02  0.12500000E+03 -0.68247195E-04  0.69999999E+00  0.10000001E+04
  0.45000000E+01  0.00000000E+00  0.00000000E+00  0.00000000E+00  0.10000000E+04  0.00000000E+00  0.12500000E+03  0.17869694E-38  0.69999999E+00  0.10000000E+04
  0.50000000E+01  0.00000000E+00  0.00000000E+00  0.00000000E+00  0.10000000E+04  0.00000000E+00  0.12500000E+03 -0.96353282E-41  0.69999999E+00  0.10000000E+04
  0.55000000E+01  0.00000000E+00  0.00000000E+00  0.00000000E+00  0.10000000E+04  0.00000000E+00  0.12500000E+03  0.00000000E+00  0.69999999E+00  0.10000000E+04
  0.60000000E+01  0.00000000E+00  0.00000000E+00  0.00000000E+00  0.10000000E+04  0.00000000E+00  0.12500000E+03  0.00000000E+00  0.69999999E+00  0.10000000E+04
  0.65000000E+01  0.00000000E+00  0.00000000E+00  0.00000000E+00  0.10000000E+04  0.00000000E+00  0.12500000E+03  0.00000000E+00  0.69999999E+00  0.10000000E+04
  0.70000000E+01  0.00000000E+00  0.00000000E+00  0.00000000E+00  0.10000000E+04  0.00000000E+00  0.12500000E+03  0.00000000E+00  0.69999999E+00  0.10000000E+04
  0.75000000E+01  0.00000000E+00  0.00000000E+00  0.00000000E+00  0.10000000E+04  0.00000000E+00  0.12500000E+03  0.00000000E+00  0.69999999E+00  0.10000000E+04
  0.25000000E+00 -0.25000000E+00  0.00000000E+00  0.00000000E+00  0.10057515E+04  0.11481009E+05  0.12500000E+03  0.35730116E-02  0.69999999E+00  0.99999591E+03
  0.75000000E+00 -0.25000000E+00  0.00000000E+00  0.00000000E+00  0.10265034E+04  0.56321824E+05  0.12500000E+03  0.10189369E-01  0.69999999E+00  0.99998804E+03
  0.12500000E+01 -0.25000000E+00  0.00000000E+00  0.00000000E+00  0.10104666E+04  0.21191596E+05  0.12500000E+03  0.78064622E-02  0.69999999E+00  0.99999097E+03
  0.17500000E+01 -0.25000000E+00  0.00000000E+00  0.00000000E+00  0.10146306E+04  0.29996244E+05  0.12500000E+03  0.12045169E-01  0.69999999E+00  0.99998602E+03
  0.22500000E+01 -0.25000000E+00  0.00000000E+00  0.00000000E+00  0.10012241E+04  0.24106409E+04  0.12500000E+03  0.12333158E-01  0.69999999E+00  0.99998590E+03
  0.27500000E+01 -0.25000000E+00  0.00000000E+00  0.00000000E+00  0.10026395E+04  0.52199517E+04  0.12500000E+03  0.64299805E-02  0.69999999E+00  0.99999261E+03
  0.32500000E+01 -0.25000000E+00  0.00000000E+00  0.00000000E+00  0.10002949E+04  0.57915271E+03  0.12500000E+03  0.45807022E-02  0.69999999E+00  0.99999475E+03
  0.37500000E+01 -0.25000000E+00  0.00000000E+00  0.00000000E+00  0.10000070E+04  0.13565822E+02  0.12500000E+03 -0.15635355E-03  0.69999999E+00  0.10000002E+04
  0.42500000E+01 -0.25000000E+00  0.00000000E+00  0.00000000E+00  0.10000000E+04  0.00000000E+00  0.12500000E+03 -0.54028695E-35  0.69999999E+00  0.10000000E+04
  0.47500000E+01 -0.25000000E+00  0.00000000E+00  0.00000000E+00  0.10000000E+04  0.00000000E+00  0.12500000E+03 -0.38818153E-38  0.69999999E+00  0.10000000E+04
  0.52500000E+01 -0.25000000E+00  0.00000000E+00  0.00000000E+00  0.10000000E+04  0.00000000E+00  0.12500000E+03  0.00000000E+00  0.69999999E+00  0.10000000E+04
  0.57500000E+01 -0.25000000E+00  0.00000000E+00  0.00000000E+00  0.10000000E+04  0.00000000E+00  0.12500000E+03  0.00000000E+00  0.69999999E+00  0.10000000E+04
  0.62500000E+01 -0.25000000E+00  0.00000000E+00  0.00000000E+00  0.10000000E+04  0.00000000E+00  0.12500000E+03  0.00000000E+00  0.69999999E+00  0.10000000E+04
  0.67500000E+01 -0.25000000E+00  0.00000000E+00  0.00000000E+00  0.10000000E+04  0.00000000E+00  0.12500000E+03  0.00000000E+00  0.69999999E+00  0.10000000E+04
  0.72500000E+01 -0.25000000E+00  0.00000000E+00  0.00000000E+00  0.10000000E+04  0.00000000E+00  0.12500000E+03  0.00000000E+00  0.69999999E+00  0.10000000E+04
  0.77500000E+01 -0.25000000E+00  0.00000000E+00  0.00000000E+00  0.10000000E+04  0.00000000E+00  0.12500000E+03  0.00000000E+00  0.69999999E+00  0.10000000E+04
  0.40000000E+01  0.50000000E+00  0.00000000E+00  0.00000000E+00  0.10008380E+04  0.16483767E+04  0.12500000E+03 -0.56321267E-03  0.69999999E+00  0.10000007E+04
  0.37500000E+01  0.25000000E+00  0.00000000E+00  0.00000000E+00  0.10023019E+04  0.45476987E+04  0.12500000E+03 -0.24250206E-02  0.69999999E+00  0.10000027E+04
  0.40000000E+01  0.10000000E+01  0.00000000E+00  0.00000000E+00  0.10038677E+04  0.76768984E+04  0.12500000E+03 -0.11890999E-03  0.69999999E+00  0.10000001E+04
  0.37500000E+01  0.75000000E+00  0.00000000E+00  0.00000000E+00  0.10506898E+04  0.11592173E+06  0.12500000E+03  0.11025313E-02  0.69999999E+00  0.99999866E+03
  0.40000000E+01  0.15000000E+01  0.00000000E+00  0.00000000E+00  0.10002488E+04  0.48849005E+03  0.12500000E+03  0.53231616E-03  0.69999999E+00  0.99999939E+03
  0.37500000E+01  0.12500000E+01  0.00000000E+00  0.00000000E+00  0.10208967E+04  0.43660930E+05  0.12500000E+03  0.13338020E-02  0.69999999E+00  0.99999847E+03
  0.40000000E+01  0.20000000E+01  0.00000000E+00  0.00000000E+00  0.10013503E+04  0.26600125E+04  0.12500000E+03  0.38575369E-03  0.69999999E+00  0.99999957E+03
  0.37500000E+01  0.17500000E+01  0.00000000E+00  0.00000000E+00  0.10113628E+04  0.23068312E+05  0.12500000E+03  0.27372937E-02  0.69999999E+00  0.99999683E+03
  0.45000000E+01  0.50000000E+00  0.00000000E+00  0.00000000E+00  0.10000000E+04  0.00000000E+00  0.12500000E+03  0.11442625E-37  0.69999999E+00  0.10000000E+04
  0.42500000E+01  0.25000000E+00  0.00000000E+00  0.00000000E+00  0.10000018E+04  0.35083482E+01  0.12500000E+03 -0.74084828E-05  0.69999999E+00  0.10000000E+04
  0.45000000E+01  0.10000000E+01  0.00000000E+00  0.00000000E+00  0.10000000E+04  0.00000000E+00  0.12500000E+03 -0.80350454E-41  0.69999999E+00  0.10000000E+04
  0.42500000E+01  0.75000000E+00  0.00000000E+00  0.00000000E+00  0.10000916E+04  0.17967581E+03  0.12500000E+03 -0.21151425E-04  0.69999999E+00  0.10000000E+04
  0.45000000E+01  0.15000000E+01  0.00000000E+00  0.00000000E+00  0.10000000E+04  0.00000000E+00  0.12500000E+03 -0.47621727E-40  0.69999999E+00  0.10000000E+04
  0.42500000E+01  0.12500000E+01  0.00000000E+00  0.00000000E+00  0.10000066E+04  0.12864128E+02  0.12500000E+03  0.64903998E-05  0.69999999E+00  0.10000000E+04
  0.45000000E+01  0.20000000E+01  0.00000000E+00  0.00000000E+00  0.10000000E+04  0.00000000E+00  0.12500000E+03  0.43695289E-40  0.69999999E+00  0.10000000E+04
  0.42500000E+01  0.17500000E+01  0.00000000E+00  0.00000000E+00  0.10000031E+04  0.60811610E+01  0.12500000E+03 -0.35628464E-05  0.69999999E+00  0.10000000E+04
  0.50000000E+01  0.50000000E+00  0.00000000E+00  0.00000000E+00  0.10000000E+04  0.00000000E+00  0.12500000E+03  0.91672946E-41  0.69999999E+00  0.10000000E+04
  0.47500000E+01  0.25000000E+00  0.00000000E+00  0.00000000E+00  0.10000000E+04  0.00000000E+00  0.12500000E+03  0.38393504E-38  0.69999999E+00  0.10000000E+04
  0.50000000E+01  0.10000000E+01  0.00000000E+00  0.00000000E+00  0.10000000E+04  0.00000000E+00  0.12500000E+03  0.00000000E+00  0.69999999E+00  0.10000000E+04
  0.47500000E+01  0.75000000E+00  0.00000000E+00  0.00000000E+00  0.10000000E+04  0.00000000E+00  0.12500000E+03  0.96044997E-41  0.69999999E+00  0.10000000E+04
  0.50000000E+01  0.15000000E+01  0.00000000E+00  0.00000000E+00  0.10000000E+04  0.00000000E+00  0.12500000E+03 -0.34407482E-40  0.69999999E+00  0.10000000E+04
  0.47500000E+01  0.12500000E+01  0.00000000E+00  0.00000000E+00  0.10000000E+04  0.00000000E+00  0.12500000E+03 -0.33213576E-40  0.69999999E+00  0.10000000E+04
  0.50000000E+01  0.20000000E+01  0.00000000E+00  0.00000000E+00  0.10000000E+04  0.00000000E+00  0.12500000E+03  0.30887421E-40  0.69999999E+00  0.10000000E+04
  0.47500000E+01  0.17500000E+01  0.00000000E+00  0.00000000E+00  0.10000000E+04  0.00000000E+00  0.12500000E+03 -0.12527608E-41  0.69999999E+00  0.10000000E+04
  0.28110669E+01  0.94501364E+00 -0.72169021E-01  0.50871241E+00  0.10006861E+04  0.13488026E+04  0.12576698E+03  0.12576656E+03  0.10000000E+01  0.00000000E+00
  0.90748370E+00  0.14215223E+01  0.38713586E-01  0.61194646E+00  0.99869482E+03 -0.25507249E+04  0.12561582E+03  0.12561256E+03  0.10000000E+01  0.00000000E+00
  0.18116460E+01  0.11426690E+01  0.47717139E+00  0.39632881E+00  0.10089565E+04  0.18052041E+05  0.12546356E+03  0.12546323E+03  0.10000000E+01  0.00000000E+00
  0.26585319E+01  0.14980841E+01 -0.13494930E+00 -0.37931532E+00  0.99994202E+03 -0.11376702E+03  0.12531018E+03  0.12531044E+03  0.10000000E+01  0.00000000E+00
  0.20836263E+01  0.15272685E+01 -0.18655839E+01 -0.67989492E+00  0.10008890E+04  0.17487656E+04  0.12515567E+03  0.12515567E+03  0.10000000E+01  0.00000000E+00
  0.25455375E+01  0.15453897E+01 -0.45125705E+00 -0.38627148E+00  0.10014058E+04  0.27699089E+04  0.12500000E+03  0.12499985E+03  0.10000000E+01  0.00000000E+00
  0.26618681E+01  0.84217203E+00  0.23262313E+00 -0.34503400E-01  0.10017225E+04  0.33972063E+04  0.12576698E+03  0.12575461E+03  0.10000000E+01  0.00000000E+00
  0.87177658E+00  0.95585859E+00 -0.71624470E+00  0.68155760E+00  0.10014861E+04  0.29289224E+04  0.12561582E+03  0.12560609E+03  0.10000000E+01  0.00000000E+00
  0.77938545E+00  0.11284825E+01 -0.22618735E+00  0.55476081E+00  0.10021886E+04  0.43222573E+04  0.12546356E+03  0.12546051E+03  0.10000000E+01  0.00000000E+00
  0.28003514E+01  0.82169664E+00 -0.83685189E+00 -0.73791277E+00  0.10009732E+04  0.19150509E+04  0.12531018E+03  0.12531038E+03  0.10000000E+01  0.00000000E+00
  0.10450422E+01  0.91137719E+00 -0.35673693E-01  0.24034834E+00  0.10013641E+04  0.26873652E+04  0.12515567E+03  0.12515535E+03  0.10000000E+01  0.00000000E+00
  0.69461751E+00  0.87038720E+00  0.72018564E-01  0.21665609E-02  0.10074596E+04  0.14967451E+05  0.12500000E+03  0.12500000E+03  0.10000000E+01  0.00000000E+00
  0.17792346E+01  0.96968710E+00 -0.91496480E+00 -0.98947130E-01  0.10034334E+04  0.68062471E+04  0.12576698E+03  0.12575644E+03  0.10000000E+01  0.00000000E+00
  0.25947568E+01  0.85359502E+00 -0.12141135E+00  0.12534576E-01  0.10024069E+04  0.47564453E+04  0.12561582E+03  0.12561059E+03  0.10000000E+01  0.00000000E+00
  0.26258311E+01  0.13058506E+01 -0.11743726E+00 -0.13292003E+00  0.99922394E+03 -0.15190747E+04  0.12546356E+03  0.12546005E+03  0.10000000E+01  0.00000000E+00
  0.13163760E+01  0.85238707E+00 -0.31996572E+00 -0.78419983E-01  0.10011447E+04  0.22537607E+04  0.12531018E+03  0.12530986E+03  0.10000000E+01  0.00000000E+00
  0.29329538E+01  0.92259157E+00 -0.14067449E+00  0.67212701E+00  0.99789868E+03 -0.40968564E+04  0.12515567E+03  0.12515553E+03  0.10000000E+01  0.00000000E+00
  0.99325955E+00  0.17346973E+01 -0.14548327E+00  0.61649632E+00  0.99876758E+03 -0.24091355E+04  0.12500000E+03  0.12500612E+03  0.10000000E+01  0.00000000E+00
  0.98389983E+00  0.16255153E+01  0.17769521E+00  0.72075474E+00  0.99898889E+03 -0.19778357E+04  0.12576698E+03  0.12576566E+03  0.10000000E+01  0.00000000E+00
  0.23477707E+01  0.95828617E+00  0.29778272E+00 -0.25921407E+00  0.10022714E+04  0.44869971E+04  0.12561582E+03  0.12561228E+03  0.10000000E+01  0.00000000E+00
  0.15637445E+01  0.11363976E+01 -0.43573171E+00  0.12587024E+00  0.10092994E+04  0.18762395E+05  0.12546356E+03  0.12546202E+03  0.10000000E+01  0.00000000E+00
  0.20714262E+01  0.10195415E+01 -0.62439144E-01  0.31129843E+00  0.10052088E+04  0.10380857E+05  0.12531018E+03  0.12530890E+03  0.10000000E+01  0.00000000E+00
  0.19431884E+01  0.17034044E+01 -0.51676065E-01  0.37426066E+00  0.10006565E+04  0.12905642E+04  0.12515567E+03  0.12515567E+03  0.10000000E+01  0.00000000E+00
  0.13181293E+01  0.86830771E+00  0.25968099E+00  0.96856415E-01  0.10008771E+04  0.17254877E+04  0.12500000E+03  0.12500012E+03  0.10000000E+01  0.00000000E+00
  0.11657417E+01  0.17382314E+01  0.46362951E+00  0.53361410E+00  0.99822717E+03 -0.34598303E+04  0.12561582E+03  0.12560780E+03  0.10000000E+01  0.00000000E+00
  0.12594546E+01  0.19299023E+01 -0.63145792E+00  0.95712495E+00  0.99676276E+03 -0.62901274E+04  0.12531018E+03  0.12531004E+03  0.10000000E+01  0.00000000E+00
  0.22030308E+01  0.18690357E+01 -0.41454169E+00 -0.34147891E+00  0.10021811E+04  0.43073281E+04  0.12500000E+03  0.12500000E+03  0.10000000E+01  0.00000000E+00
