  0.00000000E+00  0.00000000E+00  0.00000000E+00  0.00000000E+00  0.10002483E+04  0.48755310E+03  0.12500000E+03  0.81650080E-03  0.69999999E+00  0.99999908E+03
  0.00000000E+00  0.50000000E+00  0.00000000E+00  0.00000000E+00  0.10036820E+04  0.73044077E+04  0.12500000E+03  0.56751905E-03  0.69999999E+00  0.99999933E+03
  0.00000000E+00  0.10000000E+01  0.00000000E+00  0.00000000E+00  0.10030109E+04  0.59609521E+04  0.12500000E+03  0.10605904E-02  0.69999999E+00  0.99999878E+03
  0.00000000E+00  0.15000000E+01  0.00000000E+00  0.00000000E+00  0.10201479E+04  0.42001445E+05  0.12500000E+03  0.26898377E-03  0.69999999E+00  0.99999969E+03
  0.00000000E+00  0.20000000E+01  0.00000000E+00  0.00000000E+00  0.10059073E+04  0.11797550E+05  0.12500000E+03 -0.31668277E-03  0.69999999E+00  0.10000004E+04
  0.00000000E+00  0.25000000E+01  0.00000000E+00  0.00000000E+00  0.10002466E+04  0.48403955E+03  0.12500000E+03  0.71152863E-04  0.69999999E+00  0.99999994E+03
  0.00000000E+00  0.30000000E+01  0.00000000E+00  0.00000000E+00  0.10000000E+04  0.00000000E+00  0.12500000E+03  0.00000000E+00  0.69999999E+00  0.10000000E+04
  0.00000000E+00  0.35000000E+01  0.00000000E+00  0.00000000E+00  0.10000000E+04  0.00000000E+00  0.12500000E+03  0.00000000E+00  0.69999999E+00  0.10000000E+04
  0.00000000E+00  0.40000000E+01  0.00000000E+00  0.00000000E+00  0.10000000E+04  0.00000000E+00  0.12500000E+03  0.00000000E+00  0.69999999E+00  0.10000000E+04
 -0.25000000E+00 -0.25000000E+00  0.00000000E+00  0.00000000E+00  0.10001122E+04  0.22016328E+03  0.12500000E+03  0.23732844E-03  0.69999999E+00  0.99999976E+03
 -0.25000000E+00  0.25000000E+00  0.00000000E+00  0.00000000E+00  0.10028082E+04  0.55563496E+04  0.12500000E+03  0.35083387E-03  0.69999999E+00  0.99999957E+03
 -0.25000000E+00  0.75000000E+00  0.00000000E+00  0.00000000E+00  0.10021174E+04  0.41808120E+04  0.12500000E+03  0.42511470E-04  0.69999999E+00  0.99999994E+03
 -0.25000000E+00  0.12500000E+01  0.00000000E+00  0.00000000E+00  0.10088181E+04  0.17765689E+05  0.12500000E+03  0.31972892E-03  0.69999999E+00  0.99999963E+03
 -0.25000000E+00  0.17500000E+01  0.00000000E+00  0.00000000E+00  0.10001616E+04  0.31730682E+03  0.12500000E+03 -0.10675416E-03  0.69999999E+00  0.10000001E+04
 -0.25000000E+00  0.22500000E+01  0.00000000E+00  0.00000000E+00  0.10004730E+04  0.92938812E+03  0.12500000E+03 -0.62706749E-04  0.69999999E+00  0.10000001E+04
 -0.25000000E+00  0.27500000E+01  0.00000000E+00  0.00000000E+00  0.10000000E+04  0.00000000E+00  0.12500000E+03  0.00000000E+00  0.69999999E+00  0.10000000E+04
 -0.25000000E+00  0.32500000E+01  0.00000000E+00  0.00000000E+00  0.10000000E+04  0.00000000E+00  0.12500000E+03  0.00000000E+00  0.69999999E+00  0.10000000E+04
 -0.25000000E+00  0.37500000E+01  0.00000000E+00  0.00000000E+00  0.10000000E+04  0.00000000E+00  0.12500000E+03  0.00000000E+00  0.69999999E+00  0.10000000E+04
  0.80000000E+01  0.00000000E+00  0.00000000E+00  0.00000000E+00  0.10000000E+04  0.00000000E+00  0.12500000E+03  0.00000000E+00  0.69999999E+00  0.10000000E+04
  0.80000000E+01  0.50000000E+00  0.00000000E+00  0.00000000E+00  0.10000000E+04  0.00000000E+00  0.12500000E+03  0.00000000E+00  0.69999999E+00  0.10000000E+04
  0.80000000E+01  0.10000000E+01  0.00000000E+00  0.00000000E+00  0.10000000E+04  0.00000000E+00  0.12500000E+03  0.00000000E+00  0.69999999E+00  0.10000000E+04
  0.80000000E+01  0.15000000E+01  0.00000000E+00  0.00000000E+00  0.10000000E+04  0.00000000E+00  0.12500000E+03  0.00000000E+00  0.69999999E+00  0.10000000E+04
  0.80000000E+01  0.20000000E+01  0.00000000E+00  0.00000000E+00  0.10000000E+04  0.00000000E+00  0.12500000E+03  0.00000000E+00  0.69999999E+00  0.10000000E+04
  0.80000000E+01  0.25000000E+01  0.00000000E+00  0.00000000E+00  0.10000000E+04  0.00000000E+00  0.12500000E+03  0.00000000E+00  0.69999999E+00  0.10000000E+04
  0.80000000E+01  0.30000000E+01  0.00000000E+00  0.00000000E+00  0.10000000E+04  0.00000000E+00  0.12500000E+03  0.00000000E+00  0.69999999E+00  0.10000000E+04
  0.80000000E+01  0.35000000E+01  0.00000000E+00  0.00000000E+00  0.10000000E+04  0.00000000E+00  0.12500000E+03  0.00000000E+00  0.69999999E+00  0.10000000E+04
  0.80000000E+01  0.40000000E+01  0.00000000E+00  0.00000000E+00  0.10000000E+04  0.00000000E+00  0.12500000E+03  0.00000000E+00  0.69999999E+00  0.10000000E+04
  0.82500000E+01 -0.25000000E+00  0.00000000E+00  0.00000000E+00  0.10000000E+04  0.00000000E+00  0.12500000E+03  0.00000000E+00  0.69999999E+00  0.10000000E+04
  0.82500000E+01  0.25000000E+00  0.00000000E+00  0.00000000E+00  0.10000000E+04  0.00000000E+00  0.12500000E+03  0.00000000E+00  0.69999999E+00  0.10000000E+04
  0.82500000E+01  0.75000000E+00  0.00000000E+00  0.00000000E+00  0.10000000E+04  0.00000000E+00  0.12500000E+03  0.00000000E+00  0.69999999E+00  0.10000000E+04
  0.82500000E+01  0.12500000E+01  0.00000000E+00  0.00000000E+00  0.10000000E+04  0.00000000E+00  0.12500000E+03  0.00000000E+00  0.69999999E+00  0.10000000E+04
  0.82500000E+01  0.17500000E+01  0.00000000E+00  0.00000000E+00  0.10000000E+04  0.00000000E+00  0.12500000E+03  0.00000000E+00  0.69999999E+00  0.10000000E+04
  0.82500000E+01  0.22500000E+01  0.00000000E+00  0.00000000E+00  0.10000000E+04  0.00000000E+00  0.12500000E+03  0.00000000E+00  0.69999999E+00  0.10000000E+04
  0.82500000E+01  0.27500000E+01  0.00000000E+00  0.00000000E+00  0.10000000E+04  0.00000000E+00  0.12500000E+03  0.00000000E+00  0.69999999E+00  0.10000000E+04
  0.82500000E+01  0.32500000E+01  0.00000000E+00  0.00000000E+00  0.10000000E+04  0.00000000E+00  0.12500000E+03  0.00000000E+00  0.69999999E+00  0.10000000E+04
  0.82500000E+01  0.37500000E+01  0.00000000E+00  0.00000000E+00  0.10000000E+04  0.00000000E+00  0.12500000E+03  0.00000000E+00  0.69999999E+00  0.10000000E+04
  0.50000000E+00  0.00000000E+00  0.00000000E+00  0.00000000E+00  0.10005712E+04  0.11224822E+04  0.12500000E+03  0.38095103E-02  0.69999999E+00  0.99999567E+03
  0.10000000E+01  0.00000000E+00  0.00000000E+00  0.00000000E+00  0.10060522E+04  0.12092316E+05  0.12500000E+03  0.16134313E-02  0.69999999E+00  0.99999817E+03
  0.15000000E+01  0.00000000E+00  0.00000000E+00  0.00000000E+00  0.10127764E+04  0.26048775E+05  0.12500000E+03  0.56640105E-02  0.69999999E+00  0.99999347E+03
  0.20000000E+01  0.00000000E+00  0.00000000E+00  0.00000000E+00  0.10104669E+04  0.21192342E+05  0.12500000E+03  0.64397142E-02  0.69999999E+00  0.99999255E+03
  0.25000000E+01  0.00000000E+00  0.00000000E+00  0.00000000E+00  0.10273442E+04  0.58256520E+05  0.12500000E+03 -0.30579575E-03  0.69999999E+00  0.10000004E+04
  0.30000000E+01  0.00000000E+00  0.00000000E+00  0.00000000E+00  0.10116774E+04  0.23729455E+05  0.12500000E+03  0.81459712E-03  0.69999999E+00  0.99999908E+03
  0.35000000E+01  0.00000000E+00  0.00000000E+00  0.00000000E+00  0.10060424E+04  0.12072188E+05  0.12500000E+03  0.31309010E-03  0.69999999E+00  0.99999963E+03
  0.40000000E+01  0.00000000E+00  0.00000000E+00  0.00000000E+00  0.10000134E+04  0.26430483E+02  0.12500000E+03 -0.24179390E-04  0.69999999E+00  0.10000000E+04
  0.45000000E+01  0.00000000E+00  0.00000000E+00  0.00000000E+00  0.10000000E+04  0.00000000E+00  0.12500000E+03  0.00000000E+00  0.69999999E+00  0.10000000E+04
  0.50000000E+01  0.00000000E+00  0.00000000E+00  0.00000000E+00  0.10000000E+04  0.00000000E+00  0.12500000E+03  0.00000000E+00  0.69999999E+00  0.10000000E+04
  0.55000000E+01  0.00000000E+00  0.00000000E+00  0.00000000E+00  0.10000000E+04  0.00000000E+00  0.12500000E+03  0.00000000E+00  0.69999999E+00  0.10000000E+04
  0.60000000E+01  0.00000000E+00  0.00000000E+00  0.00000000E+00  0.10000000E+04  0.00000000E+00  0.12500000E+03  0.00000000E+00  0.69999999E+00  0.10000000E+04
  0.65000000E+01  0.00000000E+00  0.00000000E+00  0.00000000E+00  0.10000000E+04  0.00000000E+00  0.12500000E+03  0.00000000E+00  0.69999999E+00  0.10000000E+04
  0.70000000E+01  0.00000000E+00  0.00000000E+00  0.00000000E+00  0.10000000E+04  0.00000000E+00  0.12500000E+03  0.00000000E+00  0.69999999E+00  0.10000000E+04
  0.75000000E+01  0.00000000E+00  0.00000000E+00  0.00000000E+00  0.10000000E+04  0.00000000E+00  0.12500000E+03  0.00000000E+00  0.69999999E+00  0.10000000E+04
  0.25000000E+00 -0.25000000E+00  0.00000000E+00  0.00000000E+00  0.10082495E+04  0.16591684E+05  0.12500000E+03  0.12286883E-02  0.69999999E+00  0.99999860E+03
  0.75000000E+00 -0.25000000E+00  0.00000000E+00  0.00000000E+00  0.10043097E+04  0.85656514E+04  0.12500000E+03  0.28470117E-02  0.69999999E+00  0.99999677E+03
  0.12500000E+01 -0.25000000E+00  0.00000000E+00  0.00000000E+00  0.10023890E+04  0.47210913E+04  0.12500000E+03  0.22171796E-02  0.69999999E+00  0.99999744E+03
  0.17500000E+01 -0.25000000E+00  0.00000000E+00  0.00000000E+00  0.10094240E+04  0.19020863E+05  0.12500000E+03  0.32607580E-02  0.69999999E+00  0.99999622E+03
  0.22500000E+01 -0.25000000E+00  0.00000000E+00  0.00000000E+00  0.10158954E+04  0.32713914E+05  0.12500000E+03  0.28012416E-02  0.69999999E+00  0.99999677E+03
  0.27500000E+01 -0.25000000E+00  0.00000000E+00  0.00000000E+00  0.10123757E+04  0.25201463E+05  0.12500000E+03  0.17867931E-03  0.69999999E+00  0.99999982E+03
  0.32500000E+01 -0.25000000E+00  0.00000000E+00  0.00000000E+00  0.10065125E+04  0.13029696E+05  0.12500000E+03  0.31404250E-03  0.69999999E+00  0.99999963E+03
  0.37500000E+01 -0.25000000E+00  0.00000000E+00  0.00000000E+00  0.10000066E+04  0.12864128E+02  0.12500000E+03 -0.31315314E-04  0.69999999E+00  0.10000001E+04
  0.42500000E+01 -0.25000000E+00  0.00000000E+00  0.00000000E+00  0.10000000E+04  0.00000000E+00  0.12500000E+03  0.00000000E+00  0.69999999E+00  0.10000000E+04
  0.47500000E+01 -0.25000000E+00  0.00000000E+00  0.00000000E+00  0.10000000E+04  0.00000000E+00  0.12500000E+03  0.00000000E+00  0.69999999E+00  0.10000000E+04
  0.52500000E+01 -0.25000000E+00  0.00000000E+00  0.00000000E+00  0.10000000E+04  0.00000000E+00  0.12500000E+03  0.00000000E+00  0.69999999E+00  0.10000000E+04
  0.57500000E+01 -0.25000000E+00  0.00000000E+00  0.00000000E+00  0.10000000E+04  0.00000000E+00  0.12500000E+03  0.00000000E+00  0.69999999E+00  0.10000000E+04
  0.62500000E+01 -0.25000000E+00  0.00000000E+00  0.00000000E+00  0.10000000E+04  0.00000000E+00  0.12500000E+03  0.00000000E+00  0.69999999E+00  0.10000000E+04
  0.67500000E+01 -0.25000000E+00  0.00000000E+00  0.00000000E+00  0.10000000E+04  0.00000000E+00  0.12500000E+03  0.00000000E+00  0.69999999E+00  0.10000000E+04
  0.72500000E+01 -0.25000000E+00  0.00000000E+00  0.00000000E+00  0.10000000E+04  0.00000000E+00  0.12500000E+03  0.00000000E+00  0.69999999E+00  0.10000000E+04
  0.77500000E+01 -0.25000000E+00  0.00000000E+00  0.00000000E+00  0.10000000E+04  0.00000000E+00  0.12500000E+03  0.00000000E+00  0.69999999E+00  0.10000000E+04
  0.40000000E+01  0.50000000E+00  0.00000000E+00  0.00000000E+00  0.10009402E+04  0.18498909E+04  0.12500000E+03 -0.38733404E-04  0.69999999E+00  0.10000001E+04
  0.37500000E+01  0.25000000E+00  0.00000000E+00  0.00000000E+00  0.10004581E+04  0.90007025E+03  0.12500000E+03 -0.16000954E-03  0.69999999E+00  0.10000002E+04
  0.40000000E+01  0.10000000E+01  0.00000000E+00  0.00000000E+00  0.10002926E+04  0.57470099E+03  0.12500000E+03  0.16069947E-06  0.69999999E+00  0.10000000E+04
  0.37500000E+01  0.75000000E+00  0.00000000E+00  0.00000000E+00  0.10019312E+04  0.38110183E+04  0.12500000E+03  0.10240528E-03  0.69999999E+00  0.99999988E+03
  0.40000000E+01  0.15000000E+01  0.00000000E+00  0.00000000E+00  0.10003605E+04  0.70804456E+03  0.12500000E+03  0.47618025E-04  0.69999999E+00  0.99999994E+03
  0.37500000E+01  0.12500000E+01  0.00000000E+00  0.00000000E+00  0.10058939E+04  0.11770413E+05  0.12500000E+03  0.14511761E-03  0.69999999E+00  0.99999982E+03
  0.40000000E+01  0.20000000E+01  0.00000000E+00  0.00000000E+00  0.10000315E+04  0.61752430E+02  0.12500000E+03  0.20776821E-04  0.69999999E+00  0.10000000E+04
  0.37500000E+01  0.17500000E+01  0.00000000E+00  0.00000000E+00  0.10015344E+04  0.30245090E+04  0.12500000E+03  0.15025651E-03  0.69999999E+00  0.99999982E+03
  0.45000000E+01  0.50000000E+00  0.00000000E+00  0.00000000E+00  0.10000000E+04  0.00000000E+00  0.12500000E+03  0.00000000E+00  0.69999999E+00  0.10000000E+04
  0.42500000E+01  0.25000000E+00  0.00000000E+00  0.00000000E+00  0.10000018E+04  0.35083482E+01  0.12500000E+03 -0.74084828E-05  0.69999999E+00  0.10000000E+04
  0.45000000E+01  0.10000000E+01  0.00000000E+00  0.00000000E+00  0.10000000E+04  0.00000000E+00  0.12500000E+03  0.00000000E+00  0.69999999E+00  0.10000000E+04
  0.42500000E+01  0.75000000E+00  0.00000000E+00  0.00000000E+00  0.10001102E+04  0.21641856E+03  0.12500000E+03 -0.17495760E-05  0.69999999E+00  0.10000000E+04
  0.45000000E+01  0.15000000E+01  0.00000000E+00  0.00000000E+00  0.10000000E+04  0.00000000E+00  0.12500000E+03  0.00000000E+00  0.69999999E+00  0.10000000E+04
  0.42500000E+01  0.12500000E+01  0.00000000E+00  0.00000000E+00  0.10000011E+04  0.21050045E+01  0.12500000E+03  0.48762436E-05  0.69999999E+00  0.10000000E+04
  0.45000000E+01  0.20000000E+01  0.00000000E+00  0.00000000E+00  0.10000000E+04  0.00000000E+00  0.12500000E+03  0.00000000E+00  0.69999999E+00  0.10000000E+04
  0.42500000E+01  0.17500000E+01  0.00000000E+00  0.00000000E+00  0.10000000E+04  0.00000000E+00  0.12500000E+03  0.00000000E+00  0.69999999E+00  0.10000000E+04
  0.50000000E+01  0.50000000E+00  0.00000000E+00  0.00000000E+00  0.10000000E+04  0.00000000E+00  0.12500000E+03  0.00000000E+00  0.69999999E+00  0.10000000E+04
  0.47500000E+01  0.25000000E+00  0.00000000E+00  0.00000000E+00  0.10000000E+04  0.00000000E+00  0.12500000E+03  0.00000000E+00  0.69999999E+00  0.10000000E+04
  0.50000000E+01  0.10000000E+01  0.00000000E+00  0.00000000E+00  0.10000000E+04  0.00000000E+00  0.12500000E+03  0.00000000E+00  0.69999999E+00  0.10000000E+04
  0.47500000E+01  0.75000000E+00  0.00000000E+00  0.00000000E+00  0.10000000E+04  0.00000000E+00  0.12500000E+03  0.00000000E+00  0.69999999E+00  0.10000000E+04
  0.50000000E+01  0.15000000E+01  0.00000000E+00  0.00000000E+00  0.10000000E+04  0.00000000E+00  0.12500000E+03  0.00000000E+00  0.69999999E+00  0.10000000E+04
  0.47500000E+01  0.12500000E+01  0.00000000E+00  0.00000000E+00  0.10000000E+04  0.00000000E+00  0.12500000E+03  0.00000000E+00  0.69999999E+00  0.10000000E+04
  0.50000000E+01  0.20000000E+01  0.00000000E+00  0.00000000E+00  0.10000000E+04  0.00000000E+00  0.12500000E+03  0.00000000E+00  0.69999999E+00  0.10000000E+04
  0.47500000E+01  0.17500000E+01  0.00000000E+00  0.00000000E+00  0.10000000E+04  0.00000000E+00  0.12500000E+03  0.00000000E+00  0.69999999E+00  0.10000000E+04
  0.75440514E+00  0.25470665E+00  0.15981391E+00  0.65733947E-01  0.10013292E+04  0.26182803E+04  0.12576698E+03  0.12576698E+03  0.10000000E+01  0.00000000E+00
  0.51956153E+00  0.51461399E+00  0.15662573E-01  0.14208476E+00  0.10020442E+04  0.40354023E+04  0.12561582E+03  0.12561285E+03  0.10000000E+01  0.00000000E+00
  0.68983483E+00  0.62557697E+00 -0.74930304E+00 -0.24369848E+00  0.10030247E+04  0.59885781E+04  0.12546356E+03  0.12546356E+03  0.10000000E+01  0.00000000E+00
  0.87580723E+00  0.81417000E+00  0.52665722E+00  0.19561496E+00  0.10034264E+04  0.67921611E+04  0.12531018E+03  0.12531018E+03  0.10000000E+01  0.00000000E+00
  0.11476318E+01  0.11618416E+01  0.10786602E+01 -0.58218920E+00  0.10045472E+04  0.90443154E+04  0.12515567E+03  0.12515567E+03  0.10000000E+01  0.00000000E+00
  0.13036127E+01  0.14652460E+01  0.23266859E+01  0.28663540E+00  0.10031935E+04  0.63259912E+04  0.12500000E+03  0.12500000E+03  0.10000000E+01  0.00000000E+00
  0.13470004E+01  0.20500505E+00  0.56490457E+00  0.50008226E-01  0.10012239E+04  0.24101697E+04  0.12576698E+03  0.12576286E+03  0.10000000E+01  0.00000000E+00
  0.10623637E+01  0.47475439E+00 -0.17325327E+00  0.72021805E-01  0.10022354E+04  0.44151650E+04  0.12561582E+03  0.12561170E+03  0.10000000E+01  0.00000000E+00
  0.14218104E+01  0.63586545E+00 -0.96473202E-01  0.14982486E+00  0.10035441E+04  0.70278789E+04  0.12546356E+03  0.12546356E+03  0.10000000E+01  0.00000000E+00
  0.11859628E+01  0.85544872E+00  0.87626219E-01 -0.66871619E+00  0.10041938E+04  0.83326904E+04  0.12531018E+03  0.12531018E+03  0.10000000E+01  0.00000000E+00
  0.15659561E+01  0.12084005E+01  0.32442039E+00 -0.22263500E+00  0.10027206E+04  0.53815703E+04  0.12515567E+03  0.12515567E+03  0.10000000E+01  0.00000000E+00
  0.13017079E+01  0.15221725E+01  0.66660368E+00 -0.27683192E+00  0.10027474E+04  0.54350645E+04  0.12500000E+03  0.12500000E+03  0.10000000E+01  0.00000000E+00
  0.19238319E+01  0.29460427E+00  0.64982021E+00 -0.80939189E-01  0.99695917E+03 -0.59119966E+04  0.12576698E+03  0.12576286E+03  0.10000000E+01  0.00000000E+00
  0.16896930E+01  0.49495065E+00  0.80854261E+00  0.36471230E+00  0.10021279E+04  0.42016582E+04  0.12561582E+03  0.12561170E+03  0.10000000E+01  0.00000000E+00
  0.21479459E+01  0.72381103E+00  0.21610789E+01  0.96871480E-01  0.10027577E+04  0.54555137E+04  0.12546356E+03  0.12546356E+03  0.10000000E+01  0.00000000E+00
  0.17397709E+01  0.85934377E+00  0.45293587E+00 -0.37387061E+00  0.10040191E+04  0.79812739E+04  0.12531018E+03  0.12531018E+03  0.10000000E+01  0.00000000E+00
  0.20017567E+01  0.11158004E+01  0.95200181E+00  0.29839006E+00  0.10035784E+04  0.70966909E+04  0.12515567E+03  0.12515567E+03  0.10000000E+01  0.00000000E+00
  0.17767606E+01  0.14558167E+01  0.47653419E+00  0.17582870E+00  0.10028114E+04  0.55627720E+04  0.12500000E+03  0.12500000E+03  0.10000000E+01  0.00000000E+00
  0.20886207E+01  0.50089133E+00 -0.15767988E+01  0.64171624E+00  0.10004922E+04  0.96715338E+03  0.12576698E+03  0.12576698E+03  0.10000000E+01  0.00000000E+00
  0.23707314E+01  0.50770026E+00 -0.21383971E+00 -0.22615641E+00  0.10026118E+04  0.51645913E+04  0.12561582E+03  0.12561428E+03  0.10000000E+01  0.00000000E+00
  0.26821961E+01  0.52619433E+00 -0.14843054E-01  0.78237966E-01  0.10084158E+04  0.16934613E+05  0.12546356E+03  0.12546275E+03  0.10000000E+01  0.00000000E+00
  0.24916615E+01  0.86948180E+00  0.12758478E+01 -0.65886629E+00  0.10020159E+04  0.39790554E+04  0.12531018E+03  0.12531018E+03  0.10000000E+01  0.00000000E+00
  0.27203183E+01  0.12178001E+01 -0.11063141E+00 -0.26270643E+00  0.99939386E+03 -0.11870465E+04  0.12515567E+03  0.12515567E+03  0.10000000E+01  0.00000000E+00
  0.22273121E+01  0.14120126E+01  0.12466922E+01  0.90497565E+00  0.10024447E+04  0.48319111E+04  0.12500000E+03  0.12500000E+03  0.10000000E+01  0.00000000E+00
  0.25326333E+01  0.12174482E+01 -0.16122773E+01  0.19705238E+01  0.99986981E+03 -0.25530666E+03  0.12561582E+03  0.12561399E+03  0.10000000E+01  0.00000000E+00
  0.28463922E+01  0.92029035E+00 -0.23041499E+00  0.24646133E+00  0.10077497E+04  0.15562966E+05  0.12531018E+03  0.12531018E+03  0.10000000E+01  0.00000000E+00
  0.27168412E+01  0.16367972E+01 -0.18351067E+01  0.91277742E+00  0.99031433E+03 -0.18459980E+05  0.12500000E+03  0.12500000E+03  0.10000000E+01  0.00000000E+00
