  0.00000000E+00  0.00000000E+00  0.00000000E+00  0.00000000E+00  0.10018513E+04  0.36525264E+04  0.12500000E+03  0.22848758E-02  0.69999999E+00  0.99999738E+03
  0.00000000E+00  0.50000000E+00  0.00000000E+00  0.00000000E+00  0.10193962E+04  0.40342691E+05  0.12500000E+03  0.25929585E-02  0.69999999E+00  0.99999701E+03
  0.00000000E+00  0.10000000E+01  0.00000000E+00  0.00000000E+00  0.10336135E+04  0.72985586E+05  0.12500000E+03  0.32218571E-02  0.69999999E+00  0.99999622E+03
  0.00000000E+00  0.15000000E+01  0.00000000E+00  0.00000000E+00  0.10262202E+04  0.55672207E+05  0.12500000E+03  0.10975820E-02  0.69999999E+00  0.99999872E+03
  0.00000000E+00  0.20000000E+01  0.00000000E+00  0.00000000E+00  0.10170081E+04  0.35121590E+05  0.12500000E+03 -0.12923507E-02  0.69999999E+00  0.10000015E+04
  0.00000000E+00  0.25000000E+01  0.00000000E+00  0.00000000E+00  0.10030736E+04  0.60862402E+04  0.12500000E+03  0.33517432E-03  0.69999999E+00  0.99999963E+03
  0.00000000E+00  0.30000000E+01  0.00000000E+00  0.00000000E+00  0.10000000E+04  0.00000000E+00  0.12500000E+03  0.60528782E-05  0.69999999E+00  0.10000000E+04
  0.00000000E+00  0.35000000E+01  0.00000000E+00  0.00000000E+00  0.10000000E+04  0.00000000E+00  0.12500000E+03  0.00000000E+00  0.69999999E+00  0.10000000E+04
  0.00000000E+00  0.40000000E+01  0.00000000E+00  0.00000000E+00  0.10000000E+04  0.00000000E+00  0.12500000E+03  0.00000000E+00  0.69999999E+00  0.10000000E+04
 -0.25000000E+00 -0.25000000E+00  0.00000000E+00  0.00000000E+00  0.10006414E+04  0.12607445E+04  0.12500000E+03  0.52005530E-03  0.69999999E+00  0.99999939E+03
 -0.25000000E+00  0.25000000E+00  0.00000000E+00  0.00000000E+00  0.10012445E+04  0.24509331E+04  0.12500000E+03  0.98668574E-03  0.69999999E+00  0.99999890E+03
 -0.25000000E+00  0.75000000E+00  0.00000000E+00  0.00000000E+00  0.10079316E+04  0.15937003E+05  0.12500000E+03  0.29355939E-03  0.69999999E+00  0.99999963E+03
 -0.25000000E+00  0.12500000E+01  0.00000000E+00  0.00000000E+00  0.10024502E+04  0.48428286E+04  0.12500000E+03  0.10225789E-02  0.69999999E+00  0.99999884E+03
 -0.25000000E+00  0.17500000E+01  0.00000000E+00  0.00000000E+00  0.10011786E+04  0.23206494E+04  0.12500000E+03 -0.30622870E-03  0.69999999E+00  0.10000004E+04
 -0.25000000E+00  0.22500000E+01  0.00000000E+00  0.00000000E+00  0.10012462E+04  0.24542319E+04  0.12500000E+03 -0.15003496E-03  0.69999999E+00  0.10000002E+04
 -0.25000000E+00  0.27500000E+01  0.00000000E+00  0.00000000E+00  0.10000000E+04  0.00000000E+00  0.12500000E+03  0.78192454E-42  0.69999999E+00  0.10000000E+04
 -0.25000000E+00  0.32500000E+01  0.00000000E+00  0.00000000E+00  0.10000000E+04  0.00000000E+00  0.12500000E+03  0.11490647E-42  0.69999999E+00  0.10000000E+04
 -0.25000000E+00  0.37500000E+01  0.00000000E+00  0.00000000E+00  0.10000000E+04  0.00000000E+00  0.12500000E+03  0.00000000E+00  0.69999999E+00  0.10000000E+04
  0.80000000E+01  0.00000000E+00  0.00000000E+00  0.00000000E+00  0.10000000E+04  0.00000000E+00  0.12500000E+03  0.00000000E+00  0.69999999E+00  0.10000000E+04
  0.80000000E+01  0.50000000E+00  0.00000000E+00  0.00000000E+00  0.10000000E+04  0.00000000E+00  0.12500000E+03  0.00000000E+00  0.69999999E+00  0.10000000E+04
  0.80000000E+01  0.10000000E+01  0.00000000E+00  0.00000000E+00  0.10000000E+04  0.00000000E+00  0.12500000E+03  0.00000000E+00  0.69999999E+00  0.10000000E+04
  0.80000000E+01  0.15000000E+01  0.00000000E+00  0.00000000E+00  0.10000000E+04  0.00000000E+00  0.12500000E+03  0.00000000E+00  0.69999999E+00  0.10000000E+04
  0.80000000E+01  0.20000000E+01  0.00000000E+00  0.00000000E+00  0.10000000E+04  0.00000000E+00  0.12500000E+03  0.00000000E+00  0.69999999E+00  0.10000000E+04
  0.80000000E+01  0.25000000E+01  0.00000000E+00  0.00000000E+00  0.10000000E+04  0.00000000E+00  0.12500000E+03  0.00000000E+00  0.69999999E+00  0.10000000E+04
  0.80000000E+01  0.30000000E+01  0.00000000E+00  0.00000000E+00  0.10000000E+04  0.00000000E+00  0.12500000E+03  0.00000000E+00  0.69999999E+00  0.10000000E+04
  0.80000000E+01  0.35000000E+01  0.00000000E+00  0.00000000E+00  0.10000000E+04  0.00000000E+00  0.12500000E+03  0.00000000E+00  0.69999999E+00  0.10000000E+04
  0.80000000E+01  0.40000000E+01  0.00000000E+00  0.00000000E+00  0.10000000E+04  0.00000000E+00  0.12500000E+03  0.00000000E+00  0.69999999E+00  0.10000000E+04
  0.82500000E+01 -0.25000000E+00  0.00000000E+00  0.00000000E+00  0.10000000E+04  0.00000000E+00  0.12500000E+03  0.00000000E+00  0.69999999E+00  0.10000000E+04
  0.82500000E+01  0.25000000E+00  0.00000000E+00  0.00000000E+00  0.10000000E+04  0.00000000E+00  0.12500000E+03  0.00000000E+00  0.69999999E+00  0.10000000E+04
  0.82500000E+01  0.75000000E+00  0.00000000E+00  0.00000000E+00  0.10000000E+04  0.00000000E+00  0.12500000E+03  0.00000000E+00  0.69999999E+00  0.10000000E+04
  0.82500000E+01  0.12500000E+01  0.00000000E+00  0.00000000E+00  0.10000000E+04  0.00000000E+00  0.12500000E+03  0.00000000E+00  0.69999999E+00  0.10000000E+04
  0.82500000E+01  0.17500000E+01  0.00000000E+00  0.00000000E+00  0.10000000E+04  0.00000000E+00  0.12500000E+03  0.00000000E+00  0.69999999E+00  0.10000000E+04
  0.82500000E+01  0.22500000E+01  0.00000000E+00  0.00000000E+00  0.10000000E+04  0.00000000E+00  0.12500000E+03  0.00000000E+00  0.69999999E+00  0.10000000E+04
  0.82500000E+01  0.27500000E+01  0.00000000E+00  0.00000000E+00  0.10000000E+04  0.00000000E+00  0.12500000E+03  0.00000000E+00  0.69999999E+00  0.10000000E+04
  0.82500000E+01  0.32500000E+01  0.00000000E+00  0.00000000E+00  0.10000000E+04  0.00000000E+00  0.12500000E+03  0.00000000E+00  0.69999999E+00  0.10000000E+04
  0.82500000E+01  0.37500000E+01  0.00000000E+00  0.00000000E+00  0.10000000E+04  0.00000000E+00  0.12500000E+03  0.00000000E+00  0.69999999E+00  0.10000000E+04
  0.50000000E+00  0.00000000E+00  0.00000000E+00  0.00000000E+00  0.10395399E+04  0.87410539E+05  0.12500000E+03  0.11311147E-01  0.69999999E+00  0.99998657E+03
  0.10000000E+01  0.00000000E+00  0.00000000E+00  0.00000000E+00  0.10610320E+04  0.14404080E+06  0.12500000E+03  0.61936914E-02  0.69999999E+00  0.99999249E+03
  0.15000000E+01  0.00000000E+00  0.00000000E+00  0.00000000E+00  0.10408728E+04  0.90723438E+05  0.12500000E+03  0.20159651E-01  0.69999999E+00  0.99997601E+03
  0.20000000E+01  0.00000000E+00  0.00000000E+00  0.00000000E+00  0.11451016E+04  0.44333166E+06  0.12500000E+03  0.23096988E-01  0.69999999E+00  0.99996979E+03
  0.25000000E+01  0.00000000E+00  0.00000000E+00  0.00000000E+00  0.10534200E+04  0.12318505E+06  0.12500000E+03  0.59829424E-02  0.69999999E+00  0.99999280E+03
  0.30000000E+01  0.00000000E+00  0.00000000E+00  0.00000000E+00  0.10369089E+04  0.80945633E+05  0.12500000E+03  0.76686116E-02  0.69999999E+00  0.99999091E+03
  0.35000000E+01  0.00000000E+00  0.00000000E+00  0.00000000E+00  0.10042559E+04  0.84574277E+04  0.12500000E+03  0.30495406E-02  0.69999999E+00  0.99999652E+03
  0.40000000E+01  0.00000000E+00  0.00000000E+00  0.00000000E+00  0.10000137E+04  0.26898298E+02  0.12500000E+03 -0.68247195E-04  0.69999999E+00  0.10000001E+04
  0.45000000E+01  0.00000000E+00  0.00000000E+00  0.00000000E+00  0.10000000E+04  0.00000000E+00  0.12500000E+03  0.27241242E-40  0.69999999E+00  0.10000000E+04
  0.50000000E+01  0.00000000E+00  0.00000000E+00  0.00000000E+00  0.10000000E+04  0.00000000E+00  0.12500000E+03  0.00000000E+00  0.69999999E+00  0.10000000E+04
  0.55000000E+01  0.00000000E+00  0.00000000E+00  0.00000000E+00  0.10000000E+04  0.00000000E+00  0.12500000E+03  0.00000000E+00  0.69999999E+00  0.10000000E+04
  0.60000000E+01  0.00000000E+00  0.00000000E+00  0.00000000E+00  0.10000000E+04  0.00000000E+00  0.12500000E+03  0.00000000E+00  0.69999999E+00  0.10000000E+04
  0.65000000E+01  0.00000000E+00  0.00000000E+00  0.00000000E+00  0.10000000E+04  0.00000000E+00  0.12500000E+03  0.00000000E+00  0.69999999E+00  0.10000000E+04
  0.70000000E+01  0.00000000E+00  0.00000000E+00  0.00000000E+00  0.10000000E+04  0.00000000E+00  0.12500000E+03  0.00000000E+00  0.69999999E+00  0.10000000E+04
  0.75000000E+01  0.00000000E+00  0.00000000E+00  0.00000000E+00  0.10000000E+04  0.00000000E+00  0.12500000E+03  0.00000000E+00  0.69999999E+00  0.10000000E+04
  0.25000000E+00 -0.25000000E+00  0.00000000E+00  0.00000000E+00  0.10057296E+04  0.11436470E+05  0.12500000E+03  0.31256443E-02  0.69999999E+00  0.99999640E+03
  0.75000000E+00 -0.25000000E+00  0.00000000E+00  0.00000000E+00  0.10259534E+04  0.55061301E+05  0.12500000E+03  0.81828944E-02  0.69999999E+00  0.99999042E+03
  0.12500000E+01 -0.25000000E+00  0.00000000E+00  0.00000000E+00  0.10111609E+04  0.22644568E+05  0.12500000E+03  0.66344934E-02  0.69999999E+00  0.99999231E+03
  0.17500000E+01 -0.25000000E+00  0.00000000E+00  0.00000000E+00  0.10150269E+04  0.30845477E+05  0.12500000E+03  0.10052294E-01  0.69999999E+00  0.99998834E+03
  0.22500000E+01 -0.25000000E+00  0.00000000E+00  0.00000000E+00  0.10019509E+04  0.38502983E+04  0.12500000E+03  0.98222755E-02  0.69999999E+00  0.99998877E+03
  0.27500000E+01 -0.25000000E+00  0.00000000E+00  0.00000000E+00  0.10033364E+04  0.66119619E+04  0.12500000E+03  0.39610462E-02  0.69999999E+00  0.99999548E+03
  0.32500000E+01 -0.25000000E+00  0.00000000E+00  0.00000000E+00  0.10001571E+04  0.30841055E+03  0.12500000E+03  0.27595600E-02  0.69999999E+00  0.99999683E+03
  0.37500000E+01 -0.25000000E+00  0.00000000E+00  0.00000000E+00  0.10000070E+04  0.13565822E+02  0.12500000E+03 -0.15635355E-03  0.69999999E+00  0.10000002E+04
  0.42500000E+01 -0.25000000E+00  0.00000000E+00  0.00000000E+00  0.10000000E+04  0.00000000E+00  0.12500000E+03 -0.11474167E-36  0.69999999E+00  0.10000000E+04
  0.47500000E+01 -0.25000000E+00  0.00000000E+00  0.00000000E+00  0.10000000E+04  0.00000000E+00  0.12500000E+03 -0.46189600E-40  0.69999999E+00  0.10000000E+04
  0.52500000E+01 -0.25000000E+00  0.00000000E+00  0.00000000E+00  0.10000000E+04  0.00000000E+00  0.12500000E+03  0.00000000E+00  0.69999999E+00  0.10000000E+04
  0.57500000E+01 -0.25000000E+00  0.00000000E+00  0.00000000E+00  0.10000000E+04  0.00000000E+00  0.12500000E+03  0.00000000E+00  0.69999999E+00  0.10000000E+04
  0.62500000E+01 -0.25000000E+00  0.00000000E+00  0.00000000E+00  0.10000000E+04  0.00000000E+00  0.12500000E+03  0.00000000E+00  0.69999999E+00  0.10000000E+04
  0.67500000E+01 -0.25000000E+00  0.00000000E+00  0.00000000E+00  0.10000000E+04  0.00000000E+00  0.12500000E+03  0.00000000E+00  0.69999999E+00  0.10000000E+04
  0.72500000E+01 -0.25000000E+00  0.00000000E+00  0.00000000E+00  0.10000000E+04  0.00000000E+00  0.12500000E+03  0.00000000E+00  0.69999999E+00  0.10000000E+04
  0.77500000E+01 -0.25000000E+00  0.00000000E+00  0.00000000E+00  0.10000000E+04  0.00000000E+00  0.12500000E+03  0.00000000E+00  0.69999999E+00  0.10000000E+04
  0.40000000E+01  0.50000000E+00  0.00000000E+00  0.00000000E+00  0.10015587E+04  0.30724307E+04  0.12500000E+03 -0.25673647E-03  0.69999999E+00  0.10000003E+04
  0.37500000E+01  0.25000000E+00  0.00000000E+00  0.00000000E+00  0.10051573E+04  0.10276634E+05  0.12500000E+03 -0.13242268E-02  0.69999999E+00  0.10000015E+04
  0.40000000E+01  0.10000000E+01  0.00000000E+00  0.00000000E+00  0.10044218E+04  0.87913291E+04  0.12500000E+03 -0.11339359E-03  0.69999999E+00  0.10000001E+04
  0.37500000E+01  0.75000000E+00  0.00000000E+00  0.00000000E+00  0.10478335E+04  0.10844312E+06  0.12500000E+03  0.86576643E-03  0.69999999E+00  0.99999896E+03
  0.40000000E+01  0.15000000E+01  0.00000000E+00  0.00000000E+00  0.10007396E+04  0.14542686E+04  0.12500000E+03  0.29636081E-03  0.69999999E+00  0.99999963E+03
  0.37500000E+01  0.12500000E+01  0.00000000E+00  0.00000000E+00  0.10423832E+04  0.94508406E+05  0.12500000E+03  0.71084389E-03  0.69999999E+00  0.99999915E+03
  0.40000000E+01  0.20000000E+01  0.00000000E+00  0.00000000E+00  0.10010637E+04  0.20936599E+04  0.12500000E+03  0.27565839E-03  0.69999999E+00  0.99999969E+03
  0.37500000E+01  0.17500000E+01  0.00000000E+00  0.00000000E+00  0.10233759E+04  0.49208027E+05  0.12500000E+03  0.15059495E-02  0.69999999E+00  0.99999823E+03
  0.45000000E+01  0.50000000E+00  0.00000000E+00  0.00000000E+00  0.10000000E+04  0.00000000E+00  0.12500000E+03  0.13648647E-39  0.69999999E+00  0.10000000E+04
  0.42500000E+01  0.25000000E+00  0.00000000E+00  0.00000000E+00  0.10000018E+04  0.35083482E+01  0.12500000E+03 -0.74084828E-05  0.69999999E+00  0.10000000E+04
  0.45000000E+01  0.10000000E+01  0.00000000E+00  0.00000000E+00  0.10000000E+04  0.00000000E+00  0.12500000E+03  0.00000000E+00  0.69999999E+00  0.10000000E+04
  0.42500000E+01  0.75000000E+00  0.00000000E+00  0.00000000E+00  0.10000944E+04  0.18529227E+03  0.12500000E+03 -0.10442676E-04  0.69999999E+00  0.10000000E+04
  0.45000000E+01  0.15000000E+01  0.00000000E+00  0.00000000E+00  0.10000000E+04  0.00000000E+00  0.12500000E+03 -0.72867520E-43  0.69999999E+00  0.10000000E+04
  0.42500000E+01  0.12500000E+01  0.00000000E+00  0.00000000E+00  0.10000066E+04  0.12864128E+02  0.12500000E+03  0.34267537E-05  0.69999999E+00  0.10000000E+04
  0.45000000E+01  0.20000000E+01  0.00000000E+00  0.00000000E+00  0.10000000E+04  0.00000000E+00  0.12500000E+03  0.72867520E-43  0.69999999E+00  0.10000000E+04
  0.42500000E+01  0.17500000E+01  0.00000000E+00  0.00000000E+00  0.10000031E+04  0.60811610E+01  0.12500000E+03 -0.35628464E-05  0.69999999E+00  0.10000000E+04
  0.50000000E+01  0.50000000E+00  0.00000000E+00  0.00000000E+00  0.10000000E+04  0.00000000E+00  0.12500000E+03  0.00000000E+00  0.69999999E+00  0.10000000E+04
  0.47500000E+01  0.25000000E+00  0.00000000E+00  0.00000000E+00  0.10000000E+04  0.00000000E+00  0.12500000E+03  0.45620673E-40  0.69999999E+00  0.10000000E+04
  0.50000000E+01  0.10000000E+01  0.00000000E+00  0.00000000E+00  0.10000000E+04  0.00000000E+00  0.12500000E+03  0.00000000E+00  0.69999999E+00  0.10000000E+04
  0.47500000E+01  0.75000000E+00  0.00000000E+00  0.00000000E+00  0.10000000E+04  0.00000000E+00  0.12500000E+03  0.00000000E+00  0.69999999E+00  0.10000000E+04
  0.50000000E+01  0.15000000E+01  0.00000000E+00  0.00000000E+00  0.10000000E+04  0.00000000E+00  0.12500000E+03  0.00000000E+00  0.69999999E+00  0.10000000E+04
  0.47500000E+01  0.12500000E+01  0.00000000E+00  0.00000000E+00  0.10000000E+04  0.00000000E+00  0.12500000E+03  0.00000000E+00  0.69999999E+00  0.10000000E+04
  0.50000000E+01  0.20000000E+01  0.00000000E+00  0.00000000E+00  0.10000000E+04  0.00000000E+00  0.12500000E+03  0.00000000E+00  0.69999999E+00  0.10000000E+04
  0.47500000E+01  0.17500000E+01  0.00000000E+00  0.00000000E+00  0.10000000E+04  0.00000000E+00  0.12500000E+03 -0.00000000E+00  0.69999999E+00  0.10000000E+04
  0.25426414E+01  0.85969412E+00 -0.82949901E+00  0.47950476E+00  0.10043581E+04  0.86631064E+04  0.12576698E+03  0.12576674E+03  0.10000000E+01  0.00000000E+00
  0.13373376E+01  0.85414517E+00 -0.88111198E+00 -0.81278384E+00  0.10119131E+04  0.24225809E+05  0.12561582E+03  0.12561256E+03  0.10000000E+01  0.00000000E+00
  0.17275531E+01  0.10111760E+01  0.35010941E-01 -0.17011393E-01  0.99679456E+03 -0.62288765E+04  0.12546356E+03  0.12546333E+03  0.10000000E+01  0.00000000E+00
  0.20369973E+01  0.19670718E+01 -0.90237749E+00 -0.88303894E+00  0.10069104E+04  0.13842631E+05  0.12531018E+03  0.12531027E+03  0.10000000E+01  0.00000000E+00
  0.25810785E+01  0.17172815E+01  0.15994221E+00 -0.16364220E+01  0.10076620E+04  0.15382955E+05  0.12515567E+03  0.12515567E+03  0.10000000E+01  0.00000000E+00
  0.28228307E+01  0.14699082E+01  0.19030696E+00 -0.63918099E-01  0.99883081E+03 -0.22859490E+04  0.12500000E+03  0.12500000E+03  0.10000000E+01  0.00000000E+00
  0.26877213E+01  0.88213313E+00 -0.54789859E+00 -0.32255435E+00  0.99304822E+03 -0.13358266E+05  0.12576698E+03  0.12575494E+03  0.10000000E+01  0.00000000E+00
  0.11587759E+01  0.91104364E+00 -0.40081286E+00 -0.73508483E+00  0.10100071E+04  0.20233139E+05  0.12561582E+03  0.12560624E+03  0.10000000E+01  0.00000000E+00
  0.95792580E+00  0.10880115E+01 -0.49312222E+00 -0.72480947E+00  0.10087993E+04  0.17726738E+05  0.12546356E+03  0.12546037E+03  0.10000000E+01  0.00000000E+00
  0.24828050E+01  0.13867570E+01  0.17256874E+00 -0.60157742E-01  0.10023719E+04  0.46869277E+04  0.12531018E+03  0.12531038E+03  0.10000000E+01  0.00000000E+00
  0.12982825E+01  0.81741440E+00  0.22271745E+00 -0.47612900E+00  0.10092857E+04  0.18733963E+05  0.12515567E+03  0.12515567E+03  0.10000000E+01  0.00000000E+00
  0.72188568E+00  0.81058669E+00 -0.80271840E+00 -0.87594086E+00  0.10153546E+04  0.31549566E+05  0.12500000E+03  0.12500000E+03  0.10000000E+01  0.00000000E+00
  0.20038745E+01  0.11046036E+01 -0.61462089E-01  0.29339999E+00  0.10059088E+04  0.11800700E+05  0.12576698E+03  0.12575644E+03  0.10000000E+01  0.00000000E+00
  0.27464001E+01  0.92282152E+00 -0.24314371E+00 -0.53166759E+00  0.99645538E+03 -0.68810430E+04  0.12561582E+03  0.12561089E+03  0.10000000E+01  0.00000000E+00
  0.28986859E+01  0.11263314E+01  0.10240629E-01  0.51330781E+00  0.10035663E+04  0.70725571E+04  0.12546356E+03  0.12546005E+03  0.10000000E+01  0.00000000E+00
  0.22411969E+01  0.15593840E+01 -0.49898291E+00  0.27743578E+00  0.99152368E+03 -0.16213561E+05  0.12531018E+03  0.12531018E+03  0.10000000E+01  0.00000000E+00
  0.29489741E+01  0.82500362E+00  0.21404260E+00  0.28528917E+00  0.10065522E+04  0.13110928E+05  0.12515567E+03  0.12515553E+03  0.10000000E+01  0.00000000E+00
  0.18746452E+01  0.14873042E+01 -0.12461845E+01  0.55328918E+00  0.10064056E+04  0.12811879E+05  0.12500000E+03  0.12499989E+03  0.10000000E+01  0.00000000E+00
  0.82045984E+00  0.11364273E+01 -0.33140063E+00 -0.12185472E+00  0.10103868E+04  0.21025076E+05  0.12576698E+03  0.12576566E+03  0.10000000E+01  0.00000000E+00
  0.26594400E+01  0.87925899E+00  0.87670916E+00  0.15378818E-02  0.99539771E+03 -0.89060176E+04  0.12561582E+03  0.12561221E+03  0.10000000E+01  0.00000000E+00
  0.20892649E+01  0.16924965E+01 -0.18601325E+01 -0.15919163E+01  0.10050250E+04  0.10008744E+05  0.12546356E+03  0.12546202E+03  0.10000000E+01  0.00000000E+00
  0.21817629E+01  0.94630647E+00  0.36587545E+00  0.11675139E+00  0.10066519E+04  0.13314333E+05  0.12531018E+03  0.12530890E+03  0.10000000E+01  0.00000000E+00
  0.10211526E+01  0.14673429E+01  0.83816117E+00 -0.88392764E-01  0.10068753E+04  0.13770730E+05  0.12515567E+03  0.12515567E+03  0.10000000E+01  0.00000000E+00
  0.17456062E+01  0.92985916E+00 -0.38245505E+00  0.76328880E+00  0.10211224E+04  0.44162508E+05  0.12500000E+03  0.12500012E+03  0.10000000E+01  0.00000000E+00
  0.92365634E+00  0.12968802E+01 -0.72338152E+00 -0.37409115E+00  0.10038278E+04  0.75969585E+04  0.12561582E+03  0.12561399E+03  0.10000000E+01  0.00000000E+00
  0.20348210E+01  0.20819111E+01 -0.15195937E+01 -0.12920681E+01  0.10055649E+04  0.11102369E+05  0.12531018E+03  0.12531004E+03  0.10000000E+01  0.00000000E+00
  0.26425908E+01  0.20137548E+01 -0.12751249E+01 -0.97493321E+00  0.10027386E+04  0.54174697E+04  0.12500000E+03  0.12500000E+03  0.10000000E+01  0.00000000E+00
