  0.00000000E+00  0.00000000E+00  0.00000000E+00  0.00000000E+00  0.99862952E+03 -0.26778706E+04  0.12500000E+03  0.97001524E-03  0.69999999E+00  0.99999890E+03
  0.00000000E+00  0.50000000E+00  0.00000000E+00  0.00000000E+00  0.10055048E+04  0.10980278E+05  0.12500000E+03  0.60318195E-03  0.69999999E+00  0.99999933E+03
  0.00000000E+00  0.10000000E+01  0.00000000E+00  0.00000000E+00  0.10084760E+04  0.17058596E+05  0.12500000E+03  0.12193262E-02  0.69999999E+00  0.99999860E+03
  0.00000000E+00  0.15000000E+01  0.00000000E+00  0.00000000E+00  0.10203690E+04  0.42490789E+05  0.12500000E+03  0.34276472E-03  0.69999999E+00  0.99999957E+03
  0.00000000E+00  0.20000000E+01  0.00000000E+00  0.00000000E+00  0.10059073E+04  0.11797550E+05  0.12500000E+03 -0.31668277E-03  0.69999999E+00  0.10000004E+04
  0.00000000E+00  0.25000000E+01  0.00000000E+00  0.00000000E+00  0.10002466E+04  0.48403955E+03  0.12500000E+03  0.71152863E-04  0.69999999E+00  0.99999994E+03
  0.00000000E+00  0.30000000E+01  0.00000000E+00  0.00000000E+00  0.10000000E+04  0.00000000E+00  0.12500000E+03  0.00000000E+00  0.69999999E+00  0.10000000E+04
  0.00000000E+00  0.35000000E+01  0.00000000E+00  0.00000000E+00  0.10000000E+04  0.00000000E+00  0.12500000E+03  0.00000000E+00  0.69999999E+00  0.10000000E+04
  0.00000000E+00  0.40000000E+01  0.00000000E+00  0.00000000E+00  0.10000000E+04  0.00000000E+00  0.12500000E+03  0.00000000E+00  0.69999999E+00  0.10000000E+04
 -0.25000000E+00 -0.25000000E+00  0.00000000E+00  0.00000000E+00  0.10002098E+04  0.41190317E+03  0.12500000E+03  0.30145681E-03  0.69999999E+00  0.99999963E+03
 -0.25000000E+00  0.25000000E+00  0.00000000E+00  0.00000000E+00  0.99902673E+03 -0.19040171E+04  0.12500000E+03  0.40774414E-03  0.69999999E+00  0.99999951E+03
 -0.25000000E+00  0.75000000E+00  0.00000000E+00  0.00000000E+00  0.10030227E+04  0.59845293E+04  0.12500000E+03  0.84147541E-05  0.69999999E+00  0.10000000E+04
 -0.25000000E+00  0.12500000E+01  0.00000000E+00  0.00000000E+00  0.10092826E+04  0.18727535E+05  0.12500000E+03  0.37656404E-03  0.69999999E+00  0.99999957E+03
 -0.25000000E+00  0.17500000E+01  0.00000000E+00  0.00000000E+00  0.10001616E+04  0.31730682E+03  0.12500000E+03 -0.10675416E-03  0.69999999E+00  0.10000001E+04
 -0.25000000E+00  0.22500000E+01  0.00000000E+00  0.00000000E+00  0.10004730E+04  0.92938812E+03  0.12500000E+03 -0.62706749E-04  0.69999999E+00  0.10000001E+04
 -0.25000000E+00  0.27500000E+01  0.00000000E+00  0.00000000E+00  0.10000000E+04  0.00000000E+00  0.12500000E+03  0.00000000E+00  0.69999999E+00  0.10000000E+04
 -0.25000000E+00  0.32500000E+01  0.00000000E+00  0.00000000E+00  0.10000000E+04  0.00000000E+00  0.12500000E+03  0.00000000E+00  0.69999999E+00  0.10000000E+04
 -0.25000000E+00  0.37500000E+01  0.00000000E+00  0.00000000E+00  0.10000000E+04  0.00000000E+00  0.12500000E+03  0.00000000E+00  0.69999999E+00  0.10000000E+04
  0.80000000E+01  0.00000000E+00  0.00000000E+00  0.00000000E+00  0.10000000E+04  0.00000000E+00  0.12500000E+03  0.00000000E+00  0.69999999E+00  0.10000000E+04
  0.80000000E+01  0.50000000E+00  0.00000000E+00  0.00000000E+00  0.10000000E+04  0.00000000E+00  0.12500000E+03  0.00000000E+00  0.69999999E+00  0.10000000E+04
  0.80000000E+01  0.10000000E+01  0.00000000E+00  0.00000000E+00  0.10000000E+04  0.00000000E+00  0.12500000E+03  0.00000000E+00  0.69999999E+00  0.10000000E+04
  0.80000000E+01  0.15000000E+01  0.00000000E+00  0.00000000E+00  0.10000000E+04  0.00000000E+00  0.12500000E+03  0.00000000E+00  0.69999999E+00  0.10000000E+04
  0.80000000E+01  0.20000000E+01  0.00000000E+00  0.00000000E+00  0.10000000E+04  0.00000000E+00  0.12500000E+03  0.00000000E+00  0.69999999E+00  0.10000000E+04
  0.80000000E+01  0.25000000E+01  0.00000000E+00  0.00000000E+00  0.10000000E+04  0.00000000E+00  0.12500000E+03  0.00000000E+00  0.69999999E+00  0.10000000E+04
  0.80000000E+01  0.30000000E+01  0.00000000E+00  0.00000000E+00  0.10000000E+04  0.00000000E+00  0.12500000E+03  0.00000000E+00  0.69999999E+00  0.10000000E+04
  0.80000000E+01  0.35000000E+01  0.00000000E+00  0.00000000E+00  0.10000000E+04  0.00000000E+00  0.12500000E+03  0.00000000E+00  0.69999999E+00  0.10000000E+04
  0.80000000E+01  0.40000000E+01  0.00000000E+00  0.00000000E+00  0.10000000E+04  0.00000000E+00  0.12500000E+03  0.00000000E+00  0.69999999E+00  0.10000000E+04
  0.82500000E+01 -0.25000000E+00  0.00000000E+00  0.00000000E+00  0.10000000E+04  0.00000000E+00  0.12500000E+03  0.00000000E+00  0.69999999E+00  0.10000000E+04
  0.82500000E+01  0.25000000E+00  0.00000000E+00  0.00000000E+00  0.10000000E+04  0.00000000E+00  0.12500000E+03  0.00000000E+00  0.69999999E+00  0.10000000E+04
  0.82500000E+01  0.75000000E+00  0.00000000E+00  0.00000000E+00  0.10000000E+04  0.00000000E+00  0.12500000E+03  0.00000000E+00  0.69999999E+00  0.10000000E+04
  0.82500000E+01  0.12500000E+01  0.00000000E+00  0.00000000E+00  0.10000000E+04  0.00000000E+00  0.12500000E+03  0.00000000E+00  0.69999999E+00  0.10000000E+04
  0.82500000E+01  0.17500000E+01  0.00000000E+00  0.00000000E+00  0.10000000E+04  0.00000000E+00  0.12500000E+03  0.00000000E+00  0.69999999E+00  0.10000000E+04
  0.82500000E+01  0.22500000E+01  0.00000000E+00  0.00000000E+00  0.10000000E+04  0.00000000E+00  0.12500000E+03  0.00000000E+00  0.69999999E+00  0.10000000E+04
  0.82500000E+01  0.27500000E+01  0.00000000E+00  0.00000000E+00  0.10000000E+04  0.00000000E+00  0.12500000E+03  0.00000000E+00  0.69999999E+00  0.10000000E+04
  0.82500000E+01  0.32500000E+01  0.00000000E+00  0.00000000E+00  0.10000000E+04  0.00000000E+00  0.12500000E+03  0.00000000E+00  0.69999999E+00  0.10000000E+04
  0.82500000E+01  0.37500000E+01  0.00000000E+00  0.00000000E+00  0.10000000E+04  0.00000000E+00  0.12500000E+03  0.00000000E+00  0.69999999E+00  0.10000000E+04
  0.50000000E+00  0.00000000E+00  0.00000000E+00  0.00000000E+00  0.10059573E+04  0.11899090E+05  0.12500000E+03  0.45129345E-02  0.69999999E+00  0.99999481E+03
  0.10000000E+01  0.00000000E+00  0.00000000E+00  0.00000000E+00  0.99990198E+03 -0.19231682E+03  0.12500000E+03  0.17193063E-02  0.69999999E+00  0.99999805E+03
  0.15000000E+01  0.00000000E+00  0.00000000E+00  0.00000000E+00  0.10081433E+04  0.16372828E+05  0.12500000E+03  0.69215931E-02  0.69999999E+00  0.99999200E+03
  0.20000000E+01  0.00000000E+00  0.00000000E+00  0.00000000E+00  0.10054440E+04  0.10857023E+05  0.12500000E+03  0.77090054E-02  0.69999999E+00  0.99999115E+03
  0.25000000E+01  0.00000000E+00  0.00000000E+00  0.00000000E+00  0.10004224E+04  0.82971814E+03  0.12500000E+03 -0.86071101E-04  0.69999999E+00  0.10000001E+04
  0.30000000E+01  0.00000000E+00  0.00000000E+00  0.00000000E+00  0.10128251E+04  0.26152023E+05  0.12500000E+03  0.10422908E-02  0.69999999E+00  0.99999878E+03
  0.35000000E+01  0.00000000E+00  0.00000000E+00  0.00000000E+00  0.10093831E+04  0.18936006E+05  0.12500000E+03  0.39695058E-03  0.69999999E+00  0.99999957E+03
  0.40000000E+01  0.00000000E+00  0.00000000E+00  0.00000000E+00  0.10000134E+04  0.26430483E+02  0.12500000E+03 -0.24179390E-04  0.69999999E+00  0.10000000E+04
  0.45000000E+01  0.00000000E+00  0.00000000E+00  0.00000000E+00  0.10000000E+04  0.00000000E+00  0.12500000E+03  0.00000000E+00  0.69999999E+00  0.10000000E+04
  0.50000000E+01  0.00000000E+00  0.00000000E+00  0.00000000E+00  0.10000000E+04  0.00000000E+00  0.12500000E+03  0.00000000E+00  0.69999999E+00  0.10000000E+04
  0.55000000E+01  0.00000000E+00  0.00000000E+00  0.00000000E+00  0.10000000E+04  0.00000000E+00  0.12500000E+03  0.00000000E+00  0.69999999E+00  0.10000000E+04
  0.60000000E+01  0.00000000E+00  0.00000000E+00  0.00000000E+00  0.10000000E+04  0.00000000E+00  0.12500000E+03  0.00000000E+00  0.69999999E+00  0.10000000E+04
  0.65000000E+01  0.00000000E+00  0.00000000E+00  0.00000000E+00  0.10000000E+04  0.00000000E+00  0.12500000E+03  0.00000000E+00  0.69999999E+00  0.10000000E+04
  0.70000000E+01  0.00000000E+00  0.00000000E+00  0.00000000E+00  0.10000000E+04  0.00000000E+00  0.12500000E+03  0.00000000E+00  0.69999999E+00  0.10000000E+04
  0.75000000E+01  0.00000000E+00  0.00000000E+00  0.00000000E+00  0.10000000E+04  0.00000000E+00  0.12500000E+03  0.00000000E+00  0.69999999E+00  0.10000000E+04
  0.25000000E+00 -0.25000000E+00  0.00000000E+00  0.00000000E+00  0.10043628E+04  0.86727100E+04  0.12500000E+03  0.14702207E-02  0.69999999E+00  0.99999829E+03
  0.75000000E+00 -0.25000000E+00  0.00000000E+00  0.00000000E+00  0.10025321E+04  0.50059272E+04  0.12500000E+03  0.33974056E-02  0.69999999E+00  0.99999609E+03
  0.12500000E+01 -0.25000000E+00  0.00000000E+00  0.00000000E+00  0.10057836E+04  0.11546134E+05  0.12500000E+03  0.25875238E-02  0.69999999E+00  0.99999701E+03
  0.17500000E+01 -0.25000000E+00  0.00000000E+00  0.00000000E+00  0.10134550E+04  0.27488332E+05  0.12500000E+03  0.38621507E-02  0.69999999E+00  0.99999554E+03
  0.22500000E+01 -0.25000000E+00  0.00000000E+00  0.00000000E+00  0.99960364E+03 -0.77675555E+03  0.12500000E+03  0.32980412E-02  0.69999999E+00  0.99999622E+03
  0.27500000E+01 -0.25000000E+00  0.00000000E+00  0.00000000E+00  0.10049254E+04  0.98075449E+04  0.12500000E+03  0.28273941E-03  0.69999999E+00  0.99999969E+03
  0.32500000E+01 -0.25000000E+00  0.00000000E+00  0.00000000E+00  0.10050564E+04  0.10072382E+05  0.12500000E+03  0.41791121E-03  0.69999999E+00  0.99999951E+03
  0.37500000E+01 -0.25000000E+00  0.00000000E+00  0.00000000E+00  0.10000066E+04  0.12864128E+02  0.12500000E+03 -0.33749464E-04  0.69999999E+00  0.10000001E+04
  0.42500000E+01 -0.25000000E+00  0.00000000E+00  0.00000000E+00  0.10000000E+04  0.00000000E+00  0.12500000E+03  0.00000000E+00  0.69999999E+00  0.10000000E+04
  0.47500000E+01 -0.25000000E+00  0.00000000E+00  0.00000000E+00  0.10000000E+04  0.00000000E+00  0.12500000E+03  0.00000000E+00  0.69999999E+00  0.10000000E+04
  0.52500000E+01 -0.25000000E+00  0.00000000E+00  0.00000000E+00  0.10000000E+04  0.00000000E+00  0.12500000E+03  0.00000000E+00  0.69999999E+00  0.10000000E+04
  0.57500000E+01 -0.25000000E+00  0.00000000E+00  0.00000000E+00  0.10000000E+04  0.00000000E+00  0.12500000E+03  0.00000000E+00  0.69999999E+00  0.10000000E+04
  0.62500000E+01 -0.25000000E+00  0.00000000E+00  0.00000000E+00  0.10000000E+04  0.00000000E+00  0.12500000E+03  0.00000000E+00  0.69999999E+00  0.10000000E+04
  0.67500000E+01 -0.25000000E+00  0.00000000E+00  0.00000000E+00  0.10000000E+04  0.00000000E+00  0.12500000E+03  0.00000000E+00  0.69999999E+00  0.10000000E+04
  0.72500000E+01 -0.25000000E+00  0.00000000E+00  0.00000000E+00  0.10000000E+04  0.00000000E+00  0.12500000E+03  0.00000000E+00  0.69999999E+00  0.10000000E+04
  0.77500000E+01 -0.25000000E+00  0.00000000E+00  0.00000000E+00  0.10000000E+04  0.00000000E+00  0.12500000E+03  0.00000000E+00  0.69999999E+00  0.10000000E+04
  0.40000000E+01  0.50000000E+00  0.00000000E+00  0.00000000E+00  0.10012456E+04  0.24530537E+04  0.12500000E+03 -0.50017366E-04  0.69999999E+00  0.10000001E+04
  0.37500000E+01  0.25000000E+00  0.00000000E+00  0.00000000E+00  0.10037446E+04  0.74299604E+04  0.12500000E+03 -0.19491068E-03  0.69999999E+00  0.10000002E+04
  0.40000000E+01  0.10000000E+01  0.00000000E+00  0.00000000E+00  0.10014182E+04  0.27944399E+04  0.12500000E+03 -0.18746248E-05  0.69999999E+00  0.10000000E+04
  0.37500000E+01  0.75000000E+00  0.00000000E+00  0.00000000E+00  0.10176709E+04  0.36563305E+05  0.12500000E+03  0.11077062E-03  0.69999999E+00  0.99999988E+03
  0.40000000E+01  0.15000000E+01  0.00000000E+00  0.00000000E+00  0.10003776E+04  0.74156476E+03  0.12500000E+03  0.59506758E-04  0.69999999E+00  0.99999994E+03
  0.37500000E+01  0.12500000E+01  0.00000000E+00  0.00000000E+00  0.10120184E+04  0.24447611E+05  0.12500000E+03  0.17725496E-03  0.69999999E+00  0.99999982E+03
  0.40000000E+01  0.20000000E+01  0.00000000E+00  0.00000000E+00  0.10000315E+04  0.61752430E+02  0.12500000E+03  0.20776821E-04  0.69999999E+00  0.10000000E+04
  0.37500000E+01  0.17500000E+01  0.00000000E+00  0.00000000E+00  0.10014501E+04  0.28574277E+04  0.12500000E+03  0.18671776E-03  0.69999999E+00  0.99999982E+03
  0.45000000E+01  0.50000000E+00  0.00000000E+00  0.00000000E+00  0.10000000E+04  0.00000000E+00  0.12500000E+03  0.00000000E+00  0.69999999E+00  0.10000000E+04
  0.42500000E+01  0.25000000E+00  0.00000000E+00  0.00000000E+00  0.10000018E+04  0.35083482E+01  0.12500000E+03 -0.74084828E-05  0.69999999E+00  0.10000000E+04
  0.45000000E+01  0.10000000E+01  0.00000000E+00  0.00000000E+00  0.10000000E+04  0.00000000E+00  0.12500000E+03  0.00000000E+00  0.69999999E+00  0.10000000E+04
  0.42500000E+01  0.75000000E+00  0.00000000E+00  0.00000000E+00  0.10001102E+04  0.21641856E+03  0.12500000E+03 -0.17495760E-05  0.69999999E+00  0.10000000E+04
  0.45000000E+01  0.15000000E+01  0.00000000E+00  0.00000000E+00  0.10000000E+04  0.00000000E+00  0.12500000E+03  0.00000000E+00  0.69999999E+00  0.10000000E+04
  0.42500000E+01  0.12500000E+01  0.00000000E+00  0.00000000E+00  0.10000011E+04  0.21050045E+01  0.12500000E+03  0.48762436E-05  0.69999999E+00  0.10000000E+04
  0.45000000E+01  0.20000000E+01  0.00000000E+00  0.00000000E+00  0.10000000E+04  0.00000000E+00  0.12500000E+03  0.00000000E+00  0.69999999E+00  0.10000000E+04
  0.42500000E+01  0.17500000E+01  0.00000000E+00  0.00000000E+00  0.10000000E+04  0.00000000E+00  0.12500000E+03  0.00000000E+00  0.69999999E+00  0.10000000E+04
  0.50000000E+01  0.50000000E+00  0.00000000E+00  0.00000000E+00  0.10000000E+04  0.00000000E+00  0.12500000E+03  0.00000000E+00  0.69999999E+00  0.10000000E+04
  0.47500000E+01  0.25000000E+00  0.00000000E+00  0.00000000E+00  0.10000000E+04  0.00000000E+00  0.12500000E+03  0.00000000E+00  0.69999999E+00  0.10000000E+04
  0.50000000E+01  0.10000000E+01  0.00000000E+00  0.00000000E+00  0.10000000E+04  0.00000000E+00  0.12500000E+03  0.00000000E+00  0.69999999E+00  0.10000000E+04
  0.47500000E+01  0.75000000E+00  0.00000000E+00  0.00000000E+00  0.10000000E+04  0.00000000E+00  0.12500000E+03  0.00000000E+00  0.69999999E+00  0.10000000E+04
  0.50000000E+01  0.15000000E+01  0.00000000E+00  0.00000000E+00  0.10000000E+04  0.00000000E+00  0.12500000E+03  0.00000000E+00  0.69999999E+00  0.10000000E+04
  0.47500000E+01  0.12500000E+01  0.00000000E+00  0.00000000E+00  0.10000000E+04  0.00000000E+00  0.12500000E+03  0.00000000E+00  0.69999999E+00  0.10000000E+04
  0.50000000E+01  0.20000000E+01  0.00000000E+00  0.00000000E+00  0.10000000E+04  0.00000000E+00  0.12500000E+03  0.00000000E+00  0.69999999E+00  0.10000000E+04
  0.47500000E+01  0.17500000E+01  0.00000000E+00  0.00000000E+00  0.10000000E+04  0.00000000E+00  0.12500000E+03  0.00000000E+00  0.69999999E+00  0.10000000E+04
  0.75843036E+00  0.25271556E+00 -0.18471141E+00  0.15038544E+00  0.10115676E+04  0.23498580E+05  0.12576698E+03  0.12576698E+03  0.10000000E+01  0.00000000E+00
  0.54056633E+00  0.52297044E+00  0.46576989E+00  0.25693554E+00  0.10077308E+04  0.15524262E+05  0.12561582E+03  0.12561256E+03  0.10000000E+01  0.00000000E+00
  0.63920593E+00  0.61946082E+00 -0.54575187E+00  0.15653338E+00  0.10045266E+04  0.90024980E+04  0.12546356E+03  0.12546356E+03  0.10000000E+01  0.00000000E+00
  0.90933222E+00  0.80712366E+00  0.11228944E+00  0.45769632E+00  0.10027418E+04  0.54238896E+04  0.12531018E+03  0.12531018E+03  0.10000000E+01  0.00000000E+00
  0.12259413E+01  0.10964005E+01  0.30915540E+00 -0.55820018E+00  0.99901562E+03 -0.19256412E+04  0.12515567E+03  0.12515567E+03  0.10000000E+01  0.00000000E+00
  0.15390131E+01  0.14643307E+01  0.19933507E+01 -0.11835063E+00  0.99662982E+03 -0.65457866E+04  0.12500000E+03  0.12500000E+03  0.10000000E+01  0.00000000E+00
  0.13717210E+01  0.19659853E+00  0.28986213E+00  0.10107700E+00  0.10013698E+04  0.26984485E+04  0.12576698E+03  0.12576201E+03  0.10000000E+01  0.00000000E+00
  0.10461854E+01  0.46366972E+00 -0.27394372E+00  0.13434489E+00  0.10057897E+04  0.11558482E+05  0.12561582E+03  0.12561085E+03  0.10000000E+01  0.00000000E+00
  0.14309905E+01  0.61641550E+00  0.10983025E+00 -0.28554192E+00  0.10018281E+04  0.36064124E+04  0.12546356E+03  0.12546356E+03  0.10000000E+01  0.00000000E+00
  0.11766857E+01  0.79300654E+00 -0.40263712E+00 -0.46747541E+00  0.10048120E+04  0.95785391E+04  0.12531018E+03  0.12531018E+03  0.10000000E+01  0.00000000E+00
  0.16242599E+01  0.11543455E+01  0.23971790E+00 -0.84468120E+00  0.99694055E+03 -0.59478208E+04  0.12515567E+03  0.12515567E+03  0.10000000E+01  0.00000000E+00
  0.13898584E+01  0.14530878E+01  0.22125632E+00 -0.73949265E+00  0.99503485E+03 -0.95976689E+04  0.12500000E+03  0.12500000E+03  0.10000000E+01  0.00000000E+00
  0.19607899E+01  0.29656896E+00  0.92969173E+00  0.30981993E-01  0.10041135E+04  0.81708398E+04  0.12576698E+03  0.12576201E+03  0.10000000E+01  0.00000000E+00
  0.17655704E+01  0.50939453E+00  0.13215218E+01  0.29737902E+00  0.10072581E+04  0.14554402E+05  0.12561582E+03  0.12561108E+03  0.10000000E+01  0.00000000E+00
  0.23290830E+01  0.71327615E+00  0.19609828E+01 -0.82208109E+00  0.98403180E+03 -0.29868094E+05  0.12546356E+03  0.12546356E+03  0.10000000E+01  0.00000000E+00
  0.18154540E+01  0.81300509E+00  0.87759215E+00 -0.60854852E+00  0.10130306E+04  0.26587299E+05  0.12531018E+03  0.12531018E+03  0.10000000E+01  0.00000000E+00
  0.21293941E+01  0.11155908E+01  0.14506123E+01 -0.19202359E+00  0.10063765E+04  0.12752586E+05  0.12515567E+03  0.12515567E+03  0.10000000E+01  0.00000000E+00
  0.18538926E+01  0.14763079E+01  0.70471287E+00  0.35894975E+00  0.10039889E+04  0.79204248E+04  0.12500000E+03  0.12500000E+03  0.10000000E+01  0.00000000E+00
  0.20062232E+01  0.53595138E+00 -0.14720424E+01  0.60538761E-03  0.99718805E+03 -0.54707578E+04  0.12576698E+03  0.12576698E+03  0.10000000E+01  0.00000000E+00
  0.23932238E+01  0.53582233E+00  0.14243973E-01  0.27075487E+00  0.10001378E+04  0.27048706E+03  0.12561582E+03  0.12561343E+03  0.10000000E+01  0.00000000E+00
  0.27656951E+01  0.58068025E+00  0.11915276E+01  0.52462769E+00  0.99530518E+03 -0.90825107E+04  0.12546356E+03  0.12546202E+03  0.10000000E+01  0.00000000E+00
  0.26064563E+01  0.79814196E+00  0.12244532E+01 -0.11719520E+01  0.10044945E+04  0.89381006E+04  0.12531018E+03  0.12531018E+03  0.10000000E+01  0.00000000E+00
  0.27312026E+01  0.11557751E+01  0.28761387E+00 -0.79822206E+00  0.10055893E+04  0.11151701E+05  0.12515567E+03  0.12515567E+03  0.10000000E+01  0.00000000E+00
  0.23547163E+01  0.15176761E+01  0.13649545E+01  0.80525950E-01  0.99452789E+03 -0.10561654E+05  0.12500000E+03  0.12500000E+03  0.10000000E+01  0.00000000E+00
  0.24019933E+01  0.13106635E+01 -0.17007799E+01  0.48158032E+00  0.10023046E+04  0.45531528E+04  0.12561582E+03  0.12561399E+03  0.10000000E+01  0.00000000E+00
  0.29236503E+01  0.90697992E+00  0.11229438E+01 -0.44129008E+00  0.10013718E+04  0.27026931E+04  0.12531018E+03  0.12531018E+03  0.10000000E+01  0.00000000E+00
  0.25424914E+01  0.17591791E+01 -0.14006447E+01  0.53984571E+00  0.10009725E+04  0.19136393E+04  0.12500000E+03  0.12500000E+03  0.10000000E+01  0.00000000E+00
