  0.00000000E+00  0.00000000E+00  0.00000000E+00  0.00000000E+00  0.10006008E+04  0.11809255E+04  0.12500000E+03  0.83915476E-03  0.69999999E+00  0.99999902E+03
  0.00000000E+00  0.50000000E+00  0.00000000E+00  0.00000000E+00  0.10066561E+04  0.13323095E+05  0.12500000E+03  0.57270058E-03  0.69999999E+00  0.99999933E+03
  0.00000000E+00  0.10000000E+01  0.00000000E+00  0.00000000E+00  0.10043065E+04  0.85594121E+04  0.12500000E+03  0.10838259E-02  0.69999999E+00  0.99999878E+03
  0.00000000E+00  0.15000000E+01  0.00000000E+00  0.00000000E+00  0.10201171E+04  0.41933172E+05  0.12500000E+03  0.27983222E-03  0.69999999E+00  0.99999969E+03
  0.00000000E+00  0.20000000E+01  0.00000000E+00  0.00000000E+00  0.10059073E+04  0.11797550E+05  0.12500000E+03 -0.31668277E-03  0.69999999E+00  0.10000004E+04
  0.00000000E+00  0.25000000E+01  0.00000000E+00  0.00000000E+00  0.10002466E+04  0.48403955E+03  0.12500000E+03  0.71152863E-04  0.69999999E+00  0.99999994E+03
  0.00000000E+00  0.30000000E+01  0.00000000E+00  0.00000000E+00  0.10000000E+04  0.00000000E+00  0.12500000E+03  0.00000000E+00  0.69999999E+00  0.10000000E+04
  0.00000000E+00  0.35000000E+01  0.00000000E+00  0.00000000E+00  0.10000000E+04  0.00000000E+00  0.12500000E+03  0.00000000E+00  0.69999999E+00  0.10000000E+04
  0.00000000E+00  0.40000000E+01  0.00000000E+00  0.00000000E+00  0.10000000E+04  0.00000000E+00  0.12500000E+03  0.00000000E+00  0.69999999E+00  0.10000000E+04
 -0.25000000E+00 -0.25000000E+00  0.00000000E+00  0.00000000E+00  0.10000435E+04  0.85380493E+02  0.12500000E+03  0.24675767E-03  0.69999999E+00  0.99999969E+03
 -0.25000000E+00  0.25000000E+00  0.00000000E+00  0.00000000E+00  0.10031936E+04  0.63262295E+04  0.12500000E+03  0.35920891E-03  0.69999999E+00  0.99999957E+03
 -0.25000000E+00  0.75000000E+00  0.00000000E+00  0.00000000E+00  0.10030840E+04  0.61069678E+04  0.12500000E+03  0.37493824E-04  0.69999999E+00  0.99999994E+03
 -0.25000000E+00  0.12500000E+01  0.00000000E+00  0.00000000E+00  0.10089302E+04  0.17997514E+05  0.12500000E+03  0.32805750E-03  0.69999999E+00  0.99999963E+03
 -0.25000000E+00  0.17500000E+01  0.00000000E+00  0.00000000E+00  0.10001616E+04  0.31730682E+03  0.12500000E+03 -0.10675416E-03  0.69999999E+00  0.10000001E+04
 -0.25000000E+00  0.22500000E+01  0.00000000E+00  0.00000000E+00  0.10004730E+04  0.92938812E+03  0.12500000E+03 -0.62706749E-04  0.69999999E+00  0.10000001E+04
 -0.25000000E+00  0.27500000E+01  0.00000000E+00  0.00000000E+00  0.10000000E+04  0.00000000E+00  0.12500000E+03  0.00000000E+00  0.69999999E+00  0.10000000E+04
 -0.25000000E+00  0.32500000E+01  0.00000000E+00  0.00000000E+00  0.10000000E+04  0.00000000E+00  0.12500000E+03  0.00000000E+00  0.69999999E+00  0.10000000E+04
 -0.25000000E+00  0.37500000E+01  0.00000000E+00  0.00000000E+00  0.10000000E+04  0.00000000E+00  0.12500000E+03  0.00000000E+00  0.69999999E+00  0.10000000E+04
  0.80000000E+01  0.00000000E+00  0.00000000E+00  0.00000000E+00  0.10000000E+04  0.00000000E+00  0.12500000E+03  0.00000000E+00  0.69999999E+00  0.10000000E+04
  0.80000000E+01  0.50000000E+00  0.00000000E+00  0.00000000E+00  0.10000000E+04  0.00000000E+00  0.12500000E+03  0.00000000E+00  0.69999999E+00  0.10000000E+04
  0.80000000E+01  0.10000000E+01  0.00000000E+00  0.00000000E+00  0.10000000E+04  0.00000000E+00  0.12500000E+03  0.00000000E+00  0.69999999E+00  0.10000000E+04
  0.80000000E+01  0.15000000E+01  0.00000000E+00  0.00000000E+00  0.10000000E+04  0.00000000E+00  0.12500000E+03  0.00000000E+00  0.69999999E+00  0.10000000E+04
  0.80000000E+01  0.20000000E+01  0.00000000E+00  0.00000000E+00  0.10000000E+04  0.00000000E+00  0.12500000E+03  0.00000000E+00  0.69999999E+00  0.10000000E+04
  0.80000000E+01  0.25000000E+01  0.00000000E+00  0.00000000E+00  0.10000000E+04  0.00000000E+00  0.12500000E+03  0.00000000E+00  0.69999999E+00  0.10000000E+04
  0.80000000E+01  0.30000000E+01  0.00000000E+00  0.00000000E+00  0.10000000E+04  0.00000000E+00  0.12500000E+03  0.00000000E+00  0.69999999E+00  0.10000000E+04
  0.80000000E+01  0.35000000E+01  0.00000000E+00  0.00000000E+00  0.10000000E+04  0.00000000E+00  0.12500000E+03  0.00000000E+00  0.69999999E+00  0.10000000E+04
  0.80000000E+01  0.40000000E+01  0.00000000E+00  0.00000000E+00  0.10000000E+04  0.00000000E+00  0.12500000E+03  0.00000000E+00  0.69999999E+00  0.10000000E+04
  0.82500000E+01 -0.25000000E+00  0.00000000E+00  0.00000000E+00  0.10000000E+04  0.00000000E+00  0.12500000E+03  0.00000000E+00  0.69999999E+00  0.10000000E+04
  0.82500000E+01  0.25000000E+00  0.00000000E+00  0.00000000E+00  0.10000000E+04  0.00000000E+00  0.12500000E+03  0.00000000E+00  0.69999999E+00  0.10000000E+04
  0.82500000E+01  0.75000000E+00  0.00000000E+00  0.00000000E+00  0.10000000E+04  0.00000000E+00  0.12500000E+03  0.00000000E+00  0.69999999E+00  0.10000000E+04
  0.82500000E+01  0.12500000E+01  0.00000000E+00  0.00000000E+00  0.10000000E+04  0.00000000E+00  0.12500000E+03  0.00000000E+00  0.69999999E+00  0.10000000E+04
  0.82500000E+01  0.17500000E+01  0.00000000E+00  0.00000000E+00  0.10000000E+04  0.00000000E+00  0.12500000E+03  0.00000000E+00  0.69999999E+00  0.10000000E+04
  0.82500000E+01  0.22500000E+01  0.00000000E+00  0.00000000E+00  0.10000000E+04  0.00000000E+00  0.12500000E+03  0.00000000E+00  0.69999999E+00  0.10000000E+04
  0.82500000E+01  0.27500000E+01  0.00000000E+00  0.00000000E+00  0.10000000E+04  0.00000000E+00  0.12500000E+03  0.00000000E+00  0.69999999E+00  0.10000000E+04
  0.82500000E+01  0.32500000E+01  0.00000000E+00  0.00000000E+00  0.10000000E+04  0.00000000E+00  0.12500000E+03  0.00000000E+00  0.69999999E+00  0.10000000E+04
  0.82500000E+01  0.37500000E+01  0.00000000E+00  0.00000000E+00  0.10000000E+04  0.00000000E+00  0.12500000E+03  0.00000000E+00  0.69999999E+00  0.10000000E+04
  0.50000000E+00  0.00000000E+00  0.00000000E+00  0.00000000E+00  0.10007965E+04  0.15665835E+04  0.12500000E+03  0.39148298E-02  0.69999999E+00  0.99999554E+03
  0.10000000E+01  0.00000000E+00  0.00000000E+00  0.00000000E+00  0.10001796E+04  0.35242606E+03  0.12500000E+03  0.16298998E-02  0.69999999E+00  0.99999811E+03
  0.15000000E+01  0.00000000E+00  0.00000000E+00  0.00000000E+00  0.10064515E+04  0.12905455E+05  0.12500000E+03  0.58442792E-02  0.69999999E+00  0.99999329E+03
  0.20000000E+01  0.00000000E+00  0.00000000E+00  0.00000000E+00  0.10054243E+04  0.10817156E+05  0.12500000E+03  0.66278172E-02  0.69999999E+00  0.99999237E+03
  0.25000000E+01  0.00000000E+00  0.00000000E+00  0.00000000E+00  0.10192372E+04  0.39992730E+05  0.12500000E+03 -0.27449947E-03  0.69999999E+00  0.10000003E+04
  0.30000000E+01  0.00000000E+00  0.00000000E+00  0.00000000E+00  0.10094794E+04  0.19135936E+05  0.12500000E+03  0.84521587E-03  0.69999999E+00  0.99999902E+03
  0.35000000E+01  0.00000000E+00  0.00000000E+00  0.00000000E+00  0.10059608E+04  0.11906361E+05  0.12500000E+03  0.32291526E-03  0.69999999E+00  0.99999963E+03
  0.40000000E+01  0.00000000E+00  0.00000000E+00  0.00000000E+00  0.10000134E+04  0.26430483E+02  0.12500000E+03 -0.24179390E-04  0.69999999E+00  0.10000000E+04
  0.45000000E+01  0.00000000E+00  0.00000000E+00  0.00000000E+00  0.10000000E+04  0.00000000E+00  0.12500000E+03  0.00000000E+00  0.69999999E+00  0.10000000E+04
  0.50000000E+01  0.00000000E+00  0.00000000E+00  0.00000000E+00  0.10000000E+04  0.00000000E+00  0.12500000E+03  0.00000000E+00  0.69999999E+00  0.10000000E+04
  0.55000000E+01  0.00000000E+00  0.00000000E+00  0.00000000E+00  0.10000000E+04  0.00000000E+00  0.12500000E+03  0.00000000E+00  0.69999999E+00  0.10000000E+04
  0.60000000E+01  0.00000000E+00  0.00000000E+00  0.00000000E+00  0.10000000E+04  0.00000000E+00  0.12500000E+03  0.00000000E+00  0.69999999E+00  0.10000000E+04
  0.65000000E+01  0.00000000E+00  0.00000000E+00  0.00000000E+00  0.10000000E+04  0.00000000E+00  0.12500000E+03  0.00000000E+00  0.69999999E+00  0.10000000E+04
  0.70000000E+01  0.00000000E+00  0.00000000E+00  0.00000000E+00  0.10000000E+04  0.00000000E+00  0.12500000E+03  0.00000000E+00  0.69999999E+00  0.10000000E+04
  0.75000000E+01  0.00000000E+00  0.00000000E+00  0.00000000E+00  0.10000000E+04  0.00000000E+00  0.12500000E+03  0.00000000E+00  0.69999999E+00  0.10000000E+04
  0.25000000E+00 -0.25000000E+00  0.00000000E+00  0.00000000E+00  0.10080310E+04  0.16141596E+05  0.12500000E+03  0.12643761E-02  0.69999999E+00  0.99999854E+03
  0.75000000E+00 -0.25000000E+00  0.00000000E+00  0.00000000E+00  0.10026385E+04  0.52180503E+04  0.12500000E+03  0.29295026E-02  0.69999999E+00  0.99999664E+03
  0.12500000E+01 -0.25000000E+00  0.00000000E+00  0.00000000E+00  0.99762817E+03 -0.46205830E+04  0.12500000E+03  0.22719433E-02  0.69999999E+00  0.99999744E+03
  0.17500000E+01 -0.25000000E+00  0.00000000E+00  0.00000000E+00  0.10063236E+04  0.12644720E+05  0.12500000E+03  0.33502264E-02  0.69999999E+00  0.99999615E+03
  0.22500000E+01 -0.25000000E+00  0.00000000E+00  0.00000000E+00  0.10115806E+04  0.23525896E+05  0.12500000E+03  0.28751518E-02  0.69999999E+00  0.99999670E+03
  0.27500000E+01 -0.25000000E+00  0.00000000E+00  0.00000000E+00  0.10095601E+04  0.19303541E+05  0.12500000E+03  0.19214918E-03  0.69999999E+00  0.99999976E+03
  0.32500000E+01 -0.25000000E+00  0.00000000E+00  0.00000000E+00  0.10062443E+04  0.12483227E+05  0.12500000E+03  0.32734475E-03  0.69999999E+00  0.99999963E+03
  0.37500000E+01 -0.25000000E+00  0.00000000E+00  0.00000000E+00  0.10000066E+04  0.12864128E+02  0.12500000E+03 -0.31315314E-04  0.69999999E+00  0.10000001E+04
  0.42500000E+01 -0.25000000E+00  0.00000000E+00  0.00000000E+00  0.10000000E+04  0.00000000E+00  0.12500000E+03  0.00000000E+00  0.69999999E+00  0.10000000E+04
  0.47500000E+01 -0.25000000E+00  0.00000000E+00  0.00000000E+00  0.10000000E+04  0.00000000E+00  0.12500000E+03  0.00000000E+00  0.69999999E+00  0.10000000E+04
  0.52500000E+01 -0.25000000E+00  0.00000000E+00  0.00000000E+00  0.10000000E+04  0.00000000E+00  0.12500000E+03  0.00000000E+00  0.69999999E+00  0.10000000E+04
  0.57500000E+01 -0.25000000E+00  0.00000000E+00  0.00000000E+00  0.10000000E+04  0.00000000E+00  0.12500000E+03  0.00000000E+00  0.69999999E+00  0.10000000E+04
  0.62500000E+01 -0.25000000E+00  0.00000000E+00  0.00000000E+00  0.10000000E+04  0.00000000E+00  0.12500000E+03  0.00000000E+00  0.69999999E+00  0.10000000E+04
  0.67500000E+01 -0.25000000E+00  0.00000000E+00  0.00000000E+00  0.10000000E+04  0.00000000E+00  0.12500000E+03  0.00000000E+00  0.69999999E+00  0.10000000E+04
  0.72500000E+01 -0.25000000E+00  0.00000000E+00  0.00000000E+00  0.10000000E+04  0.00000000E+00  0.12500000E+03  0.00000000E+00  0.69999999E+00  0.10000000E+04
  0.77500000E+01 -0.25000000E+00  0.00000000E+00  0.00000000E+00  0.10000000E+04  0.00000000E+00  0.12500000E+03  0.00000000E+00  0.69999999E+00  0.10000000E+04
  0.40000000E+01  0.50000000E+00  0.00000000E+00  0.00000000E+00  0.10009384E+04  0.18461276E+04  0.12500000E+03 -0.40192161E-04  0.69999999E+00  0.10000001E+04
  0.37500000E+01  0.25000000E+00  0.00000000E+00  0.00000000E+00  0.10004546E+04  0.89303436E+03  0.12500000E+03 -0.16438577E-03  0.69999999E+00  0.10000002E+04
  0.40000000E+01  0.10000000E+01  0.00000000E+00  0.00000000E+00  0.10002909E+04  0.57118646E+03  0.12500000E+03 -0.21466697E-06  0.69999999E+00  0.10000000E+04
  0.37500000E+01  0.75000000E+00  0.00000000E+00  0.00000000E+00  0.10019115E+04  0.37719797E+04  0.12500000E+03  0.10379593E-03  0.69999999E+00  0.99999988E+03
  0.40000000E+01  0.15000000E+01  0.00000000E+00  0.00000000E+00  0.10003605E+04  0.70804456E+03  0.12500000E+03  0.49184968E-04  0.69999999E+00  0.99999994E+03
  0.37500000E+01  0.12500000E+01  0.00000000E+00  0.00000000E+00  0.10054070E+04  0.10782125E+05  0.12500000E+03  0.14823995E-03  0.69999999E+00  0.99999982E+03
  0.40000000E+01  0.20000000E+01  0.00000000E+00  0.00000000E+00  0.10000315E+04  0.61752430E+02  0.12500000E+03  0.20776821E-04  0.69999999E+00  0.10000000E+04
  0.37500000E+01  0.17500000E+01  0.00000000E+00  0.00000000E+00  0.10005046E+04  0.99155060E+03  0.12500000E+03  0.15576759E-03  0.69999999E+00  0.99999982E+03
  0.45000000E+01  0.50000000E+00  0.00000000E+00  0.00000000E+00  0.10000000E+04  0.00000000E+00  0.12500000E+03  0.00000000E+00  0.69999999E+00  0.10000000E+04
  0.42500000E+01  0.25000000E+00  0.00000000E+00  0.00000000E+00  0.10000018E+04  0.35083482E+01  0.12500000E+03 -0.74084828E-05  0.69999999E+00  0.10000000E+04
  0.45000000E+01  0.10000000E+01  0.00000000E+00  0.00000000E+00  0.10000000E+04  0.00000000E+00  0.12500000E+03  0.00000000E+00  0.69999999E+00  0.10000000E+04
  0.42500000E+01  0.75000000E+00  0.00000000E+00  0.00000000E+00  0.10001102E+04  0.21641856E+03  0.12500000E+03 -0.17495760E-05  0.69999999E+00  0.10000000E+04
  0.45000000E+01  0.15000000E+01  0.00000000E+00  0.00000000E+00  0.10000000E+04  0.00000000E+00  0.12500000E+03  0.00000000E+00  0.69999999E+00  0.10000000E+04
  0.42500000E+01  0.12500000E+01  0.00000000E+00  0.00000000E+00  0.10000011E+04  0.21050045E+01  0.12500000E+03  0.48762436E-05  0.69999999E+00  0.10000000E+04
  0.45000000E+01  0.20000000E+01  0.00000000E+00  0.00000000E+00  0.10000000E+04  0.00000000E+00  0.12500000E+03  0.00000000E+00  0.69999999E+00  0.10000000E+04
  0.42500000E+01  0.17500000E+01  0.00000000E+00  0.00000000E+00  0.10000000E+04  0.00000000E+00  0.12500000E+03  0.00000000E+00  0.69999999E+00  0.10000000E+04
  0.50000000E+01  0.50000000E+00  0.00000000E+00  0.00000000E+00  0.10000000E+04  0.00000000E+00  0.12500000E+03  0.00000000E+00  0.69999999E+00  0.10000000E+04
  0.47500000E+01  0.25000000E+00  0.00000000E+00  0.00000000E+00  0.10000000E+04  0.00000000E+00  0.12500000E+03  0.00000000E+00  0.69999999E+00  0.10000000E+04
  0.50000000E+01  0.10000000E+01  0.00000000E+00  0.00000000E+00  0.10000000E+04  0.00000000E+00  0.12500000E+03  0.00000000E+00  0.69999999E+00  0.10000000E+04
  0.47500000E+01  0.75000000E+00  0.00000000E+00  0.00000000E+00  0.10000000E+04  0.00000000E+00  0.12500000E+03  0.00000000E+00  0.69999999E+00  0.10000000E+04
  0.50000000E+01  0.15000000E+01  0.00000000E+00  0.00000000E+00  0.10000000E+04  0.00000000E+00  0.12500000E+03  0.00000000E+00  0.69999999E+00  0.10000000E+04
  0.47500000E+01  0.12500000E+01  0.00000000E+00  0.00000000E+00  0.10000000E+04  0.00000000E+00  0.12500000E+03  0.00000000E+00  0.69999999E+00  0.10000000E+04
  0.50000000E+01  0.20000000E+01  0.00000000E+00  0.00000000E+00  0.10000000E+04  0.00000000E+00  0.12500000E+03  0.00000000E+00  0.69999999E+00  0.10000000E+04
  0.47500000E+01  0.17500000E+01  0.00000000E+00  0.00000000E+00  0.10000000E+04  0.00000000E+00  0.12500000E+03  0.00000000E+00  0.69999999E+00  0.10000000E+04
  0.75521863E+00  0.25479522E+00  0.15470459E+00 -0.36622033E-01  0.10013013E+04  0.25631169E+04  0.12576698E+03  0.12576698E+03  0.10000000E+01  0.00000000E+00
  0.51941490E+00  0.51531982E+00  0.10292850E+00  0.41976675E-01  0.10028483E+04  0.56362793E+04  0.12561582E+03  0.12561272E+03  0.10000000E+01  0.00000000E+00
  0.68094182E+00  0.62190366E+00 -0.75646192E+00 -0.31938717E+00  0.10034236E+04  0.67866704E+04  0.12546356E+03  0.12546356E+03  0.10000000E+01  0.00000000E+00
  0.88240570E+00  0.81437397E+00  0.42115659E+00  0.38962662E-02  0.99833850E+03 -0.32436194E+04  0.12531018E+03  0.12531018E+03  0.10000000E+01  0.00000000E+00
  0.11646577E+01  0.11523643E+01  0.77278340E+00 -0.62231445E+00  0.10061940E+04  0.12380785E+05  0.12515567E+03  0.12515567E+03  0.10000000E+01  0.00000000E+00
  0.13411603E+01  0.14690588E+01  0.21724524E+01  0.40362185E+00  0.10047556E+04  0.94644561E+04  0.12500000E+03  0.12500000E+03  0.10000000E+01  0.00000000E+00
  0.13513801E+01  0.20601490E+00  0.32734692E+00  0.40987737E-01  0.99674951E+03 -0.63155879E+04  0.12576698E+03  0.12576274E+03  0.10000000E+01  0.00000000E+00
  0.10608078E+01  0.47440660E+00 -0.26542741E+00 -0.82865909E-01  0.10001106E+04  0.21712070E+03  0.12561582E+03  0.12561158E+03  0.10000000E+01  0.00000000E+00
  0.14231958E+01  0.63646436E+00 -0.13471840E+00  0.88537745E-02  0.10032067E+04  0.63522168E+04  0.12546356E+03  0.12546356E+03  0.10000000E+01  0.00000000E+00
  0.11890823E+01  0.84546256E+00 -0.59996232E-01 -0.83367884E+00  0.10065793E+04  0.13166390E+05  0.12531018E+03  0.12531018E+03  0.10000000E+01  0.00000000E+00
  0.15764151E+01  0.12044115E+01  0.34407657E+00 -0.34851217E+00  0.10030179E+04  0.59750029E+04  0.12515567E+03  0.12515567E+03  0.10000000E+01  0.00000000E+00
  0.13168567E+01  0.15182312E+01  0.53948390E+00 -0.19344994E+00  0.10014410E+04  0.28394973E+04  0.12500000E+03  0.12500000E+03  0.10000000E+01  0.00000000E+00
  0.19289293E+01  0.29734048E+00  0.32007152E+00  0.27904931E+00  0.99577374E+03 -0.81875420E+04  0.12576698E+03  0.12576274E+03  0.10000000E+01  0.00000000E+00
  0.16991444E+01  0.49995565E+00  0.72359681E+00  0.43312210E+00  0.10009336E+04  0.18369546E+04  0.12561582E+03  0.12561158E+03  0.10000000E+01  0.00000000E+00
  0.21730728E+01  0.72736967E+00  0.20826221E+01  0.14879419E+00  0.10008059E+04  0.15849147E+04  0.12546356E+03  0.12546356E+03  0.10000000E+01  0.00000000E+00
  0.17495427E+01  0.85486066E+00  0.48781765E+00 -0.55603611E+00  0.10072607E+04  0.14559532E+05  0.12531018E+03  0.12531018E+03  0.10000000E+01  0.00000000E+00
  0.20186629E+01  0.11208122E+01  0.10279896E+01  0.16334233E+00  0.10050848E+04  0.10130004E+05  0.12515567E+03  0.12515567E+03  0.10000000E+01  0.00000000E+00
  0.17894287E+01  0.14599586E+01  0.56458586E+00  0.30495143E+00  0.10059064E+04  0.11795611E+05  0.12500000E+03  0.12500000E+03  0.10000000E+01  0.00000000E+00
  0.20760002E+01  0.51025987E+00 -0.17930158E+01  0.94201720E+00  0.99883417E+03 -0.22793296E+04  0.12576698E+03  0.12576698E+03  0.10000000E+01  0.00000000E+00
  0.23702588E+01  0.50998574E+00 -0.27546877E+00  0.30449766E+00  0.10056147E+04  0.11203218E+05  0.12561582E+03  0.12561416E+03  0.10000000E+01  0.00000000E+00
  0.26860271E+01  0.53171694E+00  0.38726705E+00  0.60333276E+00  0.10051711E+04  0.10304616E+05  0.12546356E+03  0.12546263E+03  0.10000000E+01  0.00000000E+00
  0.25085115E+01  0.86476231E+00  0.12470621E+01 -0.65297055E+00  0.99634009E+03 -0.71023687E+04  0.12531018E+03  0.12531018E+03  0.10000000E+01  0.00000000E+00
  0.27178593E+01  0.12177556E+01 -0.20003337E-02 -0.28488973E+00  0.10037203E+04  0.73811685E+04  0.12515567E+03  0.12515567E+03  0.10000000E+01  0.00000000E+00
  0.22472067E+01  0.14295416E+01  0.13413050E+01  0.11134290E+01  0.10128635E+04  0.26233328E+05  0.12500000E+03  0.12500000E+03  0.10000000E+01  0.00000000E+00
  0.25128865E+01  0.12458596E+01 -0.15317733E+01  0.18633854E+01  0.99883429E+03 -0.22790974E+04  0.12561582E+03  0.12561399E+03  0.10000000E+01  0.00000000E+00
  0.28462901E+01  0.92536485E+00  0.17652079E+00  0.20890743E+00  0.10084382E+04  0.16980855E+05  0.12531018E+03  0.12531018E+03  0.10000000E+01  0.00000000E+00
  0.26832728E+01  0.16522620E+01 -0.18107737E+01  0.69281471E+00  0.10042382E+04  0.84216816E+04  0.12500000E+03  0.12500000E+03  0.10000000E+01  0.00000000E+00
