  0.00000000E+00  0.00000000E+00  0.00000000E+00  0.00000000E+00  0.10013278E+04  0.26154512E+04  0.12500000E+03  0.22769507E-02  0.69999999E+00  0.99999738E+03
  0.00000000E+00  0.50000000E+00  0.00000000E+00  0.00000000E+00  0.10134934E+04  0.27570195E+05  0.12500000E+03  0.25636307E-02  0.69999999E+00  0.99999701E+03
  0.00000000E+00  0.10000000E+01  0.00000000E+00  0.00000000E+00  0.10265745E+04  0.56484945E+05  0.12500000E+03  0.32029503E-02  0.69999999E+00  0.99999622E+03
  0.00000000E+00  0.15000000E+01  0.00000000E+00  0.00000000E+00  0.10264890E+04  0.56288715E+05  0.12500000E+03  0.11011704E-02  0.69999999E+00  0.99999872E+03
  0.00000000E+00  0.20000000E+01  0.00000000E+00  0.00000000E+00  0.10174240E+04  0.36025633E+05  0.12500000E+03 -0.12759434E-02  0.69999999E+00  0.10000015E+04
  0.00000000E+00  0.25000000E+01  0.00000000E+00  0.00000000E+00  0.10030736E+04  0.60862402E+04  0.12500000E+03  0.33517432E-03  0.69999999E+00  0.99999963E+03
  0.00000000E+00  0.30000000E+01  0.00000000E+00  0.00000000E+00  0.10000000E+04  0.00000000E+00  0.12500000E+03  0.60528782E-05  0.69999999E+00  0.10000000E+04
  0.00000000E+00  0.35000000E+01  0.00000000E+00  0.00000000E+00  0.10000000E+04  0.00000000E+00  0.12500000E+03  0.00000000E+00  0.69999999E+00  0.10000000E+04
  0.00000000E+00  0.40000000E+01  0.00000000E+00  0.00000000E+00  0.10000000E+04  0.00000000E+00  0.12500000E+03  0.00000000E+00  0.69999999E+00  0.10000000E+04
 -0.25000000E+00 -0.25000000E+00  0.00000000E+00  0.00000000E+00  0.10006414E+04  0.12607445E+04  0.12500000E+03  0.52005530E-03  0.69999999E+00  0.99999939E+03
 -0.25000000E+00  0.25000000E+00  0.00000000E+00  0.00000000E+00  0.10009579E+04  0.18847040E+04  0.12500000E+03  0.98150456E-03  0.69999999E+00  0.99999890E+03
 -0.25000000E+00  0.75000000E+00  0.00000000E+00  0.00000000E+00  0.10065793E+04  0.13166390E+05  0.12500000E+03  0.28577616E-03  0.69999999E+00  0.99999969E+03
 -0.25000000E+00  0.12500000E+01  0.00000000E+00  0.00000000E+00  0.10021045E+04  0.41552305E+04  0.12500000E+03  0.10182622E-02  0.69999999E+00  0.99999884E+03
 -0.25000000E+00  0.17500000E+01  0.00000000E+00  0.00000000E+00  0.10011803E+04  0.23239473E+04  0.12500000E+03 -0.29806758E-03  0.69999999E+00  0.10000004E+04
 -0.25000000E+00  0.22500000E+01  0.00000000E+00  0.00000000E+00  0.10012462E+04  0.24542319E+04  0.12500000E+03 -0.15003496E-03  0.69999999E+00  0.10000002E+04
 -0.25000000E+00  0.27500000E+01  0.00000000E+00  0.00000000E+00  0.10000000E+04  0.00000000E+00  0.12500000E+03  0.68663625E-42  0.69999999E+00  0.10000000E+04
 -0.25000000E+00  0.32500000E+01  0.00000000E+00  0.00000000E+00  0.10000000E+04  0.00000000E+00  0.12500000E+03  0.67262326E-43  0.69999999E+00  0.10000000E+04
 -0.25000000E+00  0.37500000E+01  0.00000000E+00  0.00000000E+00  0.10000000E+04  0.00000000E+00  0.12500000E+03  0.00000000E+00  0.69999999E+00  0.10000000E+04
  0.80000000E+01  0.00000000E+00  0.00000000E+00  0.00000000E+00  0.10000000E+04  0.00000000E+00  0.12500000E+03  0.00000000E+00  0.69999999E+00  0.10000000E+04
  0.80000000E+01  0.50000000E+00  0.00000000E+00  0.00000000E+00  0.10000000E+04  0.00000000E+00  0.12500000E+03  0.00000000E+00  0.69999999E+00  0.10000000E+04
  0.80000000E+01  0.10000000E+01  0.00000000E+00  0.00000000E+00  0.10000000E+04  0.00000000E+00  0.12500000E+03  0.00000000E+00  0.69999999E+00  0.10000000E+04
  0.80000000E+01  0.15000000E+01  0.00000000E+00  0.00000000E+00  0.10000000E+04  0.00000000E+00  0.12500000E+03  0.00000000E+00  0.69999999E+00  0.10000000E+04
  0.80000000E+01  0.20000000E+01  0.00000000E+00  0.00000000E+00  0.10000000E+04  0.00000000E+00  0.12500000E+03  0.00000000E+00  0.69999999E+00  0.10000000E+04
  0.80000000E+01  0.25000000E+01  0.00000000E+00  0.00000000E+00  0.10000000E+04  0.00000000E+00  0.12500000E+03  0.00000000E+00  0.69999999E+00  0.10000000E+04
  0.80000000E+01  0.30000000E+01  0.00000000E+00  0.00000000E+00  0.10000000E+04  0.00000000E+00  0.12500000E+03  0.00000000E+00  0.69999999E+00  0.10000000E+04
  0.80000000E+01  0.35000000E+01  0.00000000E+00  0.00000000E+00  0.10000000E+04  0.00000000E+00  0.12500000E+03  0.00000000E+00  0.69999999E+00  0.10000000E+04
  0.80000000E+01  0.40000000E+01  0.00000000E+00  0.00000000E+00  0.10000000E+04  0.00000000E+00  0.12500000E+03  0.00000000E+00  0.69999999E+00  0.10000000E+04
  0.82500000E+01 -0.25000000E+00  0.00000000E+00  0.00000000E+00  0.10000000E+04  0.00000000E+00  0.12500000E+03  0.00000000E+00  0.69999999E+00  0.10000000E+04
  0.82500000E+01  0.25000000E+00  0.00000000E+00  0.00000000E+00  0.10000000E+04  0.00000000E+00  0.12500000E+03  0.00000000E+00  0.69999999E+00  0.10000000E+04
  0.82500000E+01  0.75000000E+00  0.00000000E+00  0.00000000E+00  0.10000000E+04  0.00000000E+00  0.12500000E+03  0.00000000E+00  0.69999999E+00  0.10000000E+04
  0.82500000E+01  0.12500000E+01  0.00000000E+00  0.00000000E+00  0.10000000E+04  0.00000000E+00  0.12500000E+03  0.00000000E+00  0.69999999E+00  0.10000000E+04
  0.82500000E+01  0.17500000E+01  0.00000000E+00  0.00000000E+00  0.10000000E+04  0.00000000E+00  0.12500000E+03  0.00000000E+00  0.69999999E+00  0.10000000E+04
  0.82500000E+01  0.22500000E+01  0.00000000E+00  0.00000000E+00  0.10000000E+04  0.00000000E+00  0.12500000E+03  0.00000000E+00  0.69999999E+00  0.10000000E+04
  0.82500000E+01  0.27500000E+01  0.00000000E+00  0.00000000E+00  0.10000000E+04  0.00000000E+00  0.12500000E+03  0.00000000E+00  0.69999999E+00  0.10000000E+04
  0.82500000E+01  0.32500000E+01  0.00000000E+00  0.00000000E+00  0.10000000E+04  0.00000000E+00  0.12500000E+03  0.00000000E+00  0.69999999E+00  0.10000000E+04
  0.82500000E+01  0.37500000E+01  0.00000000E+00  0.00000000E+00  0.10000000E+04  0.00000000E+00  0.12500000E+03  0.00000000E+00  0.69999999E+00  0.10000000E+04
  0.50000000E+00  0.00000000E+00  0.00000000E+00  0.00000000E+00  0.10350087E+04  0.76336898E+05  0.12500000E+03  0.11256149E-01  0.69999999E+00  0.99998669E+03
  0.10000000E+01  0.00000000E+00  0.00000000E+00  0.00000000E+00  0.10506426E+04  0.11579713E+06  0.12500000E+03  0.61320825E-02  0.69999999E+00  0.99999261E+03
  0.15000000E+01  0.00000000E+00  0.00000000E+00  0.00000000E+00  0.10363306E+04  0.79537484E+05  0.12500000E+03  0.20072587E-01  0.69999999E+00  0.99997626E+03
  0.20000000E+01  0.00000000E+00  0.00000000E+00  0.00000000E+00  0.11470703E+04  0.45208538E+06  0.12500000E+03  0.22985375E-01  0.69999999E+00  0.99996985E+03
  0.25000000E+01  0.00000000E+00  0.00000000E+00  0.00000000E+00  0.10520968E+04  0.11965073E+06  0.12500000E+03  0.59041609E-02  0.69999999E+00  0.99999292E+03
  0.30000000E+01  0.00000000E+00  0.00000000E+00  0.00000000E+00  0.10378430E+04  0.83229469E+05  0.12500000E+03  0.75926138E-02  0.69999999E+00  0.99999097E+03
  0.35000000E+01  0.00000000E+00  0.00000000E+00  0.00000000E+00  0.10047933E+04  0.95407480E+04  0.12500000E+03  0.30062620E-02  0.69999999E+00  0.99999652E+03
  0.40000000E+01  0.00000000E+00  0.00000000E+00  0.00000000E+00  0.10000137E+04  0.26898298E+02  0.12500000E+03 -0.68247195E-04  0.69999999E+00  0.10000001E+04
  0.45000000E+01  0.00000000E+00  0.00000000E+00  0.00000000E+00  0.10000000E+04  0.00000000E+00  0.12500000E+03  0.25128084E-40  0.69999999E+00  0.10000000E+04
  0.50000000E+01  0.00000000E+00  0.00000000E+00  0.00000000E+00  0.10000000E+04  0.00000000E+00  0.12500000E+03 -0.00000000E+00  0.69999999E+00  0.10000000E+04
  0.55000000E+01  0.00000000E+00  0.00000000E+00  0.00000000E+00  0.10000000E+04  0.00000000E+00  0.12500000E+03  0.00000000E+00  0.69999999E+00  0.10000000E+04
  0.60000000E+01  0.00000000E+00  0.00000000E+00  0.00000000E+00  0.10000000E+04  0.00000000E+00  0.12500000E+03  0.00000000E+00  0.69999999E+00  0.10000000E+04
  0.65000000E+01  0.00000000E+00  0.00000000E+00  0.00000000E+00  0.10000000E+04  0.00000000E+00  0.12500000E+03  0.00000000E+00  0.69999999E+00  0.10000000E+04
  0.70000000E+01  0.00000000E+00  0.00000000E+00  0.00000000E+00  0.10000000E+04  0.00000000E+00  0.12500000E+03  0.00000000E+00  0.69999999E+00  0.10000000E+04
  0.75000000E+01  0.00000000E+00  0.00000000E+00  0.00000000E+00  0.10000000E+04  0.00000000E+00  0.12500000E+03  0.00000000E+00  0.69999999E+00  0.10000000E+04
  0.25000000E+00 -0.25000000E+00  0.00000000E+00  0.00000000E+00  0.10055967E+04  0.11166696E+05  0.12500000E+03  0.31170915E-02  0.69999999E+00  0.99999640E+03
  0.75000000E+00 -0.25000000E+00  0.00000000E+00  0.00000000E+00  0.10253618E+04  0.53709949E+05  0.12500000E+03  0.81492439E-02  0.69999999E+00  0.99999048E+03
  0.12500000E+01 -0.25000000E+00  0.00000000E+00  0.00000000E+00  0.10102668E+04  0.20774824E+05  0.12500000E+03  0.66048149E-02  0.69999999E+00  0.99999237E+03
  0.17500000E+01 -0.25000000E+00  0.00000000E+00  0.00000000E+00  0.10150564E+04  0.30908916E+05  0.12500000E+03  0.10010162E-01  0.69999999E+00  0.99998840E+03
  0.22500000E+01 -0.25000000E+00  0.00000000E+00  0.00000000E+00  0.10019596E+04  0.38673369E+04  0.12500000E+03  0.97665377E-02  0.69999999E+00  0.99998883E+03
  0.27500000E+01 -0.25000000E+00  0.00000000E+00  0.00000000E+00  0.10035632E+04  0.70663452E+04  0.12500000E+03  0.39108926E-02  0.69999999E+00  0.99999554E+03
  0.32500000E+01 -0.25000000E+00  0.00000000E+00  0.00000000E+00  0.10003707E+04  0.72820319E+03  0.12500000E+03  0.27279183E-02  0.69999999E+00  0.99999689E+03
  0.37500000E+01 -0.25000000E+00  0.00000000E+00  0.00000000E+00  0.10000070E+04  0.13565822E+02  0.12500000E+03 -0.15635355E-03  0.69999999E+00  0.10000002E+04
  0.42500000E+01 -0.25000000E+00  0.00000000E+00  0.00000000E+00  0.10000000E+04  0.00000000E+00  0.12500000E+03 -0.10483960E-36  0.69999999E+00  0.10000000E+04
  0.47500000E+01 -0.25000000E+00  0.00000000E+00  0.00000000E+00  0.10000000E+04  0.00000000E+00  0.12500000E+03 -0.41318687E-40  0.69999999E+00  0.10000000E+04
  0.52500000E+01 -0.25000000E+00  0.00000000E+00  0.00000000E+00  0.10000000E+04  0.00000000E+00  0.12500000E+03  0.00000000E+00  0.69999999E+00  0.10000000E+04
  0.57500000E+01 -0.25000000E+00  0.00000000E+00  0.00000000E+00  0.10000000E+04  0.00000000E+00  0.12500000E+03  0.00000000E+00  0.69999999E+00  0.10000000E+04
  0.62500000E+01 -0.25000000E+00  0.00000000E+00  0.00000000E+00  0.10000000E+04  0.00000000E+00  0.12500000E+03  0.00000000E+00  0.69999999E+00  0.10000000E+04
  0.67500000E+01 -0.25000000E+00  0.00000000E+00  0.00000000E+00  0.10000000E+04  0.00000000E+00  0.12500000E+03  0.00000000E+00  0.69999999E+00  0.10000000E+04
  0.72500000E+01 -0.25000000E+00  0.00000000E+00  0.00000000E+00  0.10000000E+04  0.00000000E+00  0.12500000E+03  0.00000000E+00  0.69999999E+00  0.10000000E+04
  0.77500000E+01 -0.25000000E+00  0.00000000E+00  0.00000000E+00  0.10000000E+04  0.00000000E+00  0.12500000E+03  0.00000000E+00  0.69999999E+00  0.10000000E+04
  0.40000000E+01  0.50000000E+00  0.00000000E+00  0.00000000E+00  0.10015309E+04  0.30174275E+04  0.12500000E+03 -0.25750289E-03  0.69999999E+00  0.10000003E+04
  0.37500000E+01  0.25000000E+00  0.00000000E+00  0.00000000E+00  0.10054226E+04  0.10813773E+05  0.12500000E+03 -0.13092346E-02  0.69999999E+00  0.10000015E+04
  0.40000000E+01  0.10000000E+01  0.00000000E+00  0.00000000E+00  0.10041958E+04  0.83365273E+04  0.12500000E+03 -0.11121688E-03  0.69999999E+00  0.10000001E+04
  0.37500000E+01  0.75000000E+00  0.00000000E+00  0.00000000E+00  0.10474529E+04  0.10745604E+06  0.12500000E+03  0.86204475E-03  0.69999999E+00  0.99999896E+03
  0.40000000E+01  0.15000000E+01  0.00000000E+00  0.00000000E+00  0.10006523E+04  0.12823458E+04  0.12500000E+03  0.28900523E-03  0.69999999E+00  0.99999969E+03
  0.37500000E+01  0.12500000E+01  0.00000000E+00  0.00000000E+00  0.10400138E+04  0.88585398E+05  0.12500000E+03  0.69657568E-03  0.69999999E+00  0.99999915E+03
  0.40000000E+01  0.20000000E+01  0.00000000E+00  0.00000000E+00  0.10010637E+04  0.20936599E+04  0.12500000E+03  0.27261465E-03  0.69999999E+00  0.99999969E+03
  0.37500000E+01  0.17500000E+01  0.00000000E+00  0.00000000E+00  0.10227368E+04  0.47770379E+05  0.12500000E+03  0.14871082E-02  0.69999999E+00  0.99999829E+03
  0.45000000E+01  0.50000000E+00  0.00000000E+00  0.00000000E+00  0.10000000E+04  0.00000000E+00  0.12500000E+03  0.12213157E-39  0.69999999E+00  0.10000000E+04
  0.42500000E+01  0.25000000E+00  0.00000000E+00  0.00000000E+00  0.10000018E+04  0.35083482E+01  0.12500000E+03 -0.74084828E-05  0.69999999E+00  0.10000000E+04
  0.45000000E+01  0.10000000E+01  0.00000000E+00  0.00000000E+00  0.10000000E+04  0.00000000E+00  0.12500000E+03  0.00000000E+00  0.69999999E+00  0.10000000E+04
  0.42500000E+01  0.75000000E+00  0.00000000E+00  0.00000000E+00  0.10000944E+04  0.18529227E+03  0.12500000E+03 -0.10442676E-04  0.69999999E+00  0.10000000E+04
  0.45000000E+01  0.15000000E+01  0.00000000E+00  0.00000000E+00  0.10000000E+04  0.00000000E+00  0.12500000E+03 -0.25223372E-43  0.69999999E+00  0.10000000E+04
  0.42500000E+01  0.12500000E+01  0.00000000E+00  0.00000000E+00  0.10000066E+04  0.12864128E+02  0.12500000E+03  0.34267537E-05  0.69999999E+00  0.10000000E+04
  0.45000000E+01  0.20000000E+01  0.00000000E+00  0.00000000E+00  0.10000000E+04  0.00000000E+00  0.12500000E+03  0.25223372E-43  0.69999999E+00  0.10000000E+04
  0.42500000E+01  0.17500000E+01  0.00000000E+00  0.00000000E+00  0.10000031E+04  0.60811610E+01  0.12500000E+03 -0.35628464E-05  0.69999999E+00  0.10000000E+04
  0.50000000E+01  0.50000000E+00  0.00000000E+00  0.00000000E+00  0.10000000E+04  0.00000000E+00  0.12500000E+03  0.00000000E+00  0.69999999E+00  0.10000000E+04
  0.47500000E+01  0.25000000E+00  0.00000000E+00  0.00000000E+00  0.10000000E+04  0.00000000E+00  0.12500000E+03  0.40797403E-40  0.69999999E+00  0.10000000E+04
  0.50000000E+01  0.10000000E+01  0.00000000E+00  0.00000000E+00  0.10000000E+04  0.00000000E+00  0.12500000E+03  0.00000000E+00  0.69999999E+00  0.10000000E+04
  0.47500000E+01  0.75000000E+00  0.00000000E+00  0.00000000E+00  0.10000000E+04  0.00000000E+00  0.12500000E+03  0.00000000E+00  0.69999999E+00  0.10000000E+04
  0.50000000E+01  0.15000000E+01  0.00000000E+00  0.00000000E+00  0.10000000E+04  0.00000000E+00  0.12500000E+03 -0.00000000E+00  0.69999999E+00  0.10000000E+04
  0.47500000E+01  0.12500000E+01  0.00000000E+00  0.00000000E+00  0.10000000E+04  0.00000000E+00  0.12500000E+03 -0.00000000E+00  0.69999999E+00  0.10000000E+04
  0.50000000E+01  0.20000000E+01  0.00000000E+00  0.00000000E+00  0.10000000E+04  0.00000000E+00  0.12500000E+03  0.00000000E+00  0.69999999E+00  0.10000000E+04
  0.47500000E+01  0.17500000E+01  0.00000000E+00  0.00000000E+00  0.10000000E+04  0.00000000E+00  0.12500000E+03  0.00000000E+00  0.69999999E+00  0.10000000E+04
  0.25613954E+01  0.85410237E+00 -0.76282251E+00  0.40013808E+00  0.10078303E+04  0.15728609E+05  0.12576698E+03  0.12576674E+03  0.10000000E+01  0.00000000E+00
  0.13707055E+01  0.87747371E+00 -0.11391382E+01 -0.77456105E+00  0.10019482E+04  0.38448557E+04  0.12561582E+03  0.12561256E+03  0.10000000E+01  0.00000000E+00
  0.17376056E+01  0.10177056E+01 -0.51153466E-01 -0.44548124E+00  0.10004171E+04  0.81940112E+03  0.12546356E+03  0.12546333E+03  0.10000000E+01  0.00000000E+00
  0.20780506E+01  0.19974377E+01 -0.10175180E+01 -0.47837287E+00  0.99945032E+03 -0.10766837E+04  0.12531018E+03  0.12531027E+03  0.10000000E+01  0.00000000E+00
  0.25835900E+01  0.17663509E+01  0.37496883E+00 -0.15562755E+01  0.99889642E+03 -0.21580686E+04  0.12515567E+03  0.12515567E+03  0.10000000E+01  0.00000000E+00
  0.28151116E+01  0.14778001E+01  0.31110582E+00 -0.50294417E+00  0.10078350E+04  0.15738169E+05  0.12500000E+03  0.12500000E+03  0.10000000E+01  0.00000000E+00
  0.26987443E+01  0.89378357E+00 -0.53599066E+00 -0.54653275E+00  0.10024999E+04  0.49415806E+04  0.12576698E+03  0.12575494E+03  0.10000000E+01  0.00000000E+00
  0.11745547E+01  0.93319535E+00 -0.30914676E+00 -0.57112515E+00  0.99841150E+03 -0.31018694E+04  0.12561582E+03  0.12560624E+03  0.10000000E+01  0.00000000E+00
  0.97094262E+00  0.11166022E+01 -0.29528451E+00 -0.81741279E+00  0.99683569E+03 -0.61497148E+04  0.12546356E+03  0.12546037E+03  0.10000000E+01  0.00000000E+00
  0.24842923E+01  0.13955921E+01  0.28800261E+00 -0.50183356E+00  0.10072530E+04  0.14543655E+05  0.12531018E+03  0.12531038E+03  0.10000000E+01  0.00000000E+00
  0.13032895E+01  0.83334124E+00  0.15713498E+00 -0.47607702E+00  0.10002928E+04  0.57493524E+03  0.12515567E+03  0.12515567E+03  0.10000000E+01  0.00000000E+00
  0.73980832E+00  0.83289504E+00 -0.47307980E+00 -0.50367534E+00  0.10031810E+04  0.63009595E+04  0.12500000E+03  0.12500000E+03  0.10000000E+01  0.00000000E+00
  0.20146859E+01  0.11001614E+01 -0.79319470E-01  0.66490069E-01  0.10077145E+04  0.15490705E+05  0.12576698E+03  0.12575644E+03  0.10000000E+01  0.00000000E+00
  0.27503483E+01  0.93524754E+00 -0.20955983E+00 -0.50652635E+00  0.10042808E+04  0.85075762E+04  0.12561582E+03  0.12561089E+03  0.10000000E+01  0.00000000E+00
  0.28987575E+01  0.11187083E+01 -0.30221641E+00  0.16788667E+00  0.10100279E+04  0.20276592E+05  0.12546356E+03  0.12546005E+03  0.10000000E+01  0.00000000E+00
  0.22668383E+01  0.15591153E+01 -0.61262190E+00  0.28256667E+00  0.99904858E+03 -0.18613457E+04  0.12531018E+03  0.12531018E+03  0.10000000E+01  0.00000000E+00
  0.29450660E+01  0.81537414E+00 -0.54768145E-01  0.69223052E+00  0.10070181E+04  0.14062812E+05  0.12515567E+03  0.12515553E+03  0.10000000E+01  0.00000000E+00
  0.19183407E+01  0.14808860E+01 -0.11652914E+01  0.16746895E+00  0.10044138E+04  0.87752383E+04  0.12500000E+03  0.12499989E+03  0.10000000E+01  0.00000000E+00
  0.82545125E+00  0.11524845E+01 -0.49047962E-01 -0.28736800E+00  0.99729712E+03 -0.52602661E+04  0.12576698E+03  0.12576566E+03  0.10000000E+01  0.00000000E+00
  0.26447916E+01  0.88456380E+00  0.83805960E+00 -0.20617044E+00  0.10039897E+04  0.79221016E+04  0.12561582E+03  0.12561221E+03  0.10000000E+01  0.00000000E+00
  0.21515040E+01  0.17363346E+01 -0.20733964E+01 -0.14205358E+01  0.99862543E+03 -0.26858735E+04  0.12546356E+03  0.12546202E+03  0.10000000E+01  0.00000000E+00
  0.21792843E+01  0.94736302E+00  0.42711759E+00 -0.14300856E+00  0.10108428E+04  0.21978211E+05  0.12531018E+03  0.12530890E+03  0.10000000E+01  0.00000000E+00
  0.10009679E+01  0.14971590E+01  0.70374554E+00 -0.85290575E+00  0.99286993E+03 -0.13693527E+05  0.12515567E+03  0.12515567E+03  0.10000000E+01  0.00000000E+00
  0.17653859E+01  0.91134572E+00 -0.47791129E+00  0.71837169E+00  0.10129266E+04  0.26366943E+05  0.12500000E+03  0.12500012E+03  0.10000000E+01  0.00000000E+00
  0.94396031E+00  0.13266032E+01 -0.74801195E+00 -0.85150558E+00  0.99340491E+03 -0.12686321E+05  0.12561582E+03  0.12561399E+03  0.10000000E+01  0.00000000E+00
  0.20943871E+01  0.21247978E+01 -0.16195226E+01 -0.80660236E+00  0.99961017E+03 -0.76392200E+03  0.12531018E+03  0.12531004E+03  0.10000000E+01  0.00000000E+00
  0.26862366E+01  0.20436034E+01 -0.97683001E+00 -0.37404352E+00  0.99817529E+03 -0.35605942E+04  0.12500000E+03  0.12500000E+03  0.10000000E+01  0.00000000E+00
