  0.00000000E+00  0.00000000E+00  0.00000000E+00  0.00000000E+00  0.10034651E+04  0.68695215E+04  0.12500000E+03  0.68554300E-03  0.69999999E+00  0.99999921E+03
  0.00000000E+00  0.50000000E+00  0.00000000E+00  0.00000000E+00  0.10003464E+04  0.68038715E+03  0.12500000E+03  0.52840397E-03  0.69999999E+00  0.99999939E+03
  0.00000000E+00  0.10000000E+01  0.00000000E+00  0.00000000E+00  0.10136633E+04  0.27931578E+05  0.12500000E+03  0.92152070E-03  0.69999999E+00  0.99999896E+03
  0.00000000E+00  0.15000000E+01  0.00000000E+00  0.00000000E+00  0.10255563E+04  0.54153805E+05  0.12500000E+03  0.20679871E-03  0.69999999E+00  0.99999976E+03
  0.00000000E+00  0.20000000E+01  0.00000000E+00  0.00000000E+00  0.10059248E+04  0.11833171E+05  0.12500000E+03 -0.31230043E-03  0.69999999E+00  0.10000004E+04
  0.00000000E+00  0.25000000E+01  0.00000000E+00  0.00000000E+00  0.10002466E+04  0.48403955E+03  0.12500000E+03  0.71152863E-04  0.69999999E+00  0.99999994E+03
  0.00000000E+00  0.30000000E+01  0.00000000E+00  0.00000000E+00  0.10000000E+04  0.00000000E+00  0.12500000E+03  0.00000000E+00  0.69999999E+00  0.10000000E+04
  0.00000000E+00  0.35000000E+01  0.00000000E+00  0.00000000E+00  0.10000000E+04  0.00000000E+00  0.12500000E+03  0.00000000E+00  0.69999999E+00  0.10000000E+04
  0.00000000E+00  0.40000000E+01  0.00000000E+00  0.00000000E+00  0.10000000E+04  0.00000000E+00  0.12500000E+03  0.00000000E+00  0.69999999E+00  0.10000000E+04
 -0.25000000E+00 -0.25000000E+00  0.00000000E+00  0.00000000E+00  0.99996509E+03 -0.68522186E+02  0.12500000E+03  0.19257297E-03  0.69999999E+00  0.99999976E+03
 -0.25000000E+00  0.25000000E+00  0.00000000E+00  0.00000000E+00  0.10030925E+04  0.61241221E+04  0.12500000E+03  0.30223845E-03  0.69999999E+00  0.99999963E+03
 -0.25000000E+00  0.75000000E+00  0.00000000E+00  0.00000000E+00  0.10011014E+04  0.21682854E+04  0.12500000E+03  0.70766291E-04  0.69999999E+00  0.99999994E+03
 -0.25000000E+00  0.12500000E+01  0.00000000E+00  0.00000000E+00  0.10091976E+04  0.18551311E+05  0.12500000E+03  0.27206133E-03  0.69999999E+00  0.99999969E+03
 -0.25000000E+00  0.17500000E+01  0.00000000E+00  0.00000000E+00  0.10001616E+04  0.31730682E+03  0.12500000E+03 -0.10675416E-03  0.69999999E+00  0.10000001E+04
 -0.25000000E+00  0.22500000E+01  0.00000000E+00  0.00000000E+00  0.10004730E+04  0.92938812E+03  0.12500000E+03 -0.62706749E-04  0.69999999E+00  0.10000001E+04
 -0.25000000E+00  0.27500000E+01  0.00000000E+00  0.00000000E+00  0.10000000E+04  0.00000000E+00  0.12500000E+03  0.00000000E+00  0.69999999E+00  0.10000000E+04
 -0.25000000E+00  0.32500000E+01  0.00000000E+00  0.00000000E+00  0.10000000E+04  0.00000000E+00  0.12500000E+03  0.00000000E+00  0.69999999E+00  0.10000000E+04
 -0.25000000E+00  0.37500000E+01  0.00000000E+00  0.00000000E+00  0.10000000E+04  0.00000000E+00  0.12500000E+03  0.00000000E+00  0.69999999E+00  0.10000000E+04
  0.80000000E+01  0.00000000E+00  0.00000000E+00  0.00000000E+00  0.10000000E+04  0.00000000E+00  0.12500000E+03  0.00000000E+00  0.69999999E+00  0.10000000E+04
  0.80000000E+01  0.50000000E+00  0.00000000E+00  0.00000000E+00  0.10000000E+04  0.00000000E+00  0.12500000E+03  0.00000000E+00  0.69999999E+00  0.10000000E+04
  0.80000000E+01  0.10000000E+01  0.00000000E+00  0.00000000E+00  0.10000000E+04  0.00000000E+00  0.12500000E+03  0.00000000E+00  0.69999999E+00  0.10000000E+04
  0.80000000E+01  0.15000000E+01  0.00000000E+00  0.00000000E+00  0.10000000E+04  0.00000000E+00  0.12500000E+03  0.00000000E+00  0.69999999E+00  0.10000000E+04
  0.80000000E+01  0.20000000E+01  0.00000000E+00  0.00000000E+00  0.10000000E+04  0.00000000E+00  0.12500000E+03  0.00000000E+00  0.69999999E+00  0.10000000E+04
  0.80000000E+01  0.25000000E+01  0.00000000E+00  0.00000000E+00  0.10000000E+04  0.00000000E+00  0.12500000E+03  0.00000000E+00  0.69999999E+00  0.10000000E+04
  0.80000000E+01  0.30000000E+01  0.00000000E+00  0.00000000E+00  0.10000000E+04  0.00000000E+00  0.12500000E+03  0.00000000E+00  0.69999999E+00  0.10000000E+04
  0.80000000E+01  0.35000000E+01  0.00000000E+00  0.00000000E+00  0.10000000E+04  0.00000000E+00  0.12500000E+03  0.00000000E+00  0.69999999E+00  0.10000000E+04
  0.80000000E+01  0.40000000E+01  0.00000000E+00  0.00000000E+00  0.10000000E+04  0.00000000E+00  0.12500000E+03  0.00000000E+00  0.69999999E+00  0.10000000E+04
  0.82500000E+01 -0.25000000E+00  0.00000000E+00  0.00000000E+00  0.10000000E+04  0.00000000E+00  0.12500000E+03  0.00000000E+00  0.69999999E+00  0.10000000E+04
  0.82500000E+01  0.25000000E+00  0.00000000E+00  0.00000000E+00  0.10000000E+04  0.00000000E+00  0.12500000E+03  0.00000000E+00  0.69999999E+00  0.10000000E+04
  0.82500000E+01  0.75000000E+00  0.00000000E+00  0.00000000E+00  0.10000000E+04  0.00000000E+00  0.12500000E+03  0.00000000E+00  0.69999999E+00  0.10000000E+04
  0.82500000E+01  0.12500000E+01  0.00000000E+00  0.00000000E+00  0.10000000E+04  0.00000000E+00  0.12500000E+03  0.00000000E+00  0.69999999E+00  0.10000000E+04
  0.82500000E+01  0.17500000E+01  0.00000000E+00  0.00000000E+00  0.10000000E+04  0.00000000E+00  0.12500000E+03  0.00000000E+00  0.69999999E+00  0.10000000E+04
  0.82500000E+01  0.22500000E+01  0.00000000E+00  0.00000000E+00  0.10000000E+04  0.00000000E+00  0.12500000E+03  0.00000000E+00  0.69999999E+00  0.10000000E+04
  0.82500000E+01  0.27500000E+01  0.00000000E+00  0.00000000E+00  0.10000000E+04  0.00000000E+00  0.12500000E+03  0.00000000E+00  0.69999999E+00  0.10000000E+04
  0.82500000E+01  0.32500000E+01  0.00000000E+00  0.00000000E+00  0.10000000E+04  0.00000000E+00  0.12500000E+03  0.00000000E+00  0.69999999E+00  0.10000000E+04
  0.82500000E+01  0.37500000E+01  0.00000000E+00  0.00000000E+00  0.10000000E+04  0.00000000E+00  0.12500000E+03  0.00000000E+00  0.69999999E+00  0.10000000E+04
  0.50000000E+00  0.00000000E+00  0.00000000E+00  0.00000000E+00  0.10107891E+04  0.21865693E+05  0.12500000E+03  0.31899111E-02  0.69999999E+00  0.99999634E+03
  0.10000000E+01  0.00000000E+00  0.00000000E+00  0.00000000E+00  0.10052830E+04  0.10530976E+05  0.12500000E+03  0.14792808E-02  0.69999999E+00  0.99999829E+03
  0.15000000E+01  0.00000000E+00  0.00000000E+00  0.00000000E+00  0.99618237E+03 -0.74049263E+04  0.12500000E+03  0.46493029E-02  0.69999999E+00  0.99999469E+03
  0.20000000E+01  0.00000000E+00  0.00000000E+00  0.00000000E+00  0.10068986E+04  0.13818257E+05  0.12500000E+03  0.53133243E-02  0.69999999E+00  0.99999390E+03
  0.25000000E+01  0.00000000E+00  0.00000000E+00  0.00000000E+00  0.10220815E+04  0.46301848E+05  0.12500000E+03 -0.48643688E-03  0.69999999E+00  0.10000005E+04
  0.30000000E+01  0.00000000E+00  0.00000000E+00  0.00000000E+00  0.10061262E+04  0.12242707E+05  0.12500000E+03  0.61170489E-03  0.69999999E+00  0.99999933E+03
  0.35000000E+01  0.00000000E+00  0.00000000E+00  0.00000000E+00  0.10069169E+04  0.13855794E+05  0.12500000E+03  0.25420362E-03  0.69999999E+00  0.99999969E+03
  0.40000000E+01  0.00000000E+00  0.00000000E+00  0.00000000E+00  0.10000134E+04  0.26430483E+02  0.12500000E+03 -0.24179390E-04  0.69999999E+00  0.10000000E+04
  0.45000000E+01  0.00000000E+00  0.00000000E+00  0.00000000E+00  0.10000000E+04  0.00000000E+00  0.12500000E+03  0.00000000E+00  0.69999999E+00  0.10000000E+04
  0.50000000E+01  0.00000000E+00  0.00000000E+00  0.00000000E+00  0.10000000E+04  0.00000000E+00  0.12500000E+03  0.00000000E+00  0.69999999E+00  0.10000000E+04
  0.55000000E+01  0.00000000E+00  0.00000000E+00  0.00000000E+00  0.10000000E+04  0.00000000E+00  0.12500000E+03  0.00000000E+00  0.69999999E+00  0.10000000E+04
  0.60000000E+01  0.00000000E+00  0.00000000E+00  0.00000000E+00  0.10000000E+04  0.00000000E+00  0.12500000E+03  0.00000000E+00  0.69999999E+00  0.10000000E+04
  0.65000000E+01  0.00000000E+00  0.00000000E+00  0.00000000E+00  0.10000000E+04  0.00000000E+00  0.12500000E+03  0.00000000E+00  0.69999999E+00  0.10000000E+04
  0.70000000E+01  0.00000000E+00  0.00000000E+00  0.00000000E+00  0.10000000E+04  0.00000000E+00  0.12500000E+03  0.00000000E+00  0.69999999E+00  0.10000000E+04
  0.75000000E+01  0.00000000E+00  0.00000000E+00  0.00000000E+00  0.10000000E+04  0.00000000E+00  0.12500000E+03  0.00000000E+00  0.69999999E+00  0.10000000E+04
  0.25000000E+00 -0.25000000E+00  0.00000000E+00  0.00000000E+00  0.99843103E+03 -0.30638735E+04  0.12500000E+03  0.10216315E-02  0.69999999E+00  0.99999884E+03
  0.75000000E+00 -0.25000000E+00  0.00000000E+00  0.00000000E+00  0.10108661E+04  0.22026871E+05  0.12500000E+03  0.23691957E-02  0.69999999E+00  0.99999725E+03
  0.12500000E+01 -0.25000000E+00  0.00000000E+00  0.00000000E+00  0.99873694E+03 -0.24687964E+04  0.12500000E+03  0.18798028E-02  0.69999999E+00  0.99999786E+03
  0.17500000E+01 -0.25000000E+00  0.00000000E+00  0.00000000E+00  0.10042335E+04  0.84123252E+04  0.12500000E+03  0.27334632E-02  0.69999999E+00  0.99999689E+03
  0.22500000E+01 -0.25000000E+00  0.00000000E+00  0.00000000E+00  0.10037792E+04  0.74993335E+04  0.12500000E+03  0.23660816E-02  0.69999999E+00  0.99999731E+03
  0.27500000E+01 -0.25000000E+00  0.00000000E+00  0.00000000E+00  0.10134067E+04  0.27385965E+05  0.12500000E+03  0.89298075E-04  0.69999999E+00  0.99999988E+03
  0.32500000E+01 -0.25000000E+00  0.00000000E+00  0.00000000E+00  0.10034932E+04  0.69258813E+04  0.12500000E+03  0.23869493E-03  0.69999999E+00  0.99999976E+03
  0.37500000E+01 -0.25000000E+00  0.00000000E+00  0.00000000E+00  0.10000066E+04  0.12864128E+02  0.12500000E+03 -0.31315314E-04  0.69999999E+00  0.10000001E+04
  0.42500000E+01 -0.25000000E+00  0.00000000E+00  0.00000000E+00  0.10000000E+04  0.00000000E+00  0.12500000E+03  0.00000000E+00  0.69999999E+00  0.10000000E+04
  0.47500000E+01 -0.25000000E+00  0.00000000E+00  0.00000000E+00  0.10000000E+04  0.00000000E+00  0.12500000E+03  0.00000000E+00  0.69999999E+00  0.10000000E+04
  0.52500000E+01 -0.25000000E+00  0.00000000E+00  0.00000000E+00  0.10000000E+04  0.00000000E+00  0.12500000E+03  0.00000000E+00  0.69999999E+00  0.10000000E+04
  0.57500000E+01 -0.25000000E+00  0.00000000E+00  0.00000000E+00  0.10000000E+04  0.00000000E+00  0.12500000E+03  0.00000000E+00  0.69999999E+00  0.10000000E+04
  0.62500000E+01 -0.25000000E+00  0.00000000E+00  0.00000000E+00  0.10000000E+04  0.00000000E+00  0.12500000E+03  0.00000000E+00  0.69999999E+00  0.10000000E+04
  0.67500000E+01 -0.25000000E+00  0.00000000E+00  0.00000000E+00  0.10000000E+04  0.00000000E+00  0.12500000E+03  0.00000000E+00  0.69999999E+00  0.10000000E+04
  0.72500000E+01 -0.25000000E+00  0.00000000E+00  0.00000000E+00  0.10000000E+04  0.00000000E+00  0.12500000E+03  0.00000000E+00  0.69999999E+00  0.10000000E+04
  0.77500000E+01 -0.25000000E+00  0.00000000E+00  0.00000000E+00  0.10000000E+04  0.00000000E+00  0.12500000E+03  0.00000000E+00  0.69999999E+00  0.10000000E+04
  0.40000000E+01  0.50000000E+00  0.00000000E+00  0.00000000E+00  0.99954712E+03 -0.88733661E+03  0.12500000E+03 -0.29937863E-04  0.69999999E+00  0.10000001E+04
  0.37500000E+01  0.25000000E+00  0.00000000E+00  0.00000000E+00  0.10025483E+04  0.50382236E+04  0.12500000E+03 -0.13312610E-03  0.69999999E+00  0.10000001E+04
  0.40000000E+01  0.10000000E+01  0.00000000E+00  0.00000000E+00  0.99975452E+03 -0.48133899E+03  0.12500000E+03  0.53931062E-05  0.69999999E+00  0.10000000E+04
  0.37500000E+01  0.75000000E+00  0.00000000E+00  0.00000000E+00  0.10177292E+04  0.36690633E+05  0.12500000E+03  0.73533083E-04  0.69999999E+00  0.99999994E+03
  0.40000000E+01  0.15000000E+01  0.00000000E+00  0.00000000E+00  0.10007413E+04  0.14577925E+04  0.12500000E+03  0.38026974E-04  0.69999999E+00  0.99999994E+03
  0.37500000E+01  0.12500000E+01  0.00000000E+00  0.00000000E+00  0.10266100E+04  0.56566531E+05  0.12500000E+03  0.12346180E-03  0.69999999E+00  0.99999988E+03
  0.40000000E+01  0.20000000E+01  0.00000000E+00  0.00000000E+00  0.10000024E+04  0.46778059E+01  0.12500000E+03  0.14396515E-04  0.69999999E+00  0.10000000E+04
  0.37500000E+01  0.17500000E+01  0.00000000E+00  0.00000000E+00  0.10117231E+04  0.23825762E+05  0.12500000E+03  0.10797929E-03  0.69999999E+00  0.99999988E+03
  0.45000000E+01  0.50000000E+00  0.00000000E+00  0.00000000E+00  0.10000000E+04  0.00000000E+00  0.12500000E+03  0.00000000E+00  0.69999999E+00  0.10000000E+04
  0.42500000E+01  0.25000000E+00  0.00000000E+00  0.00000000E+00  0.10000018E+04  0.35083482E+01  0.12500000E+03 -0.74084828E-05  0.69999999E+00  0.10000000E+04
  0.45000000E+01  0.10000000E+01  0.00000000E+00  0.00000000E+00  0.10000000E+04  0.00000000E+00  0.12500000E+03  0.00000000E+00  0.69999999E+00  0.10000000E+04
  0.42500000E+01  0.75000000E+00  0.00000000E+00  0.00000000E+00  0.10001102E+04  0.21641856E+03  0.12500000E+03 -0.17495760E-05  0.69999999E+00  0.10000000E+04
  0.45000000E+01  0.15000000E+01  0.00000000E+00  0.00000000E+00  0.10000000E+04  0.00000000E+00  0.12500000E+03  0.00000000E+00  0.69999999E+00  0.10000000E+04
  0.42500000E+01  0.12500000E+01  0.00000000E+00  0.00000000E+00  0.10000011E+04  0.21050045E+01  0.12500000E+03  0.48762436E-05  0.69999999E+00  0.10000000E+04
  0.45000000E+01  0.20000000E+01  0.00000000E+00  0.00000000E+00  0.10000000E+04  0.00000000E+00  0.12500000E+03  0.00000000E+00  0.69999999E+00  0.10000000E+04
  0.42500000E+01  0.17500000E+01  0.00000000E+00  0.00000000E+00  0.10000000E+04  0.00000000E+00  0.12500000E+03  0.00000000E+00  0.69999999E+00  0.10000000E+04
  0.50000000E+01  0.50000000E+00  0.00000000E+00  0.00000000E+00  0.10000000E+04  0.00000000E+00  0.12500000E+03  0.00000000E+00  0.69999999E+00  0.10000000E+04
  0.47500000E+01  0.25000000E+00  0.00000000E+00  0.00000000E+00  0.10000000E+04  0.00000000E+00  0.12500000E+03  0.00000000E+00  0.69999999E+00  0.10000000E+04
  0.50000000E+01  0.10000000E+01  0.00000000E+00  0.00000000E+00  0.10000000E+04  0.00000000E+00  0.12500000E+03  0.00000000E+00  0.69999999E+00  0.10000000E+04
  0.47500000E+01  0.75000000E+00  0.00000000E+00  0.00000000E+00  0.10000000E+04  0.00000000E+00  0.12500000E+03  0.00000000E+00  0.69999999E+00  0.10000000E+04
  0.50000000E+01  0.15000000E+01  0.00000000E+00  0.00000000E+00  0.10000000E+04  0.00000000E+00  0.12500000E+03  0.00000000E+00  0.69999999E+00  0.10000000E+04
  0.47500000E+01  0.12500000E+01  0.00000000E+00  0.00000000E+00  0.10000000E+04  0.00000000E+00  0.12500000E+03  0.00000000E+00  0.69999999E+00  0.10000000E+04
  0.50000000E+01  0.20000000E+01  0.00000000E+00  0.00000000E+00  0.10000000E+04  0.00000000E+00  0.12500000E+03  0.00000000E+00  0.69999999E+00  0.10000000E+04
  0.47500000E+01  0.17500000E+01  0.00000000E+00  0.00000000E+00  0.10000000E+04  0.00000000E+00  0.12500000E+03  0.00000000E+00  0.69999999E+00  0.10000000E+04
  0.73678339E+00  0.24880156E+00  0.36968684E+00  0.60572632E-01  0.10001747E+04  0.34306055E+03  0.12576698E+03  0.12576698E+03  0.10000000E+01  0.00000000E+00
  0.51370585E+00  0.51786399E+00  0.27997279E+00 -0.34021917E+00  0.99752844E+03 -0.48134053E+04  0.12561582E+03  0.12561346E+03  0.10000000E+01  0.00000000E+00
  0.72404623E+00  0.65567851E+00 -0.30592382E+00 -0.90338862E+00  0.10073230E+04  0.14687307E+05  0.12546356E+03  0.12546356E+03  0.10000000E+01  0.00000000E+00
  0.80342060E+00  0.83680475E+00  0.12125503E+01 -0.70487416E+00  0.10056984E+04  0.11373060E+05  0.12531018E+03  0.12531018E+03  0.10000000E+01  0.00000000E+00
  0.10258023E+01  0.12051859E+01  0.13729670E+01 -0.56164259E+00  0.10036619E+04  0.72640015E+04  0.12515567E+03  0.12515567E+03  0.10000000E+01  0.00000000E+00
  0.10810931E+01  0.14096212E+01  0.24656773E+01  0.69815791E+00  0.10043932E+04  0.87339355E+04  0.12500000E+03  0.12500000E+03  0.10000000E+01  0.00000000E+00
  0.13211601E+01  0.20843542E+00  0.30922043E+00 -0.22623208E+00  0.10062359E+04  0.12466231E+05  0.12576698E+03  0.12576358E+03  0.10000000E+01  0.00000000E+00
  0.10599099E+01  0.46636701E+00  0.18855216E-01 -0.59589818E-01  0.10087881E+04  0.17703568E+05  0.12561582E+03  0.12561242E+03  0.10000000E+01  0.00000000E+00
  0.14020319E+01  0.63586318E+00  0.14355949E+00 -0.34831432E+00  0.10088641E+04  0.17860621E+05  0.12546356E+03  0.12546356E+03  0.10000000E+01  0.00000000E+00
  0.11510347E+01  0.90228868E+00  0.26597011E+00 -0.61028647E+00  0.99962097E+03 -0.74280383E+03  0.12531018E+03  0.12531018E+03  0.10000000E+01  0.00000000E+00
  0.14919133E+01  0.11973517E+01  0.74989671E+00  0.38772747E-01  0.10035878E+04  0.71155688E+04  0.12515567E+03  0.12515567E+03  0.10000000E+01  0.00000000E+00
  0.12086812E+01  0.15120175E+01  0.69953096E+00  0.35810190E+00  0.99863263E+03 -0.26718391E+04  0.12500000E+03  0.12500000E+03  0.10000000E+01  0.00000000E+00
  0.19012506E+01  0.27163658E+00  0.32567120E+00  0.42415509E+00  0.10013908E+04  0.27401907E+04  0.12576698E+03  0.12576358E+03  0.10000000E+01  0.00000000E+00
  0.16446588E+01  0.47774196E+00  0.29878038E+00  0.97790301E-01  0.10019164E+04  0.37816799E+04  0.12561582E+03  0.12561242E+03  0.10000000E+01  0.00000000E+00
  0.20326138E+01  0.69962168E+00  0.11753831E+01  0.10822406E+00  0.10036779E+04  0.72962783E+04  0.12546356E+03  0.12546356E+03  0.10000000E+01  0.00000000E+00
  0.16834493E+01  0.87957919E+00  0.40463108E+00 -0.39298761E+00  0.10010710E+04  0.21082542E+04  0.12531018E+03  0.12531018E+03  0.10000000E+01  0.00000000E+00
  0.19214230E+01  0.10929728E+01  0.52365208E+00  0.18579107E-01  0.99947723E+03 -0.10241113E+04  0.12515567E+03  0.12515567E+03  0.10000000E+01  0.00000000E+00
  0.17017715E+01  0.14174685E+01  0.74620736E+00  0.36022753E+00  0.99616821E+03 -0.74321265E+04  0.12500000E+03  0.12500000E+03  0.10000000E+01  0.00000000E+00
  0.21667061E+01  0.42262146E+00 -0.16671635E+01  0.11456982E+01  0.10038878E+04  0.77173540E+04  0.12576698E+03  0.12576698E+03  0.10000000E+01  0.00000000E+00
  0.23514714E+01  0.50201964E+00  0.69035256E+00 -0.52630138E+00  0.99909924E+03 -0.17624941E+04  0.12561582E+03  0.12561500E+03  0.10000000E+01  0.00000000E+00
  0.26964779E+01  0.56198490E+00 -0.64167404E+00 -0.16547331E+01  0.10051091E+04  0.10178954E+05  0.12546356E+03  0.12546347E+03  0.10000000E+01  0.00000000E+00
  0.24002218E+01  0.85932481E+00  0.11454591E+01  0.24442366E+00  0.99906244E+03 -0.18343680E+04  0.12531018E+03  0.12531018E+03  0.10000000E+01  0.00000000E+00
  0.27112288E+01  0.11581395E+01  0.58856070E+00  0.11712972E+01  0.99732965E+03 -0.51974370E+04  0.12515567E+03  0.12515567E+03  0.10000000E+01  0.00000000E+00
  0.21349840E+01  0.12949784E+01  0.66620749E+00  0.53163671E+00  0.10081094E+04  0.16303099E+05  0.12500000E+03  0.12500000E+03  0.10000000E+01  0.00000000E+00
  0.26727800E+01  0.10265775E+01 -0.17446475E+01  0.28672140E+01  0.99501361E+03 -0.96381865E+04  0.12561582E+03  0.12561399E+03  0.10000000E+01  0.00000000E+00
  0.29233904E+01  0.86166728E+00 -0.12830932E+01  0.94119287E+00  0.10160676E+04  0.33085613E+05  0.12531018E+03  0.12531018E+03  0.10000000E+01  0.00000000E+00
  0.28938570E+01  0.14521060E+01 -0.18800956E+01  0.94131219E+00  0.10092057E+04  0.18568113E+05  0.12500000E+03  0.12500000E+03  0.10000000E+01  0.00000000E+00
