  0.00000000E+00  0.00000000E+00  0.00000000E+00  0.00000000E+00  0.10012137E+04  0.23901433E+04  0.12500000E+03  0.28127010E-02  0.69999999E+00  0.99999677E+03
  0.00000000E+00  0.50000000E+00  0.00000000E+00  0.00000000E+00  0.10132441E+04  0.27040570E+05  0.12500000E+03  0.42718523E-02  0.69999999E+00  0.99999506E+03
  0.00000000E+00  0.10000000E+01  0.00000000E+00  0.00000000E+00  0.10174983E+04  0.36187293E+05  0.12500000E+03  0.44732988E-02  0.69999999E+00  0.99999481E+03
  0.00000000E+00  0.15000000E+01  0.00000000E+00  0.00000000E+00  0.10187631E+04  0.38951348E+05  0.12500000E+03  0.17192236E-02  0.69999999E+00  0.99999799E+03
  0.00000000E+00  0.20000000E+01  0.00000000E+00  0.00000000E+00  0.10212703E+04  0.44491688E+05  0.12500000E+03 -0.22933548E-02  0.69999999E+00  0.10000027E+04
  0.00000000E+00  0.25000000E+01  0.00000000E+00  0.00000000E+00  0.10034573E+04  0.68540000E+04  0.12500000E+03  0.54022524E-03  0.69999999E+00  0.99999939E+03
  0.00000000E+00  0.30000000E+01  0.00000000E+00  0.00000000E+00  0.10000026E+04  0.51455903E+01  0.12500000E+03  0.38292605E-04  0.69999999E+00  0.99999994E+03
  0.00000000E+00  0.35000000E+01  0.00000000E+00  0.00000000E+00  0.10000000E+04  0.00000000E+00  0.12500000E+03  0.00000000E+00  0.69999999E+00  0.10000000E+04
  0.00000000E+00  0.40000000E+01  0.00000000E+00  0.00000000E+00  0.10000000E+04  0.00000000E+00  0.12500000E+03  0.00000000E+00  0.69999999E+00  0.10000000E+04
 -0.25000000E+00 -0.25000000E+00  0.00000000E+00  0.00000000E+00  0.10006414E+04  0.12607445E+04  0.12500000E+03  0.52005530E-03  0.69999999E+00  0.99999939E+03
 -0.25000000E+00  0.25000000E+00  0.00000000E+00  0.00000000E+00  0.10004974E+04  0.97747504E+03  0.12500000E+03  0.12973850E-02  0.69999999E+00  0.99999854E+03
 -0.25000000E+00  0.75000000E+00  0.00000000E+00  0.00000000E+00  0.10027034E+04  0.53473389E+04  0.12500000E+03  0.75354904E-03  0.69999999E+00  0.99999915E+03
 -0.25000000E+00  0.12500000E+01  0.00000000E+00  0.00000000E+00  0.10025956E+04  0.51322822E+04  0.12500000E+03  0.14079013E-02  0.69999999E+00  0.99999841E+03
 -0.25000000E+00  0.17500000E+01  0.00000000E+00  0.00000000E+00  0.10009143E+04  0.17988540E+04  0.12500000E+03 -0.46241574E-03  0.69999999E+00  0.10000005E+04
 -0.25000000E+00  0.22500000E+01  0.00000000E+00  0.00000000E+00  0.10015139E+04  0.29839109E+04  0.12500000E+03 -0.18548567E-03  0.69999999E+00  0.10000002E+04
 -0.25000000E+00  0.27500000E+01  0.00000000E+00  0.00000000E+00  0.10000007E+04  0.14033347E+01  0.12500000E+03  0.17473474E-04  0.69999999E+00  0.10000000E+04
 -0.25000000E+00  0.32500000E+01  0.00000000E+00  0.00000000E+00  0.10000000E+04  0.00000000E+00  0.12500000E+03  0.37955570E-40  0.69999999E+00  0.10000000E+04
 -0.25000000E+00  0.37500000E+01  0.00000000E+00  0.00000000E+00  0.10000000E+04  0.00000000E+00  0.12500000E+03  0.00000000E+00  0.69999999E+00  0.10000000E+04
  0.80000000E+01  0.00000000E+00  0.00000000E+00  0.00000000E+00  0.10000000E+04  0.00000000E+00  0.12500000E+03  0.00000000E+00  0.69999999E+00  0.10000000E+04
  0.80000000E+01  0.50000000E+00  0.00000000E+00  0.00000000E+00  0.10000000E+04  0.00000000E+00  0.12500000E+03  0.00000000E+00  0.69999999E+00  0.10000000E+04
  0.80000000E+01  0.10000000E+01  0.00000000E+00  0.00000000E+00  0.10000000E+04  0.00000000E+00  0.12500000E+03  0.00000000E+00  0.69999999E+00  0.10000000E+04
  0.80000000E+01  0.15000000E+01  0.00000000E+00  0.00000000E+00  0.10000000E+04  0.00000000E+00  0.12500000E+03  0.00000000E+00  0.69999999E+00  0.10000000E+04
  0.80000000E+01  0.20000000E+01  0.00000000E+00  0.00000000E+00  0.10000000E+04  0.00000000E+00  0.12500000E+03  0.00000000E+00  0.69999999E+00  0.10000000E+04
  0.80000000E+01  0.25000000E+01  0.00000000E+00  0.00000000E+00  0.10000000E+04  0.00000000E+00  0.12500000E+03  0.00000000E+00  0.69999999E+00  0.10000000E+04
  0.80000000E+01  0.30000000E+01  0.00000000E+00  0.00000000E+00  0.10000000E+04  0.00000000E+00  0.12500000E+03  0.00000000E+00  0.69999999E+00  0.10000000E+04
  0.80000000E+01  0.35000000E+01  0.00000000E+00  0.00000000E+00  0.10000000E+04  0.00000000E+00  0.12500000E+03  0.00000000E+00  0.69999999E+00  0.10000000E+04
  0.80000000E+01  0.40000000E+01  0.00000000E+00  0.00000000E+00  0.10000000E+04  0.00000000E+00  0.12500000E+03  0.00000000E+00  0.69999999E+00  0.10000000E+04
  0.82500000E+01 -0.25000000E+00  0.00000000E+00  0.00000000E+00  0.10000000E+04  0.00000000E+00  0.12500000E+03  0.00000000E+00  0.69999999E+00  0.10000000E+04
  0.82500000E+01  0.25000000E+00  0.00000000E+00  0.00000000E+00  0.10000000E+04  0.00000000E+00  0.12500000E+03  0.00000000E+00  0.69999999E+00  0.10000000E+04
  0.82500000E+01  0.75000000E+00  0.00000000E+00  0.00000000E+00  0.10000000E+04  0.00000000E+00  0.12500000E+03  0.00000000E+00  0.69999999E+00  0.10000000E+04
  0.82500000E+01  0.12500000E+01  0.00000000E+00  0.00000000E+00  0.10000000E+04  0.00000000E+00  0.12500000E+03  0.00000000E+00  0.69999999E+00  0.10000000E+04
  0.82500000E+01  0.17500000E+01  0.00000000E+00  0.00000000E+00  0.10000000E+04  0.00000000E+00  0.12500000E+03  0.00000000E+00  0.69999999E+00  0.10000000E+04
  0.82500000E+01  0.22500000E+01  0.00000000E+00  0.00000000E+00  0.10000000E+04  0.00000000E+00  0.12500000E+03  0.00000000E+00  0.69999999E+00  0.10000000E+04
  0.82500000E+01  0.27500000E+01  0.00000000E+00  0.00000000E+00  0.10000000E+04  0.00000000E+00  0.12500000E+03  0.00000000E+00  0.69999999E+00  0.10000000E+04
  0.82500000E+01  0.32500000E+01  0.00000000E+00  0.00000000E+00  0.10000000E+04  0.00000000E+00  0.12500000E+03  0.00000000E+00  0.69999999E+00  0.10000000E+04
  0.82500000E+01  0.37500000E+01  0.00000000E+00  0.00000000E+00  0.10000000E+04  0.00000000E+00  0.12500000E+03  0.00000000E+00  0.69999999E+00  0.10000000E+04
  0.50000000E+00  0.00000000E+00  0.00000000E+00  0.00000000E+00  0.10451671E+04  0.10157154E+06  0.12500000E+03  0.14325112E-01  0.69999999E+00  0.99998291E+03
  0.10000000E+01  0.00000000E+00  0.00000000E+00  0.00000000E+00  0.10676128E+04  0.16280972E+06  0.12500000E+03  0.84906649E-02  0.69999999E+00  0.99998962E+03
  0.15000000E+01  0.00000000E+00  0.00000000E+00  0.00000000E+00  0.10244645E+04  0.51669371E+05  0.12500000E+03  0.24548706E-01  0.69999999E+00  0.99997125E+03
  0.20000000E+01  0.00000000E+00  0.00000000E+00  0.00000000E+00  0.11270920E+04  0.36732875E+06  0.12500000E+03  0.28837489E-01  0.69999999E+00  0.99996283E+03
  0.25000000E+01  0.00000000E+00  0.00000000E+00  0.00000000E+00  0.10417814E+04  0.92996445E+05  0.12500000E+03  0.10142665E-01  0.69999999E+00  0.99998792E+03
  0.30000000E+01  0.00000000E+00  0.00000000E+00  0.00000000E+00  0.10321631E+04  0.69530062E+05  0.12500000E+03  0.11864152E-01  0.69999999E+00  0.99998602E+03
  0.35000000E+01  0.00000000E+00  0.00000000E+00  0.00000000E+00  0.10004650E+04  0.91343890E+03  0.12500000E+03  0.50446857E-02  0.69999999E+00  0.99999426E+03
  0.40000000E+01  0.00000000E+00  0.00000000E+00  0.00000000E+00  0.10000137E+04  0.26898298E+02  0.12500000E+03 -0.68247195E-04  0.69999999E+00  0.10000001E+04
  0.45000000E+01  0.00000000E+00  0.00000000E+00  0.00000000E+00  0.10000000E+04  0.00000000E+00  0.12500000E+03  0.19858753E-38  0.69999999E+00  0.10000000E+04
  0.50000000E+01  0.00000000E+00  0.00000000E+00  0.00000000E+00  0.10000000E+04  0.00000000E+00  0.12500000E+03 -0.10902102E-40  0.69999999E+00  0.10000000E+04
  0.55000000E+01  0.00000000E+00  0.00000000E+00  0.00000000E+00  0.10000000E+04  0.00000000E+00  0.12500000E+03  0.00000000E+00  0.69999999E+00  0.10000000E+04
  0.60000000E+01  0.00000000E+00  0.00000000E+00  0.00000000E+00  0.10000000E+04  0.00000000E+00  0.12500000E+03  0.00000000E+00  0.69999999E+00  0.10000000E+04
  0.65000000E+01  0.00000000E+00  0.00000000E+00  0.00000000E+00  0.10000000E+04  0.00000000E+00  0.12500000E+03  0.00000000E+00  0.69999999E+00  0.10000000E+04
  0.70000000E+01  0.00000000E+00  0.00000000E+00  0.00000000E+00  0.10000000E+04  0.00000000E+00  0.12500000E+03  0.00000000E+00  0.69999999E+00  0.10000000E+04
  0.75000000E+01  0.00000000E+00  0.00000000E+00  0.00000000E+00  0.10000000E+04  0.00000000E+00  0.12500000E+03  0.00000000E+00  0.69999999E+00  0.10000000E+04
  0.25000000E+00 -0.25000000E+00  0.00000000E+00  0.00000000E+00  0.10057296E+04  0.11436470E+05  0.12500000E+03  0.35850350E-02  0.69999999E+00  0.99999585E+03
  0.75000000E+00 -0.25000000E+00  0.00000000E+00  0.00000000E+00  0.10263386E+04  0.55943570E+05  0.12500000E+03  0.10250481E-01  0.69999999E+00  0.99998798E+03
  0.12500000E+01 -0.25000000E+00  0.00000000E+00  0.00000000E+00  0.10102194E+04  0.20675617E+05  0.12500000E+03  0.78312941E-02  0.69999999E+00  0.99999097E+03
  0.17500000E+01 -0.25000000E+00  0.00000000E+00  0.00000000E+00  0.10145880E+04  0.29905154E+05  0.12500000E+03  0.12082532E-01  0.69999999E+00  0.99998596E+03
  0.22500000E+01 -0.25000000E+00  0.00000000E+00  0.00000000E+00  0.10014092E+04  0.27765132E+04  0.12500000E+03  0.12395618E-01  0.69999999E+00  0.99998584E+03
  0.27500000E+01 -0.25000000E+00  0.00000000E+00  0.00000000E+00  0.10037429E+04  0.74266118E+04  0.12500000E+03  0.65152030E-02  0.69999999E+00  0.99999255E+03
  0.32500000E+01 -0.25000000E+00  0.00000000E+00  0.00000000E+00  0.10004012E+04  0.78821747E+03  0.12500000E+03  0.46377252E-02  0.69999999E+00  0.99999469E+03
  0.37500000E+01 -0.25000000E+00  0.00000000E+00  0.00000000E+00  0.10000070E+04  0.13565822E+02  0.12500000E+03 -0.15635355E-03  0.69999999E+00  0.10000002E+04
  0.42500000E+01 -0.25000000E+00  0.00000000E+00  0.00000000E+00  0.10000000E+04  0.00000000E+00  0.12500000E+03 -0.58671517E-35  0.69999999E+00  0.10000000E+04
  0.47500000E+01 -0.25000000E+00  0.00000000E+00  0.00000000E+00  0.10000000E+04  0.00000000E+00  0.12500000E+03 -0.42785622E-38  0.69999999E+00  0.10000000E+04
  0.52500000E+01 -0.25000000E+00  0.00000000E+00  0.00000000E+00  0.10000000E+04  0.00000000E+00  0.12500000E+03  0.00000000E+00  0.69999999E+00  0.10000000E+04
  0.57500000E+01 -0.25000000E+00  0.00000000E+00  0.00000000E+00  0.10000000E+04  0.00000000E+00  0.12500000E+03  0.00000000E+00  0.69999999E+00  0.10000000E+04
  0.62500000E+01 -0.25000000E+00  0.00000000E+00  0.00000000E+00  0.10000000E+04  0.00000000E+00  0.12500000E+03  0.00000000E+00  0.69999999E+00  0.10000000E+04
  0.67500000E+01 -0.25000000E+00  0.00000000E+00  0.00000000E+00  0.10000000E+04  0.00000000E+00  0.12500000E+03  0.00000000E+00  0.69999999E+00  0.10000000E+04
  0.72500000E+01 -0.25000000E+00  0.00000000E+00  0.00000000E+00  0.10000000E+04  0.00000000E+00  0.12500000E+03  0.00000000E+00  0.69999999E+00  0.10000000E+04
  0.77500000E+01 -0.25000000E+00  0.00000000E+00  0.00000000E+00  0.10000000E+04  0.00000000E+00  0.12500000E+03  0.00000000E+00  0.69999999E+00  0.10000000E+04
  0.40000000E+01  0.50000000E+00  0.00000000E+00  0.00000000E+00  0.10006670E+04  0.13112283E+04  0.12500000E+03 -0.57572429E-03  0.69999999E+00  0.10000007E+04
  0.37500000E+01  0.25000000E+00  0.00000000E+00  0.00000000E+00  0.10011906E+04  0.23442051E+04  0.12500000E+03 -0.24575330E-02  0.69999999E+00  0.10000028E+04
  0.40000000E+01  0.10000000E+01  0.00000000E+00  0.00000000E+00  0.10036595E+04  0.72592202E+04  0.12500000E+03 -0.11597491E-03  0.69999999E+00  0.10000001E+04
  0.37500000E+01  0.75000000E+00  0.00000000E+00  0.00000000E+00  0.10453383E+04  0.10200955E+06  0.12500000E+03  0.10932586E-02  0.69999999E+00  0.99999872E+03
  0.40000000E+01  0.15000000E+01  0.00000000E+00  0.00000000E+00  0.10002651E+04  0.52058221E+03  0.12500000E+03  0.53804961E-03  0.69999999E+00  0.99999939E+03
  0.37500000E+01  0.12500000E+01  0.00000000E+00  0.00000000E+00  0.10208650E+04  0.43590500E+05  0.12500000E+03  0.13568869E-02  0.69999999E+00  0.99999841E+03
  0.40000000E+01  0.20000000E+01  0.00000000E+00  0.00000000E+00  0.10013503E+04  0.26600125E+04  0.12500000E+03  0.38575369E-03  0.69999999E+00  0.99999957E+03
  0.37500000E+01  0.17500000E+01  0.00000000E+00  0.00000000E+00  0.10114617E+04  0.23275867E+05  0.12500000E+03  0.27650336E-02  0.69999999E+00  0.99999683E+03
  0.45000000E+01  0.50000000E+00  0.00000000E+00  0.00000000E+00  0.10000000E+04  0.00000000E+00  0.12500000E+03  0.12616627E-37  0.69999999E+00  0.10000000E+04
  0.42500000E+01  0.25000000E+00  0.00000000E+00  0.00000000E+00  0.10000018E+04  0.35083482E+01  0.12500000E+03 -0.74084828E-05  0.69999999E+00  0.10000000E+04
  0.45000000E+01  0.10000000E+01  0.00000000E+00  0.00000000E+00  0.10000000E+04  0.00000000E+00  0.12500000E+03 -0.75221702E-41  0.69999999E+00  0.10000000E+04
  0.42500000E+01  0.75000000E+00  0.00000000E+00  0.00000000E+00  0.10000916E+04  0.17967581E+03  0.12500000E+03 -0.21151425E-04  0.69999999E+00  0.10000000E+04
  0.45000000E+01  0.15000000E+01  0.00000000E+00  0.00000000E+00  0.10000000E+04  0.00000000E+00  0.12500000E+03 -0.52428181E-40  0.69999999E+00  0.10000000E+04
  0.42500000E+01  0.12500000E+01  0.00000000E+00  0.00000000E+00  0.10000066E+04  0.12864128E+02  0.12500000E+03  0.64903998E-05  0.69999999E+00  0.10000000E+04
  0.45000000E+01  0.20000000E+01  0.00000000E+00  0.00000000E+00  0.10000000E+04  0.00000000E+00  0.12500000E+03  0.48496137E-40  0.69999999E+00  0.10000000E+04
  0.42500000E+01  0.17500000E+01  0.00000000E+00  0.00000000E+00  0.10000031E+04  0.60811610E+01  0.12500000E+03 -0.35628464E-05  0.69999999E+00  0.10000000E+04
  0.50000000E+01  0.50000000E+00  0.00000000E+00  0.00000000E+00  0.10000000E+04  0.00000000E+00  0.12500000E+03  0.10400437E-40  0.69999999E+00  0.10000000E+04
  0.47500000E+01  0.25000000E+00  0.00000000E+00  0.00000000E+00  0.10000000E+04  0.00000000E+00  0.12500000E+03  0.42336506E-38  0.69999999E+00  0.10000000E+04
  0.50000000E+01  0.10000000E+01  0.00000000E+00  0.00000000E+00  0.10000000E+04  0.00000000E+00  0.12500000E+03  0.00000000E+00  0.69999999E+00  0.10000000E+04
  0.47500000E+01  0.75000000E+00  0.00000000E+00  0.00000000E+00  0.10000000E+04  0.00000000E+00  0.12500000E+03  0.10871273E-40  0.69999999E+00  0.10000000E+04
  0.50000000E+01  0.15000000E+01  0.00000000E+00  0.00000000E+00  0.10000000E+04  0.00000000E+00  0.12500000E+03 -0.37857479E-40  0.69999999E+00  0.10000000E+04
  0.47500000E+01  0.12500000E+01  0.00000000E+00  0.00000000E+00  0.10000000E+04  0.00000000E+00  0.12500000E+03 -0.36627139E-40  0.69999999E+00  0.10000000E+04
  0.50000000E+01  0.20000000E+01  0.00000000E+00  0.00000000E+00  0.10000000E+04  0.00000000E+00  0.12500000E+03  0.34312194E-40  0.69999999E+00  0.10000000E+04
  0.47500000E+01  0.17500000E+01  0.00000000E+00  0.00000000E+00  0.10000000E+04  0.00000000E+00  0.12500000E+03 -0.12527608E-41  0.69999999E+00  0.10000000E+04
  0.28108099E+01  0.96036446E+00  0.12236670E+00  0.48808736E+00  0.10021570E+04  0.42597012E+04  0.12576698E+03  0.12576656E+03  0.10000000E+01  0.00000000E+00
  0.91340649E+00  0.14495915E+01  0.91609955E-01  0.48383677E+00  0.10046805E+04  0.93131260E+04  0.12561582E+03  0.12561256E+03  0.10000000E+01  0.00000000E+00
  0.18203843E+01  0.11520529E+01  0.78741980E+00  0.12765527E+00  0.10053702E+04  0.10707485E+05  0.12546356E+03  0.12546323E+03  0.10000000E+01  0.00000000E+00
  0.26552446E+01  0.14838920E+01  0.75208619E-01 -0.25016057E+00  0.10004612E+04  0.90616815E+03  0.12531018E+03  0.12531044E+03  0.10000000E+01  0.00000000E+00
  0.20062451E+01  0.15005440E+01 -0.16397669E+01 -0.67863750E+00  0.10018469E+04  0.36437761E+04  0.12515567E+03  0.12515567E+03  0.10000000E+01  0.00000000E+00
  0.25264506E+01  0.15315251E+01 -0.35917222E+00 -0.25191426E+00  0.10004995E+04  0.98146307E+03  0.12500000E+03  0.12499985E+03  0.10000000E+01  0.00000000E+00
  0.26709909E+01  0.84100342E+00  0.43127587E+00  0.16310181E-01  0.10019609E+04  0.38701768E+04  0.12576698E+03  0.12575461E+03  0.10000000E+01  0.00000000E+00
  0.85061967E+00  0.99329841E+00 -0.60884720E+00  0.69252056E+00  0.10065851E+04  0.13178067E+05  0.12561582E+03  0.12560609E+03  0.10000000E+01  0.00000000E+00
  0.77831566E+00  0.11551005E+01 -0.10683000E+00  0.35656190E+00  0.10065402E+04  0.13086361E+05  0.12546356E+03  0.12546051E+03  0.10000000E+01  0.00000000E+00
  0.27763202E+01  0.80071914E+00 -0.63116699E+00 -0.55851281E+00  0.10021060E+04  0.41580728E+04  0.12531018E+03  0.12531038E+03  0.10000000E+01  0.00000000E+00
  0.10376297E+01  0.93360364E+00 -0.20749055E+00  0.21906674E+00  0.10062726E+04  0.12540772E+05  0.12515567E+03  0.12515535E+03  0.10000000E+01  0.00000000E+00
  0.70301163E+00  0.88385630E+00  0.16774237E+00  0.22931695E-01  0.10085934E+04  0.17301273E+05  0.12500000E+03  0.12500000E+03  0.10000000E+01  0.00000000E+00
  0.17368309E+01  0.96401179E+00 -0.80542576E+00 -0.22434127E+00  0.10031546E+04  0.62482798E+04  0.12576698E+03  0.12575644E+03  0.10000000E+01  0.00000000E+00
  0.25901220E+01  0.85272086E+00 -0.17820700E+00  0.23445468E-01  0.10019040E+04  0.37570752E+04  0.12561582E+03  0.12561059E+03  0.10000000E+01  0.00000000E+00
  0.26220608E+01  0.13005577E+01  0.11131953E-01 -0.36467869E-01  0.10008846E+04  0.17403008E+04  0.12546356E+03  0.12546005E+03  0.10000000E+01  0.00000000E+00
  0.12945926E+01  0.86033213E+00 -0.39433396E+00 -0.10577899E+00  0.10048148E+04  0.95843164E+04  0.12531018E+03  0.12530966E+03  0.10000000E+01  0.00000000E+00
  0.29252453E+01  0.94596279E+00  0.90069585E-02  0.63023901E+00  0.10034749E+04  0.68891030E+04  0.12515567E+03  0.12515553E+03  0.10000000E+01  0.00000000E+00
  0.99019670E+00  0.17598016E+01 -0.14646135E+00  0.45603842E+00  0.10037692E+04  0.74792378E+04  0.12500000E+03  0.12500612E+03  0.10000000E+01  0.00000000E+00
  0.99212098E+00  0.16559440E+01  0.16004273E+00  0.55760777E+00  0.10041414E+04  0.82269395E+04  0.12576698E+03  0.12576566E+03  0.10000000E+01  0.00000000E+00
  0.23515759E+01  0.94951117E+00  0.11920954E+00 -0.84776491E-01  0.10019409E+04  0.38301846E+04  0.12561582E+03  0.12561228E+03  0.10000000E+01  0.00000000E+00
  0.15381382E+01  0.11417134E+01 -0.26610929E+00  0.30046936E-01  0.10071096E+04  0.14249944E+05  0.12546356E+03  0.12546202E+03  0.10000000E+01  0.00000000E+00
  0.20645301E+01  0.10249026E+01  0.12659061E+00  0.16128552E+00  0.10033147E+04  0.65685381E+04  0.12531018E+03  0.12530890E+03  0.10000000E+01  0.00000000E+00
  0.19311001E+01  0.17146773E+01  0.79285637E-01  0.12882441E+00  0.10002411E+04  0.47349915E+03  0.12515567E+03  0.12515567E+03  0.10000000E+01  0.00000000E+00
  0.13152447E+01  0.88072848E+00  0.16024831E+00  0.20054523E-01  0.10049253E+04  0.98073037E+04  0.12500000E+03  0.12500012E+03  0.10000000E+01  0.00000000E+00
  0.11784804E+01  0.17607539E+01  0.45001921E+00  0.35639718E+00  0.10036811E+04  0.73024946E+04  0.12561582E+03  0.12560780E+03  0.10000000E+01  0.00000000E+00
  0.12269939E+01  0.19663851E+01 -0.57810342E+00  0.71627986E+00  0.10032037E+04  0.63462559E+04  0.12531018E+03  0.12531004E+03  0.10000000E+01  0.00000000E+00
  0.21757052E+01  0.18505766E+01 -0.44409040E+00 -0.42495629E+00  0.10010238E+04  0.20148152E+04  0.12500000E+03  0.12500000E+03  0.10000000E+01  0.00000000E+00
