  0.00000000E+00  0.00000000E+00  0.00000000E+00  0.00000000E+00  0.10016929E+04  0.33383687E+04  0.12500000E+03  0.23345451E-02  0.69999999E+00  0.99999731E+03
  0.00000000E+00  0.50000000E+00  0.00000000E+00  0.00000000E+00  0.10146932E+04  0.30130496E+05  0.12500000E+03  0.27770051E-02  0.69999999E+00  0.99999677E+03
  0.00000000E+00  0.10000000E+01  0.00000000E+00  0.00000000E+00  0.10183829E+04  0.38118402E+05  0.12500000E+03  0.33445295E-02  0.69999999E+00  0.99999609E+03
  0.00000000E+00  0.15000000E+01  0.00000000E+00  0.00000000E+00  0.10220909E+04  0.46322910E+05  0.12500000E+03  0.10924395E-02  0.69999999E+00  0.99999872E+03
  0.00000000E+00  0.20000000E+01  0.00000000E+00  0.00000000E+00  0.10175530E+04  0.36306445E+05  0.12500000E+03 -0.13940840E-02  0.69999999E+00  0.10000016E+04
  0.00000000E+00  0.25000000E+01  0.00000000E+00  0.00000000E+00  0.10030736E+04  0.60862402E+04  0.12500000E+03  0.33517432E-03  0.69999999E+00  0.99999963E+03
  0.00000000E+00  0.30000000E+01  0.00000000E+00  0.00000000E+00  0.10000000E+04  0.00000000E+00  0.12500000E+03  0.60528782E-05  0.69999999E+00  0.10000000E+04
  0.00000000E+00  0.35000000E+01  0.00000000E+00  0.00000000E+00  0.10000000E+04  0.00000000E+00  0.12500000E+03  0.00000000E+00  0.69999999E+00  0.10000000E+04
  0.00000000E+00  0.40000000E+01  0.00000000E+00  0.00000000E+00  0.10000000E+04  0.00000000E+00  0.12500000E+03  0.00000000E+00  0.69999999E+00  0.10000000E+04
 -0.25000000E+00 -0.25000000E+00  0.00000000E+00  0.00000000E+00  0.10006414E+04  0.12607445E+04  0.12500000E+03  0.52005530E-03  0.69999999E+00  0.99999939E+03
 -0.25000000E+00  0.25000000E+00  0.00000000E+00  0.00000000E+00  0.10010547E+04  0.20757710E+04  0.12500000E+03  0.10184071E-02  0.69999999E+00  0.99999884E+03
 -0.25000000E+00  0.75000000E+00  0.00000000E+00  0.00000000E+00  0.10060505E+04  0.12088922E+05  0.12500000E+03  0.34967629E-03  0.69999999E+00  0.99999957E+03
 -0.25000000E+00  0.12500000E+01  0.00000000E+00  0.00000000E+00  0.10005341E+04  0.10495013E+04  0.12500000E+03  0.10427290E-02  0.69999999E+00  0.99999878E+03
 -0.25000000E+00  0.17500000E+01  0.00000000E+00  0.00000000E+00  0.10011844E+04  0.23321917E+04  0.12500000E+03 -0.34524855E-03  0.69999999E+00  0.10000004E+04
 -0.25000000E+00  0.22500000E+01  0.00000000E+00  0.00000000E+00  0.10012462E+04  0.24542319E+04  0.12500000E+03 -0.15003496E-03  0.69999999E+00  0.10000002E+04
 -0.25000000E+00  0.27500000E+01  0.00000000E+00  0.00000000E+00  0.10000000E+04  0.00000000E+00  0.12500000E+03  0.13956933E-41  0.69999999E+00  0.10000000E+04
 -0.25000000E+00  0.32500000E+01  0.00000000E+00  0.00000000E+00  0.10000000E+04  0.00000000E+00  0.12500000E+03  0.38675838E-42  0.69999999E+00  0.10000000E+04
 -0.25000000E+00  0.37500000E+01  0.00000000E+00  0.00000000E+00  0.10000000E+04  0.00000000E+00  0.12500000E+03  0.00000000E+00  0.69999999E+00  0.10000000E+04
  0.80000000E+01  0.00000000E+00  0.00000000E+00  0.00000000E+00  0.10000000E+04  0.00000000E+00  0.12500000E+03  0.00000000E+00  0.69999999E+00  0.10000000E+04
  0.80000000E+01  0.50000000E+00  0.00000000E+00  0.00000000E+00  0.10000000E+04  0.00000000E+00  0.12500000E+03  0.00000000E+00  0.69999999E+00  0.10000000E+04
  0.80000000E+01  0.10000000E+01  0.00000000E+00  0.00000000E+00  0.10000000E+04  0.00000000E+00  0.12500000E+03  0.00000000E+00  0.69999999E+00  0.10000000E+04
  0.80000000E+01  0.15000000E+01  0.00000000E+00  0.00000000E+00  0.10000000E+04  0.00000000E+00  0.12500000E+03  0.00000000E+00  0.69999999E+00  0.10000000E+04
  0.80000000E+01  0.20000000E+01  0.00000000E+00  0.00000000E+00  0.10000000E+04  0.00000000E+00  0.12500000E+03  0.00000000E+00  0.69999999E+00  0.10000000E+04
  0.80000000E+01  0.25000000E+01  0.00000000E+00  0.00000000E+00  0.10000000E+04  0.00000000E+00  0.12500000E+03  0.00000000E+00  0.69999999E+00  0.10000000E+04
  0.80000000E+01  0.30000000E+01  0.00000000E+00  0.00000000E+00  0.10000000E+04  0.00000000E+00  0.12500000E+03  0.00000000E+00  0.69999999E+00  0.10000000E+04
  0.80000000E+01  0.35000000E+01  0.00000000E+00  0.00000000E+00  0.10000000E+04  0.00000000E+00  0.12500000E+03  0.00000000E+00  0.69999999E+00  0.10000000E+04
  0.80000000E+01  0.40000000E+01  0.00000000E+00  0.00000000E+00  0.10000000E+04  0.00000000E+00  0.12500000E+03  0.00000000E+00  0.69999999E+00  0.10000000E+04
  0.82500000E+01 -0.25000000E+00  0.00000000E+00  0.00000000E+00  0.10000000E+04  0.00000000E+00  0.12500000E+03  0.00000000E+00  0.69999999E+00  0.10000000E+04
  0.82500000E+01  0.25000000E+00  0.00000000E+00  0.00000000E+00  0.10000000E+04  0.00000000E+00  0.12500000E+03  0.00000000E+00  0.69999999E+00  0.10000000E+04
  0.82500000E+01  0.75000000E+00  0.00000000E+00  0.00000000E+00  0.10000000E+04  0.00000000E+00  0.12500000E+03  0.00000000E+00  0.69999999E+00  0.10000000E+04
  0.82500000E+01  0.12500000E+01  0.00000000E+00  0.00000000E+00  0.10000000E+04  0.00000000E+00  0.12500000E+03  0.00000000E+00  0.69999999E+00  0.10000000E+04
  0.82500000E+01  0.17500000E+01  0.00000000E+00  0.00000000E+00  0.10000000E+04  0.00000000E+00  0.12500000E+03  0.00000000E+00  0.69999999E+00  0.10000000E+04
  0.82500000E+01  0.22500000E+01  0.00000000E+00  0.00000000E+00  0.10000000E+04  0.00000000E+00  0.12500000E+03  0.00000000E+00  0.69999999E+00  0.10000000E+04
  0.82500000E+01  0.27500000E+01  0.00000000E+00  0.00000000E+00  0.10000000E+04  0.00000000E+00  0.12500000E+03  0.00000000E+00  0.69999999E+00  0.10000000E+04
  0.82500000E+01  0.32500000E+01  0.00000000E+00  0.00000000E+00  0.10000000E+04  0.00000000E+00  0.12500000E+03  0.00000000E+00  0.69999999E+00  0.10000000E+04
  0.82500000E+01  0.37500000E+01  0.00000000E+00  0.00000000E+00  0.10000000E+04  0.00000000E+00  0.12500000E+03  0.00000000E+00  0.69999999E+00  0.10000000E+04
  0.50000000E+00  0.00000000E+00  0.00000000E+00  0.00000000E+00  0.10413070E+04  0.91808055E+05  0.12500000E+03  0.11649664E-01  0.69999999E+00  0.99998615E+03
  0.10000000E+01  0.00000000E+00  0.00000000E+00  0.00000000E+00  0.10553269E+04  0.12832536E+06  0.12500000E+03  0.65867580E-02  0.69999999E+00  0.99999207E+03
  0.15000000E+01  0.00000000E+00  0.00000000E+00  0.00000000E+00  0.10216447E+04  0.45326137E+05  0.12500000E+03  0.20649258E-01  0.69999999E+00  0.99997589E+03
  0.20000000E+01  0.00000000E+00  0.00000000E+00  0.00000000E+00  0.11375569E+04  0.41061062E+06  0.12500000E+03  0.23702925E-01  0.69999999E+00  0.99996918E+03
  0.25000000E+01  0.00000000E+00  0.00000000E+00  0.00000000E+00  0.10484386E+04  0.11001723E+06  0.12500000E+03  0.64095161E-02  0.69999999E+00  0.99999231E+03
  0.30000000E+01  0.00000000E+00  0.00000000E+00  0.00000000E+00  0.10480586E+04  0.10902827E+06  0.12500000E+03  0.81033111E-02  0.69999999E+00  0.99999030E+03
  0.35000000E+01  0.00000000E+00  0.00000000E+00  0.00000000E+00  0.10066938E+04  0.13400014E+05  0.12500000E+03  0.32595184E-02  0.69999999E+00  0.99999628E+03
  0.40000000E+01  0.00000000E+00  0.00000000E+00  0.00000000E+00  0.10000137E+04  0.26898298E+02  0.12500000E+03 -0.68247195E-04  0.69999999E+00  0.10000001E+04
  0.45000000E+01  0.00000000E+00  0.00000000E+00  0.00000000E+00  0.10000000E+04  0.00000000E+00  0.12500000E+03  0.43888668E-40  0.69999999E+00  0.10000000E+04
  0.50000000E+01  0.00000000E+00  0.00000000E+00  0.00000000E+00  0.10000000E+04  0.00000000E+00  0.12500000E+03 -0.00000000E+00  0.69999999E+00  0.10000000E+04
  0.55000000E+01  0.00000000E+00  0.00000000E+00  0.00000000E+00  0.10000000E+04  0.00000000E+00  0.12500000E+03  0.00000000E+00  0.69999999E+00  0.10000000E+04
  0.60000000E+01  0.00000000E+00  0.00000000E+00  0.00000000E+00  0.10000000E+04  0.00000000E+00  0.12500000E+03  0.00000000E+00  0.69999999E+00  0.10000000E+04
  0.65000000E+01  0.00000000E+00  0.00000000E+00  0.00000000E+00  0.10000000E+04  0.00000000E+00  0.12500000E+03  0.00000000E+00  0.69999999E+00  0.10000000E+04
  0.70000000E+01  0.00000000E+00  0.00000000E+00  0.00000000E+00  0.10000000E+04  0.00000000E+00  0.12500000E+03  0.00000000E+00  0.69999999E+00  0.10000000E+04
  0.75000000E+01  0.00000000E+00  0.00000000E+00  0.00000000E+00  0.10000000E+04  0.00000000E+00  0.12500000E+03  0.00000000E+00  0.69999999E+00  0.10000000E+04
  0.25000000E+00 -0.25000000E+00  0.00000000E+00  0.00000000E+00  0.10057461E+04  0.11470115E+05  0.12500000E+03  0.31791269E-02  0.69999999E+00  0.99999634E+03
  0.75000000E+00 -0.25000000E+00  0.00000000E+00  0.00000000E+00  0.10261931E+04  0.55610199E+05  0.12500000E+03  0.83889198E-02  0.69999999E+00  0.99999017E+03
  0.12500000E+01 -0.25000000E+00  0.00000000E+00  0.00000000E+00  0.10095077E+04  0.19194602E+05  0.12500000E+03  0.67913746E-02  0.69999999E+00  0.99999219E+03
  0.17500000E+01 -0.25000000E+00  0.00000000E+00  0.00000000E+00  0.10145892E+04  0.29907705E+05  0.12500000E+03  0.10299524E-01  0.69999999E+00  0.99998804E+03
  0.22500000E+01 -0.25000000E+00  0.00000000E+00  0.00000000E+00  0.10015972E+04  0.31486948E+04  0.12500000E+03  0.10102928E-01  0.69999999E+00  0.99998846E+03
  0.27500000E+01 -0.25000000E+00  0.00000000E+00  0.00000000E+00  0.10048669E+04  0.96895312E+04  0.12500000E+03  0.42400332E-02  0.69999999E+00  0.99999512E+03
  0.32500000E+01 -0.25000000E+00  0.00000000E+00  0.00000000E+00  0.10012299E+04  0.24219504E+04  0.12500000E+03  0.29458231E-02  0.69999999E+00  0.99999664E+03
  0.37500000E+01 -0.25000000E+00  0.00000000E+00  0.00000000E+00  0.10000070E+04  0.13565822E+02  0.12500000E+03 -0.15635355E-03  0.69999999E+00  0.10000002E+04
  0.42500000E+01 -0.25000000E+00  0.00000000E+00  0.00000000E+00  0.10000000E+04  0.00000000E+00  0.12500000E+03 -0.19058121E-36  0.69999999E+00  0.10000000E+04
  0.47500000E+01 -0.25000000E+00  0.00000000E+00  0.00000000E+00  0.10000000E+04  0.00000000E+00  0.12500000E+03 -0.86146224E-40  0.69999999E+00  0.10000000E+04
  0.52500000E+01 -0.25000000E+00  0.00000000E+00  0.00000000E+00  0.10000000E+04  0.00000000E+00  0.12500000E+03  0.00000000E+00  0.69999999E+00  0.10000000E+04
  0.57500000E+01 -0.25000000E+00  0.00000000E+00  0.00000000E+00  0.10000000E+04  0.00000000E+00  0.12500000E+03  0.00000000E+00  0.69999999E+00  0.10000000E+04
  0.62500000E+01 -0.25000000E+00  0.00000000E+00  0.00000000E+00  0.10000000E+04  0.00000000E+00  0.12500000E+03  0.00000000E+00  0.69999999E+00  0.10000000E+04
  0.67500000E+01 -0.25000000E+00  0.00000000E+00  0.00000000E+00  0.10000000E+04  0.00000000E+00  0.12500000E+03  0.00000000E+00  0.69999999E+00  0.10000000E+04
  0.72500000E+01 -0.25000000E+00  0.00000000E+00  0.00000000E+00  0.10000000E+04  0.00000000E+00  0.12500000E+03  0.00000000E+00  0.69999999E+00  0.10000000E+04
  0.77500000E+01 -0.25000000E+00  0.00000000E+00  0.00000000E+00  0.10000000E+04  0.00000000E+00  0.12500000E+03  0.00000000E+00  0.69999999E+00  0.10000000E+04
  0.40000000E+01  0.50000000E+00  0.00000000E+00  0.00000000E+00  0.10010087E+04  0.19849298E+04  0.12500000E+03 -0.25506015E-03  0.69999999E+00  0.10000003E+04
  0.37500000E+01  0.25000000E+00  0.00000000E+00  0.00000000E+00  0.10052211E+04  0.10405711E+05  0.12500000E+03 -0.14135588E-02  0.69999999E+00  0.10000016E+04
  0.40000000E+01  0.10000000E+01  0.00000000E+00  0.00000000E+00  0.10027355E+04  0.54112881E+04  0.12500000E+03 -0.12538341E-03  0.69999999E+00  0.10000001E+04
  0.37500000E+01  0.75000000E+00  0.00000000E+00  0.00000000E+00  0.10426809E+04  0.95258242E+05  0.12500000E+03  0.89073612E-03  0.69999999E+00  0.99999896E+03
  0.40000000E+01  0.15000000E+01  0.00000000E+00  0.00000000E+00  0.10011942E+04  0.23515076E+04  0.12500000E+03  0.33772737E-03  0.69999999E+00  0.99999963E+03
  0.37500000E+01  0.12500000E+01  0.00000000E+00  0.00000000E+00  0.10436095E+04  0.97605789E+05  0.12500000E+03  0.79147663E-03  0.69999999E+00  0.99999908E+03
  0.40000000E+01  0.20000000E+01  0.00000000E+00  0.00000000E+00  0.10010675E+04  0.21011924E+04  0.12500000E+03  0.29404054E-03  0.69999999E+00  0.99999963E+03
  0.37500000E+01  0.17500000E+01  0.00000000E+00  0.00000000E+00  0.10311277E+04  0.67080930E+05  0.12500000E+03  0.16111343E-02  0.69999999E+00  0.99999811E+03
  0.45000000E+01  0.50000000E+00  0.00000000E+00  0.00000000E+00  0.10000000E+04  0.00000000E+00  0.12500000E+03  0.25414790E-39  0.69999999E+00  0.10000000E+04
  0.42500000E+01  0.25000000E+00  0.00000000E+00  0.00000000E+00  0.10000018E+04  0.35083482E+01  0.12500000E+03 -0.74084828E-05  0.69999999E+00  0.10000000E+04
  0.45000000E+01  0.10000000E+01  0.00000000E+00  0.00000000E+00  0.10000000E+04  0.00000000E+00  0.12500000E+03 -0.00000000E+00  0.69999999E+00  0.10000000E+04
  0.42500000E+01  0.75000000E+00  0.00000000E+00  0.00000000E+00  0.10000944E+04  0.18529227E+03  0.12500000E+03 -0.10442676E-04  0.69999999E+00  0.10000000E+04
  0.45000000E+01  0.15000000E+01  0.00000000E+00  0.00000000E+00  0.10000000E+04  0.00000000E+00  0.12500000E+03 -0.34471942E-42  0.69999999E+00  0.10000000E+04
  0.42500000E+01  0.12500000E+01  0.00000000E+00  0.00000000E+00  0.10000066E+04  0.12864128E+02  0.12500000E+03  0.34267537E-05  0.69999999E+00  0.10000000E+04
  0.45000000E+01  0.20000000E+01  0.00000000E+00  0.00000000E+00  0.10000000E+04  0.00000000E+00  0.12500000E+03  0.34471942E-42  0.69999999E+00  0.10000000E+04
  0.42500000E+01  0.17500000E+01  0.00000000E+00  0.00000000E+00  0.10000031E+04  0.60811610E+01  0.12500000E+03 -0.35628464E-05  0.69999999E+00  0.10000000E+04
  0.50000000E+01  0.50000000E+00  0.00000000E+00  0.00000000E+00  0.10000000E+04  0.00000000E+00  0.12500000E+03  0.00000000E+00  0.69999999E+00  0.10000000E+04
  0.47500000E+01  0.25000000E+00  0.00000000E+00  0.00000000E+00  0.10000000E+04  0.00000000E+00  0.12500000E+03  0.85137289E-40  0.69999999E+00  0.10000000E+04
  0.50000000E+01  0.10000000E+01  0.00000000E+00  0.00000000E+00  0.10000000E+04  0.00000000E+00  0.12500000E+03  0.00000000E+00  0.69999999E+00  0.10000000E+04
  0.47500000E+01  0.75000000E+00  0.00000000E+00  0.00000000E+00  0.10000000E+04  0.00000000E+00  0.12500000E+03  0.00000000E+00  0.69999999E+00  0.10000000E+04
  0.50000000E+01  0.15000000E+01  0.00000000E+00  0.00000000E+00  0.10000000E+04  0.00000000E+00  0.12500000E+03 -0.21019477E-42  0.69999999E+00  0.10000000E+04
  0.47500000E+01  0.12500000E+01  0.00000000E+00  0.00000000E+00  0.10000000E+04  0.00000000E+00  0.12500000E+03 -0.17936620E-42  0.69999999E+00  0.10000000E+04
  0.50000000E+01  0.20000000E+01  0.00000000E+00  0.00000000E+00  0.10000000E+04  0.00000000E+00  0.12500000E+03  0.17656361E-42  0.69999999E+00  0.10000000E+04
  0.47500000E+01  0.17500000E+01  0.00000000E+00  0.00000000E+00  0.10000000E+04  0.00000000E+00  0.12500000E+03  0.00000000E+00  0.69999999E+00  0.10000000E+04
  0.24935501E+01  0.91419005E+00 -0.64942002E+00  0.14232618E+00  0.10024392E+04  0.48209937E+04  0.12576698E+03  0.12576674E+03  0.10000000E+01  0.00000000E+00
  0.12163476E+01  0.87216270E+00 -0.36482018E+00  0.10350499E+00  0.10032077E+04  0.63543623E+04  0.12561582E+03  0.12561256E+03  0.10000000E+01  0.00000000E+00
  0.16785743E+01  0.10073198E+01  0.49604431E-01 -0.54964072E+00  0.10092457E+04  0.18650904E+05  0.12546356E+03  0.12546333E+03  0.10000000E+01  0.00000000E+00
  0.17476532E+01  0.17816222E+01 -0.97356665E+00 -0.10908768E+01  0.10055851E+04  0.11143479E+05  0.12531018E+03  0.12531027E+03  0.10000000E+01  0.00000000E+00
  0.26852784E+01  0.15652720E+01  0.77982438E+00 -0.12188788E+00  0.10022234E+04  0.43916987E+04  0.12515567E+03  0.12515567E+03  0.10000000E+01  0.00000000E+00
  0.28511677E+01  0.15086212E+01 -0.38320959E+00  0.84609765E+00  0.10016701E+04  0.32932434E+04  0.12500000E+03  0.12500000E+03  0.10000000E+01  0.00000000E+00
  0.27054105E+01  0.88556218E+00  0.54206842E+00  0.94238356E-01  0.99974652E+03 -0.49698608E+03  0.12576698E+03  0.12575461E+03  0.10000000E+01  0.00000000E+00
  0.10413464E+01  0.95076799E+00 -0.86838108E+00  0.66743916E+00  0.10006822E+04  0.13412874E+04  0.12561582E+03  0.12560624E+03  0.10000000E+01  0.00000000E+00
  0.91265774E+00  0.10971415E+01  0.68989947E-01  0.51107489E-01  0.10006291E+04  0.12365620E+04  0.12546356E+03  0.12546037E+03  0.10000000E+01  0.00000000E+00
  0.24911072E+01  0.13456491E+01 -0.23511234E+00 -0.12122025E+00  0.10030814E+04  0.61019644E+04  0.12531018E+03  0.12531038E+03  0.10000000E+01  0.00000000E+00
  0.13212482E+01  0.88923359E+00  0.10447214E+01  0.29825628E+00  0.10047330E+04  0.94189775E+04  0.12515567E+03  0.12515535E+03  0.10000000E+01  0.00000000E+00
  0.72581935E+00  0.82093620E+00  0.22286311E+00  0.36948788E+00  0.10078553E+04  0.15780083E+05  0.12500000E+03  0.12500000E+03  0.10000000E+01  0.00000000E+00
  0.20069344E+01  0.11119810E+01  0.39318895E+00 -0.43687858E-01  0.10103187E+04  0.20882764E+05  0.12576698E+03  0.12575644E+03  0.10000000E+01  0.00000000E+00
  0.27354066E+01  0.88434839E+00 -0.19482595E+00 -0.62402532E-01  0.99991101E+03 -0.17455125E+03  0.12561582E+03  0.12561089E+03  0.10000000E+01  0.00000000E+00
  0.29146576E+01  0.11893994E+01  0.19180328E+00  0.60311055E+00  0.99936017E+03 -0.12529900E+04  0.12546356E+03  0.12546005E+03  0.10000000E+01  0.00000000E+00
  0.21789448E+01  0.13788060E+01  0.99874258E-01 -0.19091101E+01  0.10090322E+04  0.18208510E+05  0.12531018E+03  0.12531018E+03  0.10000000E+01  0.00000000E+00
  0.29229364E+01  0.78222358E+00 -0.47786385E+00 -0.82279766E+00  0.99758350E+03 -0.47069238E+04  0.12515567E+03  0.12515553E+03  0.10000000E+01  0.00000000E+00
  0.15656202E+01  0.15922568E+01 -0.11399665E+01  0.45210147E+00  0.10058280E+04  0.11636457E+05  0.12500000E+03  0.12499989E+03  0.10000000E+01  0.00000000E+00
  0.87305343E+00  0.12748512E+01  0.82199025E+00  0.14346912E+01  0.10026228E+04  0.51866865E+04  0.12576698E+03  0.12576566E+03  0.10000000E+01  0.00000000E+00
  0.27947483E+01  0.93657446E+00  0.65534842E+00  0.92755687E+00  0.99944104E+03 -0.10948665E+04  0.12561582E+03  0.12561245E+03  0.10000000E+01  0.00000000E+00
  0.17443223E+01  0.14586966E+01 -0.15816457E+01 -0.14778280E+01  0.10071601E+04  0.14353435E+05  0.12546356E+03  0.12546202E+03  0.10000000E+01  0.00000000E+00
  0.22334468E+01  0.92717791E+00 -0.34207661E-01 -0.24241453E+00  0.10100687E+04  0.20361775E+05  0.12531018E+03  0.12530890E+03  0.10000000E+01  0.00000000E+00
  0.11291412E+01  0.16470165E+01  0.25578433E+00  0.24982562E+01  0.10044001E+04  0.87478623E+04  0.12515567E+03  0.12515567E+03  0.10000000E+01  0.00000000E+00
  0.16608741E+01  0.95282483E+00 -0.29284579E+00 -0.44622171E+00  0.10107806E+04  0.21848234E+05  0.12500000E+03  0.12500012E+03  0.10000000E+01  0.00000000E+00
  0.92023969E+00  0.13804169E+01  0.23295620E+00  0.12287723E+01  0.10023746E+04  0.46921470E+04  0.12561582E+03  0.12561399E+03  0.10000000E+01  0.00000000E+00
  0.15902374E+01  0.19028351E+01 -0.23948257E+01 -0.14768931E+00  0.10063447E+04  0.12687717E+05  0.12531018E+03  0.12531004E+03  0.10000000E+01  0.00000000E+00
  0.24806349E+01  0.18445671E+01 -0.72134769E+00 -0.76680750E+00  0.10014059E+04  0.27699089E+04  0.12500000E+03  0.12500000E+03  0.10000000E+01  0.00000000E+00
