  0.00000000E+00  0.00000000E+00  0.00000000E+00  0.00000000E+00  0.10011078E+04  0.21807639E+04  0.12500000E+03  0.27178272E-02  0.69999999E+00  0.99999689E+03
  0.00000000E+00  0.50000000E+00  0.00000000E+00  0.00000000E+00  0.10186378E+04  0.38676625E+05  0.12500000E+03  0.40200581E-02  0.69999999E+00  0.99999530E+03
  0.00000000E+00  0.10000000E+01  0.00000000E+00  0.00000000E+00  0.10241709E+04  0.51003973E+05  0.12500000E+03  0.42840084E-02  0.69999999E+00  0.99999500E+03
  0.00000000E+00  0.15000000E+01  0.00000000E+00  0.00000000E+00  0.10206134E+04  0.43032312E+05  0.12500000E+03  0.16008110E-02  0.69999999E+00  0.99999811E+03
  0.00000000E+00  0.20000000E+01  0.00000000E+00  0.00000000E+00  0.10192614E+04  0.40045965E+05  0.12500000E+03 -0.21266085E-02  0.69999999E+00  0.10000025E+04
  0.00000000E+00  0.25000000E+01  0.00000000E+00  0.00000000E+00  0.10034469E+04  0.68332266E+04  0.12500000E+03  0.51974104E-03  0.69999999E+00  0.99999939E+03
  0.00000000E+00  0.30000000E+01  0.00000000E+00  0.00000000E+00  0.10000026E+04  0.51455903E+01  0.12500000E+03  0.38292605E-04  0.69999999E+00  0.99999994E+03
  0.00000000E+00  0.35000000E+01  0.00000000E+00  0.00000000E+00  0.10000000E+04  0.00000000E+00  0.12500000E+03  0.00000000E+00  0.69999999E+00  0.10000000E+04
  0.00000000E+00  0.40000000E+01  0.00000000E+00  0.00000000E+00  0.10000000E+04  0.00000000E+00  0.12500000E+03  0.00000000E+00  0.69999999E+00  0.10000000E+04
 -0.25000000E+00 -0.25000000E+00  0.00000000E+00  0.00000000E+00  0.10006414E+04  0.12607445E+04  0.12500000E+03  0.52005530E-03  0.69999999E+00  0.99999939E+03
 -0.25000000E+00  0.25000000E+00  0.00000000E+00  0.00000000E+00  0.10007396E+04  0.14542686E+04  0.12500000E+03  0.12518028E-02  0.69999999E+00  0.99999860E+03
 -0.25000000E+00  0.75000000E+00  0.00000000E+00  0.00000000E+00  0.10072728E+04  0.14584448E+05  0.12500000E+03  0.68554375E-03  0.69999999E+00  0.99999921E+03
 -0.25000000E+00  0.12500000E+01  0.00000000E+00  0.00000000E+00  0.10051942E+04  0.10351179E+05  0.12500000E+03  0.13448519E-02  0.69999999E+00  0.99999847E+03
 -0.25000000E+00  0.17500000E+01  0.00000000E+00  0.00000000E+00  0.10009094E+04  0.17892120E+04  0.12500000E+03 -0.43738971E-03  0.69999999E+00  0.10000005E+04
 -0.25000000E+00  0.22500000E+01  0.00000000E+00  0.00000000E+00  0.10015139E+04  0.29839109E+04  0.12500000E+03 -0.18548567E-03  0.69999999E+00  0.10000002E+04
 -0.25000000E+00  0.27500000E+01  0.00000000E+00  0.00000000E+00  0.10000007E+04  0.14033347E+01  0.12500000E+03  0.17473474E-04  0.69999999E+00  0.10000000E+04
 -0.25000000E+00  0.32500000E+01  0.00000000E+00  0.00000000E+00  0.10000000E+04  0.00000000E+00  0.12500000E+03  0.21400630E-40  0.69999999E+00  0.10000000E+04
 -0.25000000E+00  0.37500000E+01  0.00000000E+00  0.00000000E+00  0.10000000E+04  0.00000000E+00  0.12500000E+03  0.00000000E+00  0.69999999E+00  0.10000000E+04
  0.80000000E+01  0.00000000E+00  0.00000000E+00  0.00000000E+00  0.10000000E+04  0.00000000E+00  0.12500000E+03  0.00000000E+00  0.69999999E+00  0.10000000E+04
  0.80000000E+01  0.50000000E+00  0.00000000E+00  0.00000000E+00  0.10000000E+04  0.00000000E+00  0.12500000E+03  0.00000000E+00  0.69999999E+00  0.10000000E+04
  0.80000000E+01  0.10000000E+01  0.00000000E+00  0.00000000E+00  0.10000000E+04  0.00000000E+00  0.12500000E+03  0.00000000E+00  0.69999999E+00  0.10000000E+04
  0.80000000E+01  0.15000000E+01  0.00000000E+00  0.00000000E+00  0.10000000E+04  0.00000000E+00  0.12500000E+03  0.00000000E+00  0.69999999E+00  0.10000000E+04
  0.80000000E+01  0.20000000E+01  0.00000000E+00  0.00000000E+00  0.10000000E+04  0.00000000E+00  0.12500000E+03  0.00000000E+00  0.69999999E+00  0.10000000E+04
  0.80000000E+01  0.25000000E+01  0.00000000E+00  0.00000000E+00  0.10000000E+04  0.00000000E+00  0.12500000E+03  0.00000000E+00  0.69999999E+00  0.10000000E+04
  0.80000000E+01  0.30000000E+01  0.00000000E+00  0.00000000E+00  0.10000000E+04  0.00000000E+00  0.12500000E+03  0.00000000E+00  0.69999999E+00  0.10000000E+04
  0.80000000E+01  0.35000000E+01  0.00000000E+00  0.00000000E+00  0.10000000E+04  0.00000000E+00  0.12500000E+03  0.00000000E+00  0.69999999E+00  0.10000000E+04
  0.80000000E+01  0.40000000E+01  0.00000000E+00  0.00000000E+00  0.10000000E+04  0.00000000E+00  0.12500000E+03  0.00000000E+00  0.69999999E+00  0.10000000E+04
  0.82500000E+01 -0.25000000E+00  0.00000000E+00  0.00000000E+00  0.10000000E+04  0.00000000E+00  0.12500000E+03  0.00000000E+00  0.69999999E+00  0.10000000E+04
  0.82500000E+01  0.25000000E+00  0.00000000E+00  0.00000000E+00  0.10000000E+04  0.00000000E+00  0.12500000E+03  0.00000000E+00  0.69999999E+00  0.10000000E+04
  0.82500000E+01  0.75000000E+00  0.00000000E+00  0.00000000E+00  0.10000000E+04  0.00000000E+00  0.12500000E+03  0.00000000E+00  0.69999999E+00  0.10000000E+04
  0.82500000E+01  0.12500000E+01  0.00000000E+00  0.00000000E+00  0.10000000E+04  0.00000000E+00  0.12500000E+03  0.00000000E+00  0.69999999E+00  0.10000000E+04
  0.82500000E+01  0.17500000E+01  0.00000000E+00  0.00000000E+00  0.10000000E+04  0.00000000E+00  0.12500000E+03  0.00000000E+00  0.69999999E+00  0.10000000E+04
  0.82500000E+01  0.22500000E+01  0.00000000E+00  0.00000000E+00  0.10000000E+04  0.00000000E+00  0.12500000E+03  0.00000000E+00  0.69999999E+00  0.10000000E+04
  0.82500000E+01  0.27500000E+01  0.00000000E+00  0.00000000E+00  0.10000000E+04  0.00000000E+00  0.12500000E+03  0.00000000E+00  0.69999999E+00  0.10000000E+04
  0.82500000E+01  0.32500000E+01  0.00000000E+00  0.00000000E+00  0.10000000E+04  0.00000000E+00  0.12500000E+03  0.00000000E+00  0.69999999E+00  0.10000000E+04
  0.82500000E+01  0.37500000E+01  0.00000000E+00  0.00000000E+00  0.10000000E+04  0.00000000E+00  0.12500000E+03  0.00000000E+00  0.69999999E+00  0.10000000E+04
  0.50000000E+00  0.00000000E+00  0.00000000E+00  0.00000000E+00  0.10442689E+04  0.99280516E+05  0.12500000E+03  0.13864480E-01  0.69999999E+00  0.99998346E+03
  0.10000000E+01  0.00000000E+00  0.00000000E+00  0.00000000E+00  0.10691199E+04  0.16720697E+06  0.12500000E+03  0.82193874E-02  0.69999999E+00  0.99998993E+03
  0.15000000E+01  0.00000000E+00  0.00000000E+00  0.00000000E+00  0.10190992E+04  0.39689469E+05  0.12500000E+03  0.23965783E-01  0.69999999E+00  0.99997211E+03
  0.20000000E+01  0.00000000E+00  0.00000000E+00  0.00000000E+00  0.11341658E+04  0.39632162E+06  0.12500000E+03  0.27983783E-01  0.69999999E+00  0.99996375E+03
  0.25000000E+01  0.00000000E+00  0.00000000E+00  0.00000000E+00  0.10359862E+04  0.78701281E+05  0.12500000E+03  0.95160417E-02  0.69999999E+00  0.99998871E+03
  0.30000000E+01  0.00000000E+00  0.00000000E+00  0.00000000E+00  0.10486167E+04  0.11048158E+06  0.12500000E+03  0.11232143E-01  0.69999999E+00  0.99998651E+03
  0.35000000E+01  0.00000000E+00  0.00000000E+00  0.00000000E+00  0.10064624E+04  0.12927820E+05  0.12500000E+03  0.47396384E-02  0.69999999E+00  0.99999457E+03
  0.40000000E+01  0.00000000E+00  0.00000000E+00  0.00000000E+00  0.10000137E+04  0.26898298E+02  0.12500000E+03 -0.68247195E-04  0.69999999E+00  0.10000001E+04
  0.45000000E+01  0.00000000E+00  0.00000000E+00  0.00000000E+00  0.10000000E+04  0.00000000E+00  0.12500000E+03  0.11403627E-38  0.69999999E+00  0.10000000E+04
  0.50000000E+01  0.00000000E+00  0.00000000E+00  0.00000000E+00  0.10000000E+04  0.00000000E+00  0.12500000E+03 -0.56023913E-41  0.69999999E+00  0.10000000E+04
  0.55000000E+01  0.00000000E+00  0.00000000E+00  0.00000000E+00  0.10000000E+04  0.00000000E+00  0.12500000E+03  0.00000000E+00  0.69999999E+00  0.10000000E+04
  0.60000000E+01  0.00000000E+00  0.00000000E+00  0.00000000E+00  0.10000000E+04  0.00000000E+00  0.12500000E+03  0.00000000E+00  0.69999999E+00  0.10000000E+04
  0.65000000E+01  0.00000000E+00  0.00000000E+00  0.00000000E+00  0.10000000E+04  0.00000000E+00  0.12500000E+03  0.00000000E+00  0.69999999E+00  0.10000000E+04
  0.70000000E+01  0.00000000E+00  0.00000000E+00  0.00000000E+00  0.10000000E+04  0.00000000E+00  0.12500000E+03  0.00000000E+00  0.69999999E+00  0.10000000E+04
  0.75000000E+01  0.00000000E+00  0.00000000E+00  0.00000000E+00  0.10000000E+04  0.00000000E+00  0.12500000E+03  0.00000000E+00  0.69999999E+00  0.10000000E+04
  0.25000000E+00 -0.25000000E+00  0.00000000E+00  0.00000000E+00  0.10056658E+04  0.11307000E+05  0.12500000E+03  0.35205469E-02  0.69999999E+00  0.99999597E+03
  0.75000000E+00 -0.25000000E+00  0.00000000E+00  0.00000000E+00  0.10260320E+04  0.55241090E+05  0.12500000E+03  0.99183768E-02  0.69999999E+00  0.99998834E+03
  0.12500000E+01 -0.25000000E+00  0.00000000E+00  0.00000000E+00  0.10094835E+04  0.19144600E+05  0.12500000E+03  0.77168401E-02  0.69999999E+00  0.99999109E+03
  0.17500000E+01 -0.25000000E+00  0.00000000E+00  0.00000000E+00  0.10143995E+04  0.29502031E+05  0.12500000E+03  0.11847420E-01  0.69999999E+00  0.99998627E+03
  0.22500000E+01 -0.25000000E+00  0.00000000E+00  0.00000000E+00  0.10011384E+04  0.22412795E+04  0.12500000E+03  0.12006158E-01  0.69999999E+00  0.99998627E+03
  0.27500000E+01 -0.25000000E+00  0.00000000E+00  0.00000000E+00  0.10033157E+04  0.65704463E+04  0.12500000E+03  0.60749250E-02  0.69999999E+00  0.99999304E+03
  0.32500000E+01 -0.25000000E+00  0.00000000E+00  0.00000000E+00  0.10013943E+04  0.27470303E+04  0.12500000E+03  0.43282774E-02  0.69999999E+00  0.99999506E+03
  0.37500000E+01 -0.25000000E+00  0.00000000E+00  0.00000000E+00  0.10000070E+04  0.13565822E+02  0.12500000E+03 -0.15635355E-03  0.69999999E+00  0.10000002E+04
  0.42500000E+01 -0.25000000E+00  0.00000000E+00  0.00000000E+00  0.10000000E+04  0.00000000E+00  0.12500000E+03 -0.37628655E-35  0.69999999E+00  0.10000000E+04
  0.47500000E+01 -0.25000000E+00  0.00000000E+00  0.00000000E+00  0.10000000E+04  0.00000000E+00  0.12500000E+03 -0.25237077E-38  0.69999999E+00  0.10000000E+04
  0.52500000E+01 -0.25000000E+00  0.00000000E+00  0.00000000E+00  0.10000000E+04  0.00000000E+00  0.12500000E+03  0.00000000E+00  0.69999999E+00  0.10000000E+04
  0.57500000E+01 -0.25000000E+00  0.00000000E+00  0.00000000E+00  0.10000000E+04  0.00000000E+00  0.12500000E+03  0.00000000E+00  0.69999999E+00  0.10000000E+04
  0.62500000E+01 -0.25000000E+00  0.00000000E+00  0.00000000E+00  0.10000000E+04  0.00000000E+00  0.12500000E+03  0.00000000E+00  0.69999999E+00  0.10000000E+04
  0.67500000E+01 -0.25000000E+00  0.00000000E+00  0.00000000E+00  0.10000000E+04  0.00000000E+00  0.12500000E+03  0.00000000E+00  0.69999999E+00  0.10000000E+04
  0.72500000E+01 -0.25000000E+00  0.00000000E+00  0.00000000E+00  0.10000000E+04  0.00000000E+00  0.12500000E+03  0.00000000E+00  0.69999999E+00  0.10000000E+04
  0.77500000E+01 -0.25000000E+00  0.00000000E+00  0.00000000E+00  0.10000000E+04  0.00000000E+00  0.12500000E+03  0.00000000E+00  0.69999999E+00  0.10000000E+04
  0.40000000E+01  0.50000000E+00  0.00000000E+00  0.00000000E+00  0.10014381E+04  0.28338354E+04  0.12500000E+03 -0.50704181E-03  0.69999999E+00  0.10000006E+04
  0.37500000E+01  0.25000000E+00  0.00000000E+00  0.00000000E+00  0.10069764E+04  0.13977698E+05  0.12500000E+03 -0.22543776E-02  0.69999999E+00  0.10000026E+04
  0.40000000E+01  0.10000000E+01  0.00000000E+00  0.00000000E+00  0.10035818E+04  0.71033818E+04  0.12500000E+03 -0.13530708E-03  0.69999999E+00  0.10000002E+04
  0.37500000E+01  0.75000000E+00  0.00000000E+00  0.00000000E+00  0.10633932E+04  0.15069538E+06  0.12500000E+03  0.11280058E-02  0.69999999E+00  0.99999866E+03
  0.40000000E+01  0.15000000E+01  0.00000000E+00  0.00000000E+00  0.99993884E+03 -0.11996286E+03  0.12500000E+03  0.49655326E-03  0.69999999E+00  0.99999945E+03
  0.37500000E+01  0.12500000E+01  0.00000000E+00  0.00000000E+00  0.10256902E+04  0.54459520E+05  0.12500000E+03  0.12342043E-02  0.69999999E+00  0.99999854E+03
  0.40000000E+01  0.20000000E+01  0.00000000E+00  0.00000000E+00  0.10013506E+04  0.26607197E+04  0.12500000E+03  0.38389175E-03  0.69999999E+00  0.99999957E+03
  0.37500000E+01  0.17500000E+01  0.00000000E+00  0.00000000E+00  0.10199692E+04  0.41606477E+05  0.12500000E+03  0.25876274E-02  0.69999999E+00  0.99999701E+03
  0.45000000E+01  0.50000000E+00  0.00000000E+00  0.00000000E+00  0.10000000E+04  0.00000000E+00  0.12500000E+03  0.74364836E-38  0.69999999E+00  0.10000000E+04
  0.42500000E+01  0.25000000E+00  0.00000000E+00  0.00000000E+00  0.10000018E+04  0.35083482E+01  0.12500000E+03 -0.74084828E-05  0.69999999E+00  0.10000000E+04
  0.45000000E+01  0.10000000E+01  0.00000000E+00  0.00000000E+00  0.10000000E+04  0.00000000E+00  0.12500000E+03 -0.83265155E-41  0.69999999E+00  0.10000000E+04
  0.42500000E+01  0.75000000E+00  0.00000000E+00  0.00000000E+00  0.10000916E+04  0.17967581E+03  0.12500000E+03 -0.20551628E-04  0.69999999E+00  0.10000000E+04
  0.45000000E+01  0.15000000E+01  0.00000000E+00  0.00000000E+00  0.10000000E+04  0.00000000E+00  0.12500000E+03 -0.31327428E-40  0.69999999E+00  0.10000000E+04
  0.42500000E+01  0.12500000E+01  0.00000000E+00  0.00000000E+00  0.10000066E+04  0.12864128E+02  0.12500000E+03  0.64903998E-05  0.69999999E+00  0.10000000E+04
  0.45000000E+01  0.20000000E+01  0.00000000E+00  0.00000000E+00  0.10000000E+04  0.00000000E+00  0.12500000E+03  0.27653224E-40  0.69999999E+00  0.10000000E+04
  0.42500000E+01  0.17500000E+01  0.00000000E+00  0.00000000E+00  0.10000031E+04  0.60811610E+01  0.12500000E+03 -0.35628464E-05  0.69999999E+00  0.10000000E+04
  0.50000000E+01  0.50000000E+00  0.00000000E+00  0.00000000E+00  0.10000000E+04  0.00000000E+00  0.12500000E+03  0.53053160E-41  0.69999999E+00  0.10000000E+04
  0.47500000E+01  0.25000000E+00  0.00000000E+00  0.00000000E+00  0.10000000E+04  0.00000000E+00  0.12500000E+03  0.24953062E-38  0.69999999E+00  0.10000000E+04
  0.50000000E+01  0.10000000E+01  0.00000000E+00  0.00000000E+00  0.10000000E+04  0.00000000E+00  0.12500000E+03 -0.00000000E+00  0.69999999E+00  0.10000000E+04
  0.47500000E+01  0.75000000E+00  0.00000000E+00  0.00000000E+00  0.10000000E+04  0.00000000E+00  0.12500000E+03  0.56388250E-41  0.69999999E+00  0.10000000E+04
  0.50000000E+01  0.15000000E+01  0.00000000E+00  0.00000000E+00  0.10000000E+04  0.00000000E+00  0.12500000E+03 -0.22667404E-40  0.69999999E+00  0.10000000E+04
  0.47500000E+01  0.12500000E+01  0.00000000E+00  0.00000000E+00  0.10000000E+04  0.00000000E+00  0.12500000E+03 -0.21680890E-40  0.69999999E+00  0.10000000E+04
  0.50000000E+01  0.20000000E+01  0.00000000E+00  0.00000000E+00  0.10000000E+04  0.00000000E+00  0.12500000E+03  0.19466838E-40  0.69999999E+00  0.10000000E+04
  0.47500000E+01  0.17500000E+01  0.00000000E+00  0.00000000E+00  0.10000000E+04  0.00000000E+00  0.12500000E+03 -0.11686829E-41  0.69999999E+00  0.10000000E+04
  0.28336732E+01  0.89196384E+00  0.17489959E+00  0.12814476E+00  0.10066658E+04  0.13342810E+05  0.12576698E+03  0.12576656E+03  0.10000000E+01  0.00000000E+00
  0.88879251E+00  0.13613433E+01 -0.13201568E+00 -0.24852046E+00  0.10048343E+04  0.96235576E+04  0.12561582E+03  0.12561256E+03  0.10000000E+01  0.00000000E+00
  0.18328304E+01  0.10789073E+01  0.29410714E+00  0.98802432E-01  0.10183711E+04  0.38092574E+05  0.12546356E+03  0.12546323E+03  0.10000000E+01  0.00000000E+00
  0.27963302E+01  0.15856900E+01 -0.89963841E+00 -0.64116645E+00  0.10075945E+04  0.15244397E+05  0.12531018E+03  0.12531044E+03  0.10000000E+01  0.00000000E+00
  0.25169539E+01  0.16409239E+01 -0.25020323E+01 -0.58843648E+00  0.10007041E+04  0.13842673E+04  0.12515567E+03  0.12515567E+03  0.10000000E+01  0.00000000E+00
  0.27299623E+01  0.16266043E+01 -0.10189122E+01 -0.46905446E+00  0.10052398E+04  0.10443600E+05  0.12500000E+03  0.12499985E+03  0.10000000E+01  0.00000000E+00
  0.26995754E+01  0.84415996E+00 -0.29441619E+00  0.38599260E-01  0.10090659E+04  0.18278377E+05  0.12576698E+03  0.12575461E+03  0.10000000E+01  0.00000000E+00
  0.97255814E+00  0.88932121E+00 -0.38397446E+00 -0.76263070E-01  0.10103069E+04  0.20858139E+05  0.12561582E+03  0.12560609E+03  0.10000000E+01  0.00000000E+00
  0.80501962E+00  0.10372349E+01 -0.40389568E+00  0.19100347E+00  0.10059393E+04  0.11862493E+05  0.12546356E+03  0.12546051E+03  0.10000000E+01  0.00000000E+00
  0.28872793E+01  0.94681168E+00  0.93026251E-01 -0.13090723E+01  0.10088721E+04  0.17877145E+05  0.12531018E+03  0.12531038E+03  0.10000000E+01  0.00000000E+00
  0.10925661E+01  0.88391399E+00 -0.32659405E+00 -0.93429960E-01  0.10102699E+04  0.20781041E+05  0.12515567E+03  0.12515535E+03  0.10000000E+01  0.00000000E+00
  0.66992915E+00  0.90236032E+00 -0.19519836E+00 -0.44296554E+00  0.10102403E+04  0.20719373E+05  0.12500000E+03  0.12500000E+03  0.10000000E+01  0.00000000E+00
  0.19965992E+01  0.95213938E+00 -0.11608697E+01 -0.45658369E-03  0.10058371E+04  0.11654864E+05  0.12576698E+03  0.12575644E+03  0.10000000E+01  0.00000000E+00
  0.26568220E+01  0.84746397E+00 -0.32803386E+00  0.14153346E+00  0.10108079E+04  0.21905109E+05  0.12561582E+03  0.12561059E+03  0.10000000E+01  0.00000000E+00
  0.27125993E+01  0.13392025E+01 -0.37153578E+00 -0.31560344E+00  0.10096600E+04  0.19511117E+05  0.12546356E+03  0.12546005E+03  0.10000000E+01  0.00000000E+00
  0.14272931E+01  0.89913046E+00 -0.56595391E+00 -0.38404870E+00  0.10026352E+04  0.52113975E+04  0.12531018E+03  0.12531018E+03  0.10000000E+01  0.00000000E+00
  0.29418917E+01  0.80529940E+00  0.52034205E+00  0.80311871E+00  0.10068214E+04  0.13660594E+05  0.12515567E+03  0.12515553E+03  0.10000000E+01  0.00000000E+00
  0.10175557E+01  0.16340940E+01 -0.75749598E-01  0.31087089E+00  0.10073215E+04  0.14684130E+05  0.12500000E+03  0.12500612E+03  0.10000000E+01  0.00000000E+00
  0.94908810E+00  0.15244576E+01  0.18804461E+00  0.25008419E+00  0.10067703E+04  0.13556095E+05  0.12576698E+03  0.12576566E+03  0.10000000E+01  0.00000000E+00
  0.23673401E+01  0.10022448E+01 -0.17765726E+00 -0.53971887E+00  0.10046848E+04  0.93217852E+04  0.12561582E+03  0.12561228E+03  0.10000000E+01  0.00000000E+00
  0.16721327E+01  0.11370940E+01 -0.50373510E-01 -0.50811791E+00  0.10058943E+04  0.11771141E+05  0.12546356E+03  0.12546202E+03  0.10000000E+01  0.00000000E+00
  0.21860301E+01  0.93663454E+00 -0.73321354E+00  0.48816168E+00  0.10104503E+04  0.21157488E+05  0.12531018E+03  0.12530890E+03  0.10000000E+01  0.00000000E+00
  0.21022892E+01  0.15830112E+01 -0.86296713E+00  0.30036819E+00  0.10033484E+04  0.66360625E+04  0.12515567E+03  0.12515567E+03  0.10000000E+01  0.00000000E+00
  0.13539078E+01  0.87554049E+00 -0.19810060E+00 -0.16340952E+00  0.10043494E+04  0.86458223E+04  0.12500000E+03  0.12500012E+03  0.10000000E+01  0.00000000E+00
  0.11289668E+01  0.16324542E+01  0.33492157E+00  0.28687221E+00  0.10073915E+04  0.14827839E+05  0.12561582E+03  0.12560780E+03  0.10000000E+01  0.00000000E+00
  0.14543265E+01  0.16832006E+01 -0.11262590E+01  0.10216520E+01  0.10060939E+04  0.12177206E+05  0.12531018E+03  0.12531004E+03  0.10000000E+01  0.00000000E+00
  0.23206117E+01  0.18893273E+01 -0.27239290E+00  0.39729691E+00  0.99944922E+03 -0.10788983E+04  0.12500000E+03  0.12500000E+03  0.10000000E+01  0.00000000E+00
