  0.00000000E+00  0.00000000E+00  0.00000000E+00  0.00000000E+00  0.10027151E+04  0.53706348E+04  0.12500000E+03  0.19598326E-02  0.69999999E+00  0.99999774E+03
  0.00000000E+00  0.50000000E+00  0.00000000E+00  0.00000000E+00  0.10313237E+04  0.67543352E+05  0.12500000E+03  0.15877204E-02  0.69999999E+00  0.99999811E+03
  0.00000000E+00  0.10000000E+01  0.00000000E+00  0.00000000E+00  0.10597821E+04  0.14055444E+06  0.12500000E+03  0.24566345E-02  0.69999999E+00  0.99999701E+03
  0.00000000E+00  0.15000000E+01  0.00000000E+00  0.00000000E+00  0.10370416E+04  0.81269305E+05  0.12500000E+03  0.90845500E-03  0.69999999E+00  0.99999890E+03
  0.00000000E+00  0.20000000E+01  0.00000000E+00  0.00000000E+00  0.10082466E+04  0.16585541E+05  0.12500000E+03 -0.74436120E-03  0.69999999E+00  0.10000009E+04
  0.00000000E+00  0.25000000E+01  0.00000000E+00  0.00000000E+00  0.10002708E+04  0.53159265E+03  0.12500000E+03  0.14403922E-03  0.69999999E+00  0.99999982E+03
  0.00000000E+00  0.30000000E+01  0.00000000E+00  0.00000000E+00  0.10000000E+04  0.00000000E+00  0.12500000E+03  0.00000000E+00  0.69999999E+00  0.10000000E+04
  0.00000000E+00  0.35000000E+01  0.00000000E+00  0.00000000E+00  0.10000000E+04  0.00000000E+00  0.12500000E+03  0.00000000E+00  0.69999999E+00  0.10000000E+04
  0.00000000E+00  0.40000000E+01  0.00000000E+00  0.00000000E+00  0.10000000E+04  0.00000000E+00  0.12500000E+03  0.00000000E+00  0.69999999E+00  0.10000000E+04
 -0.25000000E+00 -0.25000000E+00  0.00000000E+00  0.00000000E+00  0.10006414E+04  0.12607445E+04  0.12500000E+03  0.52005530E-03  0.69999999E+00  0.99999939E+03
 -0.25000000E+00  0.25000000E+00  0.00000000E+00  0.00000000E+00  0.10019252E+04  0.37991880E+04  0.12500000E+03  0.78942586E-03  0.69999999E+00  0.99999908E+03
 -0.25000000E+00  0.75000000E+00  0.00000000E+00  0.00000000E+00  0.10056322E+04  0.11238776E+05  0.12500000E+03  0.47621994E-04  0.69999999E+00  0.99999994E+03
 -0.25000000E+00  0.12500000E+01  0.00000000E+00  0.00000000E+00  0.10043175E+04  0.85814922E+04  0.12500000E+03  0.80824160E-03  0.69999999E+00  0.99999908E+03
 -0.25000000E+00  0.17500000E+01  0.00000000E+00  0.00000000E+00  0.10009052E+04  0.17807461E+04  0.12500000E+03 -0.22110713E-03  0.69999999E+00  0.10000002E+04
 -0.25000000E+00  0.22500000E+01  0.00000000E+00  0.00000000E+00  0.10004747E+04  0.93267188E+03  0.12500000E+03 -0.90573652E-04  0.69999999E+00  0.10000001E+04
 -0.25000000E+00  0.27500000E+01  0.00000000E+00  0.00000000E+00  0.10000000E+04  0.00000000E+00  0.12500000E+03  0.00000000E+00  0.69999999E+00  0.10000000E+04
 -0.25000000E+00  0.32500000E+01  0.00000000E+00  0.00000000E+00  0.10000000E+04  0.00000000E+00  0.12500000E+03  0.00000000E+00  0.69999999E+00  0.10000000E+04
 -0.25000000E+00  0.37500000E+01  0.00000000E+00  0.00000000E+00  0.10000000E+04  0.00000000E+00  0.12500000E+03  0.00000000E+00  0.69999999E+00  0.10000000E+04
  0.80000000E+01  0.00000000E+00  0.00000000E+00  0.00000000E+00  0.10000000E+04  0.00000000E+00  0.12500000E+03  0.00000000E+00  0.69999999E+00  0.10000000E+04
  0.80000000E+01  0.50000000E+00  0.00000000E+00  0.00000000E+00  0.10000000E+04  0.00000000E+00  0.12500000E+03  0.00000000E+00  0.69999999E+00  0.10000000E+04
  0.80000000E+01  0.10000000E+01  0.00000000E+00  0.00000000E+00  0.10000000E+04  0.00000000E+00  0.12500000E+03  0.00000000E+00  0.69999999E+00  0.10000000E+04
  0.80000000E+01  0.15000000E+01  0.00000000E+00  0.00000000E+00  0.10000000E+04  0.00000000E+00  0.12500000E+03  0.00000000E+00  0.69999999E+00  0.10000000E+04
  0.80000000E+01  0.20000000E+01  0.00000000E+00  0.00000000E+00  0.10000000E+04  0.00000000E+00  0.12500000E+03  0.00000000E+00  0.69999999E+00  0.10000000E+04
  0.80000000E+01  0.25000000E+01  0.00000000E+00  0.00000000E+00  0.10000000E+04  0.00000000E+00  0.12500000E+03  0.00000000E+00  0.69999999E+00  0.10000000E+04
  0.80000000E+01  0.30000000E+01  0.00000000E+00  0.00000000E+00  0.10000000E+04  0.00000000E+00  0.12500000E+03  0.00000000E+00  0.69999999E+00  0.10000000E+04
  0.80000000E+01  0.35000000E+01  0.00000000E+00  0.00000000E+00  0.10000000E+04  0.00000000E+00  0.12500000E+03  0.00000000E+00  0.69999999E+00  0.10000000E+04
  0.80000000E+01  0.40000000E+01  0.00000000E+00  0.00000000E+00  0.10000000E+04  0.00000000E+00  0.12500000E+03  0.00000000E+00  0.69999999E+00  0.10000000E+04
  0.82500000E+01 -0.25000000E+00  0.00000000E+00  0.00000000E+00  0.10000000E+04  0.00000000E+00  0.12500000E+03  0.00000000E+00  0.69999999E+00  0.10000000E+04
  0.82500000E+01  0.25000000E+00  0.00000000E+00  0.00000000E+00  0.10000000E+04  0.00000000E+00  0.12500000E+03  0.00000000E+00  0.69999999E+00  0.10000000E+04
  0.82500000E+01  0.75000000E+00  0.00000000E+00  0.00000000E+00  0.10000000E+04  0.00000000E+00  0.12500000E+03  0.00000000E+00  0.69999999E+00  0.10000000E+04
  0.82500000E+01  0.12500000E+01  0.00000000E+00  0.00000000E+00  0.10000000E+04  0.00000000E+00  0.12500000E+03  0.00000000E+00  0.69999999E+00  0.10000000E+04
  0.82500000E+01  0.17500000E+01  0.00000000E+00  0.00000000E+00  0.10000000E+04  0.00000000E+00  0.12500000E+03  0.00000000E+00  0.69999999E+00  0.10000000E+04
  0.82500000E+01  0.22500000E+01  0.00000000E+00  0.00000000E+00  0.10000000E+04  0.00000000E+00  0.12500000E+03  0.00000000E+00  0.69999999E+00  0.10000000E+04
  0.82500000E+01  0.27500000E+01  0.00000000E+00  0.00000000E+00  0.10000000E+04  0.00000000E+00  0.12500000E+03  0.00000000E+00  0.69999999E+00  0.10000000E+04
  0.82500000E+01  0.32500000E+01  0.00000000E+00  0.00000000E+00  0.10000000E+04  0.00000000E+00  0.12500000E+03  0.00000000E+00  0.69999999E+00  0.10000000E+04
  0.82500000E+01  0.37500000E+01  0.00000000E+00  0.00000000E+00  0.10000000E+04  0.00000000E+00  0.12500000E+03  0.00000000E+00  0.69999999E+00  0.10000000E+04
  0.50000000E+00  0.00000000E+00  0.00000000E+00  0.00000000E+00  0.10409022E+04  0.90796906E+05  0.12500000E+03  0.94429590E-02  0.69999999E+00  0.99998877E+03
  0.10000000E+01  0.00000000E+00  0.00000000E+00  0.00000000E+00  0.10395024E+04  0.87317570E+05  0.12500000E+03  0.43778536E-02  0.69999999E+00  0.99999481E+03
  0.15000000E+01  0.00000000E+00  0.00000000E+00  0.00000000E+00  0.10296973E+04  0.63721840E+05  0.12500000E+03  0.17174691E-01  0.69999999E+00  0.99997980E+03
  0.20000000E+01  0.00000000E+00  0.00000000E+00  0.00000000E+00  0.11469910E+04  0.45173112E+06  0.12500000E+03  0.19103883E-01  0.69999999E+00  0.99997498E+03
  0.25000000E+01  0.00000000E+00  0.00000000E+00  0.00000000E+00  0.10063988E+04  0.12798026E+05  0.12500000E+03  0.27944134E-02  0.69999999E+00  0.99999677E+03
  0.30000000E+01  0.00000000E+00  0.00000000E+00  0.00000000E+00  0.10197650E+04  0.41155633E+05  0.12500000E+03  0.46890341E-02  0.69999999E+00  0.99999457E+03
  0.35000000E+01  0.00000000E+00  0.00000000E+00  0.00000000E+00  0.10031842E+04  0.63073960E+04  0.12500000E+03  0.18014153E-02  0.69999999E+00  0.99999792E+03
  0.40000000E+01  0.00000000E+00  0.00000000E+00  0.00000000E+00  0.10000137E+04  0.26898298E+02  0.12500000E+03 -0.68247195E-04  0.69999999E+00  0.10000001E+04
  0.45000000E+01  0.00000000E+00  0.00000000E+00  0.00000000E+00  0.10000000E+04  0.00000000E+00  0.12500000E+03  0.51007264E-42  0.69999999E+00  0.10000000E+04
  0.50000000E+01  0.00000000E+00  0.00000000E+00  0.00000000E+00  0.10000000E+04  0.00000000E+00  0.12500000E+03  0.00000000E+00  0.69999999E+00  0.10000000E+04
  0.55000000E+01  0.00000000E+00  0.00000000E+00  0.00000000E+00  0.10000000E+04  0.00000000E+00  0.12500000E+03  0.00000000E+00  0.69999999E+00  0.10000000E+04
  0.60000000E+01  0.00000000E+00  0.00000000E+00  0.00000000E+00  0.10000000E+04  0.00000000E+00  0.12500000E+03  0.00000000E+00  0.69999999E+00  0.10000000E+04
  0.65000000E+01  0.00000000E+00  0.00000000E+00  0.00000000E+00  0.10000000E+04  0.00000000E+00  0.12500000E+03  0.00000000E+00  0.69999999E+00  0.10000000E+04
  0.70000000E+01  0.00000000E+00  0.00000000E+00  0.00000000E+00  0.10000000E+04  0.00000000E+00  0.12500000E+03  0.00000000E+00  0.69999999E+00  0.10000000E+04
  0.75000000E+01  0.00000000E+00  0.00000000E+00  0.00000000E+00  0.10000000E+04  0.00000000E+00  0.12500000E+03  0.00000000E+00  0.69999999E+00  0.10000000E+04
  0.25000000E+00 -0.25000000E+00  0.00000000E+00  0.00000000E+00  0.10057020E+04  0.11380562E+05  0.12500000E+03  0.28157630E-02  0.69999999E+00  0.99999677E+03
  0.75000000E+00 -0.25000000E+00  0.00000000E+00  0.00000000E+00  0.10236514E+04  0.49829426E+05  0.12500000E+03  0.71511916E-02  0.69999999E+00  0.99999164E+03
  0.12500000E+01 -0.25000000E+00  0.00000000E+00  0.00000000E+00  0.10090055E+04  0.18153467E+05  0.12500000E+03  0.59005516E-02  0.69999999E+00  0.99999323E+03
  0.17500000E+01 -0.25000000E+00  0.00000000E+00  0.00000000E+00  0.10167667E+04  0.34597902E+05  0.12500000E+03  0.89189131E-02  0.69999999E+00  0.99998962E+03
  0.22500000E+01 -0.25000000E+00  0.00000000E+00  0.00000000E+00  0.10002603E+04  0.51097766E+03  0.12500000E+03  0.79099946E-02  0.69999999E+00  0.99999097E+03
  0.27500000E+01 -0.25000000E+00  0.00000000E+00  0.00000000E+00  0.10006882E+04  0.13530299E+04  0.12500000E+03  0.20342402E-02  0.69999999E+00  0.99999768E+03
  0.32500000E+01 -0.25000000E+00  0.00000000E+00  0.00000000E+00  0.99999780E+03 -0.43269110E+01  0.12500000E+03  0.18331152E-02  0.69999999E+00  0.99999792E+03
  0.37500000E+01 -0.25000000E+00  0.00000000E+00  0.00000000E+00  0.10000070E+04  0.13565822E+02  0.12500000E+03 -0.15635355E-03  0.69999999E+00  0.10000002E+04
  0.42500000E+01 -0.25000000E+00  0.00000000E+00  0.00000000E+00  0.10000000E+04  0.00000000E+00  0.12500000E+03 -0.15342957E-38  0.69999999E+00  0.10000000E+04
  0.47500000E+01 -0.25000000E+00  0.00000000E+00  0.00000000E+00  0.10000000E+04  0.00000000E+00  0.12500000E+03 -0.40077136E-42  0.69999999E+00  0.10000000E+04
  0.52500000E+01 -0.25000000E+00  0.00000000E+00  0.00000000E+00  0.10000000E+04  0.00000000E+00  0.12500000E+03  0.00000000E+00  0.69999999E+00  0.10000000E+04
  0.57500000E+01 -0.25000000E+00  0.00000000E+00  0.00000000E+00  0.10000000E+04  0.00000000E+00  0.12500000E+03  0.00000000E+00  0.69999999E+00  0.10000000E+04
  0.62500000E+01 -0.25000000E+00  0.00000000E+00  0.00000000E+00  0.10000000E+04  0.00000000E+00  0.12500000E+03  0.00000000E+00  0.69999999E+00  0.10000000E+04
  0.67500000E+01 -0.25000000E+00  0.00000000E+00  0.00000000E+00  0.10000000E+04  0.00000000E+00  0.12500000E+03  0.00000000E+00  0.69999999E+00  0.10000000E+04
  0.72500000E+01 -0.25000000E+00  0.00000000E+00  0.00000000E+00  0.10000000E+04  0.00000000E+00  0.12500000E+03  0.00000000E+00  0.69999999E+00  0.10000000E+04
  0.77500000E+01 -0.25000000E+00  0.00000000E+00  0.00000000E+00  0.10000000E+04  0.00000000E+00  0.12500000E+03  0.00000000E+00  0.69999999E+00  0.10000000E+04
  0.40000000E+01  0.50000000E+00  0.00000000E+00  0.00000000E+00  0.10011543E+04  0.22726013E+04  0.12500000E+03 -0.18599989E-03  0.69999999E+00  0.10000002E+04
  0.37500000E+01  0.25000000E+00  0.00000000E+00  0.00000000E+00  0.10038817E+04  0.77051450E+04  0.12500000E+03 -0.77956932E-03  0.69999999E+00  0.10000009E+04
  0.40000000E+01  0.10000000E+01  0.00000000E+00  0.00000000E+00  0.10049551E+04  0.98675303E+04  0.12500000E+03 -0.81077218E-04  0.69999999E+00  0.10000001E+04
  0.37500000E+01  0.75000000E+00  0.00000000E+00  0.00000000E+00  0.10576082E+04  0.13454836E+06  0.12500000E+03  0.71837055E-03  0.69999999E+00  0.99999915E+03
  0.40000000E+01  0.15000000E+01  0.00000000E+00  0.00000000E+00  0.10012605E+04  0.24825103E+04  0.12500000E+03  0.18857539E-03  0.69999999E+00  0.99999976E+03
  0.37500000E+01  0.12500000E+01  0.00000000E+00  0.00000000E+00  0.10439371E+04  0.98436914E+05  0.12500000E+03  0.30596537E-03  0.69999999E+00  0.99999963E+03
  0.40000000E+01  0.20000000E+01  0.00000000E+00  0.00000000E+00  0.10001976E+04  0.38801736E+03  0.12500000E+03  0.18486993E-03  0.69999999E+00  0.99999982E+03
  0.37500000E+01  0.17500000E+01  0.00000000E+00  0.00000000E+00  0.10287150E+04  0.61431230E+05  0.12500000E+03  0.10054475E-02  0.69999999E+00  0.99999884E+03
  0.45000000E+01  0.50000000E+00  0.00000000E+00  0.00000000E+00  0.10000000E+04  0.00000000E+00  0.12500000E+03  0.17964646E-41  0.69999999E+00  0.10000000E+04
  0.42500000E+01  0.25000000E+00  0.00000000E+00  0.00000000E+00  0.10000018E+04  0.35083482E+01  0.12500000E+03 -0.74084828E-05  0.69999999E+00  0.10000000E+04
  0.45000000E+01  0.10000000E+01  0.00000000E+00  0.00000000E+00  0.10000000E+04  0.00000000E+00  0.12500000E+03  0.00000000E+00  0.69999999E+00  0.10000000E+04
  0.42500000E+01  0.75000000E+00  0.00000000E+00  0.00000000E+00  0.10000944E+04  0.18529227E+03  0.12500000E+03 -0.75637886E-05  0.69999999E+00  0.10000000E+04
  0.45000000E+01  0.15000000E+01  0.00000000E+00  0.00000000E+00  0.10000000E+04  0.00000000E+00  0.12500000E+03 -0.00000000E+00  0.69999999E+00  0.10000000E+04
  0.42500000E+01  0.12500000E+01  0.00000000E+00  0.00000000E+00  0.10000066E+04  0.12864128E+02  0.12500000E+03  0.34267537E-05  0.69999999E+00  0.10000000E+04
  0.45000000E+01  0.20000000E+01  0.00000000E+00  0.00000000E+00  0.10000000E+04  0.00000000E+00  0.12500000E+03  0.00000000E+00  0.69999999E+00  0.10000000E+04
  0.42500000E+01  0.17500000E+01  0.00000000E+00  0.00000000E+00  0.10000031E+04  0.60811610E+01  0.12500000E+03  0.28991612E-05  0.69999999E+00  0.10000000E+04
  0.50000000E+01  0.50000000E+00  0.00000000E+00  0.00000000E+00  0.10000000E+04  0.00000000E+00  0.12500000E+03  0.00000000E+00  0.69999999E+00  0.10000000E+04
  0.47500000E+01  0.25000000E+00  0.00000000E+00  0.00000000E+00  0.10000000E+04  0.00000000E+00  0.12500000E+03  0.39516617E-42  0.69999999E+00  0.10000000E+04
  0.50000000E+01  0.10000000E+01  0.00000000E+00  0.00000000E+00  0.10000000E+04  0.00000000E+00  0.12500000E+03  0.00000000E+00  0.69999999E+00  0.10000000E+04
  0.47500000E+01  0.75000000E+00  0.00000000E+00  0.00000000E+00  0.10000000E+04  0.00000000E+00  0.12500000E+03  0.00000000E+00  0.69999999E+00  0.10000000E+04
  0.50000000E+01  0.15000000E+01  0.00000000E+00  0.00000000E+00  0.10000000E+04  0.00000000E+00  0.12500000E+03  0.00000000E+00  0.69999999E+00  0.10000000E+04
  0.47500000E+01  0.12500000E+01  0.00000000E+00  0.00000000E+00  0.10000000E+04  0.00000000E+00  0.12500000E+03  0.00000000E+00  0.69999999E+00  0.10000000E+04
  0.50000000E+01  0.20000000E+01  0.00000000E+00  0.00000000E+00  0.10000000E+04  0.00000000E+00  0.12500000E+03  0.00000000E+00  0.69999999E+00  0.10000000E+04
  0.47500000E+01  0.17500000E+01  0.00000000E+00  0.00000000E+00  0.10000000E+04  0.00000000E+00  0.12500000E+03  0.00000000E+00  0.69999999E+00  0.10000000E+04
  0.25961101E+01  0.10539050E+01 -0.25548452E+00 -0.10900365E+01  0.99321747E+03 -0.13039596E+05  0.12576698E+03  0.12576674E+03  0.10000000E+01  0.00000000E+00
  0.14429413E+01  0.10248951E+01 -0.81397557E+00  0.40254015E+00  0.10061206E+04  0.12231304E+05  0.12561582E+03  0.12561256E+03  0.10000000E+01  0.00000000E+00
  0.92476654E+00  0.10437864E+01 -0.18478398E+01  0.94110653E-01  0.10028177E+04  0.55753789E+04  0.12546356E+03  0.12546333E+03  0.10000000E+01  0.00000000E+00
  0.82231998E+00  0.12473015E+01 -0.29283622E-01  0.23049490E+01  0.10094378E+04  0.19049566E+05  0.12531018E+03  0.12531018E+03  0.10000000E+01  0.00000000E+00
  0.14436173E+01  0.19155349E+01  0.20952070E+01  0.94972098E+00  0.10005528E+04  0.10863418E+04  0.12515567E+03  0.12515567E+03  0.10000000E+01  0.00000000E+00
  0.22842374E+01  0.18059568E+01  0.14105940E+00 -0.10505803E+01  0.10049121E+04  0.97808076E+04  0.12500000E+03  0.12500000E+03  0.10000000E+01  0.00000000E+00
  0.25098515E+01  0.11830897E+01 -0.83258033E+00 -0.42939776E+00  0.10034780E+04  0.68955508E+04  0.12576698E+03  0.12575494E+03  0.10000000E+01  0.00000000E+00
  0.14155852E+01  0.10266454E+01 -0.14422448E+01  0.12325019E-01  0.10069727E+04  0.13969896E+05  0.12561582E+03  0.12560624E+03  0.10000000E+01  0.00000000E+00
  0.13527799E+01  0.13339725E+01 -0.18375400E+01  0.12195871E+01  0.10050388E+04  0.10036946E+05  0.12546356E+03  0.12546037E+03  0.10000000E+01  0.00000000E+00
  0.21859515E+01  0.16063629E+01  0.58535242E+00 -0.28120720E+00  0.99853967E+03 -0.28526143E+04  0.12531018E+03  0.12531038E+03  0.10000000E+01  0.00000000E+00
  0.95603800E+00  0.11135691E+01 -0.18855399E+01 -0.10933278E+01  0.10065063E+04  0.13017295E+05  0.12515567E+03  0.12515567E+03  0.10000000E+01  0.00000000E+00
  0.70972013E+00  0.81335449E+00  0.36396056E+00 -0.27505913E+01  0.10009150E+04  0.18002651E+04  0.12500000E+03  0.12500000E+03  0.10000000E+01  0.00000000E+00
  0.21300194E+01  0.14563911E+01 -0.16137073E+01 -0.23895659E+01  0.10002463E+04  0.48357108E+03  0.12576698E+03  0.12575644E+03  0.10000000E+01  0.00000000E+00
  0.24300177E+01  0.14739279E+01 -0.14076896E+01 -0.55851173E+00  0.10016107E+04  0.31756157E+04  0.12561582E+03  0.12561089E+03  0.10000000E+01  0.00000000E+00
  0.28086262E+01  0.98810768E+00 -0.57948095E+00 -0.25866181E+00  0.10044155E+04  0.87788408E+04  0.12546356E+03  0.12546005E+03  0.10000000E+01  0.00000000E+00
  0.24991124E+01  0.90387893E+00 -0.15375681E+01 -0.11146691E+00  0.98805060E+03 -0.22620848E+05  0.12531018E+03  0.12531018E+03  0.10000000E+01  0.00000000E+00
  0.29101634E+01  0.89786637E+00 -0.50844121E+00 -0.39985631E-01  0.10151368E+04  0.31081643E+05  0.12515567E+03  0.12515553E+03  0.10000000E+01  0.00000000E+00
  0.12376285E+01  0.17260380E+01 -0.22006645E+01 -0.98894954E+00  0.99168341E+03 -0.15915611E+05  0.12500000E+03  0.12500000E+03  0.10000000E+01  0.00000000E+00
  0.10803738E+01  0.86062133E+00 -0.19784617E+01 -0.43051365E+00  0.10004304E+04  0.84566333E+03  0.12576698E+03  0.12576566E+03  0.10000000E+01  0.00000000E+00
  0.24228210E+01  0.14740591E+01 -0.15039444E+01 -0.53539830E+00  0.10013447E+04  0.26489304E+04  0.12561582E+03  0.12561221E+03  0.10000000E+01  0.00000000E+00
  0.27446609E+01  0.84024405E+00  0.22313088E+00 -0.15480751E+00  0.10057855E+04  0.11550008E+05  0.12546356E+03  0.12546202E+03  0.10000000E+01  0.00000000E+00
  0.16148527E+01  0.97429991E+00  0.88743590E-01  0.88028121E+00  0.10115936E+04  0.23553215E+05  0.12531018E+03  0.12530890E+03  0.10000000E+01  0.00000000E+00
  0.16310458E+01  0.20515351E+01 -0.26946433E+01  0.11180533E+01  0.10050217E+04  0.10002236E+05  0.12515567E+03  0.12515567E+03  0.10000000E+01  0.00000000E+00
  0.18170040E+01  0.10232904E+01  0.30389482E+00  0.56201029E+00  0.10239266E+04  0.50451289E+05  0.12500000E+03  0.12500012E+03  0.10000000E+01  0.00000000E+00
  0.16261544E+01  0.17210066E+01 -0.64130902E+00 -0.28336561E+00  0.10062131E+04  0.12419864E+05  0.12561582E+03  0.12561399E+03  0.10000000E+01  0.00000000E+00
  0.28805952E+01  0.15242393E+01  0.10151485E+00 -0.13588305E+01  0.99336810E+03 -0.12755772E+05  0.12531018E+03  0.12531004E+03  0.10000000E+01  0.00000000E+00
  0.10829418E+01  0.19762635E+01  0.12353940E+01  0.23685994E+01  0.10097775E+04  0.19755262E+05  0.12500000E+03  0.12500000E+03  0.10000000E+01  0.00000000E+00
