  0.00000000E+00  0.00000000E+00  0.00000000E+00  0.00000000E+00  0.10014971E+04  0.29503975E+04  0.12500000E+03  0.25759449E-02  0.69999999E+00  0.99999707E+03
  0.00000000E+00  0.50000000E+00  0.00000000E+00  0.00000000E+00  0.10152507E+04  0.31326158E+05  0.12500000E+03  0.36337711E-02  0.69999999E+00  0.99999579E+03
  0.00000000E+00  0.10000000E+01  0.00000000E+00  0.00000000E+00  0.10067606E+04  0.13536367E+05  0.12500000E+03  0.39801113E-02  0.69999999E+00  0.99999542E+03
  0.00000000E+00  0.15000000E+01  0.00000000E+00  0.00000000E+00  0.10225647E+04  0.47384066E+05  0.12500000E+03  0.14119814E-02  0.69999999E+00  0.99999835E+03
  0.00000000E+00  0.20000000E+01  0.00000000E+00  0.00000000E+00  0.10198257E+04  0.41289539E+05  0.12500000E+03 -0.19377631E-02  0.69999999E+00  0.10000023E+04
  0.00000000E+00  0.25000000E+01  0.00000000E+00  0.00000000E+00  0.10034469E+04  0.68332266E+04  0.12500000E+03  0.51974104E-03  0.69999999E+00  0.99999939E+03
  0.00000000E+00  0.30000000E+01  0.00000000E+00  0.00000000E+00  0.10000026E+04  0.51455903E+01  0.12500000E+03  0.38292605E-04  0.69999999E+00  0.99999994E+03
  0.00000000E+00  0.35000000E+01  0.00000000E+00  0.00000000E+00  0.10000000E+04  0.00000000E+00  0.12500000E+03  0.00000000E+00  0.69999999E+00  0.10000000E+04
  0.00000000E+00  0.40000000E+01  0.00000000E+00  0.00000000E+00  0.10000000E+04  0.00000000E+00  0.12500000E+03  0.00000000E+00  0.69999999E+00  0.10000000E+04
 -0.25000000E+00 -0.25000000E+00  0.00000000E+00  0.00000000E+00  0.10006414E+04  0.12607445E+04  0.12500000E+03  0.52005530E-03  0.69999999E+00  0.99999939E+03
 -0.25000000E+00  0.25000000E+00  0.00000000E+00  0.00000000E+00  0.10006927E+04  0.13619546E+04  0.12500000E+03  0.11808444E-02  0.69999999E+00  0.99999866E+03
 -0.25000000E+00  0.75000000E+00  0.00000000E+00  0.00000000E+00  0.10029390E+04  0.58173813E+04  0.12500000E+03  0.58727770E-03  0.69999999E+00  0.99999933E+03
 -0.25000000E+00  0.12500000E+01  0.00000000E+00  0.00000000E+00  0.10014657E+04  0.28883359E+04  0.12500000E+03  0.12312580E-02  0.69999999E+00  0.99999860E+03
 -0.25000000E+00  0.17500000E+01  0.00000000E+00  0.00000000E+00  0.10012086E+04  0.23800129E+04  0.12500000E+03 -0.42083458E-03  0.69999999E+00  0.10000005E+04
 -0.25000000E+00  0.22500000E+01  0.00000000E+00  0.00000000E+00  0.10015139E+04  0.29839109E+04  0.12500000E+03 -0.18548567E-03  0.69999999E+00  0.10000002E+04
 -0.25000000E+00  0.27500000E+01  0.00000000E+00  0.00000000E+00  0.10000007E+04  0.14033347E+01  0.12500000E+03  0.17473474E-04  0.69999999E+00  0.10000000E+04
 -0.25000000E+00  0.32500000E+01  0.00000000E+00  0.00000000E+00  0.10000000E+04  0.00000000E+00  0.12500000E+03  0.78724948E-41  0.69999999E+00  0.10000000E+04
 -0.25000000E+00  0.37500000E+01  0.00000000E+00  0.00000000E+00  0.10000000E+04  0.00000000E+00  0.12500000E+03  0.00000000E+00  0.69999999E+00  0.10000000E+04
  0.80000000E+01  0.00000000E+00  0.00000000E+00  0.00000000E+00  0.10000000E+04  0.00000000E+00  0.12500000E+03  0.00000000E+00  0.69999999E+00  0.10000000E+04
  0.80000000E+01  0.50000000E+00  0.00000000E+00  0.00000000E+00  0.10000000E+04  0.00000000E+00  0.12500000E+03  0.00000000E+00  0.69999999E+00  0.10000000E+04
  0.80000000E+01  0.10000000E+01  0.00000000E+00  0.00000000E+00  0.10000000E+04  0.00000000E+00  0.12500000E+03  0.00000000E+00  0.69999999E+00  0.10000000E+04
  0.80000000E+01  0.15000000E+01  0.00000000E+00  0.00000000E+00  0.10000000E+04  0.00000000E+00  0.12500000E+03  0.00000000E+00  0.69999999E+00  0.10000000E+04
  0.80000000E+01  0.20000000E+01  0.00000000E+00  0.00000000E+00  0.10000000E+04  0.00000000E+00  0.12500000E+03  0.00000000E+00  0.69999999E+00  0.10000000E+04
  0.80000000E+01  0.25000000E+01  0.00000000E+00  0.00000000E+00  0.10000000E+04  0.00000000E+00  0.12500000E+03  0.00000000E+00  0.69999999E+00  0.10000000E+04
  0.80000000E+01  0.30000000E+01  0.00000000E+00  0.00000000E+00  0.10000000E+04  0.00000000E+00  0.12500000E+03  0.00000000E+00  0.69999999E+00  0.10000000E+04
  0.80000000E+01  0.35000000E+01  0.00000000E+00  0.00000000E+00  0.10000000E+04  0.00000000E+00  0.12500000E+03  0.00000000E+00  0.69999999E+00  0.10000000E+04
  0.80000000E+01  0.40000000E+01  0.00000000E+00  0.00000000E+00  0.10000000E+04  0.00000000E+00  0.12500000E+03  0.00000000E+00  0.69999999E+00  0.10000000E+04
  0.82500000E+01 -0.25000000E+00  0.00000000E+00  0.00000000E+00  0.10000000E+04  0.00000000E+00  0.12500000E+03  0.00000000E+00  0.69999999E+00  0.10000000E+04
  0.82500000E+01  0.25000000E+00  0.00000000E+00  0.00000000E+00  0.10000000E+04  0.00000000E+00  0.12500000E+03  0.00000000E+00  0.69999999E+00  0.10000000E+04
  0.82500000E+01  0.75000000E+00  0.00000000E+00  0.00000000E+00  0.10000000E+04  0.00000000E+00  0.12500000E+03  0.00000000E+00  0.69999999E+00  0.10000000E+04
  0.82500000E+01  0.12500000E+01  0.00000000E+00  0.00000000E+00  0.10000000E+04  0.00000000E+00  0.12500000E+03  0.00000000E+00  0.69999999E+00  0.10000000E+04
  0.82500000E+01  0.17500000E+01  0.00000000E+00  0.00000000E+00  0.10000000E+04  0.00000000E+00  0.12500000E+03  0.00000000E+00  0.69999999E+00  0.10000000E+04
  0.82500000E+01  0.22500000E+01  0.00000000E+00  0.00000000E+00  0.10000000E+04  0.00000000E+00  0.12500000E+03  0.00000000E+00  0.69999999E+00  0.10000000E+04
  0.82500000E+01  0.27500000E+01  0.00000000E+00  0.00000000E+00  0.10000000E+04  0.00000000E+00  0.12500000E+03  0.00000000E+00  0.69999999E+00  0.10000000E+04
  0.82500000E+01  0.32500000E+01  0.00000000E+00  0.00000000E+00  0.10000000E+04  0.00000000E+00  0.12500000E+03  0.00000000E+00  0.69999999E+00  0.10000000E+04
  0.82500000E+01  0.37500000E+01  0.00000000E+00  0.00000000E+00  0.10000000E+04  0.00000000E+00  0.12500000E+03  0.00000000E+00  0.69999999E+00  0.10000000E+04
  0.50000000E+00  0.00000000E+00  0.00000000E+00  0.00000000E+00  0.10503683E+04  0.11507384E+06  0.12500000E+03  0.13249604E-01  0.69999999E+00  0.99998407E+03
  0.10000000E+01  0.00000000E+00  0.00000000E+00  0.00000000E+00  0.10603809E+04  0.14222138E+06  0.12500000E+03  0.79729892E-02  0.69999999E+00  0.99999036E+03
  0.15000000E+01  0.00000000E+00  0.00000000E+00  0.00000000E+00  0.10291182E+04  0.62369793E+05  0.12500000E+03  0.23123678E-01  0.69999999E+00  0.99997278E+03
  0.20000000E+01  0.00000000E+00  0.00000000E+00  0.00000000E+00  0.11418293E+04  0.42898078E+06  0.12500000E+03  0.26661942E-01  0.69999999E+00  0.99996521E+03
  0.25000000E+01  0.00000000E+00  0.00000000E+00  0.00000000E+00  0.10394872E+04  0.87279805E+05  0.12500000E+03  0.86799525E-02  0.69999999E+00  0.99998969E+03
  0.30000000E+01  0.00000000E+00  0.00000000E+00  0.00000000E+00  0.10536987E+04  0.12393289E+06  0.12500000E+03  0.10336583E-01  0.69999999E+00  0.99998755E+03
  0.35000000E+01  0.00000000E+00  0.00000000E+00  0.00000000E+00  0.10060311E+04  0.12049395E+05  0.12500000E+03  0.43072784E-02  0.69999999E+00  0.99999506E+03
  0.40000000E+01  0.00000000E+00  0.00000000E+00  0.00000000E+00  0.10000137E+04  0.26898298E+02  0.12500000E+03 -0.68247195E-04  0.69999999E+00  0.10000001E+04
  0.45000000E+01  0.00000000E+00  0.00000000E+00  0.00000000E+00  0.10000000E+04  0.00000000E+00  0.12500000E+03  0.46457248E-39  0.69999999E+00  0.10000000E+04
  0.50000000E+01  0.00000000E+00  0.00000000E+00  0.00000000E+00  0.10000000E+04  0.00000000E+00  0.12500000E+03 -0.17600309E-41  0.69999999E+00  0.10000000E+04
  0.55000000E+01  0.00000000E+00  0.00000000E+00  0.00000000E+00  0.10000000E+04  0.00000000E+00  0.12500000E+03  0.00000000E+00  0.69999999E+00  0.10000000E+04
  0.60000000E+01  0.00000000E+00  0.00000000E+00  0.00000000E+00  0.10000000E+04  0.00000000E+00  0.12500000E+03  0.00000000E+00  0.69999999E+00  0.10000000E+04
  0.65000000E+01  0.00000000E+00  0.00000000E+00  0.00000000E+00  0.10000000E+04  0.00000000E+00  0.12500000E+03  0.00000000E+00  0.69999999E+00  0.10000000E+04
  0.70000000E+01  0.00000000E+00  0.00000000E+00  0.00000000E+00  0.10000000E+04  0.00000000E+00  0.12500000E+03  0.00000000E+00  0.69999999E+00  0.10000000E+04
  0.75000000E+01  0.00000000E+00  0.00000000E+00  0.00000000E+00  0.10000000E+04  0.00000000E+00  0.12500000E+03  0.00000000E+00  0.69999999E+00  0.10000000E+04
  0.25000000E+00 -0.25000000E+00  0.00000000E+00  0.00000000E+00  0.10057894E+04  0.11557998E+05  0.12500000E+03  0.34235748E-02  0.69999999E+00  0.99999609E+03
  0.75000000E+00 -0.25000000E+00  0.00000000E+00  0.00000000E+00  0.10267341E+04  0.56851664E+05  0.12500000E+03  0.94425939E-02  0.69999999E+00  0.99998889E+03
  0.12500000E+01 -0.25000000E+00  0.00000000E+00  0.00000000E+00  0.10087996E+04  0.17727232E+05  0.12500000E+03  0.75242762E-02  0.69999999E+00  0.99999133E+03
  0.17500000E+01 -0.25000000E+00  0.00000000E+00  0.00000000E+00  0.10152205E+04  0.31261107E+05  0.12500000E+03  0.11417637E-01  0.69999999E+00  0.99998676E+03
  0.22500000E+01 -0.25000000E+00  0.00000000E+00  0.00000000E+00  0.10010142E+04  0.19957542E+04  0.12500000E+03  0.11398332E-01  0.69999999E+00  0.99998694E+03
  0.27500000E+01 -0.25000000E+00  0.00000000E+00  0.00000000E+00  0.10055264E+04  0.11024274E+05  0.12500000E+03  0.56264540E-02  0.69999999E+00  0.99999353E+03
  0.32500000E+01 -0.25000000E+00  0.00000000E+00  0.00000000E+00  0.10020823E+04  0.41109414E+04  0.12500000E+03  0.39186100E-02  0.69999999E+00  0.99999548E+03
  0.37500000E+01 -0.25000000E+00  0.00000000E+00  0.00000000E+00  0.10000070E+04  0.13565822E+02  0.12500000E+03 -0.15635355E-03  0.69999999E+00  0.10000002E+04
  0.42500000E+01 -0.25000000E+00  0.00000000E+00  0.00000000E+00  0.10000000E+04  0.00000000E+00  0.12500000E+03 -0.17227475E-35  0.69999999E+00  0.10000000E+04
  0.47500000E+01 -0.25000000E+00  0.00000000E+00  0.00000000E+00  0.10000000E+04  0.00000000E+00  0.12500000E+03 -0.10607521E-38  0.69999999E+00  0.10000000E+04
  0.52500000E+01 -0.25000000E+00  0.00000000E+00  0.00000000E+00  0.10000000E+04  0.00000000E+00  0.12500000E+03  0.00000000E+00  0.69999999E+00  0.10000000E+04
  0.57500000E+01 -0.25000000E+00  0.00000000E+00  0.00000000E+00  0.10000000E+04  0.00000000E+00  0.12500000E+03  0.00000000E+00  0.69999999E+00  0.10000000E+04
  0.62500000E+01 -0.25000000E+00  0.00000000E+00  0.00000000E+00  0.10000000E+04  0.00000000E+00  0.12500000E+03  0.00000000E+00  0.69999999E+00  0.10000000E+04
  0.67500000E+01 -0.25000000E+00  0.00000000E+00  0.00000000E+00  0.10000000E+04  0.00000000E+00  0.12500000E+03  0.00000000E+00  0.69999999E+00  0.10000000E+04
  0.72500000E+01 -0.25000000E+00  0.00000000E+00  0.00000000E+00  0.10000000E+04  0.00000000E+00  0.12500000E+03  0.00000000E+00  0.69999999E+00  0.10000000E+04
  0.77500000E+01 -0.25000000E+00  0.00000000E+00  0.00000000E+00  0.10000000E+04  0.00000000E+00  0.12500000E+03  0.00000000E+00  0.69999999E+00  0.10000000E+04
  0.40000000E+01  0.50000000E+00  0.00000000E+00  0.00000000E+00  0.10004993E+04  0.98099390E+03  0.12500000E+03 -0.45666163E-03  0.69999999E+00  0.10000005E+04
  0.37500000E+01  0.25000000E+00  0.00000000E+00  0.00000000E+00  0.10036276E+04  0.71951553E+04  0.12500000E+03 -0.20347829E-02  0.69999999E+00  0.10000023E+04
  0.40000000E+01  0.10000000E+01  0.00000000E+00  0.00000000E+00  0.10007809E+04  0.15357988E+04  0.12500000E+03 -0.12804745E-03  0.69999999E+00  0.10000001E+04
  0.37500000E+01  0.75000000E+00  0.00000000E+00  0.00000000E+00  0.10337292E+04  0.73262328E+05  0.12500000E+03  0.10276029E-02  0.69999999E+00  0.99999878E+03
  0.40000000E+01  0.15000000E+01  0.00000000E+00  0.00000000E+00  0.10001498E+04  0.29389612E+03  0.12500000E+03  0.49386703E-03  0.69999999E+00  0.99999945E+03
  0.37500000E+01  0.12500000E+01  0.00000000E+00  0.00000000E+00  0.10226144E+04  0.47495586E+05  0.12500000E+03  0.12057873E-02  0.69999999E+00  0.99999860E+03
  0.40000000E+01  0.20000000E+01  0.00000000E+00  0.00000000E+00  0.10010588E+04  0.20840093E+04  0.12500000E+03  0.32792526E-03  0.69999999E+00  0.99999963E+03
  0.37500000E+01  0.17500000E+01  0.00000000E+00  0.00000000E+00  0.10234890E+04  0.49463078E+05  0.12500000E+03  0.23355798E-02  0.69999999E+00  0.99999725E+03
  0.45000000E+01  0.50000000E+00  0.00000000E+00  0.00000000E+00  0.10000000E+04  0.00000000E+00  0.12500000E+03  0.31250974E-38  0.69999999E+00  0.10000000E+04
  0.42500000E+01  0.25000000E+00  0.00000000E+00  0.00000000E+00  0.10000018E+04  0.35083482E+01  0.12500000E+03 -0.74084828E-05  0.69999999E+00  0.10000000E+04
  0.45000000E+01  0.10000000E+01  0.00000000E+00  0.00000000E+00  0.10000000E+04  0.00000000E+00  0.12500000E+03 -0.25783892E-41  0.69999999E+00  0.10000000E+04
  0.42500000E+01  0.75000000E+00  0.00000000E+00  0.00000000E+00  0.10000916E+04  0.17967581E+03  0.12500000E+03 -0.20551628E-04  0.69999999E+00  0.10000000E+04
  0.45000000E+01  0.15000000E+01  0.00000000E+00  0.00000000E+00  0.10000000E+04  0.00000000E+00  0.12500000E+03 -0.99604295E-41  0.69999999E+00  0.10000000E+04
  0.42500000E+01  0.12500000E+01  0.00000000E+00  0.00000000E+00  0.10000066E+04  0.12864128E+02  0.12500000E+03  0.64903998E-05  0.69999999E+00  0.10000000E+04
  0.45000000E+01  0.20000000E+01  0.00000000E+00  0.00000000E+00  0.10000000E+04  0.00000000E+00  0.12500000E+03  0.96353282E-41  0.69999999E+00  0.10000000E+04
  0.42500000E+01  0.17500000E+01  0.00000000E+00  0.00000000E+00  0.10000031E+04  0.60811610E+01  0.12500000E+03 -0.35628464E-05  0.69999999E+00  0.10000000E+04
  0.50000000E+01  0.50000000E+00  0.00000000E+00  0.00000000E+00  0.10000000E+04  0.00000000E+00  0.12500000E+03  0.16255062E-41  0.69999999E+00  0.10000000E+04
  0.47500000E+01  0.25000000E+00  0.00000000E+00  0.00000000E+00  0.10000000E+04  0.00000000E+00  0.12500000E+03  0.10489027E-38  0.69999999E+00  0.10000000E+04
  0.50000000E+01  0.10000000E+01  0.00000000E+00  0.00000000E+00  0.10000000E+04  0.00000000E+00  0.12500000E+03 -0.00000000E+00  0.69999999E+00  0.10000000E+04
  0.47500000E+01  0.75000000E+00  0.00000000E+00  0.00000000E+00  0.10000000E+04  0.00000000E+00  0.12500000E+03  0.17796490E-41  0.69999999E+00  0.10000000E+04
  0.50000000E+01  0.15000000E+01  0.00000000E+00  0.00000000E+00  0.10000000E+04  0.00000000E+00  0.12500000E+03 -0.71410170E-41  0.69999999E+00  0.10000000E+04
  0.47500000E+01  0.12500000E+01  0.00000000E+00  0.00000000E+00  0.10000000E+04  0.00000000E+00  0.12500000E+03 -0.69504404E-41  0.69999999E+00  0.10000000E+04
  0.50000000E+01  0.20000000E+01  0.00000000E+00  0.00000000E+00  0.10000000E+04  0.00000000E+00  0.12500000E+03  0.67682716E-41  0.69999999E+00  0.10000000E+04
  0.47500000E+01  0.17500000E+01  0.00000000E+00  0.00000000E+00  0.10000000E+04  0.00000000E+00  0.12500000E+03 -0.00000000E+00  0.69999999E+00  0.10000000E+04
  0.27647889E+01  0.85961747E+00  0.40794170E+00  0.55115193E+00  0.10021860E+04  0.43170439E+04  0.12576698E+03  0.12576656E+03  0.10000000E+01  0.00000000E+00
  0.85185277E+00  0.13101715E+01  0.38742220E+00  0.55936664E+00  0.99904016E+03 -0.18777405E+04  0.12561582E+03  0.12561256E+03  0.10000000E+01  0.00000000E+00
  0.17386920E+01  0.93633866E+00  0.45769012E+00  0.98957069E-01  0.10039700E+04  0.78825791E+04  0.12546356E+03  0.12546323E+03  0.10000000E+01  0.00000000E+00
  0.24561408E+01  0.17680399E+01  0.20223575E+01  0.70848131E+00  0.99952081E+03 -0.93876501E+03  0.12531018E+03  0.12531027E+03  0.10000000E+01  0.00000000E+00
  0.28021312E+01  0.15574802E+01  0.10399111E+00  0.92459059E+00  0.10050771E+04  0.10114332E+05  0.12515567E+03  0.12515567E+03  0.10000000E+01  0.00000000E+00
  0.25643911E+01  0.17335010E+01  0.12911301E+01  0.81318128E+00  0.10001179E+04  0.23139769E+03  0.12500000E+03  0.12500000E+03  0.10000000E+01  0.00000000E+00
  0.27968559E+01  0.92600048E+00 -0.34149432E+00  0.83023869E-01  0.10023416E+04  0.46264375E+04  0.12576698E+03  0.12575461E+03  0.10000000E+01  0.00000000E+00
  0.87163794E+00  0.96889448E+00  0.41070342E+00 -0.95184630E+00  0.99681775E+03 -0.61842500E+04  0.12561582E+03  0.12560624E+03  0.10000000E+01  0.00000000E+00
  0.95857096E+00  0.91025186E+00 -0.79036778E+00 -0.12771674E-01  0.99700049E+03 -0.58322969E+04  0.12546356E+03  0.12546037E+03  0.10000000E+01  0.00000000E+00
  0.28523834E+01  0.12213281E+01  0.24803832E+00 -0.23311114E+00  0.10018433E+04  0.36364448E+04  0.12531018E+03  0.12531038E+03  0.10000000E+01  0.00000000E+00
  0.12207953E+01  0.88593173E+00  0.17659107E+00 -0.27755052E+00  0.99867480E+03 -0.25897092E+04  0.12515567E+03  0.12515535E+03  0.10000000E+01  0.00000000E+00
  0.71711159E+00  0.83925807E+00 -0.78674871E+00  0.15589347E+00  0.10031551E+04  0.62492329E+04  0.12500000E+03  0.12500000E+03  0.10000000E+01  0.00000000E+00
  0.21318824E+01  0.10113372E+01 -0.81986293E-01  0.17713401E+00  0.10049866E+04  0.99311416E+04  0.12576698E+03  0.12575644E+03  0.10000000E+01  0.00000000E+00
  0.27568204E+01  0.88032389E+00 -0.20720553E+00  0.32692215E+00  0.10024473E+04  0.48368950E+04  0.12561582E+03  0.12561059E+03  0.10000000E+01  0.00000000E+00
  0.27229037E+01  0.14257485E+01  0.35753825E+00  0.41024622E+00  0.10021960E+04  0.43371870E+04  0.12546356E+03  0.12546005E+03  0.10000000E+01  0.00000000E+00
  0.16482446E+01  0.90590298E+00 -0.64259470E+00 -0.66186452E+00  0.10041578E+04  0.82600273E+04  0.12531018E+03  0.12531018E+03  0.10000000E+01  0.00000000E+00
  0.29061222E+01  0.79152417E+00 -0.75966674E+00 -0.49500281E+00  0.10022544E+04  0.44530942E+04  0.12515567E+03  0.12515553E+03  0.10000000E+01  0.00000000E+00
  0.10471828E+01  0.15247865E+01  0.25830973E-01  0.53986144E+00  0.99854645E+03 -0.28395146E+04  0.12500000E+03  0.12500612E+03  0.10000000E+01  0.00000000E+00
  0.88059485E+00  0.14235815E+01  0.11572953E-01  0.35659546E+00  0.99920422E+03 -0.15576011E+04  0.12576698E+03  0.12576566E+03  0.10000000E+01  0.00000000E+00
  0.24777827E+01  0.98477209E+00 -0.87354898E+00  0.10206478E+01  0.99883838E+03 -0.22712007E+04  0.12561582E+03  0.12561228E+03  0.10000000E+01  0.00000000E+00
  0.16443968E+01  0.11900344E+01 -0.42980367E+00 -0.23846403E+00  0.10078240E+04  0.15715865E+05  0.12546356E+03  0.12546202E+03  0.10000000E+01  0.00000000E+00
  0.22580087E+01  0.95394826E+00  0.30207476E+00 -0.46328175E+00  0.10034933E+04  0.69261201E+04  0.12531018E+03  0.12530890E+03  0.10000000E+01  0.00000000E+00
  0.20398259E+01  0.17662914E+01  0.93419957E+00 -0.98756194E+00  0.10043061E+04  0.85584521E+04  0.12515567E+03  0.12515567E+03  0.10000000E+01  0.00000000E+00
  0.15029783E+01  0.84753835E+00  0.38326077E-01 -0.22313374E+00  0.10041469E+04  0.82379688E+04  0.12500000E+03  0.12500012E+03  0.10000000E+01  0.00000000E+00
  0.10612473E+01  0.15245430E+01  0.40746772E+00  0.47499597E+00  0.99885785E+03 -0.22332234E+04  0.12561582E+03  0.12560780E+03  0.10000000E+01  0.00000000E+00
  0.18200043E+01  0.16794498E+01  0.23110595E+00 -0.15644696E+01  0.10080471E+04  0.16174725E+05  0.12531018E+03  0.12531004E+03  0.10000000E+01  0.00000000E+00
  0.21350205E+01  0.20221040E+01  0.37109143E+00 -0.74605745E+00  0.10004799E+04  0.94275793E+03  0.12500000E+03  0.12500000E+03  0.10000000E+01  0.00000000E+00
