  0.00000000E+00  0.00000000E+00  0.00000000E+00  0.00000000E+00  0.10004708E+04  0.92516620E+03  0.12500000E+03  0.21283978E-02  0.69999999E+00  0.99999756E+03
  0.00000000E+00  0.50000000E+00  0.00000000E+00  0.00000000E+00  0.10081379E+04  0.16361778E+05  0.12500000E+03  0.21286593E-02  0.69999999E+00  0.99999756E+03
  0.00000000E+00  0.10000000E+01  0.00000000E+00  0.00000000E+00  0.10133352E+04  0.27233990E+05  0.12500000E+03  0.29268975E-02  0.69999999E+00  0.99999658E+03
  0.00000000E+00  0.15000000E+01  0.00000000E+00  0.00000000E+00  0.10129589E+04  0.26435410E+05  0.12500000E+03  0.10264032E-02  0.69999999E+00  0.99999884E+03
  0.00000000E+00  0.20000000E+01  0.00000000E+00  0.00000000E+00  0.10192166E+04  0.39947367E+05  0.12500000E+03 -0.10901073E-02  0.69999999E+00  0.10000013E+04
  0.00000000E+00  0.25000000E+01  0.00000000E+00  0.00000000E+00  0.10030736E+04  0.60862402E+04  0.12500000E+03  0.33384672E-03  0.69999999E+00  0.99999963E+03
  0.00000000E+00  0.30000000E+01  0.00000000E+00  0.00000000E+00  0.10000000E+04  0.00000000E+00  0.12500000E+03  0.60528782E-05  0.69999999E+00  0.10000000E+04
  0.00000000E+00  0.35000000E+01  0.00000000E+00  0.00000000E+00  0.10000000E+04  0.00000000E+00  0.12500000E+03  0.00000000E+00  0.69999999E+00  0.10000000E+04
  0.00000000E+00  0.40000000E+01  0.00000000E+00  0.00000000E+00  0.10000000E+04  0.00000000E+00  0.12500000E+03  0.00000000E+00  0.69999999E+00  0.10000000E+04
 -0.25000000E+00 -0.25000000E+00  0.00000000E+00  0.00000000E+00  0.10006414E+04  0.12607445E+04  0.12500000E+03  0.52005530E-03  0.69999999E+00  0.99999939E+03
 -0.25000000E+00  0.25000000E+00  0.00000000E+00  0.00000000E+00  0.10007986E+04  0.15705786E+04  0.12500000E+03  0.89028798E-03  0.69999999E+00  0.99999896E+03
 -0.25000000E+00  0.75000000E+00  0.00000000E+00  0.00000000E+00  0.10079564E+04  0.15988018E+05  0.12500000E+03  0.20482126E-03  0.69999999E+00  0.99999976E+03
 -0.25000000E+00  0.12500000E+01  0.00000000E+00  0.00000000E+00  0.10038459E+04  0.76333359E+04  0.12500000E+03  0.94085437E-03  0.69999999E+00  0.99999890E+03
 -0.25000000E+00  0.17500000E+01  0.00000000E+00  0.00000000E+00  0.10011904E+04  0.23439695E+04  0.12500000E+03 -0.26644644E-03  0.69999999E+00  0.10000003E+04
 -0.25000000E+00  0.22500000E+01  0.00000000E+00  0.00000000E+00  0.10012462E+04  0.24542319E+04  0.12500000E+03 -0.15003496E-03  0.69999999E+00  0.10000002E+04
 -0.25000000E+00  0.27500000E+01  0.00000000E+00  0.00000000E+00  0.10000000E+04  0.00000000E+00  0.12500000E+03  0.00000000E+00  0.69999999E+00  0.10000000E+04
 -0.25000000E+00  0.32500000E+01  0.00000000E+00  0.00000000E+00  0.10000000E+04  0.00000000E+00  0.12500000E+03  0.00000000E+00  0.69999999E+00  0.10000000E+04
 -0.25000000E+00  0.37500000E+01  0.00000000E+00  0.00000000E+00  0.10000000E+04  0.00000000E+00  0.12500000E+03  0.00000000E+00  0.69999999E+00  0.10000000E+04
  0.80000000E+01  0.00000000E+00  0.00000000E+00  0.00000000E+00  0.10000000E+04  0.00000000E+00  0.12500000E+03  0.00000000E+00  0.69999999E+00  0.10000000E+04
  0.80000000E+01  0.50000000E+00  0.00000000E+00  0.00000000E+00  0.10000000E+04  0.00000000E+00  0.12500000E+03  0.00000000E+00  0.69999999E+00  0.10000000E+04
  0.80000000E+01  0.10000000E+01  0.00000000E+00  0.00000000E+00  0.10000000E+04  0.00000000E+00  0.12500000E+03  0.00000000E+00  0.69999999E+00  0.10000000E+04
  0.80000000E+01  0.15000000E+01  0.00000000E+00  0.00000000E+00  0.10000000E+04  0.00000000E+00  0.12500000E+03  0.00000000E+00  0.69999999E+00  0.10000000E+04
  0.80000000E+01  0.20000000E+01  0.00000000E+00  0.00000000E+00  0.10000000E+04  0.00000000E+00  0.12500000E+03  0.00000000E+00  0.69999999E+00  0.10000000E+04
  0.80000000E+01  0.25000000E+01  0.00000000E+00  0.00000000E+00  0.10000000E+04  0.00000000E+00  0.12500000E+03  0.00000000E+00  0.69999999E+00  0.10000000E+04
  0.80000000E+01  0.30000000E+01  0.00000000E+00  0.00000000E+00  0.10000000E+04  0.00000000E+00  0.12500000E+03  0.00000000E+00  0.69999999E+00  0.10000000E+04
  0.80000000E+01  0.35000000E+01  0.00000000E+00  0.00000000E+00  0.10000000E+04  0.00000000E+00  0.12500000E+03  0.00000000E+00  0.69999999E+00  0.10000000E+04
  0.80000000E+01  0.40000000E+01  0.00000000E+00  0.00000000E+00  0.10000000E+04  0.00000000E+00  0.12500000E+03  0.00000000E+00  0.69999999E+00  0.10000000E+04
  0.82500000E+01 -0.25000000E+00  0.00000000E+00  0.00000000E+00  0.10000000E+04  0.00000000E+00  0.12500000E+03  0.00000000E+00  0.69999999E+00  0.10000000E+04
  0.82500000E+01  0.25000000E+00  0.00000000E+00  0.00000000E+00  0.10000000E+04  0.00000000E+00  0.12500000E+03  0.00000000E+00  0.69999999E+00  0.10000000E+04
  0.82500000E+01  0.75000000E+00  0.00000000E+00  0.00000000E+00  0.10000000E+04  0.00000000E+00  0.12500000E+03  0.00000000E+00  0.69999999E+00  0.10000000E+04
  0.82500000E+01  0.12500000E+01  0.00000000E+00  0.00000000E+00  0.10000000E+04  0.00000000E+00  0.12500000E+03  0.00000000E+00  0.69999999E+00  0.10000000E+04
  0.82500000E+01  0.17500000E+01  0.00000000E+00  0.00000000E+00  0.10000000E+04  0.00000000E+00  0.12500000E+03  0.00000000E+00  0.69999999E+00  0.10000000E+04
  0.82500000E+01  0.22500000E+01  0.00000000E+00  0.00000000E+00  0.10000000E+04  0.00000000E+00  0.12500000E+03  0.00000000E+00  0.69999999E+00  0.10000000E+04
  0.82500000E+01  0.27500000E+01  0.00000000E+00  0.00000000E+00  0.10000000E+04  0.00000000E+00  0.12500000E+03  0.00000000E+00  0.69999999E+00  0.10000000E+04
  0.82500000E+01  0.32500000E+01  0.00000000E+00  0.00000000E+00  0.10000000E+04  0.00000000E+00  0.12500000E+03  0.00000000E+00  0.69999999E+00  0.10000000E+04
  0.82500000E+01  0.37500000E+01  0.00000000E+00  0.00000000E+00  0.10000000E+04  0.00000000E+00  0.12500000E+03  0.00000000E+00  0.69999999E+00  0.10000000E+04
  0.50000000E+00  0.00000000E+00  0.00000000E+00  0.00000000E+00  0.10225349E+04  0.47317488E+05  0.12500000E+03  0.10427775E-01  0.69999999E+00  0.99998779E+03
  0.10000000E+01  0.00000000E+00  0.00000000E+00  0.00000000E+00  0.10437422E+04  0.97942227E+05  0.12500000E+03  0.52731517E-02  0.69999999E+00  0.99999371E+03
  0.15000000E+01  0.00000000E+00  0.00000000E+00  0.00000000E+00  0.10340264E+04  0.73974438E+05  0.12500000E+03  0.18671483E-01  0.69999999E+00  0.99997797E+03
  0.20000000E+01  0.00000000E+00  0.00000000E+00  0.00000000E+00  0.11512104E+04  0.47079044E+06  0.12500000E+03  0.21124659E-01  0.69999999E+00  0.99997223E+03
  0.25000000E+01  0.00000000E+00  0.00000000E+00  0.00000000E+00  0.10459249E+04  0.10351386E+06  0.12500000E+03  0.44731912E-02  0.69999999E+00  0.99999463E+03
  0.30000000E+01  0.00000000E+00  0.00000000E+00  0.00000000E+00  0.10438813E+04  0.98295258E+05  0.12500000E+03  0.61683413E-02  0.69999999E+00  0.99999261E+03
  0.35000000E+01  0.00000000E+00  0.00000000E+00  0.00000000E+00  0.10075437E+04  0.15139905E+05  0.12500000E+03  0.23660122E-02  0.69999999E+00  0.99999725E+03
  0.40000000E+01  0.00000000E+00  0.00000000E+00  0.00000000E+00  0.10000137E+04  0.26898298E+02  0.12500000E+03 -0.68247195E-04  0.69999999E+00  0.10000001E+04
  0.45000000E+01  0.00000000E+00  0.00000000E+00  0.00000000E+00  0.10000000E+04  0.00000000E+00  0.12500000E+03  0.54958926E-41  0.69999999E+00  0.10000000E+04
  0.50000000E+01  0.00000000E+00  0.00000000E+00  0.00000000E+00  0.10000000E+04  0.00000000E+00  0.12500000E+03 -0.00000000E+00  0.69999999E+00  0.10000000E+04
  0.55000000E+01  0.00000000E+00  0.00000000E+00  0.00000000E+00  0.10000000E+04  0.00000000E+00  0.12500000E+03  0.00000000E+00  0.69999999E+00  0.10000000E+04
  0.60000000E+01  0.00000000E+00  0.00000000E+00  0.00000000E+00  0.10000000E+04  0.00000000E+00  0.12500000E+03  0.00000000E+00  0.69999999E+00  0.10000000E+04
  0.65000000E+01  0.00000000E+00  0.00000000E+00  0.00000000E+00  0.10000000E+04  0.00000000E+00  0.12500000E+03  0.00000000E+00  0.69999999E+00  0.10000000E+04
  0.70000000E+01  0.00000000E+00  0.00000000E+00  0.00000000E+00  0.10000000E+04  0.00000000E+00  0.12500000E+03  0.00000000E+00  0.69999999E+00  0.10000000E+04
  0.75000000E+01  0.00000000E+00  0.00000000E+00  0.00000000E+00  0.10000000E+04  0.00000000E+00  0.12500000E+03  0.00000000E+00  0.69999999E+00  0.10000000E+04
  0.25000000E+00 -0.25000000E+00  0.00000000E+00  0.00000000E+00  0.10053198E+04  0.10605576E+05  0.12500000E+03  0.29843189E-02  0.69999999E+00  0.99999658E+03
  0.75000000E+00 -0.25000000E+00  0.00000000E+00  0.00000000E+00  0.10233839E+04  0.49226027E+05  0.12500000E+03  0.76626134E-02  0.69999999E+00  0.99999103E+03
  0.12500000E+01 -0.25000000E+00  0.00000000E+00  0.00000000E+00  0.10111697E+04  0.22663068E+05  0.12500000E+03  0.61209882E-02  0.69999999E+00  0.99999292E+03
  0.17500000E+01 -0.25000000E+00  0.00000000E+00  0.00000000E+00  0.10163424E+04  0.33679312E+05  0.12500000E+03  0.94352234E-02  0.69999999E+00  0.99998901E+03
  0.22500000E+01 -0.25000000E+00  0.00000000E+00  0.00000000E+00  0.10024199E+04  0.47825479E+04  0.12500000E+03  0.88655688E-02  0.69999999E+00  0.99998987E+03
  0.27500000E+01 -0.25000000E+00  0.00000000E+00  0.00000000E+00  0.10056102E+04  0.11194269E+05  0.12500000E+03  0.29767349E-02  0.69999999E+00  0.99999658E+03
  0.32500000E+01 -0.25000000E+00  0.00000000E+00  0.00000000E+00  0.10008555E+04  0.16826982E+04  0.12500000E+03  0.22822823E-02  0.69999999E+00  0.99999738E+03
  0.37500000E+01 -0.25000000E+00  0.00000000E+00  0.00000000E+00  0.10000070E+04  0.13565822E+02  0.12500000E+03 -0.15635355E-03  0.69999999E+00  0.10000002E+04
  0.42500000E+01 -0.25000000E+00  0.00000000E+00  0.00000000E+00  0.10000000E+04  0.00000000E+00  0.12500000E+03 -0.16757969E-37  0.69999999E+00  0.10000000E+04
  0.47500000E+01 -0.25000000E+00  0.00000000E+00  0.00000000E+00  0.10000000E+04  0.00000000E+00  0.12500000E+03 -0.58546250E-41  0.69999999E+00  0.10000000E+04
  0.52500000E+01 -0.25000000E+00  0.00000000E+00  0.00000000E+00  0.10000000E+04  0.00000000E+00  0.12500000E+03  0.00000000E+00  0.69999999E+00  0.10000000E+04
  0.57500000E+01 -0.25000000E+00  0.00000000E+00  0.00000000E+00  0.10000000E+04  0.00000000E+00  0.12500000E+03  0.00000000E+00  0.69999999E+00  0.10000000E+04
  0.62500000E+01 -0.25000000E+00  0.00000000E+00  0.00000000E+00  0.10000000E+04  0.00000000E+00  0.12500000E+03  0.00000000E+00  0.69999999E+00  0.10000000E+04
  0.67500000E+01 -0.25000000E+00  0.00000000E+00  0.00000000E+00  0.10000000E+04  0.00000000E+00  0.12500000E+03  0.00000000E+00  0.69999999E+00  0.10000000E+04
  0.72500000E+01 -0.25000000E+00  0.00000000E+00  0.00000000E+00  0.10000000E+04  0.00000000E+00  0.12500000E+03  0.00000000E+00  0.69999999E+00  0.10000000E+04
  0.77500000E+01 -0.25000000E+00  0.00000000E+00  0.00000000E+00  0.10000000E+04  0.00000000E+00  0.12500000E+03  0.00000000E+00  0.69999999E+00  0.10000000E+04
  0.40000000E+01  0.50000000E+00  0.00000000E+00  0.00000000E+00  0.10024200E+04  0.47827852E+04  0.12500000E+03 -0.22223195E-03  0.69999999E+00  0.10000002E+04
  0.37500000E+01  0.25000000E+00  0.00000000E+00  0.00000000E+00  0.10084468E+04  0.16998566E+05  0.12500000E+03 -0.10347618E-02  0.69999999E+00  0.10000012E+04
  0.40000000E+01  0.10000000E+01  0.00000000E+00  0.00000000E+00  0.10065554E+04  0.13117495E+05  0.12500000E+03 -0.85355437E-04  0.69999999E+00  0.10000001E+04
  0.37500000E+01  0.75000000E+00  0.00000000E+00  0.00000000E+00  0.10709050E+04  0.17246330E+06  0.12500000E+03  0.78654115E-03  0.69999999E+00  0.99999902E+03
  0.40000000E+01  0.15000000E+01  0.00000000E+00  0.00000000E+00  0.10016339E+04  0.32214336E+04  0.12500000E+03  0.25957858E-03  0.69999999E+00  0.99999969E+03
  0.37500000E+01  0.12500000E+01  0.00000000E+00  0.00000000E+00  0.10661576E+04  0.15859930E+06  0.12500000E+03  0.56741392E-03  0.69999999E+00  0.99999933E+03
  0.40000000E+01  0.20000000E+01  0.00000000E+00  0.00000000E+00  0.10001772E+04  0.34797739E+03  0.12500000E+03  0.22845001E-03  0.69999999E+00  0.99999976E+03
  0.37500000E+01  0.17500000E+01  0.00000000E+00  0.00000000E+00  0.10309143E+04  0.66578047E+05  0.12500000E+03  0.12651049E-02  0.69999999E+00  0.99999854E+03
  0.45000000E+01  0.50000000E+00  0.00000000E+00  0.00000000E+00  0.10000000E+04  0.00000000E+00  0.12500000E+03  0.17824516E-40  0.69999999E+00  0.10000000E+04
  0.42500000E+01  0.25000000E+00  0.00000000E+00  0.00000000E+00  0.10000018E+04  0.35083482E+01  0.12500000E+03 -0.74084828E-05  0.69999999E+00  0.10000000E+04
  0.45000000E+01  0.10000000E+01  0.00000000E+00  0.00000000E+00  0.10000000E+04  0.00000000E+00  0.12500000E+03 -0.00000000E+00  0.69999999E+00  0.10000000E+04
  0.42500000E+01  0.75000000E+00  0.00000000E+00  0.00000000E+00  0.10000944E+04  0.18529227E+03  0.12500000E+03 -0.86568143E-05  0.69999999E+00  0.10000000E+04
  0.45000000E+01  0.15000000E+01  0.00000000E+00  0.00000000E+00  0.10000000E+04  0.00000000E+00  0.12500000E+03  0.00000000E+00  0.69999999E+00  0.10000000E+04
  0.42500000E+01  0.12500000E+01  0.00000000E+00  0.00000000E+00  0.10000066E+04  0.12864128E+02  0.12500000E+03  0.34267537E-05  0.69999999E+00  0.10000000E+04
  0.45000000E+01  0.20000000E+01  0.00000000E+00  0.00000000E+00  0.10000000E+04  0.00000000E+00  0.12500000E+03  0.00000000E+00  0.69999999E+00  0.10000000E+04
  0.42500000E+01  0.17500000E+01  0.00000000E+00  0.00000000E+00  0.10000031E+04  0.60811610E+01  0.12500000E+03  0.28991612E-05  0.69999999E+00  0.10000000E+04
  0.50000000E+01  0.50000000E+00  0.00000000E+00  0.00000000E+00  0.10000000E+04  0.00000000E+00  0.12500000E+03  0.00000000E+00  0.69999999E+00  0.10000000E+04
  0.47500000E+01  0.25000000E+00  0.00000000E+00  0.00000000E+00  0.10000000E+04  0.00000000E+00  0.12500000E+03  0.57845601E-41  0.69999999E+00  0.10000000E+04
  0.50000000E+01  0.10000000E+01  0.00000000E+00  0.00000000E+00  0.10000000E+04  0.00000000E+00  0.12500000E+03  0.00000000E+00  0.69999999E+00  0.10000000E+04
  0.47500000E+01  0.75000000E+00  0.00000000E+00  0.00000000E+00  0.10000000E+04  0.00000000E+00  0.12500000E+03  0.00000000E+00  0.69999999E+00  0.10000000E+04
  0.50000000E+01  0.15000000E+01  0.00000000E+00  0.00000000E+00  0.10000000E+04  0.00000000E+00  0.12500000E+03 -0.00000000E+00  0.69999999E+00  0.10000000E+04
  0.47500000E+01  0.12500000E+01  0.00000000E+00  0.00000000E+00  0.10000000E+04  0.00000000E+00  0.12500000E+03 -0.00000000E+00  0.69999999E+00  0.10000000E+04
  0.50000000E+01  0.20000000E+01  0.00000000E+00  0.00000000E+00  0.10000000E+04  0.00000000E+00  0.12500000E+03  0.00000000E+00  0.69999999E+00  0.10000000E+04
  0.47500000E+01  0.17500000E+01  0.00000000E+00  0.00000000E+00  0.10000000E+04  0.00000000E+00  0.12500000E+03  0.00000000E+00  0.69999999E+00  0.10000000E+04
  0.27829382E+01  0.94996393E+00  0.24529490E+00 -0.34339237E+00  0.99974207E+03 -0.50562671E+03  0.12576698E+03  0.12576674E+03  0.10000000E+01  0.00000000E+00
  0.14068128E+01  0.10491112E+01  0.39445418E+00 -0.12480885E+00  0.99663599E+03 -0.65339824E+04  0.12561582E+03  0.12561256E+03  0.10000000E+01  0.00000000E+00
  0.13500831E+01  0.15334347E+01  0.16645694E+01 -0.99091035E+00  0.99397900E+03 -0.11601992E+05  0.12546356E+03  0.12546333E+03  0.10000000E+01  0.00000000E+00
  0.18803087E+01  0.15657724E+01  0.19488463E+01 -0.24112093E+00  0.10163103E+04  0.33609977E+05  0.12531018E+03  0.12531027E+03  0.10000000E+01  0.00000000E+00
  0.24059162E+01  0.15835744E+01  0.12099284E+01  0.39346927E+00  0.98958881E+03 -0.19799734E+05  0.12515567E+03  0.12515567E+03  0.10000000E+01  0.00000000E+00
  0.28946514E+01  0.14497025E+01  0.84052813E+00 -0.77177954E+00  0.10000513E+04  0.10058758E+03  0.12500000E+03  0.12500000E+03  0.10000000E+01  0.00000000E+00
  0.26437488E+01  0.89216983E+00  0.16351636E+00 -0.38622350E+00  0.99758844E+03 -0.46973569E+04  0.12576698E+03  0.12575494E+03  0.10000000E+01  0.00000000E+00
  0.11708976E+01  0.10176878E+01 -0.67664243E-01 -0.11303718E+00  0.99658142E+03 -0.66388276E+04  0.12561582E+03  0.12560624E+03  0.10000000E+01  0.00000000E+00
  0.10849490E+01  0.13615682E+01  0.12434217E+00 -0.10450795E+01  0.10000256E+04  0.50289921E+02  0.12546356E+03  0.12546037E+03  0.10000000E+01  0.00000000E+00
  0.24807298E+01  0.13148903E+01  0.31407866E+00  0.15306737E+00  0.10011130E+04  0.21911238E+04  0.12531018E+03  0.12531038E+03  0.10000000E+01  0.00000000E+00
  0.10965179E+01  0.94483542E+00  0.62989914E+00 -0.15630552E+00  0.99968787E+03 -0.61186414E+03  0.12515567E+03  0.12515567E+03  0.10000000E+01  0.00000000E+00
  0.71779859E+00  0.97062731E+00  0.47243342E+00  0.26449883E+00  0.10079938E+04  0.16065043E+05  0.12500000E+03  0.12500000E+03  0.10000000E+01  0.00000000E+00
  0.20145476E+01  0.96785021E+00  0.34983158E+00 -0.43379432E+00  0.10083311E+04  0.16759787E+05  0.12576698E+03  0.12575644E+03  0.10000000E+01  0.00000000E+00
  0.24275954E+01  0.89380980E+00  0.10146196E+01 -0.45964664E+00  0.10052930E+04  0.10551254E+05  0.12561582E+03  0.12561089E+03  0.10000000E+01  0.00000000E+00
  0.27806373E+01  0.75837696E+00  0.10552475E+01  0.24138582E+00  0.10025663E+04  0.50740864E+04  0.12546356E+03  0.12546005E+03  0.10000000E+01  0.00000000E+00
  0.21006448E+01  0.11736947E+01  0.17359935E+00  0.18565767E+01  0.98362402E+03 -0.30593555E+05  0.12531018E+03  0.12531018E+03  0.10000000E+01  0.00000000E+00
  0.29796724E+01  0.83585811E+00 -0.27947899E-01 -0.10384220E-01  0.10143629E+04  0.29423551E+05  0.12515567E+03  0.12515553E+03  0.10000000E+01  0.00000000E+00
  0.14878922E+01  0.16999490E+01  0.15133207E+01 -0.18122015E+01  0.99821906E+03 -0.34755659E+04  0.12500000E+03  0.12499989E+03  0.10000000E+01  0.00000000E+00
  0.91779733E+00  0.10626625E+01  0.27638227E+00  0.36719692E+00  0.99901013E+03 -0.19363365E+04  0.12576698E+03  0.12576566E+03  0.10000000E+01  0.00000000E+00
  0.24017224E+01  0.88955867E+00  0.67053843E+00 -0.25796348E+00  0.10051591E+04  0.10280011E+05  0.12561582E+03  0.12561221E+03  0.10000000E+01  0.00000000E+00
  0.29033065E+01  0.12309775E+01 -0.89526731E+00  0.18385019E+01  0.10027953E+04  0.55306621E+04  0.12546356E+03  0.12546202E+03  0.10000000E+01  0.00000000E+00
  0.19027770E+01  0.10022068E+01  0.10017345E+01 -0.11082846E+01  0.10028694E+04  0.56783926E+04  0.12531018E+03  0.12530890E+03  0.10000000E+01  0.00000000E+00
  0.99353647E+00  0.16793892E+01  0.49241319E+00 -0.11206250E+01  0.10038447E+04  0.76309429E+04  0.12515567E+03  0.12515567E+03  0.10000000E+01  0.00000000E+00
  0.13985977E+01  0.81629372E+00  0.12554936E+01  0.23288995E+00  0.10139138E+04  0.28465312E+05  0.12500000E+03  0.12500012E+03  0.10000000E+01  0.00000000E+00
  0.14020953E+01  0.16778715E+01 -0.82046235E+00 -0.10851604E+01  0.99752850E+03 -0.48132900E+04  0.12561582E+03  0.12561399E+03  0.10000000E+01  0.00000000E+00
  0.26661510E+01  0.18006468E+01 -0.10817827E+01  0.11744907E+01  0.10015710E+04  0.30969844E+04  0.12531018E+03  0.12531004E+03  0.10000000E+01  0.00000000E+00
  0.25086267E+01  0.19343300E+01  0.22760458E+01  0.10699664E+01  0.10021736E+04  0.42926362E+04  0.12500000E+03  0.12500000E+03  0.10000000E+01  0.00000000E+00
