  0.00000000E+00  0.00000000E+00  0.00000000E+00  0.00000000E+00  0.10012451E+04  0.24521113E+04  0.12500000E+03  0.19179857E-02  0.69999999E+00  0.99999780E+03
  0.00000000E+00  0.50000000E+00  0.00000000E+00  0.00000000E+00  0.10117328E+04  0.23846080E+05  0.12500000E+03  0.14510043E-02  0.69999999E+00  0.99999835E+03
  0.00000000E+00  0.10000000E+01  0.00000000E+00  0.00000000E+00  0.10378724E+04  0.83301672E+05  0.12500000E+03  0.23804118E-02  0.69999999E+00  0.99999719E+03
  0.00000000E+00  0.15000000E+01  0.00000000E+00  0.00000000E+00  0.10562679E+04  0.13088271E+06  0.12500000E+03  0.88902935E-03  0.69999999E+00  0.99999890E+03
  0.00000000E+00  0.20000000E+01  0.00000000E+00  0.00000000E+00  0.10169281E+04  0.34947980E+05  0.12500000E+03 -0.68926532E-03  0.69999999E+00  0.10000008E+04
  0.00000000E+00  0.25000000E+01  0.00000000E+00  0.00000000E+00  0.10002484E+04  0.48778732E+03  0.12500000E+03  0.11198334E-03  0.69999999E+00  0.99999988E+03
  0.00000000E+00  0.30000000E+01  0.00000000E+00  0.00000000E+00  0.10000000E+04  0.00000000E+00  0.12500000E+03  0.00000000E+00  0.69999999E+00  0.10000000E+04
  0.00000000E+00  0.35000000E+01  0.00000000E+00  0.00000000E+00  0.10000000E+04  0.00000000E+00  0.12500000E+03  0.00000000E+00  0.69999999E+00  0.10000000E+04
  0.00000000E+00  0.40000000E+01  0.00000000E+00  0.00000000E+00  0.10000000E+04  0.00000000E+00  0.12500000E+03  0.00000000E+00  0.69999999E+00  0.10000000E+04
 -0.25000000E+00 -0.25000000E+00  0.00000000E+00  0.00000000E+00  0.10006414E+04  0.12607445E+04  0.12500000E+03  0.52005530E-03  0.69999999E+00  0.99999939E+03
 -0.25000000E+00  0.25000000E+00  0.00000000E+00  0.00000000E+00  0.10011632E+04  0.22902654E+04  0.12500000E+03  0.76041213E-03  0.69999999E+00  0.99999915E+03
 -0.25000000E+00  0.75000000E+00  0.00000000E+00  0.00000000E+00  0.10003840E+04  0.75445807E+03  0.12500000E+03  0.10465415E-04  0.69999999E+00  0.10000000E+04
 -0.25000000E+00  0.12500000E+01  0.00000000E+00  0.00000000E+00  0.10052546E+04  0.10473526E+05  0.12500000E+03  0.78649091E-03  0.69999999E+00  0.99999908E+03
 -0.25000000E+00  0.17500000E+01  0.00000000E+00  0.00000000E+00  0.10027249E+04  0.53901289E+04  0.12500000E+03 -0.21019831E-03  0.69999999E+00  0.10000002E+04
 -0.25000000E+00  0.22500000E+01  0.00000000E+00  0.00000000E+00  0.10004747E+04  0.93267188E+03  0.12500000E+03 -0.82357743E-04  0.69999999E+00  0.10000001E+04
 -0.25000000E+00  0.27500000E+01  0.00000000E+00  0.00000000E+00  0.10000000E+04  0.00000000E+00  0.12500000E+03  0.00000000E+00  0.69999999E+00  0.10000000E+04
 -0.25000000E+00  0.32500000E+01  0.00000000E+00  0.00000000E+00  0.10000000E+04  0.00000000E+00  0.12500000E+03  0.00000000E+00  0.69999999E+00  0.10000000E+04
 -0.25000000E+00  0.37500000E+01  0.00000000E+00  0.00000000E+00  0.10000000E+04  0.00000000E+00  0.12500000E+03  0.00000000E+00  0.69999999E+00  0.10000000E+04
  0.80000000E+01  0.00000000E+00  0.00000000E+00  0.00000000E+00  0.10000000E+04  0.00000000E+00  0.12500000E+03  0.00000000E+00  0.69999999E+00  0.10000000E+04
  0.80000000E+01  0.50000000E+00  0.00000000E+00  0.00000000E+00  0.10000000E+04  0.00000000E+00  0.12500000E+03  0.00000000E+00  0.69999999E+00  0.10000000E+04
  0.80000000E+01  0.10000000E+01  0.00000000E+00  0.00000000E+00  0.10000000E+04  0.00000000E+00  0.12500000E+03  0.00000000E+00  0.69999999E+00  0.10000000E+04
  0.80000000E+01  0.15000000E+01  0.00000000E+00  0.00000000E+00  0.10000000E+04  0.00000000E+00  0.12500000E+03  0.00000000E+00  0.69999999E+00  0.10000000E+04
  0.80000000E+01  0.20000000E+01  0.00000000E+00  0.00000000E+00  0.10000000E+04  0.00000000E+00  0.12500000E+03  0.00000000E+00  0.69999999E+00  0.10000000E+04
  0.80000000E+01  0.25000000E+01  0.00000000E+00  0.00000000E+00  0.10000000E+04  0.00000000E+00  0.12500000E+03  0.00000000E+00  0.69999999E+00  0.10000000E+04
  0.80000000E+01  0.30000000E+01  0.00000000E+00  0.00000000E+00  0.10000000E+04  0.00000000E+00  0.12500000E+03  0.00000000E+00  0.69999999E+00  0.10000000E+04
  0.80000000E+01  0.35000000E+01  0.00000000E+00  0.00000000E+00  0.10000000E+04  0.00000000E+00  0.12500000E+03  0.00000000E+00  0.69999999E+00  0.10000000E+04
  0.80000000E+01  0.40000000E+01  0.00000000E+00  0.00000000E+00  0.10000000E+04  0.00000000E+00  0.12500000E+03  0.00000000E+00  0.69999999E+00  0.10000000E+04
  0.82500000E+01 -0.25000000E+00  0.00000000E+00  0.00000000E+00  0.10000000E+04  0.00000000E+00  0.12500000E+03  0.00000000E+00  0.69999999E+00  0.10000000E+04
  0.82500000E+01  0.25000000E+00  0.00000000E+00  0.00000000E+00  0.10000000E+04  0.00000000E+00  0.12500000E+03  0.00000000E+00  0.69999999E+00  0.10000000E+04
  0.82500000E+01  0.75000000E+00  0.00000000E+00  0.00000000E+00  0.10000000E+04  0.00000000E+00  0.12500000E+03  0.00000000E+00  0.69999999E+00  0.10000000E+04
  0.82500000E+01  0.12500000E+01  0.00000000E+00  0.00000000E+00  0.10000000E+04  0.00000000E+00  0.12500000E+03  0.00000000E+00  0.69999999E+00  0.10000000E+04
  0.82500000E+01  0.17500000E+01  0.00000000E+00  0.00000000E+00  0.10000000E+04  0.00000000E+00  0.12500000E+03  0.00000000E+00  0.69999999E+00  0.10000000E+04
  0.82500000E+01  0.22500000E+01  0.00000000E+00  0.00000000E+00  0.10000000E+04  0.00000000E+00  0.12500000E+03  0.00000000E+00  0.69999999E+00  0.10000000E+04
  0.82500000E+01  0.27500000E+01  0.00000000E+00  0.00000000E+00  0.10000000E+04  0.00000000E+00  0.12500000E+03  0.00000000E+00  0.69999999E+00  0.10000000E+04
  0.82500000E+01  0.32500000E+01  0.00000000E+00  0.00000000E+00  0.10000000E+04  0.00000000E+00  0.12500000E+03  0.00000000E+00  0.69999999E+00  0.10000000E+04
  0.82500000E+01  0.37500000E+01  0.00000000E+00  0.00000000E+00  0.10000000E+04  0.00000000E+00  0.12500000E+03  0.00000000E+00  0.69999999E+00  0.10000000E+04
  0.50000000E+00  0.00000000E+00  0.00000000E+00  0.00000000E+00  0.10277584E+04  0.59213242E+05  0.12500000E+03  0.91861822E-02  0.69999999E+00  0.99998920E+03
  0.10000000E+01  0.00000000E+00  0.00000000E+00  0.00000000E+00  0.10538262E+04  0.12427522E+06  0.12500000E+03  0.40369336E-02  0.69999999E+00  0.99999512E+03
  0.15000000E+01  0.00000000E+00  0.00000000E+00  0.00000000E+00  0.10490261E+04  0.11155098E+06  0.12500000E+03  0.16647927E-01  0.69999999E+00  0.99998004E+03
  0.20000000E+01  0.00000000E+00  0.00000000E+00  0.00000000E+00  0.11598777E+04  0.51127869E+06  0.12500000E+03  0.18529551E-01  0.69999999E+00  0.99997546E+03
  0.25000000E+01  0.00000000E+00  0.00000000E+00  0.00000000E+00  0.10572002E+04  0.13342961E+06  0.12500000E+03  0.23852340E-02  0.69999999E+00  0.99999713E+03
  0.30000000E+01  0.00000000E+00  0.00000000E+00  0.00000000E+00  0.11047454E+04  0.28262091E+06  0.12500000E+03  0.41927574E-02  0.69999999E+00  0.99999469E+03
  0.35000000E+01  0.00000000E+00  0.00000000E+00  0.00000000E+00  0.10194908E+04  0.40551145E+05  0.12500000E+03  0.16082115E-02  0.69999999E+00  0.99999811E+03
  0.40000000E+01  0.00000000E+00  0.00000000E+00  0.00000000E+00  0.10000153E+04  0.29939116E+02  0.12500000E+03 -0.62684390E-04  0.69999999E+00  0.10000001E+04
  0.45000000E+01  0.00000000E+00  0.00000000E+00  0.00000000E+00  0.10000000E+04  0.00000000E+00  0.12500000E+03  0.12051167E-42  0.69999999E+00  0.10000000E+04
  0.50000000E+01  0.00000000E+00  0.00000000E+00  0.00000000E+00  0.10000000E+04  0.00000000E+00  0.12500000E+03  0.00000000E+00  0.69999999E+00  0.10000000E+04
  0.55000000E+01  0.00000000E+00  0.00000000E+00  0.00000000E+00  0.10000000E+04  0.00000000E+00  0.12500000E+03  0.00000000E+00  0.69999999E+00  0.10000000E+04
  0.60000000E+01  0.00000000E+00  0.00000000E+00  0.00000000E+00  0.10000000E+04  0.00000000E+00  0.12500000E+03  0.00000000E+00  0.69999999E+00  0.10000000E+04
  0.65000000E+01  0.00000000E+00  0.00000000E+00  0.00000000E+00  0.10000000E+04  0.00000000E+00  0.12500000E+03  0.00000000E+00  0.69999999E+00  0.10000000E+04
  0.70000000E+01  0.00000000E+00  0.00000000E+00  0.00000000E+00  0.10000000E+04  0.00000000E+00  0.12500000E+03  0.00000000E+00  0.69999999E+00  0.10000000E+04
  0.75000000E+01  0.00000000E+00  0.00000000E+00  0.00000000E+00  0.10000000E+04  0.00000000E+00  0.12500000E+03  0.00000000E+00  0.69999999E+00  0.10000000E+04
  0.25000000E+00 -0.25000000E+00  0.00000000E+00  0.00000000E+00  0.10054125E+04  0.10793238E+05  0.12500000E+03  0.27906667E-02  0.69999999E+00  0.99999677E+03
  0.75000000E+00 -0.25000000E+00  0.00000000E+00  0.00000000E+00  0.10221057E+04  0.46355977E+05  0.12500000E+03  0.69903717E-02  0.69999999E+00  0.99999182E+03
  0.12500000E+01 -0.25000000E+00  0.00000000E+00  0.00000000E+00  0.10107839E+04  0.21854969E+05  0.12500000E+03  0.57235295E-02  0.69999999E+00  0.99999341E+03
  0.17500000E+01 -0.25000000E+00  0.00000000E+00  0.00000000E+00  0.10167445E+04  0.34549840E+05  0.12500000E+03  0.86557232E-02  0.69999999E+00  0.99998993E+03
  0.22500000E+01 -0.25000000E+00  0.00000000E+00  0.00000000E+00  0.10011420E+04  0.22483442E+04  0.12500000E+03  0.76910378E-02  0.69999999E+00  0.99999121E+03
  0.27500000E+01 -0.25000000E+00  0.00000000E+00  0.00000000E+00  0.10118734E+04  0.24141947E+05  0.12500000E+03  0.17753236E-02  0.69999999E+00  0.99999792E+03
  0.32500000E+01 -0.25000000E+00  0.00000000E+00  0.00000000E+00  0.10059486E+04  0.11881640E+05  0.12500000E+03  0.16624867E-02  0.69999999E+00  0.99999811E+03
  0.37500000E+01 -0.25000000E+00  0.00000000E+00  0.00000000E+00  0.10000151E+04  0.29705206E+02  0.12500000E+03 -0.14657649E-03  0.69999999E+00  0.10000002E+04
  0.42500000E+01 -0.25000000E+00  0.00000000E+00  0.00000000E+00  0.10000000E+04  0.00000000E+00  0.12500000E+03 -0.61097174E-39  0.69999999E+00  0.10000000E+04
  0.47500000E+01 -0.25000000E+00  0.00000000E+00  0.00000000E+00  0.10000000E+04  0.00000000E+00  0.12500000E+03 -0.61657132E-43  0.69999999E+00  0.10000000E+04
  0.52500000E+01 -0.25000000E+00  0.00000000E+00  0.00000000E+00  0.10000000E+04  0.00000000E+00  0.12500000E+03  0.00000000E+00  0.69999999E+00  0.10000000E+04
  0.57500000E+01 -0.25000000E+00  0.00000000E+00  0.00000000E+00  0.10000000E+04  0.00000000E+00  0.12500000E+03  0.00000000E+00  0.69999999E+00  0.10000000E+04
  0.62500000E+01 -0.25000000E+00  0.00000000E+00  0.00000000E+00  0.10000000E+04  0.00000000E+00  0.12500000E+03  0.00000000E+00  0.69999999E+00  0.10000000E+04
  0.67500000E+01 -0.25000000E+00  0.00000000E+00  0.00000000E+00  0.10000000E+04  0.00000000E+00  0.12500000E+03  0.00000000E+00  0.69999999E+00  0.10000000E+04
  0.72500000E+01 -0.25000000E+00  0.00000000E+00  0.00000000E+00  0.10000000E+04  0.00000000E+00  0.12500000E+03  0.00000000E+00  0.69999999E+00  0.10000000E+04
  0.77500000E+01 -0.25000000E+00  0.00000000E+00  0.00000000E+00  0.10000000E+04  0.00000000E+00  0.12500000E+03  0.00000000E+00  0.69999999E+00  0.10000000E+04
  0.40000000E+01  0.50000000E+00  0.00000000E+00  0.00000000E+00  0.10026455E+04  0.52318325E+04  0.12500000E+03 -0.16013913E-03  0.69999999E+00  0.10000002E+04
  0.37500000E+01  0.25000000E+00  0.00000000E+00  0.00000000E+00  0.10145854E+04  0.29899797E+05  0.12500000E+03 -0.68392005E-03  0.69999999E+00  0.10000008E+04
  0.40000000E+01  0.10000000E+01  0.00000000E+00  0.00000000E+00  0.10044636E+04  0.88758770E+04  0.12500000E+03 -0.89541179E-04  0.69999999E+00  0.10000001E+04
  0.37500000E+01  0.75000000E+00  0.00000000E+00  0.00000000E+00  0.10703555E+04  0.17083944E+06  0.12500000E+03  0.68601035E-03  0.69999999E+00  0.99999915E+03
  0.40000000E+01  0.15000000E+01  0.00000000E+00  0.00000000E+00  0.10001119E+04  0.21969519E+03  0.12500000E+03  0.16418859E-03  0.69999999E+00  0.99999982E+03
  0.37500000E+01  0.12500000E+01  0.00000000E+00  0.00000000E+00  0.10234104E+04  0.49285949E+05  0.12500000E+03  0.24351853E-03  0.69999999E+00  0.99999969E+03
  0.40000000E+01  0.20000000E+01  0.00000000E+00  0.00000000E+00  0.10001304E+04  0.25597429E+03  0.12500000E+03  0.17079410E-03  0.69999999E+00  0.99999982E+03
  0.37500000E+01  0.17500000E+01  0.00000000E+00  0.00000000E+00  0.10184735E+04  0.38316738E+05  0.12500000E+03  0.88717666E-03  0.69999999E+00  0.99999896E+03
  0.45000000E+01  0.50000000E+00  0.00000000E+00  0.00000000E+00  0.10000000E+04  0.00000000E+00  0.12500000E+03  0.82396350E-42  0.69999999E+00  0.10000000E+04
  0.42500000E+01  0.25000000E+00  0.00000000E+00  0.00000000E+00  0.10000018E+04  0.35083482E+01  0.12500000E+03 -0.74084828E-05  0.69999999E+00  0.10000000E+04
  0.45000000E+01  0.10000000E+01  0.00000000E+00  0.00000000E+00  0.10000000E+04  0.00000000E+00  0.12500000E+03 -0.00000000E+00  0.69999999E+00  0.10000000E+04
  0.42500000E+01  0.75000000E+00  0.00000000E+00  0.00000000E+00  0.10000944E+04  0.18529227E+03  0.12500000E+03 -0.75873509E-05  0.69999999E+00  0.10000000E+04
  0.45000000E+01  0.15000000E+01  0.00000000E+00  0.00000000E+00  0.10000000E+04  0.00000000E+00  0.12500000E+03  0.00000000E+00  0.69999999E+00  0.10000000E+04
  0.42500000E+01  0.12500000E+01  0.00000000E+00  0.00000000E+00  0.10000066E+04  0.12864128E+02  0.12500000E+03  0.34267537E-05  0.69999999E+00  0.10000000E+04
  0.45000000E+01  0.20000000E+01  0.00000000E+00  0.00000000E+00  0.10000000E+04  0.00000000E+00  0.12500000E+03  0.00000000E+00  0.69999999E+00  0.10000000E+04
  0.42500000E+01  0.17500000E+01  0.00000000E+00  0.00000000E+00  0.10000031E+04  0.60811610E+01  0.12500000E+03  0.28991612E-05  0.69999999E+00  0.10000000E+04
  0.50000000E+01  0.50000000E+00  0.00000000E+00  0.00000000E+00  0.10000000E+04  0.00000000E+00  0.12500000E+03  0.00000000E+00  0.69999999E+00  0.10000000E+04
  0.47500000E+01  0.25000000E+00  0.00000000E+00  0.00000000E+00  0.10000000E+04  0.00000000E+00  0.12500000E+03  0.56051939E-43  0.69999999E+00  0.10000000E+04
  0.50000000E+01  0.10000000E+01  0.00000000E+00  0.00000000E+00  0.10000000E+04  0.00000000E+00  0.12500000E+03  0.00000000E+00  0.69999999E+00  0.10000000E+04
  0.47500000E+01  0.75000000E+00  0.00000000E+00  0.00000000E+00  0.10000000E+04  0.00000000E+00  0.12500000E+03  0.00000000E+00  0.69999999E+00  0.10000000E+04
  0.50000000E+01  0.15000000E+01  0.00000000E+00  0.00000000E+00  0.10000000E+04  0.00000000E+00  0.12500000E+03 -0.00000000E+00  0.69999999E+00  0.10000000E+04
  0.47500000E+01  0.12500000E+01  0.00000000E+00  0.00000000E+00  0.10000000E+04  0.00000000E+00  0.12500000E+03 -0.00000000E+00  0.69999999E+00  0.10000000E+04
  0.50000000E+01  0.20000000E+01  0.00000000E+00  0.00000000E+00  0.10000000E+04  0.00000000E+00  0.12500000E+03  0.00000000E+00  0.69999999E+00  0.10000000E+04
  0.47500000E+01  0.17500000E+01  0.00000000E+00  0.00000000E+00  0.10000000E+04  0.00000000E+00  0.12500000E+03  0.00000000E+00  0.69999999E+00  0.10000000E+04
  0.27292507E+01  0.11633089E+01 -0.17201233E+01 -0.35597134E+00  0.10242097E+04  0.51091977E+05  0.12576698E+03  0.12576674E+03  0.10000000E+01  0.00000000E+00
  0.16581649E+01  0.96629977E+00  0.71133995E+00 -0.56773520E+00  0.99848199E+03 -0.29648086E+04  0.12561582E+03  0.12561256E+03  0.10000000E+01  0.00000000E+00
  0.12032815E+01  0.89385784E+00 -0.11546820E+01 -0.21226087E+00  0.98264563E+03 -0.32326955E+05  0.12546356E+03  0.12546333E+03  0.10000000E+01  0.00000000E+00
  0.93434215E+00  0.92587936E+00 -0.45995516E+00  0.20728114E+01  0.10009351E+04  0.18397770E+04  0.12531018E+03  0.12531018E+03  0.10000000E+01  0.00000000E+00
  0.10592022E+01  0.13900489E+01  0.26945703E+01  0.37221515E+01  0.10060227E+04  0.12032179E+05  0.12515567E+03  0.12515567E+03  0.10000000E+01  0.00000000E+00
  0.23844047E+01  0.19939077E+01 -0.38798070E+00 -0.16567001E+01  0.10143124E+04  0.29315793E+05  0.12500000E+03  0.12500000E+03  0.10000000E+01  0.00000000E+00
  0.26916814E+01  0.12450862E+01 -0.12385761E+01 -0.11799357E+01  0.10216868E+04  0.45420031E+05  0.12576698E+03  0.12575494E+03  0.10000000E+01  0.00000000E+00
  0.17087182E+01  0.10441148E+01  0.38786519E+00 -0.13741446E+01  0.99531635E+03 -0.90612510E+04  0.12561582E+03  0.12560624E+03  0.10000000E+01  0.00000000E+00
  0.16212213E+01  0.12461483E+01 -0.22633532E+00 -0.17609563E+00  0.10195922E+04  0.40774426E+05  0.12546356E+03  0.12546037E+03  0.10000000E+01  0.00000000E+00
  0.23255069E+01  0.15339040E+01 -0.15816228E+01  0.14633677E+01  0.99777972E+03 -0.43272671E+04  0.12531018E+03  0.12531038E+03  0.10000000E+01  0.00000000E+00
  0.12721565E+01  0.12049547E+01 -0.25461006E+01  0.19452280E+00  0.10100118E+04  0.20243070E+05  0.12515567E+03  0.12515567E+03  0.10000000E+01  0.00000000E+00
  0.82332218E+00  0.85792637E+00  0.37502104E+00  0.13750610E+01  0.10035913E+04  0.71224990E+04  0.12500000E+03  0.12500000E+03  0.10000000E+01  0.00000000E+00
  0.25078757E+01  0.17097378E+01 -0.16466579E+01 -0.86839581E+00  0.99298004E+03 -0.13486428E+05  0.12576698E+03  0.12575644E+03  0.10000000E+01  0.00000000E+00
  0.26340926E+01  0.15936123E+01  0.14594030E+00 -0.17552520E+01  0.99656903E+03 -0.66626562E+04  0.12561582E+03  0.12561089E+03  0.10000000E+01  0.00000000E+00
  0.28576741E+01  0.92101920E+00 -0.41732693E+00  0.90724576E+00  0.10060512E+04  0.12090134E+05  0.12546356E+03  0.12546005E+03  0.10000000E+01  0.00000000E+00
  0.28016646E+01  0.90994000E+00 -0.23187523E+01 -0.10180678E+01  0.10143951E+04  0.29492604E+05  0.12531018E+03  0.12531018E+03  0.10000000E+01  0.00000000E+00
  0.29562545E+01  0.70667064E+00 -0.85725164E+00 -0.38015175E+00  0.10134462E+04  0.27469832E+05  0.12515567E+03  0.12515553E+03  0.10000000E+01  0.00000000E+00
  0.18324878E+01  0.16020319E+01 -0.32005801E+01  0.13545501E+00  0.10071733E+04  0.14380533E+05  0.12500000E+03  0.12500000E+03  0.10000000E+01  0.00000000E+00
  0.12825918E+01  0.80653429E+00  0.12858344E+01  0.55730820E+00  0.10068445E+04  0.13707861E+05  0.12576698E+03  0.12576566E+03  0.10000000E+01  0.00000000E+00
  0.26354494E+01  0.15832007E+01  0.87530509E-01 -0.17062430E+01  0.99739862E+03 -0.50642583E+04  0.12561582E+03  0.12561221E+03  0.10000000E+01  0.00000000E+00
  0.27365651E+01  0.72831798E+00  0.38685054E+00 -0.88943982E+00  0.10125313E+04  0.25530217E+05  0.12546356E+03  0.12546202E+03  0.10000000E+01  0.00000000E+00
  0.18434525E+01  0.97174263E+00 -0.64103913E+00 -0.16559626E+01  0.10173873E+04  0.35945738E+05  0.12531018E+03  0.12530890E+03  0.10000000E+01  0.00000000E+00
  0.21502066E+01  0.20336220E+01 -0.15500207E+01 -0.14820844E+01  0.10079343E+04  0.15942644E+05  0.12515567E+03  0.12515567E+03  0.10000000E+01  0.00000000E+00
  0.23537426E+01  0.84727311E+00 -0.29661644E+01  0.82485616E+00  0.10113270E+04  0.22993232E+05  0.12500000E+03  0.12500012E+03  0.10000000E+01  0.00000000E+00
  0.17700202E+01  0.15474083E+01 -0.33378237E+00  0.16261688E+01  0.10041370E+04  0.82183076E+04  0.12561582E+03  0.12561399E+03  0.10000000E+01  0.00000000E+00
  0.28295507E+01  0.19071465E+01  0.19341043E+00 -0.25378807E+01  0.10064156E+04  0.12832293E+05  0.12531018E+03  0.12531004E+03  0.10000000E+01  0.00000000E+00
  0.77660120E+00  0.14620876E+01  0.92973369E+00  0.14363725E+01  0.10152132E+04  0.31245744E+05  0.12500000E+03  0.12500000E+03  0.10000000E+01  0.00000000E+00
