  0.00000000E+00  0.00000000E+00  0.00000000E+00  0.00000000E+00  0.10007856E+04  0.15449634E+04  0.12500000E+03  0.26758292E-02  0.69999999E+00  0.99999695E+03
  0.00000000E+00  0.50000000E+00  0.00000000E+00  0.00000000E+00  0.10117689E+04  0.23922094E+05  0.12500000E+03  0.38573509E-02  0.69999999E+00  0.99999554E+03
  0.00000000E+00  0.10000000E+01  0.00000000E+00  0.00000000E+00  0.10089819E+04  0.18104600E+05  0.12500000E+03  0.41530123E-02  0.69999999E+00  0.99999524E+03
  0.00000000E+00  0.15000000E+01  0.00000000E+00  0.00000000E+00  0.10176654E+04  0.36551355E+05  0.12500000E+03  0.15413177E-02  0.69999999E+00  0.99999823E+03
  0.00000000E+00  0.20000000E+01  0.00000000E+00  0.00000000E+00  0.10194647E+04  0.40493637E+05  0.12500000E+03 -0.20453557E-02  0.69999999E+00  0.10000024E+04
  0.00000000E+00  0.25000000E+01  0.00000000E+00  0.00000000E+00  0.10034469E+04  0.68332266E+04  0.12500000E+03  0.51974104E-03  0.69999999E+00  0.99999939E+03
  0.00000000E+00  0.30000000E+01  0.00000000E+00  0.00000000E+00  0.10000026E+04  0.51455903E+01  0.12500000E+03  0.38292605E-04  0.69999999E+00  0.99999994E+03
  0.00000000E+00  0.35000000E+01  0.00000000E+00  0.00000000E+00  0.10000000E+04  0.00000000E+00  0.12500000E+03  0.00000000E+00  0.69999999E+00  0.10000000E+04
  0.00000000E+00  0.40000000E+01  0.00000000E+00  0.00000000E+00  0.10000000E+04  0.00000000E+00  0.12500000E+03  0.00000000E+00  0.69999999E+00  0.10000000E+04
 -0.25000000E+00 -0.25000000E+00  0.00000000E+00  0.00000000E+00  0.10006414E+04  0.12607445E+04  0.12500000E+03  0.52005530E-03  0.69999999E+00  0.99999939E+03
 -0.25000000E+00  0.25000000E+00  0.00000000E+00  0.00000000E+00  0.10004767E+04  0.93665936E+03  0.12500000E+03  0.12206619E-02  0.69999999E+00  0.99999860E+03
 -0.25000000E+00  0.75000000E+00  0.00000000E+00  0.00000000E+00  0.10050416E+04  0.10042490E+05  0.12500000E+03  0.64631866E-03  0.69999999E+00  0.99999927E+03
 -0.25000000E+00  0.12500000E+01  0.00000000E+00  0.00000000E+00  0.10036967E+04  0.73338188E+04  0.12500000E+03  0.13074451E-02  0.69999999E+00  0.99999847E+03
 -0.25000000E+00  0.17500000E+01  0.00000000E+00  0.00000000E+00  0.10009496E+04  0.18684731E+04  0.12500000E+03 -0.42995892E-03  0.69999999E+00  0.10000005E+04
 -0.25000000E+00  0.22500000E+01  0.00000000E+00  0.00000000E+00  0.10015139E+04  0.29839109E+04  0.12500000E+03 -0.18548567E-03  0.69999999E+00  0.10000002E+04
 -0.25000000E+00  0.27500000E+01  0.00000000E+00  0.00000000E+00  0.10000007E+04  0.14033347E+01  0.12500000E+03  0.17473474E-04  0.69999999E+00  0.10000000E+04
 -0.25000000E+00  0.32500000E+01  0.00000000E+00  0.00000000E+00  0.10000000E+04  0.00000000E+00  0.12500000E+03  0.14332481E-40  0.69999999E+00  0.10000000E+04
 -0.25000000E+00  0.37500000E+01  0.00000000E+00  0.00000000E+00  0.10000000E+04  0.00000000E+00  0.12500000E+03  0.00000000E+00  0.69999999E+00  0.10000000E+04
  0.80000000E+01  0.00000000E+00  0.00000000E+00  0.00000000E+00  0.10000000E+04  0.00000000E+00  0.12500000E+03  0.00000000E+00  0.69999999E+00  0.10000000E+04
  0.80000000E+01  0.50000000E+00  0.00000000E+00  0.00000000E+00  0.10000000E+04  0.00000000E+00  0.12500000E+03  0.00000000E+00  0.69999999E+00  0.10000000E+04
  0.80000000E+01  0.10000000E+01  0.00000000E+00  0.00000000E+00  0.10000000E+04  0.00000000E+00  0.12500000E+03  0.00000000E+00  0.69999999E+00  0.10000000E+04
  0.80000000E+01  0.15000000E+01  0.00000000E+00  0.00000000E+00  0.10000000E+04  0.00000000E+00  0.12500000E+03  0.00000000E+00  0.69999999E+00  0.10000000E+04
  0.80000000E+01  0.20000000E+01  0.00000000E+00  0.00000000E+00  0.10000000E+04  0.00000000E+00  0.12500000E+03  0.00000000E+00  0.69999999E+00  0.10000000E+04
  0.80000000E+01  0.25000000E+01  0.00000000E+00  0.00000000E+00  0.10000000E+04  0.00000000E+00  0.12500000E+03  0.00000000E+00  0.69999999E+00  0.10000000E+04
  0.80000000E+01  0.30000000E+01  0.00000000E+00  0.00000000E+00  0.10000000E+04  0.00000000E+00  0.12500000E+03  0.00000000E+00  0.69999999E+00  0.10000000E+04
  0.80000000E+01  0.35000000E+01  0.00000000E+00  0.00000000E+00  0.10000000E+04  0.00000000E+00  0.12500000E+03  0.00000000E+00  0.69999999E+00  0.10000000E+04
  0.80000000E+01  0.40000000E+01  0.00000000E+00  0.00000000E+00  0.10000000E+04  0.00000000E+00  0.12500000E+03  0.00000000E+00  0.69999999E+00  0.10000000E+04
  0.82500000E+01 -0.25000000E+00  0.00000000E+00  0.00000000E+00  0.10000000E+04  0.00000000E+00  0.12500000E+03  0.00000000E+00  0.69999999E+00  0.10000000E+04
  0.82500000E+01  0.25000000E+00  0.00000000E+00  0.00000000E+00  0.10000000E+04  0.00000000E+00  0.12500000E+03  0.00000000E+00  0.69999999E+00  0.10000000E+04
  0.82500000E+01  0.75000000E+00  0.00000000E+00  0.00000000E+00  0.10000000E+04  0.00000000E+00  0.12500000E+03  0.00000000E+00  0.69999999E+00  0.10000000E+04
  0.82500000E+01  0.12500000E+01  0.00000000E+00  0.00000000E+00  0.10000000E+04  0.00000000E+00  0.12500000E+03  0.00000000E+00  0.69999999E+00  0.10000000E+04
  0.82500000E+01  0.17500000E+01  0.00000000E+00  0.00000000E+00  0.10000000E+04  0.00000000E+00  0.12500000E+03  0.00000000E+00  0.69999999E+00  0.10000000E+04
  0.82500000E+01  0.22500000E+01  0.00000000E+00  0.00000000E+00  0.10000000E+04  0.00000000E+00  0.12500000E+03  0.00000000E+00  0.69999999E+00  0.10000000E+04
  0.82500000E+01  0.27500000E+01  0.00000000E+00  0.00000000E+00  0.10000000E+04  0.00000000E+00  0.12500000E+03  0.00000000E+00  0.69999999E+00  0.10000000E+04
  0.82500000E+01  0.32500000E+01  0.00000000E+00  0.00000000E+00  0.10000000E+04  0.00000000E+00  0.12500000E+03  0.00000000E+00  0.69999999E+00  0.10000000E+04
  0.82500000E+01  0.37500000E+01  0.00000000E+00  0.00000000E+00  0.10000000E+04  0.00000000E+00  0.12500000E+03  0.00000000E+00  0.69999999E+00  0.10000000E+04
  0.50000000E+00  0.00000000E+00  0.00000000E+00  0.00000000E+00  0.10419176E+04  0.93338039E+05  0.12500000E+03  0.13591580E-01  0.69999999E+00  0.99998383E+03
  0.10000000E+01  0.00000000E+00  0.00000000E+00  0.00000000E+00  0.10678762E+04  0.16357569E+06  0.12500000E+03  0.79772100E-02  0.69999999E+00  0.99999023E+03
  0.15000000E+01  0.00000000E+00  0.00000000E+00  0.00000000E+00  0.10225134E+04  0.47269102E+05  0.12500000E+03  0.23515660E-01  0.69999999E+00  0.99997253E+03
  0.20000000E+01  0.00000000E+00  0.00000000E+00  0.00000000E+00  0.11286104E+04  0.37346056E+06  0.12500000E+03  0.27404344E-01  0.69999999E+00  0.99996466E+03
  0.25000000E+01  0.00000000E+00  0.00000000E+00  0.00000000E+00  0.10347635E+04  0.75746172E+05  0.12500000E+03  0.91422386E-02  0.69999999E+00  0.99998920E+03
  0.30000000E+01  0.00000000E+00  0.00000000E+00  0.00000000E+00  0.10439556E+04  0.98483836E+05  0.12500000E+03  0.10820379E-01  0.69999999E+00  0.99998712E+03
  0.35000000E+01  0.00000000E+00  0.00000000E+00  0.00000000E+00  0.10041519E+04  0.82480391E+04  0.12500000E+03  0.45249313E-02  0.69999999E+00  0.99999481E+03
  0.40000000E+01  0.00000000E+00  0.00000000E+00  0.00000000E+00  0.10000137E+04  0.26898298E+02  0.12500000E+03 -0.68247195E-04  0.69999999E+00  0.10000001E+04
  0.45000000E+01  0.00000000E+00  0.00000000E+00  0.00000000E+00  0.10000000E+04  0.00000000E+00  0.12500000E+03  0.77879684E-39  0.69999999E+00  0.10000000E+04
  0.50000000E+01  0.00000000E+00  0.00000000E+00  0.00000000E+00  0.10000000E+04  0.00000000E+00  0.12500000E+03 -0.35592981E-41  0.69999999E+00  0.10000000E+04
  0.55000000E+01  0.00000000E+00  0.00000000E+00  0.00000000E+00  0.10000000E+04  0.00000000E+00  0.12500000E+03  0.00000000E+00  0.69999999E+00  0.10000000E+04
  0.60000000E+01  0.00000000E+00  0.00000000E+00  0.00000000E+00  0.10000000E+04  0.00000000E+00  0.12500000E+03  0.00000000E+00  0.69999999E+00  0.10000000E+04
  0.65000000E+01  0.00000000E+00  0.00000000E+00  0.00000000E+00  0.10000000E+04  0.00000000E+00  0.12500000E+03  0.00000000E+00  0.69999999E+00  0.10000000E+04
  0.70000000E+01  0.00000000E+00  0.00000000E+00  0.00000000E+00  0.10000000E+04  0.00000000E+00  0.12500000E+03  0.00000000E+00  0.69999999E+00  0.10000000E+04
  0.75000000E+01  0.00000000E+00  0.00000000E+00  0.00000000E+00  0.10000000E+04  0.00000000E+00  0.12500000E+03  0.00000000E+00  0.69999999E+00  0.10000000E+04
  0.25000000E+00 -0.25000000E+00  0.00000000E+00  0.00000000E+00  0.10056453E+04  0.11265387E+05  0.12500000E+03  0.34788321E-02  0.69999999E+00  0.99999597E+03
  0.75000000E+00 -0.25000000E+00  0.00000000E+00  0.00000000E+00  0.10258398E+04  0.54801449E+05  0.12500000E+03  0.96955691E-02  0.69999999E+00  0.99998865E+03
  0.12500000E+01 -0.25000000E+00  0.00000000E+00  0.00000000E+00  0.10096312E+04  0.19451408E+05  0.12500000E+03  0.75763203E-02  0.69999999E+00  0.99999127E+03
  0.17500000E+01 -0.25000000E+00  0.00000000E+00  0.00000000E+00  0.10144886E+04  0.29692701E+05  0.12500000E+03  0.11652105E-01  0.69999999E+00  0.99998651E+03
  0.22500000E+01 -0.25000000E+00  0.00000000E+00  0.00000000E+00  0.10011266E+04  0.22177312E+04  0.12500000E+03  0.11739962E-01  0.69999999E+00  0.99998657E+03
  0.27500000E+01 -0.25000000E+00  0.00000000E+00  0.00000000E+00  0.10053199E+04  0.10605817E+05  0.12500000E+03  0.58615161E-02  0.69999999E+00  0.99999329E+03
  0.32500000E+01 -0.25000000E+00  0.00000000E+00  0.00000000E+00  0.10019365E+04  0.38216660E+04  0.12500000E+03  0.41376310E-02  0.69999999E+00  0.99999524E+03
  0.37500000E+01 -0.25000000E+00  0.00000000E+00  0.00000000E+00  0.10000070E+04  0.13565822E+02  0.12500000E+03 -0.15635355E-03  0.69999999E+00  0.10000002E+04
  0.42500000E+01 -0.25000000E+00  0.00000000E+00  0.00000000E+00  0.10000000E+04  0.00000000E+00  0.12500000E+03 -0.26779442E-35  0.69999999E+00  0.10000000E+04
  0.47500000E+01 -0.25000000E+00  0.00000000E+00  0.00000000E+00  0.10000000E+04  0.00000000E+00  0.12500000E+03 -0.17349700E-38  0.69999999E+00  0.10000000E+04
  0.52500000E+01 -0.25000000E+00  0.00000000E+00  0.00000000E+00  0.10000000E+04  0.00000000E+00  0.12500000E+03  0.00000000E+00  0.69999999E+00  0.10000000E+04
  0.57500000E+01 -0.25000000E+00  0.00000000E+00  0.00000000E+00  0.10000000E+04  0.00000000E+00  0.12500000E+03  0.00000000E+00  0.69999999E+00  0.10000000E+04
  0.62500000E+01 -0.25000000E+00  0.00000000E+00  0.00000000E+00  0.10000000E+04  0.00000000E+00  0.12500000E+03  0.00000000E+00  0.69999999E+00  0.10000000E+04
  0.67500000E+01 -0.25000000E+00  0.00000000E+00  0.00000000E+00  0.10000000E+04  0.00000000E+00  0.12500000E+03  0.00000000E+00  0.69999999E+00  0.10000000E+04
  0.72500000E+01 -0.25000000E+00  0.00000000E+00  0.00000000E+00  0.10000000E+04  0.00000000E+00  0.12500000E+03  0.00000000E+00  0.69999999E+00  0.10000000E+04
  0.77500000E+01 -0.25000000E+00  0.00000000E+00  0.00000000E+00  0.10000000E+04  0.00000000E+00  0.12500000E+03  0.00000000E+00  0.69999999E+00  0.10000000E+04
  0.40000000E+01  0.50000000E+00  0.00000000E+00  0.00000000E+00  0.10001205E+04  0.23654692E+03  0.12500000E+03 -0.49013365E-03  0.69999999E+00  0.10000005E+04
  0.37500000E+01  0.25000000E+00  0.00000000E+00  0.00000000E+00  0.10015726E+04  0.31000537E+04  0.12500000E+03 -0.21572565E-02  0.69999999E+00  0.10000024E+04
  0.40000000E+01  0.10000000E+01  0.00000000E+00  0.00000000E+00  0.10008456E+04  0.16631863E+04  0.12500000E+03 -0.12694049E-03  0.69999999E+00  0.10000001E+04
  0.37500000E+01  0.75000000E+00  0.00000000E+00  0.00000000E+00  0.10305131E+04  0.65634094E+05  0.12500000E+03  0.10862376E-02  0.69999999E+00  0.99999872E+03
  0.40000000E+01  0.15000000E+01  0.00000000E+00  0.00000000E+00  0.10009498E+04  0.18689436E+04  0.12500000E+03  0.48913847E-03  0.69999999E+00  0.99999945E+03
  0.37500000E+01  0.12500000E+01  0.00000000E+00  0.00000000E+00  0.10309382E+04  0.66634484E+05  0.12500000E+03  0.12136046E-02  0.69999999E+00  0.99999860E+03
  0.40000000E+01  0.20000000E+01  0.00000000E+00  0.00000000E+00  0.10024318E+04  0.48060420E+04  0.12500000E+03  0.35502564E-03  0.69999999E+00  0.99999957E+03
  0.37500000E+01  0.17500000E+01  0.00000000E+00  0.00000000E+00  0.10689304E+04  0.16665192E+06  0.12500000E+03  0.24667510E-02  0.69999999E+00  0.99999701E+03
  0.45000000E+01  0.50000000E+00  0.00000000E+00  0.00000000E+00  0.10000000E+04  0.00000000E+00  0.12500000E+03  0.51151514E-38  0.69999999E+00  0.10000000E+04
  0.42500000E+01  0.25000000E+00  0.00000000E+00  0.00000000E+00  0.10000018E+04  0.35083482E+01  0.12500000E+03 -0.74084828E-05  0.69999999E+00  0.10000000E+04
  0.45000000E+01  0.10000000E+01  0.00000000E+00  0.00000000E+00  0.10000000E+04  0.00000000E+00  0.12500000E+03 -0.51595809E-41  0.69999999E+00  0.10000000E+04
  0.42500000E+01  0.75000000E+00  0.00000000E+00  0.00000000E+00  0.10000916E+04  0.17967581E+03  0.12500000E+03 -0.20551628E-04  0.69999999E+00  0.10000000E+04
  0.45000000E+01  0.15000000E+01  0.00000000E+00  0.00000000E+00  0.10000000E+04  0.00000000E+00  0.12500000E+03 -0.19786334E-40  0.69999999E+00  0.10000000E+04
  0.42500000E+01  0.12500000E+01  0.00000000E+00  0.00000000E+00  0.10000066E+04  0.12864128E+02  0.12500000E+03  0.64903998E-05  0.69999999E+00  0.10000000E+04
  0.45000000E+01  0.20000000E+01  0.00000000E+00  0.00000000E+00  0.10000000E+04  0.00000000E+00  0.12500000E+03  0.17967449E-40  0.69999999E+00  0.10000000E+04
  0.42500000E+01  0.17500000E+01  0.00000000E+00  0.00000000E+00  0.10000031E+04  0.60811610E+01  0.12500000E+03 -0.35628464E-05  0.69999999E+00  0.10000000E+04
  0.50000000E+01  0.50000000E+00  0.00000000E+00  0.00000000E+00  0.10000000E+04  0.00000000E+00  0.12500000E+03  0.33238800E-41  0.69999999E+00  0.10000000E+04
  0.47500000E+01  0.25000000E+00  0.00000000E+00  0.00000000E+00  0.10000000E+04  0.00000000E+00  0.12500000E+03  0.17169662E-38  0.69999999E+00  0.10000000E+04
  0.50000000E+01  0.10000000E+01  0.00000000E+00  0.00000000E+00  0.10000000E+04  0.00000000E+00  0.12500000E+03 -0.00000000E+00  0.69999999E+00  0.10000000E+04
  0.47500000E+01  0.75000000E+00  0.00000000E+00  0.00000000E+00  0.10000000E+04  0.00000000E+00  0.12500000E+03  0.36153500E-41  0.69999999E+00  0.10000000E+04
  0.50000000E+01  0.15000000E+01  0.00000000E+00  0.00000000E+00  0.10000000E+04  0.00000000E+00  0.12500000E+03 -0.14293244E-40  0.69999999E+00  0.10000000E+04
  0.47500000E+01  0.12500000E+01  0.00000000E+00  0.00000000E+00  0.10000000E+04  0.00000000E+00  0.12500000E+03 -0.13741133E-40  0.69999999E+00  0.10000000E+04
  0.50000000E+01  0.20000000E+01  0.00000000E+00  0.00000000E+00  0.10000000E+04  0.00000000E+00  0.12500000E+03  0.12631304E-40  0.69999999E+00  0.10000000E+04
  0.47500000E+01  0.17500000E+01  0.00000000E+00  0.00000000E+00  0.10000000E+04  0.00000000E+00  0.12500000E+03 -0.52408563E-42  0.69999999E+00  0.10000000E+04
  0.28116267E+01  0.92587900E+00  0.39882898E+00  0.13473618E+00  0.10041558E+04  0.82561914E+04  0.12576698E+03  0.12576656E+03  0.10000000E+01  0.00000000E+00
  0.90863144E+00  0.13667010E+01  0.71566314E-01  0.19228783E+00  0.10087742E+04  0.17674975E+05  0.12561582E+03  0.12561256E+03  0.10000000E+01  0.00000000E+00
  0.17861087E+01  0.10497470E+01  0.63141495E+00  0.75026166E+00  0.10019745E+04  0.38971562E+04  0.12546356E+03  0.12546323E+03  0.10000000E+01  0.00000000E+00
  0.29206851E+01  0.17614229E+01  0.11829093E+01 -0.89953983E+00  0.99812628E+03 -0.36556609E+04  0.12531018E+03  0.12531044E+03  0.10000000E+01  0.00000000E+00
  0.28637562E+01  0.17231683E+01 -0.13184717E+01  0.21636596E+00  0.99337097E+03 -0.12750379E+05  0.12515567E+03  0.12515567E+03  0.10000000E+01  0.00000000E+00
  0.28752413E+01  0.17652166E+01  0.58636880E+00 -0.51470208E+00  0.10015864E+04  0.31274429E+04  0.12500000E+03  0.12499985E+03  0.10000000E+01  0.00000000E+00
  0.27431903E+01  0.90768445E+00 -0.36493331E+00 -0.51962328E+00  0.10037874E+04  0.75158418E+04  0.12576698E+03  0.12575461E+03  0.10000000E+01  0.00000000E+00
  0.97987139E+00  0.88582361E+00  0.60807121E+00 -0.40348786E+00  0.10064628E+04  0.12928550E+05  0.12561582E+03  0.12560609E+03  0.10000000E+01  0.00000000E+00
  0.86203015E+00  0.98618162E+00 -0.38987431E+00  0.47089815E+00  0.10004173E+04  0.81987006E+03  0.12546356E+03  0.12546051E+03  0.10000000E+01  0.00000000E+00
  0.28915064E+01  0.11378242E+01  0.20839134E+00 -0.99015856E+00  0.10151623E+04  0.31136420E+05  0.12531018E+03  0.12531038E+03  0.10000000E+01  0.00000000E+00
  0.11603466E+01  0.86613739E+00 -0.28203583E+00 -0.10614026E+00  0.10056455E+04  0.11265870E+05  0.12515567E+03  0.12515535E+03  0.10000000E+01  0.00000000E+00
  0.68754470E+00  0.91927969E+00  0.59627406E-02 -0.13718200E+00  0.10102582E+04  0.20756670E+05  0.12500000E+03  0.12500000E+03  0.10000000E+01  0.00000000E+00
  0.21202443E+01  0.10044099E+01 -0.32414818E+00 -0.33036754E+00  0.10055269E+04  0.11025241E+05  0.12576698E+03  0.12575644E+03  0.10000000E+01  0.00000000E+00
  0.27023180E+01  0.89319301E+00 -0.43796608E+00 -0.32600096E+00  0.10055363E+04  0.11044099E+05  0.12561582E+03  0.12561059E+03  0.10000000E+01  0.00000000E+00
  0.28086772E+01  0.14383305E+01 -0.24050447E+00 -0.42075038E+00  0.10077606E+04  0.15585260E+05  0.12546356E+03  0.12546005E+03  0.10000000E+01  0.00000000E+00
  0.14988108E+01  0.91244423E+00 -0.25233322E+00  0.13298181E+00  0.10047450E+04  0.94432803E+04  0.12531018E+03  0.12531018E+03  0.10000000E+01  0.00000000E+00
  0.28634033E+01  0.78703904E+00  0.48448876E+00 -0.15618309E-01  0.10073321E+04  0.14705878E+05  0.12515567E+03  0.12515553E+03  0.10000000E+01  0.00000000E+00
  0.10243979E+01  0.15880926E+01 -0.55730261E-01  0.57944691E+00  0.10049034E+04  0.97632246E+04  0.12500000E+03  0.12500612E+03  0.10000000E+01  0.00000000E+00
  0.92270195E+00  0.14789082E+01  0.23138732E+00  0.47500965E+00  0.10071882E+04  0.14411052E+05  0.12576698E+03  0.12576566E+03  0.10000000E+01  0.00000000E+00
  0.24185634E+01  0.10844370E+01 -0.12714276E+00 -0.36507867E-01  0.10062579E+04  0.12510905E+05  0.12561582E+03  0.12561228E+03  0.10000000E+01  0.00000000E+00
  0.16524251E+01  0.12027528E+01  0.61538947E+00 -0.25500742E+00  0.99749109E+03 -0.48856406E+04  0.12546356E+03  0.12546202E+03  0.10000000E+01  0.00000000E+00
  0.22769573E+01  0.94500196E+00 -0.26609683E+00 -0.19690197E-01  0.10115011E+04  0.23358773E+05  0.12531018E+03  0.12530890E+03  0.10000000E+01  0.00000000E+00
  0.22194142E+01  0.16023591E+01 -0.97550582E-02 -0.41610479E+00  0.10127473E+04  0.25987195E+05  0.12515567E+03  0.12515567E+03  0.10000000E+01  0.00000000E+00
  0.14054837E+01  0.87043023E+00 -0.16246530E+00  0.68662241E-01  0.10065250E+04  0.13055475E+05  0.12500000E+03  0.12500012E+03  0.10000000E+01  0.00000000E+00
  0.10928178E+01  0.15851502E+01  0.36235112E+00  0.58051467E+00  0.10057095E+04  0.11395809E+05  0.12561582E+03  0.12560780E+03  0.10000000E+01  0.00000000E+00
  0.16825358E+01  0.15750489E+01 -0.11859225E+01  0.18589312E+00  0.10019200E+04  0.37887776E+04  0.12531018E+03  0.12531004E+03  0.10000000E+01  0.00000000E+00
  0.23331220E+01  0.18388660E+01  0.59938747E+00 -0.21174151E+00  0.10100216E+04  0.20263430E+05  0.12500000E+03  0.12500000E+03  0.10000000E+01  0.00000000E+00
