  0.00000000E+00  0.00000000E+00  0.00000000E+00  0.00000000E+00  0.10011479E+04  0.22601194E+04  0.12500000E+03  0.21028894E-02  0.69999999E+00  0.99999762E+03
  0.00000000E+00  0.50000000E+00  0.00000000E+00  0.00000000E+00  0.10265293E+04  0.56381207E+05  0.12500000E+03  0.20472053E-02  0.69999999E+00  0.99999762E+03
  0.00000000E+00  0.10000000E+01  0.00000000E+00  0.00000000E+00  0.10284854E+04  0.60897441E+05  0.12500000E+03  0.28858443E-02  0.69999999E+00  0.99999658E+03
  0.00000000E+00  0.15000000E+01  0.00000000E+00  0.00000000E+00  0.10111230E+04  0.22565328E+05  0.12500000E+03  0.10003678E-02  0.69999999E+00  0.99999884E+03
  0.00000000E+00  0.20000000E+01  0.00000000E+00  0.00000000E+00  0.10246746E+04  0.52146090E+05  0.12500000E+03 -0.10831829E-02  0.69999999E+00  0.10000013E+04
  0.00000000E+00  0.25000000E+01  0.00000000E+00  0.00000000E+00  0.10033204E+04  0.65799897E+04  0.12500000E+03  0.31619112E-03  0.69999999E+00  0.99999963E+03
  0.00000000E+00  0.30000000E+01  0.00000000E+00  0.00000000E+00  0.10000000E+04  0.00000000E+00  0.12500000E+03  0.60528782E-05  0.69999999E+00  0.10000000E+04
  0.00000000E+00  0.35000000E+01  0.00000000E+00  0.00000000E+00  0.10000000E+04  0.00000000E+00  0.12500000E+03  0.00000000E+00  0.69999999E+00  0.10000000E+04
  0.00000000E+00  0.40000000E+01  0.00000000E+00  0.00000000E+00  0.10000000E+04  0.00000000E+00  0.12500000E+03  0.00000000E+00  0.69999999E+00  0.10000000E+04
 -0.25000000E+00 -0.25000000E+00  0.00000000E+00  0.00000000E+00  0.10006414E+04  0.12607445E+04  0.12500000E+03  0.52005530E-03  0.69999999E+00  0.99999939E+03
 -0.25000000E+00  0.25000000E+00  0.00000000E+00  0.00000000E+00  0.10013420E+04  0.26437434E+04  0.12500000E+03  0.87105291E-03  0.69999999E+00  0.99999902E+03
 -0.25000000E+00  0.75000000E+00  0.00000000E+00  0.00000000E+00  0.10122698E+04  0.24977682E+05  0.12500000E+03  0.18470551E-03  0.69999999E+00  0.99999982E+03
 -0.25000000E+00  0.12500000E+01  0.00000000E+00  0.00000000E+00  0.10041104E+04  0.81646074E+04  0.12500000E+03  0.93073450E-03  0.69999999E+00  0.99999896E+03
 -0.25000000E+00  0.17500000E+01  0.00000000E+00  0.00000000E+00  0.10013065E+04  0.25734888E+04  0.12500000E+03 -0.28363167E-03  0.69999999E+00  0.10000003E+04
 -0.25000000E+00  0.22500000E+01  0.00000000E+00  0.00000000E+00  0.10012490E+04  0.24598875E+04  0.12500000E+03 -0.14606296E-03  0.69999999E+00  0.10000002E+04
 -0.25000000E+00  0.27500000E+01  0.00000000E+00  0.00000000E+00  0.10000000E+04  0.00000000E+00  0.12500000E+03  0.00000000E+00  0.69999999E+00  0.10000000E+04
 -0.25000000E+00  0.32500000E+01  0.00000000E+00  0.00000000E+00  0.10000000E+04  0.00000000E+00  0.12500000E+03  0.00000000E+00  0.69999999E+00  0.10000000E+04
 -0.25000000E+00  0.37500000E+01  0.00000000E+00  0.00000000E+00  0.10000000E+04  0.00000000E+00  0.12500000E+03  0.00000000E+00  0.69999999E+00  0.10000000E+04
  0.80000000E+01  0.00000000E+00  0.00000000E+00  0.00000000E+00  0.10000000E+04  0.00000000E+00  0.12500000E+03  0.00000000E+00  0.69999999E+00  0.10000000E+04
  0.80000000E+01  0.50000000E+00  0.00000000E+00  0.00000000E+00  0.10000000E+04  0.00000000E+00  0.12500000E+03  0.00000000E+00  0.69999999E+00  0.10000000E+04
  0.80000000E+01  0.10000000E+01  0.00000000E+00  0.00000000E+00  0.10000000E+04  0.00000000E+00  0.12500000E+03  0.00000000E+00  0.69999999E+00  0.10000000E+04
  0.80000000E+01  0.15000000E+01  0.00000000E+00  0.00000000E+00  0.10000000E+04  0.00000000E+00  0.12500000E+03  0.00000000E+00  0.69999999E+00  0.10000000E+04
  0.80000000E+01  0.20000000E+01  0.00000000E+00  0.00000000E+00  0.10000000E+04  0.00000000E+00  0.12500000E+03  0.00000000E+00  0.69999999E+00  0.10000000E+04
  0.80000000E+01  0.25000000E+01  0.00000000E+00  0.00000000E+00  0.10000000E+04  0.00000000E+00  0.12500000E+03  0.00000000E+00  0.69999999E+00  0.10000000E+04
  0.80000000E+01  0.30000000E+01  0.00000000E+00  0.00000000E+00  0.10000000E+04  0.00000000E+00  0.12500000E+03  0.00000000E+00  0.69999999E+00  0.10000000E+04
  0.80000000E+01  0.35000000E+01  0.00000000E+00  0.00000000E+00  0.10000000E+04  0.00000000E+00  0.12500000E+03  0.00000000E+00  0.69999999E+00  0.10000000E+04
  0.80000000E+01  0.40000000E+01  0.00000000E+00  0.00000000E+00  0.10000000E+04  0.00000000E+00  0.12500000E+03  0.00000000E+00  0.69999999E+00  0.10000000E+04
  0.82500000E+01 -0.25000000E+00  0.00000000E+00  0.00000000E+00  0.10000000E+04  0.00000000E+00  0.12500000E+03  0.00000000E+00  0.69999999E+00  0.10000000E+04
  0.82500000E+01  0.25000000E+00  0.00000000E+00  0.00000000E+00  0.10000000E+04  0.00000000E+00  0.12500000E+03  0.00000000E+00  0.69999999E+00  0.10000000E+04
  0.82500000E+01  0.75000000E+00  0.00000000E+00  0.00000000E+00  0.10000000E+04  0.00000000E+00  0.12500000E+03  0.00000000E+00  0.69999999E+00  0.10000000E+04
  0.82500000E+01  0.12500000E+01  0.00000000E+00  0.00000000E+00  0.10000000E+04  0.00000000E+00  0.12500000E+03  0.00000000E+00  0.69999999E+00  0.10000000E+04
  0.82500000E+01  0.17500000E+01  0.00000000E+00  0.00000000E+00  0.10000000E+04  0.00000000E+00  0.12500000E+03  0.00000000E+00  0.69999999E+00  0.10000000E+04
  0.82500000E+01  0.22500000E+01  0.00000000E+00  0.00000000E+00  0.10000000E+04  0.00000000E+00  0.12500000E+03  0.00000000E+00  0.69999999E+00  0.10000000E+04
  0.82500000E+01  0.27500000E+01  0.00000000E+00  0.00000000E+00  0.10000000E+04  0.00000000E+00  0.12500000E+03  0.00000000E+00  0.69999999E+00  0.10000000E+04
  0.82500000E+01  0.32500000E+01  0.00000000E+00  0.00000000E+00  0.10000000E+04  0.00000000E+00  0.12500000E+03  0.00000000E+00  0.69999999E+00  0.10000000E+04
  0.82500000E+01  0.37500000E+01  0.00000000E+00  0.00000000E+00  0.10000000E+04  0.00000000E+00  0.12500000E+03  0.00000000E+00  0.69999999E+00  0.10000000E+04
  0.50000000E+00  0.00000000E+00  0.00000000E+00  0.00000000E+00  0.10340094E+04  0.73933844E+05  0.12500000E+03  0.10271162E-01  0.69999999E+00  0.99998785E+03
  0.10000000E+01  0.00000000E+00  0.00000000E+00  0.00000000E+00  0.10647354E+04  0.15451727E+06  0.12500000E+03  0.50991098E-02  0.69999999E+00  0.99999377E+03
  0.15000000E+01  0.00000000E+00  0.00000000E+00  0.00000000E+00  0.10317876E+04  0.68640172E+05  0.12500000E+03  0.18368118E-01  0.69999999E+00  0.99997833E+03
  0.20000000E+01  0.00000000E+00  0.00000000E+00  0.00000000E+00  0.11409666E+04  0.42523750E+06  0.12500000E+03  0.20772556E-01  0.69999999E+00  0.99997290E+03
  0.25000000E+01  0.00000000E+00  0.00000000E+00  0.00000000E+00  0.10251871E+04  0.53311945E+05  0.12500000E+03  0.40977621E-02  0.69999999E+00  0.99999518E+03
  0.30000000E+01  0.00000000E+00  0.00000000E+00  0.00000000E+00  0.10325798E+04  0.70519695E+05  0.12500000E+03  0.58696792E-02  0.69999999E+00  0.99999310E+03
  0.35000000E+01  0.00000000E+00  0.00000000E+00  0.00000000E+00  0.10054214E+04  0.10811357E+05  0.12500000E+03  0.22491592E-02  0.69999999E+00  0.99999744E+03
  0.40000000E+01  0.00000000E+00  0.00000000E+00  0.00000000E+00  0.10000137E+04  0.26898298E+02  0.12500000E+03 -0.68247195E-04  0.69999999E+00  0.10000001E+04
  0.45000000E+01  0.00000000E+00  0.00000000E+00  0.00000000E+00  0.10000000E+04  0.00000000E+00  0.12500000E+03  0.40749759E-41  0.69999999E+00  0.10000000E+04
  0.50000000E+01  0.00000000E+00  0.00000000E+00  0.00000000E+00  0.10000000E+04  0.00000000E+00  0.12500000E+03  0.00000000E+00  0.69999999E+00  0.10000000E+04
  0.55000000E+01  0.00000000E+00  0.00000000E+00  0.00000000E+00  0.10000000E+04  0.00000000E+00  0.12500000E+03  0.00000000E+00  0.69999999E+00  0.10000000E+04
  0.60000000E+01  0.00000000E+00  0.00000000E+00  0.00000000E+00  0.10000000E+04  0.00000000E+00  0.12500000E+03  0.00000000E+00  0.69999999E+00  0.10000000E+04
  0.65000000E+01  0.00000000E+00  0.00000000E+00  0.00000000E+00  0.10000000E+04  0.00000000E+00  0.12500000E+03  0.00000000E+00  0.69999999E+00  0.10000000E+04
  0.70000000E+01  0.00000000E+00  0.00000000E+00  0.00000000E+00  0.10000000E+04  0.00000000E+00  0.12500000E+03  0.00000000E+00  0.69999999E+00  0.10000000E+04
  0.75000000E+01  0.00000000E+00  0.00000000E+00  0.00000000E+00  0.10000000E+04  0.00000000E+00  0.12500000E+03  0.00000000E+00  0.69999999E+00  0.10000000E+04
  0.25000000E+00 -0.25000000E+00  0.00000000E+00  0.00000000E+00  0.10053525E+04  0.10671741E+05  0.12500000E+03  0.29622708E-02  0.69999999E+00  0.99999658E+03
  0.75000000E+00 -0.25000000E+00  0.00000000E+00  0.00000000E+00  0.10241541E+04  0.50965914E+05  0.12500000E+03  0.75691505E-02  0.69999999E+00  0.99999115E+03
  0.12500000E+01 -0.25000000E+00  0.00000000E+00  0.00000000E+00  0.10130513E+04  0.26631287E+05  0.12500000E+03  0.60325535E-02  0.69999999E+00  0.99999304E+03
  0.17500000E+01 -0.25000000E+00  0.00000000E+00  0.00000000E+00  0.10161785E+04  0.33325039E+05  0.12500000E+03  0.93582924E-02  0.69999999E+00  0.99998914E+03
  0.22500000E+01 -0.25000000E+00  0.00000000E+00  0.00000000E+00  0.10018536E+04  0.36570198E+04  0.12500000E+03  0.87081306E-02  0.69999999E+00  0.99999005E+03
  0.27500000E+01 -0.25000000E+00  0.00000000E+00  0.00000000E+00  0.10054084E+04  0.10785024E+05  0.12500000E+03  0.27838435E-02  0.69999999E+00  0.99999683E+03
  0.32500000E+01 -0.25000000E+00  0.00000000E+00  0.00000000E+00  0.10007448E+04  0.14643706E+04  0.12500000E+03  0.22067414E-02  0.69999999E+00  0.99999750E+03
  0.37500000E+01 -0.25000000E+00  0.00000000E+00  0.00000000E+00  0.10000070E+04  0.13565822E+02  0.12500000E+03 -0.15635355E-03  0.69999999E+00  0.10000002E+04
  0.42500000E+01 -0.25000000E+00  0.00000000E+00  0.00000000E+00  0.10000000E+04  0.00000000E+00  0.12500000E+03 -0.11748327E-37  0.69999999E+00  0.10000000E+04
  0.47500000E+01 -0.25000000E+00  0.00000000E+00  0.00000000E+00  0.10000000E+04  0.00000000E+00  0.12500000E+03 -0.39544643E-41  0.69999999E+00  0.10000000E+04
  0.52500000E+01 -0.25000000E+00  0.00000000E+00  0.00000000E+00  0.10000000E+04  0.00000000E+00  0.12500000E+03  0.00000000E+00  0.69999999E+00  0.10000000E+04
  0.57500000E+01 -0.25000000E+00  0.00000000E+00  0.00000000E+00  0.10000000E+04  0.00000000E+00  0.12500000E+03  0.00000000E+00  0.69999999E+00  0.10000000E+04
  0.62500000E+01 -0.25000000E+00  0.00000000E+00  0.00000000E+00  0.10000000E+04  0.00000000E+00  0.12500000E+03  0.00000000E+00  0.69999999E+00  0.10000000E+04
  0.67500000E+01 -0.25000000E+00  0.00000000E+00  0.00000000E+00  0.10000000E+04  0.00000000E+00  0.12500000E+03  0.00000000E+00  0.69999999E+00  0.10000000E+04
  0.72500000E+01 -0.25000000E+00  0.00000000E+00  0.00000000E+00  0.10000000E+04  0.00000000E+00  0.12500000E+03  0.00000000E+00  0.69999999E+00  0.10000000E+04
  0.77500000E+01 -0.25000000E+00  0.00000000E+00  0.00000000E+00  0.10000000E+04  0.00000000E+00  0.12500000E+03  0.00000000E+00  0.69999999E+00  0.10000000E+04
  0.40000000E+01  0.50000000E+00  0.00000000E+00  0.00000000E+00  0.10012799E+04  0.25209258E+04  0.12500000E+03 -0.21871184E-03  0.69999999E+00  0.10000002E+04
  0.37500000E+01  0.25000000E+00  0.00000000E+00  0.00000000E+00  0.10049878E+04  0.99337920E+04  0.12500000E+03 -0.99013257E-03  0.69999999E+00  0.10000012E+04
  0.40000000E+01  0.10000000E+01  0.00000000E+00  0.00000000E+00  0.10045967E+04  0.91440723E+04  0.12500000E+03 -0.82114508E-04  0.69999999E+00  0.10000001E+04
  0.37500000E+01  0.75000000E+00  0.00000000E+00  0.00000000E+00  0.10539285E+04  0.12455016E+06  0.12500000E+03  0.76786405E-03  0.69999999E+00  0.99999908E+03
  0.40000000E+01  0.15000000E+01  0.00000000E+00  0.00000000E+00  0.10002833E+04  0.55642609E+03  0.12500000E+03  0.23799200E-03  0.69999999E+00  0.99999976E+03
  0.37500000E+01  0.12500000E+01  0.00000000E+00  0.00000000E+00  0.10371241E+04  0.81470680E+05  0.12500000E+03  0.53065066E-03  0.69999999E+00  0.99999939E+03
  0.40000000E+01  0.20000000E+01  0.00000000E+00  0.00000000E+00  0.10001637E+04  0.32128680E+03  0.12500000E+03  0.21979214E-03  0.69999999E+00  0.99999976E+03
  0.37500000E+01  0.17500000E+01  0.00000000E+00  0.00000000E+00  0.10215166E+04  0.45040344E+05  0.12500000E+03  0.11919488E-02  0.69999999E+00  0.99999860E+03
  0.45000000E+01  0.50000000E+00  0.00000000E+00  0.00000000E+00  0.10000000E+04  0.00000000E+00  0.12500000E+03  0.12188494E-40  0.69999999E+00  0.10000000E+04
  0.42500000E+01  0.25000000E+00  0.00000000E+00  0.00000000E+00  0.10000018E+04  0.35083482E+01  0.12500000E+03 -0.74084828E-05  0.69999999E+00  0.10000000E+04
  0.45000000E+01  0.10000000E+01  0.00000000E+00  0.00000000E+00  0.10000000E+04  0.00000000E+00  0.12500000E+03  0.00000000E+00  0.69999999E+00  0.10000000E+04
  0.42500000E+01  0.75000000E+00  0.00000000E+00  0.00000000E+00  0.10000944E+04  0.18529227E+03  0.12500000E+03 -0.75637886E-05  0.69999999E+00  0.10000000E+04
  0.45000000E+01  0.15000000E+01  0.00000000E+00  0.00000000E+00  0.10000000E+04  0.00000000E+00  0.12500000E+03 -0.00000000E+00  0.69999999E+00  0.10000000E+04
  0.42500000E+01  0.12500000E+01  0.00000000E+00  0.00000000E+00  0.10000066E+04  0.12864128E+02  0.12500000E+03  0.34267537E-05  0.69999999E+00  0.10000000E+04
  0.45000000E+01  0.20000000E+01  0.00000000E+00  0.00000000E+00  0.10000000E+04  0.00000000E+00  0.12500000E+03  0.00000000E+00  0.69999999E+00  0.10000000E+04
  0.42500000E+01  0.17500000E+01  0.00000000E+00  0.00000000E+00  0.10000031E+04  0.60811610E+01  0.12500000E+03  0.28991612E-05  0.69999999E+00  0.10000000E+04
  0.50000000E+01  0.50000000E+00  0.00000000E+00  0.00000000E+00  0.10000000E+04  0.00000000E+00  0.12500000E+03  0.00000000E+00  0.69999999E+00  0.10000000E+04
  0.47500000E+01  0.25000000E+00  0.00000000E+00  0.00000000E+00  0.10000000E+04  0.00000000E+00  0.12500000E+03  0.39040175E-41  0.69999999E+00  0.10000000E+04
  0.50000000E+01  0.10000000E+01  0.00000000E+00  0.00000000E+00  0.10000000E+04  0.00000000E+00  0.12500000E+03  0.00000000E+00  0.69999999E+00  0.10000000E+04
  0.47500000E+01  0.75000000E+00  0.00000000E+00  0.00000000E+00  0.10000000E+04  0.00000000E+00  0.12500000E+03  0.00000000E+00  0.69999999E+00  0.10000000E+04
  0.50000000E+01  0.15000000E+01  0.00000000E+00  0.00000000E+00  0.10000000E+04  0.00000000E+00  0.12500000E+03  0.00000000E+00  0.69999999E+00  0.10000000E+04
  0.47500000E+01  0.12500000E+01  0.00000000E+00  0.00000000E+00  0.10000000E+04  0.00000000E+00  0.12500000E+03  0.00000000E+00  0.69999999E+00  0.10000000E+04
  0.50000000E+01  0.20000000E+01  0.00000000E+00  0.00000000E+00  0.10000000E+04  0.00000000E+00  0.12500000E+03  0.00000000E+00  0.69999999E+00  0.10000000E+04
  0.47500000E+01  0.17500000E+01  0.00000000E+00  0.00000000E+00  0.10000000E+04  0.00000000E+00  0.12500000E+03 -0.00000000E+00  0.69999999E+00  0.10000000E+04
  0.27185705E+01  0.97493613E+00  0.48829579E+00 -0.33129179E+00  0.10049062E+04  0.97687637E+04  0.12576698E+03  0.12576674E+03  0.10000000E+01  0.00000000E+00
  0.13049055E+01  0.10747102E+01  0.38950986E+00  0.89290291E-01  0.10010537E+04  0.20738882E+04  0.12561582E+03  0.12561256E+03  0.10000000E+01  0.00000000E+00
  0.11597064E+01  0.15884148E+01  0.17858400E+01  0.26556033E+00  0.98166791E+03 -0.34048777E+05  0.12546356E+03  0.12546333E+03  0.10000000E+01  0.00000000E+00
  0.16404403E+01  0.16802219E+01  0.17831857E+01 -0.14749581E+01  0.10033743E+04  0.66876099E+04  0.12531018E+03  0.12531027E+03  0.10000000E+01  0.00000000E+00
  0.22604718E+01  0.15311080E+01  0.11814015E+01  0.13716075E+00  0.99801636E+03 -0.38688228E+04  0.12515567E+03  0.12515567E+03  0.10000000E+01  0.00000000E+00
  0.27343702E+01  0.15121799E+01  0.19541097E+01 -0.70949113E+00  0.99846857E+03 -0.29908813E+04  0.12500000E+03  0.12500000E+03  0.10000000E+01  0.00000000E+00
  0.26034822E+01  0.94686449E+00 -0.28917593E+00 -0.90890479E+00  0.10119793E+04  0.24365205E+05  0.12576698E+03  0.12575494E+03  0.10000000E+01  0.00000000E+00
  0.11194037E+01  0.10288525E+01  0.27681449E+00  0.38743532E+00  0.10075452E+04  0.15143086E+05  0.12561582E+03  0.12560624E+03  0.10000000E+01  0.00000000E+00
  0.10389512E+01  0.14605322E+01  0.34658828E+00 -0.14293504E+01  0.99563196E+03 -0.84586562E+04  0.12546356E+03  0.12546037E+03  0.10000000E+01  0.00000000E+00
  0.24131858E+01  0.13175629E+01  0.95918417E-01  0.22242852E-01  0.10023846E+04  0.47123130E+04  0.12531018E+03  0.12531038E+03  0.10000000E+01  0.00000000E+00
  0.99965560E+00  0.96323276E+00  0.94089276E+00 -0.17791897E+00  0.99499103E+03 -0.96811963E+04  0.12515567E+03  0.12515567E+03  0.10000000E+01  0.00000000E+00
  0.67447555E+00  0.89228833E+00  0.56882352E+00  0.14099956E+01  0.10223522E+04  0.46907863E+05  0.12500000E+03  0.12500000E+03  0.10000000E+01  0.00000000E+00
  0.19043312E+01  0.10447525E+01  0.38011873E+00 -0.13120039E+01  0.10053472E+04  0.10660874E+05  0.12576698E+03  0.12575644E+03  0.10000000E+01  0.00000000E+00
  0.22934382E+01  0.94625020E+00  0.15867276E+01 -0.80510867E+00  0.10087823E+04  0.17691490E+05  0.12561582E+03  0.12561089E+03  0.10000000E+01  0.00000000E+00
  0.27003632E+01  0.77875817E+00  0.10009890E+00 -0.40763545E+00  0.10037166E+04  0.73737549E+04  0.12546356E+03  0.12546005E+03  0.10000000E+01  0.00000000E+00
  0.20515001E+01  0.10393330E+01 -0.59201396E+00  0.19716218E+01  0.99693890E+03 -0.59510352E+04  0.12531018E+03  0.12531018E+03  0.10000000E+01  0.00000000E+00
  0.28958168E+01  0.79696667E+00  0.10631279E+01  0.85759127E+00  0.10041755E+04  0.82957578E+04  0.12515567E+03  0.12515553E+03  0.10000000E+01  0.00000000E+00
  0.12610929E+01  0.18229203E+01  0.21930399E+01 -0.89680821E+00  0.99489130E+03 -0.98709805E+04  0.12500000E+03  0.12499989E+03  0.10000000E+01  0.00000000E+00
  0.87473583E+00  0.10173329E+01  0.47099689E+00  0.71574718E+00  0.99896155E+03 -0.20310677E+04  0.12576698E+03  0.12576566E+03  0.10000000E+01  0.00000000E+00
  0.22803793E+01  0.93163836E+00  0.14853145E+01 -0.60264862E+00  0.10102055E+04  0.20646781E+05  0.12561582E+03  0.12561221E+03  0.10000000E+01  0.00000000E+00
  0.28807626E+01  0.11121447E+01  0.32834288E+00  0.11266158E+01  0.10110092E+04  0.22326717E+05  0.12546356E+03  0.12546202E+03  0.10000000E+01  0.00000000E+00
  0.17034426E+01  0.10698853E+01  0.20195460E+01  0.18427545E+00  0.10214001E+04  0.44780789E+05  0.12531018E+03  0.12530890E+03  0.10000000E+01  0.00000000E+00
  0.92004156E+00  0.18002195E+01  0.63445419E+00 -0.10502867E+01  0.10033654E+04  0.66699492E+04  0.12515567E+03  0.12515567E+03  0.10000000E+01  0.00000000E+00
  0.12517738E+01  0.78448331E+00  0.89799935E+00  0.70308936E+00  0.10119692E+04  0.24343852E+05  0.12500000E+03  0.12500012E+03  0.10000000E+01  0.00000000E+00
  0.13860724E+01  0.17353649E+01 -0.32121053E+00 -0.11498555E+00  0.99944403E+03 -0.10890387E+04  0.12561582E+03  0.12561399E+03  0.10000000E+01  0.00000000E+00
  0.27613621E+01  0.16504734E+01 -0.12431811E+01  0.17461071E+01  0.10064691E+04  0.12941191E+05  0.12531018E+03  0.12531004E+03  0.10000000E+01  0.00000000E+00
  0.22329533E+01  0.18114817E+01  0.22018270E+01  0.75103807E+00  0.10108762E+04  0.22048084E+05  0.12500000E+03  0.12500000E+03  0.10000000E+01  0.00000000E+00
