  0.00000000E+00  0.00000000E+00  0.00000000E+00  0.00000000E+00  0.10009905E+04  0.19491650E+04  0.12500000E+03  0.26542272E-02  0.69999999E+00  0.99999695E+03
  0.00000000E+00  0.50000000E+00  0.00000000E+00  0.00000000E+00  0.10174955E+04  0.36181324E+05  0.12500000E+03  0.37987488E-02  0.69999999E+00  0.99999561E+03
  0.00000000E+00  0.10000000E+01  0.00000000E+00  0.00000000E+00  0.10171617E+04  0.35455328E+05  0.12500000E+03  0.41053202E-02  0.69999999E+00  0.99999524E+03
  0.00000000E+00  0.15000000E+01  0.00000000E+00  0.00000000E+00  0.10205299E+04  0.42847051E+05  0.12500000E+03  0.15013441E-02  0.69999999E+00  0.99999823E+03
  0.00000000E+00  0.20000000E+01  0.00000000E+00  0.00000000E+00  0.10194338E+04  0.40425637E+05  0.12500000E+03 -0.20211302E-02  0.69999999E+00  0.10000024E+04
  0.00000000E+00  0.25000000E+01  0.00000000E+00  0.00000000E+00  0.10034469E+04  0.68332266E+04  0.12500000E+03  0.51974104E-03  0.69999999E+00  0.99999939E+03
  0.00000000E+00  0.30000000E+01  0.00000000E+00  0.00000000E+00  0.10000026E+04  0.51455903E+01  0.12500000E+03  0.38292605E-04  0.69999999E+00  0.99999994E+03
  0.00000000E+00  0.35000000E+01  0.00000000E+00  0.00000000E+00  0.10000000E+04  0.00000000E+00  0.12500000E+03  0.00000000E+00  0.69999999E+00  0.10000000E+04
  0.00000000E+00  0.40000000E+01  0.00000000E+00  0.00000000E+00  0.10000000E+04  0.00000000E+00  0.12500000E+03  0.00000000E+00  0.69999999E+00  0.10000000E+04
 -0.25000000E+00 -0.25000000E+00  0.00000000E+00  0.00000000E+00  0.10006414E+04  0.12607445E+04  0.12500000E+03  0.52005530E-03  0.69999999E+00  0.99999939E+03
 -0.25000000E+00  0.25000000E+00  0.00000000E+00  0.00000000E+00  0.10006857E+04  0.13480980E+04  0.12500000E+03  0.12091498E-02  0.69999999E+00  0.99999860E+03
 -0.25000000E+00  0.75000000E+00  0.00000000E+00  0.00000000E+00  0.10067560E+04  0.13526869E+05  0.12500000E+03  0.63154916E-03  0.69999999E+00  0.99999927E+03
 -0.25000000E+00  0.12500000E+01  0.00000000E+00  0.00000000E+00  0.10045299E+04  0.90094678E+04  0.12500000E+03  0.12857013E-02  0.69999999E+00  0.99999854E+03
 -0.25000000E+00  0.17500000E+01  0.00000000E+00  0.00000000E+00  0.10010067E+04  0.19811649E+04  0.12500000E+03 -0.42901619E-03  0.69999999E+00  0.10000005E+04
 -0.25000000E+00  0.22500000E+01  0.00000000E+00  0.00000000E+00  0.10015139E+04  0.29839109E+04  0.12500000E+03 -0.18548567E-03  0.69999999E+00  0.10000002E+04
 -0.25000000E+00  0.27500000E+01  0.00000000E+00  0.00000000E+00  0.10000007E+04  0.14033347E+01  0.12500000E+03  0.17473474E-04  0.69999999E+00  0.10000000E+04
 -0.25000000E+00  0.32500000E+01  0.00000000E+00  0.00000000E+00  0.10000000E+04  0.00000000E+00  0.12500000E+03  0.12202507E-40  0.69999999E+00  0.10000000E+04
 -0.25000000E+00  0.37500000E+01  0.00000000E+00  0.00000000E+00  0.10000000E+04  0.00000000E+00  0.12500000E+03  0.00000000E+00  0.69999999E+00  0.10000000E+04
  0.80000000E+01  0.00000000E+00  0.00000000E+00  0.00000000E+00  0.10000000E+04  0.00000000E+00  0.12500000E+03  0.00000000E+00  0.69999999E+00  0.10000000E+04
  0.80000000E+01  0.50000000E+00  0.00000000E+00  0.00000000E+00  0.10000000E+04  0.00000000E+00  0.12500000E+03  0.00000000E+00  0.69999999E+00  0.10000000E+04
  0.80000000E+01  0.10000000E+01  0.00000000E+00  0.00000000E+00  0.10000000E+04  0.00000000E+00  0.12500000E+03  0.00000000E+00  0.69999999E+00  0.10000000E+04
  0.80000000E+01  0.15000000E+01  0.00000000E+00  0.00000000E+00  0.10000000E+04  0.00000000E+00  0.12500000E+03  0.00000000E+00  0.69999999E+00  0.10000000E+04
  0.80000000E+01  0.20000000E+01  0.00000000E+00  0.00000000E+00  0.10000000E+04  0.00000000E+00  0.12500000E+03  0.00000000E+00  0.69999999E+00  0.10000000E+04
  0.80000000E+01  0.25000000E+01  0.00000000E+00  0.00000000E+00  0.10000000E+04  0.00000000E+00  0.12500000E+03  0.00000000E+00  0.69999999E+00  0.10000000E+04
  0.80000000E+01  0.30000000E+01  0.00000000E+00  0.00000000E+00  0.10000000E+04  0.00000000E+00  0.12500000E+03  0.00000000E+00  0.69999999E+00  0.10000000E+04
  0.80000000E+01  0.35000000E+01  0.00000000E+00  0.00000000E+00  0.10000000E+04  0.00000000E+00  0.12500000E+03  0.00000000E+00  0.69999999E+00  0.10000000E+04
  0.80000000E+01  0.40000000E+01  0.00000000E+00  0.00000000E+00  0.10000000E+04  0.00000000E+00  0.12500000E+03  0.00000000E+00  0.69999999E+00  0.10000000E+04
  0.82500000E+01 -0.25000000E+00  0.00000000E+00  0.00000000E+00  0.10000000E+04  0.00000000E+00  0.12500000E+03  0.00000000E+00  0.69999999E+00  0.10000000E+04
  0.82500000E+01  0.25000000E+00  0.00000000E+00  0.00000000E+00  0.10000000E+04  0.00000000E+00  0.12500000E+03  0.00000000E+00  0.69999999E+00  0.10000000E+04
  0.82500000E+01  0.75000000E+00  0.00000000E+00  0.00000000E+00  0.10000000E+04  0.00000000E+00  0.12500000E+03  0.00000000E+00  0.69999999E+00  0.10000000E+04
  0.82500000E+01  0.12500000E+01  0.00000000E+00  0.00000000E+00  0.10000000E+04  0.00000000E+00  0.12500000E+03  0.00000000E+00  0.69999999E+00  0.10000000E+04
  0.82500000E+01  0.17500000E+01  0.00000000E+00  0.00000000E+00  0.10000000E+04  0.00000000E+00  0.12500000E+03  0.00000000E+00  0.69999999E+00  0.10000000E+04
  0.82500000E+01  0.22500000E+01  0.00000000E+00  0.00000000E+00  0.10000000E+04  0.00000000E+00  0.12500000E+03  0.00000000E+00  0.69999999E+00  0.10000000E+04
  0.82500000E+01  0.27500000E+01  0.00000000E+00  0.00000000E+00  0.10000000E+04  0.00000000E+00  0.12500000E+03  0.00000000E+00  0.69999999E+00  0.10000000E+04
  0.82500000E+01  0.32500000E+01  0.00000000E+00  0.00000000E+00  0.10000000E+04  0.00000000E+00  0.12500000E+03  0.00000000E+00  0.69999999E+00  0.10000000E+04
  0.82500000E+01  0.37500000E+01  0.00000000E+00  0.00000000E+00  0.10000000E+04  0.00000000E+00  0.12500000E+03  0.00000000E+00  0.69999999E+00  0.10000000E+04
  0.50000000E+00  0.00000000E+00  0.00000000E+00  0.00000000E+00  0.10438346E+04  0.98176641E+05  0.12500000E+03  0.13492512E-01  0.69999999E+00  0.99998389E+03
  0.10000000E+01  0.00000000E+00  0.00000000E+00  0.00000000E+00  0.10644668E+04  0.15375044E+06  0.12500000E+03  0.79742186E-02  0.69999999E+00  0.99999030E+03
  0.15000000E+01  0.00000000E+00  0.00000000E+00  0.00000000E+00  0.10255454E+04  0.54128770E+05  0.12500000E+03  0.23407448E-01  0.69999999E+00  0.99997253E+03
  0.20000000E+01  0.00000000E+00  0.00000000E+00  0.00000000E+00  0.11307539E+04  0.38220159E+06  0.12500000E+03  0.27196301E-01  0.69999999E+00  0.99996484E+03
  0.25000000E+01  0.00000000E+00  0.00000000E+00  0.00000000E+00  0.10325065E+04  0.70345375E+05  0.12500000E+03  0.89881103E-02  0.69999999E+00  0.99998938E+03
  0.30000000E+01  0.00000000E+00  0.00000000E+00  0.00000000E+00  0.10408071E+04  0.90559578E+05  0.12500000E+03  0.10682477E-01  0.69999999E+00  0.99998730E+03
  0.35000000E+01  0.00000000E+00  0.00000000E+00  0.00000000E+00  0.10033982E+04  0.67355850E+04  0.12500000E+03  0.44611041E-02  0.69999999E+00  0.99999487E+03
  0.40000000E+01  0.00000000E+00  0.00000000E+00  0.00000000E+00  0.10000137E+04  0.26898298E+02  0.12500000E+03 -0.68247195E-04  0.69999999E+00  0.10000001E+04
  0.45000000E+01  0.00000000E+00  0.00000000E+00  0.00000000E+00  0.10000000E+04  0.00000000E+00  0.12500000E+03  0.67403297E-39  0.69999999E+00  0.10000000E+04
  0.50000000E+01  0.00000000E+00  0.00000000E+00  0.00000000E+00  0.10000000E+04  0.00000000E+00  0.12500000E+03 -0.29679501E-41  0.69999999E+00  0.10000000E+04
  0.55000000E+01  0.00000000E+00  0.00000000E+00  0.00000000E+00  0.10000000E+04  0.00000000E+00  0.12500000E+03  0.00000000E+00  0.69999999E+00  0.10000000E+04
  0.60000000E+01  0.00000000E+00  0.00000000E+00  0.00000000E+00  0.10000000E+04  0.00000000E+00  0.12500000E+03  0.00000000E+00  0.69999999E+00  0.10000000E+04
  0.65000000E+01  0.00000000E+00  0.00000000E+00  0.00000000E+00  0.10000000E+04  0.00000000E+00  0.12500000E+03  0.00000000E+00  0.69999999E+00  0.10000000E+04
  0.70000000E+01  0.00000000E+00  0.00000000E+00  0.00000000E+00  0.10000000E+04  0.00000000E+00  0.12500000E+03  0.00000000E+00  0.69999999E+00  0.10000000E+04
  0.75000000E+01  0.00000000E+00  0.00000000E+00  0.00000000E+00  0.10000000E+04  0.00000000E+00  0.12500000E+03  0.00000000E+00  0.69999999E+00  0.10000000E+04
  0.25000000E+00 -0.25000000E+00  0.00000000E+00  0.00000000E+00  0.10056553E+04  0.11285709E+05  0.12500000E+03  0.34635374E-02  0.69999999E+00  0.99999603E+03
  0.75000000E+00 -0.25000000E+00  0.00000000E+00  0.00000000E+00  0.10257607E+04  0.54620773E+05  0.12500000E+03  0.96159652E-02  0.69999999E+00  0.99998871E+03
  0.12500000E+01 -0.25000000E+00  0.00000000E+00  0.00000000E+00  0.10093798E+04  0.18929078E+05  0.12500000E+03  0.75651230E-02  0.69999999E+00  0.99999127E+03
  0.17500000E+01 -0.25000000E+00  0.00000000E+00  0.00000000E+00  0.10146544E+04  0.30047285E+05  0.12500000E+03  0.11587786E-01  0.69999999E+00  0.99998657E+03
  0.22500000E+01 -0.25000000E+00  0.00000000E+00  0.00000000E+00  0.10011282E+04  0.22210281E+04  0.12500000E+03  0.11654004E-01  0.69999999E+00  0.99998669E+03
  0.27500000E+01 -0.25000000E+00  0.00000000E+00  0.00000000E+00  0.10051970E+04  0.10356970E+05  0.12500000E+03  0.57971077E-02  0.69999999E+00  0.99999335E+03
  0.32500000E+01 -0.25000000E+00  0.00000000E+00  0.00000000E+00  0.10018140E+04  0.35785105E+04  0.12500000E+03  0.40752101E-02  0.69999999E+00  0.99999536E+03
  0.37500000E+01 -0.25000000E+00  0.00000000E+00  0.00000000E+00  0.10000070E+04  0.13565822E+02  0.12500000E+03 -0.15635355E-03  0.69999999E+00  0.10000002E+04
  0.42500000E+01 -0.25000000E+00  0.00000000E+00  0.00000000E+00  0.10000000E+04  0.00000000E+00  0.12500000E+03 -0.23709956E-35  0.69999999E+00  0.10000000E+04
  0.47500000E+01 -0.25000000E+00  0.00000000E+00  0.00000000E+00  0.10000000E+04  0.00000000E+00  0.12500000E+03 -0.15142431E-38  0.69999999E+00  0.10000000E+04
  0.52500000E+01 -0.25000000E+00  0.00000000E+00  0.00000000E+00  0.10000000E+04  0.00000000E+00  0.12500000E+03  0.00000000E+00  0.69999999E+00  0.10000000E+04
  0.57500000E+01 -0.25000000E+00  0.00000000E+00  0.00000000E+00  0.10000000E+04  0.00000000E+00  0.12500000E+03  0.00000000E+00  0.69999999E+00  0.10000000E+04
  0.62500000E+01 -0.25000000E+00  0.00000000E+00  0.00000000E+00  0.10000000E+04  0.00000000E+00  0.12500000E+03  0.00000000E+00  0.69999999E+00  0.10000000E+04
  0.67500000E+01 -0.25000000E+00  0.00000000E+00  0.00000000E+00  0.10000000E+04  0.00000000E+00  0.12500000E+03  0.00000000E+00  0.69999999E+00  0.10000000E+04
  0.72500000E+01 -0.25000000E+00  0.00000000E+00  0.00000000E+00  0.10000000E+04  0.00000000E+00  0.12500000E+03  0.00000000E+00  0.69999999E+00  0.10000000E+04
  0.77500000E+01 -0.25000000E+00  0.00000000E+00  0.00000000E+00  0.10000000E+04  0.00000000E+00  0.12500000E+03  0.00000000E+00  0.69999999E+00  0.10000000E+04
  0.40000000E+01  0.50000000E+00  0.00000000E+00  0.00000000E+00  0.99999219E+03 -0.15319346E+02  0.12500000E+03 -0.48620149E-03  0.69999999E+00  0.10000005E+04
  0.37500000E+01  0.25000000E+00  0.00000000E+00  0.00000000E+00  0.10007388E+04  0.14526240E+04  0.12500000E+03 -0.21274639E-02  0.69999999E+00  0.10000024E+04
  0.40000000E+01  0.10000000E+01  0.00000000E+00  0.00000000E+00  0.10004019E+04  0.78938971E+03  0.12500000E+03 -0.12440959E-03  0.69999999E+00  0.10000001E+04
  0.37500000E+01  0.75000000E+00  0.00000000E+00  0.00000000E+00  0.10241166E+04  0.50881176E+05  0.12500000E+03  0.10721500E-02  0.69999999E+00  0.99999872E+03
  0.40000000E+01  0.15000000E+01  0.00000000E+00  0.00000000E+00  0.10003180E+04  0.62461060E+03  0.12500000E+03  0.49589708E-03  0.69999999E+00  0.99999945E+03
  0.37500000E+01  0.12500000E+01  0.00000000E+00  0.00000000E+00  0.10242830E+04  0.51257785E+05  0.12500000E+03  0.12204759E-02  0.69999999E+00  0.99999860E+03
  0.40000000E+01  0.20000000E+01  0.00000000E+00  0.00000000E+00  0.10013204E+04  0.26010703E+04  0.12500000E+03  0.34391764E-03  0.69999999E+00  0.99999963E+03
  0.37500000E+01  0.17500000E+01  0.00000000E+00  0.00000000E+00  0.10501416E+04  0.11447682E+06  0.12500000E+03  0.24335154E-02  0.69999999E+00  0.99999707E+03
  0.45000000E+01  0.50000000E+00  0.00000000E+00  0.00000000E+00  0.10000000E+04  0.00000000E+00  0.12500000E+03  0.44633262E-38  0.69999999E+00  0.10000000E+04
  0.42500000E+01  0.25000000E+00  0.00000000E+00  0.00000000E+00  0.10000018E+04  0.35083482E+01  0.12500000E+03 -0.74084828E-05  0.69999999E+00  0.10000000E+04
  0.45000000E+01  0.10000000E+01  0.00000000E+00  0.00000000E+00  0.10000000E+04  0.00000000E+00  0.12500000E+03 -0.38087292E-41  0.69999999E+00  0.10000000E+04
  0.42500000E+01  0.75000000E+00  0.00000000E+00  0.00000000E+00  0.10000916E+04  0.17967581E+03  0.12500000E+03 -0.20551628E-04  0.69999999E+00  0.10000000E+04
  0.45000000E+01  0.15000000E+01  0.00000000E+00  0.00000000E+00  0.10000000E+04  0.00000000E+00  0.12500000E+03 -0.16008434E-40  0.69999999E+00  0.10000000E+04
  0.42500000E+01  0.12500000E+01  0.00000000E+00  0.00000000E+00  0.10000066E+04  0.12864128E+02  0.12500000E+03  0.64903998E-05  0.69999999E+00  0.10000000E+04
  0.45000000E+01  0.20000000E+01  0.00000000E+00  0.00000000E+00  0.10000000E+04  0.00000000E+00  0.12500000E+03  0.15024722E-40  0.69999999E+00  0.10000000E+04
  0.42500000E+01  0.17500000E+01  0.00000000E+00  0.00000000E+00  0.10000031E+04  0.60811610E+01  0.12500000E+03 -0.35628464E-05  0.69999999E+00  0.10000000E+04
  0.50000000E+01  0.50000000E+00  0.00000000E+00  0.00000000E+00  0.10000000E+04  0.00000000E+00  0.12500000E+03  0.27437424E-41  0.69999999E+00  0.10000000E+04
  0.47500000E+01  0.25000000E+00  0.00000000E+00  0.00000000E+00  0.10000000E+04  0.00000000E+00  0.12500000E+03  0.14981030E-38  0.69999999E+00  0.10000000E+04
  0.50000000E+01  0.10000000E+01  0.00000000E+00  0.00000000E+00  0.10000000E+04  0.00000000E+00  0.12500000E+03 -0.00000000E+00  0.69999999E+00  0.10000000E+04
  0.47500000E+01  0.75000000E+00  0.00000000E+00  0.00000000E+00  0.10000000E+04  0.00000000E+00  0.12500000E+03  0.30211995E-41  0.69999999E+00  0.10000000E+04
  0.50000000E+01  0.15000000E+01  0.00000000E+00  0.00000000E+00  0.10000000E+04  0.00000000E+00  0.12500000E+03 -0.11541094E-40  0.69999999E+00  0.10000000E+04
  0.47500000E+01  0.12500000E+01  0.00000000E+00  0.00000000E+00  0.10000000E+04  0.00000000E+00  0.12500000E+03 -0.11162744E-40  0.69999999E+00  0.10000000E+04
  0.50000000E+01  0.20000000E+01  0.00000000E+00  0.00000000E+00  0.10000000E+04  0.00000000E+00  0.12500000E+03  0.10568593E-40  0.69999999E+00  0.10000000E+04
  0.47500000E+01  0.17500000E+01  0.00000000E+00  0.00000000E+00  0.10000000E+04  0.00000000E+00  0.12500000E+03 -0.23822074E-42  0.69999999E+00  0.10000000E+04
  0.27924974E+01  0.92451012E+00  0.40737468E+00  0.37929046E+00  0.10053887E+04  0.10745165E+05  0.12576698E+03  0.12576656E+03  0.10000000E+01  0.00000000E+00
  0.89634323E+00  0.13496963E+01  0.17400905E+00  0.29410392E+00  0.10096478E+04  0.19485844E+05  0.12561582E+03  0.12561256E+03  0.10000000E+01  0.00000000E+00
  0.17613502E+01  0.10055778E+01  0.42421558E+00  0.92446315E+00  0.99784167E+03 -0.42073496E+04  0.12546356E+03  0.12546323E+03  0.10000000E+01  0.00000000E+00
  0.28118393E+01  0.18022387E+01  0.22749209E+01 -0.46801189E+00  0.99835181E+03 -0.32177986E+04  0.12531018E+03  0.12531038E+03  0.10000000E+01  0.00000000E+00
  0.28798866E+01  0.17002770E+01 -0.10352618E+00  0.85118997E+00  0.10052606E+04  0.10485595E+05  0.12515567E+03  0.12515567E+03  0.10000000E+01  0.00000000E+00
  0.28081560E+01  0.17910411E+01  0.13502820E+01 -0.19894999E+00  0.10000695E+04  0.13638550E+03  0.12500000E+03  0.12499991E+03  0.10000000E+01  0.00000000E+00
  0.27545571E+01  0.93226206E+00 -0.33747005E+00 -0.31526291E+00  0.10067242E+04  0.13462097E+05  0.12576698E+03  0.12575461E+03  0.10000000E+01  0.00000000E+00
  0.94827354E+00  0.89901745E+00  0.83641922E+00 -0.64132243E+00  0.10076955E+04  0.15451520E+05  0.12561582E+03  0.12560609E+03  0.10000000E+01  0.00000000E+00
  0.87753987E+00  0.95686805E+00 -0.46508384E+00  0.43958747E+00  0.10025692E+04  0.50797866E+04  0.12546356E+03  0.12546051E+03  0.10000000E+01  0.00000000E+00
  0.28839643E+01  0.11831177E+01  0.21886820E-01 -0.83950752E+00  0.10111108E+04  0.22539586E+05  0.12531018E+03  0.12531038E+03  0.10000000E+01  0.00000000E+00
  0.11805755E+01  0.86794066E+00 -0.28475279E+00 -0.29184601E+00  0.10105980E+04  0.21466312E+05  0.12515567E+03  0.12515535E+03  0.10000000E+01  0.00000000E+00
  0.67215681E+00  0.90834713E+00  0.12602630E+00  0.19082460E+00  0.10115486E+04  0.23458736E+05  0.12500000E+03  0.12500000E+03  0.10000000E+01  0.00000000E+00
  0.21288216E+01  0.10179592E+01 -0.43629766E-01 -0.22799957E+00  0.10057426E+04  0.11462854E+05  0.12576698E+03  0.12575644E+03  0.10000000E+01  0.00000000E+00
  0.27174962E+01  0.91030943E+00 -0.38310006E+00 -0.11619025E+00  0.10079784E+04  0.16033396E+05  0.12561582E+03  0.12561059E+03  0.10000000E+01  0.00000000E+00
  0.28016596E+01  0.14638070E+01  0.11702095E+00 -0.31740850E+00  0.10032183E+04  0.63755830E+04  0.12546356E+03  0.12546005E+03  0.10000000E+01  0.00000000E+00
  0.15249960E+01  0.90155447E+00 -0.60072863E+00  0.19572327E+00  0.10141168E+04  0.28898062E+05  0.12531018E+03  0.12531018E+03  0.10000000E+01  0.00000000E+00
  0.28482690E+01  0.79277933E+00  0.13881260E-01  0.17301077E+00  0.10085951E+04  0.17304721E+05  0.12515567E+03  0.12515553E+03  0.10000000E+01  0.00000000E+00
  0.10296106E+01  0.15639875E+01 -0.13441023E+00  0.43145734E+00  0.10046943E+04  0.93407881E+04  0.12500000E+03  0.12500612E+03  0.10000000E+01  0.00000000E+00
  0.90632379E+00  0.14548174E+01  0.18960485E+00  0.46013975E+00  0.10068748E+04  0.13769756E+05  0.12576698E+03  0.12576566E+03  0.10000000E+01  0.00000000E+00
  0.24239597E+01  0.10805386E+01 -0.12405406E+00  0.42426926E+00  0.99898834E+03 -0.19788818E+04  0.12561582E+03  0.12561228E+03  0.10000000E+01  0.00000000E+00
  0.16288531E+01  0.11987565E+01  0.55133563E+00  0.14874688E-01  0.10063396E+04  0.12677271E+05  0.12546356E+03  0.12546202E+03  0.10000000E+01  0.00000000E+00
  0.22832396E+01  0.94816792E+00  0.29002421E-01 -0.21207670E-01  0.10116400E+04  0.23650977E+05  0.12531018E+03  0.12530890E+03  0.10000000E+01  0.00000000E+00
  0.21965866E+01  0.16373646E+01  0.54076910E+00 -0.63352644E+00  0.10112136E+04  0.22755332E+05  0.12515567E+03  0.12515567E+03  0.10000000E+01  0.00000000E+00
  0.14273009E+01  0.86219227E+00 -0.38993907E+00  0.12074825E+00  0.10147937E+04  0.30345762E+05  0.12500000E+03  0.12500012E+03  0.10000000E+01  0.00000000E+00
  0.10835710E+01  0.15605242E+01  0.20832206E+00  0.44050589E+00  0.10057065E+04  0.11389758E+05  0.12561582E+03  0.12560780E+03  0.10000000E+01  0.00000000E+00
  0.17517463E+01  0.15589752E+01 -0.99613833E+00  0.20617865E-01  0.10078283E+04  0.15724688E+05  0.12531018E+03  0.12531004E+03  0.10000000E+01  0.00000000E+00
  0.22817929E+01  0.18750570E+01  0.79020733E+00 -0.68678170E+00  0.10055535E+04  0.11079156E+05  0.12500000E+03  0.12500000E+03  0.10000000E+01  0.00000000E+00
