  0.00000000E+00  0.00000000E+00  0.00000000E+00  0.00000000E+00  0.10008649E+04  0.17012710E+04  0.12500000E+03  0.18223706E-02  0.69999999E+00  0.99999792E+03
  0.00000000E+00  0.50000000E+00  0.00000000E+00  0.00000000E+00  0.10012932E+04  0.25470884E+04  0.12500000E+03  0.12560764E-02  0.69999999E+00  0.99999854E+03
  0.00000000E+00  0.10000000E+01  0.00000000E+00  0.00000000E+00  0.10047032E+04  0.93590713E+04  0.12500000E+03  0.22580086E-02  0.69999999E+00  0.99999744E+03
  0.00000000E+00  0.15000000E+01  0.00000000E+00  0.00000000E+00  0.10154905E+04  0.31841844E+05  0.12500000E+03  0.81248186E-03  0.69999999E+00  0.99999908E+03
  0.00000000E+00  0.20000000E+01  0.00000000E+00  0.00000000E+00  0.10081433E+04  0.16372828E+05  0.12500000E+03 -0.62190637E-03  0.69999999E+00  0.10000007E+04
  0.00000000E+00  0.25000000E+01  0.00000000E+00  0.00000000E+00  0.10002484E+04  0.48778732E+03  0.12500000E+03  0.11101574E-03  0.69999999E+00  0.99999988E+03
  0.00000000E+00  0.30000000E+01  0.00000000E+00  0.00000000E+00  0.10000000E+04  0.00000000E+00  0.12500000E+03  0.00000000E+00  0.69999999E+00  0.10000000E+04
  0.00000000E+00  0.35000000E+01  0.00000000E+00  0.00000000E+00  0.10000000E+04  0.00000000E+00  0.12500000E+03  0.00000000E+00  0.69999999E+00  0.10000000E+04
  0.00000000E+00  0.40000000E+01  0.00000000E+00  0.00000000E+00  0.10000000E+04  0.00000000E+00  0.12500000E+03  0.00000000E+00  0.69999999E+00  0.10000000E+04
 -0.25000000E+00 -0.25000000E+00  0.00000000E+00  0.00000000E+00  0.10006414E+04  0.12607445E+04  0.12500000E+03  0.52005530E-03  0.69999999E+00  0.99999939E+03
 -0.25000000E+00  0.25000000E+00  0.00000000E+00  0.00000000E+00  0.10011429E+04  0.22502283E+04  0.12500000E+03  0.72317623E-03  0.69999999E+00  0.99999915E+03
 -0.25000000E+00  0.75000000E+00  0.00000000E+00  0.00000000E+00  0.10006598E+04  0.12971389E+04  0.12500000E+03 -0.33976256E-04  0.69999999E+00  0.10000001E+04
 -0.25000000E+00  0.12500000E+01  0.00000000E+00  0.00000000E+00  0.10025736E+04  0.50885752E+04  0.12500000E+03  0.74123376E-03  0.69999999E+00  0.99999915E+03
 -0.25000000E+00  0.17500000E+01  0.00000000E+00  0.00000000E+00  0.10006367E+04  0.12515878E+04  0.12500000E+03 -0.18585019E-03  0.69999999E+00  0.10000002E+04
 -0.25000000E+00  0.22500000E+01  0.00000000E+00  0.00000000E+00  0.10004747E+04  0.93267188E+03  0.12500000E+03 -0.78150333E-04  0.69999999E+00  0.10000001E+04
 -0.25000000E+00  0.27500000E+01  0.00000000E+00  0.00000000E+00  0.10000000E+04  0.00000000E+00  0.12500000E+03  0.00000000E+00  0.69999999E+00  0.10000000E+04
 -0.25000000E+00  0.32500000E+01  0.00000000E+00  0.00000000E+00  0.10000000E+04  0.00000000E+00  0.12500000E+03  0.00000000E+00  0.69999999E+00  0.10000000E+04
 -0.25000000E+00  0.37500000E+01  0.00000000E+00  0.00000000E+00  0.10000000E+04  0.00000000E+00  0.12500000E+03  0.00000000E+00  0.69999999E+00  0.10000000E+04
  0.80000000E+01  0.00000000E+00  0.00000000E+00  0.00000000E+00  0.10000000E+04  0.00000000E+00  0.12500000E+03  0.00000000E+00  0.69999999E+00  0.10000000E+04
  0.80000000E+01  0.50000000E+00  0.00000000E+00  0.00000000E+00  0.10000000E+04  0.00000000E+00  0.12500000E+03  0.00000000E+00  0.69999999E+00  0.10000000E+04
  0.80000000E+01  0.10000000E+01  0.00000000E+00  0.00000000E+00  0.10000000E+04  0.00000000E+00  0.12500000E+03  0.00000000E+00  0.69999999E+00  0.10000000E+04
  0.80000000E+01  0.15000000E+01  0.00000000E+00  0.00000000E+00  0.10000000E+04  0.00000000E+00  0.12500000E+03  0.00000000E+00  0.69999999E+00  0.10000000E+04
  0.80000000E+01  0.20000000E+01  0.00000000E+00  0.00000000E+00  0.10000000E+04  0.00000000E+00  0.12500000E+03  0.00000000E+00  0.69999999E+00  0.10000000E+04
  0.80000000E+01  0.25000000E+01  0.00000000E+00  0.00000000E+00  0.10000000E+04  0.00000000E+00  0.12500000E+03  0.00000000E+00  0.69999999E+00  0.10000000E+04
  0.80000000E+01  0.30000000E+01  0.00000000E+00  0.00000000E+00  0.10000000E+04  0.00000000E+00  0.12500000E+03  0.00000000E+00  0.69999999E+00  0.10000000E+04
  0.80000000E+01  0.35000000E+01  0.00000000E+00  0.00000000E+00  0.10000000E+04  0.00000000E+00  0.12500000E+03  0.00000000E+00  0.69999999E+00  0.10000000E+04
  0.80000000E+01  0.40000000E+01  0.00000000E+00  0.00000000E+00  0.10000000E+04  0.00000000E+00  0.12500000E+03  0.00000000E+00  0.69999999E+00  0.10000000E+04
  0.82500000E+01 -0.25000000E+00  0.00000000E+00  0.00000000E+00  0.10000000E+04  0.00000000E+00  0.12500000E+03  0.00000000E+00  0.69999999E+00  0.10000000E+04
  0.82500000E+01  0.25000000E+00  0.00000000E+00  0.00000000E+00  0.10000000E+04  0.00000000E+00  0.12500000E+03  0.00000000E+00  0.69999999E+00  0.10000000E+04
  0.82500000E+01  0.75000000E+00  0.00000000E+00  0.00000000E+00  0.10000000E+04  0.00000000E+00  0.12500000E+03  0.00000000E+00  0.69999999E+00  0.10000000E+04
  0.82500000E+01  0.12500000E+01  0.00000000E+00  0.00000000E+00  0.10000000E+04  0.00000000E+00  0.12500000E+03  0.00000000E+00  0.69999999E+00  0.10000000E+04
  0.82500000E+01  0.17500000E+01  0.00000000E+00  0.00000000E+00  0.10000000E+04  0.00000000E+00  0.12500000E+03  0.00000000E+00  0.69999999E+00  0.10000000E+04
  0.82500000E+01  0.22500000E+01  0.00000000E+00  0.00000000E+00  0.10000000E+04  0.00000000E+00  0.12500000E+03  0.00000000E+00  0.69999999E+00  0.10000000E+04
  0.82500000E+01  0.27500000E+01  0.00000000E+00  0.00000000E+00  0.10000000E+04  0.00000000E+00  0.12500000E+03  0.00000000E+00  0.69999999E+00  0.10000000E+04
  0.82500000E+01  0.32500000E+01  0.00000000E+00  0.00000000E+00  0.10000000E+04  0.00000000E+00  0.12500000E+03  0.00000000E+00  0.69999999E+00  0.10000000E+04
  0.82500000E+01  0.37500000E+01  0.00000000E+00  0.00000000E+00  0.10000000E+04  0.00000000E+00  0.12500000E+03  0.00000000E+00  0.69999999E+00  0.10000000E+04
  0.50000000E+00  0.00000000E+00  0.00000000E+00  0.00000000E+00  0.10149070E+04  0.30588504E+05  0.12500000E+03  0.87551419E-02  0.69999999E+00  0.99998987E+03
  0.10000000E+01  0.00000000E+00  0.00000000E+00  0.00000000E+00  0.10294111E+04  0.63053039E+05  0.12500000E+03  0.36633620E-02  0.69999999E+00  0.99999567E+03
  0.15000000E+01  0.00000000E+00  0.00000000E+00  0.00000000E+00  0.10793276E+04  0.19798512E+06  0.12500000E+03  0.15856571E-01  0.69999999E+00  0.99998047E+03
  0.20000000E+01  0.00000000E+00  0.00000000E+00  0.00000000E+00  0.11614954E+04  0.51903900E+06  0.12500000E+03  0.17669698E-01  0.69999999E+00  0.99997656E+03
  0.25000000E+01  0.00000000E+00  0.00000000E+00  0.00000000E+00  0.10140165E+04  0.28684166E+05  0.12500000E+03  0.16575314E-02  0.69999999E+00  0.99999811E+03
  0.30000000E+01  0.00000000E+00  0.00000000E+00  0.00000000E+00  0.10111561E+04  0.22634568E+05  0.12500000E+03  0.35884718E-02  0.69999999E+00  0.99999585E+03
  0.35000000E+01  0.00000000E+00  0.00000000E+00  0.00000000E+00  0.10010725E+04  0.21110789E+04  0.12500000E+03  0.14072289E-02  0.69999999E+00  0.99999841E+03
  0.40000000E+01  0.00000000E+00  0.00000000E+00  0.00000000E+00  0.10000131E+04  0.25728762E+02  0.12500000E+03 -0.50405528E-04  0.69999999E+00  0.10000001E+04
  0.45000000E+01  0.00000000E+00  0.00000000E+00  0.00000000E+00  0.10000000E+04  0.00000000E+00  0.12500000E+03  0.00000000E+00  0.69999999E+00  0.10000000E+04
  0.50000000E+01  0.00000000E+00  0.00000000E+00  0.00000000E+00  0.10000000E+04  0.00000000E+00  0.12500000E+03  0.00000000E+00  0.69999999E+00  0.10000000E+04
  0.55000000E+01  0.00000000E+00  0.00000000E+00  0.00000000E+00  0.10000000E+04  0.00000000E+00  0.12500000E+03  0.00000000E+00  0.69999999E+00  0.10000000E+04
  0.60000000E+01  0.00000000E+00  0.00000000E+00  0.00000000E+00  0.10000000E+04  0.00000000E+00  0.12500000E+03  0.00000000E+00  0.69999999E+00  0.10000000E+04
  0.65000000E+01  0.00000000E+00  0.00000000E+00  0.00000000E+00  0.10000000E+04  0.00000000E+00  0.12500000E+03  0.00000000E+00  0.69999999E+00  0.10000000E+04
  0.70000000E+01  0.00000000E+00  0.00000000E+00  0.00000000E+00  0.10000000E+04  0.00000000E+00  0.12500000E+03  0.00000000E+00  0.69999999E+00  0.10000000E+04
  0.75000000E+01  0.00000000E+00  0.00000000E+00  0.00000000E+00  0.10000000E+04  0.00000000E+00  0.12500000E+03  0.00000000E+00  0.69999999E+00  0.10000000E+04
  0.25000000E+00 -0.25000000E+00  0.00000000E+00  0.00000000E+00  0.10052322E+04  0.10428154E+05  0.12500000E+03  0.27088579E-02  0.69999999E+00  0.99999689E+03
  0.75000000E+00 -0.25000000E+00  0.00000000E+00  0.00000000E+00  0.10215721E+04  0.45164203E+05  0.12500000E+03  0.66740490E-02  0.69999999E+00  0.99999219E+03
  0.12500000E+01 -0.25000000E+00  0.00000000E+00  0.00000000E+00  0.10128116E+04  0.26123494E+05  0.12500000E+03  0.55409931E-02  0.69999999E+00  0.99999359E+03
  0.17500000E+01 -0.25000000E+00  0.00000000E+00  0.00000000E+00  0.10182646E+04  0.37859680E+05  0.12500000E+03  0.83361212E-02  0.69999999E+00  0.99999030E+03
  0.22500000E+01 -0.25000000E+00  0.00000000E+00  0.00000000E+00  0.10001230E+04  0.24146217E+03  0.12500000E+03  0.73925881E-02  0.69999999E+00  0.99999158E+03
  0.27500000E+01 -0.25000000E+00  0.00000000E+00  0.00000000E+00  0.10003256E+04  0.63937402E+03  0.12500000E+03  0.14088247E-02  0.69999999E+00  0.99999841E+03
  0.32500000E+01 -0.25000000E+00  0.00000000E+00  0.00000000E+00  0.10002196E+04  0.43110675E+03  0.12500000E+03  0.15076303E-02  0.69999999E+00  0.99999829E+03
  0.37500000E+01 -0.25000000E+00  0.00000000E+00  0.00000000E+00  0.10000071E+04  0.13799721E+02  0.12500000E+03 -0.13200220E-03  0.69999999E+00  0.10000001E+04
  0.42500000E+01 -0.25000000E+00  0.00000000E+00  0.00000000E+00  0.10000000E+04  0.00000000E+00  0.12500000E+03 -0.15219783E-39  0.69999999E+00  0.10000000E+04
  0.47500000E+01 -0.25000000E+00  0.00000000E+00  0.00000000E+00  0.10000000E+04  0.00000000E+00  0.12500000E+03 -0.00000000E+00  0.69999999E+00  0.10000000E+04
  0.52500000E+01 -0.25000000E+00  0.00000000E+00  0.00000000E+00  0.10000000E+04  0.00000000E+00  0.12500000E+03  0.00000000E+00  0.69999999E+00  0.10000000E+04
  0.57500000E+01 -0.25000000E+00  0.00000000E+00  0.00000000E+00  0.10000000E+04  0.00000000E+00  0.12500000E+03  0.00000000E+00  0.69999999E+00  0.10000000E+04
  0.62500000E+01 -0.25000000E+00  0.00000000E+00  0.00000000E+00  0.10000000E+04  0.00000000E+00  0.12500000E+03  0.00000000E+00  0.69999999E+00  0.10000000E+04
  0.67500000E+01 -0.25000000E+00  0.00000000E+00  0.00000000E+00  0.10000000E+04  0.00000000E+00  0.12500000E+03  0.00000000E+00  0.69999999E+00  0.10000000E+04
  0.72500000E+01 -0.25000000E+00  0.00000000E+00  0.00000000E+00  0.10000000E+04  0.00000000E+00  0.12500000E+03  0.00000000E+00  0.69999999E+00  0.10000000E+04
  0.77500000E+01 -0.25000000E+00  0.00000000E+00  0.00000000E+00  0.10000000E+04  0.00000000E+00  0.12500000E+03  0.00000000E+00  0.69999999E+00  0.10000000E+04
  0.40000000E+01  0.50000000E+00  0.00000000E+00  0.00000000E+00  0.10004338E+04  0.85222919E+03  0.12500000E+03 -0.14449963E-03  0.69999999E+00  0.10000002E+04
  0.37500000E+01  0.25000000E+00  0.00000000E+00  0.00000000E+00  0.10002612E+04  0.51285168E+03  0.12500000E+03 -0.61795459E-03  0.69999999E+00  0.10000007E+04
  0.40000000E+01  0.10000000E+01  0.00000000E+00  0.00000000E+00  0.10019878E+04  0.39234280E+04  0.12500000E+03 -0.29680737E-04  0.69999999E+00  0.10000001E+04
  0.37500000E+01  0.75000000E+00  0.00000000E+00  0.00000000E+00  0.99758228E+03 -0.47093442E+04  0.12500000E+03  0.53893588E-03  0.69999999E+00  0.99999939E+03
  0.40000000E+01  0.15000000E+01  0.00000000E+00  0.00000000E+00  0.10032686E+04  0.64762207E+04  0.12500000E+03  0.18076293E-03  0.69999999E+00  0.99999982E+03
  0.37500000E+01  0.12500000E+01  0.00000000E+00  0.00000000E+00  0.10135186E+04  0.27623682E+05  0.12500000E+03  0.41670096E-03  0.69999999E+00  0.99999951E+03
  0.40000000E+01  0.20000000E+01  0.00000000E+00  0.00000000E+00  0.10023282E+04  0.46001104E+04  0.12500000E+03  0.95971758E-04  0.69999999E+00  0.99999988E+03
  0.37500000E+01  0.17500000E+01  0.00000000E+00  0.00000000E+00  0.10471292E+04  0.10661784E+06  0.12500000E+03  0.70860964E-03  0.69999999E+00  0.99999915E+03
  0.45000000E+01  0.50000000E+00  0.00000000E+00  0.00000000E+00  0.10000000E+04  0.00000000E+00  0.12500000E+03  0.22420775E-42  0.69999999E+00  0.10000000E+04
  0.42500000E+01  0.25000000E+00  0.00000000E+00  0.00000000E+00  0.10000018E+04  0.35083482E+01  0.12500000E+03 -0.74084828E-05  0.69999999E+00  0.10000000E+04
  0.45000000E+01  0.10000000E+01  0.00000000E+00  0.00000000E+00  0.10000000E+04  0.00000000E+00  0.12500000E+03 -0.00000000E+00  0.69999999E+00  0.10000000E+04
  0.42500000E+01  0.75000000E+00  0.00000000E+00  0.00000000E+00  0.10000934E+04  0.18318608E+03  0.12500000E+03 -0.62608265E-05  0.69999999E+00  0.10000000E+04
  0.45000000E+01  0.15000000E+01  0.00000000E+00  0.00000000E+00  0.10000000E+04  0.00000000E+00  0.12500000E+03  0.00000000E+00  0.69999999E+00  0.10000000E+04
  0.42500000E+01  0.12500000E+01  0.00000000E+00  0.00000000E+00  0.10000066E+04  0.12864128E+02  0.12500000E+03  0.34267537E-05  0.69999999E+00  0.10000000E+04
  0.45000000E+01  0.20000000E+01  0.00000000E+00  0.00000000E+00  0.10000000E+04  0.00000000E+00  0.12500000E+03  0.00000000E+00  0.69999999E+00  0.10000000E+04
  0.42500000E+01  0.17500000E+01  0.00000000E+00  0.00000000E+00  0.10000021E+04  0.39761310E+01  0.12500000E+03  0.68056793E-05  0.69999999E+00  0.10000000E+04
  0.50000000E+01  0.50000000E+00  0.00000000E+00  0.00000000E+00  0.10000000E+04  0.00000000E+00  0.12500000E+03  0.00000000E+00  0.69999999E+00  0.10000000E+04
  0.47500000E+01  0.25000000E+00  0.00000000E+00  0.00000000E+00  0.10000000E+04  0.00000000E+00  0.12500000E+03  0.00000000E+00  0.69999999E+00  0.10000000E+04
  0.50000000E+01  0.10000000E+01  0.00000000E+00  0.00000000E+00  0.10000000E+04  0.00000000E+00  0.12500000E+03  0.00000000E+00  0.69999999E+00  0.10000000E+04
  0.47500000E+01  0.75000000E+00  0.00000000E+00  0.00000000E+00  0.10000000E+04  0.00000000E+00  0.12500000E+03  0.00000000E+00  0.69999999E+00  0.10000000E+04
  0.50000000E+01  0.15000000E+01  0.00000000E+00  0.00000000E+00  0.10000000E+04  0.00000000E+00  0.12500000E+03  0.00000000E+00  0.69999999E+00  0.10000000E+04
  0.47500000E+01  0.12500000E+01  0.00000000E+00  0.00000000E+00  0.10000000E+04  0.00000000E+00  0.12500000E+03 -0.00000000E+00  0.69999999E+00  0.10000000E+04
  0.50000000E+01  0.20000000E+01  0.00000000E+00  0.00000000E+00  0.10000000E+04  0.00000000E+00  0.12500000E+03  0.00000000E+00  0.69999999E+00  0.10000000E+04
  0.47500000E+01  0.17500000E+01  0.00000000E+00  0.00000000E+00  0.10000000E+04  0.00000000E+00  0.12500000E+03  0.00000000E+00  0.69999999E+00  0.10000000E+04
  0.26978853E+01  0.16361852E+01  0.20570109E+01 -0.12141113E+01  0.99512555E+03 -0.94249824E+04  0.12576698E+03  0.12576674E+03  0.10000000E+01  0.00000000E+00
  0.15807103E+01  0.92008269E+00  0.64325488E+00  0.30751202E+00  0.10113897E+04  0.23124883E+05  0.12561582E+03  0.12561256E+03  0.10000000E+01  0.00000000E+00
  0.15551931E+01  0.86270726E+00 -0.27793509E+00 -0.56438857E+00  0.10136461E+04  0.27895043E+05  0.12546356E+03  0.12546333E+03  0.10000000E+01  0.00000000E+00
  0.11555033E+01  0.10659887E+01  0.38214302E+00 -0.20109963E+01  0.10019861E+04  0.39198777E+04  0.12531018E+03  0.12531018E+03  0.10000000E+01  0.00000000E+00
  0.12691950E+01  0.78391850E+00 -0.16119656E+00 -0.21427763E+01  0.98362219E+03 -0.30596838E+05  0.12515567E+03  0.12515567E+03  0.10000000E+01  0.00000000E+00
  0.26757369E+01  0.23896227E+01  0.17122999E+00 -0.12772870E+01  0.99923907E+03 -0.14895076E+04  0.12500000E+03  0.12500000E+03  0.10000000E+01  0.00000000E+00
  0.29401245E+01  0.17955697E+01  0.12706019E+01 -0.93129635E+00  0.10157483E+04  0.32396789E+05  0.12576698E+03  0.12575494E+03  0.10000000E+01  0.00000000E+00
  0.16197878E+01  0.10348277E+01  0.12841601E+01  0.83766812E+00  0.10066788E+04  0.13369341E+05  0.12561582E+03  0.12560624E+03  0.10000000E+01  0.00000000E+00
  0.17653246E+01  0.13738661E+01 -0.64147991E+00 -0.22157311E+00  0.97980835E+03 -0.37295461E+05  0.12546356E+03  0.12546037E+03  0.10000000E+01  0.00000000E+00
  0.21201828E+01  0.12265333E+01  0.35888810E+01  0.22513795E+01  0.99230475E+03 -0.14753980E+05  0.12531018E+03  0.12531038E+03  0.10000000E+01  0.00000000E+00
  0.15542359E+01  0.14993235E+01  0.39455917E+00 -0.12362801E+01  0.10104518E+04  0.21160725E+05  0.12515567E+03  0.12515567E+03  0.10000000E+01  0.00000000E+00
  0.10477874E+01  0.12346046E+01 -0.30195996E+00 -0.15804754E+01  0.10187272E+04  0.38872648E+05  0.12500000E+03  0.12500000E+03  0.10000000E+01  0.00000000E+00
  0.29617565E+01  0.19119244E+01  0.14157944E+01 -0.10665064E+01  0.10103076E+04  0.20859879E+05  0.12576698E+03  0.12575644E+03  0.10000000E+01  0.00000000E+00
  0.27867911E+01  0.18861307E+01  0.18835993E+01  0.18673506E+01  0.99764551E+03 -0.45870317E+04  0.12561582E+03  0.12561089E+03  0.10000000E+01  0.00000000E+00
  0.25220966E+01  0.13223555E+01  0.21167353E+00  0.53382254E+00  0.99443274E+03 -0.10742201E+05  0.12546356E+03  0.12546005E+03  0.10000000E+01  0.00000000E+00
  0.27273071E+01  0.14211273E+01  0.59130305E+00  0.13275864E+01  0.10096006E+04  0.19387746E+05  0.12531018E+03  0.12531018E+03  0.10000000E+01  0.00000000E+00
  0.26064329E+01  0.97268665E+00  0.13807297E+01  0.24934918E+00  0.98652856E+03 -0.25386412E+05  0.12515567E+03  0.12515553E+03  0.10000000E+01  0.00000000E+00
  0.24127052E+01  0.20398767E+01  0.93124947E-02 -0.17125733E+01  0.10016357E+04  0.32249763E+04  0.12500000E+03  0.12500000E+03  0.10000000E+01  0.00000000E+00
  0.13962140E+01  0.13738194E+01 -0.73264956E+00 -0.18534758E+01  0.10067694E+04  0.13554390E+05  0.12576698E+03  0.12576566E+03  0.10000000E+01  0.00000000E+00
  0.28047566E+01  0.19646232E+01  0.24606681E+01  0.16719582E+01  0.97502893E+03 -0.45471988E+05  0.12561582E+03  0.12561221E+03  0.10000000E+01  0.00000000E+00
  0.23949022E+01  0.92021179E+00 -0.85169441E+00  0.25382283E+00  0.99282642E+03 -0.13775298E+05  0.12546356E+03  0.12546202E+03  0.10000000E+01  0.00000000E+00
  0.22727814E+01  0.10342323E+01 -0.25749886E+01  0.33249056E+00  0.99533453E+03 -0.90265713E+04  0.12531018E+03  0.12530890E+03  0.10000000E+01  0.00000000E+00
  0.26500640E+01  0.24830701E+01 -0.30492210E+00 -0.10941875E+01  0.99863086E+03 -0.26752029E+04  0.12515567E+03  0.12515567E+03  0.10000000E+01  0.00000000E+00
  0.27674232E+01  0.91593063E+00 -0.21145995E+01 -0.42208915E+01  0.99588678E+03 -0.79711914E+04  0.12500000E+03  0.12500012E+03  0.10000000E+01  0.00000000E+00
  0.17096224E+01  0.16151142E+01  0.76800919E+00 -0.99313653E+00  0.10235787E+04  0.49665574E+05  0.12561582E+03  0.12561399E+03  0.10000000E+01  0.00000000E+00
  0.30236802E+01  0.23802471E+01 -0.77283150E+00  0.46804327E+00  0.99878802E+03 -0.23693169E+04  0.12531018E+03  0.12531004E+03  0.10000000E+01  0.00000000E+00
  0.13688042E+01  0.18640547E+01 -0.76764441E+00 -0.24286294E+01  0.10065154E+04  0.13035776E+05  0.12500000E+03  0.12500000E+03  0.10000000E+01  0.00000000E+00
