  0.00000000E+00  0.00000000E+00  0.00000000E+00  0.00000000E+00  0.10004882E+04  0.95917773E+03  0.12500000E+03  0.21419360E-02  0.69999999E+00  0.99999756E+03
  0.00000000E+00  0.50000000E+00  0.00000000E+00  0.00000000E+00  0.10082029E+04  0.16495625E+05  0.12500000E+03  0.21703131E-02  0.69999999E+00  0.99999750E+03
  0.00000000E+00  0.10000000E+01  0.00000000E+00  0.00000000E+00  0.10106427E+04  0.21559510E+05  0.12500000E+03  0.29459421E-02  0.69999999E+00  0.99999658E+03
  0.00000000E+00  0.15000000E+01  0.00000000E+00  0.00000000E+00  0.10110890E+04  0.22493854E+05  0.12500000E+03  0.10351278E-02  0.69999999E+00  0.99999878E+03
  0.00000000E+00  0.20000000E+01  0.00000000E+00  0.00000000E+00  0.10182124E+04  0.37745500E+05  0.12500000E+03 -0.10928353E-02  0.69999999E+00  0.10000013E+04
  0.00000000E+00  0.25000000E+01  0.00000000E+00  0.00000000E+00  0.10030736E+04  0.60862402E+04  0.12500000E+03  0.33517432E-03  0.69999999E+00  0.99999963E+03
  0.00000000E+00  0.30000000E+01  0.00000000E+00  0.00000000E+00  0.10000000E+04  0.00000000E+00  0.12500000E+03  0.60528782E-05  0.69999999E+00  0.10000000E+04
  0.00000000E+00  0.35000000E+01  0.00000000E+00  0.00000000E+00  0.10000000E+04  0.00000000E+00  0.12500000E+03  0.00000000E+00  0.69999999E+00  0.10000000E+04
  0.00000000E+00  0.40000000E+01  0.00000000E+00  0.00000000E+00  0.10000000E+04  0.00000000E+00  0.12500000E+03  0.00000000E+00  0.69999999E+00  0.10000000E+04
 -0.25000000E+00 -0.25000000E+00  0.00000000E+00  0.00000000E+00  0.10006414E+04  0.12607445E+04  0.12500000E+03  0.52005530E-03  0.69999999E+00  0.99999939E+03
 -0.25000000E+00  0.25000000E+00  0.00000000E+00  0.00000000E+00  0.10008038E+04  0.15809193E+04  0.12500000E+03  0.90051553E-03  0.69999999E+00  0.99999896E+03
 -0.25000000E+00  0.75000000E+00  0.00000000E+00  0.00000000E+00  0.10076855E+04  0.15431193E+05  0.12500000E+03  0.21515897E-03  0.69999999E+00  0.99999976E+03
 -0.25000000E+00  0.12500000E+01  0.00000000E+00  0.00000000E+00  0.10032678E+04  0.64745508E+04  0.12500000E+03  0.94406150E-03  0.69999999E+00  0.99999890E+03
 -0.25000000E+00  0.17500000E+01  0.00000000E+00  0.00000000E+00  0.10011818E+04  0.23267737E+04  0.12500000E+03 -0.25833712E-03  0.69999999E+00  0.10000003E+04
 -0.25000000E+00  0.22500000E+01  0.00000000E+00  0.00000000E+00  0.10012462E+04  0.24542319E+04  0.12500000E+03 -0.15003496E-03  0.69999999E+00  0.10000002E+04
 -0.25000000E+00  0.27500000E+01  0.00000000E+00  0.00000000E+00  0.10000000E+04  0.00000000E+00  0.12500000E+03  0.00000000E+00  0.69999999E+00  0.10000000E+04
 -0.25000000E+00  0.32500000E+01  0.00000000E+00  0.00000000E+00  0.10000000E+04  0.00000000E+00  0.12500000E+03  0.00000000E+00  0.69999999E+00  0.10000000E+04
 -0.25000000E+00  0.37500000E+01  0.00000000E+00  0.00000000E+00  0.10000000E+04  0.00000000E+00  0.12500000E+03  0.00000000E+00  0.69999999E+00  0.10000000E+04
  0.80000000E+01  0.00000000E+00  0.00000000E+00  0.00000000E+00  0.10000000E+04  0.00000000E+00  0.12500000E+03  0.00000000E+00  0.69999999E+00  0.10000000E+04
  0.80000000E+01  0.50000000E+00  0.00000000E+00  0.00000000E+00  0.10000000E+04  0.00000000E+00  0.12500000E+03  0.00000000E+00  0.69999999E+00  0.10000000E+04
  0.80000000E+01  0.10000000E+01  0.00000000E+00  0.00000000E+00  0.10000000E+04  0.00000000E+00  0.12500000E+03  0.00000000E+00  0.69999999E+00  0.10000000E+04
  0.80000000E+01  0.15000000E+01  0.00000000E+00  0.00000000E+00  0.10000000E+04  0.00000000E+00  0.12500000E+03  0.00000000E+00  0.69999999E+00  0.10000000E+04
  0.80000000E+01  0.20000000E+01  0.00000000E+00  0.00000000E+00  0.10000000E+04  0.00000000E+00  0.12500000E+03  0.00000000E+00  0.69999999E+00  0.10000000E+04
  0.80000000E+01  0.25000000E+01  0.00000000E+00  0.00000000E+00  0.10000000E+04  0.00000000E+00  0.12500000E+03  0.00000000E+00  0.69999999E+00  0.10000000E+04
  0.80000000E+01  0.30000000E+01  0.00000000E+00  0.00000000E+00  0.10000000E+04  0.00000000E+00  0.12500000E+03  0.00000000E+00  0.69999999E+00  0.10000000E+04
  0.80000000E+01  0.35000000E+01  0.00000000E+00  0.00000000E+00  0.10000000E+04  0.00000000E+00  0.12500000E+03  0.00000000E+00  0.69999999E+00  0.10000000E+04
  0.80000000E+01  0.40000000E+01  0.00000000E+00  0.00000000E+00  0.10000000E+04  0.00000000E+00  0.12500000E+03  0.00000000E+00  0.69999999E+00  0.10000000E+04
  0.82500000E+01 -0.25000000E+00  0.00000000E+00  0.00000000E+00  0.10000000E+04  0.00000000E+00  0.12500000E+03  0.00000000E+00  0.69999999E+00  0.10000000E+04
  0.82500000E+01  0.25000000E+00  0.00000000E+00  0.00000000E+00  0.10000000E+04  0.00000000E+00  0.12500000E+03  0.00000000E+00  0.69999999E+00  0.10000000E+04
  0.82500000E+01  0.75000000E+00  0.00000000E+00  0.00000000E+00  0.10000000E+04  0.00000000E+00  0.12500000E+03  0.00000000E+00  0.69999999E+00  0.10000000E+04
  0.82500000E+01  0.12500000E+01  0.00000000E+00  0.00000000E+00  0.10000000E+04  0.00000000E+00  0.12500000E+03  0.00000000E+00  0.69999999E+00  0.10000000E+04
  0.82500000E+01  0.17500000E+01  0.00000000E+00  0.00000000E+00  0.10000000E+04  0.00000000E+00  0.12500000E+03  0.00000000E+00  0.69999999E+00  0.10000000E+04
  0.82500000E+01  0.22500000E+01  0.00000000E+00  0.00000000E+00  0.10000000E+04  0.00000000E+00  0.12500000E+03  0.00000000E+00  0.69999999E+00  0.10000000E+04
  0.82500000E+01  0.27500000E+01  0.00000000E+00  0.00000000E+00  0.10000000E+04  0.00000000E+00  0.12500000E+03  0.00000000E+00  0.69999999E+00  0.10000000E+04
  0.82500000E+01  0.32500000E+01  0.00000000E+00  0.00000000E+00  0.10000000E+04  0.00000000E+00  0.12500000E+03  0.00000000E+00  0.69999999E+00  0.10000000E+04
  0.82500000E+01  0.37500000E+01  0.00000000E+00  0.00000000E+00  0.10000000E+04  0.00000000E+00  0.12500000E+03  0.00000000E+00  0.69999999E+00  0.10000000E+04
  0.50000000E+00  0.00000000E+00  0.00000000E+00  0.00000000E+00  0.10233906E+04  0.49241344E+05  0.12500000E+03  0.10510521E-01  0.69999999E+00  0.99998773E+03
  0.10000000E+01  0.00000000E+00  0.00000000E+00  0.00000000E+00  0.10429968E+04  0.96055727E+05  0.12500000E+03  0.53675189E-02  0.69999999E+00  0.99999359E+03
  0.15000000E+01  0.00000000E+00  0.00000000E+00  0.00000000E+00  0.10386321E+04  0.85168492E+05  0.12500000E+03  0.18830255E-01  0.69999999E+00  0.99997766E+03
  0.20000000E+01  0.00000000E+00  0.00000000E+00  0.00000000E+00  0.11563596E+04  0.49462475E+06  0.12500000E+03  0.21343892E-01  0.69999999E+00  0.99997180E+03
  0.25000000E+01  0.00000000E+00  0.00000000E+00  0.00000000E+00  0.10451022E+04  0.10140541E+06  0.12500000E+03  0.46378630E-02  0.69999999E+00  0.99999445E+03
  0.30000000E+01  0.00000000E+00  0.00000000E+00  0.00000000E+00  0.10494207E+04  0.11258355E+06  0.12500000E+03  0.63415915E-02  0.69999999E+00  0.99999237E+03
  0.35000000E+01  0.00000000E+00  0.00000000E+00  0.00000000E+00  0.10090161E+04  0.18175434E+05  0.12500000E+03  0.24315699E-02  0.69999999E+00  0.99999719E+03
  0.40000000E+01  0.00000000E+00  0.00000000E+00  0.00000000E+00  0.10000137E+04  0.26898298E+02  0.12500000E+03 -0.68247195E-04  0.69999999E+00  0.10000001E+04
  0.45000000E+01  0.00000000E+00  0.00000000E+00  0.00000000E+00  0.10000000E+04  0.00000000E+00  0.12500000E+03  0.65412612E-41  0.69999999E+00  0.10000000E+04
  0.50000000E+01  0.00000000E+00  0.00000000E+00  0.00000000E+00  0.10000000E+04  0.00000000E+00  0.12500000E+03 -0.00000000E+00  0.69999999E+00  0.10000000E+04
  0.55000000E+01  0.00000000E+00  0.00000000E+00  0.00000000E+00  0.10000000E+04  0.00000000E+00  0.12500000E+03  0.00000000E+00  0.69999999E+00  0.10000000E+04
  0.60000000E+01  0.00000000E+00  0.00000000E+00  0.00000000E+00  0.10000000E+04  0.00000000E+00  0.12500000E+03  0.00000000E+00  0.69999999E+00  0.10000000E+04
  0.65000000E+01  0.00000000E+00  0.00000000E+00  0.00000000E+00  0.10000000E+04  0.00000000E+00  0.12500000E+03  0.00000000E+00  0.69999999E+00  0.10000000E+04
  0.70000000E+01  0.00000000E+00  0.00000000E+00  0.00000000E+00  0.10000000E+04  0.00000000E+00  0.12500000E+03  0.00000000E+00  0.69999999E+00  0.10000000E+04
  0.75000000E+01  0.00000000E+00  0.00000000E+00  0.00000000E+00  0.10000000E+04  0.00000000E+00  0.12500000E+03  0.00000000E+00  0.69999999E+00  0.10000000E+04
  0.25000000E+00 -0.25000000E+00  0.00000000E+00  0.00000000E+00  0.10053198E+04  0.10605576E+05  0.12500000E+03  0.29880302E-02  0.69999999E+00  0.99999658E+03
  0.75000000E+00 -0.25000000E+00  0.00000000E+00  0.00000000E+00  0.10234182E+04  0.49303418E+05  0.12500000E+03  0.77071679E-02  0.69999999E+00  0.99999097E+03
  0.12500000E+01 -0.25000000E+00  0.00000000E+00  0.00000000E+00  0.10106996E+04  0.21678662E+05  0.12500000E+03  0.61835535E-02  0.69999999E+00  0.99999286E+03
  0.17500000E+01 -0.25000000E+00  0.00000000E+00  0.00000000E+00  0.10166498E+04  0.34344473E+05  0.12500000E+03  0.94857812E-02  0.69999999E+00  0.99998895E+03
  0.22500000E+01 -0.25000000E+00  0.00000000E+00  0.00000000E+00  0.10019790E+04  0.39059133E+04  0.12500000E+03  0.89702830E-02  0.69999999E+00  0.99998975E+03
  0.27500000E+01 -0.25000000E+00  0.00000000E+00  0.00000000E+00  0.10046436E+04  0.92385684E+04  0.12500000E+03  0.30914301E-02  0.69999999E+00  0.99999646E+03
  0.32500000E+01 -0.25000000E+00  0.00000000E+00  0.00000000E+00  0.10010751E+04  0.21160222E+04  0.12500000E+03  0.23479662E-02  0.69999999E+00  0.99999731E+03
  0.37500000E+01 -0.25000000E+00  0.00000000E+00  0.00000000E+00  0.10000070E+04  0.13565822E+02  0.12500000E+03 -0.15635355E-03  0.69999999E+00  0.10000002E+04
  0.42500000E+01 -0.25000000E+00  0.00000000E+00  0.00000000E+00  0.10000000E+04  0.00000000E+00  0.12500000E+03 -0.20893206E-37  0.69999999E+00  0.10000000E+04
  0.47500000E+01 -0.25000000E+00  0.00000000E+00  0.00000000E+00  0.10000000E+04  0.00000000E+00  0.12500000E+03 -0.73512117E-41  0.69999999E+00  0.10000000E+04
  0.52500000E+01 -0.25000000E+00  0.00000000E+00  0.00000000E+00  0.10000000E+04  0.00000000E+00  0.12500000E+03  0.00000000E+00  0.69999999E+00  0.10000000E+04
  0.57500000E+01 -0.25000000E+00  0.00000000E+00  0.00000000E+00  0.10000000E+04  0.00000000E+00  0.12500000E+03  0.00000000E+00  0.69999999E+00  0.10000000E+04
  0.62500000E+01 -0.25000000E+00  0.00000000E+00  0.00000000E+00  0.10000000E+04  0.00000000E+00  0.12500000E+03  0.00000000E+00  0.69999999E+00  0.10000000E+04
  0.67500000E+01 -0.25000000E+00  0.00000000E+00  0.00000000E+00  0.10000000E+04  0.00000000E+00  0.12500000E+03  0.00000000E+00  0.69999999E+00  0.10000000E+04
  0.72500000E+01 -0.25000000E+00  0.00000000E+00  0.00000000E+00  0.10000000E+04  0.00000000E+00  0.12500000E+03  0.00000000E+00  0.69999999E+00  0.10000000E+04
  0.77500000E+01 -0.25000000E+00  0.00000000E+00  0.00000000E+00  0.10000000E+04  0.00000000E+00  0.12500000E+03  0.00000000E+00  0.69999999E+00  0.10000000E+04
  0.40000000E+01  0.50000000E+00  0.00000000E+00  0.00000000E+00  0.10021177E+04  0.41812861E+04  0.12500000E+03 -0.23768256E-03  0.69999999E+00  0.10000002E+04
  0.37500000E+01  0.25000000E+00  0.00000000E+00  0.00000000E+00  0.10092495E+04  0.18659062E+05  0.12500000E+03 -0.10785447E-02  0.69999999E+00  0.10000012E+04
  0.40000000E+01  0.10000000E+01  0.00000000E+00  0.00000000E+00  0.10047731E+04  0.94998320E+04  0.12500000E+03 -0.89977300E-04  0.69999999E+00  0.10000001E+04
  0.37500000E+01  0.75000000E+00  0.00000000E+00  0.00000000E+00  0.10645747E+04  0.15405847E+06  0.12500000E+03  0.79822959E-03  0.69999999E+00  0.99999902E+03
  0.40000000E+01  0.15000000E+01  0.00000000E+00  0.00000000E+00  0.10018938E+04  0.37367307E+04  0.12500000E+03  0.27247227E-03  0.69999999E+00  0.99999969E+03
  0.37500000E+01  0.12500000E+01  0.00000000E+00  0.00000000E+00  0.10556608E+04  0.12923089E+06  0.12500000E+03  0.58647949E-03  0.69999999E+00  0.99999927E+03
  0.40000000E+01  0.20000000E+01  0.00000000E+00  0.00000000E+00  0.10002144E+04  0.42080225E+03  0.12500000E+03  0.23565257E-03  0.69999999E+00  0.99999976E+03
  0.37500000E+01  0.17500000E+01  0.00000000E+00  0.00000000E+00  0.10336978E+04  0.73186992E+05  0.12500000E+03  0.13043133E-02  0.69999999E+00  0.99999847E+03
  0.45000000E+01  0.50000000E+00  0.00000000E+00  0.00000000E+00  0.10000000E+04  0.00000000E+00  0.12500000E+03  0.22213383E-40  0.69999999E+00  0.10000000E+04
  0.42500000E+01  0.25000000E+00  0.00000000E+00  0.00000000E+00  0.10000018E+04  0.35083482E+01  0.12500000E+03 -0.74084828E-05  0.69999999E+00  0.10000000E+04
  0.45000000E+01  0.10000000E+01  0.00000000E+00  0.00000000E+00  0.10000000E+04  0.00000000E+00  0.12500000E+03 -0.00000000E+00  0.69999999E+00  0.10000000E+04
  0.42500000E+01  0.75000000E+00  0.00000000E+00  0.00000000E+00  0.10000944E+04  0.18529227E+03  0.12500000E+03 -0.98842193E-05  0.69999999E+00  0.10000000E+04
  0.45000000E+01  0.15000000E+01  0.00000000E+00  0.00000000E+00  0.10000000E+04  0.00000000E+00  0.12500000E+03  0.00000000E+00  0.69999999E+00  0.10000000E+04
  0.42500000E+01  0.12500000E+01  0.00000000E+00  0.00000000E+00  0.10000066E+04  0.12864128E+02  0.12500000E+03  0.34267537E-05  0.69999999E+00  0.10000000E+04
  0.45000000E+01  0.20000000E+01  0.00000000E+00  0.00000000E+00  0.10000000E+04  0.00000000E+00  0.12500000E+03  0.00000000E+00  0.69999999E+00  0.10000000E+04
  0.42500000E+01  0.17500000E+01  0.00000000E+00  0.00000000E+00  0.10000031E+04  0.60811610E+01  0.12500000E+03  0.28991612E-05  0.69999999E+00  0.10000000E+04
  0.50000000E+01  0.50000000E+00  0.00000000E+00  0.00000000E+00  0.10000000E+04  0.00000000E+00  0.12500000E+03  0.00000000E+00  0.69999999E+00  0.10000000E+04
  0.47500000E+01  0.25000000E+00  0.00000000E+00  0.00000000E+00  0.10000000E+04  0.00000000E+00  0.12500000E+03  0.72531209E-41  0.69999999E+00  0.10000000E+04
  0.50000000E+01  0.10000000E+01  0.00000000E+00  0.00000000E+00  0.10000000E+04  0.00000000E+00  0.12500000E+03  0.00000000E+00  0.69999999E+00  0.10000000E+04
  0.47500000E+01  0.75000000E+00  0.00000000E+00  0.00000000E+00  0.10000000E+04  0.00000000E+00  0.12500000E+03  0.00000000E+00  0.69999999E+00  0.10000000E+04
  0.50000000E+01  0.15000000E+01  0.00000000E+00  0.00000000E+00  0.10000000E+04  0.00000000E+00  0.12500000E+03 -0.00000000E+00  0.69999999E+00  0.10000000E+04
  0.47500000E+01  0.12500000E+01  0.00000000E+00  0.00000000E+00  0.10000000E+04  0.00000000E+00  0.12500000E+03 -0.00000000E+00  0.69999999E+00  0.10000000E+04
  0.50000000E+01  0.20000000E+01  0.00000000E+00  0.00000000E+00  0.10000000E+04  0.00000000E+00  0.12500000E+03  0.00000000E+00  0.69999999E+00  0.10000000E+04
  0.47500000E+01  0.17500000E+01  0.00000000E+00  0.00000000E+00  0.10000000E+04  0.00000000E+00  0.12500000E+03  0.00000000E+00  0.69999999E+00  0.10000000E+04
  0.27806857E+01  0.93884730E+00 -0.53001237E+00 -0.36578876E+00  0.10028213E+04  0.55825151E+04  0.12576698E+03  0.12576674E+03  0.10000000E+01  0.00000000E+00
  0.14474598E+01  0.10166270E+01  0.38089246E+00 -0.42651606E+00  0.10082247E+04  0.16540580E+05  0.12561582E+03  0.12561256E+03  0.10000000E+01  0.00000000E+00
  0.14374456E+01  0.14491202E+01  0.13317032E+01 -0.14152231E+01  0.10020777E+04  0.41019419E+04  0.12546356E+03  0.12546333E+03  0.10000000E+01  0.00000000E+00
  0.20106583E+01  0.15794798E+01  0.18037896E+01  0.74853146E+00  0.10030311E+04  0.60012012E+04  0.12531018E+03  0.12531027E+03  0.10000000E+01  0.00000000E+00
  0.24703107E+01  0.16301233E+01  0.10030926E+01  0.12478439E+01  0.10070918E+04  0.14213583E+05  0.12515567E+03  0.12515567E+03  0.10000000E+01  0.00000000E+00
  0.29235983E+01  0.14525514E+01 -0.86196013E-01 -0.19333476E+00  0.99856921E+03 -0.27952271E+04  0.12500000E+03  0.12500000E+03  0.10000000E+01  0.00000000E+00
  0.26503725E+01  0.89002645E+00  0.23566574E-01  0.21037111E+00  0.10000394E+04  0.77192360E+02  0.12576698E+03  0.12575494E+03  0.10000000E+01  0.00000000E+00
  0.11805459E+01  0.98711121E+00 -0.27467936E+00 -0.32334286E+00  0.10039766E+04  0.78957529E+04  0.12561582E+03  0.12560624E+03  0.10000000E+01  0.00000000E+00
  0.10883892E+01  0.12912621E+01 -0.32691783E+00 -0.10912960E+01  0.10077881E+04  0.15641857E+05  0.12546356E+03  0.12546037E+03  0.10000000E+01  0.00000000E+00
  0.24937823E+01  0.13364557E+01  0.14461963E+00  0.11625683E+00  0.10070262E+04  0.14079399E+05  0.12531018E+03  0.12531038E+03  0.10000000E+01  0.00000000E+00
  0.11288790E+01  0.91342664E+00  0.27145451E+00 -0.40121245E+00  0.10066992E+04  0.13410969E+05  0.12515567E+03  0.12515567E+03  0.10000000E+01  0.00000000E+00
  0.72727406E+00  0.95241892E+00 -0.60112000E-01 -0.50942349E+00  0.10074344E+04  0.14915609E+05  0.12500000E+03  0.12500000E+03  0.10000000E+01  0.00000000E+00
  0.20362513E+01  0.96205521E+00 -0.17491817E+00  0.18265729E+00  0.10049423E+04  0.98417520E+04  0.12576698E+03  0.12575644E+03  0.10000000E+01  0.00000000E+00
  0.24664166E+01  0.89069223E+00  0.86836672E+00  0.12655605E+00  0.10098438E+04  0.19893396E+05  0.12561582E+03  0.12561089E+03  0.10000000E+01  0.00000000E+00
  0.28210340E+01  0.78323472E+00  0.71644080E+00  0.10582030E+01  0.10093027E+04  0.18769070E+05  0.12546356E+03  0.12546005E+03  0.10000000E+01  0.00000000E+00
  0.21368396E+01  0.12327565E+01  0.34031671E+00  0.10018208E+01  0.99607477E+03 -0.76111548E+04  0.12531018E+03  0.12531018E+03  0.10000000E+01  0.00000000E+00
  0.29651184E+01  0.81778240E+00 -0.87099433E+00 -0.51904571E+00  0.10179567E+04  0.37186590E+05  0.12515567E+03  0.12515553E+03  0.10000000E+01  0.00000000E+00
  0.15860956E+01  0.15944583E+01  0.13687165E+01 -0.15127444E+01  0.10024006E+04  0.47438691E+04  0.12500000E+03  0.12499989E+03  0.10000000E+01  0.00000000E+00
  0.92625380E+00  0.10499882E+01 -0.12133287E+00 -0.13907696E+00  0.10067675E+04  0.13550493E+05  0.12576698E+03  0.12576566E+03  0.10000000E+01  0.00000000E+00
  0.24275784E+01  0.89561200E+00  0.40157524E+00  0.38257787E+00  0.10108265E+04  0.21944277E+05  0.12561582E+03  0.12561221E+03  0.10000000E+01  0.00000000E+00
  0.28507466E+01  0.13321617E+01 -0.17377954E+01  0.19293697E+01  0.10013495E+04  0.26583618E+04  0.12546356E+03  0.12546202E+03  0.10000000E+01  0.00000000E+00
  0.19612379E+01  0.96004450E+00  0.55161643E+00 -0.61913252E+00  0.10048976E+04  0.97514229E+04  0.12531018E+03  0.12530890E+03  0.10000000E+01  0.00000000E+00
  0.10087783E+01  0.16036222E+01  0.28482938E+00 -0.13159900E+01  0.10065491E+04  0.13104604E+05  0.12515567E+03  0.12515567E+03  0.10000000E+01  0.00000000E+00
  0.14783068E+01  0.81274617E+00  0.11767895E+01  0.18897563E+00  0.10232028E+04  0.48818113E+05  0.12500000E+03  0.12500012E+03  0.10000000E+01  0.00000000E+00
  0.13767028E+01  0.15923481E+01 -0.11197829E+01 -0.15008811E+01  0.10004020E+04  0.78962415E+03  0.12561582E+03  0.12561399E+03  0.10000000E+01  0.00000000E+00
  0.26264510E+01  0.19026117E+01 -0.75521183E+00  0.13934572E+01  0.99197894E+03 -0.15363646E+05  0.12531018E+03  0.12531004E+03  0.10000000E+01  0.00000000E+00
  0.26582839E+01  0.20227122E+01  0.23288817E+01  0.84903872E+00  0.99118420E+03 -0.16845859E+05  0.12500000E+03  0.12500000E+03  0.10000000E+01  0.00000000E+00
