  0.00000000E+00  0.00000000E+00  0.00000000E+00  0.00000000E+00  0.10049548E+04  0.98670488E+04  0.12500000E+03  0.63843763E-03  0.69999999E+00  0.99999927E+03
  0.00000000E+00  0.50000000E+00  0.00000000E+00  0.00000000E+00  0.10035808E+04  0.71014702E+04  0.12500000E+03  0.50948543E-03  0.69999999E+00  0.99999939E+03
  0.00000000E+00  0.10000000E+01  0.00000000E+00  0.00000000E+00  0.99293323E+03 -0.13574529E+05  0.12500000E+03  0.86742971E-03  0.69999999E+00  0.99999902E+03
  0.00000000E+00  0.15000000E+01  0.00000000E+00  0.00000000E+00  0.10339879E+04  0.73882109E+05  0.12500000E+03  0.18144389E-03  0.69999999E+00  0.99999976E+03
  0.00000000E+00  0.20000000E+01  0.00000000E+00  0.00000000E+00  0.10061450E+04  0.12281043E+05  0.12500000E+03 -0.30007548E-03  0.69999999E+00  0.10000004E+04
  0.00000000E+00  0.25000000E+01  0.00000000E+00  0.00000000E+00  0.10002466E+04  0.48403955E+03  0.12500000E+03  0.71152863E-04  0.69999999E+00  0.99999994E+03
  0.00000000E+00  0.30000000E+01  0.00000000E+00  0.00000000E+00  0.10000000E+04  0.00000000E+00  0.12500000E+03  0.00000000E+00  0.69999999E+00  0.10000000E+04
  0.00000000E+00  0.35000000E+01  0.00000000E+00  0.00000000E+00  0.10000000E+04  0.00000000E+00  0.12500000E+03  0.00000000E+00  0.69999999E+00  0.10000000E+04
  0.00000000E+00  0.40000000E+01  0.00000000E+00  0.00000000E+00  0.10000000E+04  0.00000000E+00  0.12500000E+03  0.00000000E+00  0.69999999E+00  0.10000000E+04
 -0.25000000E+00 -0.25000000E+00  0.00000000E+00  0.00000000E+00  0.10002169E+04  0.42595447E+03  0.12500000E+03  0.17860002E-03  0.69999999E+00  0.99999982E+03
 -0.25000000E+00  0.25000000E+00  0.00000000E+00  0.00000000E+00  0.10036678E+04  0.72759556E+04  0.12500000E+03  0.28409553E-03  0.69999999E+00  0.99999969E+03
 -0.25000000E+00  0.75000000E+00  0.00000000E+00  0.00000000E+00  0.10027012E+04  0.53428223E+04  0.12500000E+03  0.79930069E-04  0.69999999E+00  0.99999988E+03
 -0.25000000E+00  0.12500000E+01  0.00000000E+00  0.00000000E+00  0.10101108E+04  0.20449463E+05  0.12500000E+03  0.25461568E-03  0.69999999E+00  0.99999969E+03
 -0.25000000E+00  0.17500000E+01  0.00000000E+00  0.00000000E+00  0.10001616E+04  0.31730682E+03  0.12500000E+03 -0.10653363E-03  0.69999999E+00  0.10000001E+04
 -0.25000000E+00  0.22500000E+01  0.00000000E+00  0.00000000E+00  0.10004730E+04  0.92938812E+03  0.12500000E+03 -0.62706749E-04  0.69999999E+00  0.10000001E+04
 -0.25000000E+00  0.27500000E+01  0.00000000E+00  0.00000000E+00  0.10000000E+04  0.00000000E+00  0.12500000E+03  0.00000000E+00  0.69999999E+00  0.10000000E+04
 -0.25000000E+00  0.32500000E+01  0.00000000E+00  0.00000000E+00  0.10000000E+04  0.00000000E+00  0.12500000E+03  0.00000000E+00  0.69999999E+00  0.10000000E+04
 -0.25000000E+00  0.37500000E+01  0.00000000E+00  0.00000000E+00  0.10000000E+04  0.00000000E+00  0.12500000E+03  0.00000000E+00  0.69999999E+00  0.10000000E+04
  0.80000000E+01  0.00000000E+00  0.00000000E+00  0.00000000E+00  0.10000000E+04  0.00000000E+00  0.12500000E+03  0.00000000E+00  0.69999999E+00  0.10000000E+04
  0.80000000E+01  0.50000000E+00  0.00000000E+00  0.00000000E+00  0.10000000E+04  0.00000000E+00  0.12500000E+03  0.00000000E+00  0.69999999E+00  0.10000000E+04
  0.80000000E+01  0.10000000E+01  0.00000000E+00  0.00000000E+00  0.10000000E+04  0.00000000E+00  0.12500000E+03  0.00000000E+00  0.69999999E+00  0.10000000E+04
  0.80000000E+01  0.15000000E+01  0.00000000E+00  0.00000000E+00  0.10000000E+04  0.00000000E+00  0.12500000E+03  0.00000000E+00  0.69999999E+00  0.10000000E+04
  0.80000000E+01  0.20000000E+01  0.00000000E+00  0.00000000E+00  0.10000000E+04  0.00000000E+00  0.12500000E+03  0.00000000E+00  0.69999999E+00  0.10000000E+04
  0.80000000E+01  0.25000000E+01  0.00000000E+00  0.00000000E+00  0.10000000E+04  0.00000000E+00  0.12500000E+03  0.00000000E+00  0.69999999E+00  0.10000000E+04
  0.80000000E+01  0.30000000E+01  0.00000000E+00  0.00000000E+00  0.10000000E+04  0.00000000E+00  0.12500000E+03  0.00000000E+00  0.69999999E+00  0.10000000E+04
  0.80000000E+01  0.35000000E+01  0.00000000E+00  0.00000000E+00  0.10000000E+04  0.00000000E+00  0.12500000E+03  0.00000000E+00  0.69999999E+00  0.10000000E+04
  0.80000000E+01  0.40000000E+01  0.00000000E+00  0.00000000E+00  0.10000000E+04  0.00000000E+00  0.12500000E+03  0.00000000E+00  0.69999999E+00  0.10000000E+04
  0.82500000E+01 -0.25000000E+00  0.00000000E+00  0.00000000E+00  0.10000000E+04  0.00000000E+00  0.12500000E+03  0.00000000E+00  0.69999999E+00  0.10000000E+04
  0.82500000E+01  0.25000000E+00  0.00000000E+00  0.00000000E+00  0.10000000E+04  0.00000000E+00  0.12500000E+03  0.00000000E+00  0.69999999E+00  0.10000000E+04
  0.82500000E+01  0.75000000E+00  0.00000000E+00  0.00000000E+00  0.10000000E+04  0.00000000E+00  0.12500000E+03  0.00000000E+00  0.69999999E+00  0.10000000E+04
  0.82500000E+01  0.12500000E+01  0.00000000E+00  0.00000000E+00  0.10000000E+04  0.00000000E+00  0.12500000E+03  0.00000000E+00  0.69999999E+00  0.10000000E+04
  0.82500000E+01  0.17500000E+01  0.00000000E+00  0.00000000E+00  0.10000000E+04  0.00000000E+00  0.12500000E+03  0.00000000E+00  0.69999999E+00  0.10000000E+04
  0.82500000E+01  0.22500000E+01  0.00000000E+00  0.00000000E+00  0.10000000E+04  0.00000000E+00  0.12500000E+03  0.00000000E+00  0.69999999E+00  0.10000000E+04
  0.82500000E+01  0.27500000E+01  0.00000000E+00  0.00000000E+00  0.10000000E+04  0.00000000E+00  0.12500000E+03  0.00000000E+00  0.69999999E+00  0.10000000E+04
  0.82500000E+01  0.32500000E+01  0.00000000E+00  0.00000000E+00  0.10000000E+04  0.00000000E+00  0.12500000E+03  0.00000000E+00  0.69999999E+00  0.10000000E+04
  0.82500000E+01  0.37500000E+01  0.00000000E+00  0.00000000E+00  0.10000000E+04  0.00000000E+00  0.12500000E+03  0.00000000E+00  0.69999999E+00  0.10000000E+04
  0.50000000E+00  0.00000000E+00  0.00000000E+00  0.00000000E+00  0.10108545E+04  0.22002666E+05  0.12500000E+03  0.29655378E-02  0.69999999E+00  0.99999658E+03
  0.10000000E+01  0.00000000E+00  0.00000000E+00  0.00000000E+00  0.10051123E+04  0.10185465E+05  0.12500000E+03  0.14079040E-02  0.69999999E+00  0.99999841E+03
  0.15000000E+01  0.00000000E+00  0.00000000E+00  0.00000000E+00  0.10026080E+04  0.51572266E+04  0.12500000E+03  0.43079481E-02  0.69999999E+00  0.99999506E+03
  0.20000000E+01  0.00000000E+00  0.00000000E+00  0.00000000E+00  0.10015081E+04  0.29721099E+04  0.12500000E+03  0.48997044E-02  0.69999999E+00  0.99999438E+03
  0.25000000E+01  0.00000000E+00  0.00000000E+00  0.00000000E+00  0.10026886E+04  0.53178643E+04  0.12500000E+03 -0.53911412E-03  0.69999999E+00  0.10000006E+04
  0.30000000E+01  0.00000000E+00  0.00000000E+00  0.00000000E+00  0.99947949E+03 -0.10196813E+04  0.12500000E+03  0.53667033E-03  0.69999999E+00  0.99999939E+03
  0.35000000E+01  0.00000000E+00  0.00000000E+00  0.00000000E+00  0.10092444E+04  0.18648434E+05  0.12500000E+03  0.22601348E-03  0.69999999E+00  0.99999976E+03
  0.40000000E+01  0.00000000E+00  0.00000000E+00  0.00000000E+00  0.10000134E+04  0.26430483E+02  0.12500000E+03 -0.24179390E-04  0.69999999E+00  0.10000000E+04
  0.45000000E+01  0.00000000E+00  0.00000000E+00  0.00000000E+00  0.10000000E+04  0.00000000E+00  0.12500000E+03  0.00000000E+00  0.69999999E+00  0.10000000E+04
  0.50000000E+01  0.00000000E+00  0.00000000E+00  0.00000000E+00  0.10000000E+04  0.00000000E+00  0.12500000E+03  0.00000000E+00  0.69999999E+00  0.10000000E+04
  0.55000000E+01  0.00000000E+00  0.00000000E+00  0.00000000E+00  0.10000000E+04  0.00000000E+00  0.12500000E+03  0.00000000E+00  0.69999999E+00  0.10000000E+04
  0.60000000E+01  0.00000000E+00  0.00000000E+00  0.00000000E+00  0.10000000E+04  0.00000000E+00  0.12500000E+03  0.00000000E+00  0.69999999E+00  0.10000000E+04
  0.65000000E+01  0.00000000E+00  0.00000000E+00  0.00000000E+00  0.10000000E+04  0.00000000E+00  0.12500000E+03  0.00000000E+00  0.69999999E+00  0.10000000E+04
  0.70000000E+01  0.00000000E+00  0.00000000E+00  0.00000000E+00  0.10000000E+04  0.00000000E+00  0.12500000E+03  0.00000000E+00  0.69999999E+00  0.10000000E+04
  0.75000000E+01  0.00000000E+00  0.00000000E+00  0.00000000E+00  0.10000000E+04  0.00000000E+00  0.12500000E+03  0.00000000E+00  0.69999999E+00  0.10000000E+04
  0.25000000E+00 -0.25000000E+00  0.00000000E+00  0.00000000E+00  0.10007848E+04  0.15433185E+04  0.12500000E+03  0.94761926E-03  0.69999999E+00  0.99999890E+03
  0.75000000E+00 -0.25000000E+00  0.00000000E+00  0.00000000E+00  0.99836365E+03 -0.31947551E+04  0.12500000E+03  0.21987599E-02  0.69999999E+00  0.99999750E+03
  0.12500000E+01 -0.25000000E+00  0.00000000E+00  0.00000000E+00  0.10017916E+04  0.35340618E+04  0.12500000E+03  0.17550263E-02  0.69999999E+00  0.99999799E+03
  0.17500000E+01 -0.25000000E+00  0.00000000E+00  0.00000000E+00  0.10106857E+04  0.21649492E+05  0.12500000E+03  0.25442147E-02  0.69999999E+00  0.99999707E+03
  0.22500000E+01 -0.25000000E+00  0.00000000E+00  0.00000000E+00  0.10029789E+04  0.58971353E+04  0.12500000E+03  0.22006857E-02  0.69999999E+00  0.99999750E+03
  0.27500000E+01 -0.25000000E+00  0.00000000E+00  0.00000000E+00  0.10041390E+04  0.82223838E+04  0.12500000E+03  0.53004889E-04  0.69999999E+00  0.99999994E+03
  0.32500000E+01 -0.25000000E+00  0.00000000E+00  0.00000000E+00  0.10014100E+04  0.27781643E+04  0.12500000E+03  0.21526510E-03  0.69999999E+00  0.99999976E+03
  0.37500000E+01 -0.25000000E+00  0.00000000E+00  0.00000000E+00  0.10000066E+04  0.12864128E+02  0.12500000E+03 -0.31315314E-04  0.69999999E+00  0.10000001E+04
  0.42500000E+01 -0.25000000E+00  0.00000000E+00  0.00000000E+00  0.10000000E+04  0.00000000E+00  0.12500000E+03  0.00000000E+00  0.69999999E+00  0.10000000E+04
  0.47500000E+01 -0.25000000E+00  0.00000000E+00  0.00000000E+00  0.10000000E+04  0.00000000E+00  0.12500000E+03  0.00000000E+00  0.69999999E+00  0.10000000E+04
  0.52500000E+01 -0.25000000E+00  0.00000000E+00  0.00000000E+00  0.10000000E+04  0.00000000E+00  0.12500000E+03  0.00000000E+00  0.69999999E+00  0.10000000E+04
  0.57500000E+01 -0.25000000E+00  0.00000000E+00  0.00000000E+00  0.10000000E+04  0.00000000E+00  0.12500000E+03  0.00000000E+00  0.69999999E+00  0.10000000E+04
  0.62500000E+01 -0.25000000E+00  0.00000000E+00  0.00000000E+00  0.10000000E+04  0.00000000E+00  0.12500000E+03  0.00000000E+00  0.69999999E+00  0.10000000E+04
  0.67500000E+01 -0.25000000E+00  0.00000000E+00  0.00000000E+00  0.10000000E+04  0.00000000E+00  0.12500000E+03  0.00000000E+00  0.69999999E+00  0.10000000E+04
  0.72500000E+01 -0.25000000E+00  0.00000000E+00  0.00000000E+00  0.10000000E+04  0.00000000E+00  0.12500000E+03  0.00000000E+00  0.69999999E+00  0.10000000E+04
  0.77500000E+01 -0.25000000E+00  0.00000000E+00  0.00000000E+00  0.10000000E+04  0.00000000E+00  0.12500000E+03  0.00000000E+00  0.69999999E+00  0.10000000E+04
  0.40000000E+01  0.50000000E+00  0.00000000E+00  0.00000000E+00  0.10008141E+04  0.16011316E+04  0.12500000E+03 -0.26202295E-04  0.69999999E+00  0.10000000E+04
  0.37500000E+01  0.25000000E+00  0.00000000E+00  0.00000000E+00  0.10069495E+04  0.13922349E+05  0.12500000E+03 -0.12007870E-03  0.69999999E+00  0.10000001E+04
  0.40000000E+01  0.10000000E+01  0.00000000E+00  0.00000000E+00  0.10019376E+04  0.38237957E+04  0.12500000E+03  0.79948968E-05  0.69999999E+00  0.10000000E+04
  0.37500000E+01  0.75000000E+00  0.00000000E+00  0.00000000E+00  0.10358289E+04  0.78319766E+05  0.12500000E+03  0.63321568E-04  0.69999999E+00  0.99999994E+03
  0.40000000E+01  0.15000000E+01  0.00000000E+00  0.00000000E+00  0.10022214E+04  0.43876694E+04  0.12500000E+03  0.33138294E-04  0.69999999E+00  0.99999994E+03
  0.37500000E+01  0.12500000E+01  0.00000000E+00  0.00000000E+00  0.10416642E+04  0.92702633E+05  0.12500000E+03  0.11205576E-03  0.69999999E+00  0.99999988E+03
  0.40000000E+01  0.20000000E+01  0.00000000E+00  0.00000000E+00  0.10000568E+04  0.11134995E+03  0.12500000E+03  0.10391541E-04  0.69999999E+00  0.10000000E+04
  0.37500000E+01  0.17500000E+01  0.00000000E+00  0.00000000E+00  0.10172526E+04  0.35652762E+05  0.12500000E+03  0.89871639E-04  0.69999999E+00  0.99999988E+03
  0.45000000E+01  0.50000000E+00  0.00000000E+00  0.00000000E+00  0.10000000E+04  0.00000000E+00  0.12500000E+03  0.00000000E+00  0.69999999E+00  0.10000000E+04
  0.42500000E+01  0.25000000E+00  0.00000000E+00  0.00000000E+00  0.10000018E+04  0.35083482E+01  0.12500000E+03 -0.74084828E-05  0.69999999E+00  0.10000000E+04
  0.45000000E+01  0.10000000E+01  0.00000000E+00  0.00000000E+00  0.10000000E+04  0.00000000E+00  0.12500000E+03  0.00000000E+00  0.69999999E+00  0.10000000E+04
  0.42500000E+01  0.75000000E+00  0.00000000E+00  0.00000000E+00  0.10001105E+04  0.21688666E+03  0.12500000E+03 -0.14775875E-05  0.69999999E+00  0.10000000E+04
  0.45000000E+01  0.15000000E+01  0.00000000E+00  0.00000000E+00  0.10000000E+04  0.00000000E+00  0.12500000E+03  0.00000000E+00  0.69999999E+00  0.10000000E+04
  0.42500000E+01  0.12500000E+01  0.00000000E+00  0.00000000E+00  0.10000011E+04  0.21050045E+01  0.12500000E+03  0.48762436E-05  0.69999999E+00  0.10000000E+04
  0.45000000E+01  0.20000000E+01  0.00000000E+00  0.00000000E+00  0.10000000E+04  0.00000000E+00  0.12500000E+03  0.00000000E+00  0.69999999E+00  0.10000000E+04
  0.42500000E+01  0.17500000E+01  0.00000000E+00  0.00000000E+00  0.10000000E+04  0.00000000E+00  0.12500000E+03  0.00000000E+00  0.69999999E+00  0.10000000E+04
  0.50000000E+01  0.50000000E+00  0.00000000E+00  0.00000000E+00  0.10000000E+04  0.00000000E+00  0.12500000E+03  0.00000000E+00  0.69999999E+00  0.10000000E+04
  0.47500000E+01  0.25000000E+00  0.00000000E+00  0.00000000E+00  0.10000000E+04  0.00000000E+00  0.12500000E+03  0.00000000E+00  0.69999999E+00  0.10000000E+04
  0.50000000E+01  0.10000000E+01  0.00000000E+00  0.00000000E+00  0.10000000E+04  0.00000000E+00  0.12500000E+03  0.00000000E+00  0.69999999E+00  0.10000000E+04
  0.47500000E+01  0.75000000E+00  0.00000000E+00  0.00000000E+00  0.10000000E+04  0.00000000E+00  0.12500000E+03  0.00000000E+00  0.69999999E+00  0.10000000E+04
  0.50000000E+01  0.15000000E+01  0.00000000E+00  0.00000000E+00  0.10000000E+04  0.00000000E+00  0.12500000E+03  0.00000000E+00  0.69999999E+00  0.10000000E+04
  0.47500000E+01  0.12500000E+01  0.00000000E+00  0.00000000E+00  0.10000000E+04  0.00000000E+00  0.12500000E+03  0.00000000E+00  0.69999999E+00  0.10000000E+04
  0.50000000E+01  0.20000000E+01  0.00000000E+00  0.00000000E+00  0.10000000E+04  0.00000000E+00  0.12500000E+03  0.00000000E+00  0.69999999E+00  0.10000000E+04
  0.47500000E+01  0.17500000E+01  0.00000000E+00  0.00000000E+00  0.10000000E+04  0.00000000E+00  0.12500000E+03  0.00000000E+00  0.69999999E+00  0.10000000E+04
  0.73140311E+00  0.24705675E+00  0.25991265E-01  0.34719416E+00  0.99505988E+03 -0.95501074E+04  0.12576698E+03  0.12576698E+03  0.10000000E+01  0.00000000E+00
  0.50940955E+00  0.51991582E+00 -0.16148934E+00  0.37723774E+00  0.99641028E+03 -0.69676919E+04  0.12561582E+03  0.12561346E+03  0.10000000E+01  0.00000000E+00
  0.72598898E+00  0.67590916E+00 -0.44218761E+00 -0.40725109E+00  0.99856616E+03 -0.28011401E+04  0.12546356E+03  0.12546356E+03  0.10000000E+01  0.00000000E+00
  0.76486903E+00  0.85429513E+00  0.12368926E+01 -0.40622270E+00  0.10168172E+04  0.34707492E+05  0.12531018E+03  0.12531018E+03  0.10000000E+01  0.00000000E+00
  0.97140443E+00  0.12179344E+01  0.14092431E+01 -0.26463205E+00  0.99570050E+03 -0.83276299E+04  0.12515567E+03  0.12515567E+03  0.10000000E+01  0.00000000E+00
  0.99280870E+00  0.13897679E+01  0.25584226E+01  0.73979795E+00  0.99993616E+03 -0.12522338E+03  0.12500000E+03  0.12500000E+03  0.10000000E+01  0.00000000E+00
  0.13135948E+01  0.20905033E+00  0.45151889E+00  0.26716858E-01  0.10074596E+04  0.14967451E+05  0.12576698E+03  0.12576385E+03  0.10000000E+01  0.00000000E+00
  0.10552572E+01  0.46692830E+00  0.79868570E-01  0.31581691E+00  0.99802075E+03 -0.38602712E+04  0.12561582E+03  0.12561269E+03  0.10000000E+01  0.00000000E+00
  0.13920877E+01  0.64067745E+00  0.26859033E+00 -0.56290656E-01  0.10047292E+04  0.94112783E+04  0.12546356E+03  0.12546356E+03  0.10000000E+01  0.00000000E+00
  0.11330041E+01  0.91355479E+00  0.27047795E+00 -0.10702384E+00  0.99118469E+03 -0.16844861E+05  0.12531018E+03  0.12531018E+03  0.10000000E+01  0.00000000E+00
  0.14628410E+01  0.11924388E+01  0.67240506E+00  0.26857293E+00  0.99809436E+03 -0.37175200E+04  0.12515567E+03  0.12515567E+03  0.10000000E+01  0.00000000E+00
  0.11741623E+01  0.14974895E+01  0.67202413E+00  0.48347706E+00  0.10007170E+04  0.14098700E+04  0.12500000E+03  0.12500000E+03  0.10000000E+01  0.00000000E+00
  0.18882668E+01  0.26448861E+00  0.68248975E+00  0.21800941E+00  0.10054811E+04  0.10932421E+05  0.12576698E+03  0.12576385E+03  0.10000000E+01  0.00000000E+00
  0.16318157E+01  0.47214550E+00  0.48038280E+00  0.27572098E+00  0.10088655E+04  0.17863826E+05  0.12561582E+03  0.12561269E+03  0.10000000E+01  0.00000000E+00
  0.20003853E+01  0.69454587E+00  0.10850496E+01  0.91232799E-01  0.10145616E+04  0.29848521E+05  0.12546356E+03  0.12546356E+03  0.10000000E+01  0.00000000E+00
  0.16660800E+01  0.88323462E+00  0.35616088E+00 -0.98977491E-01  0.10032567E+04  0.64523701E+04  0.12531018E+03  0.12531018E+03  0.10000000E+01  0.00000000E+00
  0.18998544E+01  0.10834336E+01  0.40033785E+00  0.33863074E+00  0.10033464E+04  0.66317671E+04  0.12515567E+03  0.12515567E+03  0.10000000E+01  0.00000000E+00
  0.16719558E+01  0.13981605E+01  0.64869976E+00  0.55226433E+00  0.10071002E+04  0.14230665E+05  0.12500000E+03  0.12500000E+03  0.10000000E+01  0.00000000E+00
  0.21909041E+01  0.40546307E+00 -0.15310930E+01  0.84641373E+00  0.99177417E+03 -0.15746275E+05  0.12576698E+03  0.12576698E+03  0.10000000E+01  0.00000000E+00
  0.23331070E+01  0.51504946E+00  0.92899358E+00 -0.67815483E+00  0.99139056E+03 -0.16461596E+05  0.12561582E+03  0.12561527E+03  0.10000000E+01  0.00000000E+00
  0.27165151E+01  0.60212433E+00 -0.34240958E+00 -0.16180576E+01  0.98938342E+03 -0.20177961E+05  0.12546356E+03  0.12546356E+03  0.10000000E+01  0.00000000E+00
  0.23690734E+01  0.84409082E+00  0.12377309E+01  0.37290043E+00  0.10077664E+04  0.15597265E+05  0.12531018E+03  0.12531018E+03  0.10000000E+01  0.00000000E+00
  0.26950321E+01  0.11058133E+01  0.10410013E+01  0.14757956E+01  0.98837317E+03 -0.22031410E+05  0.12515567E+03  0.12515567E+03  0.10000000E+01  0.00000000E+00
  0.21110182E+01  0.12719667E+01  0.46830529E+00  0.64197618E+00  0.10021857E+04  0.43165698E+04  0.12500000E+03  0.12500000E+03  0.10000000E+01  0.00000000E+00
  0.27161193E+01  0.93674064E+00 -0.11867306E+01  0.29495556E+01  0.99804474E+03 -0.38138118E+04  0.12561582E+03  0.12561399E+03  0.10000000E+01  0.00000000E+00
  0.29769888E+01  0.82208025E+00 -0.19084477E+01  0.10933148E+01  0.10386888E+04  0.85308562E+05  0.12531018E+03  0.12531018E+03  0.10000000E+01  0.00000000E+00
  0.29542227E+01  0.14079945E+01 -0.11896106E+01  0.12675198E+01  0.98584973E+03 -0.26611666E+05  0.12500000E+03  0.12500000E+03  0.10000000E+01  0.00000000E+00
