  0.00000000E+00  0.00000000E+00  0.00000000E+00  0.00000000E+00  0.10009679E+04  0.19044645E+04  0.12500000E+03  0.27097252E-02  0.69999999E+00  0.99999689E+03
  0.00000000E+00  0.50000000E+00  0.00000000E+00  0.00000000E+00  0.10157581E+04  0.32417854E+05  0.12500000E+03  0.39880429E-02  0.69999999E+00  0.99999536E+03
  0.00000000E+00  0.10000000E+01  0.00000000E+00  0.00000000E+00  0.10194882E+04  0.40545367E+05  0.12500000E+03  0.42583719E-02  0.69999999E+00  0.99999506E+03
  0.00000000E+00  0.15000000E+01  0.00000000E+00  0.00000000E+00  0.10205178E+04  0.42820367E+05  0.12500000E+03  0.15878291E-02  0.69999999E+00  0.99999817E+03
  0.00000000E+00  0.20000000E+01  0.00000000E+00  0.00000000E+00  0.10196586E+04  0.40920816E+05  0.12500000E+03 -0.21093707E-02  0.69999999E+00  0.10000024E+04
  0.00000000E+00  0.25000000E+01  0.00000000E+00  0.00000000E+00  0.10034469E+04  0.68332266E+04  0.12500000E+03  0.51974104E-03  0.69999999E+00  0.99999939E+03
  0.00000000E+00  0.30000000E+01  0.00000000E+00  0.00000000E+00  0.10000026E+04  0.51455903E+01  0.12500000E+03  0.38292605E-04  0.69999999E+00  0.99999994E+03
  0.00000000E+00  0.35000000E+01  0.00000000E+00  0.00000000E+00  0.10000000E+04  0.00000000E+00  0.12500000E+03  0.00000000E+00  0.69999999E+00  0.10000000E+04
  0.00000000E+00  0.40000000E+01  0.00000000E+00  0.00000000E+00  0.10000000E+04  0.00000000E+00  0.12500000E+03  0.00000000E+00  0.69999999E+00  0.10000000E+04
 -0.25000000E+00 -0.25000000E+00  0.00000000E+00  0.00000000E+00  0.10006414E+04  0.12607445E+04  0.12500000E+03  0.52005530E-03  0.69999999E+00  0.99999939E+03
 -0.25000000E+00  0.25000000E+00  0.00000000E+00  0.00000000E+00  0.10006211E+04  0.12208326E+04  0.12500000E+03  0.12457934E-02  0.69999999E+00  0.99999860E+03
 -0.25000000E+00  0.75000000E+00  0.00000000E+00  0.00000000E+00  0.10064323E+04  0.12866320E+05  0.12500000E+03  0.67507720E-03  0.69999999E+00  0.99999921E+03
 -0.25000000E+00  0.12500000E+01  0.00000000E+00  0.00000000E+00  0.10047687E+04  0.94911680E+04  0.12500000E+03  0.13374714E-02  0.69999999E+00  0.99999847E+03
 -0.25000000E+00  0.17500000E+01  0.00000000E+00  0.00000000E+00  0.10009307E+04  0.18310746E+04  0.12500000E+03 -0.43345295E-03  0.69999999E+00  0.10000005E+04
 -0.25000000E+00  0.22500000E+01  0.00000000E+00  0.00000000E+00  0.10015139E+04  0.29839109E+04  0.12500000E+03 -0.18548567E-03  0.69999999E+00  0.10000002E+04
 -0.25000000E+00  0.27500000E+01  0.00000000E+00  0.00000000E+00  0.10000007E+04  0.14033347E+01  0.12500000E+03  0.17473474E-04  0.69999999E+00  0.10000000E+04
 -0.25000000E+00  0.32500000E+01  0.00000000E+00  0.00000000E+00  0.10000000E+04  0.00000000E+00  0.12500000E+03  0.19890030E-40  0.69999999E+00  0.10000000E+04
 -0.25000000E+00  0.37500000E+01  0.00000000E+00  0.00000000E+00  0.10000000E+04  0.00000000E+00  0.12500000E+03  0.00000000E+00  0.69999999E+00  0.10000000E+04
  0.80000000E+01  0.00000000E+00  0.00000000E+00  0.00000000E+00  0.10000000E+04  0.00000000E+00  0.12500000E+03  0.00000000E+00  0.69999999E+00  0.10000000E+04
  0.80000000E+01  0.50000000E+00  0.00000000E+00  0.00000000E+00  0.10000000E+04  0.00000000E+00  0.12500000E+03  0.00000000E+00  0.69999999E+00  0.10000000E+04
  0.80000000E+01  0.10000000E+01  0.00000000E+00  0.00000000E+00  0.10000000E+04  0.00000000E+00  0.12500000E+03  0.00000000E+00  0.69999999E+00  0.10000000E+04
  0.80000000E+01  0.15000000E+01  0.00000000E+00  0.00000000E+00  0.10000000E+04  0.00000000E+00  0.12500000E+03  0.00000000E+00  0.69999999E+00  0.10000000E+04
  0.80000000E+01  0.20000000E+01  0.00000000E+00  0.00000000E+00  0.10000000E+04  0.00000000E+00  0.12500000E+03  0.00000000E+00  0.69999999E+00  0.10000000E+04
  0.80000000E+01  0.25000000E+01  0.00000000E+00  0.00000000E+00  0.10000000E+04  0.00000000E+00  0.12500000E+03  0.00000000E+00  0.69999999E+00  0.10000000E+04
  0.80000000E+01  0.30000000E+01  0.00000000E+00  0.00000000E+00  0.10000000E+04  0.00000000E+00  0.12500000E+03  0.00000000E+00  0.69999999E+00  0.10000000E+04
  0.80000000E+01  0.35000000E+01  0.00000000E+00  0.00000000E+00  0.10000000E+04  0.00000000E+00  0.12500000E+03  0.00000000E+00  0.69999999E+00  0.10000000E+04
  0.80000000E+01  0.40000000E+01  0.00000000E+00  0.00000000E+00  0.10000000E+04  0.00000000E+00  0.12500000E+03  0.00000000E+00  0.69999999E+00  0.10000000E+04
  0.82500000E+01 -0.25000000E+00  0.00000000E+00  0.00000000E+00  0.10000000E+04  0.00000000E+00  0.12500000E+03  0.00000000E+00  0.69999999E+00  0.10000000E+04
  0.82500000E+01  0.25000000E+00  0.00000000E+00  0.00000000E+00  0.10000000E+04  0.00000000E+00  0.12500000E+03  0.00000000E+00  0.69999999E+00  0.10000000E+04
  0.82500000E+01  0.75000000E+00  0.00000000E+00  0.00000000E+00  0.10000000E+04  0.00000000E+00  0.12500000E+03  0.00000000E+00  0.69999999E+00  0.10000000E+04
  0.82500000E+01  0.12500000E+01  0.00000000E+00  0.00000000E+00  0.10000000E+04  0.00000000E+00  0.12500000E+03  0.00000000E+00  0.69999999E+00  0.10000000E+04
  0.82500000E+01  0.17500000E+01  0.00000000E+00  0.00000000E+00  0.10000000E+04  0.00000000E+00  0.12500000E+03  0.00000000E+00  0.69999999E+00  0.10000000E+04
  0.82500000E+01  0.22500000E+01  0.00000000E+00  0.00000000E+00  0.10000000E+04  0.00000000E+00  0.12500000E+03  0.00000000E+00  0.69999999E+00  0.10000000E+04
  0.82500000E+01  0.27500000E+01  0.00000000E+00  0.00000000E+00  0.10000000E+04  0.00000000E+00  0.12500000E+03  0.00000000E+00  0.69999999E+00  0.10000000E+04
  0.82500000E+01  0.32500000E+01  0.00000000E+00  0.00000000E+00  0.10000000E+04  0.00000000E+00  0.12500000E+03  0.00000000E+00  0.69999999E+00  0.10000000E+04
  0.82500000E+01  0.37500000E+01  0.00000000E+00  0.00000000E+00  0.10000000E+04  0.00000000E+00  0.12500000E+03  0.00000000E+00  0.69999999E+00  0.10000000E+04
  0.50000000E+00  0.00000000E+00  0.00000000E+00  0.00000000E+00  0.10430743E+04  0.96251477E+05  0.12500000E+03  0.13810424E-01  0.69999999E+00  0.99998352E+03
  0.10000000E+01  0.00000000E+00  0.00000000E+00  0.00000000E+00  0.10684465E+04  0.16523764E+06  0.12500000E+03  0.81965327E-02  0.69999999E+00  0.99998999E+03
  0.15000000E+01  0.00000000E+00  0.00000000E+00  0.00000000E+00  0.10188160E+04  0.39067465E+05  0.12500000E+03  0.23895457E-01  0.69999999E+00  0.99997217E+03
  0.20000000E+01  0.00000000E+00  0.00000000E+00  0.00000000E+00  0.11345291E+04  0.39783991E+06  0.12500000E+03  0.27872814E-01  0.69999999E+00  0.99996387E+03
  0.25000000E+01  0.00000000E+00  0.00000000E+00  0.00000000E+00  0.10412025E+04  0.91546930E+05  0.12500000E+03  0.94481297E-02  0.69999999E+00  0.99998877E+03
  0.30000000E+01  0.00000000E+00  0.00000000E+00  0.00000000E+00  0.10537388E+04  0.12404014E+06  0.12500000E+03  0.11151619E-01  0.69999999E+00  0.99998657E+03
  0.35000000E+01  0.00000000E+00  0.00000000E+00  0.00000000E+00  0.10070779E+04  0.14185278E+05  0.12500000E+03  0.46980353E-02  0.69999999E+00  0.99999457E+03
  0.40000000E+01  0.00000000E+00  0.00000000E+00  0.00000000E+00  0.10000137E+04  0.26898298E+02  0.12500000E+03 -0.68247195E-04  0.69999999E+00  0.10000001E+04
  0.45000000E+01  0.00000000E+00  0.00000000E+00  0.00000000E+00  0.10000000E+04  0.00000000E+00  0.12500000E+03  0.10624112E-38  0.69999999E+00  0.10000000E+04
  0.50000000E+01  0.00000000E+00  0.00000000E+00  0.00000000E+00  0.10000000E+04  0.00000000E+00  0.12500000E+03 -0.51539758E-41  0.69999999E+00  0.10000000E+04
  0.55000000E+01  0.00000000E+00  0.00000000E+00  0.00000000E+00  0.10000000E+04  0.00000000E+00  0.12500000E+03  0.00000000E+00  0.69999999E+00  0.10000000E+04
  0.60000000E+01  0.00000000E+00  0.00000000E+00  0.00000000E+00  0.10000000E+04  0.00000000E+00  0.12500000E+03  0.00000000E+00  0.69999999E+00  0.10000000E+04
  0.65000000E+01  0.00000000E+00  0.00000000E+00  0.00000000E+00  0.10000000E+04  0.00000000E+00  0.12500000E+03  0.00000000E+00  0.69999999E+00  0.10000000E+04
  0.70000000E+01  0.00000000E+00  0.00000000E+00  0.00000000E+00  0.10000000E+04  0.00000000E+00  0.12500000E+03  0.00000000E+00  0.69999999E+00  0.10000000E+04
  0.75000000E+01  0.00000000E+00  0.00000000E+00  0.00000000E+00  0.10000000E+04  0.00000000E+00  0.12500000E+03  0.00000000E+00  0.69999999E+00  0.10000000E+04
  0.25000000E+00 -0.25000000E+00  0.00000000E+00  0.00000000E+00  0.10056553E+04  0.11285709E+05  0.12500000E+03  0.35125427E-02  0.69999999E+00  0.99999597E+03
  0.75000000E+00 -0.25000000E+00  0.00000000E+00  0.00000000E+00  0.10259780E+04  0.55117492E+05  0.12500000E+03  0.98763872E-02  0.69999999E+00  0.99998840E+03
  0.12500000E+01 -0.25000000E+00  0.00000000E+00  0.00000000E+00  0.10094800E+04  0.19137174E+05  0.12500000E+03  0.77037998E-02  0.69999999E+00  0.99999109E+03
  0.17500000E+01 -0.25000000E+00  0.00000000E+00  0.00000000E+00  0.10143873E+04  0.29476039E+05  0.12500000E+03  0.11814402E-01  0.69999999E+00  0.99998633E+03
  0.22500000E+01 -0.25000000E+00  0.00000000E+00  0.00000000E+00  0.10012517E+04  0.24650718E+04  0.12500000E+03  0.11949629E-01  0.69999999E+00  0.99998633E+03
  0.27500000E+01 -0.25000000E+00  0.00000000E+00  0.00000000E+00  0.10045814E+04  0.91133008E+04  0.12500000E+03  0.60258368E-02  0.69999999E+00  0.99999310E+03
  0.32500000E+01 -0.25000000E+00  0.00000000E+00  0.00000000E+00  0.10018824E+04  0.37142583E+04  0.12500000E+03  0.42866231E-02  0.69999999E+00  0.99999512E+03
  0.37500000E+01 -0.25000000E+00  0.00000000E+00  0.00000000E+00  0.10000070E+04  0.13565822E+02  0.12500000E+03 -0.15635355E-03  0.69999999E+00  0.10000002E+04
  0.42500000E+01 -0.25000000E+00  0.00000000E+00  0.00000000E+00  0.10000000E+04  0.00000000E+00  0.12500000E+03 -0.35318863E-35  0.69999999E+00  0.10000000E+04
  0.47500000E+01 -0.25000000E+00  0.00000000E+00  0.00000000E+00  0.10000000E+04  0.00000000E+00  0.12500000E+03 -0.23512471E-38  0.69999999E+00  0.10000000E+04
  0.52500000E+01 -0.25000000E+00  0.00000000E+00  0.00000000E+00  0.10000000E+04  0.00000000E+00  0.12500000E+03  0.00000000E+00  0.69999999E+00  0.10000000E+04
  0.57500000E+01 -0.25000000E+00  0.00000000E+00  0.00000000E+00  0.10000000E+04  0.00000000E+00  0.12500000E+03  0.00000000E+00  0.69999999E+00  0.10000000E+04
  0.62500000E+01 -0.25000000E+00  0.00000000E+00  0.00000000E+00  0.10000000E+04  0.00000000E+00  0.12500000E+03  0.00000000E+00  0.69999999E+00  0.10000000E+04
  0.67500000E+01 -0.25000000E+00  0.00000000E+00  0.00000000E+00  0.10000000E+04  0.00000000E+00  0.12500000E+03  0.00000000E+00  0.69999999E+00  0.10000000E+04
  0.72500000E+01 -0.25000000E+00  0.00000000E+00  0.00000000E+00  0.10000000E+04  0.00000000E+00  0.12500000E+03  0.00000000E+00  0.69999999E+00  0.10000000E+04
  0.77500000E+01 -0.25000000E+00  0.00000000E+00  0.00000000E+00  0.10000000E+04  0.00000000E+00  0.12500000E+03  0.00000000E+00  0.69999999E+00  0.10000000E+04
  0.40000000E+01  0.50000000E+00  0.00000000E+00  0.00000000E+00  0.10011897E+04  0.23425562E+04  0.12500000E+03 -0.49798971E-03  0.69999999E+00  0.10000005E+04
  0.37500000E+01  0.25000000E+00  0.00000000E+00  0.00000000E+00  0.10065461E+04  0.13098522E+05  0.12500000E+03 -0.22258279E-02  0.69999999E+00  0.10000026E+04
  0.40000000E+01  0.10000000E+01  0.00000000E+00  0.00000000E+00  0.10030240E+04  0.59873877E+04  0.12500000E+03 -0.13808755E-03  0.69999999E+00  0.10000002E+04
  0.37500000E+01  0.75000000E+00  0.00000000E+00  0.00000000E+00  0.10587594E+04  0.13771986E+06  0.12500000E+03  0.11279474E-02  0.69999999E+00  0.99999866E+03
  0.40000000E+01  0.15000000E+01  0.00000000E+00  0.00000000E+00  0.10000271E+04  0.53097031E+02  0.12500000E+03  0.48957719E-03  0.69999999E+00  0.99999945E+03
  0.37500000E+01  0.12500000E+01  0.00000000E+00  0.00000000E+00  0.10273335E+04  0.58231773E+05  0.12500000E+03  0.12233283E-02  0.69999999E+00  0.99999854E+03
  0.40000000E+01  0.20000000E+01  0.00000000E+00  0.00000000E+00  0.10013723E+04  0.27036365E+04  0.12500000E+03  0.38027915E-03  0.69999999E+00  0.99999957E+03
  0.37500000E+01  0.17500000E+01  0.00000000E+00  0.00000000E+00  0.10270940E+04  0.57679754E+05  0.12500000E+03  0.25618600E-02  0.69999999E+00  0.99999701E+03
  0.45000000E+01  0.50000000E+00  0.00000000E+00  0.00000000E+00  0.10000000E+04  0.00000000E+00  0.12500000E+03  0.69296451E-38  0.69999999E+00  0.10000000E+04
  0.42500000E+01  0.25000000E+00  0.00000000E+00  0.00000000E+00  0.10000018E+04  0.35083482E+01  0.12500000E+03 -0.74084828E-05  0.69999999E+00  0.10000000E+04
  0.45000000E+01  0.10000000E+01  0.00000000E+00  0.00000000E+00  0.10000000E+04  0.00000000E+00  0.12500000E+03 -0.80238350E-41  0.69999999E+00  0.10000000E+04
  0.42500000E+01  0.75000000E+00  0.00000000E+00  0.00000000E+00  0.10000916E+04  0.17967581E+03  0.12500000E+03 -0.20551628E-04  0.69999999E+00  0.10000000E+04
  0.45000000E+01  0.15000000E+01  0.00000000E+00  0.00000000E+00  0.10000000E+04  0.00000000E+00  0.12500000E+03 -0.29191850E-40  0.69999999E+00  0.10000000E+04
  0.42500000E+01  0.12500000E+01  0.00000000E+00  0.00000000E+00  0.10000066E+04  0.12864128E+02  0.12500000E+03  0.64903998E-05  0.69999999E+00  0.10000000E+04
  0.45000000E+01  0.20000000E+01  0.00000000E+00  0.00000000E+00  0.10000000E+04  0.00000000E+00  0.12500000E+03  0.25671788E-40  0.69999999E+00  0.10000000E+04
  0.42500000E+01  0.17500000E+01  0.00000000E+00  0.00000000E+00  0.10000031E+04  0.60811610E+01  0.12500000E+03 -0.35628464E-05  0.69999999E+00  0.10000000E+04
  0.50000000E+01  0.50000000E+00  0.00000000E+00  0.00000000E+00  0.10000000E+04  0.00000000E+00  0.12500000E+03  0.48737161E-41  0.69999999E+00  0.10000000E+04
  0.47500000E+01  0.25000000E+00  0.00000000E+00  0.00000000E+00  0.10000000E+04  0.00000000E+00  0.12500000E+03  0.23254772E-38  0.69999999E+00  0.10000000E+04
  0.50000000E+01  0.10000000E+01  0.00000000E+00  0.00000000E+00  0.10000000E+04  0.00000000E+00  0.12500000E+03 -0.00000000E+00  0.69999999E+00  0.10000000E+04
  0.47500000E+01  0.75000000E+00  0.00000000E+00  0.00000000E+00  0.10000000E+04  0.00000000E+00  0.12500000E+03  0.51960147E-41  0.69999999E+00  0.10000000E+04
  0.50000000E+01  0.15000000E+01  0.00000000E+00  0.00000000E+00  0.10000000E+04  0.00000000E+00  0.12500000E+03 -0.21120370E-40  0.69999999E+00  0.10000000E+04
  0.47500000E+01  0.12500000E+01  0.00000000E+00  0.00000000E+00  0.10000000E+04  0.00000000E+00  0.12500000E+03 -0.20187106E-40  0.69999999E+00  0.10000000E+04
  0.50000000E+01  0.20000000E+01  0.00000000E+00  0.00000000E+00  0.10000000E+04  0.00000000E+00  0.12500000E+03  0.18059935E-40  0.69999999E+00  0.10000000E+04
  0.47500000E+01  0.17500000E+01  0.00000000E+00  0.00000000E+00  0.10000000E+04  0.00000000E+00  0.12500000E+03 -0.11238414E-41  0.69999999E+00  0.10000000E+04
  0.28342006E+01  0.89101481E+00  0.20451853E+00  0.63233241E-01  0.10010734E+04  0.21127266E+04  0.12576698E+03  0.12576656E+03  0.10000000E+01  0.00000000E+00
  0.89136636E+00  0.13668474E+01 -0.15521100E+00 -0.19662687E+00  0.99438104E+03 -0.10840236E+05  0.12561582E+03  0.12561256E+03  0.10000000E+01  0.00000000E+00
  0.18312094E+01  0.10771651E+01  0.35881269E+00  0.12699887E+00  0.10111810E+04  0.22686820E+05  0.12546356E+03  0.12546323E+03  0.10000000E+01  0.00000000E+00
  0.28374708E+01  0.16156201E+01 -0.94806468E+00 -0.79269886E+00  0.99841388E+03 -0.30972361E+04  0.12531018E+03  0.12531044E+03  0.10000000E+01  0.00000000E+00
  0.25939879E+01  0.16626021E+01 -0.24529238E+01 -0.40738150E+00  0.99632056E+03 -0.71398896E+04  0.12515567E+03  0.12515567E+03  0.10000000E+01  0.00000000E+00
  0.27731495E+01  0.16518605E+01 -0.10531541E+01 -0.65235937E+00  0.10005748E+04  0.11297577E+04  0.12500000E+03  0.12499985E+03  0.10000000E+01  0.00000000E+00
  0.27085757E+01  0.84338176E+00 -0.26921171E+00 -0.25502853E-01  0.10012621E+04  0.24858096E+04  0.12576698E+03  0.12575461E+03  0.10000000E+01  0.00000000E+00
  0.98425436E+00  0.88640034E+00 -0.27745405E+00  0.73741168E-01  0.10016547E+04  0.32625332E+04  0.12561582E+03  0.12560609E+03  0.10000000E+01  0.00000000E+00
  0.81577313E+00  0.10299612E+01 -0.40461928E+00  0.31035015E+00  0.99911273E+03 -0.17362062E+04  0.12546356E+03  0.12546051E+03  0.10000000E+01  0.00000000E+00
  0.28918202E+01  0.97822690E+00  0.45547977E-01 -0.14307945E+01  0.10007469E+04  0.14688344E+04  0.12531018E+03  0.12531038E+03  0.10000000E+01  0.00000000E+00
  0.11070644E+01  0.88106120E+00 -0.44626421E+00  0.11588879E+00  0.10015731E+04  0.31009980E+04  0.12515567E+03  0.12515535E+03  0.10000000E+01  0.00000000E+00
  0.67661572E+00  0.90968084E+00 -0.26389021E+00 -0.26058623E+00  0.10054965E+04  0.10963600E+05  0.12500000E+03  0.12500000E+03  0.10000000E+01  0.00000000E+00
  0.20297015E+01  0.95469117E+00 -0.10991825E+01 -0.18862468E+00  0.10058878E+04  0.11757815E+05  0.12576698E+03  0.12575644E+03  0.10000000E+01  0.00000000E+00
  0.26657307E+01  0.84429216E+00 -0.24466410E+00  0.94152547E-01  0.10012994E+04  0.25593455E+04  0.12561582E+03  0.12561059E+03  0.10000000E+01  0.00000000E+00
  0.27360206E+01  0.13582729E+01 -0.48577881E+00 -0.53763741E+00  0.99765271E+03 -0.45730801E+04  0.12546356E+03  0.12546005E+03  0.10000000E+01  0.00000000E+00
  0.14476626E+01  0.90669656E+00 -0.56248719E+00 -0.26824972E+00  0.10013404E+04  0.26404424E+04  0.12531018E+03  0.12531018E+03  0.10000000E+01  0.00000000E+00
  0.29302692E+01  0.78798783E+00  0.79021978E+00  0.59482396E+00  0.10013544E+04  0.26682651E+04  0.12515567E+03  0.12515553E+03  0.10000000E+01  0.00000000E+00
  0.10187159E+01  0.16325910E+01  0.17329091E-02  0.51163897E-01  0.99646960E+03 -0.68536812E+04  0.12500000E+03  0.12500612E+03  0.10000000E+01  0.00000000E+00
  0.94241178E+00  0.15215276E+01  0.28987241E+00  0.14590690E+00  0.99612781E+03 -0.75095996E+04  0.12576698E+03  0.12576566E+03  0.10000000E+01  0.00000000E+00
  0.23768449E+01  0.10158604E+01 -0.17874819E+00 -0.59259677E+00  0.99818750E+03 -0.35368811E+04  0.12561582E+03  0.12561228E+03  0.10000000E+01  0.00000000E+00
  0.16788580E+01  0.11497483E+01  0.42753622E-01 -0.47890854E+00  0.10033866E+04  0.67124321E+04  0.12546356E+03  0.12546202E+03  0.10000000E+01  0.00000000E+00
  0.22074478E+01  0.92761874E+00 -0.68471313E+00  0.26474074E+00  0.10035443E+04  0.70281177E+04  0.12531018E+03  0.12530890E+03  0.10000000E+01  0.00000000E+00
  0.21352878E+01  0.15790300E+01 -0.84699225E+00  0.16943140E+00  0.10004029E+04  0.79149982E+03  0.12515567E+03  0.12515567E+03  0.10000000E+01  0.00000000E+00
  0.13669043E+01  0.87745333E+00 -0.29891986E+00 -0.65154538E-01  0.10010379E+04  0.20428206E+04  0.12500000E+03  0.12500012E+03  0.10000000E+01  0.00000000E+00
  0.11246541E+01  0.16302969E+01  0.26032585E+00  0.80405831E-01  0.99574054E+03 -0.82510391E+04  0.12561582E+03  0.12560780E+03  0.10000000E+01  0.00000000E+00
  0.14995142E+01  0.16565039E+01 -0.13787445E+01  0.79812932E+00  0.99876117E+03 -0.24215562E+04  0.12531018E+03  0.12531004E+03  0.10000000E+01  0.00000000E+00
  0.23372834E+01  0.18787282E+01 -0.16971043E+00  0.43545532E+00  0.10043505E+04  0.86477422E+04  0.12500000E+03  0.12500000E+03  0.10000000E+01  0.00000000E+00
