  0.00000000E+00  0.00000000E+00  0.00000000E+00  0.00000000E+00  0.10012057E+04  0.23741230E+04  0.12500000E+03  0.26391663E-02  0.69999999E+00  0.99999701E+03
  0.00000000E+00  0.50000000E+00  0.00000000E+00  0.00000000E+00  0.10218569E+04  0.45799832E+05  0.12500000E+03  0.37701591E-02  0.69999999E+00  0.99999561E+03
  0.00000000E+00  0.10000000E+01  0.00000000E+00  0.00000000E+00  0.10226400E+04  0.47553098E+05  0.12500000E+03  0.40817410E-02  0.69999999E+00  0.99999524E+03
  0.00000000E+00  0.15000000E+01  0.00000000E+00  0.00000000E+00  0.10224076E+04  0.47032066E+05  0.12500000E+03  0.14827379E-02  0.69999999E+00  0.99999829E+03
  0.00000000E+00  0.20000000E+01  0.00000000E+00  0.00000000E+00  0.10196261E+04  0.40849324E+05  0.12500000E+03 -0.20090770E-02  0.69999999E+00  0.10000023E+04
  0.00000000E+00  0.25000000E+01  0.00000000E+00  0.00000000E+00  0.10034469E+04  0.68332266E+04  0.12500000E+03  0.51974104E-03  0.69999999E+00  0.99999939E+03
  0.00000000E+00  0.30000000E+01  0.00000000E+00  0.00000000E+00  0.10000026E+04  0.51455903E+01  0.12500000E+03  0.38292605E-04  0.69999999E+00  0.99999994E+03
  0.00000000E+00  0.35000000E+01  0.00000000E+00  0.00000000E+00  0.10000000E+04  0.00000000E+00  0.12500000E+03  0.00000000E+00  0.69999999E+00  0.10000000E+04
  0.00000000E+00  0.40000000E+01  0.00000000E+00  0.00000000E+00  0.10000000E+04  0.00000000E+00  0.12500000E+03  0.00000000E+00  0.69999999E+00  0.10000000E+04
 -0.25000000E+00 -0.25000000E+00  0.00000000E+00  0.00000000E+00  0.10006414E+04  0.12607445E+04  0.12500000E+03  0.52005530E-03  0.69999999E+00  0.99999939E+03
 -0.25000000E+00  0.25000000E+00  0.00000000E+00  0.00000000E+00  0.10008756E+04  0.17224312E+04  0.12500000E+03  0.12034981E-02  0.69999999E+00  0.99999860E+03
 -0.25000000E+00  0.75000000E+00  0.00000000E+00  0.00000000E+00  0.10078505E+04  0.15770033E+05  0.12500000E+03  0.62262628E-03  0.69999999E+00  0.99999927E+03
 -0.25000000E+00  0.12500000E+01  0.00000000E+00  0.00000000E+00  0.10048741E+04  0.97039795E+04  0.12500000E+03  0.12751063E-02  0.69999999E+00  0.99999854E+03
 -0.25000000E+00  0.17500000E+01  0.00000000E+00  0.00000000E+00  0.10010530E+04  0.20724758E+04  0.12500000E+03 -0.42829011E-03  0.69999999E+00  0.10000005E+04
 -0.25000000E+00  0.22500000E+01  0.00000000E+00  0.00000000E+00  0.10015139E+04  0.29839109E+04  0.12500000E+03 -0.18548567E-03  0.69999999E+00  0.10000002E+04
 -0.25000000E+00  0.27500000E+01  0.00000000E+00  0.00000000E+00  0.10000007E+04  0.14033347E+01  0.12500000E+03  0.17473474E-04  0.69999999E+00  0.10000000E+04
 -0.25000000E+00  0.32500000E+01  0.00000000E+00  0.00000000E+00  0.10000000E+04  0.00000000E+00  0.12500000E+03  0.11260834E-40  0.69999999E+00  0.10000000E+04
 -0.25000000E+00  0.37500000E+01  0.00000000E+00  0.00000000E+00  0.10000000E+04  0.00000000E+00  0.12500000E+03  0.00000000E+00  0.69999999E+00  0.10000000E+04
  0.80000000E+01  0.00000000E+00  0.00000000E+00  0.00000000E+00  0.10000000E+04  0.00000000E+00  0.12500000E+03  0.00000000E+00  0.69999999E+00  0.10000000E+04
  0.80000000E+01  0.50000000E+00  0.00000000E+00  0.00000000E+00  0.10000000E+04  0.00000000E+00  0.12500000E+03  0.00000000E+00  0.69999999E+00  0.10000000E+04
  0.80000000E+01  0.10000000E+01  0.00000000E+00  0.00000000E+00  0.10000000E+04  0.00000000E+00  0.12500000E+03  0.00000000E+00  0.69999999E+00  0.10000000E+04
  0.80000000E+01  0.15000000E+01  0.00000000E+00  0.00000000E+00  0.10000000E+04  0.00000000E+00  0.12500000E+03  0.00000000E+00  0.69999999E+00  0.10000000E+04
  0.80000000E+01  0.20000000E+01  0.00000000E+00  0.00000000E+00  0.10000000E+04  0.00000000E+00  0.12500000E+03  0.00000000E+00  0.69999999E+00  0.10000000E+04
  0.80000000E+01  0.25000000E+01  0.00000000E+00  0.00000000E+00  0.10000000E+04  0.00000000E+00  0.12500000E+03  0.00000000E+00  0.69999999E+00  0.10000000E+04
  0.80000000E+01  0.30000000E+01  0.00000000E+00  0.00000000E+00  0.10000000E+04  0.00000000E+00  0.12500000E+03  0.00000000E+00  0.69999999E+00  0.10000000E+04
  0.80000000E+01  0.35000000E+01  0.00000000E+00  0.00000000E+00  0.10000000E+04  0.00000000E+00  0.12500000E+03  0.00000000E+00  0.69999999E+00  0.10000000E+04
  0.80000000E+01  0.40000000E+01  0.00000000E+00  0.00000000E+00  0.10000000E+04  0.00000000E+00  0.12500000E+03  0.00000000E+00  0.69999999E+00  0.10000000E+04
  0.82500000E+01 -0.25000000E+00  0.00000000E+00  0.00000000E+00  0.10000000E+04  0.00000000E+00  0.12500000E+03  0.00000000E+00  0.69999999E+00  0.10000000E+04
  0.82500000E+01  0.25000000E+00  0.00000000E+00  0.00000000E+00  0.10000000E+04  0.00000000E+00  0.12500000E+03  0.00000000E+00  0.69999999E+00  0.10000000E+04
  0.82500000E+01  0.75000000E+00  0.00000000E+00  0.00000000E+00  0.10000000E+04  0.00000000E+00  0.12500000E+03  0.00000000E+00  0.69999999E+00  0.10000000E+04
  0.82500000E+01  0.12500000E+01  0.00000000E+00  0.00000000E+00  0.10000000E+04  0.00000000E+00  0.12500000E+03  0.00000000E+00  0.69999999E+00  0.10000000E+04
  0.82500000E+01  0.17500000E+01  0.00000000E+00  0.00000000E+00  0.10000000E+04  0.00000000E+00  0.12500000E+03  0.00000000E+00  0.69999999E+00  0.10000000E+04
  0.82500000E+01  0.22500000E+01  0.00000000E+00  0.00000000E+00  0.10000000E+04  0.00000000E+00  0.12500000E+03  0.00000000E+00  0.69999999E+00  0.10000000E+04
  0.82500000E+01  0.27500000E+01  0.00000000E+00  0.00000000E+00  0.10000000E+04  0.00000000E+00  0.12500000E+03  0.00000000E+00  0.69999999E+00  0.10000000E+04
  0.82500000E+01  0.32500000E+01  0.00000000E+00  0.00000000E+00  0.10000000E+04  0.00000000E+00  0.12500000E+03  0.00000000E+00  0.69999999E+00  0.10000000E+04
  0.82500000E+01  0.37500000E+01  0.00000000E+00  0.00000000E+00  0.10000000E+04  0.00000000E+00  0.12500000E+03  0.00000000E+00  0.69999999E+00  0.10000000E+04
  0.50000000E+00  0.00000000E+00  0.00000000E+00  0.00000000E+00  0.10458451E+04  0.10330905E+06  0.12500000E+03  0.13444647E-01  0.69999999E+00  0.99998395E+03
  0.10000000E+01  0.00000000E+00  0.00000000E+00  0.00000000E+00  0.10636414E+04  0.15139966E+06  0.12500000E+03  0.79721548E-02  0.69999999E+00  0.99999030E+03
  0.15000000E+01  0.00000000E+00  0.00000000E+00  0.00000000E+00  0.10292979E+04  0.62788723E+05  0.12500000E+03  0.23353759E-01  0.69999999E+00  0.99997253E+03
  0.20000000E+01  0.00000000E+00  0.00000000E+00  0.00000000E+00  0.11340747E+04  0.39594138E+06  0.12500000E+03  0.27095279E-01  0.69999999E+00  0.99996490E+03
  0.25000000E+01  0.00000000E+00  0.00000000E+00  0.00000000E+00  0.10337086E+04  0.73212961E+05  0.12500000E+03  0.89169256E-02  0.69999999E+00  0.99998944E+03
  0.30000000E+01  0.00000000E+00  0.00000000E+00  0.00000000E+00  0.10430020E+04  0.96068672E+05  0.12500000E+03  0.10617018E-01  0.69999999E+00  0.99998737E+03
  0.35000000E+01  0.00000000E+00  0.00000000E+00  0.00000000E+00  0.10037368E+04  0.74144131E+04  0.12500000E+03  0.44319900E-02  0.69999999E+00  0.99999493E+03
  0.40000000E+01  0.00000000E+00  0.00000000E+00  0.00000000E+00  0.10000137E+04  0.26898298E+02  0.12500000E+03 -0.68247195E-04  0.69999999E+00  0.10000001E+04
  0.45000000E+01  0.00000000E+00  0.00000000E+00  0.00000000E+00  0.10000000E+04  0.00000000E+00  0.12500000E+03  0.62812363E-39  0.69999999E+00  0.10000000E+04
  0.50000000E+01  0.00000000E+00  0.00000000E+00  0.00000000E+00  0.10000000E+04  0.00000000E+00  0.12500000E+03 -0.26989008E-41  0.69999999E+00  0.10000000E+04
  0.55000000E+01  0.00000000E+00  0.00000000E+00  0.00000000E+00  0.10000000E+04  0.00000000E+00  0.12500000E+03  0.00000000E+00  0.69999999E+00  0.10000000E+04
  0.60000000E+01  0.00000000E+00  0.00000000E+00  0.00000000E+00  0.10000000E+04  0.00000000E+00  0.12500000E+03  0.00000000E+00  0.69999999E+00  0.10000000E+04
  0.65000000E+01  0.00000000E+00  0.00000000E+00  0.00000000E+00  0.10000000E+04  0.00000000E+00  0.12500000E+03  0.00000000E+00  0.69999999E+00  0.10000000E+04
  0.70000000E+01  0.00000000E+00  0.00000000E+00  0.00000000E+00  0.10000000E+04  0.00000000E+00  0.12500000E+03  0.00000000E+00  0.69999999E+00  0.10000000E+04
  0.75000000E+01  0.00000000E+00  0.00000000E+00  0.00000000E+00  0.10000000E+04  0.00000000E+00  0.12500000E+03  0.00000000E+00  0.69999999E+00  0.10000000E+04
  0.25000000E+00 -0.25000000E+00  0.00000000E+00  0.00000000E+00  0.10056726E+04  0.11320792E+05  0.12500000E+03  0.34560319E-02  0.69999999E+00  0.99999603E+03
  0.75000000E+00 -0.25000000E+00  0.00000000E+00  0.00000000E+00  0.10258113E+04  0.54736309E+05  0.12500000E+03  0.95826257E-02  0.69999999E+00  0.99998877E+03
  0.12500000E+01 -0.25000000E+00  0.00000000E+00  0.00000000E+00  0.10093756E+04  0.18920422E+05  0.12500000E+03  0.75596878E-02  0.69999999E+00  0.99999127E+03
  0.17500000E+01 -0.25000000E+00  0.00000000E+00  0.00000000E+00  0.10148958E+04  0.30564479E+05  0.12500000E+03  0.11555988E-01  0.69999999E+00  0.99998657E+03
  0.22500000E+01 -0.25000000E+00  0.00000000E+00  0.00000000E+00  0.10011382E+04  0.22408086E+04  0.12500000E+03  0.11611037E-01  0.69999999E+00  0.99998669E+03
  0.27500000E+01 -0.25000000E+00  0.00000000E+00  0.00000000E+00  0.10054429E+04  0.10854849E+05  0.12500000E+03  0.57664514E-02  0.69999999E+00  0.99999335E+03
  0.32500000E+01 -0.25000000E+00  0.00000000E+00  0.00000000E+00  0.10019116E+04  0.37722163E+04  0.12500000E+03  0.40454348E-02  0.69999999E+00  0.99999536E+03
  0.37500000E+01 -0.25000000E+00  0.00000000E+00  0.00000000E+00  0.10000070E+04  0.13565822E+02  0.12500000E+03 -0.15635355E-03  0.69999999E+00  0.10000002E+04
  0.42500000E+01 -0.25000000E+00  0.00000000E+00  0.00000000E+00  0.10000000E+04  0.00000000E+00  0.12500000E+03 -0.22351117E-35  0.69999999E+00  0.10000000E+04
  0.47500000E+01 -0.25000000E+00  0.00000000E+00  0.00000000E+00  0.10000000E+04  0.00000000E+00  0.12500000E+03 -0.14168249E-38  0.69999999E+00  0.10000000E+04
  0.52500000E+01 -0.25000000E+00  0.00000000E+00  0.00000000E+00  0.10000000E+04  0.00000000E+00  0.12500000E+03  0.00000000E+00  0.69999999E+00  0.10000000E+04
  0.57500000E+01 -0.25000000E+00  0.00000000E+00  0.00000000E+00  0.10000000E+04  0.00000000E+00  0.12500000E+03  0.00000000E+00  0.69999999E+00  0.10000000E+04
  0.62500000E+01 -0.25000000E+00  0.00000000E+00  0.00000000E+00  0.10000000E+04  0.00000000E+00  0.12500000E+03  0.00000000E+00  0.69999999E+00  0.10000000E+04
  0.67500000E+01 -0.25000000E+00  0.00000000E+00  0.00000000E+00  0.10000000E+04  0.00000000E+00  0.12500000E+03  0.00000000E+00  0.69999999E+00  0.10000000E+04
  0.72500000E+01 -0.25000000E+00  0.00000000E+00  0.00000000E+00  0.10000000E+04  0.00000000E+00  0.12500000E+03  0.00000000E+00  0.69999999E+00  0.10000000E+04
  0.77500000E+01 -0.25000000E+00  0.00000000E+00  0.00000000E+00  0.10000000E+04  0.00000000E+00  0.12500000E+03  0.00000000E+00  0.69999999E+00  0.10000000E+04
  0.40000000E+01  0.50000000E+00  0.00000000E+00  0.00000000E+00  0.10000083E+04  0.16372614E+02  0.12500000E+03 -0.48166828E-03  0.69999999E+00  0.10000005E+04
  0.37500000E+01  0.25000000E+00  0.00000000E+00  0.00000000E+00  0.10009427E+04  0.18548303E+04  0.12500000E+03 -0.21130545E-02  0.69999999E+00  0.10000024E+04
  0.40000000E+01  0.10000000E+01  0.00000000E+00  0.00000000E+00  0.10003467E+04  0.68085590E+03  0.12500000E+03 -0.12293618E-03  0.69999999E+00  0.10000001E+04
  0.37500000E+01  0.75000000E+00  0.00000000E+00  0.00000000E+00  0.10239514E+04  0.50507359E+05  0.12500000E+03  0.10631394E-02  0.69999999E+00  0.99999878E+03
  0.40000000E+01  0.15000000E+01  0.00000000E+00  0.00000000E+00  0.10003623E+04  0.71156055E+03  0.12500000E+03  0.49863308E-03  0.69999999E+00  0.99999945E+03
  0.37500000E+01  0.12500000E+01  0.00000000E+00  0.00000000E+00  0.10231398E+04  0.48676156E+05  0.12500000E+03  0.12223057E-02  0.69999999E+00  0.99999860E+03
  0.40000000E+01  0.20000000E+01  0.00000000E+00  0.00000000E+00  0.10011735E+04  0.23105210E+04  0.12500000E+03  0.33921003E-03  0.69999999E+00  0.99999963E+03
  0.37500000E+01  0.17500000E+01  0.00000000E+00  0.00000000E+00  0.10408103E+04  0.90567602E+05  0.12500000E+03  0.24155311E-02  0.69999999E+00  0.99999713E+03
  0.45000000E+01  0.50000000E+00  0.00000000E+00  0.00000000E+00  0.10000000E+04  0.00000000E+00  0.12500000E+03  0.41755387E-38  0.69999999E+00  0.10000000E+04
  0.42500000E+01  0.25000000E+00  0.00000000E+00  0.00000000E+00  0.10000018E+04  0.35083482E+01  0.12500000E+03 -0.74084828E-05  0.69999999E+00  0.10000000E+04
  0.45000000E+01  0.10000000E+01  0.00000000E+00  0.00000000E+00  0.10000000E+04  0.00000000E+00  0.12500000E+03 -0.34051553E-41  0.69999999E+00  0.10000000E+04
  0.42500000E+01  0.75000000E+00  0.00000000E+00  0.00000000E+00  0.10000916E+04  0.17967581E+03  0.12500000E+03 -0.20551628E-04  0.69999999E+00  0.10000000E+04
  0.45000000E+01  0.15000000E+01  0.00000000E+00  0.00000000E+00  0.10000000E+04  0.00000000E+00  0.12500000E+03 -0.14539873E-40  0.69999999E+00  0.10000000E+04
  0.42500000E+01  0.12500000E+01  0.00000000E+00  0.00000000E+00  0.10000066E+04  0.12864128E+02  0.12500000E+03  0.64903998E-05  0.69999999E+00  0.10000000E+04
  0.45000000E+01  0.20000000E+01  0.00000000E+00  0.00000000E+00  0.10000000E+04  0.00000000E+00  0.12500000E+03  0.13805592E-40  0.69999999E+00  0.10000000E+04
  0.42500000E+01  0.17500000E+01  0.00000000E+00  0.00000000E+00  0.10000031E+04  0.60811610E+01  0.12500000E+03 -0.35628464E-05  0.69999999E+00  0.10000000E+04
  0.50000000E+01  0.50000000E+00  0.00000000E+00  0.00000000E+00  0.10000000E+04  0.00000000E+00  0.12500000E+03  0.24774957E-41  0.69999999E+00  0.10000000E+04
  0.47500000E+01  0.25000000E+00  0.00000000E+00  0.00000000E+00  0.10000000E+04  0.00000000E+00  0.12500000E+03  0.14014554E-38  0.69999999E+00  0.10000000E+04
  0.50000000E+01  0.10000000E+01  0.00000000E+00  0.00000000E+00  0.10000000E+04  0.00000000E+00  0.12500000E+03 -0.00000000E+00  0.69999999E+00  0.10000000E+04
  0.47500000E+01  0.75000000E+00  0.00000000E+00  0.00000000E+00  0.10000000E+04  0.00000000E+00  0.12500000E+03  0.27521502E-41  0.69999999E+00  0.10000000E+04
  0.50000000E+01  0.15000000E+01  0.00000000E+00  0.00000000E+00  0.10000000E+04  0.00000000E+00  0.12500000E+03 -0.10473305E-40  0.69999999E+00  0.10000000E+04
  0.47500000E+01  0.12500000E+01  0.00000000E+00  0.00000000E+00  0.10000000E+04  0.00000000E+00  0.12500000E+03 -0.10151006E-40  0.69999999E+00  0.10000000E+04
  0.50000000E+01  0.20000000E+01  0.00000000E+00  0.00000000E+00  0.10000000E+04  0.00000000E+00  0.12500000E+03  0.97053932E-41  0.69999999E+00  0.10000000E+04
  0.47500000E+01  0.17500000E+01  0.00000000E+00  0.00000000E+00  0.10000000E+04  0.00000000E+00  0.12500000E+03 -0.14853764E-42  0.69999999E+00  0.10000000E+04
  0.27862957E+01  0.91620672E+00  0.44824582E+00  0.36362785E+00  0.99945050E+03 -0.10763340E+04  0.12576698E+03  0.12576656E+03  0.10000000E+01  0.00000000E+00
  0.88671684E+00  0.13437356E+01  0.28803661E+00  0.17765853E+00  0.99804797E+03 -0.38075706E+04  0.12561582E+03  0.12561256E+03  0.10000000E+01  0.00000000E+00
  0.17574301E+01  0.98245656E+00  0.28875294E+00  0.78817785E+00  0.99771094E+03 -0.44604053E+04  0.12546356E+03  0.12546323E+03  0.10000000E+01  0.00000000E+00
  0.27419455E+01  0.18105183E+01  0.23723154E+01 -0.15435629E-02  0.99746887E+03 -0.49284902E+04  0.12531018E+03  0.12531027E+03  0.10000000E+01  0.00000000E+00
  0.28682275E+01  0.16812140E+01  0.14483953E+00  0.99513328E+00  0.10012988E+04  0.25581670E+04  0.12515567E+03  0.12515567E+03  0.10000000E+01  0.00000000E+00
  0.27610755E+01  0.17943630E+01  0.14473572E+01  0.13718921E+00  0.99895367E+03 -0.20464081E+04  0.12500000E+03  0.12500000E+03  0.10000000E+01  0.00000000E+00
  0.27620268E+01  0.93629754E+00 -0.33206314E+00 -0.26245108E+00  0.10001064E+04  0.20892926E+03  0.12576698E+03  0.12575461E+03  0.10000000E+01  0.00000000E+00
  0.92599988E+00  0.90716469E+00  0.92667109E+00 -0.55991536E+00  0.99748944E+03 -0.48887510E+04  0.12561582E+03  0.12560609E+03  0.10000000E+01  0.00000000E+00
  0.88347054E+00  0.94343734E+00 -0.50809270E+00  0.46156698E+00  0.99595093E+03 -0.78484092E+04  0.12546356E+03  0.12546051E+03  0.10000000E+01  0.00000000E+00
  0.28821208E+01  0.11995496E+01  0.23307407E+00 -0.59772903E+00  0.99630438E+03 -0.71708867E+04  0.12531018E+03  0.12531038E+03  0.10000000E+01  0.00000000E+00
  0.11882540E+01  0.86764157E+00 -0.33837378E+00 -0.19952890E+00  0.99693762E+03 -0.59534463E+04  0.12515567E+03  0.12515535E+03  0.10000000E+01  0.00000000E+00
  0.66389024E+00  0.89710259E+00  0.87738812E-01  0.44525301E+00  0.10067068E+04  0.13426550E+05  0.12500000E+03  0.12500000E+03  0.10000000E+01  0.00000000E+00
  0.21300738E+01  0.10203499E+01 -0.67522265E-01 -0.15596104E+00  0.10048087E+04  0.95717988E+04  0.12576698E+03  0.12575644E+03  0.10000000E+01  0.00000000E+00
  0.27256172E+01  0.91032028E+00 -0.38958988E+00 -0.81530176E-01  0.10004524E+04  0.88881293E+03  0.12561582E+03  0.12561059E+03  0.10000000E+01  0.00000000E+00
  0.27898569E+01  0.14697179E+01  0.28936788E+00  0.35794236E-01  0.99663464E+03 -0.65365039E+04  0.12546356E+03  0.12546005E+03  0.10000000E+01  0.00000000E+00
  0.15478325E+01  0.89097726E+00 -0.95551312E+00  0.23313470E+00  0.10009650E+04  0.18988185E+04  0.12531018E+03  0.12531018E+03  0.10000000E+01  0.00000000E+00
  0.28513074E+01  0.78879416E+00 -0.24294127E-01 -0.10928324E+00  0.99972424E+03 -0.54053711E+03  0.12515567E+03  0.12515553E+03  0.10000000E+01  0.00000000E+00
  0.10324769E+01  0.15577126E+01 -0.21516469E+00  0.24808156E+00  0.99614569E+03 -0.74753218E+04  0.12500000E+03  0.12500612E+03  0.10000000E+01  0.00000000E+00
  0.89754426E+00  0.14476117E+01  0.22898714E+00  0.19622606E+00  0.99851288E+03 -0.29047756E+04  0.12576698E+03  0.12576566E+03  0.10000000E+01  0.00000000E+00
  0.24280710E+01  0.10699259E+01 -0.49506372E+00  0.64711297E+00  0.99418695E+03 -0.11208246E+05  0.12561582E+03  0.12561228E+03  0.10000000E+01  0.00000000E+00
  0.16234450E+01  0.11961210E+01  0.32708353E+00  0.13309282E+00  0.99769592E+03 -0.44894717E+04  0.12546356E+03  0.12546202E+03  0.10000000E+01  0.00000000E+00
  0.22812793E+01  0.94605052E+00  0.47719903E-01 -0.30303448E-01  0.10039227E+04  0.77875049E+04  0.12531018E+03  0.12530890E+03  0.10000000E+01  0.00000000E+00
  0.21735005E+01  0.16596994E+01  0.74722028E+00 -0.66103315E+00  0.10066278E+04  0.13265174E+05  0.12515567E+03  0.12515567E+03  0.10000000E+01  0.00000000E+00
  0.14432416E+01  0.85242844E+00 -0.60744375E+00  0.18560854E+00  0.99982214E+03 -0.34877570E+03  0.12500000E+03  0.12500012E+03  0.10000000E+01  0.00000000E+00
  0.10798686E+01  0.15546336E+01  0.91122404E-01  0.23200959E+00  0.99567590E+03 -0.83745771E+04  0.12561582E+03  0.12560780E+03  0.10000000E+01  0.00000000E+00
  0.17796351E+01  0.15640430E+01 -0.88017446E+00 -0.17151210E+00  0.10051371E+04  0.10235870E+05  0.12531018E+03  0.12531004E+03  0.10000000E+01  0.00000000E+00
  0.22508566E+01  0.19027245E+01  0.83177716E+00 -0.89341813E+00  0.10049004E+04  0.97569619E+04  0.12500000E+03  0.12500000E+03  0.10000000E+01  0.00000000E+00
