  0.00000000E+00  0.00000000E+00  0.00000000E+00  0.00000000E+00  0.10010099E+04  0.19875182E+04  0.12500000E+03  0.23573006E-02  0.69999999E+00  0.99999731E+03
  0.00000000E+00  0.50000000E+00  0.00000000E+00  0.00000000E+00  0.10080481E+04  0.16176688E+05  0.12500000E+03  0.28618923E-02  0.69999999E+00  0.99999670E+03
  0.00000000E+00  0.10000000E+01  0.00000000E+00  0.00000000E+00  0.10074030E+04  0.14851063E+05  0.12500000E+03  0.33947227E-02  0.69999999E+00  0.99999609E+03
  0.00000000E+00  0.15000000E+01  0.00000000E+00  0.00000000E+00  0.10158397E+04  0.32593867E+05  0.12500000E+03  0.10975932E-02  0.69999999E+00  0.99999872E+03
  0.00000000E+00  0.20000000E+01  0.00000000E+00  0.00000000E+00  0.10191694E+04  0.39843820E+05  0.12500000E+03 -0.14497456E-02  0.69999999E+00  0.10000017E+04
  0.00000000E+00  0.25000000E+01  0.00000000E+00  0.00000000E+00  0.10030736E+04  0.60862402E+04  0.12500000E+03  0.33613312E-03  0.69999999E+00  0.99999963E+03
  0.00000000E+00  0.30000000E+01  0.00000000E+00  0.00000000E+00  0.10000000E+04  0.00000000E+00  0.12500000E+03  0.60528782E-05  0.69999999E+00  0.10000000E+04
  0.00000000E+00  0.35000000E+01  0.00000000E+00  0.00000000E+00  0.10000000E+04  0.00000000E+00  0.12500000E+03  0.00000000E+00  0.69999999E+00  0.10000000E+04
  0.00000000E+00  0.40000000E+01  0.00000000E+00  0.00000000E+00  0.10000000E+04  0.00000000E+00  0.12500000E+03  0.00000000E+00  0.69999999E+00  0.10000000E+04
 -0.25000000E+00 -0.25000000E+00  0.00000000E+00  0.00000000E+00  0.10006414E+04  0.12607445E+04  0.12500000E+03  0.52005530E-03  0.69999999E+00  0.99999939E+03
 -0.25000000E+00  0.25000000E+00  0.00000000E+00  0.00000000E+00  0.10007183E+04  0.14122190E+04  0.12500000E+03  0.10336826E-02  0.69999999E+00  0.99999884E+03
 -0.25000000E+00  0.75000000E+00  0.00000000E+00  0.00000000E+00  0.10047102E+04  0.93730244E+04  0.12500000E+03  0.37160801E-03  0.69999999E+00  0.99999957E+03
 -0.25000000E+00  0.12500000E+01  0.00000000E+00  0.00000000E+00  0.10006842E+04  0.13452798E+04  0.12500000E+03  0.10563030E-02  0.69999999E+00  0.99999878E+03
 -0.25000000E+00  0.17500000E+01  0.00000000E+00  0.00000000E+00  0.10011719E+04  0.23072236E+04  0.12500000E+03 -0.35970559E-03  0.69999999E+00  0.10000004E+04
 -0.25000000E+00  0.22500000E+01  0.00000000E+00  0.00000000E+00  0.10012462E+04  0.24542319E+04  0.12500000E+03 -0.15003496E-03  0.69999999E+00  0.10000002E+04
 -0.25000000E+00  0.27500000E+01  0.00000000E+00  0.00000000E+00  0.10000000E+04  0.00000000E+00  0.12500000E+03  0.18777399E-41  0.69999999E+00  0.10000000E+04
 -0.25000000E+00  0.32500000E+01  0.00000000E+00  0.00000000E+00  0.10000000E+04  0.00000000E+00  0.12500000E+03  0.54930900E-42  0.69999999E+00  0.10000000E+04
 -0.25000000E+00  0.37500000E+01  0.00000000E+00  0.00000000E+00  0.10000000E+04  0.00000000E+00  0.12500000E+03  0.00000000E+00  0.69999999E+00  0.10000000E+04
  0.80000000E+01  0.00000000E+00  0.00000000E+00  0.00000000E+00  0.10000000E+04  0.00000000E+00  0.12500000E+03  0.00000000E+00  0.69999999E+00  0.10000000E+04
  0.80000000E+01  0.50000000E+00  0.00000000E+00  0.00000000E+00  0.10000000E+04  0.00000000E+00  0.12500000E+03  0.00000000E+00  0.69999999E+00  0.10000000E+04
  0.80000000E+01  0.10000000E+01  0.00000000E+00  0.00000000E+00  0.10000000E+04  0.00000000E+00  0.12500000E+03  0.00000000E+00  0.69999999E+00  0.10000000E+04
  0.80000000E+01  0.15000000E+01  0.00000000E+00  0.00000000E+00  0.10000000E+04  0.00000000E+00  0.12500000E+03  0.00000000E+00  0.69999999E+00  0.10000000E+04
  0.80000000E+01  0.20000000E+01  0.00000000E+00  0.00000000E+00  0.10000000E+04  0.00000000E+00  0.12500000E+03  0.00000000E+00  0.69999999E+00  0.10000000E+04
  0.80000000E+01  0.25000000E+01  0.00000000E+00  0.00000000E+00  0.10000000E+04  0.00000000E+00  0.12500000E+03  0.00000000E+00  0.69999999E+00  0.10000000E+04
  0.80000000E+01  0.30000000E+01  0.00000000E+00  0.00000000E+00  0.10000000E+04  0.00000000E+00  0.12500000E+03  0.00000000E+00  0.69999999E+00  0.10000000E+04
  0.80000000E+01  0.35000000E+01  0.00000000E+00  0.00000000E+00  0.10000000E+04  0.00000000E+00  0.12500000E+03  0.00000000E+00  0.69999999E+00  0.10000000E+04
  0.80000000E+01  0.40000000E+01  0.00000000E+00  0.00000000E+00  0.10000000E+04  0.00000000E+00  0.12500000E+03  0.00000000E+00  0.69999999E+00  0.10000000E+04
  0.82500000E+01 -0.25000000E+00  0.00000000E+00  0.00000000E+00  0.10000000E+04  0.00000000E+00  0.12500000E+03  0.00000000E+00  0.69999999E+00  0.10000000E+04
  0.82500000E+01  0.25000000E+00  0.00000000E+00  0.00000000E+00  0.10000000E+04  0.00000000E+00  0.12500000E+03  0.00000000E+00  0.69999999E+00  0.10000000E+04
  0.82500000E+01  0.75000000E+00  0.00000000E+00  0.00000000E+00  0.10000000E+04  0.00000000E+00  0.12500000E+03  0.00000000E+00  0.69999999E+00  0.10000000E+04
  0.82500000E+01  0.12500000E+01  0.00000000E+00  0.00000000E+00  0.10000000E+04  0.00000000E+00  0.12500000E+03  0.00000000E+00  0.69999999E+00  0.10000000E+04
  0.82500000E+01  0.17500000E+01  0.00000000E+00  0.00000000E+00  0.10000000E+04  0.00000000E+00  0.12500000E+03  0.00000000E+00  0.69999999E+00  0.10000000E+04
  0.82500000E+01  0.22500000E+01  0.00000000E+00  0.00000000E+00  0.10000000E+04  0.00000000E+00  0.12500000E+03  0.00000000E+00  0.69999999E+00  0.10000000E+04
  0.82500000E+01  0.27500000E+01  0.00000000E+00  0.00000000E+00  0.10000000E+04  0.00000000E+00  0.12500000E+03  0.00000000E+00  0.69999999E+00  0.10000000E+04
  0.82500000E+01  0.32500000E+01  0.00000000E+00  0.00000000E+00  0.10000000E+04  0.00000000E+00  0.12500000E+03  0.00000000E+00  0.69999999E+00  0.10000000E+04
  0.82500000E+01  0.37500000E+01  0.00000000E+00  0.00000000E+00  0.10000000E+04  0.00000000E+00  0.12500000E+03  0.00000000E+00  0.69999999E+00  0.10000000E+04
  0.50000000E+00  0.00000000E+00  0.00000000E+00  0.00000000E+00  0.10341898E+04  0.74366578E+05  0.12500000E+03  0.11791432E-01  0.69999999E+00  0.99998608E+03
  0.10000000E+01  0.00000000E+00  0.00000000E+00  0.00000000E+00  0.10458398E+04  0.10329528E+06  0.12500000E+03  0.67464202E-02  0.69999999E+00  0.99999194E+03
  0.15000000E+01  0.00000000E+00  0.00000000E+00  0.00000000E+00  0.10344355E+04  0.74956781E+05  0.12500000E+03  0.20891756E-01  0.69999999E+00  0.99997528E+03
  0.20000000E+01  0.00000000E+00  0.00000000E+00  0.00000000E+00  0.11481140E+04  0.45676262E+06  0.12500000E+03  0.24009151E-01  0.69999999E+00  0.99996851E+03
  0.25000000E+01  0.00000000E+00  0.00000000E+00  0.00000000E+00  0.10447853E+04  0.10059609E+06  0.12500000E+03  0.66022561E-02  0.69999999E+00  0.99999213E+03
  0.30000000E+01  0.00000000E+00  0.00000000E+00  0.00000000E+00  0.10443850E+04  0.99575734E+05  0.12500000E+03  0.83240103E-02  0.69999999E+00  0.99999005E+03
  0.35000000E+01  0.00000000E+00  0.00000000E+00  0.00000000E+00  0.10051074E+04  0.10175578E+05  0.12500000E+03  0.33553781E-02  0.69999999E+00  0.99999615E+03
  0.40000000E+01  0.00000000E+00  0.00000000E+00  0.00000000E+00  0.10000137E+04  0.26898298E+02  0.12500000E+03 -0.68247195E-04  0.69999999E+00  0.10000001E+04
  0.45000000E+01  0.00000000E+00  0.00000000E+00  0.00000000E+00  0.10000000E+04  0.00000000E+00  0.12500000E+03  0.56393855E-40  0.69999999E+00  0.10000000E+04
  0.50000000E+01  0.00000000E+00  0.00000000E+00  0.00000000E+00  0.10000000E+04  0.00000000E+00  0.12500000E+03 -0.00000000E+00  0.69999999E+00  0.10000000E+04
  0.55000000E+01  0.00000000E+00  0.00000000E+00  0.00000000E+00  0.10000000E+04  0.00000000E+00  0.12500000E+03  0.00000000E+00  0.69999999E+00  0.10000000E+04
  0.60000000E+01  0.00000000E+00  0.00000000E+00  0.00000000E+00  0.10000000E+04  0.00000000E+00  0.12500000E+03  0.00000000E+00  0.69999999E+00  0.10000000E+04
  0.65000000E+01  0.00000000E+00  0.00000000E+00  0.00000000E+00  0.10000000E+04  0.00000000E+00  0.12500000E+03  0.00000000E+00  0.69999999E+00  0.10000000E+04
  0.70000000E+01  0.00000000E+00  0.00000000E+00  0.00000000E+00  0.10000000E+04  0.00000000E+00  0.12500000E+03  0.00000000E+00  0.69999999E+00  0.10000000E+04
  0.75000000E+01  0.00000000E+00  0.00000000E+00  0.00000000E+00  0.10000000E+04  0.00000000E+00  0.12500000E+03  0.00000000E+00  0.69999999E+00  0.10000000E+04
  0.25000000E+00 -0.25000000E+00  0.00000000E+00  0.00000000E+00  0.10055952E+04  0.11163794E+05  0.12500000E+03  0.32033687E-02  0.69999999E+00  0.99999634E+03
  0.75000000E+00 -0.25000000E+00  0.00000000E+00  0.00000000E+00  0.10252378E+04  0.53427367E+05  0.12500000E+03  0.84874742E-02  0.69999999E+00  0.99999005E+03
  0.12500000E+01 -0.25000000E+00  0.00000000E+00  0.00000000E+00  0.10093385E+04  0.18843502E+05  0.12500000E+03  0.68893768E-02  0.69999999E+00  0.99999207E+03
  0.17500000E+01 -0.25000000E+00  0.00000000E+00  0.00000000E+00  0.10152719E+04  0.31371750E+05  0.12500000E+03  0.10419950E-01  0.69999999E+00  0.99998792E+03
  0.22500000E+01 -0.25000000E+00  0.00000000E+00  0.00000000E+00  0.10017316E+04  0.34149304E+04  0.12500000E+03  0.10227758E-01  0.69999999E+00  0.99998828E+03
  0.27500000E+01 -0.25000000E+00  0.00000000E+00  0.00000000E+00  0.10058428E+04  0.11666490E+05  0.12500000E+03  0.43643033E-02  0.69999999E+00  0.99999500E+03
  0.32500000E+01 -0.25000000E+00  0.00000000E+00  0.00000000E+00  0.10013257E+04  0.26114434E+04  0.12500000E+03  0.30366066E-02  0.69999999E+00  0.99999652E+03
  0.37500000E+01 -0.25000000E+00  0.00000000E+00  0.00000000E+00  0.10000070E+04  0.13565822E+02  0.12500000E+03 -0.15635355E-03  0.69999999E+00  0.10000002E+04
  0.42500000E+01 -0.25000000E+00  0.00000000E+00  0.00000000E+00  0.10000000E+04  0.00000000E+00  0.12500000E+03 -0.24635459E-36  0.69999999E+00  0.10000000E+04
  0.47500000E+01 -0.25000000E+00  0.00000000E+00  0.00000000E+00  0.10000000E+04  0.00000000E+00  0.12500000E+03 -0.11561273E-39  0.69999999E+00  0.10000000E+04
  0.52500000E+01 -0.25000000E+00  0.00000000E+00  0.00000000E+00  0.10000000E+04  0.00000000E+00  0.12500000E+03  0.00000000E+00  0.69999999E+00  0.10000000E+04
  0.57500000E+01 -0.25000000E+00  0.00000000E+00  0.00000000E+00  0.10000000E+04  0.00000000E+00  0.12500000E+03  0.00000000E+00  0.69999999E+00  0.10000000E+04
  0.62500000E+01 -0.25000000E+00  0.00000000E+00  0.00000000E+00  0.10000000E+04  0.00000000E+00  0.12500000E+03  0.00000000E+00  0.69999999E+00  0.10000000E+04
  0.67500000E+01 -0.25000000E+00  0.00000000E+00  0.00000000E+00  0.10000000E+04  0.00000000E+00  0.12500000E+03  0.00000000E+00  0.69999999E+00  0.10000000E+04
  0.72500000E+01 -0.25000000E+00  0.00000000E+00  0.00000000E+00  0.10000000E+04  0.00000000E+00  0.12500000E+03  0.00000000E+00  0.69999999E+00  0.10000000E+04
  0.77500000E+01 -0.25000000E+00  0.00000000E+00  0.00000000E+00  0.10000000E+04  0.00000000E+00  0.12500000E+03  0.00000000E+00  0.69999999E+00  0.10000000E+04
  0.40000000E+01  0.50000000E+00  0.00000000E+00  0.00000000E+00  0.10002798E+04  0.54939758E+03  0.12500000E+03 -0.25854801E-03  0.69999999E+00  0.10000003E+04
  0.37500000E+01  0.25000000E+00  0.00000000E+00  0.00000000E+00  0.10025016E+04  0.49451416E+04  0.12500000E+03 -0.14574446E-02  0.69999999E+00  0.10000016E+04
  0.40000000E+01  0.10000000E+01  0.00000000E+00  0.00000000E+00  0.10016426E+04  0.32386760E+04  0.12500000E+03 -0.12871088E-03  0.69999999E+00  0.10000001E+04
  0.37500000E+01  0.75000000E+00  0.00000000E+00  0.00000000E+00  0.10336992E+04  0.73190703E+05  0.12500000E+03  0.90950727E-03  0.69999999E+00  0.99999890E+03
  0.40000000E+01  0.15000000E+01  0.00000000E+00  0.00000000E+00  0.10009097E+04  0.17896824E+04  0.12500000E+03  0.34924463E-03  0.69999999E+00  0.99999957E+03
  0.37500000E+01  0.12500000E+01  0.00000000E+00  0.00000000E+00  0.10403824E+04  0.89501805E+05  0.12500000E+03  0.82099851E-03  0.69999999E+00  0.99999902E+03
  0.40000000E+01  0.20000000E+01  0.00000000E+00  0.00000000E+00  0.10010599E+04  0.20861277E+04  0.12500000E+03  0.30260946E-03  0.69999999E+00  0.99999963E+03
  0.37500000E+01  0.17500000E+01  0.00000000E+00  0.00000000E+00  0.10317910E+04  0.68648078E+05  0.12500000E+03  0.16717447E-02  0.69999999E+00  0.99999805E+03
  0.45000000E+01  0.50000000E+00  0.00000000E+00  0.00000000E+00  0.10000000E+04  0.00000000E+00  0.12500000E+03  0.34079859E-39  0.69999999E+00  0.10000000E+04
  0.42500000E+01  0.25000000E+00  0.00000000E+00  0.00000000E+00  0.10000018E+04  0.35083482E+01  0.12500000E+03 -0.74084828E-05  0.69999999E+00  0.10000000E+04
  0.45000000E+01  0.10000000E+01  0.00000000E+00  0.00000000E+00  0.10000000E+04  0.00000000E+00  0.12500000E+03 -0.00000000E+00  0.69999999E+00  0.10000000E+04
  0.42500000E+01  0.75000000E+00  0.00000000E+00  0.00000000E+00  0.10000944E+04  0.18529227E+03  0.12500000E+03 -0.10442676E-04  0.69999999E+00  0.10000000E+04
  0.45000000E+01  0.15000000E+01  0.00000000E+00  0.00000000E+00  0.10000000E+04  0.00000000E+00  0.12500000E+03 -0.48765187E-42  0.69999999E+00  0.10000000E+04
  0.42500000E+01  0.12500000E+01  0.00000000E+00  0.00000000E+00  0.10000066E+04  0.12864128E+02  0.12500000E+03  0.34267537E-05  0.69999999E+00  0.10000000E+04
  0.45000000E+01  0.20000000E+01  0.00000000E+00  0.00000000E+00  0.10000000E+04  0.00000000E+00  0.12500000E+03  0.47924407E-42  0.69999999E+00  0.10000000E+04
  0.42500000E+01  0.17500000E+01  0.00000000E+00  0.00000000E+00  0.10000031E+04  0.60811610E+01  0.12500000E+03 -0.35628464E-05  0.69999999E+00  0.10000000E+04
  0.50000000E+01  0.50000000E+00  0.00000000E+00  0.00000000E+00  0.10000000E+04  0.00000000E+00  0.12500000E+03  0.00000000E+00  0.69999999E+00  0.10000000E+04
  0.47500000E+01  0.25000000E+00  0.00000000E+00  0.00000000E+00  0.10000000E+04  0.00000000E+00  0.12500000E+03  0.11423105E-39  0.69999999E+00  0.10000000E+04
  0.50000000E+01  0.10000000E+01  0.00000000E+00  0.00000000E+00  0.10000000E+04  0.00000000E+00  0.12500000E+03  0.00000000E+00  0.69999999E+00  0.10000000E+04
  0.47500000E+01  0.75000000E+00  0.00000000E+00  0.00000000E+00  0.10000000E+04  0.00000000E+00  0.12500000E+03  0.00000000E+00  0.69999999E+00  0.10000000E+04
  0.50000000E+01  0.15000000E+01  0.00000000E+00  0.00000000E+00  0.10000000E+04  0.00000000E+00  0.12500000E+03 -0.34471942E-42  0.69999999E+00  0.10000000E+04
  0.47500000E+01  0.12500000E+01  0.00000000E+00  0.00000000E+00  0.10000000E+04  0.00000000E+00  0.12500000E+03 -0.31389086E-42  0.69999999E+00  0.10000000E+04
  0.50000000E+01  0.20000000E+01  0.00000000E+00  0.00000000E+00  0.10000000E+04  0.00000000E+00  0.12500000E+03  0.31108826E-42  0.69999999E+00  0.10000000E+04
  0.47500000E+01  0.17500000E+01  0.00000000E+00  0.00000000E+00  0.10000000E+04  0.00000000E+00  0.12500000E+03  0.00000000E+00  0.69999999E+00  0.10000000E+04
  0.24816945E+01  0.92510498E+00  0.10628286E+00  0.19480422E+00  0.10018894E+04  0.37279780E+04  0.12576698E+03  0.12576674E+03  0.10000000E+01  0.00000000E+00
  0.11626233E+01  0.88560140E+00 -0.10638661E+01  0.11714569E+00  0.10068726E+04  0.13765126E+05  0.12561582E+03  0.12561256E+03  0.10000000E+01  0.00000000E+00
  0.16394644E+01  0.92606688E+00 -0.58979523E+00 -0.89966995E+00  0.10057744E+04  0.11527490E+05  0.12546356E+03  0.12546333E+03  0.10000000E+01  0.00000000E+00
  0.16232996E+01  0.16780612E+01 -0.89701664E+00 -0.10456754E+01  0.99941656E+03 -0.11426495E+04  0.12531018E+03  0.12531027E+03  0.10000000E+01  0.00000000E+00
  0.27569737E+01  0.15600435E+01  0.10260733E+01 -0.12392241E+00  0.99981061E+03 -0.37132111E+03  0.12515567E+03  0.12515567E+03  0.10000000E+01  0.00000000E+00
  0.28065248E+01  0.15698636E+01 -0.83589596E+00  0.64106995E+00  0.99968695E+03 -0.61361505E+03  0.12500000E+03  0.12500000E+03  0.10000000E+01  0.00000000E+00
  0.27496190E+01  0.91435313E+00  0.83223361E+00  0.47780973E+00  0.99636206E+03 -0.70601523E+04  0.12576698E+03  0.12575461E+03  0.10000000E+01  0.00000000E+00
  0.98274279E+00  0.10151174E+01 -0.82276183E+00  0.69512099E+00  0.10002521E+04  0.49504877E+03  0.12561582E+03  0.12560624E+03  0.10000000E+01  0.00000000E+00
  0.92400658E+00  0.10936723E+01  0.99040419E-01 -0.84887427E+00  0.10054940E+04  0.10958524E+05  0.12546356E+03  0.12546037E+03  0.10000000E+01  0.00000000E+00
  0.24952056E+01  0.13300487E+01  0.23064502E+00  0.32713048E-01  0.10023339E+04  0.46112578E+04  0.12531018E+03  0.12531038E+03  0.10000000E+01  0.00000000E+00
  0.13553306E+01  0.88319504E+00  0.23314989E+00 -0.32823533E+00  0.10088357E+04  0.17801934E+05  0.12515567E+03  0.12515535E+03  0.10000000E+01  0.00000000E+00
  0.73597515E+00  0.86993980E+00 -0.10625619E+00  0.37813127E+00  0.10121224E+04  0.24666785E+05  0.12500000E+03  0.12500000E+03  0.10000000E+01  0.00000000E+00
  0.20150502E+01  0.10473078E+01  0.27790090E+00 -0.76072991E+00  0.99512604E+03 -0.94240742E+04  0.12576698E+03  0.12575644E+03  0.10000000E+01  0.00000000E+00
  0.27376783E+01  0.89922810E+00  0.15442567E+00  0.15934348E+00  0.99874841E+03 -0.24463958E+04  0.12561582E+03  0.12561059E+03  0.10000000E+01  0.00000000E+00
  0.29162211E+01  0.12236978E+01 -0.32703571E-01  0.27019775E+00  0.10091594E+04  0.18472002E+05  0.12546356E+03  0.12546005E+03  0.10000000E+01  0.00000000E+00
  0.21620438E+01  0.12531339E+01 -0.44427755E+00 -0.10054309E+01  0.10060746E+04  0.12137912E+05  0.12531018E+03  0.12531018E+03  0.10000000E+01  0.00000000E+00
  0.28781581E+01  0.77293241E+00 -0.54962689E+00  0.14340895E+00  0.10071848E+04  0.14403971E+05  0.12515567E+03  0.12515553E+03  0.10000000E+01  0.00000000E+00
  0.14118822E+01  0.16110580E+01 -0.17822785E+01  0.16676663E+00  0.99996057E+03 -0.77407974E+02  0.12500000E+03  0.12499989E+03  0.10000000E+01  0.00000000E+00
  0.91685438E+00  0.13929135E+01  0.43117094E+00  0.95179284E+00  0.10047953E+04  0.95448398E+04  0.12576698E+03  0.12576566E+03  0.10000000E+01  0.00000000E+00
  0.28233685E+01  0.99091506E+00  0.33311325E+00  0.46249974E+00  0.10002117E+04  0.41565012E+03  0.12561582E+03  0.12561245E+03  0.10000000E+01  0.00000000E+00
  0.15917938E+01  0.13342135E+01 -0.13985591E+01 -0.11544328E+01  0.10217117E+04  0.45475633E+05  0.12546356E+03  0.12546202E+03  0.10000000E+01  0.00000000E+00
  0.22210519E+01  0.90094852E+00 -0.33135742E+00 -0.41723870E-01  0.10086523E+04  0.17422922E+05  0.12531018E+03  0.12530890E+03  0.10000000E+01  0.00000000E+00
  0.11095225E+01  0.18384850E+01 -0.15388381E+00  0.15487778E+01  0.99645361E+03 -0.68843628E+04  0.12515567E+03  0.12515567E+03  0.10000000E+01  0.00000000E+00
  0.16008844E+01  0.87119925E+00 -0.96063548E+00 -0.97462380E+00  0.10123088E+04  0.25060230E+05  0.12500000E+03  0.12500012E+03  0.10000000E+01  0.00000000E+00
  0.92932856E+00  0.14872024E+01  0.25257714E-01  0.76811004E+00  0.10039077E+04  0.77573359E+04  0.12561582E+03  0.12561399E+03  0.10000000E+01  0.00000000E+00
  0.13246682E+01  0.19401798E+01 -0.26350396E+01  0.63608366E+00  0.10043517E+04  0.86503828E+04  0.12531018E+03  0.12531004E+03  0.10000000E+01  0.00000000E+00
  0.24184186E+01  0.17793860E+01 -0.61111712E+00 -0.32771569E+00  0.10021282E+04  0.42021318E+04  0.12500000E+03  0.12500000E+03  0.10000000E+01  0.00000000E+00
