  0.00000000E+00  0.00000000E+00  0.00000000E+00  0.00000000E+00  0.10010027E+04  0.19731647E+04  0.12500000E+03  0.24515071E-02  0.69999999E+00  0.99999719E+03
  0.00000000E+00  0.50000000E+00  0.00000000E+00  0.00000000E+00  0.10113650E+04  0.23072818E+05  0.12500000E+03  0.31425306E-02  0.69999999E+00  0.99999634E+03
  0.00000000E+00  0.10000000E+01  0.00000000E+00  0.00000000E+00  0.10113696E+04  0.23082580E+05  0.12500000E+03  0.36247408E-02  0.69999999E+00  0.99999579E+03
  0.00000000E+00  0.15000000E+01  0.00000000E+00  0.00000000E+00  0.10055724E+04  0.11117604E+05  0.12500000E+03  0.13238355E-02  0.69999999E+00  0.99999847E+03
  0.00000000E+00  0.20000000E+01  0.00000000E+00  0.00000000E+00  0.10324813E+04  0.70285586E+05  0.12500000E+03 -0.16181758E-02  0.69999999E+00  0.10000019E+04
  0.00000000E+00  0.25000000E+01  0.00000000E+00  0.00000000E+00  0.10070902E+04  0.14210411E+05  0.12500000E+03  0.49319066E-03  0.69999999E+00  0.99999945E+03
  0.00000000E+00  0.30000000E+01  0.00000000E+00  0.00000000E+00  0.10000026E+04  0.51455903E+01  0.12500000E+03  0.38292605E-04  0.69999999E+00  0.99999994E+03
  0.00000000E+00  0.35000000E+01  0.00000000E+00  0.00000000E+00  0.10000000E+04  0.00000000E+00  0.12500000E+03  0.00000000E+00  0.69999999E+00  0.10000000E+04
  0.00000000E+00  0.40000000E+01  0.00000000E+00  0.00000000E+00  0.10000000E+04  0.00000000E+00  0.12500000E+03  0.00000000E+00  0.69999999E+00  0.10000000E+04
 -0.25000000E+00 -0.25000000E+00  0.00000000E+00  0.00000000E+00  0.10006414E+04  0.12607445E+04  0.12500000E+03  0.52005530E-03  0.69999999E+00  0.99999939E+03
 -0.25000000E+00  0.25000000E+00  0.00000000E+00  0.00000000E+00  0.10006046E+04  0.11884371E+04  0.12500000E+03  0.10937834E-02  0.69999999E+00  0.99999878E+03
 -0.25000000E+00  0.75000000E+00  0.00000000E+00  0.00000000E+00  0.10048232E+04  0.96011680E+04  0.12500000E+03  0.44766435E-03  0.69999999E+00  0.99999951E+03
 -0.25000000E+00  0.12500000E+01  0.00000000E+00  0.00000000E+00  0.10031865E+04  0.63119253E+04  0.12500000E+03  0.11593404E-02  0.69999999E+00  0.99999866E+03
 -0.25000000E+00  0.17500000E+01  0.00000000E+00  0.00000000E+00  0.10009922E+04  0.19524590E+04  0.12500000E+03 -0.34528231E-03  0.69999999E+00  0.10000004E+04
 -0.25000000E+00  0.22500000E+01  0.00000000E+00  0.00000000E+00  0.10016012E+04  0.31567236E+04  0.12500000E+03 -0.18416133E-03  0.69999999E+00  0.10000002E+04
 -0.25000000E+00  0.27500000E+01  0.00000000E+00  0.00000000E+00  0.10000007E+04  0.14033347E+01  0.12500000E+03  0.17473474E-04  0.69999999E+00  0.10000000E+04
 -0.25000000E+00  0.32500000E+01  0.00000000E+00  0.00000000E+00  0.10000000E+04  0.00000000E+00  0.12500000E+03  0.20458958E-41  0.69999999E+00  0.10000000E+04
 -0.25000000E+00  0.37500000E+01  0.00000000E+00  0.00000000E+00  0.10000000E+04  0.00000000E+00  0.12500000E+03  0.00000000E+00  0.69999999E+00  0.10000000E+04
  0.80000000E+01  0.00000000E+00  0.00000000E+00  0.00000000E+00  0.10000000E+04  0.00000000E+00  0.12500000E+03  0.00000000E+00  0.69999999E+00  0.10000000E+04
  0.80000000E+01  0.50000000E+00  0.00000000E+00  0.00000000E+00  0.10000000E+04  0.00000000E+00  0.12500000E+03  0.00000000E+00  0.69999999E+00  0.10000000E+04
  0.80000000E+01  0.10000000E+01  0.00000000E+00  0.00000000E+00  0.10000000E+04  0.00000000E+00  0.12500000E+03  0.00000000E+00  0.69999999E+00  0.10000000E+04
  0.80000000E+01  0.15000000E+01  0.00000000E+00  0.00000000E+00  0.10000000E+04  0.00000000E+00  0.12500000E+03  0.00000000E+00  0.69999999E+00  0.10000000E+04
  0.80000000E+01  0.20000000E+01  0.00000000E+00  0.00000000E+00  0.10000000E+04  0.00000000E+00  0.12500000E+03  0.00000000E+00  0.69999999E+00  0.10000000E+04
  0.80000000E+01  0.25000000E+01  0.00000000E+00  0.00000000E+00  0.10000000E+04  0.00000000E+00  0.12500000E+03  0.00000000E+00  0.69999999E+00  0.10000000E+04
  0.80000000E+01  0.30000000E+01  0.00000000E+00  0.00000000E+00  0.10000000E+04  0.00000000E+00  0.12500000E+03  0.00000000E+00  0.69999999E+00  0.10000000E+04
  0.80000000E+01  0.35000000E+01  0.00000000E+00  0.00000000E+00  0.10000000E+04  0.00000000E+00  0.12500000E+03  0.00000000E+00  0.69999999E+00  0.10000000E+04
  0.80000000E+01  0.40000000E+01  0.00000000E+00  0.00000000E+00  0.10000000E+04  0.00000000E+00  0.12500000E+03  0.00000000E+00  0.69999999E+00  0.10000000E+04
  0.82500000E+01 -0.25000000E+00  0.00000000E+00  0.00000000E+00  0.10000000E+04  0.00000000E+00  0.12500000E+03  0.00000000E+00  0.69999999E+00  0.10000000E+04
  0.82500000E+01  0.25000000E+00  0.00000000E+00  0.00000000E+00  0.10000000E+04  0.00000000E+00  0.12500000E+03  0.00000000E+00  0.69999999E+00  0.10000000E+04
  0.82500000E+01  0.75000000E+00  0.00000000E+00  0.00000000E+00  0.10000000E+04  0.00000000E+00  0.12500000E+03  0.00000000E+00  0.69999999E+00  0.10000000E+04
  0.82500000E+01  0.12500000E+01  0.00000000E+00  0.00000000E+00  0.10000000E+04  0.00000000E+00  0.12500000E+03  0.00000000E+00  0.69999999E+00  0.10000000E+04
  0.82500000E+01  0.17500000E+01  0.00000000E+00  0.00000000E+00  0.10000000E+04  0.00000000E+00  0.12500000E+03  0.00000000E+00  0.69999999E+00  0.10000000E+04
  0.82500000E+01  0.22500000E+01  0.00000000E+00  0.00000000E+00  0.10000000E+04  0.00000000E+00  0.12500000E+03  0.00000000E+00  0.69999999E+00  0.10000000E+04
  0.82500000E+01  0.27500000E+01  0.00000000E+00  0.00000000E+00  0.10000000E+04  0.00000000E+00  0.12500000E+03  0.00000000E+00  0.69999999E+00  0.10000000E+04
  0.82500000E+01  0.32500000E+01  0.00000000E+00  0.00000000E+00  0.10000000E+04  0.00000000E+00  0.12500000E+03  0.00000000E+00  0.69999999E+00  0.10000000E+04
  0.82500000E+01  0.37500000E+01  0.00000000E+00  0.00000000E+00  0.10000000E+04  0.00000000E+00  0.12500000E+03  0.00000000E+00  0.69999999E+00  0.10000000E+04
  0.50000000E+00  0.00000000E+00  0.00000000E+00  0.00000000E+00  0.10373639E+04  0.82056422E+05  0.12500000E+03  0.12398230E-01  0.69999999E+00  0.99998529E+03
  0.10000000E+01  0.00000000E+00  0.00000000E+00  0.00000000E+00  0.10542207E+04  0.12533645E+06  0.12500000E+03  0.70820847E-02  0.69999999E+00  0.99999146E+03
  0.15000000E+01  0.00000000E+00  0.00000000E+00  0.00000000E+00  0.10265824E+04  0.56503012E+05  0.12500000E+03  0.21721639E-01  0.69999999E+00  0.99997449E+03
  0.20000000E+01  0.00000000E+00  0.00000000E+00  0.00000000E+00  0.11330144E+04  0.39152834E+06  0.12500000E+03  0.25076466E-01  0.69999999E+00  0.99996753E+03
  0.25000000E+01  0.00000000E+00  0.00000000E+00  0.00000000E+00  0.10314916E+04  0.67939805E+05  0.12500000E+03  0.74328217E-02  0.69999999E+00  0.99999121E+03
  0.30000000E+01  0.00000000E+00  0.00000000E+00  0.00000000E+00  0.10528027E+04  0.12153271E+06  0.12500000E+03  0.91306400E-02  0.69999999E+00  0.99998901E+03
  0.35000000E+01  0.00000000E+00  0.00000000E+00  0.00000000E+00  0.10065458E+04  0.13097793E+05  0.12500000E+03  0.37242386E-02  0.69999999E+00  0.99999573E+03
  0.40000000E+01  0.00000000E+00  0.00000000E+00  0.00000000E+00  0.10000137E+04  0.26898298E+02  0.12500000E+03 -0.68247195E-04  0.69999999E+00  0.10000001E+04
  0.45000000E+01  0.00000000E+00  0.00000000E+00  0.00000000E+00  0.10000000E+04  0.00000000E+00  0.12500000E+03  0.13088688E-39  0.69999999E+00  0.10000000E+04
  0.50000000E+01  0.00000000E+00  0.00000000E+00  0.00000000E+00  0.10000000E+04  0.00000000E+00  0.12500000E+03 -0.17656361E-42  0.69999999E+00  0.10000000E+04
  0.55000000E+01  0.00000000E+00  0.00000000E+00  0.00000000E+00  0.10000000E+04  0.00000000E+00  0.12500000E+03  0.00000000E+00  0.69999999E+00  0.10000000E+04
  0.60000000E+01  0.00000000E+00  0.00000000E+00  0.00000000E+00  0.10000000E+04  0.00000000E+00  0.12500000E+03  0.00000000E+00  0.69999999E+00  0.10000000E+04
  0.65000000E+01  0.00000000E+00  0.00000000E+00  0.00000000E+00  0.10000000E+04  0.00000000E+00  0.12500000E+03  0.00000000E+00  0.69999999E+00  0.10000000E+04
  0.70000000E+01  0.00000000E+00  0.00000000E+00  0.00000000E+00  0.10000000E+04  0.00000000E+00  0.12500000E+03  0.00000000E+00  0.69999999E+00  0.10000000E+04
  0.75000000E+01  0.00000000E+00  0.00000000E+00  0.00000000E+00  0.10000000E+04  0.00000000E+00  0.12500000E+03  0.00000000E+00  0.69999999E+00  0.10000000E+04
  0.25000000E+00 -0.25000000E+00  0.00000000E+00  0.00000000E+00  0.10056556E+04  0.11286435E+05  0.12500000E+03  0.32952633E-02  0.69999999E+00  0.99999622E+03
  0.75000000E+00 -0.25000000E+00  0.00000000E+00  0.00000000E+00  0.10254792E+04  0.53977781E+05  0.12500000E+03  0.88989455E-02  0.69999999E+00  0.99998956E+03
  0.12500000E+01 -0.25000000E+00  0.00000000E+00  0.00000000E+00  0.10098938E+04  0.19997344E+05  0.12500000E+03  0.70849471E-02  0.69999999E+00  0.99999182E+03
  0.17500000E+01 -0.25000000E+00  0.00000000E+00  0.00000000E+00  0.10148336E+04  0.30431086E+05  0.12500000E+03  0.10826075E-01  0.69999999E+00  0.99998743E+03
  0.22500000E+01 -0.25000000E+00  0.00000000E+00  0.00000000E+00  0.10011033E+04  0.21718171E+04  0.12500000E+03  0.10690257E-01  0.69999999E+00  0.99998779E+03
  0.27500000E+01 -0.25000000E+00  0.00000000E+00  0.00000000E+00  0.10044331E+04  0.88143857E+04  0.12500000E+03  0.48628664E-02  0.69999999E+00  0.99999445E+03
  0.32500000E+01 -0.25000000E+00  0.00000000E+00  0.00000000E+00  0.10008181E+04  0.16091228E+04  0.12500000E+03  0.33498271E-02  0.69999999E+00  0.99999615E+03
  0.37500000E+01 -0.25000000E+00  0.00000000E+00  0.00000000E+00  0.10000070E+04  0.13565822E+02  0.12500000E+03 -0.15635355E-03  0.69999999E+00  0.10000002E+04
  0.42500000E+01 -0.25000000E+00  0.00000000E+00  0.00000000E+00  0.10000000E+04  0.00000000E+00  0.12500000E+03 -0.57971117E-36  0.69999999E+00  0.10000000E+04
  0.47500000E+01 -0.25000000E+00  0.00000000E+00  0.00000000E+00  0.10000000E+04  0.00000000E+00  0.12500000E+03 -0.29766382E-39  0.69999999E+00  0.10000000E+04
  0.52500000E+01 -0.25000000E+00  0.00000000E+00  0.00000000E+00  0.10000000E+04  0.00000000E+00  0.12500000E+03  0.00000000E+00  0.69999999E+00  0.10000000E+04
  0.57500000E+01 -0.25000000E+00  0.00000000E+00  0.00000000E+00  0.10000000E+04  0.00000000E+00  0.12500000E+03  0.00000000E+00  0.69999999E+00  0.10000000E+04
  0.62500000E+01 -0.25000000E+00  0.00000000E+00  0.00000000E+00  0.10000000E+04  0.00000000E+00  0.12500000E+03  0.00000000E+00  0.69999999E+00  0.10000000E+04
  0.67500000E+01 -0.25000000E+00  0.00000000E+00  0.00000000E+00  0.10000000E+04  0.00000000E+00  0.12500000E+03  0.00000000E+00  0.69999999E+00  0.10000000E+04
  0.72500000E+01 -0.25000000E+00  0.00000000E+00  0.00000000E+00  0.10000000E+04  0.00000000E+00  0.12500000E+03  0.00000000E+00  0.69999999E+00  0.10000000E+04
  0.77500000E+01 -0.25000000E+00  0.00000000E+00  0.00000000E+00  0.10000000E+04  0.00000000E+00  0.12500000E+03  0.00000000E+00  0.69999999E+00  0.10000000E+04
  0.40000000E+01  0.50000000E+00  0.00000000E+00  0.00000000E+00  0.10013516E+04  0.26626062E+04  0.12500000E+03 -0.32064621E-03  0.69999999E+00  0.10000004E+04
  0.37500000E+01  0.25000000E+00  0.00000000E+00  0.00000000E+00  0.10058999E+04  0.11782527E+05  0.12500000E+03 -0.16359242E-02  0.69999999E+00  0.10000019E+04
  0.40000000E+01  0.10000000E+01  0.00000000E+00  0.00000000E+00  0.10020453E+04  0.40375332E+04  0.12500000E+03 -0.13500827E-03  0.69999999E+00  0.10000002E+04
  0.37500000E+01  0.75000000E+00  0.00000000E+00  0.00000000E+00  0.10447266E+04  0.10044645E+06  0.12500000E+03  0.97096444E-03  0.69999999E+00  0.99999884E+03
  0.40000000E+01  0.15000000E+01  0.00000000E+00  0.00000000E+00  0.99998364E+03 -0.32041172E+02  0.12500000E+03  0.39692299E-03  0.69999999E+00  0.99999957E+03
  0.37500000E+01  0.12500000E+01  0.00000000E+00  0.00000000E+00  0.10244546E+04  0.51646930E+05  0.12500000E+03  0.95142791E-03  0.69999999E+00  0.99999890E+03
  0.40000000E+01  0.20000000E+01  0.00000000E+00  0.00000000E+00  0.10010588E+04  0.20840093E+04  0.12500000E+03  0.32330409E-03  0.69999999E+00  0.99999963E+03
  0.37500000E+01  0.17500000E+01  0.00000000E+00  0.00000000E+00  0.10217391E+04  0.45536832E+05  0.12500000E+03  0.19540999E-02  0.69999999E+00  0.99999774E+03
  0.45000000E+01  0.50000000E+00  0.00000000E+00  0.00000000E+00  0.10000000E+04  0.00000000E+00  0.12500000E+03  0.87589562E-39  0.69999999E+00  0.10000000E+04
  0.42500000E+01  0.25000000E+00  0.00000000E+00  0.00000000E+00  0.10000018E+04  0.35083482E+01  0.12500000E+03 -0.74084828E-05  0.69999999E+00  0.10000000E+04
  0.45000000E+01  0.10000000E+01  0.00000000E+00  0.00000000E+00  0.10000000E+04  0.00000000E+00  0.12500000E+03 -0.52688822E-42  0.69999999E+00  0.10000000E+04
  0.42500000E+01  0.75000000E+00  0.00000000E+00  0.00000000E+00  0.10000944E+04  0.18529227E+03  0.12500000E+03 -0.10442676E-04  0.69999999E+00  0.10000000E+04
  0.45000000E+01  0.15000000E+01  0.00000000E+00  0.00000000E+00  0.10000000E+04  0.00000000E+00  0.12500000E+03 -0.18721347E-41  0.69999999E+00  0.10000000E+04
  0.42500000E+01  0.12500000E+01  0.00000000E+00  0.00000000E+00  0.10000066E+04  0.12864128E+02  0.12500000E+03  0.34267537E-05  0.69999999E+00  0.10000000E+04
  0.45000000E+01  0.20000000E+01  0.00000000E+00  0.00000000E+00  0.10000000E+04  0.00000000E+00  0.12500000E+03  0.18132802E-41  0.69999999E+00  0.10000000E+04
  0.42500000E+01  0.17500000E+01  0.00000000E+00  0.00000000E+00  0.10000031E+04  0.60811610E+01  0.12500000E+03 -0.35628464E-05  0.69999999E+00  0.10000000E+04
  0.50000000E+01  0.50000000E+00  0.00000000E+00  0.00000000E+00  0.10000000E+04  0.00000000E+00  0.12500000E+03  0.10930128E-42  0.69999999E+00  0.10000000E+04
  0.47500000E+01  0.25000000E+00  0.00000000E+00  0.00000000E+00  0.10000000E+04  0.00000000E+00  0.12500000E+03  0.29384108E-39  0.69999999E+00  0.10000000E+04
  0.50000000E+01  0.10000000E+01  0.00000000E+00  0.00000000E+00  0.10000000E+04  0.00000000E+00  0.12500000E+03  0.00000000E+00  0.69999999E+00  0.10000000E+04
  0.47500000E+01  0.75000000E+00  0.00000000E+00  0.00000000E+00  0.10000000E+04  0.00000000E+00  0.12500000E+03  0.17656361E-42  0.69999999E+00  0.10000000E+04
  0.50000000E+01  0.15000000E+01  0.00000000E+00  0.00000000E+00  0.10000000E+04  0.00000000E+00  0.12500000E+03 -0.12779842E-41  0.69999999E+00  0.10000000E+04
  0.47500000E+01  0.12500000E+01  0.00000000E+00  0.00000000E+00  0.10000000E+04  0.00000000E+00  0.12500000E+03 -0.12135245E-41  0.69999999E+00  0.10000000E+04
  0.50000000E+01  0.20000000E+01  0.00000000E+00  0.00000000E+00  0.10000000E+04  0.00000000E+00  0.12500000E+03  0.11967089E-41  0.69999999E+00  0.10000000E+04
  0.47500000E+01  0.17500000E+01  0.00000000E+00  0.00000000E+00  0.10000000E+04  0.00000000E+00  0.12500000E+03  0.00000000E+00  0.69999999E+00  0.10000000E+04
  0.26204040E+01  0.89180160E+00  0.52940047E+00 -0.28917883E-01  0.10028309E+04  0.56015454E+04  0.12576698E+03  0.12576674E+03  0.10000000E+01  0.00000000E+00
  0.87399328E+00  0.10551924E+01 -0.18579221E+00  0.10284591E+01  0.99701825E+03 -0.57980684E+04  0.12561582E+03  0.12561256E+03  0.10000000E+01  0.00000000E+00
  0.16059439E+01  0.94416571E+00  0.24654859E+00 -0.44391808E+00  0.10008578E+04  0.16874001E+04  0.12546356E+03  0.12546333E+03  0.10000000E+01  0.00000000E+00
  0.16295485E+01  0.15389707E+01  0.12468444E+01  0.24419376E+00  0.10043412E+04  0.86292578E+04  0.12531018E+03  0.12531027E+03  0.10000000E+01  0.00000000E+00
  0.27810521E+01  0.14801098E+01 -0.11230525E+00  0.15183995E-01  0.10041861E+04  0.83171016E+04  0.12515567E+03  0.12515567E+03  0.10000000E+01  0.00000000E+00
  0.24224348E+01  0.15484619E+01 -0.10115731E+01 -0.52687871E+00  0.10040129E+04  0.79688159E+04  0.12500000E+03  0.12500000E+03  0.10000000E+01  0.00000000E+00
  0.28275285E+01  0.95512426E+00 -0.22589851E-01  0.31502223E+00  0.10030731E+04  0.60852876E+04  0.12576698E+03  0.12575461E+03  0.10000000E+01  0.00000000E+00
  0.91228199E+00  0.11571968E+01 -0.10671930E+00 -0.39587072E+00  0.10030190E+04  0.59771465E+04  0.12561582E+03  0.12560624E+03  0.10000000E+01  0.00000000E+00
  0.10003788E+01  0.92610240E+00  0.10074971E+01 -0.11338423E+00  0.99917719E+03 -0.16104365E+04  0.12546356E+03  0.12546037E+03  0.10000000E+01  0.00000000E+00
  0.25643651E+01  0.13254508E+01  0.87793893E+00  0.80048777E-02  0.10051844E+04  0.10331396E+05  0.12531018E+03  0.12531038E+03  0.10000000E+01  0.00000000E+00
  0.12522224E+01  0.88497353E+00 -0.42781335E+00  0.12244834E+00  0.99933289E+03 -0.13062244E+04  0.12515567E+03  0.12515535E+03  0.10000000E+01  0.00000000E+00
  0.70609057E+00  0.89183247E+00 -0.43981397E+00  0.11265993E+01  0.10073987E+04  0.14842507E+05  0.12500000E+03  0.12500000E+03  0.10000000E+01  0.00000000E+00
  0.20181158E+01  0.96076155E+00 -0.22963724E+00 -0.27793077E+00  0.10026627E+04  0.52660522E+04  0.12576698E+03  0.12575644E+03  0.10000000E+01  0.00000000E+00
  0.27870185E+01  0.90070176E+00 -0.53197425E-01  0.21133380E+00  0.10032261E+04  0.63913208E+04  0.12561582E+03  0.12561059E+03  0.10000000E+01  0.00000000E+00
  0.27873445E+01  0.13253356E+01 -0.89085460E+00  0.61032003E+00  0.10003097E+04  0.60820752E+03  0.12546356E+03  0.12546005E+03  0.10000000E+01  0.00000000E+00
  0.19566400E+01  0.10581235E+01 -0.10479245E+01 -0.75461948E+00  0.10081392E+04  0.16364233E+05  0.12531018E+03  0.12531018E+03  0.10000000E+01  0.00000000E+00
  0.29500146E+01  0.80345213E+00  0.61278367E+00  0.11275203E+01  0.10035123E+04  0.69640967E+04  0.12515567E+03  0.12515553E+03  0.10000000E+01  0.00000000E+00
  0.10919282E+01  0.17794325E+01  0.12205591E+00  0.20192450E+00  0.99476044E+03 -0.10119807E+05  0.12500000E+03  0.12499989E+03  0.10000000E+01  0.00000000E+00
  0.97009408E+00  0.15870768E+01  0.32521367E+00 -0.85173923E+00  0.10058835E+04  0.11749336E+05  0.12576698E+03  0.12576566E+03  0.10000000E+01  0.00000000E+00
  0.27847853E+01  0.88684547E+00 -0.86034268E+00 -0.26828867E+00  0.99795135E+03 -0.39948733E+04  0.12561582E+03  0.12561228E+03  0.10000000E+01  0.00000000E+00
  0.15231597E+01  0.12752385E+01  0.28990149E+00 -0.11711618E+00  0.10011182E+04  0.22012485E+04  0.12546356E+03  0.12546202E+03  0.10000000E+01  0.00000000E+00
  0.20895293E+01  0.10254362E+01 -0.27103001E+00  0.56442514E-01  0.10040608E+04  0.80648999E+04  0.12531018E+03  0.12530890E+03  0.10000000E+01  0.00000000E+00
  0.11815571E+01  0.20238996E+01  0.13826194E+01 -0.76983944E-01  0.10018458E+04  0.36414111E+04  0.12515567E+03  0.12515567E+03  0.10000000E+01  0.00000000E+00
  0.13891227E+01  0.84346199E+00 -0.67867899E+00 -0.12793694E-01  0.10046691E+04  0.92900352E+04  0.12500000E+03  0.12500012E+03  0.10000000E+01  0.00000000E+00
  0.93999994E+00  0.17165270E+01  0.65562993E+00 -0.29934549E+00  0.10009145E+04  0.17990892E+04  0.12561582E+03  0.12561399E+03  0.10000000E+01  0.00000000E+00
  0.93286490E+00  0.20859747E+01  0.21603868E+01  0.36466002E+00  0.10056208E+04  0.11215796E+05  0.12531018E+03  0.12531004E+03  0.10000000E+01  0.00000000E+00
  0.20716035E+01  0.16905596E+01 -0.10050077E+01  0.10504948E+00  0.10041542E+04  0.82528340E+04  0.12500000E+03  0.12500000E+03  0.10000000E+01  0.00000000E+00
