  0.00000000E+00  0.00000000E+00  0.00000000E+00  0.00000000E+00  0.10037039E+04  0.73481665E+04  0.12500000E+03  0.16199027E-02  0.69999999E+00  0.99999817E+03
  0.00000000E+00  0.50000000E+00  0.00000000E+00  0.00000000E+00  0.10220867E+04  0.46313312E+05  0.12500000E+03  0.90967043E-03  0.69999999E+00  0.99999896E+03
  0.00000000E+00  0.10000000E+01  0.00000000E+00  0.00000000E+00  0.10015443E+04  0.30441018E+04  0.12500000E+03  0.18726944E-02  0.69999999E+00  0.99999786E+03
  0.00000000E+00  0.15000000E+01  0.00000000E+00  0.00000000E+00  0.10403462E+04  0.89411352E+05  0.12500000E+03  0.65123453E-03  0.69999999E+00  0.99999921E+03
  0.00000000E+00  0.20000000E+01  0.00000000E+00  0.00000000E+00  0.10060520E+04  0.12091832E+05  0.12500000E+03 -0.36760842E-03  0.69999999E+00  0.10000004E+04
  0.00000000E+00  0.25000000E+01  0.00000000E+00  0.00000000E+00  0.10002466E+04  0.48403955E+03  0.12500000E+03  0.71152863E-04  0.69999999E+00  0.99999994E+03
  0.00000000E+00  0.30000000E+01  0.00000000E+00  0.00000000E+00  0.10000000E+04  0.00000000E+00  0.12500000E+03  0.00000000E+00  0.69999999E+00  0.10000000E+04
  0.00000000E+00  0.35000000E+01  0.00000000E+00  0.00000000E+00  0.10000000E+04  0.00000000E+00  0.12500000E+03  0.00000000E+00  0.69999999E+00  0.10000000E+04
  0.00000000E+00  0.40000000E+01  0.00000000E+00  0.00000000E+00  0.10000000E+04  0.00000000E+00  0.12500000E+03  0.00000000E+00  0.69999999E+00  0.10000000E+04
 -0.25000000E+00 -0.25000000E+00  0.00000000E+00  0.00000000E+00  0.10007639E+04  0.15021974E+04  0.12500000E+03  0.51343429E-03  0.69999999E+00  0.99999939E+03
 -0.25000000E+00  0.25000000E+00  0.00000000E+00  0.00000000E+00  0.10013403E+04  0.26404424E+04  0.12500000E+03  0.63061930E-03  0.69999999E+00  0.99999927E+03
 -0.25000000E+00  0.75000000E+00  0.00000000E+00  0.00000000E+00  0.10041025E+04  0.81490259E+04  0.12500000E+03 -0.80628335E-04  0.69999999E+00  0.10000001E+04
 -0.25000000E+00  0.12500000E+01  0.00000000E+00  0.00000000E+00  0.10053177E+04  0.10601472E+05  0.12500000E+03  0.59455709E-03  0.69999999E+00  0.99999933E+03
 -0.25000000E+00  0.17500000E+01  0.00000000E+00  0.00000000E+00  0.10001609E+04  0.31590213E+03  0.12500000E+03 -0.12543713E-03  0.69999999E+00  0.10000001E+04
 -0.25000000E+00  0.22500000E+01  0.00000000E+00  0.00000000E+00  0.10004730E+04  0.92938812E+03  0.12500000E+03 -0.62706749E-04  0.69999999E+00  0.10000001E+04
 -0.25000000E+00  0.27500000E+01  0.00000000E+00  0.00000000E+00  0.10000000E+04  0.00000000E+00  0.12500000E+03  0.00000000E+00  0.69999999E+00  0.10000000E+04
 -0.25000000E+00  0.32500000E+01  0.00000000E+00  0.00000000E+00  0.10000000E+04  0.00000000E+00  0.12500000E+03  0.00000000E+00  0.69999999E+00  0.10000000E+04
 -0.25000000E+00  0.37500000E+01  0.00000000E+00  0.00000000E+00  0.10000000E+04  0.00000000E+00  0.12500000E+03  0.00000000E+00  0.69999999E+00  0.10000000E+04
  0.80000000E+01  0.00000000E+00  0.00000000E+00  0.00000000E+00  0.10000000E+04  0.00000000E+00  0.12500000E+03  0.00000000E+00  0.69999999E+00  0.10000000E+04
  0.80000000E+01  0.50000000E+00  0.00000000E+00  0.00000000E+00  0.10000000E+04  0.00000000E+00  0.12500000E+03  0.00000000E+00  0.69999999E+00  0.10000000E+04
  0.80000000E+01  0.10000000E+01  0.00000000E+00  0.00000000E+00  0.10000000E+04  0.00000000E+00  0.12500000E+03  0.00000000E+00  0.69999999E+00  0.10000000E+04
  0.80000000E+01  0.15000000E+01  0.00000000E+00  0.00000000E+00  0.10000000E+04  0.00000000E+00  0.12500000E+03  0.00000000E+00  0.69999999E+00  0.10000000E+04
  0.80000000E+01  0.20000000E+01  0.00000000E+00  0.00000000E+00  0.10000000E+04  0.00000000E+00  0.12500000E+03  0.00000000E+00  0.69999999E+00  0.10000000E+04
  0.80000000E+01  0.25000000E+01  0.00000000E+00  0.00000000E+00  0.10000000E+04  0.00000000E+00  0.12500000E+03  0.00000000E+00  0.69999999E+00  0.10000000E+04
  0.80000000E+01  0.30000000E+01  0.00000000E+00  0.00000000E+00  0.10000000E+04  0.00000000E+00  0.12500000E+03  0.00000000E+00  0.69999999E+00  0.10000000E+04
  0.80000000E+01  0.35000000E+01  0.00000000E+00  0.00000000E+00  0.10000000E+04  0.00000000E+00  0.12500000E+03  0.00000000E+00  0.69999999E+00  0.10000000E+04
  0.80000000E+01  0.40000000E+01  0.00000000E+00  0.00000000E+00  0.10000000E+04  0.00000000E+00  0.12500000E+03  0.00000000E+00  0.69999999E+00  0.10000000E+04
  0.82500000E+01 -0.25000000E+00  0.00000000E+00  0.00000000E+00  0.10000000E+04  0.00000000E+00  0.12500000E+03  0.00000000E+00  0.69999999E+00  0.10000000E+04
  0.82500000E+01  0.25000000E+00  0.00000000E+00  0.00000000E+00  0.10000000E+04  0.00000000E+00  0.12500000E+03  0.00000000E+00  0.69999999E+00  0.10000000E+04
  0.82500000E+01  0.75000000E+00  0.00000000E+00  0.00000000E+00  0.10000000E+04  0.00000000E+00  0.12500000E+03  0.00000000E+00  0.69999999E+00  0.10000000E+04
  0.82500000E+01  0.12500000E+01  0.00000000E+00  0.00000000E+00  0.10000000E+04  0.00000000E+00  0.12500000E+03  0.00000000E+00  0.69999999E+00  0.10000000E+04
  0.82500000E+01  0.17500000E+01  0.00000000E+00  0.00000000E+00  0.10000000E+04  0.00000000E+00  0.12500000E+03  0.00000000E+00  0.69999999E+00  0.10000000E+04
  0.82500000E+01  0.22500000E+01  0.00000000E+00  0.00000000E+00  0.10000000E+04  0.00000000E+00  0.12500000E+03  0.00000000E+00  0.69999999E+00  0.10000000E+04
  0.82500000E+01  0.27500000E+01  0.00000000E+00  0.00000000E+00  0.10000000E+04  0.00000000E+00  0.12500000E+03  0.00000000E+00  0.69999999E+00  0.10000000E+04
  0.82500000E+01  0.32500000E+01  0.00000000E+00  0.00000000E+00  0.10000000E+04  0.00000000E+00  0.12500000E+03  0.00000000E+00  0.69999999E+00  0.10000000E+04
  0.82500000E+01  0.37500000E+01  0.00000000E+00  0.00000000E+00  0.10000000E+04  0.00000000E+00  0.12500000E+03  0.00000000E+00  0.69999999E+00  0.10000000E+04
  0.50000000E+00  0.00000000E+00  0.00000000E+00  0.00000000E+00  0.10366432E+04  0.80297852E+05  0.12500000E+03  0.78356024E-02  0.69999999E+00  0.99999072E+03
  0.10000000E+01  0.00000000E+00  0.00000000E+00  0.00000000E+00  0.10102969E+04  0.20837246E+05  0.12500000E+03  0.26203026E-02  0.69999999E+00  0.99999695E+03
  0.15000000E+01  0.00000000E+00  0.00000000E+00  0.00000000E+00  0.10270515E+04  0.57582016E+05  0.12500000E+03  0.12724231E-01  0.69999999E+00  0.99998505E+03
  0.20000000E+01  0.00000000E+00  0.00000000E+00  0.00000000E+00  0.10078904E+04  0.15852159E+05  0.12500000E+03  0.13638321E-01  0.69999999E+00  0.99998431E+03
  0.25000000E+01  0.00000000E+00  0.00000000E+00  0.00000000E+00  0.99945825E+03 -0.10611809E+04  0.12500000E+03  0.75333682E-03  0.69999999E+00  0.99999915E+03
  0.30000000E+01  0.00000000E+00  0.00000000E+00  0.00000000E+00  0.10324242E+04  0.70149891E+05  0.12500000E+03  0.22780637E-02  0.69999999E+00  0.99999731E+03
  0.35000000E+01  0.00000000E+00  0.00000000E+00  0.00000000E+00  0.10094039E+04  0.18979297E+05  0.12500000E+03  0.86985441E-03  0.69999999E+00  0.99999902E+03
  0.40000000E+01  0.00000000E+00  0.00000000E+00  0.00000000E+00  0.10000134E+04  0.26430483E+02  0.12500000E+03 -0.27363869E-04  0.69999999E+00  0.10000001E+04
  0.45000000E+01  0.00000000E+00  0.00000000E+00  0.00000000E+00  0.10000000E+04  0.00000000E+00  0.12500000E+03  0.00000000E+00  0.69999999E+00  0.10000000E+04
  0.50000000E+01  0.00000000E+00  0.00000000E+00  0.00000000E+00  0.10000000E+04  0.00000000E+00  0.12500000E+03  0.00000000E+00  0.69999999E+00  0.10000000E+04
  0.55000000E+01  0.00000000E+00  0.00000000E+00  0.00000000E+00  0.10000000E+04  0.00000000E+00  0.12500000E+03  0.00000000E+00  0.69999999E+00  0.10000000E+04
  0.60000000E+01  0.00000000E+00  0.00000000E+00  0.00000000E+00  0.10000000E+04  0.00000000E+00  0.12500000E+03  0.00000000E+00  0.69999999E+00  0.10000000E+04
  0.65000000E+01  0.00000000E+00  0.00000000E+00  0.00000000E+00  0.10000000E+04  0.00000000E+00  0.12500000E+03  0.00000000E+00  0.69999999E+00  0.10000000E+04
  0.70000000E+01  0.00000000E+00  0.00000000E+00  0.00000000E+00  0.10000000E+04  0.00000000E+00  0.12500000E+03  0.00000000E+00  0.69999999E+00  0.10000000E+04
  0.75000000E+01  0.00000000E+00  0.00000000E+00  0.00000000E+00  0.10000000E+04  0.00000000E+00  0.12500000E+03  0.00000000E+00  0.69999999E+00  0.10000000E+04
  0.25000000E+00 -0.25000000E+00  0.00000000E+00  0.00000000E+00  0.10099955E+04  0.20209055E+05  0.12500000E+03  0.24778848E-02  0.69999999E+00  0.99999713E+03
  0.75000000E+00 -0.25000000E+00  0.00000000E+00  0.00000000E+00  0.98858459E+03 -0.21644471E+05  0.12500000E+03  0.58150641E-02  0.69999999E+00  0.99999341E+03
  0.12500000E+01 -0.25000000E+00  0.00000000E+00  0.00000000E+00  0.10060630E+04  0.12114144E+05  0.12500000E+03  0.44337288E-02  0.69999999E+00  0.99999493E+03
  0.17500000E+01 -0.25000000E+00  0.00000000E+00  0.00000000E+00  0.10039290E+04  0.77999565E+04  0.12500000E+03  0.66264709E-02  0.69999999E+00  0.99999243E+03
  0.22500000E+01 -0.25000000E+00  0.00000000E+00  0.00000000E+00  0.10150632E+04  0.30923756E+05  0.12500000E+03  0.57287319E-02  0.69999999E+00  0.99999335E+03
  0.27500000E+01 -0.25000000E+00  0.00000000E+00  0.00000000E+00  0.99906738E+03 -0.18247159E+04  0.12500000E+03  0.80382195E-03  0.69999999E+00  0.99999908E+03
  0.32500000E+01 -0.25000000E+00  0.00000000E+00  0.00000000E+00  0.10050551E+04  0.10069730E+05  0.12500000E+03  0.99316216E-03  0.69999999E+00  0.99999884E+03
  0.37500000E+01 -0.25000000E+00  0.00000000E+00  0.00000000E+00  0.10000013E+04  0.25727851E+01  0.12500000E+03 -0.59664068E-04  0.69999999E+00  0.10000001E+04
  0.42500000E+01 -0.25000000E+00  0.00000000E+00  0.00000000E+00  0.10000000E+04  0.00000000E+00  0.12500000E+03 -0.24046282E-41  0.69999999E+00  0.10000000E+04
  0.47500000E+01 -0.25000000E+00  0.00000000E+00  0.00000000E+00  0.10000000E+04  0.00000000E+00  0.12500000E+03  0.00000000E+00  0.69999999E+00  0.10000000E+04
  0.52500000E+01 -0.25000000E+00  0.00000000E+00  0.00000000E+00  0.10000000E+04  0.00000000E+00  0.12500000E+03  0.00000000E+00  0.69999999E+00  0.10000000E+04
  0.57500000E+01 -0.25000000E+00  0.00000000E+00  0.00000000E+00  0.10000000E+04  0.00000000E+00  0.12500000E+03  0.00000000E+00  0.69999999E+00  0.10000000E+04
  0.62500000E+01 -0.25000000E+00  0.00000000E+00  0.00000000E+00  0.10000000E+04  0.00000000E+00  0.12500000E+03  0.00000000E+00  0.69999999E+00  0.10000000E+04
  0.67500000E+01 -0.25000000E+00  0.00000000E+00  0.00000000E+00  0.10000000E+04  0.00000000E+00  0.12500000E+03  0.00000000E+00  0.69999999E+00  0.10000000E+04
  0.72500000E+01 -0.25000000E+00  0.00000000E+00  0.00000000E+00  0.10000000E+04  0.00000000E+00  0.12500000E+03  0.00000000E+00  0.69999999E+00  0.10000000E+04
  0.77500000E+01 -0.25000000E+00  0.00000000E+00  0.00000000E+00  0.10000000E+04  0.00000000E+00  0.12500000E+03  0.00000000E+00  0.69999999E+00  0.10000000E+04
  0.40000000E+01  0.50000000E+00  0.00000000E+00  0.00000000E+00  0.10004244E+04  0.83370435E+03  0.12500000E+03 -0.88179659E-04  0.69999999E+00  0.10000001E+04
  0.37500000E+01  0.25000000E+00  0.00000000E+00  0.00000000E+00  0.10073857E+04  0.14815861E+05  0.12500000E+03 -0.36355288E-03  0.69999999E+00  0.10000004E+04
  0.40000000E+01  0.10000000E+01  0.00000000E+00  0.00000000E+00  0.10008112E+04  0.15952557E+04  0.12500000E+03 -0.18083625E-04  0.69999999E+00  0.10000000E+04
  0.37500000E+01  0.75000000E+00  0.00000000E+00  0.00000000E+00  0.10214612E+04  0.44916785E+05  0.12500000E+03  0.30629797E-03  0.69999999E+00  0.99999963E+03
  0.40000000E+01  0.15000000E+01  0.00000000E+00  0.00000000E+00  0.10011335E+04  0.22316245E+04  0.12500000E+03  0.13672310E-03  0.69999999E+00  0.99999982E+03
  0.37500000E+01  0.12500000E+01  0.00000000E+00  0.00000000E+00  0.10295479E+04  0.63372398E+05  0.12500000E+03  0.37282871E-03  0.69999999E+00  0.99999957E+03
  0.40000000E+01  0.20000000E+01  0.00000000E+00  0.00000000E+00  0.10000315E+04  0.61752430E+02  0.12500000E+03  0.27932190E-04  0.69999999E+00  0.99999994E+03
  0.37500000E+01  0.17500000E+01  0.00000000E+00  0.00000000E+00  0.10153975E+04  0.31641582E+05  0.12500000E+03  0.40919561E-03  0.69999999E+00  0.99999951E+03
  0.45000000E+01  0.50000000E+00  0.00000000E+00  0.00000000E+00  0.10000000E+04  0.00000000E+00  0.12500000E+03  0.00000000E+00  0.69999999E+00  0.10000000E+04
  0.42500000E+01  0.25000000E+00  0.00000000E+00  0.00000000E+00  0.10000018E+04  0.35083482E+01  0.12500000E+03 -0.74084828E-05  0.69999999E+00  0.10000000E+04
  0.45000000E+01  0.10000000E+01  0.00000000E+00  0.00000000E+00  0.10000000E+04  0.00000000E+00  0.12500000E+03  0.00000000E+00  0.69999999E+00  0.10000000E+04
  0.42500000E+01  0.75000000E+00  0.00000000E+00  0.00000000E+00  0.10000936E+04  0.18365413E+03  0.12500000E+03 -0.58616174E-05  0.69999999E+00  0.10000000E+04
  0.45000000E+01  0.15000000E+01  0.00000000E+00  0.00000000E+00  0.10000000E+04  0.00000000E+00  0.12500000E+03  0.00000000E+00  0.69999999E+00  0.10000000E+04
  0.42500000E+01  0.12500000E+01  0.00000000E+00  0.00000000E+00  0.10000045E+04  0.88878889E+01  0.12500000E+03  0.12300108E-04  0.69999999E+00  0.10000000E+04
  0.45000000E+01  0.20000000E+01  0.00000000E+00  0.00000000E+00  0.10000000E+04  0.00000000E+00  0.12500000E+03  0.00000000E+00  0.69999999E+00  0.10000000E+04
  0.42500000E+01  0.17500000E+01  0.00000000E+00  0.00000000E+00  0.10000000E+04  0.00000000E+00  0.12500000E+03  0.00000000E+00  0.69999999E+00  0.10000000E+04
  0.50000000E+01  0.50000000E+00  0.00000000E+00  0.00000000E+00  0.10000000E+04  0.00000000E+00  0.12500000E+03  0.00000000E+00  0.69999999E+00  0.10000000E+04
  0.47500000E+01  0.25000000E+00  0.00000000E+00  0.00000000E+00  0.10000000E+04  0.00000000E+00  0.12500000E+03  0.00000000E+00  0.69999999E+00  0.10000000E+04
  0.50000000E+01  0.10000000E+01  0.00000000E+00  0.00000000E+00  0.10000000E+04  0.00000000E+00  0.12500000E+03  0.00000000E+00  0.69999999E+00  0.10000000E+04
  0.47500000E+01  0.75000000E+00  0.00000000E+00  0.00000000E+00  0.10000000E+04  0.00000000E+00  0.12500000E+03  0.00000000E+00  0.69999999E+00  0.10000000E+04
  0.50000000E+01  0.15000000E+01  0.00000000E+00  0.00000000E+00  0.10000000E+04  0.00000000E+00  0.12500000E+03  0.00000000E+00  0.69999999E+00  0.10000000E+04
  0.47500000E+01  0.12500000E+01  0.00000000E+00  0.00000000E+00  0.10000000E+04  0.00000000E+00  0.12500000E+03  0.00000000E+00  0.69999999E+00  0.10000000E+04
  0.50000000E+01  0.20000000E+01  0.00000000E+00  0.00000000E+00  0.10000000E+04  0.00000000E+00  0.12500000E+03  0.00000000E+00  0.69999999E+00  0.10000000E+04
  0.47500000E+01  0.17500000E+01  0.00000000E+00  0.00000000E+00  0.10000000E+04  0.00000000E+00  0.12500000E+03  0.00000000E+00  0.69999999E+00  0.10000000E+04
  0.82738578E+00  0.27449030E+00  0.21866014E+01  0.10331888E+01  0.99281873E+03 -0.13789746E+05  0.12576698E+03  0.12576698E+03  0.10000000E+01  0.00000000E+00
  0.80129158E+00  0.64905596E+00  0.34495008E+00  0.36109263E+00  0.10069711E+04  0.13966725E+05  0.12561582E+03  0.12561256E+03  0.10000000E+01  0.00000000E+00
  0.75578988E+00  0.86380041E+00  0.16410981E+00  0.32854229E+00  0.10028345E+04  0.56086826E+04  0.12546356E+03  0.12546356E+03  0.10000000E+01  0.00000000E+00
  0.89161462E+00  0.12103225E+01  0.78691441E+00  0.57887590E+00  0.99409937E+03 -0.11374088E+05  0.12531018E+03  0.12531018E+03  0.10000000E+01  0.00000000E+00
  0.93885887E+00  0.12565215E+01 -0.42015254E+00  0.43623322E+00  0.99517554E+03 -0.93296865E+04  0.12515567E+03  0.12515567E+03  0.10000000E+01  0.00000000E+00
  0.20155058E+01  0.12992601E+01  0.92583346E+00 -0.83939266E+00  0.99972449E+03 -0.54007013E+03  0.12500000E+03  0.12500000E+03  0.10000000E+01  0.00000000E+00
  0.13499494E+01  0.23589879E+00  0.30946982E+00  0.32864356E+00  0.98534412E+03 -0.27521002E+05  0.12576698E+03  0.12575668E+03  0.10000000E+01  0.00000000E+00
  0.10222679E+01  0.54534823E+00  0.42379057E+00  0.97433567E+00  0.10038890E+04  0.77197480E+04  0.12561582E+03  0.12560679E+03  0.10000000E+01  0.00000000E+00
  0.13616505E+01  0.59920776E+00 -0.13681826E+00  0.72416407E+00  0.10053060E+04  0.10577568E+05  0.12546356E+03  0.12546065E+03  0.10000000E+01  0.00000000E+00
  0.85345924E+00  0.94275129E+00 -0.55417377E+00  0.11913349E+00  0.99863470E+03 -0.26677795E+04  0.12531018E+03  0.12531018E+03  0.10000000E+01  0.00000000E+00
  0.14802659E+01  0.85821784E+00 -0.84918791E+00  0.54303145E+00  0.10130453E+04  0.26618646E+05  0.12515567E+03  0.12515567E+03  0.10000000E+01  0.00000000E+00
  0.11608113E+01  0.13247020E+01 -0.72264612E+00  0.78401148E+00  0.99891217E+03 -0.21273977E+04  0.12500000E+03  0.12500000E+03  0.10000000E+01  0.00000000E+00
  0.19560530E+01  0.30861101E+00 -0.57473168E-01  0.29765964E-01  0.98870789E+03 -0.21418535E+05  0.12576698E+03  0.12575795E+03  0.10000000E+01  0.00000000E+00
  0.20344694E+01  0.50663888E+00  0.10464283E+01 -0.69079131E+00  0.10032241E+04  0.63870283E+04  0.12561582E+03  0.12561089E+03  0.10000000E+01  0.00000000E+00
  0.25142479E+01  0.56391728E+00 -0.21061608E+00  0.40685132E+00  0.10034293E+04  0.67978911E+04  0.12546356E+03  0.12546071E+03  0.10000000E+01  0.00000000E+00
  0.21072018E+01  0.78624308E+00  0.72717631E+00 -0.47200760E+00  0.10022255E+04  0.43957280E+04  0.12531018E+03  0.12531018E+03  0.10000000E+01  0.00000000E+00
  0.26661429E+01  0.83266926E+00  0.16713679E+01 -0.11981388E+01  0.10093867E+04  0.18943674E+05  0.12515567E+03  0.12515567E+03  0.10000000E+01  0.00000000E+00
  0.20459492E+01  0.13022439E+01  0.47062853E+00 -0.91180325E+00  0.10009718E+04  0.19122278E+04  0.12500000E+03  0.12500000E+03  0.10000000E+01  0.00000000E+00
  0.17093072E+01  0.49678117E+00 -0.25942773E+00 -0.32515219E+00  0.10011396E+04  0.22436345E+04  0.12576698E+03  0.12576654E+03  0.10000000E+01  0.00000000E+00
  0.21652246E+01  0.71716446E+00 -0.94193780E+00 -0.21452619E+00  0.10072711E+04  0.14581028E+05  0.12561582E+03  0.12561221E+03  0.10000000E+01  0.00000000E+00
  0.28692670E+01  0.73523068E+00  0.14262540E+01 -0.19709900E+00  0.10004667E+04  0.91695703E+03  0.12546356E+03  0.12546202E+03  0.10000000E+01  0.00000000E+00
  0.27621264E+01  0.60691488E+00  0.82144916E+00  0.85202229E+00  0.99817987E+03 -0.35516877E+04  0.12531018E+03  0.12530896E+03  0.10000000E+01  0.00000000E+00
  0.27306051E+01  0.13423119E+01 -0.80073106E+00 -0.17985612E+00  0.99934052E+03 -0.12913149E+04  0.12515567E+03  0.12515567E+03  0.10000000E+01  0.00000000E+00
  0.28645906E+01  0.13206792E+01  0.74027562E+00 -0.50742644E+00  0.10013354E+04  0.26305400E+04  0.12500000E+03  0.12500000E+03  0.10000000E+01  0.00000000E+00
  0.17168808E+01  0.10770359E+01 -0.18642089E+01 -0.11337218E+01  0.10099290E+04  0.20070547E+05  0.12561582E+03  0.12561399E+03  0.10000000E+01  0.00000000E+00
  0.29079561E+01  0.13032893E+01 -0.12451850E+00  0.14762203E+00  0.10024121E+04  0.47668862E+04  0.12531018E+03  0.12531018E+03  0.10000000E+01  0.00000000E+00
  0.19681916E+01  0.16265833E+01 -0.99850619E+00 -0.11254772E+01  0.10058188E+04  0.11617810E+05  0.12500000E+03  0.12500000E+03  0.10000000E+01  0.00000000E+00
