  0.00000000E+00  0.00000000E+00  0.00000000E+00  0.00000000E+00  0.10008961E+04  0.17628743E+04  0.12500000E+03  0.24860364E-02  0.69999999E+00  0.99999713E+03
  0.00000000E+00  0.50000000E+00  0.00000000E+00  0.00000000E+00  0.10130614E+04  0.26652775E+05  0.12500000E+03  0.32730605E-02  0.69999999E+00  0.99999622E+03
  0.00000000E+00  0.10000000E+01  0.00000000E+00  0.00000000E+00  0.10338030E+04  0.73439031E+05  0.12500000E+03  0.37037514E-02  0.69999999E+00  0.99999561E+03
  0.00000000E+00  0.15000000E+01  0.00000000E+00  0.00000000E+00  0.10150283E+04  0.30848803E+05  0.12500000E+03  0.13752738E-02  0.69999999E+00  0.99999841E+03
  0.00000000E+00  0.20000000E+01  0.00000000E+00  0.00000000E+00  0.10160623E+04  0.33074031E+05  0.12500000E+03 -0.16822452E-02  0.69999999E+00  0.10000020E+04
  0.00000000E+00  0.25000000E+01  0.00000000E+00  0.00000000E+00  0.10034469E+04  0.68332266E+04  0.12500000E+03  0.51974104E-03  0.69999999E+00  0.99999939E+03
  0.00000000E+00  0.30000000E+01  0.00000000E+00  0.00000000E+00  0.10000026E+04  0.51455903E+01  0.12500000E+03  0.38292605E-04  0.69999999E+00  0.99999994E+03
  0.00000000E+00  0.35000000E+01  0.00000000E+00  0.00000000E+00  0.10000000E+04  0.00000000E+00  0.12500000E+03  0.00000000E+00  0.69999999E+00  0.10000000E+04
  0.00000000E+00  0.40000000E+01  0.00000000E+00  0.00000000E+00  0.10000000E+04  0.00000000E+00  0.12500000E+03  0.00000000E+00  0.69999999E+00  0.10000000E+04
 -0.25000000E+00 -0.25000000E+00  0.00000000E+00  0.00000000E+00  0.10006414E+04  0.12607445E+04  0.12500000E+03  0.52005530E-03  0.69999999E+00  0.99999939E+03
 -0.25000000E+00  0.25000000E+00  0.00000000E+00  0.00000000E+00  0.10006898E+04  0.13563180E+04  0.12500000E+03  0.11199939E-02  0.69999999E+00  0.99999872E+03
 -0.25000000E+00  0.75000000E+00  0.00000000E+00  0.00000000E+00  0.10081381E+04  0.16362023E+05  0.12500000E+03  0.48983411E-03  0.69999999E+00  0.99999945E+03
 -0.25000000E+00  0.12500000E+01  0.00000000E+00  0.00000000E+00  0.10078385E+04  0.15745521E+05  0.12500000E+03  0.11784916E-02  0.69999999E+00  0.99999866E+03
 -0.25000000E+00  0.17500000E+01  0.00000000E+00  0.00000000E+00  0.10008955E+04  0.17616985E+04  0.12500000E+03 -0.34896773E-03  0.69999999E+00  0.10000004E+04
 -0.25000000E+00  0.22500000E+01  0.00000000E+00  0.00000000E+00  0.10015139E+04  0.29839109E+04  0.12500000E+03 -0.18548567E-03  0.69999999E+00  0.10000002E+04
 -0.25000000E+00  0.27500000E+01  0.00000000E+00  0.00000000E+00  0.10000007E+04  0.14033347E+01  0.12500000E+03  0.17473474E-04  0.69999999E+00  0.10000000E+04
 -0.25000000E+00  0.32500000E+01  0.00000000E+00  0.00000000E+00  0.10000000E+04  0.00000000E+00  0.12500000E+03  0.29539372E-41  0.69999999E+00  0.10000000E+04
 -0.25000000E+00  0.37500000E+01  0.00000000E+00  0.00000000E+00  0.10000000E+04  0.00000000E+00  0.12500000E+03  0.00000000E+00  0.69999999E+00  0.10000000E+04
  0.80000000E+01  0.00000000E+00  0.00000000E+00  0.00000000E+00  0.10000000E+04  0.00000000E+00  0.12500000E+03  0.00000000E+00  0.69999999E+00  0.10000000E+04
  0.80000000E+01  0.50000000E+00  0.00000000E+00  0.00000000E+00  0.10000000E+04  0.00000000E+00  0.12500000E+03  0.00000000E+00  0.69999999E+00  0.10000000E+04
  0.80000000E+01  0.10000000E+01  0.00000000E+00  0.00000000E+00  0.10000000E+04  0.00000000E+00  0.12500000E+03  0.00000000E+00  0.69999999E+00  0.10000000E+04
  0.80000000E+01  0.15000000E+01  0.00000000E+00  0.00000000E+00  0.10000000E+04  0.00000000E+00  0.12500000E+03  0.00000000E+00  0.69999999E+00  0.10000000E+04
  0.80000000E+01  0.20000000E+01  0.00000000E+00  0.00000000E+00  0.10000000E+04  0.00000000E+00  0.12500000E+03  0.00000000E+00  0.69999999E+00  0.10000000E+04
  0.80000000E+01  0.25000000E+01  0.00000000E+00  0.00000000E+00  0.10000000E+04  0.00000000E+00  0.12500000E+03  0.00000000E+00  0.69999999E+00  0.10000000E+04
  0.80000000E+01  0.30000000E+01  0.00000000E+00  0.00000000E+00  0.10000000E+04  0.00000000E+00  0.12500000E+03  0.00000000E+00  0.69999999E+00  0.10000000E+04
  0.80000000E+01  0.35000000E+01  0.00000000E+00  0.00000000E+00  0.10000000E+04  0.00000000E+00  0.12500000E+03  0.00000000E+00  0.69999999E+00  0.10000000E+04
  0.80000000E+01  0.40000000E+01  0.00000000E+00  0.00000000E+00  0.10000000E+04  0.00000000E+00  0.12500000E+03  0.00000000E+00  0.69999999E+00  0.10000000E+04
  0.82500000E+01 -0.25000000E+00  0.00000000E+00  0.00000000E+00  0.10000000E+04  0.00000000E+00  0.12500000E+03  0.00000000E+00  0.69999999E+00  0.10000000E+04
  0.82500000E+01  0.25000000E+00  0.00000000E+00  0.00000000E+00  0.10000000E+04  0.00000000E+00  0.12500000E+03  0.00000000E+00  0.69999999E+00  0.10000000E+04
  0.82500000E+01  0.75000000E+00  0.00000000E+00  0.00000000E+00  0.10000000E+04  0.00000000E+00  0.12500000E+03  0.00000000E+00  0.69999999E+00  0.10000000E+04
  0.82500000E+01  0.12500000E+01  0.00000000E+00  0.00000000E+00  0.10000000E+04  0.00000000E+00  0.12500000E+03  0.00000000E+00  0.69999999E+00  0.10000000E+04
  0.82500000E+01  0.17500000E+01  0.00000000E+00  0.00000000E+00  0.10000000E+04  0.00000000E+00  0.12500000E+03  0.00000000E+00  0.69999999E+00  0.10000000E+04
  0.82500000E+01  0.22500000E+01  0.00000000E+00  0.00000000E+00  0.10000000E+04  0.00000000E+00  0.12500000E+03  0.00000000E+00  0.69999999E+00  0.10000000E+04
  0.82500000E+01  0.27500000E+01  0.00000000E+00  0.00000000E+00  0.10000000E+04  0.00000000E+00  0.12500000E+03  0.00000000E+00  0.69999999E+00  0.10000000E+04
  0.82500000E+01  0.32500000E+01  0.00000000E+00  0.00000000E+00  0.10000000E+04  0.00000000E+00  0.12500000E+03  0.00000000E+00  0.69999999E+00  0.10000000E+04
  0.82500000E+01  0.37500000E+01  0.00000000E+00  0.00000000E+00  0.10000000E+04  0.00000000E+00  0.12500000E+03  0.00000000E+00  0.69999999E+00  0.10000000E+04
  0.50000000E+00  0.00000000E+00  0.00000000E+00  0.00000000E+00  0.10339445E+04  0.73778078E+05  0.12500000E+03  0.12640333E-01  0.69999999E+00  0.99998505E+03
  0.10000000E+01  0.00000000E+00  0.00000000E+00  0.00000000E+00  0.10661780E+04  0.15865805E+06  0.12500000E+03  0.73536183E-02  0.69999999E+00  0.99999103E+03
  0.15000000E+01  0.00000000E+00  0.00000000E+00  0.00000000E+00  0.10384618E+04  0.84749414E+05  0.12500000E+03  0.22165466E-01  0.69999999E+00  0.99997369E+03
  0.20000000E+01  0.00000000E+00  0.00000000E+00  0.00000000E+00  0.11396152E+04  0.41940891E+06  0.12500000E+03  0.25520178E-01  0.69999999E+00  0.99996674E+03
  0.25000000E+01  0.00000000E+00  0.00000000E+00  0.00000000E+00  0.10379884E+04  0.83586203E+05  0.12500000E+03  0.77237156E-02  0.69999999E+00  0.99999084E+03
  0.30000000E+01  0.00000000E+00  0.00000000E+00  0.00000000E+00  0.10328503E+04  0.71163742E+05  0.12500000E+03  0.94486978E-02  0.69999999E+00  0.99998883E+03
  0.35000000E+01  0.00000000E+00  0.00000000E+00  0.00000000E+00  0.10003977E+04  0.78118396E+03  0.12500000E+03  0.38946469E-02  0.69999999E+00  0.99999554E+03
  0.40000000E+01  0.00000000E+00  0.00000000E+00  0.00000000E+00  0.10000137E+04  0.26898298E+02  0.12500000E+03 -0.68247195E-04  0.69999999E+00  0.10000001E+04
  0.45000000E+01  0.00000000E+00  0.00000000E+00  0.00000000E+00  0.10000000E+04  0.00000000E+00  0.12500000E+03  0.18685474E-39  0.69999999E+00  0.10000000E+04
  0.50000000E+01  0.00000000E+00  0.00000000E+00  0.00000000E+00  0.10000000E+04  0.00000000E+00  0.12500000E+03 -0.37274539E-42  0.69999999E+00  0.10000000E+04
  0.55000000E+01  0.00000000E+00  0.00000000E+00  0.00000000E+00  0.10000000E+04  0.00000000E+00  0.12500000E+03  0.00000000E+00  0.69999999E+00  0.10000000E+04
  0.60000000E+01  0.00000000E+00  0.00000000E+00  0.00000000E+00  0.10000000E+04  0.00000000E+00  0.12500000E+03  0.00000000E+00  0.69999999E+00  0.10000000E+04
  0.65000000E+01  0.00000000E+00  0.00000000E+00  0.00000000E+00  0.10000000E+04  0.00000000E+00  0.12500000E+03  0.00000000E+00  0.69999999E+00  0.10000000E+04
  0.70000000E+01  0.00000000E+00  0.00000000E+00  0.00000000E+00  0.10000000E+04  0.00000000E+00  0.12500000E+03  0.00000000E+00  0.69999999E+00  0.10000000E+04
  0.75000000E+01  0.00000000E+00  0.00000000E+00  0.00000000E+00  0.10000000E+04  0.00000000E+00  0.12500000E+03  0.00000000E+00  0.69999999E+00  0.10000000E+04
  0.25000000E+00 -0.25000000E+00  0.00000000E+00  0.00000000E+00  0.10056389E+04  0.11252564E+05  0.12500000E+03  0.33290409E-02  0.69999999E+00  0.99999615E+03
  0.75000000E+00 -0.25000000E+00  0.00000000E+00  0.00000000E+00  0.10254231E+04  0.53849688E+05  0.12500000E+03  0.90428125E-02  0.69999999E+00  0.99998938E+03
  0.12500000E+01 -0.25000000E+00  0.00000000E+00  0.00000000E+00  0.10113701E+04  0.23083580E+05  0.12500000E+03  0.72455369E-02  0.69999999E+00  0.99999164E+03
  0.17500000E+01 -0.25000000E+00  0.00000000E+00  0.00000000E+00  0.10148810E+04  0.30532787E+05  0.12500000E+03  0.11005376E-01  0.69999999E+00  0.99998724E+03
  0.22500000E+01 -0.25000000E+00  0.00000000E+00  0.00000000E+00  0.10013156E+04  0.25914048E+04  0.12500000E+03  0.10887409E-01  0.69999999E+00  0.99998755E+03
  0.27500000E+01 -0.25000000E+00  0.00000000E+00  0.00000000E+00  0.10033824E+04  0.67040781E+04  0.12500000E+03  0.50750757E-02  0.69999999E+00  0.99999420E+03
  0.32500000E+01 -0.25000000E+00  0.00000000E+00  0.00000000E+00  0.10004459E+04  0.87614886E+03  0.12500000E+03  0.35155220E-02  0.69999999E+00  0.99999597E+03
  0.37500000E+01 -0.25000000E+00  0.00000000E+00  0.00000000E+00  0.10000070E+04  0.13565822E+02  0.12500000E+03 -0.15635355E-03  0.69999999E+00  0.10000002E+04
  0.42500000E+01 -0.25000000E+00  0.00000000E+00  0.00000000E+00  0.10000000E+04  0.00000000E+00  0.12500000E+03 -0.79162287E-36  0.69999999E+00  0.10000000E+04
  0.47500000E+01 -0.25000000E+00  0.00000000E+00  0.00000000E+00  0.10000000E+04  0.00000000E+00  0.12500000E+03 -0.43146260E-39  0.69999999E+00  0.10000000E+04
  0.52500000E+01 -0.25000000E+00  0.00000000E+00  0.00000000E+00  0.10000000E+04  0.00000000E+00  0.12500000E+03  0.00000000E+00  0.69999999E+00  0.10000000E+04
  0.57500000E+01 -0.25000000E+00  0.00000000E+00  0.00000000E+00  0.10000000E+04  0.00000000E+00  0.12500000E+03  0.00000000E+00  0.69999999E+00  0.10000000E+04
  0.62500000E+01 -0.25000000E+00  0.00000000E+00  0.00000000E+00  0.10000000E+04  0.00000000E+00  0.12500000E+03  0.00000000E+00  0.69999999E+00  0.10000000E+04
  0.67500000E+01 -0.25000000E+00  0.00000000E+00  0.00000000E+00  0.10000000E+04  0.00000000E+00  0.12500000E+03  0.00000000E+00  0.69999999E+00  0.10000000E+04
  0.72500000E+01 -0.25000000E+00  0.00000000E+00  0.00000000E+00  0.10000000E+04  0.00000000E+00  0.12500000E+03  0.00000000E+00  0.69999999E+00  0.10000000E+04
  0.77500000E+01 -0.25000000E+00  0.00000000E+00  0.00000000E+00  0.10000000E+04  0.00000000E+00  0.12500000E+03  0.00000000E+00  0.69999999E+00  0.10000000E+04
  0.40000000E+01  0.50000000E+00  0.00000000E+00  0.00000000E+00  0.10010044E+04  0.19764589E+04  0.12500000E+03 -0.35837112E-03  0.69999999E+00  0.10000004E+04
  0.37500000E+01  0.25000000E+00  0.00000000E+00  0.00000000E+00  0.10014541E+04  0.28654495E+04  0.12500000E+03 -0.17558790E-02  0.69999999E+00  0.10000020E+04
  0.40000000E+01  0.10000000E+01  0.00000000E+00  0.00000000E+00  0.10033624E+04  0.66639829E+04  0.12500000E+03 -0.12816096E-03  0.69999999E+00  0.10000001E+04
  0.37500000E+01  0.75000000E+00  0.00000000E+00  0.00000000E+00  0.10333037E+04  0.72245008E+05  0.12500000E+03  0.97627891E-03  0.69999999E+00  0.99999884E+03
  0.40000000E+01  0.15000000E+01  0.00000000E+00  0.00000000E+00  0.10001582E+04  0.31051755E+03  0.12500000E+03  0.42750157E-03  0.69999999E+00  0.99999951E+03
  0.37500000E+01  0.12500000E+01  0.00000000E+00  0.00000000E+00  0.10232885E+04  0.49011141E+05  0.12500000E+03  0.10216143E-02  0.69999999E+00  0.99999878E+03
  0.40000000E+01  0.20000000E+01  0.00000000E+00  0.00000000E+00  0.10010588E+04  0.20840093E+04  0.12500000E+03  0.32330409E-03  0.69999999E+00  0.99999963E+03
  0.37500000E+01  0.17500000E+01  0.00000000E+00  0.00000000E+00  0.10205205E+04  0.42826180E+05  0.12500000E+03  0.20700174E-02  0.69999999E+00  0.99999756E+03
  0.45000000E+01  0.50000000E+00  0.00000000E+00  0.00000000E+00  0.10000000E+04  0.00000000E+00  0.12500000E+03  0.12705994E-38  0.69999999E+00  0.10000000E+04
  0.42500000E+01  0.25000000E+00  0.00000000E+00  0.00000000E+00  0.10000018E+04  0.35083482E+01  0.12500000E+03 -0.74084828E-05  0.69999999E+00  0.10000000E+04
  0.45000000E+01  0.10000000E+01  0.00000000E+00  0.00000000E+00  0.10000000E+04  0.00000000E+00  0.12500000E+03 -0.10397635E-41  0.69999999E+00  0.10000000E+04
  0.42500000E+01  0.75000000E+00  0.00000000E+00  0.00000000E+00  0.10000944E+04  0.18529227E+03  0.12500000E+03 -0.12924058E-04  0.69999999E+00  0.10000000E+04
  0.45000000E+01  0.15000000E+01  0.00000000E+00  0.00000000E+00  0.10000000E+04  0.00000000E+00  0.12500000E+03 -0.31445138E-41  0.69999999E+00  0.10000000E+04
  0.42500000E+01  0.12500000E+01  0.00000000E+00  0.00000000E+00  0.10000066E+04  0.12864128E+02  0.12500000E+03  0.34267537E-05  0.69999999E+00  0.10000000E+04
  0.45000000E+01  0.20000000E+01  0.00000000E+00  0.00000000E+00  0.10000000E+04  0.00000000E+00  0.12500000E+03  0.30576332E-41  0.69999999E+00  0.10000000E+04
  0.42500000E+01  0.17500000E+01  0.00000000E+00  0.00000000E+00  0.10000031E+04  0.60811610E+01  0.12500000E+03 -0.35628464E-05  0.69999999E+00  0.10000000E+04
  0.50000000E+01  0.50000000E+00  0.00000000E+00  0.00000000E+00  0.10000000E+04  0.00000000E+00  0.12500000E+03  0.30548307E-42  0.69999999E+00  0.10000000E+04
  0.47500000E+01  0.25000000E+00  0.00000000E+00  0.00000000E+00  0.10000000E+04  0.00000000E+00  0.12500000E+03  0.42647958E-39  0.69999999E+00  0.10000000E+04
  0.50000000E+01  0.10000000E+01  0.00000000E+00  0.00000000E+00  0.10000000E+04  0.00000000E+00  0.12500000E+03  0.00000000E+00  0.69999999E+00  0.10000000E+04
  0.47500000E+01  0.75000000E+00  0.00000000E+00  0.00000000E+00  0.10000000E+04  0.00000000E+00  0.12500000E+03  0.37274539E-42  0.69999999E+00  0.10000000E+04
  0.50000000E+01  0.15000000E+01  0.00000000E+00  0.00000000E+00  0.10000000E+04  0.00000000E+00  0.12500000E+03 -0.22112490E-41  0.69999999E+00  0.10000000E+04
  0.47500000E+01  0.12500000E+01  0.00000000E+00  0.00000000E+00  0.10000000E+04  0.00000000E+00  0.12500000E+03 -0.21159607E-41  0.69999999E+00  0.10000000E+04
  0.50000000E+01  0.20000000E+01  0.00000000E+00  0.00000000E+00  0.10000000E+04  0.00000000E+00  0.12500000E+03  0.20879347E-41  0.69999999E+00  0.10000000E+04
  0.47500000E+01  0.17500000E+01  0.00000000E+00  0.00000000E+00  0.10000000E+04  0.00000000E+00  0.12500000E+03  0.00000000E+00  0.69999999E+00  0.10000000E+04
  0.26349165E+01  0.86533618E+00  0.31443715E+00 -0.42448154E+00  0.10049964E+04  0.99511436E+04  0.12576698E+03  0.12576674E+03  0.10000000E+01  0.00000000E+00
  0.84773171E+00  0.11294621E+01 -0.67438014E-01  0.75858378E+00  0.10073909E+04  0.14826617E+05  0.12561582E+03  0.12561256E+03  0.10000000E+01  0.00000000E+00
  0.16387682E+01  0.92265344E+00  0.40001637E+00  0.38750142E+00  0.10102234E+04  0.20684318E+05  0.12546356E+03  0.12546333E+03  0.10000000E+01  0.00000000E+00
  0.17920961E+01  0.15861056E+01  0.13331345E+01  0.43865120E+00  0.10056703E+04  0.11316194E+05  0.12531018E+03  0.12531027E+03  0.10000000E+01  0.00000000E+00
  0.27767344E+01  0.14765362E+01  0.27617522E-01 -0.24294816E+00  0.99964514E+03 -0.69554559E+03  0.12515567E+03  0.12515567E+03  0.10000000E+01  0.00000000E+00
  0.23105469E+01  0.15115876E+01 -0.41728216E+00 -0.25269076E+00  0.10028048E+04  0.55494517E+04  0.12500000E+03  0.12500000E+03  0.10000000E+01  0.00000000E+00
  0.27936091E+01  0.96010017E+00 -0.15268052E+00 -0.17658557E+00  0.10040278E+04  0.79987642E+04  0.12576698E+03  0.12575461E+03  0.10000000E+01  0.00000000E+00
  0.88744199E+00  0.11056488E+01 -0.11036558E+00 -0.43621302E+00  0.10081382E+04  0.16362515E+05  0.12561582E+03  0.12560624E+03  0.10000000E+01  0.00000000E+00
  0.10633111E+01  0.87402689E+00  0.30537385E+00 -0.61592913E+00  0.10100922E+04  0.20410709E+05  0.12546356E+03  0.12546037E+03  0.10000000E+01  0.00000000E+00
  0.26454561E+01  0.13263956E+01  0.12645168E+01 -0.17237085E+00  0.99973248E+03 -0.52442505E+03  0.12531018E+03  0.12531038E+03  0.10000000E+01  0.00000000E+00
  0.12121309E+01  0.85879874E+00 -0.34404856E+00 -0.25555164E+00  0.10114691E+04  0.23291395E+05  0.12515567E+03  0.12515535E+03  0.10000000E+01  0.00000000E+00
  0.66754055E+00  0.92935085E+00  0.34846005E+00 -0.75400251E+00  0.10090264E+04  0.18196662E+05  0.12500000E+03  0.12500000E+03  0.10000000E+01  0.00000000E+00
  0.20153949E+01  0.95258021E+00  0.38644472E+00  0.25540319E+00  0.10076183E+04  0.15293106E+05  0.12576698E+03  0.12575644E+03  0.10000000E+01  0.00000000E+00
  0.27472556E+01  0.90054250E+00 -0.22966710E+00 -0.26000416E+00  0.10042640E+04  0.84737432E+04  0.12561582E+03  0.12561059E+03  0.10000000E+01  0.00000000E+00
  0.27086535E+01  0.13681186E+01 -0.63691401E+00  0.15516934E+00  0.99946552E+03 -0.10469597E+04  0.12546356E+03  0.12546005E+03  0.10000000E+01  0.00000000E+00
  0.18516805E+01  0.97745872E+00 -0.93949950E+00 -0.10751888E+00  0.10069015E+04  0.13824350E+05  0.12531018E+03  0.12531018E+03  0.10000000E+01  0.00000000E+00
  0.29531436E+01  0.90187514E+00  0.13928920E+00  0.46229315E+00  0.10059277E+04  0.11838986E+05  0.12515567E+03  0.12515553E+03  0.10000000E+01  0.00000000E+00
  0.11483436E+01  0.16975422E+01 -0.10356511E+00 -0.12152729E+01  0.10055657E+04  0.11104062E+05  0.12500000E+03  0.12499989E+03  0.10000000E+01  0.00000000E+00
  0.10088038E+01  0.14866430E+01 -0.12244073E+00 -0.59007078E+00  0.10063517E+04  0.12702050E+05  0.12576698E+03  0.12576566E+03  0.10000000E+01  0.00000000E+00
  0.26708975E+01  0.86989677E+00 -0.10926220E+01 -0.24678871E+00  0.10044005E+04  0.87485830E+04  0.12561582E+03  0.12561228E+03  0.10000000E+01  0.00000000E+00
  0.15768712E+01  0.12547059E+01  0.44840360E+00 -0.16194701E+00  0.10079139E+04  0.15900464E+05  0.12546356E+03  0.12546202E+03  0.10000000E+01  0.00000000E+00
  0.20855763E+01  0.10163963E+01  0.47041953E+00  0.11701010E+00  0.10069156E+04  0.13853113E+05  0.12531018E+03  0.12530890E+03  0.10000000E+01  0.00000000E+00
  0.14221786E+01  0.19597068E+01  0.15815296E+01 -0.40226150E+00  0.10073716E+04  0.14787018E+05  0.12515567E+03  0.12515567E+03  0.10000000E+01  0.00000000E+00
  0.13407314E+01  0.81779504E+00 -0.16784585E+00 -0.27409457E-01  0.10127856E+04  0.26068211E+05  0.12500000E+03  0.12500012E+03  0.10000000E+01  0.00000000E+00
  0.10556905E+01  0.16374018E+01  0.45698285E+00 -0.62618273E+00  0.10053902E+04  0.10748064E+05  0.12561582E+03  0.12561399E+03  0.10000000E+01  0.00000000E+00
  0.12808422E+01  0.20365138E+01  0.19367461E+01 -0.34341925E+00  0.10048229E+04  0.96006865E+04  0.12531018E+03  0.12531004E+03  0.10000000E+01  0.00000000E+00
  0.19435475E+01  0.18122082E+01 -0.40578347E+00  0.14729080E+01  0.10059193E+04  0.11821781E+05  0.12500000E+03  0.12500000E+03  0.10000000E+01  0.00000000E+00
