  0.00000000E+00  0.00000000E+00  0.00000000E+00  0.00000000E+00  0.10036193E+04  0.71786626E+04  0.12500000E+03  0.11627721E-02  0.69999999E+00  0.99999866E+03
  0.00000000E+00  0.50000000E+00  0.00000000E+00  0.00000000E+00  0.10028466E+04  0.56329487E+04  0.12500000E+03  0.65935281E-03  0.69999999E+00  0.99999927E+03
  0.00000000E+00  0.10000000E+01  0.00000000E+00  0.00000000E+00  0.10238540E+04  0.50287176E+05  0.12500000E+03  0.14203475E-02  0.69999999E+00  0.99999835E+03
  0.00000000E+00  0.15000000E+01  0.00000000E+00  0.00000000E+00  0.10228741E+04  0.48078855E+05  0.12500000E+03  0.44712279E-03  0.69999999E+00  0.99999945E+03
  0.00000000E+00  0.20000000E+01  0.00000000E+00  0.00000000E+00  0.10059073E+04  0.11797550E+05  0.12500000E+03 -0.31668277E-03  0.69999999E+00  0.10000004E+04
  0.00000000E+00  0.25000000E+01  0.00000000E+00  0.00000000E+00  0.10002466E+04  0.48403955E+03  0.12500000E+03  0.71152863E-04  0.69999999E+00  0.99999994E+03
  0.00000000E+00  0.30000000E+01  0.00000000E+00  0.00000000E+00  0.10000000E+04  0.00000000E+00  0.12500000E+03  0.00000000E+00  0.69999999E+00  0.10000000E+04
  0.00000000E+00  0.35000000E+01  0.00000000E+00  0.00000000E+00  0.10000000E+04  0.00000000E+00  0.12500000E+03  0.00000000E+00  0.69999999E+00  0.10000000E+04
  0.00000000E+00  0.40000000E+01  0.00000000E+00  0.00000000E+00  0.10000000E+04  0.00000000E+00  0.12500000E+03  0.00000000E+00  0.69999999E+00  0.10000000E+04
 -0.25000000E+00 -0.25000000E+00  0.00000000E+00  0.00000000E+00  0.10004004E+04  0.78657629E+03  0.12500000E+03  0.38268606E-03  0.69999999E+00  0.99999957E+03
 -0.25000000E+00  0.25000000E+00  0.00000000E+00  0.00000000E+00  0.10021626E+04  0.42706001E+04  0.12500000E+03  0.48072549E-03  0.69999999E+00  0.99999945E+03
 -0.25000000E+00  0.75000000E+00  0.00000000E+00  0.00000000E+00  0.10015209E+04  0.29976003E+04  0.12500000E+03 -0.30752672E-04  0.69999999E+00  0.10000001E+04
 -0.25000000E+00  0.12500000E+01  0.00000000E+00  0.00000000E+00  0.10107238E+04  0.21729025E+05  0.12500000E+03  0.44816936E-03  0.69999999E+00  0.99999951E+03
 -0.25000000E+00  0.17500000E+01  0.00000000E+00  0.00000000E+00  0.10001616E+04  0.31730682E+03  0.12500000E+03 -0.10675416E-03  0.69999999E+00  0.10000001E+04
 -0.25000000E+00  0.22500000E+01  0.00000000E+00  0.00000000E+00  0.10004730E+04  0.92938812E+03  0.12500000E+03 -0.62706749E-04  0.69999999E+00  0.10000001E+04
 -0.25000000E+00  0.27500000E+01  0.00000000E+00  0.00000000E+00  0.10000000E+04  0.00000000E+00  0.12500000E+03  0.00000000E+00  0.69999999E+00  0.10000000E+04
 -0.25000000E+00  0.32500000E+01  0.00000000E+00  0.00000000E+00  0.10000000E+04  0.00000000E+00  0.12500000E+03  0.00000000E+00  0.69999999E+00  0.10000000E+04
 -0.25000000E+00  0.37500000E+01  0.00000000E+00  0.00000000E+00  0.10000000E+04  0.00000000E+00  0.12500000E+03  0.00000000E+00  0.69999999E+00  0.10000000E+04
  0.80000000E+01  0.00000000E+00  0.00000000E+00  0.00000000E+00  0.10000000E+04  0.00000000E+00  0.12500000E+03  0.00000000E+00  0.69999999E+00  0.10000000E+04
  0.80000000E+01  0.50000000E+00  0.00000000E+00  0.00000000E+00  0.10000000E+04  0.00000000E+00  0.12500000E+03  0.00000000E+00  0.69999999E+00  0.10000000E+04
  0.80000000E+01  0.10000000E+01  0.00000000E+00  0.00000000E+00  0.10000000E+04  0.00000000E+00  0.12500000E+03  0.00000000E+00  0.69999999E+00  0.10000000E+04
  0.80000000E+01  0.15000000E+01  0.00000000E+00  0.00000000E+00  0.10000000E+04  0.00000000E+00  0.12500000E+03  0.00000000E+00  0.69999999E+00  0.10000000E+04
  0.80000000E+01  0.20000000E+01  0.00000000E+00  0.00000000E+00  0.10000000E+04  0.00000000E+00  0.12500000E+03  0.00000000E+00  0.69999999E+00  0.10000000E+04
  0.80000000E+01  0.25000000E+01  0.00000000E+00  0.00000000E+00  0.10000000E+04  0.00000000E+00  0.12500000E+03  0.00000000E+00  0.69999999E+00  0.10000000E+04
  0.80000000E+01  0.30000000E+01  0.00000000E+00  0.00000000E+00  0.10000000E+04  0.00000000E+00  0.12500000E+03  0.00000000E+00  0.69999999E+00  0.10000000E+04
  0.80000000E+01  0.35000000E+01  0.00000000E+00  0.00000000E+00  0.10000000E+04  0.00000000E+00  0.12500000E+03  0.00000000E+00  0.69999999E+00  0.10000000E+04
  0.80000000E+01  0.40000000E+01  0.00000000E+00  0.00000000E+00  0.10000000E+04  0.00000000E+00  0.12500000E+03  0.00000000E+00  0.69999999E+00  0.10000000E+04
  0.82500000E+01 -0.25000000E+00  0.00000000E+00  0.00000000E+00  0.10000000E+04  0.00000000E+00  0.12500000E+03  0.00000000E+00  0.69999999E+00  0.10000000E+04
  0.82500000E+01  0.25000000E+00  0.00000000E+00  0.00000000E+00  0.10000000E+04  0.00000000E+00  0.12500000E+03  0.00000000E+00  0.69999999E+00  0.10000000E+04
  0.82500000E+01  0.75000000E+00  0.00000000E+00  0.00000000E+00  0.10000000E+04  0.00000000E+00  0.12500000E+03  0.00000000E+00  0.69999999E+00  0.10000000E+04
  0.82500000E+01  0.12500000E+01  0.00000000E+00  0.00000000E+00  0.10000000E+04  0.00000000E+00  0.12500000E+03  0.00000000E+00  0.69999999E+00  0.10000000E+04
  0.82500000E+01  0.17500000E+01  0.00000000E+00  0.00000000E+00  0.10000000E+04  0.00000000E+00  0.12500000E+03  0.00000000E+00  0.69999999E+00  0.10000000E+04
  0.82500000E+01  0.22500000E+01  0.00000000E+00  0.00000000E+00  0.10000000E+04  0.00000000E+00  0.12500000E+03  0.00000000E+00  0.69999999E+00  0.10000000E+04
  0.82500000E+01  0.27500000E+01  0.00000000E+00  0.00000000E+00  0.10000000E+04  0.00000000E+00  0.12500000E+03  0.00000000E+00  0.69999999E+00  0.10000000E+04
  0.82500000E+01  0.32500000E+01  0.00000000E+00  0.00000000E+00  0.10000000E+04  0.00000000E+00  0.12500000E+03  0.00000000E+00  0.69999999E+00  0.10000000E+04
  0.82500000E+01  0.37500000E+01  0.00000000E+00  0.00000000E+00  0.10000000E+04  0.00000000E+00  0.12500000E+03  0.00000000E+00  0.69999999E+00  0.10000000E+04
  0.50000000E+00  0.00000000E+00  0.00000000E+00  0.00000000E+00  0.10046266E+04  0.92044219E+04  0.12500000E+03  0.54296725E-02  0.69999999E+00  0.99999377E+03
  0.10000000E+01  0.00000000E+00  0.00000000E+00  0.00000000E+00  0.99812830E+03 -0.36517292E+04  0.12500000E+03  0.19141211E-02  0.69999999E+00  0.99999780E+03
  0.15000000E+01  0.00000000E+00  0.00000000E+00  0.00000000E+00  0.99742004E+03 -0.50228086E+04  0.12500000E+03  0.86028790E-02  0.69999999E+00  0.99999023E+03
  0.20000000E+01  0.00000000E+00  0.00000000E+00  0.00000000E+00  0.10077529E+04  0.15569580E+05  0.12500000E+03  0.93612280E-02  0.69999999E+00  0.99998926E+03
  0.25000000E+01  0.00000000E+00  0.00000000E+00  0.00000000E+00  0.10213145E+04  0.44590156E+05  0.12500000E+03  0.26585197E-03  0.69999999E+00  0.99999969E+03
  0.30000000E+01  0.00000000E+00  0.00000000E+00  0.00000000E+00  0.10241699E+04  0.51001812E+05  0.12500000E+03  0.14466352E-02  0.69999999E+00  0.99999829E+03
  0.35000000E+01  0.00000000E+00  0.00000000E+00  0.00000000E+00  0.10094205E+04  0.19013688E+05  0.12500000E+03  0.55651338E-03  0.69999999E+00  0.99999939E+03
  0.40000000E+01  0.00000000E+00  0.00000000E+00  0.00000000E+00  0.10000134E+04  0.26430483E+02  0.12500000E+03 -0.27363869E-04  0.69999999E+00  0.10000001E+04
  0.45000000E+01  0.00000000E+00  0.00000000E+00  0.00000000E+00  0.10000000E+04  0.00000000E+00  0.12500000E+03  0.00000000E+00  0.69999999E+00  0.10000000E+04
  0.50000000E+01  0.00000000E+00  0.00000000E+00  0.00000000E+00  0.10000000E+04  0.00000000E+00  0.12500000E+03  0.00000000E+00  0.69999999E+00  0.10000000E+04
  0.55000000E+01  0.00000000E+00  0.00000000E+00  0.00000000E+00  0.10000000E+04  0.00000000E+00  0.12500000E+03  0.00000000E+00  0.69999999E+00  0.10000000E+04
  0.60000000E+01  0.00000000E+00  0.00000000E+00  0.00000000E+00  0.10000000E+04  0.00000000E+00  0.12500000E+03  0.00000000E+00  0.69999999E+00  0.10000000E+04
  0.65000000E+01  0.00000000E+00  0.00000000E+00  0.00000000E+00  0.10000000E+04  0.00000000E+00  0.12500000E+03  0.00000000E+00  0.69999999E+00  0.10000000E+04
  0.70000000E+01  0.00000000E+00  0.00000000E+00  0.00000000E+00  0.10000000E+04  0.00000000E+00  0.12500000E+03  0.00000000E+00  0.69999999E+00  0.10000000E+04
  0.75000000E+01  0.00000000E+00  0.00000000E+00  0.00000000E+00  0.10000000E+04  0.00000000E+00  0.12500000E+03  0.00000000E+00  0.69999999E+00  0.10000000E+04
  0.25000000E+00 -0.25000000E+00  0.00000000E+00  0.00000000E+00  0.10025116E+04  0.49650854E+04  0.12500000E+03  0.17743034E-02  0.69999999E+00  0.99999799E+03
  0.75000000E+00 -0.25000000E+00  0.00000000E+00  0.00000000E+00  0.10058438E+04  0.11668428E+05  0.12500000E+03  0.40769731E-02  0.69999999E+00  0.99999530E+03
  0.12500000E+01 -0.25000000E+00  0.00000000E+00  0.00000000E+00  0.10125117E+04  0.25488887E+05  0.12500000E+03  0.30888245E-02  0.69999999E+00  0.99999646E+03
  0.17500000E+01 -0.25000000E+00  0.00000000E+00  0.00000000E+00  0.10057822E+04  0.11543471E+05  0.12500000E+03  0.46012588E-02  0.69999999E+00  0.99999469E+03
  0.22500000E+01 -0.25000000E+00  0.00000000E+00  0.00000000E+00  0.10112483E+04  0.22828111E+05  0.12500000E+03  0.39409483E-02  0.69999999E+00  0.99999542E+03
  0.27500000E+01 -0.25000000E+00  0.00000000E+00  0.00000000E+00  0.10026543E+04  0.52494175E+04  0.12500000E+03  0.48324344E-03  0.69999999E+00  0.99999945E+03
  0.32500000E+01 -0.25000000E+00  0.00000000E+00  0.00000000E+00  0.99989526E+03 -0.20540662E+03  0.12500000E+03  0.60848315E-03  0.69999999E+00  0.99999933E+03
  0.37500000E+01 -0.25000000E+00  0.00000000E+00  0.00000000E+00  0.10000013E+04  0.25727851E+01  0.12500000E+03 -0.58653721E-04  0.69999999E+00  0.10000001E+04
  0.42500000E+01 -0.25000000E+00  0.00000000E+00  0.00000000E+00  0.10000000E+04  0.00000000E+00  0.12500000E+03  0.00000000E+00  0.69999999E+00  0.10000000E+04
  0.47500000E+01 -0.25000000E+00  0.00000000E+00  0.00000000E+00  0.10000000E+04  0.00000000E+00  0.12500000E+03  0.00000000E+00  0.69999999E+00  0.10000000E+04
  0.52500000E+01 -0.25000000E+00  0.00000000E+00  0.00000000E+00  0.10000000E+04  0.00000000E+00  0.12500000E+03  0.00000000E+00  0.69999999E+00  0.10000000E+04
  0.57500000E+01 -0.25000000E+00  0.00000000E+00  0.00000000E+00  0.10000000E+04  0.00000000E+00  0.12500000E+03  0.00000000E+00  0.69999999E+00  0.10000000E+04
  0.62500000E+01 -0.25000000E+00  0.00000000E+00  0.00000000E+00  0.10000000E+04  0.00000000E+00  0.12500000E+03  0.00000000E+00  0.69999999E+00  0.10000000E+04
  0.67500000E+01 -0.25000000E+00  0.00000000E+00  0.00000000E+00  0.10000000E+04  0.00000000E+00  0.12500000E+03  0.00000000E+00  0.69999999E+00  0.10000000E+04
  0.72500000E+01 -0.25000000E+00  0.00000000E+00  0.00000000E+00  0.10000000E+04  0.00000000E+00  0.12500000E+03  0.00000000E+00  0.69999999E+00  0.10000000E+04
  0.77500000E+01 -0.25000000E+00  0.00000000E+00  0.00000000E+00  0.10000000E+04  0.00000000E+00  0.12500000E+03  0.00000000E+00  0.69999999E+00  0.10000000E+04
  0.40000000E+01  0.50000000E+00  0.00000000E+00  0.00000000E+00  0.10033950E+04  0.67291401E+04  0.12500000E+03 -0.75236385E-04  0.69999999E+00  0.10000001E+04
  0.37500000E+01  0.25000000E+00  0.00000000E+00  0.00000000E+00  0.10087814E+04  0.17689518E+05  0.12500000E+03 -0.26234367E-03  0.69999999E+00  0.10000003E+04
  0.40000000E+01  0.10000000E+01  0.00000000E+00  0.00000000E+00  0.10083156E+04  0.16727832E+05  0.12500000E+03  0.10930662E-04  0.69999999E+00  0.10000000E+04
  0.37500000E+01  0.75000000E+00  0.00000000E+00  0.00000000E+00  0.10608888E+04  0.14364016E+06  0.12500000E+03  0.11702545E-03  0.69999999E+00  0.99999988E+03
  0.40000000E+01  0.15000000E+01  0.00000000E+00  0.00000000E+00  0.10013424E+04  0.26444507E+04  0.12500000E+03  0.85885666E-04  0.69999999E+00  0.99999988E+03
  0.37500000E+01  0.12500000E+01  0.00000000E+00  0.00000000E+00  0.10430437E+04  0.96174070E+05  0.12500000E+03  0.25969555E-03  0.69999999E+00  0.99999969E+03
  0.40000000E+01  0.20000000E+01  0.00000000E+00  0.00000000E+00  0.10000315E+04  0.61752430E+02  0.12500000E+03  0.20776821E-04  0.69999999E+00  0.10000000E+04
  0.37500000E+01  0.17500000E+01  0.00000000E+00  0.00000000E+00  0.10032147E+04  0.63684302E+04  0.12500000E+03  0.24014553E-03  0.69999999E+00  0.99999969E+03
  0.45000000E+01  0.50000000E+00  0.00000000E+00  0.00000000E+00  0.10000000E+04  0.00000000E+00  0.12500000E+03  0.00000000E+00  0.69999999E+00  0.10000000E+04
  0.42500000E+01  0.25000000E+00  0.00000000E+00  0.00000000E+00  0.10000018E+04  0.35083482E+01  0.12500000E+03 -0.74084828E-05  0.69999999E+00  0.10000000E+04
  0.45000000E+01  0.10000000E+01  0.00000000E+00  0.00000000E+00  0.10000000E+04  0.00000000E+00  0.12500000E+03  0.00000000E+00  0.69999999E+00  0.10000000E+04
  0.42500000E+01  0.75000000E+00  0.00000000E+00  0.00000000E+00  0.10001404E+04  0.27563690E+03  0.12500000E+03 -0.59805875E-05  0.69999999E+00  0.10000000E+04
  0.45000000E+01  0.15000000E+01  0.00000000E+00  0.00000000E+00  0.10000000E+04  0.00000000E+00  0.12500000E+03  0.00000000E+00  0.69999999E+00  0.10000000E+04
  0.42500000E+01  0.12500000E+01  0.00000000E+00  0.00000000E+00  0.10000105E+04  0.20582848E+02  0.12500000E+03  0.95631494E-05  0.69999999E+00  0.10000000E+04
  0.45000000E+01  0.20000000E+01  0.00000000E+00  0.00000000E+00  0.10000000E+04  0.00000000E+00  0.12500000E+03  0.00000000E+00  0.69999999E+00  0.10000000E+04
  0.42500000E+01  0.17500000E+01  0.00000000E+00  0.00000000E+00  0.10000000E+04  0.00000000E+00  0.12500000E+03  0.00000000E+00  0.69999999E+00  0.10000000E+04
  0.50000000E+01  0.50000000E+00  0.00000000E+00  0.00000000E+00  0.10000000E+04  0.00000000E+00  0.12500000E+03  0.00000000E+00  0.69999999E+00  0.10000000E+04
  0.47500000E+01  0.25000000E+00  0.00000000E+00  0.00000000E+00  0.10000000E+04  0.00000000E+00  0.12500000E+03  0.00000000E+00  0.69999999E+00  0.10000000E+04
  0.50000000E+01  0.10000000E+01  0.00000000E+00  0.00000000E+00  0.10000000E+04  0.00000000E+00  0.12500000E+03  0.00000000E+00  0.69999999E+00  0.10000000E+04
  0.47500000E+01  0.75000000E+00  0.00000000E+00  0.00000000E+00  0.10000000E+04  0.00000000E+00  0.12500000E+03  0.00000000E+00  0.69999999E+00  0.10000000E+04
  0.50000000E+01  0.15000000E+01  0.00000000E+00  0.00000000E+00  0.10000000E+04  0.00000000E+00  0.12500000E+03  0.00000000E+00  0.69999999E+00  0.10000000E+04
  0.47500000E+01  0.12500000E+01  0.00000000E+00  0.00000000E+00  0.10000000E+04  0.00000000E+00  0.12500000E+03  0.00000000E+00  0.69999999E+00  0.10000000E+04
  0.50000000E+01  0.20000000E+01  0.00000000E+00  0.00000000E+00  0.10000000E+04  0.00000000E+00  0.12500000E+03  0.00000000E+00  0.69999999E+00  0.10000000E+04
  0.47500000E+01  0.17500000E+01  0.00000000E+00  0.00000000E+00  0.10000000E+04  0.00000000E+00  0.12500000E+03  0.00000000E+00  0.69999999E+00  0.10000000E+04
  0.72580230E+00  0.26197049E+00 -0.72899914E+00  0.20636129E+00  0.99423999E+03 -0.11107728E+05  0.12576698E+03  0.12576698E+03  0.10000000E+01  0.00000000E+00
  0.57817912E+00  0.55956125E+00  0.44953233E+00  0.28129455E+00  0.10026129E+04  0.51667295E+04  0.12561582E+03  0.12561256E+03  0.10000000E+01  0.00000000E+00
  0.60082638E+00  0.65559781E+00 -0.86760387E-01  0.16983792E+00  0.10055703E+04  0.11113251E+05  0.12546356E+03  0.12546356E+03  0.10000000E+01  0.00000000E+00
  0.90610403E+00  0.85366011E+00 -0.20559868E+00  0.61860394E+00  0.10023556E+04  0.46544277E+04  0.12531018E+03  0.12531018E+03  0.10000000E+01  0.00000000E+00
  0.12213937E+01  0.10233619E+01 -0.61063415E+00 -0.16887420E+00  0.10056033E+04  0.11180240E+05  0.12515567E+03  0.12515567E+03  0.10000000E+01  0.00000000E+00
  0.17769036E+01  0.14045568E+01  0.13431935E+01 -0.74164286E-01  0.10061201E+04  0.12230334E+05  0.12500000E+03  0.12500000E+03  0.10000000E+01  0.00000000E+00
  0.13599808E+01  0.17099243E+00 -0.11878173E+00 -0.20405477E+00  0.99915369E+03 -0.16562823E+04  0.12576698E+03  0.12575993E+03  0.10000000E+01  0.00000000E+00
  0.10186933E+01  0.46669745E+00 -0.21869203E+00  0.21294957E+00  0.99807111E+03 -0.37626062E+04  0.12561582E+03  0.12560978E+03  0.10000000E+01  0.00000000E+00
  0.14232576E+01  0.55715084E+00 -0.15088013E+00 -0.66274667E+00  0.10048918E+04  0.97398623E+04  0.12546356E+03  0.12546310E+03  0.10000000E+01  0.00000000E+00
  0.11033777E+01  0.76408875E+00 -0.96077657E+00  0.67112163E-01  0.10050320E+04  0.10023206E+05  0.12531018E+03  0.12531018E+03  0.10000000E+01  0.00000000E+00
  0.16517947E+01  0.10234017E+01 -0.24340180E+00 -0.12628958E+01  0.10034550E+04  0.68494634E+04  0.12515567E+03  0.12515567E+03  0.10000000E+01  0.00000000E+00
  0.14254767E+01  0.12729878E+01 -0.44643977E+00 -0.10846506E+01  0.10070806E+04  0.14190646E+05  0.12500000E+03  0.12500000E+03  0.10000000E+01  0.00000000E+00
  0.20273302E+01  0.28773406E+00  0.20908076E+00 -0.38750368E+00  0.99872186E+03 -0.24981584E+04  0.12576698E+03  0.12576094E+03  0.10000000E+01  0.00000000E+00
  0.18682766E+01  0.51551402E+00  0.83284891E+00  0.99557862E-02  0.10028951E+04  0.57297925E+04  0.12561582E+03  0.12561089E+03  0.10000000E+01  0.00000000E+00
  0.25038586E+01  0.61179221E+00  0.89830112E+00 -0.10817204E+01  0.10049438E+04  0.98446426E+04  0.12546356E+03  0.12546335E+03  0.10000000E+01  0.00000000E+00
  0.19149692E+01  0.77603436E+00  0.66602284E+00  0.25365718E-01  0.10017923E+04  0.35354802E+04  0.12531018E+03  0.12531018E+03  0.10000000E+01  0.00000000E+00
  0.23050280E+01  0.10645049E+01  0.13037951E+01 -0.56450534E+00  0.10038114E+04  0.75639351E+04  0.12515567E+03  0.12515567E+03  0.10000000E+01  0.00000000E+00
  0.19516802E+01  0.14835062E+01  0.46090841E+00  0.39515781E+00  0.10022491E+04  0.44426631E+04  0.12500000E+03  0.12500000E+03  0.10000000E+01  0.00000000E+00
  0.19323044E+01  0.54292107E+00 -0.12296809E+01  0.12828076E+00  0.10007992E+04  0.15717537E+04  0.12576698E+03  0.12576698E+03  0.10000000E+01  0.00000000E+00
  0.23966122E+01  0.57649451E+00 -0.10807531E+01  0.74137086E+00  0.10037993E+04  0.75397681E+04  0.12561582E+03  0.12561236E+03  0.10000000E+01  0.00000000E+00
  0.28668604E+01  0.69658875E+00 -0.64057350E+00  0.11624721E+01  0.10148329E+04  0.30429555E+05  0.12546356E+03  0.12546202E+03  0.10000000E+01  0.00000000E+00
  0.27429447E+01  0.68353546E+00  0.44014555E+00 -0.11000955E+01  0.10082531E+04  0.16599055E+05  0.12531018E+03  0.12531018E+03  0.10000000E+01  0.00000000E+00
  0.27993374E+01  0.11124582E+01  0.43151581E+00  0.96924925E+00  0.10088359E+04  0.17802426E+05  0.12515567E+03  0.12515567E+03  0.10000000E+01  0.00000000E+00
  0.24973164E+01  0.14397867E+01  0.10318531E+01 -0.80956411E+00  0.10063464E+04  0.12691360E+05  0.12500000E+03  0.12500000E+03  0.10000000E+01  0.00000000E+00
  0.22418451E+01  0.13535550E+01 -0.15345378E+01  0.86362022E+00  0.99993787E+03 -0.12183327E+03  0.12561582E+03  0.12561399E+03  0.10000000E+01  0.00000000E+00
  0.30520411E+01  0.93891907E+00 -0.84231031E+00  0.13132380E+01  0.10201167E+04  0.41932379E+05  0.12531018E+03  0.12531018E+03  0.10000000E+01  0.00000000E+00
  0.23643990E+01  0.18065069E+01 -0.98368788E+00  0.20660615E+00  0.10062958E+04  0.12588128E+05  0.12500000E+03  0.12500000E+03  0.10000000E+01  0.00000000E+00
