  0.00000000E+00  0.00000000E+00  0.00000000E+00  0.00000000E+00  0.10022139E+04  0.43725000E+04  0.12500000E+03  0.23269223E-02  0.69999999E+00  0.99999731E+03
  0.00000000E+00  0.50000000E+00  0.00000000E+00  0.00000000E+00  0.10198392E+04  0.41319535E+05  0.12500000E+03  0.27463026E-02  0.69999999E+00  0.99999683E+03
  0.00000000E+00  0.10000000E+01  0.00000000E+00  0.00000000E+00  0.10279126E+04  0.59569816E+05  0.12500000E+03  0.33242598E-02  0.69999999E+00  0.99999609E+03
  0.00000000E+00  0.15000000E+01  0.00000000E+00  0.00000000E+00  0.10254778E+04  0.53974516E+05  0.12500000E+03  0.10901410E-02  0.69999999E+00  0.99999872E+03
  0.00000000E+00  0.20000000E+01  0.00000000E+00  0.00000000E+00  0.10173168E+04  0.35792480E+05  0.12500000E+03 -0.13749965E-02  0.69999999E+00  0.10000016E+04
  0.00000000E+00  0.25000000E+01  0.00000000E+00  0.00000000E+00  0.10030736E+04  0.60862402E+04  0.12500000E+03  0.33517432E-03  0.69999999E+00  0.99999963E+03
  0.00000000E+00  0.30000000E+01  0.00000000E+00  0.00000000E+00  0.10000000E+04  0.00000000E+00  0.12500000E+03  0.60528782E-05  0.69999999E+00  0.10000000E+04
  0.00000000E+00  0.35000000E+01  0.00000000E+00  0.00000000E+00  0.10000000E+04  0.00000000E+00  0.12500000E+03  0.00000000E+00  0.69999999E+00  0.10000000E+04
  0.00000000E+00  0.40000000E+01  0.00000000E+00  0.00000000E+00  0.10000000E+04  0.00000000E+00  0.12500000E+03  0.00000000E+00  0.69999999E+00  0.10000000E+04
 -0.25000000E+00 -0.25000000E+00  0.00000000E+00  0.00000000E+00  0.10006414E+04  0.12607445E+04  0.12500000E+03  0.52005530E-03  0.69999999E+00  0.99999939E+03
 -0.25000000E+00  0.25000000E+00  0.00000000E+00  0.00000000E+00  0.10013517E+04  0.26628420E+04  0.12500000E+03  0.10134515E-02  0.69999999E+00  0.99999884E+03
 -0.25000000E+00  0.75000000E+00  0.00000000E+00  0.00000000E+00  0.10072982E+04  0.14636484E+05  0.12500000E+03  0.34277467E-03  0.69999999E+00  0.99999963E+03
 -0.25000000E+00  0.12500000E+01  0.00000000E+00  0.00000000E+00  0.10013875E+04  0.27335872E+04  0.12500000E+03  0.10386787E-02  0.69999999E+00  0.99999884E+03
 -0.25000000E+00  0.17500000E+01  0.00000000E+00  0.00000000E+00  0.10012028E+04  0.23682336E+04  0.12500000E+03 -0.33965014E-03  0.69999999E+00  0.10000004E+04
 -0.25000000E+00  0.22500000E+01  0.00000000E+00  0.00000000E+00  0.10012462E+04  0.24542319E+04  0.12500000E+03 -0.15003496E-03  0.69999999E+00  0.10000002E+04
 -0.25000000E+00  0.27500000E+01  0.00000000E+00  0.00000000E+00  0.10000000E+04  0.00000000E+00  0.12500000E+03  0.12611686E-41  0.69999999E+00  0.10000000E+04
 -0.25000000E+00  0.32500000E+01  0.00000000E+00  0.00000000E+00  0.10000000E+04  0.00000000E+00  0.12500000E+03  0.34191683E-42  0.69999999E+00  0.10000000E+04
 -0.25000000E+00  0.37500000E+01  0.00000000E+00  0.00000000E+00  0.10000000E+04  0.00000000E+00  0.12500000E+03  0.00000000E+00  0.69999999E+00  0.10000000E+04
  0.80000000E+01  0.00000000E+00  0.00000000E+00  0.00000000E+00  0.10000000E+04  0.00000000E+00  0.12500000E+03  0.00000000E+00  0.69999999E+00  0.10000000E+04
  0.80000000E+01  0.50000000E+00  0.00000000E+00  0.00000000E+00  0.10000000E+04  0.00000000E+00  0.12500000E+03  0.00000000E+00  0.69999999E+00  0.10000000E+04
  0.80000000E+01  0.10000000E+01  0.00000000E+00  0.00000000E+00  0.10000000E+04  0.00000000E+00  0.12500000E+03  0.00000000E+00  0.69999999E+00  0.10000000E+04
  0.80000000E+01  0.15000000E+01  0.00000000E+00  0.00000000E+00  0.10000000E+04  0.00000000E+00  0.12500000E+03  0.00000000E+00  0.69999999E+00  0.10000000E+04
  0.80000000E+01  0.20000000E+01  0.00000000E+00  0.00000000E+00  0.10000000E+04  0.00000000E+00  0.12500000E+03  0.00000000E+00  0.69999999E+00  0.10000000E+04
  0.80000000E+01  0.25000000E+01  0.00000000E+00  0.00000000E+00  0.10000000E+04  0.00000000E+00  0.12500000E+03  0.00000000E+00  0.69999999E+00  0.10000000E+04
  0.80000000E+01  0.30000000E+01  0.00000000E+00  0.00000000E+00  0.10000000E+04  0.00000000E+00  0.12500000E+03  0.00000000E+00  0.69999999E+00  0.10000000E+04
  0.80000000E+01  0.35000000E+01  0.00000000E+00  0.00000000E+00  0.10000000E+04  0.00000000E+00  0.12500000E+03  0.00000000E+00  0.69999999E+00  0.10000000E+04
  0.80000000E+01  0.40000000E+01  0.00000000E+00  0.00000000E+00  0.10000000E+04  0.00000000E+00  0.12500000E+03  0.00000000E+00  0.69999999E+00  0.10000000E+04
  0.82500000E+01 -0.25000000E+00  0.00000000E+00  0.00000000E+00  0.10000000E+04  0.00000000E+00  0.12500000E+03  0.00000000E+00  0.69999999E+00  0.10000000E+04
  0.82500000E+01  0.25000000E+00  0.00000000E+00  0.00000000E+00  0.10000000E+04  0.00000000E+00  0.12500000E+03  0.00000000E+00  0.69999999E+00  0.10000000E+04
  0.82500000E+01  0.75000000E+00  0.00000000E+00  0.00000000E+00  0.10000000E+04  0.00000000E+00  0.12500000E+03  0.00000000E+00  0.69999999E+00  0.10000000E+04
  0.82500000E+01  0.12500000E+01  0.00000000E+00  0.00000000E+00  0.10000000E+04  0.00000000E+00  0.12500000E+03  0.00000000E+00  0.69999999E+00  0.10000000E+04
  0.82500000E+01  0.17500000E+01  0.00000000E+00  0.00000000E+00  0.10000000E+04  0.00000000E+00  0.12500000E+03  0.00000000E+00  0.69999999E+00  0.10000000E+04
  0.82500000E+01  0.22500000E+01  0.00000000E+00  0.00000000E+00  0.10000000E+04  0.00000000E+00  0.12500000E+03  0.00000000E+00  0.69999999E+00  0.10000000E+04
  0.82500000E+01  0.27500000E+01  0.00000000E+00  0.00000000E+00  0.10000000E+04  0.00000000E+00  0.12500000E+03  0.00000000E+00  0.69999999E+00  0.10000000E+04
  0.82500000E+01  0.32500000E+01  0.00000000E+00  0.00000000E+00  0.10000000E+04  0.00000000E+00  0.12500000E+03  0.00000000E+00  0.69999999E+00  0.10000000E+04
  0.82500000E+01  0.37500000E+01  0.00000000E+00  0.00000000E+00  0.10000000E+04  0.00000000E+00  0.12500000E+03  0.00000000E+00  0.69999999E+00  0.10000000E+04
  0.50000000E+00  0.00000000E+00  0.00000000E+00  0.00000000E+00  0.10450599E+04  0.10129754E+06  0.12500000E+03  0.11599816E-01  0.69999999E+00  0.99998615E+03
  0.10000000E+01  0.00000000E+00  0.00000000E+00  0.00000000E+00  0.10628477E+04  0.14914983E+06  0.12500000E+03  0.65295757E-02  0.69999999E+00  0.99999207E+03
  0.15000000E+01  0.00000000E+00  0.00000000E+00  0.00000000E+00  0.10245398E+04  0.51840293E+05  0.12500000E+03  0.20573277E-01  0.69999999E+00  0.99997589E+03
  0.20000000E+01  0.00000000E+00  0.00000000E+00  0.00000000E+00  0.11361748E+04  0.40475603E+06  0.12500000E+03  0.23609864E-01  0.69999999E+00  0.99996936E+03
  0.25000000E+01  0.00000000E+00  0.00000000E+00  0.00000000E+00  0.10478768E+04  0.10855581E+06  0.12500000E+03  0.63441307E-02  0.69999999E+00  0.99999243E+03
  0.30000000E+01  0.00000000E+00  0.00000000E+00  0.00000000E+00  0.10453184E+04  0.10195859E+06  0.12500000E+03  0.80323201E-02  0.69999999E+00  0.99999042E+03
  0.35000000E+01  0.00000000E+00  0.00000000E+00  0.00000000E+00  0.10060200E+04  0.12026845E+05  0.12500000E+03  0.32288933E-02  0.69999999E+00  0.99999628E+03
  0.40000000E+01  0.00000000E+00  0.00000000E+00  0.00000000E+00  0.10000137E+04  0.26898298E+02  0.12500000E+03 -0.68247195E-04  0.69999999E+00  0.10000001E+04
  0.45000000E+01  0.00000000E+00  0.00000000E+00  0.00000000E+00  0.10000000E+04  0.00000000E+00  0.12500000E+03  0.40547972E-40  0.69999999E+00  0.10000000E+04
  0.50000000E+01  0.00000000E+00  0.00000000E+00  0.00000000E+00  0.10000000E+04  0.00000000E+00  0.12500000E+03 -0.00000000E+00  0.69999999E+00  0.10000000E+04
  0.55000000E+01  0.00000000E+00  0.00000000E+00  0.00000000E+00  0.10000000E+04  0.00000000E+00  0.12500000E+03  0.00000000E+00  0.69999999E+00  0.10000000E+04
  0.60000000E+01  0.00000000E+00  0.00000000E+00  0.00000000E+00  0.10000000E+04  0.00000000E+00  0.12500000E+03  0.00000000E+00  0.69999999E+00  0.10000000E+04
  0.65000000E+01  0.00000000E+00  0.00000000E+00  0.00000000E+00  0.10000000E+04  0.00000000E+00  0.12500000E+03  0.00000000E+00  0.69999999E+00  0.10000000E+04
  0.70000000E+01  0.00000000E+00  0.00000000E+00  0.00000000E+00  0.10000000E+04  0.00000000E+00  0.12500000E+03  0.00000000E+00  0.69999999E+00  0.10000000E+04
  0.75000000E+01  0.00000000E+00  0.00000000E+00  0.00000000E+00  0.10000000E+04  0.00000000E+00  0.12500000E+03  0.00000000E+00  0.69999999E+00  0.10000000E+04
  0.25000000E+00 -0.25000000E+00  0.00000000E+00  0.00000000E+00  0.10058915E+04  0.11765325E+05  0.12500000E+03  0.31709173E-02  0.69999999E+00  0.99999634E+03
  0.75000000E+00 -0.25000000E+00  0.00000000E+00  0.00000000E+00  0.10267256E+04  0.56831938E+05  0.12500000E+03  0.83563756E-02  0.69999999E+00  0.99999017E+03
  0.12500000E+01 -0.25000000E+00  0.00000000E+00  0.00000000E+00  0.10100104E+04  0.20240090E+05  0.12500000E+03  0.67647882E-02  0.69999999E+00  0.99999219E+03
  0.17500000E+01 -0.25000000E+00  0.00000000E+00  0.00000000E+00  0.10145908E+04  0.29911277E+05  0.12500000E+03  0.10262368E-01  0.69999999E+00  0.99998810E+03
  0.22500000E+01 -0.25000000E+00  0.00000000E+00  0.00000000E+00  0.10015608E+04  0.30766802E+04  0.12500000E+03  0.10059444E-01  0.69999999E+00  0.99998846E+03
  0.27500000E+01 -0.25000000E+00  0.00000000E+00  0.00000000E+00  0.10041088E+04  0.81614907E+04  0.12500000E+03  0.41999333E-02  0.69999999E+00  0.99999518E+03
  0.32500000E+01 -0.25000000E+00  0.00000000E+00  0.00000000E+00  0.10008044E+04  0.15820944E+04  0.12500000E+03  0.29148469E-02  0.69999999E+00  0.99999664E+03
  0.37500000E+01 -0.25000000E+00  0.00000000E+00  0.00000000E+00  0.10000070E+04  0.13565822E+02  0.12500000E+03 -0.15635355E-03  0.69999999E+00  0.10000002E+04
  0.42500000E+01 -0.25000000E+00  0.00000000E+00  0.00000000E+00  0.10000000E+04  0.00000000E+00  0.12500000E+03 -0.17533368E-36  0.69999999E+00  0.10000000E+04
  0.47500000E+01 -0.25000000E+00  0.00000000E+00  0.00000000E+00  0.10000000E+04  0.00000000E+00  0.12500000E+03 -0.78116784E-40  0.69999999E+00  0.10000000E+04
  0.52500000E+01 -0.25000000E+00  0.00000000E+00  0.00000000E+00  0.10000000E+04  0.00000000E+00  0.12500000E+03  0.00000000E+00  0.69999999E+00  0.10000000E+04
  0.57500000E+01 -0.25000000E+00  0.00000000E+00  0.00000000E+00  0.10000000E+04  0.00000000E+00  0.12500000E+03  0.00000000E+00  0.69999999E+00  0.10000000E+04
  0.62500000E+01 -0.25000000E+00  0.00000000E+00  0.00000000E+00  0.10000000E+04  0.00000000E+00  0.12500000E+03  0.00000000E+00  0.69999999E+00  0.10000000E+04
  0.67500000E+01 -0.25000000E+00  0.00000000E+00  0.00000000E+00  0.10000000E+04  0.00000000E+00  0.12500000E+03  0.00000000E+00  0.69999999E+00  0.10000000E+04
  0.72500000E+01 -0.25000000E+00  0.00000000E+00  0.00000000E+00  0.10000000E+04  0.00000000E+00  0.12500000E+03  0.00000000E+00  0.69999999E+00  0.10000000E+04
  0.77500000E+01 -0.25000000E+00  0.00000000E+00  0.00000000E+00  0.10000000E+04  0.00000000E+00  0.12500000E+03  0.00000000E+00  0.69999999E+00  0.10000000E+04
  0.40000000E+01  0.50000000E+00  0.00000000E+00  0.00000000E+00  0.10012007E+04  0.23642288E+04  0.12500000E+03 -0.25382685E-03  0.69999999E+00  0.10000003E+04
  0.37500000E+01  0.25000000E+00  0.00000000E+00  0.00000000E+00  0.10053182E+04  0.10602438E+05  0.12500000E+03 -0.13985122E-02  0.69999999E+00  0.10000016E+04
  0.40000000E+01  0.10000000E+01  0.00000000E+00  0.00000000E+00  0.10032188E+04  0.63765371E+04  0.12500000E+03 -0.12345190E-03  0.69999999E+00  0.10000001E+04
  0.37500000E+01  0.75000000E+00  0.00000000E+00  0.00000000E+00  0.10451321E+04  0.10148191E+06  0.12500000E+03  0.88639010E-03  0.69999999E+00  0.99999896E+03
  0.40000000E+01  0.15000000E+01  0.00000000E+00  0.00000000E+00  0.10012098E+04  0.23823687E+04  0.12500000E+03  0.33140281E-03  0.69999999E+00  0.99999963E+03
  0.37500000E+01  0.12500000E+01  0.00000000E+00  0.00000000E+00  0.10450836E+04  0.10135818E+06  0.12500000E+03  0.77903498E-03  0.69999999E+00  0.99999908E+03
  0.40000000E+01  0.20000000E+01  0.00000000E+00  0.00000000E+00  0.10010675E+04  0.21011924E+04  0.12500000E+03  0.29105460E-03  0.69999999E+00  0.99999969E+03
  0.37500000E+01  0.17500000E+01  0.00000000E+00  0.00000000E+00  0.10303174E+04  0.65174691E+05  0.12500000E+03  0.15898258E-02  0.69999999E+00  0.99999811E+03
  0.45000000E+01  0.50000000E+00  0.00000000E+00  0.00000000E+00  0.10000000E+04  0.00000000E+00  0.12500000E+03  0.23053602E-39  0.69999999E+00  0.10000000E+04
  0.42500000E+01  0.25000000E+00  0.00000000E+00  0.00000000E+00  0.10000018E+04  0.35083482E+01  0.12500000E+03 -0.74084828E-05  0.69999999E+00  0.10000000E+04
  0.45000000E+01  0.10000000E+01  0.00000000E+00  0.00000000E+00  0.10000000E+04  0.00000000E+00  0.12500000E+03 -0.00000000E+00  0.69999999E+00  0.10000000E+04
  0.42500000E+01  0.75000000E+00  0.00000000E+00  0.00000000E+00  0.10000944E+04  0.18529227E+03  0.12500000E+03 -0.10442676E-04  0.69999999E+00  0.10000000E+04
  0.45000000E+01  0.15000000E+01  0.00000000E+00  0.00000000E+00  0.10000000E+04  0.00000000E+00  0.12500000E+03 -0.29987787E-42  0.69999999E+00  0.10000000E+04
  0.42500000E+01  0.12500000E+01  0.00000000E+00  0.00000000E+00  0.10000066E+04  0.12864128E+02  0.12500000E+03  0.34267537E-05  0.69999999E+00  0.10000000E+04
  0.45000000E+01  0.20000000E+01  0.00000000E+00  0.00000000E+00  0.10000000E+04  0.00000000E+00  0.12500000E+03  0.29987787E-42  0.69999999E+00  0.10000000E+04
  0.42500000E+01  0.17500000E+01  0.00000000E+00  0.00000000E+00  0.10000031E+04  0.60811610E+01  0.12500000E+03 -0.35628464E-05  0.69999999E+00  0.10000000E+04
  0.50000000E+01  0.50000000E+00  0.00000000E+00  0.00000000E+00  0.10000000E+04  0.00000000E+00  0.12500000E+03  0.00000000E+00  0.69999999E+00  0.10000000E+04
  0.47500000E+01  0.25000000E+00  0.00000000E+00  0.00000000E+00  0.10000000E+04  0.00000000E+00  0.12500000E+03  0.77208743E-40  0.69999999E+00  0.10000000E+04
  0.50000000E+01  0.10000000E+01  0.00000000E+00  0.00000000E+00  0.10000000E+04  0.00000000E+00  0.12500000E+03  0.00000000E+00  0.69999999E+00  0.10000000E+04
  0.47500000E+01  0.75000000E+00  0.00000000E+00  0.00000000E+00  0.10000000E+04  0.00000000E+00  0.12500000E+03  0.00000000E+00  0.69999999E+00  0.10000000E+04
  0.50000000E+01  0.15000000E+01  0.00000000E+00  0.00000000E+00  0.10000000E+04  0.00000000E+00  0.12500000E+03 -0.16535322E-42  0.69999999E+00  0.10000000E+04
  0.47500000E+01  0.12500000E+01  0.00000000E+00  0.00000000E+00  0.10000000E+04  0.00000000E+00  0.12500000E+03 -0.13452465E-42  0.69999999E+00  0.10000000E+04
  0.50000000E+01  0.20000000E+01  0.00000000E+00  0.00000000E+00  0.10000000E+04  0.00000000E+00  0.12500000E+03  0.13172206E-42  0.69999999E+00  0.10000000E+04
  0.47500000E+01  0.17500000E+01  0.00000000E+00  0.00000000E+00  0.10000000E+04  0.00000000E+00  0.12500000E+03  0.00000000E+00  0.69999999E+00  0.10000000E+04
  0.25020845E+01  0.91027820E+00 -0.15202516E+00  0.27893463E+00  0.10070554E+04  0.14139166E+05  0.12576698E+03  0.12576674E+03  0.10000000E+01  0.00000000E+00
  0.12265025E+01  0.85851848E+00 -0.70672405E+00  0.44982898E+00  0.10057401E+04  0.11457771E+05  0.12561582E+03  0.12561256E+03  0.10000000E+01  0.00000000E+00
  0.16838918E+01  0.10201148E+01 -0.29687226E+00 -0.52707046E+00  0.10029481E+04  0.58354731E+04  0.12546356E+03  0.12546333E+03  0.10000000E+01  0.00000000E+00
  0.17916982E+01  0.18145385E+01 -0.12064342E+01 -0.71661258E+00  0.10012051E+04  0.23729453E+04  0.12531018E+03  0.12531027E+03  0.10000000E+01  0.00000000E+00
  0.26656499E+01  0.15739514E+01  0.99680245E+00 -0.42963797E+00  0.10000812E+04  0.15931696E+03  0.12515567E+03  0.12515567E+03  0.10000000E+01  0.00000000E+00
  0.28574853E+01  0.14914324E+01 -0.12656161E+00  0.45220578E+00  0.10018979E+04  0.37450103E+04  0.12500000E+03  0.12500000E+03  0.10000000E+01  0.00000000E+00
  0.26950264E+01  0.88167846E+00  0.61609066E+00  0.15987828E+00  0.10026912E+04  0.53230933E+04  0.12576698E+03  0.12575461E+03  0.10000000E+01  0.00000000E+00
  0.10575897E+01  0.92486513E+00 -0.89916414E+00  0.80494052E+00  0.10011000E+04  0.21652249E+04  0.12561582E+03  0.12560624E+03  0.10000000E+01  0.00000000E+00
  0.90741909E+00  0.10816121E+01  0.79552881E-01  0.19621533E+00  0.99899060E+03 -0.19744648E+04  0.12546356E+03  0.12546037E+03  0.10000000E+01  0.00000000E+00
  0.24934714E+01  0.13535215E+01  0.14812756E+00 -0.24527022E+00  0.99643719E+03 -0.69159570E+04  0.12531018E+03  0.12531038E+03  0.10000000E+01  0.00000000E+00
  0.13043293E+01  0.87166369E+00  0.44682151E+00  0.76078355E+00  0.10083132E+04  0.16722916E+05  0.12515567E+03  0.12515535E+03  0.10000000E+01  0.00000000E+00
  0.71294129E+00  0.80166137E+00  0.68468034E+00  0.64542389E+00  0.10181277E+04  0.37560230E+05  0.12500000E+03  0.12500000E+03  0.10000000E+01  0.00000000E+00
  0.20011432E+01  0.11193732E+01  0.49303037E+00 -0.99548392E-01  0.10012158E+04  0.23941484E+04  0.12576698E+03  0.12575644E+03  0.10000000E+01  0.00000000E+00
  0.27378318E+01  0.88374245E+00 -0.93243323E-01 -0.93224630E-01  0.99975854E+03 -0.47339838E+03  0.12561582E+03  0.12561089E+03  0.10000000E+01  0.00000000E+00
  0.29125767E+01  0.11764683E+01 -0.23718171E+00  0.24702799E+00  0.10113000E+04  0.22936682E+05  0.12546356E+03  0.12546005E+03  0.10000000E+01  0.00000000E+00
  0.21802380E+01  0.14291328E+01  0.29806063E+00 -0.17438090E+01  0.99159711E+03 -0.16076629E+05  0.12531018E+03  0.12531018E+03  0.10000000E+01  0.00000000E+00
  0.29347539E+01  0.79720736E+00 -0.80793506E+00 -0.47641772E+00  0.10112292E+04  0.22788094E+05  0.12515567E+03  0.12515553E+03  0.10000000E+01  0.00000000E+00
  0.16094768E+01  0.15824208E+01 -0.16047146E+01  0.87712550E+00  0.99208209E+03 -0.15170704E+05  0.12500000E+03  0.12499989E+03  0.10000000E+01  0.00000000E+00
  0.84757340E+00  0.12311047E+01  0.10560566E+01  0.12568219E+01  0.10020320E+04  0.40112524E+04  0.12576698E+03  0.12576566E+03  0.10000000E+01  0.00000000E+00
  0.27792397E+01  0.91821206E+00  0.10945799E+01  0.82103884E+00  0.99344641E+03 -0.12608087E+05  0.12561582E+03  0.12561245E+03  0.10000000E+01  0.00000000E+00
  0.17938013E+01  0.14971223E+01 -0.18085706E+01 -0.12017586E+01  0.99277368E+03 -0.13874402E+05  0.12546356E+03  0.12546202E+03  0.10000000E+01  0.00000000E+00
  0.22305739E+01  0.93705177E+00  0.40107614E+00 -0.56150270E+00  0.10029675E+04  0.58742783E+04  0.12531018E+03  0.12530890E+03  0.10000000E+01  0.00000000E+00
  0.11207615E+01  0.15817611E+01  0.42194265E+00  0.16428136E+01  0.10064030E+04  0.12806532E+05  0.12515567E+03  0.12515567E+03  0.10000000E+01  0.00000000E+00
  0.16723812E+01  0.96386397E+00 -0.56180108E+00 -0.59234059E+00  0.99967877E+03 -0.62960596E+03  0.12500000E+03  0.12500012E+03  0.10000000E+01  0.00000000E+00
  0.90816009E+00  0.13437359E+01  0.45689863E+00  0.70995164E+00  0.10030220E+04  0.59833389E+04  0.12561582E+03  0.12561399E+03  0.10000000E+01  0.00000000E+00
  0.16722436E+01  0.19144628E+01 -0.24737723E+01 -0.29530495E+00  0.10080627E+04  0.16206875E+05  0.12531018E+03  0.12531004E+03  0.10000000E+01  0.00000000E+00
  0.25027506E+01  0.18683450E+01 -0.58744788E+00 -0.47818655E+00  0.10017292E+04  0.34102039E+04  0.12500000E+03  0.12500000E+03  0.10000000E+01  0.00000000E+00
