  0.00000000E+00  0.00000000E+00  0.00000000E+00  0.00000000E+00  0.10044741E+04  0.88970176E+04  0.12500000E+03  0.54988865E-03  0.69999999E+00  0.99999939E+03
  0.00000000E+00  0.50000000E+00  0.00000000E+00  0.00000000E+00  0.10016643E+04  0.32816677E+04  0.12500000E+03  0.46030054E-03  0.69999999E+00  0.99999945E+03
  0.00000000E+00  0.10000000E+01  0.00000000E+00  0.00000000E+00  0.10411910E+04  0.91518023E+05  0.12500000E+03  0.76174998E-03  0.69999999E+00  0.99999908E+03
  0.00000000E+00  0.15000000E+01  0.00000000E+00  0.00000000E+00  0.10148527E+04  0.30471969E+05  0.12500000E+03  0.13535806E-03  0.69999999E+00  0.99999982E+03
  0.00000000E+00  0.20000000E+01  0.00000000E+00  0.00000000E+00  0.10084971E+04  0.17102393E+05  0.12500000E+03 -0.27356434E-03  0.69999999E+00  0.10000003E+04
  0.00000000E+00  0.25000000E+01  0.00000000E+00  0.00000000E+00  0.10002466E+04  0.48403955E+03  0.12500000E+03  0.71152863E-04  0.69999999E+00  0.99999994E+03
  0.00000000E+00  0.30000000E+01  0.00000000E+00  0.00000000E+00  0.10000000E+04  0.00000000E+00  0.12500000E+03  0.00000000E+00  0.69999999E+00  0.10000000E+04
  0.00000000E+00  0.35000000E+01  0.00000000E+00  0.00000000E+00  0.10000000E+04  0.00000000E+00  0.12500000E+03  0.00000000E+00  0.69999999E+00  0.10000000E+04
  0.00000000E+00  0.40000000E+01  0.00000000E+00  0.00000000E+00  0.10000000E+04  0.00000000E+00  0.12500000E+03  0.00000000E+00  0.69999999E+00  0.10000000E+04
 -0.25000000E+00 -0.25000000E+00  0.00000000E+00  0.00000000E+00  0.10003881E+04  0.76219427E+03  0.12500000E+03  0.15260041E-03  0.69999999E+00  0.99999982E+03
 -0.25000000E+00  0.25000000E+00  0.00000000E+00  0.00000000E+00  0.10031243E+04  0.61875059E+04  0.12500000E+03  0.24913327E-03  0.69999999E+00  0.99999969E+03
 -0.25000000E+00  0.75000000E+00  0.00000000E+00  0.00000000E+00  0.10001555E+04  0.30536716E+03  0.12500000E+03  0.86958367E-04  0.69999999E+00  0.99999988E+03
 -0.25000000E+00  0.12500000E+01  0.00000000E+00  0.00000000E+00  0.10168942E+04  0.34874523E+05  0.12500000E+03  0.22075343E-03  0.69999999E+00  0.99999976E+03
 -0.25000000E+00  0.17500000E+01  0.00000000E+00  0.00000000E+00  0.10001495E+04  0.29342792E+03  0.12500000E+03 -0.10168999E-03  0.69999999E+00  0.10000001E+04
 -0.25000000E+00  0.22500000E+01  0.00000000E+00  0.00000000E+00  0.10004730E+04  0.92938812E+03  0.12500000E+03 -0.62706749E-04  0.69999999E+00  0.10000001E+04
 -0.25000000E+00  0.27500000E+01  0.00000000E+00  0.00000000E+00  0.10000000E+04  0.00000000E+00  0.12500000E+03  0.00000000E+00  0.69999999E+00  0.10000000E+04
 -0.25000000E+00  0.32500000E+01  0.00000000E+00  0.00000000E+00  0.10000000E+04  0.00000000E+00  0.12500000E+03  0.00000000E+00  0.69999999E+00  0.10000000E+04
 -0.25000000E+00  0.37500000E+01  0.00000000E+00  0.00000000E+00  0.10000000E+04  0.00000000E+00  0.12500000E+03  0.00000000E+00  0.69999999E+00  0.10000000E+04
  0.80000000E+01  0.00000000E+00  0.00000000E+00  0.00000000E+00  0.10000000E+04  0.00000000E+00  0.12500000E+03  0.00000000E+00  0.69999999E+00  0.10000000E+04
  0.80000000E+01  0.50000000E+00  0.00000000E+00  0.00000000E+00  0.10000000E+04  0.00000000E+00  0.12500000E+03  0.00000000E+00  0.69999999E+00  0.10000000E+04
  0.80000000E+01  0.10000000E+01  0.00000000E+00  0.00000000E+00  0.10000000E+04  0.00000000E+00  0.12500000E+03  0.00000000E+00  0.69999999E+00  0.10000000E+04
  0.80000000E+01  0.15000000E+01  0.00000000E+00  0.00000000E+00  0.10000000E+04  0.00000000E+00  0.12500000E+03  0.00000000E+00  0.69999999E+00  0.10000000E+04
  0.80000000E+01  0.20000000E+01  0.00000000E+00  0.00000000E+00  0.10000000E+04  0.00000000E+00  0.12500000E+03  0.00000000E+00  0.69999999E+00  0.10000000E+04
  0.80000000E+01  0.25000000E+01  0.00000000E+00  0.00000000E+00  0.10000000E+04  0.00000000E+00  0.12500000E+03  0.00000000E+00  0.69999999E+00  0.10000000E+04
  0.80000000E+01  0.30000000E+01  0.00000000E+00  0.00000000E+00  0.10000000E+04  0.00000000E+00  0.12500000E+03  0.00000000E+00  0.69999999E+00  0.10000000E+04
  0.80000000E+01  0.35000000E+01  0.00000000E+00  0.00000000E+00  0.10000000E+04  0.00000000E+00  0.12500000E+03  0.00000000E+00  0.69999999E+00  0.10000000E+04
  0.80000000E+01  0.40000000E+01  0.00000000E+00  0.00000000E+00  0.10000000E+04  0.00000000E+00  0.12500000E+03  0.00000000E+00  0.69999999E+00  0.10000000E+04
  0.82500000E+01 -0.25000000E+00  0.00000000E+00  0.00000000E+00  0.10000000E+04  0.00000000E+00  0.12500000E+03  0.00000000E+00  0.69999999E+00  0.10000000E+04
  0.82500000E+01  0.25000000E+00  0.00000000E+00  0.00000000E+00  0.10000000E+04  0.00000000E+00  0.12500000E+03  0.00000000E+00  0.69999999E+00  0.10000000E+04
  0.82500000E+01  0.75000000E+00  0.00000000E+00  0.00000000E+00  0.10000000E+04  0.00000000E+00  0.12500000E+03  0.00000000E+00  0.69999999E+00  0.10000000E+04
  0.82500000E+01  0.12500000E+01  0.00000000E+00  0.00000000E+00  0.10000000E+04  0.00000000E+00  0.12500000E+03  0.00000000E+00  0.69999999E+00  0.10000000E+04
  0.82500000E+01  0.17500000E+01  0.00000000E+00  0.00000000E+00  0.10000000E+04  0.00000000E+00  0.12500000E+03  0.00000000E+00  0.69999999E+00  0.10000000E+04
  0.82500000E+01  0.22500000E+01  0.00000000E+00  0.00000000E+00  0.10000000E+04  0.00000000E+00  0.12500000E+03  0.00000000E+00  0.69999999E+00  0.10000000E+04
  0.82500000E+01  0.27500000E+01  0.00000000E+00  0.00000000E+00  0.10000000E+04  0.00000000E+00  0.12500000E+03  0.00000000E+00  0.69999999E+00  0.10000000E+04
  0.82500000E+01  0.32500000E+01  0.00000000E+00  0.00000000E+00  0.10000000E+04  0.00000000E+00  0.12500000E+03  0.00000000E+00  0.69999999E+00  0.10000000E+04
  0.82500000E+01  0.37500000E+01  0.00000000E+00  0.00000000E+00  0.10000000E+04  0.00000000E+00  0.12500000E+03  0.00000000E+00  0.69999999E+00  0.10000000E+04
  0.50000000E+00  0.00000000E+00  0.00000000E+00  0.00000000E+00  0.10117177E+04  0.23814223E+05  0.12500000E+03  0.25314037E-02  0.69999999E+00  0.99999707E+03
  0.10000000E+01  0.00000000E+00  0.00000000E+00  0.00000000E+00  0.10033995E+04  0.67382104E+04  0.12500000E+03  0.12524257E-02  0.69999999E+00  0.99999860E+03
  0.15000000E+01  0.00000000E+00  0.00000000E+00  0.00000000E+00  0.10066962E+04  0.13404882E+05  0.12500000E+03  0.36858201E-02  0.69999999E+00  0.99999579E+03
  0.20000000E+01  0.00000000E+00  0.00000000E+00  0.00000000E+00  0.10068435E+04  0.13705668E+05  0.12500000E+03  0.41226172E-02  0.69999999E+00  0.99999524E+03
  0.25000000E+01  0.00000000E+00  0.00000000E+00  0.00000000E+00  0.99722681E+03 -0.53958940E+04  0.12500000E+03 -0.62047818E-03  0.69999999E+00  0.10000007E+04
  0.30000000E+01  0.00000000E+00  0.00000000E+00  0.00000000E+00  0.10186556E+04  0.38715824E+05  0.12500000E+03  0.38763165E-03  0.69999999E+00  0.99999957E+03
  0.35000000E+01  0.00000000E+00  0.00000000E+00  0.00000000E+00  0.10213601E+04  0.44691832E+05  0.12500000E+03  0.16579518E-03  0.69999999E+00  0.99999982E+03
  0.40000000E+01  0.00000000E+00  0.00000000E+00  0.00000000E+00  0.10001267E+04  0.24871815E+03  0.12500000E+03 -0.14934609E-04  0.69999999E+00  0.10000000E+04
  0.45000000E+01  0.00000000E+00  0.00000000E+00  0.00000000E+00  0.10000000E+04  0.00000000E+00  0.12500000E+03  0.00000000E+00  0.69999999E+00  0.10000000E+04
  0.50000000E+01  0.00000000E+00  0.00000000E+00  0.00000000E+00  0.10000000E+04  0.00000000E+00  0.12500000E+03  0.00000000E+00  0.69999999E+00  0.10000000E+04
  0.55000000E+01  0.00000000E+00  0.00000000E+00  0.00000000E+00  0.10000000E+04  0.00000000E+00  0.12500000E+03  0.00000000E+00  0.69999999E+00  0.10000000E+04
  0.60000000E+01  0.00000000E+00  0.00000000E+00  0.00000000E+00  0.10000000E+04  0.00000000E+00  0.12500000E+03  0.00000000E+00  0.69999999E+00  0.10000000E+04
  0.65000000E+01  0.00000000E+00  0.00000000E+00  0.00000000E+00  0.10000000E+04  0.00000000E+00  0.12500000E+03  0.00000000E+00  0.69999999E+00  0.10000000E+04
  0.70000000E+01  0.00000000E+00  0.00000000E+00  0.00000000E+00  0.10000000E+04  0.00000000E+00  0.12500000E+03  0.00000000E+00  0.69999999E+00  0.10000000E+04
  0.75000000E+01  0.00000000E+00  0.00000000E+00  0.00000000E+00  0.10000000E+04  0.00000000E+00  0.12500000E+03  0.00000000E+00  0.69999999E+00  0.10000000E+04
  0.25000000E+00 -0.25000000E+00  0.00000000E+00  0.00000000E+00  0.10033088E+04  0.65568477E+04  0.12500000E+03  0.80916233E-03  0.69999999E+00  0.99999908E+03
  0.75000000E+00 -0.25000000E+00  0.00000000E+00  0.00000000E+00  0.10102300E+04  0.20697744E+05  0.12500000E+03  0.18788598E-02  0.69999999E+00  0.99999786E+03
  0.12500000E+01 -0.25000000E+00  0.00000000E+00  0.00000000E+00  0.10116172E+04  0.23602844E+05  0.12500000E+03  0.15149867E-02  0.69999999E+00  0.99999823E+03
  0.17500000E+01 -0.25000000E+00  0.00000000E+00  0.00000000E+00  0.10026188E+04  0.51786084E+04  0.12500000E+03  0.21952779E-02  0.69999999E+00  0.99999750E+03
  0.22500000E+01 -0.25000000E+00  0.00000000E+00  0.00000000E+00  0.10289745E+04  0.62035133E+05  0.12500000E+03  0.18852681E-02  0.69999999E+00  0.99999780E+03
  0.27500000E+01 -0.25000000E+00  0.00000000E+00  0.00000000E+00  0.10075167E+04  0.15084612E+05  0.12500000E+03 -0.18535786E-04  0.69999999E+00  0.10000000E+04
  0.32500000E+01 -0.25000000E+00  0.00000000E+00  0.00000000E+00  0.10000505E+04  0.99183815E+02  0.12500000E+03  0.15576046E-03  0.69999999E+00  0.99999982E+03
  0.37500000E+01 -0.25000000E+00  0.00000000E+00  0.00000000E+00  0.10000720E+04  0.14129926E+03  0.12500000E+03 -0.20247773E-04  0.69999999E+00  0.10000000E+04
  0.42500000E+01 -0.25000000E+00  0.00000000E+00  0.00000000E+00  0.10000000E+04  0.00000000E+00  0.12500000E+03  0.00000000E+00  0.69999999E+00  0.10000000E+04
  0.47500000E+01 -0.25000000E+00  0.00000000E+00  0.00000000E+00  0.10000000E+04  0.00000000E+00  0.12500000E+03  0.00000000E+00  0.69999999E+00  0.10000000E+04
  0.52500000E+01 -0.25000000E+00  0.00000000E+00  0.00000000E+00  0.10000000E+04  0.00000000E+00  0.12500000E+03  0.00000000E+00  0.69999999E+00  0.10000000E+04
  0.57500000E+01 -0.25000000E+00  0.00000000E+00  0.00000000E+00  0.10000000E+04  0.00000000E+00  0.12500000E+03  0.00000000E+00  0.69999999E+00  0.10000000E+04
  0.62500000E+01 -0.25000000E+00  0.00000000E+00  0.00000000E+00  0.10000000E+04  0.00000000E+00  0.12500000E+03  0.00000000E+00  0.69999999E+00  0.10000000E+04
  0.67500000E+01 -0.25000000E+00  0.00000000E+00  0.00000000E+00  0.10000000E+04  0.00000000E+00  0.12500000E+03  0.00000000E+00  0.69999999E+00  0.10000000E+04
  0.72500000E+01 -0.25000000E+00  0.00000000E+00  0.00000000E+00  0.10000000E+04  0.00000000E+00  0.12500000E+03  0.00000000E+00  0.69999999E+00  0.10000000E+04
  0.77500000E+01 -0.25000000E+00  0.00000000E+00  0.00000000E+00  0.10000000E+04  0.00000000E+00  0.12500000E+03  0.00000000E+00  0.69999999E+00  0.10000000E+04
  0.40000000E+01  0.50000000E+00  0.00000000E+00  0.00000000E+00  0.10085862E+04  0.17286256E+05  0.12500000E+03 -0.17057922E-04  0.69999999E+00  0.10000000E+04
  0.37500000E+01  0.25000000E+00  0.00000000E+00  0.00000000E+00  0.10251351E+04  0.53193574E+05  0.12500000E+03 -0.86107939E-04  0.69999999E+00  0.10000001E+04
  0.40000000E+01  0.10000000E+01  0.00000000E+00  0.00000000E+00  0.10098086E+04  0.19819982E+05  0.12500000E+03  0.87877488E-05  0.69999999E+00  0.10000000E+04
  0.37500000E+01  0.75000000E+00  0.00000000E+00  0.00000000E+00  0.10836287E+04  0.21148689E+06  0.12500000E+03  0.45715475E-04  0.69999999E+00  0.99999994E+03
  0.40000000E+01  0.15000000E+01  0.00000000E+00  0.00000000E+00  0.10019366E+04  0.38219028E+04  0.12500000E+03  0.20711137E-04  0.69999999E+00  0.10000000E+04
  0.37500000E+01  0.12500000E+01  0.00000000E+00  0.00000000E+00  0.10553033E+04  0.12826139E+06  0.12500000E+03  0.81051607E-04  0.69999999E+00  0.99999988E+03
  0.40000000E+01  0.20000000E+01  0.00000000E+00  0.00000000E+00  0.10000009E+04  0.16372246E+01  0.12500000E+03  0.18921512E-05  0.69999999E+00  0.10000000E+04
  0.37500000E+01  0.17500000E+01  0.00000000E+00  0.00000000E+00  0.10107031E+04  0.21685891E+05  0.12500000E+03  0.58374797E-04  0.69999999E+00  0.99999994E+03
  0.45000000E+01  0.50000000E+00  0.00000000E+00  0.00000000E+00  0.10000000E+04  0.00000000E+00  0.12500000E+03  0.00000000E+00  0.69999999E+00  0.10000000E+04
  0.42500000E+01  0.25000000E+00  0.00000000E+00  0.00000000E+00  0.10000002E+04  0.46777758E+00  0.12500000E+03 -0.52379764E-05  0.69999999E+00  0.10000000E+04
  0.45000000E+01  0.10000000E+01  0.00000000E+00  0.00000000E+00  0.10000000E+04  0.00000000E+00  0.12500000E+03  0.00000000E+00  0.69999999E+00  0.10000000E+04
  0.42500000E+01  0.75000000E+00  0.00000000E+00  0.00000000E+00  0.10002063E+04  0.40511194E+03  0.12500000E+03 -0.57433317E-06  0.69999999E+00  0.10000000E+04
  0.45000000E+01  0.15000000E+01  0.00000000E+00  0.00000000E+00  0.10000000E+04  0.00000000E+00  0.12500000E+03  0.00000000E+00  0.69999999E+00  0.10000000E+04
  0.42500000E+01  0.12500000E+01  0.00000000E+00  0.00000000E+00  0.10000006E+04  0.11694453E+01  0.12500000E+03  0.36922806E-05  0.69999999E+00  0.10000000E+04
  0.45000000E+01  0.20000000E+01  0.00000000E+00  0.00000000E+00  0.10000000E+04  0.00000000E+00  0.12500000E+03  0.00000000E+00  0.69999999E+00  0.10000000E+04
  0.42500000E+01  0.17500000E+01  0.00000000E+00  0.00000000E+00  0.10000000E+04  0.00000000E+00  0.12500000E+03  0.00000000E+00  0.69999999E+00  0.10000000E+04
  0.50000000E+01  0.50000000E+00  0.00000000E+00  0.00000000E+00  0.10000000E+04  0.00000000E+00  0.12500000E+03  0.00000000E+00  0.69999999E+00  0.10000000E+04
  0.47500000E+01  0.25000000E+00  0.00000000E+00  0.00000000E+00  0.10000000E+04  0.00000000E+00  0.12500000E+03  0.00000000E+00  0.69999999E+00  0.10000000E+04
  0.50000000E+01  0.10000000E+01  0.00000000E+00  0.00000000E+00  0.10000000E+04  0.00000000E+00  0.12500000E+03  0.00000000E+00  0.69999999E+00  0.10000000E+04
  0.47500000E+01  0.75000000E+00  0.00000000E+00  0.00000000E+00  0.10000000E+04  0.00000000E+00  0.12500000E+03  0.00000000E+00  0.69999999E+00  0.10000000E+04
  0.50000000E+01  0.15000000E+01  0.00000000E+00  0.00000000E+00  0.10000000E+04  0.00000000E+00  0.12500000E+03  0.00000000E+00  0.69999999E+00  0.10000000E+04
  0.47500000E+01  0.12500000E+01  0.00000000E+00  0.00000000E+00  0.10000000E+04  0.00000000E+00  0.12500000E+03  0.00000000E+00  0.69999999E+00  0.10000000E+04
  0.50000000E+01  0.20000000E+01  0.00000000E+00  0.00000000E+00  0.10000000E+04  0.00000000E+00  0.12500000E+03  0.00000000E+00  0.69999999E+00  0.10000000E+04
  0.47500000E+01  0.17500000E+01  0.00000000E+00  0.00000000E+00  0.10000000E+04  0.00000000E+00  0.12500000E+03  0.00000000E+00  0.69999999E+00  0.10000000E+04
  0.73295140E+00  0.24253353E+00 -0.24702646E+00  0.77521533E-01  0.99842389E+03 -0.30777751E+04  0.12576698E+03  0.12576698E+03  0.10000000E+01  0.00000000E+00
  0.50652003E+00  0.51568687E+00 -0.49516074E-01  0.11818729E+00  0.10058119E+04  0.11603764E+05  0.12561582E+03  0.12561346E+03  0.10000000E+01  0.00000000E+00
  0.72989213E+00  0.69888902E+00 -0.39117712E+00 -0.29860643E+00  0.10018982E+04  0.37454834E+04  0.12546356E+03  0.12546356E+03  0.10000000E+01  0.00000000E+00
  0.67315716E+00  0.90275693E+00  0.17133030E+01 -0.11898999E+01  0.10052821E+04  0.10529285E+05  0.12531018E+03  0.12531018E+03  0.10000000E+01  0.00000000E+00
  0.88051629E+00  0.12244713E+01  0.10312431E+01 -0.18026231E+00  0.99414728E+03 -0.11283332E+05  0.12515567E+03  0.12515567E+03  0.10000000E+01  0.00000000E+00
  0.82721925E+00  0.13520772E+01  0.27248931E+01 -0.29838286E-01  0.10101990E+04  0.20633109E+05  0.12500000E+03  0.12500000E+03  0.10000000E+01  0.00000000E+00
  0.12965949E+01  0.21482438E+00  0.34290624E+00 -0.30199477E+00  0.10103425E+04  0.20932516E+05  0.12576698E+03  0.12576439E+03  0.10000000E+01  0.00000000E+00
  0.10450386E+01  0.46607071E+00  0.12218371E+00 -0.69927797E-03  0.10057791E+04  0.11537175E+05  0.12561582E+03  0.12561323E+03  0.10000000E+01  0.00000000E+00
  0.13619833E+01  0.65231514E+00  0.36805993E+00 -0.52704144E+00  0.10149904E+04  0.30767471E+05  0.12546356E+03  0.12546356E+03  0.10000000E+01  0.00000000E+00
  0.11035360E+01  0.91854382E+00  0.29937401E-01 -0.15734053E+00  0.10070045E+04  0.14035008E+05  0.12531018E+03  0.12531018E+03  0.10000000E+01  0.00000000E+00
  0.14020376E+01  0.11686151E+01  0.66168028E+00  0.37197131E+00  0.10001841E+04  0.36155765E+03  0.12515567E+03  0.12515567E+03  0.10000000E+01  0.00000000E+00
  0.11126534E+01  0.14639902E+01  0.42788261E+00  0.31041291E+00  0.99900214E+03 -0.19519139E+04  0.12500000E+03  0.12500000E+03  0.10000000E+01  0.00000000E+00
  0.18681862E+01  0.25151154E+00  0.47966540E+00  0.16731066E+00  0.10003568E+04  0.70077838E+03  0.12576698E+03  0.12576439E+03  0.10000000E+01  0.00000000E+00
  0.16043336E+01  0.46843761E+00  0.28959954E+00 -0.18297163E+00  0.10108696E+04  0.22034359E+05  0.12561582E+03  0.12561323E+03  0.10000000E+01  0.00000000E+00
  0.19504070E+01  0.68931842E+00  0.81925690E+00 -0.13162902E+00  0.10039050E+04  0.77518291E+04  0.12546356E+03  0.12546356E+03  0.10000000E+01  0.00000000E+00
  0.16256716E+01  0.88857067E+00  0.43293828E+00 -0.40021971E+00  0.10065549E+04  0.13116279E+05  0.12531018E+03  0.12531018E+03  0.10000000E+01  0.00000000E+00
  0.18658926E+01  0.10730247E+01  0.37786797E+00 -0.13289818E+00  0.10039262E+04  0.77944492E+04  0.12515567E+03  0.12515567E+03  0.10000000E+01  0.00000000E+00
  0.16209614E+01  0.13751192E+01  0.61013424E+00  0.35760087E+00  0.10001318E+04  0.25878317E+03  0.12500000E+03  0.12500000E+03  0.10000000E+01  0.00000000E+00
  0.22359157E+01  0.35554066E+00 -0.13623933E+01  0.12034211E+01  0.99954095E+03 -0.89946558E+03  0.12576698E+03  0.12576698E+03  0.10000000E+01  0.00000000E+00
  0.22880759E+01  0.51264036E+00  0.12935412E+01  0.25268689E-01  0.99405249E+03 -0.11462900E+05  0.12561582E+03  0.12561581E+03  0.10000000E+01  0.00000000E+00
  0.27125101E+01  0.63828647E+00  0.41092259E+00 -0.79816282E+00  0.10042371E+04  0.84197617E+04  0.12546356E+03  0.12546356E+03  0.10000000E+01  0.00000000E+00
  0.23080201E+01  0.82470250E+00  0.12839690E+01 -0.30353677E+00  0.10107026E+04  0.21684895E+05  0.12531018E+03  0.12531018E+03  0.10000000E+01  0.00000000E+00
  0.26257181E+01  0.10157084E+01  0.14644113E+01  0.50528049E+00  0.10086591E+04  0.17436961E+05  0.12515567E+03  0.12515567E+03  0.10000000E+01  0.00000000E+00
  0.20849123E+01  0.12407496E+01  0.22458561E+00  0.75787783E-01  0.10072562E+04  0.14550494E+05  0.12500000E+03  0.12500000E+03  0.10000000E+01  0.00000000E+00
  0.27595425E+01  0.78861046E+00 -0.70883262E+00  0.22060792E+01  0.10107458E+04  0.21775408E+05  0.12561582E+03  0.12561399E+03  0.10000000E+01  0.00000000E+00
  0.30857806E+01  0.75255334E+00 -0.86179811E+00  0.65753412E+00  0.10312754E+04  0.67429383E+05  0.12531018E+03  0.12531018E+03  0.10000000E+01  0.00000000E+00
  0.29596276E+01  0.12777383E+01  0.11046450E+01  0.17010068E+01  0.99937952E+03 -0.12151266E+04  0.12500000E+03  0.12500000E+03  0.10000000E+01  0.00000000E+00
