  0.00000000E+00  0.00000000E+00  0.00000000E+00  0.00000000E+00  0.10017380E+04  0.34279287E+04  0.12500000E+03  0.18506374E-02  0.69999999E+00  0.99999786E+03
  0.00000000E+00  0.50000000E+00  0.00000000E+00  0.00000000E+00  0.10438254E+04  0.98153344E+05  0.12500000E+03  0.13273088E-02  0.69999999E+00  0.99999841E+03
  0.00000000E+00  0.10000000E+01  0.00000000E+00  0.00000000E+00  0.10772301E+04  0.19151688E+06  0.12500000E+03  0.22914780E-02  0.69999999E+00  0.99999719E+03
  0.00000000E+00  0.15000000E+01  0.00000000E+00  0.00000000E+00  0.10281061E+04  0.60017848E+05  0.12500000E+03  0.84826024E-03  0.69999999E+00  0.99999902E+03
  0.00000000E+00  0.20000000E+01  0.00000000E+00  0.00000000E+00  0.10083578E+04  0.16814857E+05  0.12500000E+03 -0.63212134E-03  0.69999999E+00  0.10000007E+04
  0.00000000E+00  0.25000000E+01  0.00000000E+00  0.00000000E+00  0.10002484E+04  0.48778732E+03  0.12500000E+03  0.11101574E-03  0.69999999E+00  0.99999988E+03
  0.00000000E+00  0.30000000E+01  0.00000000E+00  0.00000000E+00  0.10000000E+04  0.00000000E+00  0.12500000E+03  0.00000000E+00  0.69999999E+00  0.10000000E+04
  0.00000000E+00  0.35000000E+01  0.00000000E+00  0.00000000E+00  0.10000000E+04  0.00000000E+00  0.12500000E+03  0.00000000E+00  0.69999999E+00  0.10000000E+04
  0.00000000E+00  0.40000000E+01  0.00000000E+00  0.00000000E+00  0.10000000E+04  0.00000000E+00  0.12500000E+03  0.00000000E+00  0.69999999E+00  0.10000000E+04
 -0.25000000E+00 -0.25000000E+00  0.00000000E+00  0.00000000E+00  0.10006414E+04  0.12607445E+04  0.12500000E+03  0.52005530E-03  0.69999999E+00  0.99999939E+03
 -0.25000000E+00  0.25000000E+00  0.00000000E+00  0.00000000E+00  0.10016151E+04  0.31843535E+04  0.12500000E+03  0.73322043E-03  0.69999999E+00  0.99999915E+03
 -0.25000000E+00  0.75000000E+00  0.00000000E+00  0.00000000E+00  0.10080272E+04  0.16133743E+05  0.12500000E+03 -0.23273871E-04  0.69999999E+00  0.10000000E+04
 -0.25000000E+00  0.12500000E+01  0.00000000E+00  0.00000000E+00  0.10053208E+04  0.10607508E+05  0.12500000E+03  0.75042731E-03  0.69999999E+00  0.99999915E+03
 -0.25000000E+00  0.17500000E+01  0.00000000E+00  0.00000000E+00  0.10006367E+04  0.12515878E+04  0.12500000E+03 -0.18585019E-03  0.69999999E+00  0.10000002E+04
 -0.25000000E+00  0.22500000E+01  0.00000000E+00  0.00000000E+00  0.10004747E+04  0.93267188E+03  0.12500000E+03 -0.78150333E-04  0.69999999E+00  0.10000001E+04
 -0.25000000E+00  0.27500000E+01  0.00000000E+00  0.00000000E+00  0.10000000E+04  0.00000000E+00  0.12500000E+03  0.00000000E+00  0.69999999E+00  0.10000000E+04
 -0.25000000E+00  0.32500000E+01  0.00000000E+00  0.00000000E+00  0.10000000E+04  0.00000000E+00  0.12500000E+03  0.00000000E+00  0.69999999E+00  0.10000000E+04
 -0.25000000E+00  0.37500000E+01  0.00000000E+00  0.00000000E+00  0.10000000E+04  0.00000000E+00  0.12500000E+03  0.00000000E+00  0.69999999E+00  0.10000000E+04
  0.80000000E+01  0.00000000E+00  0.00000000E+00  0.00000000E+00  0.10000000E+04  0.00000000E+00  0.12500000E+03  0.00000000E+00  0.69999999E+00  0.10000000E+04
  0.80000000E+01  0.50000000E+00  0.00000000E+00  0.00000000E+00  0.10000000E+04  0.00000000E+00  0.12500000E+03  0.00000000E+00  0.69999999E+00  0.10000000E+04
  0.80000000E+01  0.10000000E+01  0.00000000E+00  0.00000000E+00  0.10000000E+04  0.00000000E+00  0.12500000E+03  0.00000000E+00  0.69999999E+00  0.10000000E+04
  0.80000000E+01  0.15000000E+01  0.00000000E+00  0.00000000E+00  0.10000000E+04  0.00000000E+00  0.12500000E+03  0.00000000E+00  0.69999999E+00  0.10000000E+04
  0.80000000E+01  0.20000000E+01  0.00000000E+00  0.00000000E+00  0.10000000E+04  0.00000000E+00  0.12500000E+03  0.00000000E+00  0.69999999E+00  0.10000000E+04
  0.80000000E+01  0.25000000E+01  0.00000000E+00  0.00000000E+00  0.10000000E+04  0.00000000E+00  0.12500000E+03  0.00000000E+00  0.69999999E+00  0.10000000E+04
  0.80000000E+01  0.30000000E+01  0.00000000E+00  0.00000000E+00  0.10000000E+04  0.00000000E+00  0.12500000E+03  0.00000000E+00  0.69999999E+00  0.10000000E+04
  0.80000000E+01  0.35000000E+01  0.00000000E+00  0.00000000E+00  0.10000000E+04  0.00000000E+00  0.12500000E+03  0.00000000E+00  0.69999999E+00  0.10000000E+04
  0.80000000E+01  0.40000000E+01  0.00000000E+00  0.00000000E+00  0.10000000E+04  0.00000000E+00  0.12500000E+03  0.00000000E+00  0.69999999E+00  0.10000000E+04
  0.82500000E+01 -0.25000000E+00  0.00000000E+00  0.00000000E+00  0.10000000E+04  0.00000000E+00  0.12500000E+03  0.00000000E+00  0.69999999E+00  0.10000000E+04
  0.82500000E+01  0.25000000E+00  0.00000000E+00  0.00000000E+00  0.10000000E+04  0.00000000E+00  0.12500000E+03  0.00000000E+00  0.69999999E+00  0.10000000E+04
  0.82500000E+01  0.75000000E+00  0.00000000E+00  0.00000000E+00  0.10000000E+04  0.00000000E+00  0.12500000E+03  0.00000000E+00  0.69999999E+00  0.10000000E+04
  0.82500000E+01  0.12500000E+01  0.00000000E+00  0.00000000E+00  0.10000000E+04  0.00000000E+00  0.12500000E+03  0.00000000E+00  0.69999999E+00  0.10000000E+04
  0.82500000E+01  0.17500000E+01  0.00000000E+00  0.00000000E+00  0.10000000E+04  0.00000000E+00  0.12500000E+03  0.00000000E+00  0.69999999E+00  0.10000000E+04
  0.82500000E+01  0.22500000E+01  0.00000000E+00  0.00000000E+00  0.10000000E+04  0.00000000E+00  0.12500000E+03  0.00000000E+00  0.69999999E+00  0.10000000E+04
  0.82500000E+01  0.27500000E+01  0.00000000E+00  0.00000000E+00  0.10000000E+04  0.00000000E+00  0.12500000E+03  0.00000000E+00  0.69999999E+00  0.10000000E+04
  0.82500000E+01  0.32500000E+01  0.00000000E+00  0.00000000E+00  0.10000000E+04  0.00000000E+00  0.12500000E+03  0.00000000E+00  0.69999999E+00  0.10000000E+04
  0.82500000E+01  0.37500000E+01  0.00000000E+00  0.00000000E+00  0.10000000E+04  0.00000000E+00  0.12500000E+03  0.00000000E+00  0.69999999E+00  0.10000000E+04
  0.50000000E+00  0.00000000E+00  0.00000000E+00  0.00000000E+00  0.10419430E+04  0.93401773E+05  0.12500000E+03  0.89339446E-02  0.69999999E+00  0.99998938E+03
  0.10000000E+01  0.00000000E+00  0.00000000E+00  0.00000000E+00  0.10454429E+04  0.10227727E+06  0.12500000E+03  0.39617526E-02  0.69999999E+00  0.99999524E+03
  0.15000000E+01  0.00000000E+00  0.00000000E+00  0.00000000E+00  0.10188646E+04  0.39174199E+05  0.12500000E+03  0.16330626E-01  0.69999999E+00  0.99998096E+03
  0.20000000E+01  0.00000000E+00  0.00000000E+00  0.00000000E+00  0.11548867E+04  0.48774162E+06  0.12500000E+03  0.18162424E-01  0.69999999E+00  0.99997601E+03
  0.25000000E+01  0.00000000E+00  0.00000000E+00  0.00000000E+00  0.10294473E+04  0.63137656E+05  0.12500000E+03  0.20125164E-02  0.69999999E+00  0.99999762E+03
  0.30000000E+01  0.00000000E+00  0.00000000E+00  0.00000000E+00  0.10125092E+04  0.25483342E+05  0.12500000E+03  0.38324429E-02  0.69999999E+00  0.99999554E+03
  0.35000000E+01  0.00000000E+00  0.00000000E+00  0.00000000E+00  0.10011364E+04  0.22370408E+04  0.12500000E+03  0.14607650E-02  0.69999999E+00  0.99999835E+03
  0.40000000E+01  0.00000000E+00  0.00000000E+00  0.00000000E+00  0.10000131E+04  0.25728762E+02  0.12500000E+03 -0.50405528E-04  0.69999999E+00  0.10000001E+04
  0.45000000E+01  0.00000000E+00  0.00000000E+00  0.00000000E+00  0.10000000E+04  0.00000000E+00  0.12500000E+03  0.00000000E+00  0.69999999E+00  0.10000000E+04
  0.50000000E+01  0.00000000E+00  0.00000000E+00  0.00000000E+00  0.10000000E+04  0.00000000E+00  0.12500000E+03  0.00000000E+00  0.69999999E+00  0.10000000E+04
  0.55000000E+01  0.00000000E+00  0.00000000E+00  0.00000000E+00  0.10000000E+04  0.00000000E+00  0.12500000E+03  0.00000000E+00  0.69999999E+00  0.10000000E+04
  0.60000000E+01  0.00000000E+00  0.00000000E+00  0.00000000E+00  0.10000000E+04  0.00000000E+00  0.12500000E+03  0.00000000E+00  0.69999999E+00  0.10000000E+04
  0.65000000E+01  0.00000000E+00  0.00000000E+00  0.00000000E+00  0.10000000E+04  0.00000000E+00  0.12500000E+03  0.00000000E+00  0.69999999E+00  0.10000000E+04
  0.70000000E+01  0.00000000E+00  0.00000000E+00  0.00000000E+00  0.10000000E+04  0.00000000E+00  0.12500000E+03  0.00000000E+00  0.69999999E+00  0.10000000E+04
  0.75000000E+01  0.00000000E+00  0.00000000E+00  0.00000000E+00  0.10000000E+04  0.00000000E+00  0.12500000E+03  0.00000000E+00  0.69999999E+00  0.10000000E+04
  0.25000000E+00 -0.25000000E+00  0.00000000E+00  0.00000000E+00  0.10053314E+04  0.10628998E+05  0.12500000E+03  0.27236515E-02  0.69999999E+00  0.99999689E+03
  0.75000000E+00 -0.25000000E+00  0.00000000E+00  0.00000000E+00  0.10226804E+04  0.47643793E+05  0.12500000E+03  0.67999088E-02  0.69999999E+00  0.99999207E+03
  0.12500000E+01 -0.25000000E+00  0.00000000E+00  0.00000000E+00  0.10077457E+04  0.15554882E+05  0.12500000E+03  0.56991857E-02  0.69999999E+00  0.99999341E+03
  0.17500000E+01 -0.25000000E+00  0.00000000E+00  0.00000000E+00  0.10161287E+04  0.33217406E+05  0.12500000E+03  0.85137691E-02  0.69999999E+00  0.99999011E+03
  0.22500000E+01 -0.25000000E+00  0.00000000E+00  0.00000000E+00  0.10019183E+04  0.37854653E+04  0.12500000E+03  0.75825872E-02  0.69999999E+00  0.99999133E+03
  0.27500000E+01 -0.25000000E+00  0.00000000E+00  0.00000000E+00  0.10005713E+04  0.11227169E+04  0.12500000E+03  0.15752192E-02  0.69999999E+00  0.99999823E+03
  0.32500000E+01 -0.25000000E+00  0.00000000E+00  0.00000000E+00  0.10001826E+04  0.35851376E+03  0.12500000E+03  0.15555122E-02  0.69999999E+00  0.99999823E+03
  0.37500000E+01 -0.25000000E+00  0.00000000E+00  0.00000000E+00  0.10000071E+04  0.13799721E+02  0.12500000E+03 -0.13200220E-03  0.69999999E+00  0.10000001E+04
  0.42500000E+01 -0.25000000E+00  0.00000000E+00  0.00000000E+00  0.10000000E+04  0.00000000E+00  0.12500000E+03 -0.30838936E-39  0.69999999E+00  0.10000000E+04
  0.47500000E+01 -0.25000000E+00  0.00000000E+00  0.00000000E+00  0.10000000E+04  0.00000000E+00  0.12500000E+03  0.00000000E+00  0.69999999E+00  0.10000000E+04
  0.52500000E+01 -0.25000000E+00  0.00000000E+00  0.00000000E+00  0.10000000E+04  0.00000000E+00  0.12500000E+03  0.00000000E+00  0.69999999E+00  0.10000000E+04
  0.57500000E+01 -0.25000000E+00  0.00000000E+00  0.00000000E+00  0.10000000E+04  0.00000000E+00  0.12500000E+03  0.00000000E+00  0.69999999E+00  0.10000000E+04
  0.62500000E+01 -0.25000000E+00  0.00000000E+00  0.00000000E+00  0.10000000E+04  0.00000000E+00  0.12500000E+03  0.00000000E+00  0.69999999E+00  0.10000000E+04
  0.67500000E+01 -0.25000000E+00  0.00000000E+00  0.00000000E+00  0.10000000E+04  0.00000000E+00  0.12500000E+03  0.00000000E+00  0.69999999E+00  0.10000000E+04
  0.72500000E+01 -0.25000000E+00  0.00000000E+00  0.00000000E+00  0.10000000E+04  0.00000000E+00  0.12500000E+03  0.00000000E+00  0.69999999E+00  0.10000000E+04
  0.77500000E+01 -0.25000000E+00  0.00000000E+00  0.00000000E+00  0.10000000E+04  0.00000000E+00  0.12500000E+03  0.00000000E+00  0.69999999E+00  0.10000000E+04
  0.40000000E+01  0.50000000E+00  0.00000000E+00  0.00000000E+00  0.10004390E+04  0.86231274E+03  0.12500000E+03 -0.14644959E-03  0.69999999E+00  0.10000002E+04
  0.37500000E+01  0.25000000E+00  0.00000000E+00  0.00000000E+00  0.10004874E+04  0.95777026E+03  0.12500000E+03 -0.64017688E-03  0.69999999E+00  0.10000007E+04
  0.40000000E+01  0.10000000E+01  0.00000000E+00  0.00000000E+00  0.10031980E+04  0.63350503E+04  0.12500000E+03 -0.75122443E-04  0.69999999E+00  0.10000001E+04
  0.37500000E+01  0.75000000E+00  0.00000000E+00  0.00000000E+00  0.10241472E+04  0.50950531E+05  0.12500000E+03  0.63183066E-03  0.69999999E+00  0.99999927E+03
  0.40000000E+01  0.15000000E+01  0.00000000E+00  0.00000000E+00  0.10006399E+04  0.12579270E+04  0.12500000E+03  0.11817964E-03  0.69999999E+00  0.99999988E+03
  0.37500000E+01  0.12500000E+01  0.00000000E+00  0.00000000E+00  0.10589714E+04  0.13830597E+06  0.12500000E+03  0.24948712E-03  0.69999999E+00  0.99999969E+03
  0.40000000E+01  0.20000000E+01  0.00000000E+00  0.00000000E+00  0.10002775E+04  0.54494629E+03  0.12500000E+03  0.16112679E-03  0.69999999E+00  0.99999982E+03
  0.37500000E+01  0.17500000E+01  0.00000000E+00  0.00000000E+00  0.99752161E+03 -0.48266553E+04  0.12500000E+03  0.77996362E-03  0.69999999E+00  0.99999908E+03
  0.45000000E+01  0.50000000E+00  0.00000000E+00  0.00000000E+00  0.10000000E+04  0.00000000E+00  0.12500000E+03  0.51848043E-42  0.69999999E+00  0.10000000E+04
  0.42500000E+01  0.25000000E+00  0.00000000E+00  0.00000000E+00  0.10000018E+04  0.35083482E+01  0.12500000E+03 -0.74084828E-05  0.69999999E+00  0.10000000E+04
  0.45000000E+01  0.10000000E+01  0.00000000E+00  0.00000000E+00  0.10000000E+04  0.00000000E+00  0.12500000E+03  0.00000000E+00  0.69999999E+00  0.10000000E+04
  0.42500000E+01  0.75000000E+00  0.00000000E+00  0.00000000E+00  0.10000934E+04  0.18318608E+03  0.12500000E+03 -0.62608265E-05  0.69999999E+00  0.10000000E+04
  0.45000000E+01  0.15000000E+01  0.00000000E+00  0.00000000E+00  0.10000000E+04  0.00000000E+00  0.12500000E+03  0.00000000E+00  0.69999999E+00  0.10000000E+04
  0.42500000E+01  0.12500000E+01  0.00000000E+00  0.00000000E+00  0.10000066E+04  0.12864128E+02  0.12500000E+03  0.34267537E-05  0.69999999E+00  0.10000000E+04
  0.45000000E+01  0.20000000E+01  0.00000000E+00  0.00000000E+00  0.10000000E+04  0.00000000E+00  0.12500000E+03  0.00000000E+00  0.69999999E+00  0.10000000E+04
  0.42500000E+01  0.17500000E+01  0.00000000E+00  0.00000000E+00  0.10000031E+04  0.60811610E+01  0.12500000E+03  0.28991612E-05  0.69999999E+00  0.10000000E+04
  0.50000000E+01  0.50000000E+00  0.00000000E+00  0.00000000E+00  0.10000000E+04  0.00000000E+00  0.12500000E+03  0.00000000E+00  0.69999999E+00  0.10000000E+04
  0.47500000E+01  0.25000000E+00  0.00000000E+00  0.00000000E+00  0.10000000E+04  0.00000000E+00  0.12500000E+03  0.00000000E+00  0.69999999E+00  0.10000000E+04
  0.50000000E+01  0.10000000E+01  0.00000000E+00  0.00000000E+00  0.10000000E+04  0.00000000E+00  0.12500000E+03  0.00000000E+00  0.69999999E+00  0.10000000E+04
  0.47500000E+01  0.75000000E+00  0.00000000E+00  0.00000000E+00  0.10000000E+04  0.00000000E+00  0.12500000E+03  0.00000000E+00  0.69999999E+00  0.10000000E+04
  0.50000000E+01  0.15000000E+01  0.00000000E+00  0.00000000E+00  0.10000000E+04  0.00000000E+00  0.12500000E+03  0.00000000E+00  0.69999999E+00  0.10000000E+04
  0.47500000E+01  0.12500000E+01  0.00000000E+00  0.00000000E+00  0.10000000E+04  0.00000000E+00  0.12500000E+03  0.00000000E+00  0.69999999E+00  0.10000000E+04
  0.50000000E+01  0.20000000E+01  0.00000000E+00  0.00000000E+00  0.10000000E+04  0.00000000E+00  0.12500000E+03  0.00000000E+00  0.69999999E+00  0.10000000E+04
  0.47500000E+01  0.17500000E+01  0.00000000E+00  0.00000000E+00  0.10000000E+04  0.00000000E+00  0.12500000E+03  0.00000000E+00  0.69999999E+00  0.10000000E+04
  0.28813813E+01  0.14076579E+01 -0.52366734E-01 -0.14575604E+01  0.99451733E+03 -0.10581683E+05  0.12576698E+03  0.12576674E+03  0.10000000E+01  0.00000000E+00
  0.16491498E+01  0.10050671E+01  0.26383448E+00  0.44785956E+00  0.99111993E+03 -0.16965379E+05  0.12561582E+03  0.12561256E+03  0.10000000E+01  0.00000000E+00
  0.13775212E+01  0.92733455E+00 -0.16953696E+01  0.67772543E+00  0.10053375E+04  0.10641313E+05  0.12546356E+03  0.12546333E+03  0.10000000E+01  0.00000000E+00
  0.96543121E+00  0.80823004E+00 -0.56941077E-01 -0.20264298E+00  0.10067323E+04  0.13478654E+05  0.12531018E+03  0.12531018E+03  0.10000000E+01  0.00000000E+00
  0.83351898E+00  0.93759108E+00 -0.16334045E+01  0.26734684E+01  0.99459454E+03 -0.10435119E+05  0.12515567E+03  0.12515567E+03  0.10000000E+01  0.00000000E+00
  0.25489569E+01  0.22255530E+01 -0.77254236E+00 -0.75108707E+00  0.99865002E+03 -0.26379690E+04  0.12500000E+03  0.12500000E+03  0.10000000E+01  0.00000000E+00
  0.28749795E+01  0.15458672E+01 -0.12172766E+01 -0.20834239E+01  0.10031496E+04  0.62382690E+04  0.12576698E+03  0.12575494E+03  0.10000000E+01  0.00000000E+00
  0.17470669E+01  0.11109829E+01  0.27093250E+00  0.24078891E-01  0.98894348E+03 -0.20986504E+05  0.12561582E+03  0.12560624E+03  0.10000000E+01  0.00000000E+00
  0.17227218E+01  0.13002176E+01 -0.31861013E+00 -0.31398040E+00  0.99237817E+03 -0.14616400E+05  0.12546356E+03  0.12546037E+03  0.10000000E+01  0.00000000E+00
  0.24763415E+01  0.14283727E+01  0.18469194E+00  0.19933248E+01  0.10045511E+04  0.90522471E+04  0.12531018E+03  0.12531038E+03  0.10000000E+01  0.00000000E+00
  0.14927959E+01  0.12968196E+01 -0.11619847E+01 -0.16509819E+01  0.99644812E+03 -0.68950088E+04  0.12515567E+03  0.12515567E+03  0.10000000E+01  0.00000000E+00
  0.71618938E+00  0.84693670E+00 -0.11315200E+01 -0.19385936E+01  0.10207867E+04  0.43416609E+05  0.12500000E+03  0.12500000E+03  0.10000000E+01  0.00000000E+00
  0.28289716E+01  0.18549938E+01 -0.25489044E+01  0.39687830E+00  0.99632013E+03 -0.71406899E+04  0.12576698E+03  0.12575644E+03  0.10000000E+01  0.00000000E+00
  0.27680619E+01  0.18719326E+01 -0.93037188E+00 -0.13589538E+01  0.99961328E+03 -0.75785504E+03  0.12561582E+03  0.12561089E+03  0.10000000E+01  0.00000000E+00
  0.27432542E+01  0.10844891E+01  0.22329042E+01 -0.14328566E+01  0.97800177E+03 -0.40414320E+05  0.12546356E+03  0.12546005E+03  0.10000000E+01  0.00000000E+00
  0.29140503E+01  0.12358973E+01  0.46518254E+00 -0.17820499E+01  0.98990546E+03 -0.19215664E+05  0.12531018E+03  0.12531018E+03  0.10000000E+01  0.00000000E+00
  0.28290038E+01  0.93282151E+00  0.25732691E+01 -0.29086273E-01  0.10120257E+04  0.24462939E+05  0.12515567E+03  0.12515553E+03  0.10000000E+01  0.00000000E+00
  0.22743509E+01  0.17151542E+01 -0.19979186E+01 -0.11617345E+01  0.10034123E+04  0.67637524E+04  0.12500000E+03  0.12500000E+03  0.10000000E+01  0.00000000E+00
  0.11943245E+01  0.96572566E+00 -0.31007200E+00 -0.36577058E+01  0.97505060E+03 -0.45435512E+05  0.12576698E+03  0.12576566E+03  0.10000000E+01  0.00000000E+00
  0.27792821E+01  0.18631580E+01 -0.10281439E+01 -0.13858870E+01  0.99928595E+03 -0.13979952E+04  0.12561582E+03  0.12561221E+03  0.10000000E+01  0.00000000E+00
  0.25403929E+01  0.92985904E+00  0.18541849E+01  0.31293470E+00  0.10023052E+04  0.45541016E+04  0.12546356E+03  0.12546202E+03  0.10000000E+01  0.00000000E+00
  0.20594087E+01  0.10632824E+01 -0.24694483E+01  0.72162592E+00  0.99656439E+03 -0.66715918E+04  0.12531018E+03  0.12530890E+03  0.10000000E+01  0.00000000E+00
  0.24428606E+01  0.22931025E+01 -0.13214605E+01 -0.11421736E+01  0.10035597E+04  0.70591772E+04  0.12515567E+03  0.12515567E+03  0.10000000E+01  0.00000000E+00
  0.24479198E+01  0.80016267E+00  0.59811778E-01  0.15161691E+01  0.10186990E+04  0.38810695E+05  0.12500000E+03  0.12500012E+03  0.10000000E+01  0.00000000E+00
  0.18225906E+01  0.14878573E+01  0.47439879E+00  0.55598989E-02  0.10016051E+04  0.31645164E+04  0.12561582E+03  0.12561399E+03  0.10000000E+01  0.00000000E+00
  0.28870521E+01  0.22787094E+01 -0.44211596E+00 -0.14669299E+01  0.10090183E+04  0.18179877E+05  0.12531018E+03  0.12531004E+03  0.10000000E+01  0.00000000E+00
  0.10116799E+01  0.14244077E+01 -0.29925561E+01 -0.14158287E+01  0.10109326E+04  0.22166152E+05  0.12500000E+03  0.12500000E+03  0.10000000E+01  0.00000000E+00
