  0.00000000E+00  0.00000000E+00  0.00000000E+00  0.00000000E+00  0.10015507E+04  0.30566133E+04  0.12500000E+03  0.19084157E-02  0.69999999E+00  0.99999780E+03
  0.00000000E+00  0.50000000E+00  0.00000000E+00  0.00000000E+00  0.10173151E+04  0.35788590E+05  0.12500000E+03  0.14294873E-02  0.69999999E+00  0.99999835E+03
  0.00000000E+00  0.10000000E+01  0.00000000E+00  0.00000000E+00  0.10456898E+04  0.10291043E+06  0.12500000E+03  0.23624485E-02  0.69999999E+00  0.99999719E+03
  0.00000000E+00  0.15000000E+01  0.00000000E+00  0.00000000E+00  0.10634718E+04  0.15091830E+06  0.12500000E+03  0.87995350E-03  0.69999999E+00  0.99999890E+03
  0.00000000E+00  0.20000000E+01  0.00000000E+00  0.00000000E+00  0.10167263E+04  0.34510566E+05  0.12500000E+03 -0.67743124E-03  0.69999999E+00  0.10000008E+04
  0.00000000E+00  0.25000000E+01  0.00000000E+00  0.00000000E+00  0.10002484E+04  0.48778732E+03  0.12500000E+03  0.11101574E-03  0.69999999E+00  0.99999988E+03
  0.00000000E+00  0.30000000E+01  0.00000000E+00  0.00000000E+00  0.10000000E+04  0.00000000E+00  0.12500000E+03  0.00000000E+00  0.69999999E+00  0.10000000E+04
  0.00000000E+00  0.35000000E+01  0.00000000E+00  0.00000000E+00  0.10000000E+04  0.00000000E+00  0.12500000E+03  0.00000000E+00  0.69999999E+00  0.10000000E+04
  0.00000000E+00  0.40000000E+01  0.00000000E+00  0.00000000E+00  0.10000000E+04  0.00000000E+00  0.12500000E+03  0.00000000E+00  0.69999999E+00  0.10000000E+04
 -0.25000000E+00 -0.25000000E+00  0.00000000E+00  0.00000000E+00  0.10006414E+04  0.12607445E+04  0.12500000E+03  0.52005530E-03  0.69999999E+00  0.99999939E+03
 -0.25000000E+00  0.25000000E+00  0.00000000E+00  0.00000000E+00  0.10012296E+04  0.24214792E+04  0.12500000E+03  0.75642794E-03  0.69999999E+00  0.99999915E+03
 -0.25000000E+00  0.75000000E+00  0.00000000E+00  0.00000000E+00  0.10009473E+04  0.18637687E+04  0.12500000E+03  0.39460465E-05  0.69999999E+00  0.10000000E+04
 -0.25000000E+00  0.12500000E+01  0.00000000E+00  0.00000000E+00  0.10064810E+04  0.12965504E+05  0.12500000E+03  0.77829842E-03  0.69999999E+00  0.99999908E+03
 -0.25000000E+00  0.17500000E+01  0.00000000E+00  0.00000000E+00  0.10030878E+04  0.61145918E+04  0.12500000E+03 -0.20741453E-03  0.69999999E+00  0.10000002E+04
 -0.25000000E+00  0.22500000E+01  0.00000000E+00  0.00000000E+00  0.10004747E+04  0.93267188E+03  0.12500000E+03 -0.78150333E-04  0.69999999E+00  0.10000001E+04
 -0.25000000E+00  0.27500000E+01  0.00000000E+00  0.00000000E+00  0.10000000E+04  0.00000000E+00  0.12500000E+03  0.00000000E+00  0.69999999E+00  0.10000000E+04
 -0.25000000E+00  0.32500000E+01  0.00000000E+00  0.00000000E+00  0.10000000E+04  0.00000000E+00  0.12500000E+03  0.00000000E+00  0.69999999E+00  0.10000000E+04
 -0.25000000E+00  0.37500000E+01  0.00000000E+00  0.00000000E+00  0.10000000E+04  0.00000000E+00  0.12500000E+03  0.00000000E+00  0.69999999E+00  0.10000000E+04
  0.80000000E+01  0.00000000E+00  0.00000000E+00  0.00000000E+00  0.10000000E+04  0.00000000E+00  0.12500000E+03  0.00000000E+00  0.69999999E+00  0.10000000E+04
  0.80000000E+01  0.50000000E+00  0.00000000E+00  0.00000000E+00  0.10000000E+04  0.00000000E+00  0.12500000E+03  0.00000000E+00  0.69999999E+00  0.10000000E+04
  0.80000000E+01  0.10000000E+01  0.00000000E+00  0.00000000E+00  0.10000000E+04  0.00000000E+00  0.12500000E+03  0.00000000E+00  0.69999999E+00  0.10000000E+04
  0.80000000E+01  0.15000000E+01  0.00000000E+00  0.00000000E+00  0.10000000E+04  0.00000000E+00  0.12500000E+03  0.00000000E+00  0.69999999E+00  0.10000000E+04
  0.80000000E+01  0.20000000E+01  0.00000000E+00  0.00000000E+00  0.10000000E+04  0.00000000E+00  0.12500000E+03  0.00000000E+00  0.69999999E+00  0.10000000E+04
  0.80000000E+01  0.25000000E+01  0.00000000E+00  0.00000000E+00  0.10000000E+04  0.00000000E+00  0.12500000E+03  0.00000000E+00  0.69999999E+00  0.10000000E+04
  0.80000000E+01  0.30000000E+01  0.00000000E+00  0.00000000E+00  0.10000000E+04  0.00000000E+00  0.12500000E+03  0.00000000E+00  0.69999999E+00  0.10000000E+04
  0.80000000E+01  0.35000000E+01  0.00000000E+00  0.00000000E+00  0.10000000E+04  0.00000000E+00  0.12500000E+03  0.00000000E+00  0.69999999E+00  0.10000000E+04
  0.80000000E+01  0.40000000E+01  0.00000000E+00  0.00000000E+00  0.10000000E+04  0.00000000E+00  0.12500000E+03  0.00000000E+00  0.69999999E+00  0.10000000E+04
  0.82500000E+01 -0.25000000E+00  0.00000000E+00  0.00000000E+00  0.10000000E+04  0.00000000E+00  0.12500000E+03  0.00000000E+00  0.69999999E+00  0.10000000E+04
  0.82500000E+01  0.25000000E+00  0.00000000E+00  0.00000000E+00  0.10000000E+04  0.00000000E+00  0.12500000E+03  0.00000000E+00  0.69999999E+00  0.10000000E+04
  0.82500000E+01  0.75000000E+00  0.00000000E+00  0.00000000E+00  0.10000000E+04  0.00000000E+00  0.12500000E+03  0.00000000E+00  0.69999999E+00  0.10000000E+04
  0.82500000E+01  0.12500000E+01  0.00000000E+00  0.00000000E+00  0.10000000E+04  0.00000000E+00  0.12500000E+03  0.00000000E+00  0.69999999E+00  0.10000000E+04
  0.82500000E+01  0.17500000E+01  0.00000000E+00  0.00000000E+00  0.10000000E+04  0.00000000E+00  0.12500000E+03  0.00000000E+00  0.69999999E+00  0.10000000E+04
  0.82500000E+01  0.22500000E+01  0.00000000E+00  0.00000000E+00  0.10000000E+04  0.00000000E+00  0.12500000E+03  0.00000000E+00  0.69999999E+00  0.10000000E+04
  0.82500000E+01  0.27500000E+01  0.00000000E+00  0.00000000E+00  0.10000000E+04  0.00000000E+00  0.12500000E+03  0.00000000E+00  0.69999999E+00  0.10000000E+04
  0.82500000E+01  0.32500000E+01  0.00000000E+00  0.00000000E+00  0.10000000E+04  0.00000000E+00  0.12500000E+03  0.00000000E+00  0.69999999E+00  0.10000000E+04
  0.82500000E+01  0.37500000E+01  0.00000000E+00  0.00000000E+00  0.10000000E+04  0.00000000E+00  0.12500000E+03  0.00000000E+00  0.69999999E+00  0.10000000E+04
  0.50000000E+00  0.00000000E+00  0.00000000E+00  0.00000000E+00  0.10394989E+04  0.87309016E+05  0.12500000E+03  0.91463812E-02  0.69999999E+00  0.99998914E+03
  0.10000000E+01  0.00000000E+00  0.00000000E+00  0.00000000E+00  0.10765537E+04  0.18944705E+06  0.12500000E+03  0.40144413E-02  0.69999999E+00  0.99999506E+03
  0.15000000E+01  0.00000000E+00  0.00000000E+00  0.00000000E+00  0.10508247E+04  0.11627807E+06  0.12500000E+03  0.16581357E-01  0.69999999E+00  0.99998010E+03
  0.20000000E+01  0.00000000E+00  0.00000000E+00  0.00000000E+00  0.11530022E+04  0.47901144E+06  0.12500000E+03  0.18446920E-01  0.69999999E+00  0.99997571E+03
  0.25000000E+01  0.00000000E+00  0.00000000E+00  0.00000000E+00  0.10421667E+04  0.93963883E+05  0.12500000E+03  0.23034415E-02  0.69999999E+00  0.99999725E+03
  0.30000000E+01  0.00000000E+00  0.00000000E+00  0.00000000E+00  0.10850781E+04  0.21610998E+06  0.12500000E+03  0.41028410E-02  0.69999999E+00  0.99999493E+03
  0.35000000E+01  0.00000000E+00  0.00000000E+00  0.00000000E+00  0.10174458E+04  0.36073113E+05  0.12500000E+03  0.15725617E-02  0.69999999E+00  0.99999817E+03
  0.40000000E+01  0.00000000E+00  0.00000000E+00  0.00000000E+00  0.10000171E+04  0.33447784E+02  0.12500000E+03 -0.58239559E-04  0.69999999E+00  0.10000001E+04
  0.45000000E+01  0.00000000E+00  0.00000000E+00  0.00000000E+00  0.10000000E+04  0.00000000E+00  0.12500000E+03  0.72867520E-43  0.69999999E+00  0.10000000E+04
  0.50000000E+01  0.00000000E+00  0.00000000E+00  0.00000000E+00  0.10000000E+04  0.00000000E+00  0.12500000E+03  0.00000000E+00  0.69999999E+00  0.10000000E+04
  0.55000000E+01  0.00000000E+00  0.00000000E+00  0.00000000E+00  0.10000000E+04  0.00000000E+00  0.12500000E+03  0.00000000E+00  0.69999999E+00  0.10000000E+04
  0.60000000E+01  0.00000000E+00  0.00000000E+00  0.00000000E+00  0.10000000E+04  0.00000000E+00  0.12500000E+03  0.00000000E+00  0.69999999E+00  0.10000000E+04
  0.65000000E+01  0.00000000E+00  0.00000000E+00  0.00000000E+00  0.10000000E+04  0.00000000E+00  0.12500000E+03  0.00000000E+00  0.69999999E+00  0.10000000E+04
  0.70000000E+01  0.00000000E+00  0.00000000E+00  0.00000000E+00  0.10000000E+04  0.00000000E+00  0.12500000E+03  0.00000000E+00  0.69999999E+00  0.10000000E+04
  0.75000000E+01  0.00000000E+00  0.00000000E+00  0.00000000E+00  0.10000000E+04  0.00000000E+00  0.12500000E+03  0.00000000E+00  0.69999999E+00  0.10000000E+04
  0.25000000E+00 -0.25000000E+00  0.00000000E+00  0.00000000E+00  0.10054930E+04  0.10956591E+05  0.12500000E+03  0.27834554E-02  0.69999999E+00  0.99999683E+03
  0.75000000E+00 -0.25000000E+00  0.00000000E+00  0.00000000E+00  0.10242114E+04  0.51095758E+05  0.12500000E+03  0.69557461E-02  0.69999999E+00  0.99999188E+03
  0.12500000E+01 -0.25000000E+00  0.00000000E+00  0.00000000E+00  0.10121606E+04  0.24747502E+05  0.12500000E+03  0.57125594E-02  0.69999999E+00  0.99999341E+03
  0.17500000E+01 -0.25000000E+00  0.00000000E+00  0.00000000E+00  0.10166830E+04  0.34416531E+05  0.12500000E+03  0.86169336E-02  0.69999999E+00  0.99998999E+03
  0.22500000E+01 -0.25000000E+00  0.00000000E+00  0.00000000E+00  0.10006443E+04  0.12666143E+04  0.12500000E+03  0.76609422E-02  0.69999999E+00  0.99999121E+03
  0.27500000E+01 -0.25000000E+00  0.00000000E+00  0.00000000E+00  0.10069636E+04  0.13951363E+05  0.12500000E+03  0.17251184E-02  0.69999999E+00  0.99999805E+03
  0.32500000E+01 -0.25000000E+00  0.00000000E+00  0.00000000E+00  0.10040187E+04  0.79803159E+04  0.12500000E+03  0.16272680E-02  0.69999999E+00  0.99999811E+03
  0.37500000E+01 -0.25000000E+00  0.00000000E+00  0.00000000E+00  0.10000125E+04  0.24325323E+02  0.12500000E+03 -0.14045049E-03  0.69999999E+00  0.10000002E+04
  0.42500000E+01 -0.25000000E+00  0.00000000E+00  0.00000000E+00  0.10000000E+04  0.00000000E+00  0.12500000E+03 -0.51155521E-39  0.69999999E+00  0.10000000E+04
  0.47500000E+01 -0.25000000E+00  0.00000000E+00  0.00000000E+00  0.10000000E+04  0.00000000E+00  0.12500000E+03 -0.14012985E-43  0.69999999E+00  0.10000000E+04
  0.52500000E+01 -0.25000000E+00  0.00000000E+00  0.00000000E+00  0.10000000E+04  0.00000000E+00  0.12500000E+03  0.00000000E+00  0.69999999E+00  0.10000000E+04
  0.57500000E+01 -0.25000000E+00  0.00000000E+00  0.00000000E+00  0.10000000E+04  0.00000000E+00  0.12500000E+03  0.00000000E+00  0.69999999E+00  0.10000000E+04
  0.62500000E+01 -0.25000000E+00  0.00000000E+00  0.00000000E+00  0.10000000E+04  0.00000000E+00  0.12500000E+03  0.00000000E+00  0.69999999E+00  0.10000000E+04
  0.67500000E+01 -0.25000000E+00  0.00000000E+00  0.00000000E+00  0.10000000E+04  0.00000000E+00  0.12500000E+03  0.00000000E+00  0.69999999E+00  0.10000000E+04
  0.72500000E+01 -0.25000000E+00  0.00000000E+00  0.00000000E+00  0.10000000E+04  0.00000000E+00  0.12500000E+03  0.00000000E+00  0.69999999E+00  0.10000000E+04
  0.77500000E+01 -0.25000000E+00  0.00000000E+00  0.00000000E+00  0.10000000E+04  0.00000000E+00  0.12500000E+03  0.00000000E+00  0.69999999E+00  0.10000000E+04
  0.40000000E+01  0.50000000E+00  0.00000000E+00  0.00000000E+00  0.10036144E+04  0.71688633E+04  0.12500000E+03 -0.15072500E-03  0.69999999E+00  0.10000002E+04
  0.37500000E+01  0.25000000E+00  0.00000000E+00  0.00000000E+00  0.10160092E+04  0.32959527E+05  0.12500000E+03 -0.66040462E-03  0.69999999E+00  0.10000008E+04
  0.40000000E+01  0.10000000E+01  0.00000000E+00  0.00000000E+00  0.10063696E+04  0.12738493E+05  0.12500000E+03 -0.93142735E-04  0.69999999E+00  0.10000001E+04
  0.37500000E+01  0.75000000E+00  0.00000000E+00  0.00000000E+00  0.10869727E+04  0.22220895E+06  0.12500000E+03  0.68328460E-03  0.69999999E+00  0.99999915E+03
  0.40000000E+01  0.15000000E+01  0.00000000E+00  0.00000000E+00  0.10001091E+04  0.21407814E+03  0.12500000E+03  0.15682372E-03  0.69999999E+00  0.99999982E+03
  0.37500000E+01  0.12500000E+01  0.00000000E+00  0.00000000E+00  0.10397771E+04  0.87998016E+05  0.12500000E+03  0.23458761E-03  0.69999999E+00  0.99999969E+03
  0.40000000E+01  0.20000000E+01  0.00000000E+00  0.00000000E+00  0.10001158E+04  0.22741879E+03  0.12500000E+03  0.17044619E-03  0.69999999E+00  0.99999982E+03
  0.37500000E+01  0.17500000E+01  0.00000000E+00  0.00000000E+00  0.10177578E+04  0.36752754E+05  0.12500000E+03  0.86453947E-03  0.69999999E+00  0.99999902E+03
  0.45000000E+01  0.50000000E+00  0.00000000E+00  0.00000000E+00  0.10000000E+04  0.00000000E+00  0.12500000E+03  0.72867520E-42  0.69999999E+00  0.10000000E+04
  0.42500000E+01  0.25000000E+00  0.00000000E+00  0.00000000E+00  0.10000018E+04  0.35083482E+01  0.12500000E+03 -0.74084828E-05  0.69999999E+00  0.10000000E+04
  0.45000000E+01  0.10000000E+01  0.00000000E+00  0.00000000E+00  0.10000000E+04  0.00000000E+00  0.12500000E+03  0.00000000E+00  0.69999999E+00  0.10000000E+04
  0.42500000E+01  0.75000000E+00  0.00000000E+00  0.00000000E+00  0.10000966E+04  0.18950468E+03  0.12500000E+03 -0.75999528E-05  0.69999999E+00  0.10000000E+04
  0.45000000E+01  0.15000000E+01  0.00000000E+00  0.00000000E+00  0.10000000E+04  0.00000000E+00  0.12500000E+03  0.00000000E+00  0.69999999E+00  0.10000000E+04
  0.42500000E+01  0.12500000E+01  0.00000000E+00  0.00000000E+00  0.10000066E+04  0.12864128E+02  0.12500000E+03  0.34267537E-05  0.69999999E+00  0.10000000E+04
  0.45000000E+01  0.20000000E+01  0.00000000E+00  0.00000000E+00  0.10000000E+04  0.00000000E+00  0.12500000E+03  0.00000000E+00  0.69999999E+00  0.10000000E+04
  0.42500000E+01  0.17500000E+01  0.00000000E+00  0.00000000E+00  0.10000031E+04  0.60811610E+01  0.12500000E+03  0.28991612E-05  0.69999999E+00  0.10000000E+04
  0.50000000E+01  0.50000000E+00  0.00000000E+00  0.00000000E+00  0.10000000E+04  0.00000000E+00  0.12500000E+03  0.00000000E+00  0.69999999E+00  0.10000000E+04
  0.47500000E+01  0.25000000E+00  0.00000000E+00  0.00000000E+00  0.10000000E+04  0.00000000E+00  0.12500000E+03  0.84077908E-44  0.69999999E+00  0.10000000E+04
  0.50000000E+01  0.10000000E+01  0.00000000E+00  0.00000000E+00  0.10000000E+04  0.00000000E+00  0.12500000E+03  0.00000000E+00  0.69999999E+00  0.10000000E+04
  0.47500000E+01  0.75000000E+00  0.00000000E+00  0.00000000E+00  0.10000000E+04  0.00000000E+00  0.12500000E+03  0.00000000E+00  0.69999999E+00  0.10000000E+04
  0.50000000E+01  0.15000000E+01  0.00000000E+00  0.00000000E+00  0.10000000E+04  0.00000000E+00  0.12500000E+03  0.00000000E+00  0.69999999E+00  0.10000000E+04
  0.47500000E+01  0.12500000E+01  0.00000000E+00  0.00000000E+00  0.10000000E+04  0.00000000E+00  0.12500000E+03  0.00000000E+00  0.69999999E+00  0.10000000E+04
  0.50000000E+01  0.20000000E+01  0.00000000E+00  0.00000000E+00  0.10000000E+04  0.00000000E+00  0.12500000E+03  0.00000000E+00  0.69999999E+00  0.10000000E+04
  0.47500000E+01  0.17500000E+01  0.00000000E+00  0.00000000E+00  0.10000000E+04  0.00000000E+00  0.12500000E+03  0.00000000E+00  0.69999999E+00  0.10000000E+04
  0.27842648E+01  0.11951087E+01 -0.17174702E+01 -0.11146356E+01  0.99479266E+03 -0.10058609E+05  0.12576698E+03  0.12576674E+03  0.10000000E+01  0.00000000E+00
  0.16484700E+01  0.97656548E+00  0.69606650E+00 -0.17973050E+00  0.99103510E+03 -0.17123078E+05  0.12561582E+03  0.12561256E+03  0.10000000E+01  0.00000000E+00
  0.12254618E+01  0.88576651E+00 -0.11045598E+01 -0.67446679E-01  0.10011125E+04  0.21901819E+04  0.12546356E+03  0.12546333E+03  0.10000000E+01  0.00000000E+00
  0.94076645E+00  0.85516584E+00 -0.55094445E+00  0.21959713E+01  0.98543994E+03 -0.27348848E+05  0.12531018E+03  0.12531018E+03  0.10000000E+01  0.00000000E+00
  0.97766733E+00  0.12879051E+01  0.32017429E+01  0.31590974E+01  0.99879944E+03 -0.23470256E+04  0.12515567E+03  0.12515567E+03  0.10000000E+01  0.00000000E+00
  0.24088240E+01  0.20544662E+01 -0.61387146E+00 -0.15447326E+01  0.99444080E+03 -0.10726933E+05  0.12500000E+03  0.12500000E+03  0.10000000E+01  0.00000000E+00
  0.27358518E+01  0.12950621E+01 -0.12538692E+01 -0.19921970E+01  0.99716632E+03 -0.55126099E+04  0.12576698E+03  0.12575494E+03  0.10000000E+01  0.00000000E+00
  0.17101330E+01  0.10698049E+01  0.16150118E+00 -0.69126934E+00  0.99743365E+03 -0.49965542E+04  0.12561582E+03  0.12560624E+03  0.10000000E+01  0.00000000E+00
  0.16382289E+01  0.12543824E+01 -0.54019344E+00 -0.36402923E+00  0.10046921E+04  0.93366992E+04  0.12546356E+03  0.12546037E+03  0.10000000E+01  0.00000000E+00
  0.23795588E+01  0.15216302E+01 -0.16210203E+01  0.13323088E+01  0.10297169E+04  0.63767840E+05  0.12531018E+03  0.12531038E+03  0.10000000E+01  0.00000000E+00
  0.13189321E+01  0.11923429E+01 -0.19705040E+01 -0.39151624E-01  0.10150797E+04  0.30959062E+05  0.12515567E+03  0.12515567E+03  0.10000000E+01  0.00000000E+00
  0.80979967E+00  0.80361807E+00  0.65905941E+00  0.15432625E+01  0.10228385E+04  0.47998766E+05  0.12500000E+03  0.12500000E+03  0.10000000E+01  0.00000000E+00
  0.25577056E+01  0.17450187E+01 -0.19140527E+01 -0.52054930E+00  0.99620282E+03 -0.73657222E+04  0.12576698E+03  0.12575644E+03  0.10000000E+01  0.00000000E+00
  0.26452019E+01  0.16521760E+01  0.23875824E+00 -0.18849717E+01  0.99778088E+03 -0.43250747E+04  0.12561582E+03  0.12561089E+03  0.10000000E+01  0.00000000E+00
  0.28835125E+01  0.92397726E+00 -0.14975090E-01 -0.82849354E-01  0.98914337E+03 -0.20619361E+05  0.12546356E+03  0.12546005E+03  0.10000000E+01  0.00000000E+00
  0.28663032E+01  0.94996297E+00 -0.20656023E+01 -0.17601175E+01  0.10039162E+04  0.77743354E+04  0.12531018E+03  0.12531018E+03  0.10000000E+01  0.00000000E+00
  0.29909668E+01  0.73904741E+00 -0.96916819E+00 -0.14384205E+01  0.10299192E+04  0.64240992E+05  0.12515567E+03  0.12515553E+03  0.10000000E+01  0.00000000E+00
  0.19313583E+01  0.16093044E+01 -0.33882394E+01 -0.44968730E+00  0.10031917E+04  0.63224150E+04  0.12500000E+03  0.12500000E+03  0.10000000E+01  0.00000000E+00
  0.12505038E+01  0.78554475E+00  0.14716381E+01  0.42214495E+00  0.10019604E+04  0.38689934E+04  0.12576698E+03  0.12576566E+03  0.10000000E+01  0.00000000E+00
  0.26479597E+01  0.16413267E+01  0.15407258E+00 -0.19012306E+01  0.99940686E+03 -0.11616443E+04  0.12561582E+03  0.12561221E+03  0.10000000E+01  0.00000000E+00
  0.27350368E+01  0.76892471E+00  0.11901913E+01 -0.18321204E+01  0.10128903E+04  0.26289900E+05  0.12546356E+03  0.12546202E+03  0.10000000E+01  0.00000000E+00
  0.18756196E+01  0.10070928E+01 -0.11201080E+01 -0.11677457E+01  0.98812415E+03 -0.22486551E+05  0.12531018E+03  0.12530890E+03  0.10000000E+01  0.00000000E+00
  0.22058420E+01  0.20872424E+01 -0.16159828E+01 -0.15031234E+01  0.10018428E+04  0.36354990E+04  0.12515567E+03  0.12515567E+03  0.10000000E+01  0.00000000E+00
  0.24291849E+01  0.84401524E+00 -0.18155529E+01  0.86180136E-01  0.10176493E+04  0.36516281E+05  0.12500000E+03  0.12500012E+03  0.10000000E+01  0.00000000E+00
  0.17955139E+01  0.15185473E+01 -0.36668342E+00  0.86175644E+00  0.10107813E+04  0.21849480E+05  0.12561582E+03  0.12561399E+03  0.10000000E+01  0.00000000E+00
  0.28306026E+01  0.19917114E+01  0.18942183E+00 -0.23082607E+01  0.10043677E+04  0.86825527E+04  0.12531018E+03  0.12531004E+03  0.10000000E+01  0.00000000E+00
  0.74976277E+00  0.14169741E+01  0.28792185E+00  0.72496420E+00  0.10099127E+04  0.20036549E+05  0.12500000E+03  0.12500000E+03  0.10000000E+01  0.00000000E+00
