  0.00000000E+00  0.00000000E+00  0.00000000E+00  0.00000000E+00  0.10011230E+04  0.22109026E+04  0.12500000E+03  0.23497685E-02  0.69999999E+00  0.99999731E+03
  0.00000000E+00  0.50000000E+00  0.00000000E+00  0.00000000E+00  0.10088401E+04  0.17811057E+05  0.12500000E+03  0.28346954E-02  0.69999999E+00  0.99999670E+03
  0.00000000E+00  0.10000000E+01  0.00000000E+00  0.00000000E+00  0.10081948E+04  0.16478922E+05  0.12500000E+03  0.33780418E-02  0.69999999E+00  0.99999609E+03
  0.00000000E+00  0.15000000E+01  0.00000000E+00  0.00000000E+00  0.10172382E+04  0.35621402E+05  0.12500000E+03  0.10981804E-02  0.69999999E+00  0.99999872E+03
  0.00000000E+00  0.20000000E+01  0.00000000E+00  0.00000000E+00  0.10185090E+04  0.38394539E+05  0.12500000E+03 -0.14317306E-02  0.69999999E+00  0.10000016E+04
  0.00000000E+00  0.25000000E+01  0.00000000E+00  0.00000000E+00  0.10030736E+04  0.60862402E+04  0.12500000E+03  0.33517432E-03  0.69999999E+00  0.99999963E+03
  0.00000000E+00  0.30000000E+01  0.00000000E+00  0.00000000E+00  0.10000000E+04  0.00000000E+00  0.12500000E+03  0.60528782E-05  0.69999999E+00  0.10000000E+04
  0.00000000E+00  0.35000000E+01  0.00000000E+00  0.00000000E+00  0.10000000E+04  0.00000000E+00  0.12500000E+03  0.00000000E+00  0.69999999E+00  0.10000000E+04
  0.00000000E+00  0.40000000E+01  0.00000000E+00  0.00000000E+00  0.10000000E+04  0.00000000E+00  0.12500000E+03  0.00000000E+00  0.69999999E+00  0.10000000E+04
 -0.25000000E+00 -0.25000000E+00  0.00000000E+00  0.00000000E+00  0.10006414E+04  0.12607445E+04  0.12500000E+03  0.52005530E-03  0.69999999E+00  0.99999939E+03
 -0.25000000E+00  0.25000000E+00  0.00000000E+00  0.00000000E+00  0.10007653E+04  0.15047820E+04  0.12500000E+03  0.10285494E-02  0.69999999E+00  0.99999884E+03
 -0.25000000E+00  0.75000000E+00  0.00000000E+00  0.00000000E+00  0.10047970E+04  0.95482100E+04  0.12500000E+03  0.36572211E-03  0.69999999E+00  0.99999957E+03
 -0.25000000E+00  0.12500000E+01  0.00000000E+00  0.00000000E+00  0.10007134E+04  0.14025883E+04  0.12500000E+03  0.10522020E-02  0.69999999E+00  0.99999878E+03
 -0.25000000E+00  0.17500000E+01  0.00000000E+00  0.00000000E+00  0.10011707E+04  0.23048682E+04  0.12500000E+03 -0.35531807E-03  0.69999999E+00  0.10000004E+04
 -0.25000000E+00  0.22500000E+01  0.00000000E+00  0.00000000E+00  0.10012462E+04  0.24542319E+04  0.12500000E+03 -0.15003496E-03  0.69999999E+00  0.10000002E+04
 -0.25000000E+00  0.27500000E+01  0.00000000E+00  0.00000000E+00  0.10000000E+04  0.00000000E+00  0.12500000E+03  0.16983737E-41  0.69999999E+00  0.10000000E+04
 -0.25000000E+00  0.32500000E+01  0.00000000E+00  0.00000000E+00  0.10000000E+04  0.00000000E+00  0.12500000E+03  0.47644148E-42  0.69999999E+00  0.10000000E+04
 -0.25000000E+00  0.37500000E+01  0.00000000E+00  0.00000000E+00  0.10000000E+04  0.00000000E+00  0.12500000E+03  0.00000000E+00  0.69999999E+00  0.10000000E+04
  0.80000000E+01  0.00000000E+00  0.00000000E+00  0.00000000E+00  0.10000000E+04  0.00000000E+00  0.12500000E+03  0.00000000E+00  0.69999999E+00  0.10000000E+04
  0.80000000E+01  0.50000000E+00  0.00000000E+00  0.00000000E+00  0.10000000E+04  0.00000000E+00  0.12500000E+03  0.00000000E+00  0.69999999E+00  0.10000000E+04
  0.80000000E+01  0.10000000E+01  0.00000000E+00  0.00000000E+00  0.10000000E+04  0.00000000E+00  0.12500000E+03  0.00000000E+00  0.69999999E+00  0.10000000E+04
  0.80000000E+01  0.15000000E+01  0.00000000E+00  0.00000000E+00  0.10000000E+04  0.00000000E+00  0.12500000E+03  0.00000000E+00  0.69999999E+00  0.10000000E+04
  0.80000000E+01  0.20000000E+01  0.00000000E+00  0.00000000E+00  0.10000000E+04  0.00000000E+00  0.12500000E+03  0.00000000E+00  0.69999999E+00  0.10000000E+04
  0.80000000E+01  0.25000000E+01  0.00000000E+00  0.00000000E+00  0.10000000E+04  0.00000000E+00  0.12500000E+03  0.00000000E+00  0.69999999E+00  0.10000000E+04
  0.80000000E+01  0.30000000E+01  0.00000000E+00  0.00000000E+00  0.10000000E+04  0.00000000E+00  0.12500000E+03  0.00000000E+00  0.69999999E+00  0.10000000E+04
  0.80000000E+01  0.35000000E+01  0.00000000E+00  0.00000000E+00  0.10000000E+04  0.00000000E+00  0.12500000E+03  0.00000000E+00  0.69999999E+00  0.10000000E+04
  0.80000000E+01  0.40000000E+01  0.00000000E+00  0.00000000E+00  0.10000000E+04  0.00000000E+00  0.12500000E+03  0.00000000E+00  0.69999999E+00  0.10000000E+04
  0.82500000E+01 -0.25000000E+00  0.00000000E+00  0.00000000E+00  0.10000000E+04  0.00000000E+00  0.12500000E+03  0.00000000E+00  0.69999999E+00  0.10000000E+04
  0.82500000E+01  0.25000000E+00  0.00000000E+00  0.00000000E+00  0.10000000E+04  0.00000000E+00  0.12500000E+03  0.00000000E+00  0.69999999E+00  0.10000000E+04
  0.82500000E+01  0.75000000E+00  0.00000000E+00  0.00000000E+00  0.10000000E+04  0.00000000E+00  0.12500000E+03  0.00000000E+00  0.69999999E+00  0.10000000E+04
  0.82500000E+01  0.12500000E+01  0.00000000E+00  0.00000000E+00  0.10000000E+04  0.00000000E+00  0.12500000E+03  0.00000000E+00  0.69999999E+00  0.10000000E+04
  0.82500000E+01  0.17500000E+01  0.00000000E+00  0.00000000E+00  0.10000000E+04  0.00000000E+00  0.12500000E+03  0.00000000E+00  0.69999999E+00  0.10000000E+04
  0.82500000E+01  0.22500000E+01  0.00000000E+00  0.00000000E+00  0.10000000E+04  0.00000000E+00  0.12500000E+03  0.00000000E+00  0.69999999E+00  0.10000000E+04
  0.82500000E+01  0.27500000E+01  0.00000000E+00  0.00000000E+00  0.10000000E+04  0.00000000E+00  0.12500000E+03  0.00000000E+00  0.69999999E+00  0.10000000E+04
  0.82500000E+01  0.32500000E+01  0.00000000E+00  0.00000000E+00  0.10000000E+04  0.00000000E+00  0.12500000E+03  0.00000000E+00  0.69999999E+00  0.10000000E+04
  0.82500000E+01  0.37500000E+01  0.00000000E+00  0.00000000E+00  0.10000000E+04  0.00000000E+00  0.12500000E+03  0.00000000E+00  0.69999999E+00  0.10000000E+04
  0.50000000E+00  0.00000000E+00  0.00000000E+00  0.00000000E+00  0.10356981E+04  0.78003258E+05  0.12500000E+03  0.11744266E-01  0.69999999E+00  0.99998608E+03
  0.10000000E+01  0.00000000E+00  0.00000000E+00  0.00000000E+00  0.10468987E+04  0.10602224E+06  0.12500000E+03  0.66932556E-02  0.69999999E+00  0.99999200E+03
  0.15000000E+01  0.00000000E+00  0.00000000E+00  0.00000000E+00  0.10279893E+04  0.59747258E+05  0.12500000E+03  0.20808760E-01  0.69999999E+00  0.99997559E+03
  0.20000000E+01  0.00000000E+00  0.00000000E+00  0.00000000E+00  0.11450869E+04  0.44326678E+06  0.12500000E+03  0.23900302E-01  0.69999999E+00  0.99996875E+03
  0.25000000E+01  0.00000000E+00  0.00000000E+00  0.00000000E+00  0.10483893E+04  0.10988895E+06  0.12500000E+03  0.65406798E-02  0.69999999E+00  0.99999219E+03
  0.30000000E+01  0.00000000E+00  0.00000000E+00  0.00000000E+00  0.10477695E+04  0.10827722E+06  0.12500000E+03  0.82508568E-02  0.69999999E+00  0.99999011E+03
  0.35000000E+01  0.00000000E+00  0.00000000E+00  0.00000000E+00  0.10059541E+04  0.11892788E+05  0.12500000E+03  0.33234709E-02  0.69999999E+00  0.99999615E+03
  0.40000000E+01  0.00000000E+00  0.00000000E+00  0.00000000E+00  0.10000137E+04  0.26898298E+02  0.12500000E+03 -0.68247195E-04  0.69999999E+00  0.10000001E+04
  0.45000000E+01  0.00000000E+00  0.00000000E+00  0.00000000E+00  0.10000000E+04  0.00000000E+00  0.12500000E+03  0.51845241E-40  0.69999999E+00  0.10000000E+04
  0.50000000E+01  0.00000000E+00  0.00000000E+00  0.00000000E+00  0.10000000E+04  0.00000000E+00  0.12500000E+03 -0.00000000E+00  0.69999999E+00  0.10000000E+04
  0.55000000E+01  0.00000000E+00  0.00000000E+00  0.00000000E+00  0.10000000E+04  0.00000000E+00  0.12500000E+03  0.00000000E+00  0.69999999E+00  0.10000000E+04
  0.60000000E+01  0.00000000E+00  0.00000000E+00  0.00000000E+00  0.10000000E+04  0.00000000E+00  0.12500000E+03  0.00000000E+00  0.69999999E+00  0.10000000E+04
  0.65000000E+01  0.00000000E+00  0.00000000E+00  0.00000000E+00  0.10000000E+04  0.00000000E+00  0.12500000E+03  0.00000000E+00  0.69999999E+00  0.10000000E+04
  0.70000000E+01  0.00000000E+00  0.00000000E+00  0.00000000E+00  0.10000000E+04  0.00000000E+00  0.12500000E+03  0.00000000E+00  0.69999999E+00  0.10000000E+04
  0.75000000E+01  0.00000000E+00  0.00000000E+00  0.00000000E+00  0.10000000E+04  0.00000000E+00  0.12500000E+03  0.00000000E+00  0.69999999E+00  0.10000000E+04
  0.25000000E+00 -0.25000000E+00  0.00000000E+00  0.00000000E+00  0.10056155E+04  0.11204911E+05  0.12500000E+03  0.31954041E-02  0.69999999E+00  0.99999634E+03
  0.75000000E+00 -0.25000000E+00  0.00000000E+00  0.00000000E+00  0.10254404E+04  0.53889391E+05  0.12500000E+03  0.84547792E-02  0.69999999E+00  0.99999011E+03
  0.12500000E+01 -0.25000000E+00  0.00000000E+00  0.00000000E+00  0.10092408E+04  0.18641020E+05  0.12500000E+03  0.68537677E-02  0.69999999E+00  0.99999207E+03
  0.17500000E+01 -0.25000000E+00  0.00000000E+00  0.00000000E+00  0.10149156E+04  0.30607164E+05  0.12500000E+03  0.10378728E-01  0.69999999E+00  0.99998798E+03
  0.22500000E+01 -0.25000000E+00  0.00000000E+00  0.00000000E+00  0.10017607E+04  0.34728362E+04  0.12500000E+03  0.10183500E-01  0.69999999E+00  0.99998834E+03
  0.27500000E+01 -0.25000000E+00  0.00000000E+00  0.00000000E+00  0.10058868E+04  0.11755877E+05  0.12500000E+03  0.43230625E-02  0.69999999E+00  0.99999506E+03
  0.32500000E+01 -0.25000000E+00  0.00000000E+00  0.00000000E+00  0.10014697E+04  0.28963584E+04  0.12500000E+03  0.30105128E-02  0.69999999E+00  0.99999658E+03
  0.37500000E+01 -0.25000000E+00  0.00000000E+00  0.00000000E+00  0.10000070E+04  0.13565822E+02  0.12500000E+03 -0.15635355E-03  0.69999999E+00  0.10000002E+04
  0.42500000E+01 -0.25000000E+00  0.00000000E+00  0.00000000E+00  0.10000000E+04  0.00000000E+00  0.12500000E+03 -0.22645669E-36  0.69999999E+00  0.10000000E+04
  0.47500000E+01 -0.25000000E+00  0.00000000E+00  0.00000000E+00  0.10000000E+04  0.00000000E+00  0.12500000E+03 -0.10498528E-39  0.69999999E+00  0.10000000E+04
  0.52500000E+01 -0.25000000E+00  0.00000000E+00  0.00000000E+00  0.10000000E+04  0.00000000E+00  0.12500000E+03  0.00000000E+00  0.69999999E+00  0.10000000E+04
  0.57500000E+01 -0.25000000E+00  0.00000000E+00  0.00000000E+00  0.10000000E+04  0.00000000E+00  0.12500000E+03  0.00000000E+00  0.69999999E+00  0.10000000E+04
  0.62500000E+01 -0.25000000E+00  0.00000000E+00  0.00000000E+00  0.10000000E+04  0.00000000E+00  0.12500000E+03  0.00000000E+00  0.69999999E+00  0.10000000E+04
  0.67500000E+01 -0.25000000E+00  0.00000000E+00  0.00000000E+00  0.10000000E+04  0.00000000E+00  0.12500000E+03  0.00000000E+00  0.69999999E+00  0.10000000E+04
  0.72500000E+01 -0.25000000E+00  0.00000000E+00  0.00000000E+00  0.10000000E+04  0.00000000E+00  0.12500000E+03  0.00000000E+00  0.69999999E+00  0.10000000E+04
  0.77500000E+01 -0.25000000E+00  0.00000000E+00  0.00000000E+00  0.10000000E+04  0.00000000E+00  0.12500000E+03  0.00000000E+00  0.69999999E+00  0.10000000E+04
  0.40000000E+01  0.50000000E+00  0.00000000E+00  0.00000000E+00  0.10004584E+04  0.90053937E+03  0.12500000E+03 -0.25744928E-03  0.69999999E+00  0.10000003E+04
  0.37500000E+01  0.25000000E+00  0.00000000E+00  0.00000000E+00  0.10034319E+04  0.68031431E+04  0.12500000E+03 -0.14450627E-02  0.69999999E+00  0.10000016E+04
  0.40000000E+01  0.10000000E+01  0.00000000E+00  0.00000000E+00  0.10018933E+04  0.37357844E+04  0.12500000E+03 -0.12899202E-03  0.69999999E+00  0.10000001E+04
  0.37500000E+01  0.75000000E+00  0.00000000E+00  0.00000000E+00  0.10360884E+04  0.78949156E+05  0.12500000E+03  0.89918112E-03  0.69999999E+00  0.99999896E+03
  0.40000000E+01  0.15000000E+01  0.00000000E+00  0.00000000E+00  0.10010150E+04  0.19976367E+04  0.12500000E+03  0.34470303E-03  0.69999999E+00  0.99999963E+03
  0.37500000E+01  0.12500000E+01  0.00000000E+00  0.00000000E+00  0.10409362E+04  0.90881398E+05  0.12500000E+03  0.81186608E-03  0.69999999E+00  0.99999902E+03
  0.40000000E+01  0.20000000E+01  0.00000000E+00  0.00000000E+00  0.10010629E+04  0.20920122E+04  0.12500000E+03  0.29990863E-03  0.69999999E+00  0.99999963E+03
  0.37500000E+01  0.17500000E+01  0.00000000E+00  0.00000000E+00  0.10319478E+04  0.69019344E+05  0.12500000E+03  0.16547856E-02  0.69999999E+00  0.99999805E+03
  0.45000000E+01  0.50000000E+00  0.00000000E+00  0.00000000E+00  0.10000000E+04  0.00000000E+00  0.12500000E+03  0.30954683E-39  0.69999999E+00  0.10000000E+04
  0.42500000E+01  0.25000000E+00  0.00000000E+00  0.00000000E+00  0.10000018E+04  0.35083482E+01  0.12500000E+03 -0.74084828E-05  0.69999999E+00  0.10000000E+04
  0.45000000E+01  0.10000000E+01  0.00000000E+00  0.00000000E+00  0.10000000E+04  0.00000000E+00  0.12500000E+03 -0.00000000E+00  0.69999999E+00  0.10000000E+04
  0.42500000E+01  0.75000000E+00  0.00000000E+00  0.00000000E+00  0.10000944E+04  0.18529227E+03  0.12500000E+03 -0.10442676E-04  0.69999999E+00  0.10000000E+04
  0.45000000E+01  0.15000000E+01  0.00000000E+00  0.00000000E+00  0.10000000E+04  0.00000000E+00  0.12500000E+03 -0.43440252E-42  0.69999999E+00  0.10000000E+04
  0.42500000E+01  0.12500000E+01  0.00000000E+00  0.00000000E+00  0.10000066E+04  0.12864128E+02  0.12500000E+03  0.34267537E-05  0.69999999E+00  0.10000000E+04
  0.45000000E+01  0.20000000E+01  0.00000000E+00  0.00000000E+00  0.10000000E+04  0.00000000E+00  0.12500000E+03  0.43440252E-42  0.69999999E+00  0.10000000E+04
  0.42500000E+01  0.17500000E+01  0.00000000E+00  0.00000000E+00  0.10000031E+04  0.60811610E+01  0.12500000E+03 -0.35628464E-05  0.69999999E+00  0.10000000E+04
  0.50000000E+01  0.50000000E+00  0.00000000E+00  0.00000000E+00  0.10000000E+04  0.00000000E+00  0.12500000E+03  0.00000000E+00  0.69999999E+00  0.10000000E+04
  0.47500000E+01  0.25000000E+00  0.00000000E+00  0.00000000E+00  0.10000000E+04  0.00000000E+00  0.12500000E+03  0.10373813E-39  0.69999999E+00  0.10000000E+04
  0.50000000E+01  0.10000000E+01  0.00000000E+00  0.00000000E+00  0.10000000E+04  0.00000000E+00  0.12500000E+03  0.00000000E+00  0.69999999E+00  0.10000000E+04
  0.47500000E+01  0.75000000E+00  0.00000000E+00  0.00000000E+00  0.10000000E+04  0.00000000E+00  0.12500000E+03  0.00000000E+00  0.69999999E+00  0.10000000E+04
  0.50000000E+01  0.15000000E+01  0.00000000E+00  0.00000000E+00  0.10000000E+04  0.00000000E+00  0.12500000E+03 -0.29987787E-42  0.69999999E+00  0.10000000E+04
  0.47500000E+01  0.12500000E+01  0.00000000E+00  0.00000000E+00  0.10000000E+04  0.00000000E+00  0.12500000E+03 -0.26904931E-42  0.69999999E+00  0.10000000E+04
  0.50000000E+01  0.20000000E+01  0.00000000E+00  0.00000000E+00  0.10000000E+04  0.00000000E+00  0.12500000E+03  0.26624671E-42  0.69999999E+00  0.10000000E+04
  0.47500000E+01  0.17500000E+01  0.00000000E+00  0.00000000E+00  0.10000000E+04  0.00000000E+00  0.12500000E+03  0.00000000E+00  0.69999999E+00  0.10000000E+04
  0.24846799E+01  0.91873538E+00 -0.44042480E+00  0.35056877E+00  0.10021587E+04  0.42627812E+04  0.12576698E+03  0.12576674E+03  0.10000000E+01  0.00000000E+00
  0.11848408E+01  0.88374531E+00 -0.50448555E+00 -0.77938065E-01  0.99780469E+03 -0.42789131E+04  0.12561582E+03  0.12561256E+03  0.10000000E+01  0.00000000E+00
  0.16580923E+01  0.95384395E+00 -0.14485292E+00 -0.68415695E+00  0.10033649E+04  0.66689946E+04  0.12546356E+03  0.12546333E+03  0.10000000E+01  0.00000000E+00
  0.16629198E+01  0.17164729E+01 -0.87306905E+00 -0.14007992E+01  0.10036271E+04  0.71944380E+04  0.12531018E+03  0.12531027E+03  0.10000000E+01  0.00000000E+00
  0.27336674E+01  0.15617276E+01  0.83268726E+00 -0.12874258E+00  0.10000236E+04  0.46313229E+02  0.12515567E+03  0.12515567E+03  0.10000000E+01  0.00000000E+00
  0.28274150E+01  0.15501566E+01 -0.81235832E+00  0.76946896E+00  0.99932526E+03 -0.13211331E+04  0.12500000E+03  0.12500000E+03  0.10000000E+01  0.00000000E+00
  0.27349153E+01  0.90114498E+00  0.54990393E+00  0.46461231E+00  0.10005140E+04  0.10100844E+04  0.12576698E+03  0.12575461E+03  0.10000000E+01  0.00000000E+00
  0.10024353E+01  0.99778795E+00 -0.74314195E+00  0.59712166E+00  0.99657800E+03 -0.66454722E+04  0.12561582E+03  0.12560624E+03  0.10000000E+01  0.00000000E+00
  0.92228186E+00  0.11056874E+01  0.15326816E+00 -0.61010879E+00  0.99882904E+03 -0.22893167E+04  0.12546356E+03  0.12546037E+03  0.10000000E+01  0.00000000E+00
  0.24940169E+01  0.13329781E+01 -0.10254945E+00 -0.23713352E+00  0.10032155E+04  0.63698604E+04  0.12531018E+03  0.12531038E+03  0.10000000E+01  0.00000000E+00
  0.13492004E+01  0.89200699E+00  0.99661088E+00 -0.23277560E+00  0.99954333E+03 -0.89480066E+03  0.12515567E+03  0.12515535E+03  0.10000000E+01  0.00000000E+00
  0.73783600E+00  0.85714734E+00 -0.13056545E+00  0.21336192E+00  0.10038311E+04  0.76036597E+04  0.12500000E+03  0.12500000E+03  0.10000000E+01  0.00000000E+00
  0.20151532E+01  0.10720831E+01  0.35324937E+00 -0.52220035E+00  0.10044279E+04  0.88038184E+04  0.12576698E+03  0.12575644E+03  0.10000000E+01  0.00000000E+00
  0.27363708E+01  0.89176142E+00 -0.18858212E+00  0.15983352E+00  0.10008943E+04  0.17593470E+04  0.12561582E+03  0.12561074E+03  0.10000000E+01  0.00000000E+00
  0.29169312E+01  0.12119368E+01 -0.14128546E-01  0.46491569E+00  0.10010015E+04  0.19708116E+04  0.12546356E+03  0.12546005E+03  0.10000000E+01  0.00000000E+00
  0.21742504E+01  0.12900463E+01 -0.19834679E+00 -0.15951014E+01  0.10088436E+04  0.17818207E+05  0.12531018E+03  0.12531018E+03  0.10000000E+01  0.00000000E+00
  0.28911266E+01  0.76957655E+00 -0.58031875E+00 -0.31466255E+00  0.10008343E+04  0.16410897E+04  0.12515567E+03  0.12515553E+03  0.10000000E+01  0.00000000E+00
  0.14655321E+01  0.16095157E+01 -0.12930796E+01  0.20440975E+00  0.10004620E+04  0.90780994E+03  0.12500000E+03  0.12499989E+03  0.10000000E+01  0.00000000E+00
  0.90859199E+00  0.13595549E+01  0.38771152E+00  0.14236648E+01  0.99886292E+03 -0.22233508E+04  0.12576698E+03  0.12576566E+03  0.10000000E+01  0.00000000E+00
  0.28165364E+01  0.97415948E+00  0.19851252E+00  0.76585972E+00  0.10015000E+04  0.29562974E+04  0.12561582E+03  0.12561245E+03  0.10000000E+01  0.00000000E+00
  0.16408627E+01  0.13772769E+01 -0.14497585E+01 -0.16112647E+01  0.10067258E+04  0.13465262E+05  0.12546356E+03  0.12546202E+03  0.10000000E+01  0.00000000E+00
  0.22302349E+01  0.90273273E+00 -0.23799774E+00  0.26262504E+00  0.10085629E+04  0.17238250E+05  0.12531018E+03  0.12530890E+03  0.10000000E+01  0.00000000E+00
  0.11215752E+01  0.17814312E+01  0.86834535E-01  0.19795997E+01  0.10034175E+04  0.67742563E+04  0.12515567E+03  0.12515567E+03  0.10000000E+01  0.00000000E+00
  0.16269195E+01  0.89875352E+00 -0.44404596E+00 -0.72389221E+00  0.10042393E+04  0.84238408E+04  0.12500000E+03  0.12500012E+03  0.10000000E+01  0.00000000E+00
  0.93112028E+00  0.14563427E+01  0.44199981E-01  0.12683237E+01  0.99991943E+03 -0.15807050E+03  0.12561582E+03  0.12561399E+03  0.10000000E+01  0.00000000E+00
  0.14133632E+01  0.19203660E+01 -0.24673913E+01  0.52230221E+00  0.10034220E+04  0.67833281E+04  0.12531018E+03  0.12531004E+03  0.10000000E+01  0.00000000E+00
  0.24394066E+01  0.17984557E+01 -0.64268446E+00 -0.78006071E+00  0.10026481E+04  0.52370605E+04  0.12500000E+03  0.12500000E+03  0.10000000E+01  0.00000000E+00
