  0.00000000E+00  0.00000000E+00  0.00000000E+00  0.00000000E+00  0.10006824E+04  0.13415222E+04  0.12500000E+03  0.79427048E-03  0.69999999E+00  0.99999908E+03
  0.00000000E+00  0.50000000E+00  0.00000000E+00  0.00000000E+00  0.10022905E+04  0.45249341E+04  0.12500000E+03  0.56246232E-03  0.69999999E+00  0.99999933E+03
  0.00000000E+00  0.10000000E+01  0.00000000E+00  0.00000000E+00  0.10022892E+04  0.45223257E+04  0.12500000E+03  0.10378012E-02  0.69999999E+00  0.99999884E+03
  0.00000000E+00  0.15000000E+01  0.00000000E+00  0.00000000E+00  0.10202739E+04  0.42280199E+05  0.12500000E+03  0.25838555E-03  0.69999999E+00  0.99999969E+03
  0.00000000E+00  0.20000000E+01  0.00000000E+00  0.00000000E+00  0.10059073E+04  0.11797550E+05  0.12500000E+03 -0.31668277E-03  0.69999999E+00  0.10000004E+04
  0.00000000E+00  0.25000000E+01  0.00000000E+00  0.00000000E+00  0.10002466E+04  0.48403955E+03  0.12500000E+03  0.71152863E-04  0.69999999E+00  0.99999994E+03
  0.00000000E+00  0.30000000E+01  0.00000000E+00  0.00000000E+00  0.10000000E+04  0.00000000E+00  0.12500000E+03  0.00000000E+00  0.69999999E+00  0.10000000E+04
  0.00000000E+00  0.35000000E+01  0.00000000E+00  0.00000000E+00  0.10000000E+04  0.00000000E+00  0.12500000E+03  0.00000000E+00  0.69999999E+00  0.10000000E+04
  0.00000000E+00  0.40000000E+01  0.00000000E+00  0.00000000E+00  0.10000000E+04  0.00000000E+00  0.12500000E+03  0.00000000E+00  0.69999999E+00  0.10000000E+04
 -0.25000000E+00 -0.25000000E+00  0.00000000E+00  0.00000000E+00  0.10002568E+04  0.50418436E+03  0.12500000E+03  0.22808535E-03  0.69999999E+00  0.99999976E+03
 -0.25000000E+00  0.25000000E+00  0.00000000E+00  0.00000000E+00  0.10028837E+04  0.57069473E+04  0.12500000E+03  0.34263183E-03  0.69999999E+00  0.99999963E+03
 -0.25000000E+00  0.75000000E+00  0.00000000E+00  0.00000000E+00  0.10013625E+04  0.26842998E+04  0.12500000E+03  0.47427013E-04  0.69999999E+00  0.99999994E+03
 -0.25000000E+00  0.12500000E+01  0.00000000E+00  0.00000000E+00  0.10087084E+04  0.17538701E+05  0.12500000E+03  0.31156681E-03  0.69999999E+00  0.99999963E+03
 -0.25000000E+00  0.17500000E+01  0.00000000E+00  0.00000000E+00  0.10001616E+04  0.31730682E+03  0.12500000E+03 -0.10675416E-03  0.69999999E+00  0.10000001E+04
 -0.25000000E+00  0.22500000E+01  0.00000000E+00  0.00000000E+00  0.10004730E+04  0.92938812E+03  0.12500000E+03 -0.62706749E-04  0.69999999E+00  0.10000001E+04
 -0.25000000E+00  0.27500000E+01  0.00000000E+00  0.00000000E+00  0.10000000E+04  0.00000000E+00  0.12500000E+03  0.00000000E+00  0.69999999E+00  0.10000000E+04
 -0.25000000E+00  0.32500000E+01  0.00000000E+00  0.00000000E+00  0.10000000E+04  0.00000000E+00  0.12500000E+03  0.00000000E+00  0.69999999E+00  0.10000000E+04
 -0.25000000E+00  0.37500000E+01  0.00000000E+00  0.00000000E+00  0.10000000E+04  0.00000000E+00  0.12500000E+03  0.00000000E+00  0.69999999E+00  0.10000000E+04
  0.80000000E+01  0.00000000E+00  0.00000000E+00  0.00000000E+00  0.10000000E+04  0.00000000E+00  0.12500000E+03  0.00000000E+00  0.69999999E+00  0.10000000E+04
  0.80000000E+01  0.50000000E+00  0.00000000E+00  0.00000000E+00  0.10000000E+04  0.00000000E+00  0.12500000E+03  0.00000000E+00  0.69999999E+00  0.10000000E+04
  0.80000000E+01  0.10000000E+01  0.00000000E+00  0.00000000E+00  0.10000000E+04  0.00000000E+00  0.12500000E+03  0.00000000E+00  0.69999999E+00  0.10000000E+04
  0.80000000E+01  0.15000000E+01  0.00000000E+00  0.00000000E+00  0.10000000E+04  0.00000000E+00  0.12500000E+03  0.00000000E+00  0.69999999E+00  0.10000000E+04
  0.80000000E+01  0.20000000E+01  0.00000000E+00  0.00000000E+00  0.10000000E+04  0.00000000E+00  0.12500000E+03  0.00000000E+00  0.69999999E+00  0.10000000E+04
  0.80000000E+01  0.25000000E+01  0.00000000E+00  0.00000000E+00  0.10000000E+04  0.00000000E+00  0.12500000E+03  0.00000000E+00  0.69999999E+00  0.10000000E+04
  0.80000000E+01  0.30000000E+01  0.00000000E+00  0.00000000E+00  0.10000000E+04  0.00000000E+00  0.12500000E+03  0.00000000E+00  0.69999999E+00  0.10000000E+04
  0.80000000E+01  0.35000000E+01  0.00000000E+00  0.00000000E+00  0.10000000E+04  0.00000000E+00  0.12500000E+03  0.00000000E+00  0.69999999E+00  0.10000000E+04
  0.80000000E+01  0.40000000E+01  0.00000000E+00  0.00000000E+00  0.10000000E+04  0.00000000E+00  0.12500000E+03  0.00000000E+00  0.69999999E+00  0.10000000E+04
  0.82500000E+01 -0.25000000E+00  0.00000000E+00  0.00000000E+00  0.10000000E+04  0.00000000E+00  0.12500000E+03  0.00000000E+00  0.69999999E+00  0.10000000E+04
  0.82500000E+01  0.25000000E+00  0.00000000E+00  0.00000000E+00  0.10000000E+04  0.00000000E+00  0.12500000E+03  0.00000000E+00  0.69999999E+00  0.10000000E+04
  0.82500000E+01  0.75000000E+00  0.00000000E+00  0.00000000E+00  0.10000000E+04  0.00000000E+00  0.12500000E+03  0.00000000E+00  0.69999999E+00  0.10000000E+04
  0.82500000E+01  0.12500000E+01  0.00000000E+00  0.00000000E+00  0.10000000E+04  0.00000000E+00  0.12500000E+03  0.00000000E+00  0.69999999E+00  0.10000000E+04
  0.82500000E+01  0.17500000E+01  0.00000000E+00  0.00000000E+00  0.10000000E+04  0.00000000E+00  0.12500000E+03  0.00000000E+00  0.69999999E+00  0.10000000E+04
  0.82500000E+01  0.22500000E+01  0.00000000E+00  0.00000000E+00  0.10000000E+04  0.00000000E+00  0.12500000E+03  0.00000000E+00  0.69999999E+00  0.10000000E+04
  0.82500000E+01  0.27500000E+01  0.00000000E+00  0.00000000E+00  0.10000000E+04  0.00000000E+00  0.12500000E+03  0.00000000E+00  0.69999999E+00  0.10000000E+04
  0.82500000E+01  0.32500000E+01  0.00000000E+00  0.00000000E+00  0.10000000E+04  0.00000000E+00  0.12500000E+03  0.00000000E+00  0.69999999E+00  0.10000000E+04
  0.82500000E+01  0.37500000E+01  0.00000000E+00  0.00000000E+00  0.10000000E+04  0.00000000E+00  0.12500000E+03  0.00000000E+00  0.69999999E+00  0.10000000E+04
  0.50000000E+00  0.00000000E+00  0.00000000E+00  0.00000000E+00  0.10036472E+04  0.72345967E+04  0.12500000E+03  0.37056706E-02  0.69999999E+00  0.99999573E+03
  0.10000000E+01  0.00000000E+00  0.00000000E+00  0.00000000E+00  0.10135310E+04  0.27650049E+05  0.12500000E+03  0.15962442E-02  0.69999999E+00  0.99999817E+03
  0.15000000E+01  0.00000000E+00  0.00000000E+00  0.00000000E+00  0.10005834E+04  0.11466562E+04  0.12500000E+03  0.54884972E-02  0.69999999E+00  0.99999371E+03
  0.20000000E+01  0.00000000E+00  0.00000000E+00  0.00000000E+00  0.10103569E+04  0.20962621E+05  0.12500000E+03  0.62542162E-02  0.69999999E+00  0.99999280E+03
  0.25000000E+01  0.00000000E+00  0.00000000E+00  0.00000000E+00  0.99277625E+03 -0.13869477E+05  0.12500000E+03 -0.33722230E-03  0.69999999E+00  0.10000004E+04
  0.30000000E+01  0.00000000E+00  0.00000000E+00  0.00000000E+00  0.10126300E+04  0.25738963E+05  0.12500000E+03  0.78115158E-03  0.69999999E+00  0.99999908E+03
  0.35000000E+01  0.00000000E+00  0.00000000E+00  0.00000000E+00  0.10062913E+04  0.12578899E+05  0.12500000E+03  0.30337455E-03  0.69999999E+00  0.99999963E+03
  0.40000000E+01  0.00000000E+00  0.00000000E+00  0.00000000E+00  0.10000134E+04  0.26430483E+02  0.12500000E+03 -0.24179390E-04  0.69999999E+00  0.10000000E+04
  0.45000000E+01  0.00000000E+00  0.00000000E+00  0.00000000E+00  0.10000000E+04  0.00000000E+00  0.12500000E+03  0.00000000E+00  0.69999999E+00  0.10000000E+04
  0.50000000E+01  0.00000000E+00  0.00000000E+00  0.00000000E+00  0.10000000E+04  0.00000000E+00  0.12500000E+03  0.00000000E+00  0.69999999E+00  0.10000000E+04
  0.55000000E+01  0.00000000E+00  0.00000000E+00  0.00000000E+00  0.10000000E+04  0.00000000E+00  0.12500000E+03  0.00000000E+00  0.69999999E+00  0.10000000E+04
  0.60000000E+01  0.00000000E+00  0.00000000E+00  0.00000000E+00  0.10000000E+04  0.00000000E+00  0.12500000E+03  0.00000000E+00  0.69999999E+00  0.10000000E+04
  0.65000000E+01  0.00000000E+00  0.00000000E+00  0.00000000E+00  0.10000000E+04  0.00000000E+00  0.12500000E+03  0.00000000E+00  0.69999999E+00  0.10000000E+04
  0.70000000E+01  0.00000000E+00  0.00000000E+00  0.00000000E+00  0.10000000E+04  0.00000000E+00  0.12500000E+03  0.00000000E+00  0.69999999E+00  0.10000000E+04
  0.75000000E+01  0.00000000E+00  0.00000000E+00  0.00000000E+00  0.10000000E+04  0.00000000E+00  0.12500000E+03  0.00000000E+00  0.69999999E+00  0.10000000E+04
  0.25000000E+00 -0.25000000E+00  0.00000000E+00  0.00000000E+00  0.99826929E+03 -0.33781316E+04  0.12500000E+03  0.11935879E-02  0.69999999E+00  0.99999866E+03
  0.75000000E+00 -0.25000000E+00  0.00000000E+00  0.00000000E+00  0.10072675E+04  0.14573455E+05  0.12500000E+03  0.27657347E-02  0.69999999E+00  0.99999683E+03
  0.12500000E+01 -0.25000000E+00  0.00000000E+00  0.00000000E+00  0.10074332E+04  0.14913165E+05  0.12500000E+03  0.21628630E-02  0.69999999E+00  0.99999750E+03
  0.17500000E+01 -0.25000000E+00  0.00000000E+00  0.00000000E+00  0.99899438E+03 -0.19670255E+04  0.12500000E+03  0.31723890E-02  0.69999999E+00  0.99999640E+03
  0.22500000E+01 -0.25000000E+00  0.00000000E+00  0.00000000E+00  0.99642371E+03 -0.69418252E+04  0.12500000E+03  0.27283083E-02  0.69999999E+00  0.99999689E+03
  0.27500000E+01 -0.25000000E+00  0.00000000E+00  0.00000000E+00  0.10132736E+04  0.27103092E+05  0.12500000E+03  0.16525305E-03  0.69999999E+00  0.99999982E+03
  0.32500000E+01 -0.25000000E+00  0.00000000E+00  0.00000000E+00  0.10066324E+04  0.13274664E+05  0.12500000E+03  0.30087389E-03  0.69999999E+00  0.99999963E+03
  0.37500000E+01 -0.25000000E+00  0.00000000E+00  0.00000000E+00  0.10000066E+04  0.12864128E+02  0.12500000E+03 -0.31315314E-04  0.69999999E+00  0.10000001E+04
  0.42500000E+01 -0.25000000E+00  0.00000000E+00  0.00000000E+00  0.10000000E+04  0.00000000E+00  0.12500000E+03  0.00000000E+00  0.69999999E+00  0.10000000E+04
  0.47500000E+01 -0.25000000E+00  0.00000000E+00  0.00000000E+00  0.10000000E+04  0.00000000E+00  0.12500000E+03  0.00000000E+00  0.69999999E+00  0.10000000E+04
  0.52500000E+01 -0.25000000E+00  0.00000000E+00  0.00000000E+00  0.10000000E+04  0.00000000E+00  0.12500000E+03  0.00000000E+00  0.69999999E+00  0.10000000E+04
  0.57500000E+01 -0.25000000E+00  0.00000000E+00  0.00000000E+00  0.10000000E+04  0.00000000E+00  0.12500000E+03  0.00000000E+00  0.69999999E+00  0.10000000E+04
  0.62500000E+01 -0.25000000E+00  0.00000000E+00  0.00000000E+00  0.10000000E+04  0.00000000E+00  0.12500000E+03  0.00000000E+00  0.69999999E+00  0.10000000E+04
  0.67500000E+01 -0.25000000E+00  0.00000000E+00  0.00000000E+00  0.10000000E+04  0.00000000E+00  0.12500000E+03  0.00000000E+00  0.69999999E+00  0.10000000E+04
  0.72500000E+01 -0.25000000E+00  0.00000000E+00  0.00000000E+00  0.10000000E+04  0.00000000E+00  0.12500000E+03  0.00000000E+00  0.69999999E+00  0.10000000E+04
  0.77500000E+01 -0.25000000E+00  0.00000000E+00  0.00000000E+00  0.10000000E+04  0.00000000E+00  0.12500000E+03  0.00000000E+00  0.69999999E+00  0.10000000E+04
  0.40000000E+01  0.50000000E+00  0.00000000E+00  0.00000000E+00  0.10009520E+04  0.18731776E+04  0.12500000E+03 -0.37300098E-04  0.69999999E+00  0.10000001E+04
  0.37500000E+01  0.25000000E+00  0.00000000E+00  0.00000000E+00  0.99997485E+03 -0.49346779E+02  0.12500000E+03 -0.15569758E-03  0.69999999E+00  0.10000002E+04
  0.40000000E+01  0.10000000E+01  0.00000000E+00  0.00000000E+00  0.10003583E+04  0.70359113E+03  0.12500000E+03  0.52043822E-06  0.69999999E+00  0.10000000E+04
  0.37500000E+01  0.75000000E+00  0.00000000E+00  0.00000000E+00  0.10029965E+04  0.59321377E+04  0.12500000E+03  0.99809302E-04  0.69999999E+00  0.99999988E+03
  0.40000000E+01  0.15000000E+01  0.00000000E+00  0.00000000E+00  0.10003630E+04  0.71296692E+03  0.12500000E+03  0.46352801E-04  0.69999999E+00  0.99999994E+03
  0.37500000E+01  0.12500000E+01  0.00000000E+00  0.00000000E+00  0.10074459E+04  0.14939329E+05  0.12500000E+03  0.14215725E-03  0.69999999E+00  0.99999982E+03
  0.40000000E+01  0.20000000E+01  0.00000000E+00  0.00000000E+00  0.10000315E+04  0.61752430E+02  0.12500000E+03  0.20776821E-04  0.69999999E+00  0.10000000E+04
  0.37500000E+01  0.17500000E+01  0.00000000E+00  0.00000000E+00  0.10029641E+04  0.58676123E+04  0.12500000E+03  0.14463566E-03  0.69999999E+00  0.99999982E+03
  0.45000000E+01  0.50000000E+00  0.00000000E+00  0.00000000E+00  0.10000000E+04  0.00000000E+00  0.12500000E+03  0.00000000E+00  0.69999999E+00  0.10000000E+04
  0.42500000E+01  0.25000000E+00  0.00000000E+00  0.00000000E+00  0.10000018E+04  0.35083482E+01  0.12500000E+03 -0.74084828E-05  0.69999999E+00  0.10000000E+04
  0.45000000E+01  0.10000000E+01  0.00000000E+00  0.00000000E+00  0.10000000E+04  0.00000000E+00  0.12500000E+03  0.00000000E+00  0.69999999E+00  0.10000000E+04
  0.42500000E+01  0.75000000E+00  0.00000000E+00  0.00000000E+00  0.10001102E+04  0.21641856E+03  0.12500000E+03 -0.17495760E-05  0.69999999E+00  0.10000000E+04
  0.45000000E+01  0.15000000E+01  0.00000000E+00  0.00000000E+00  0.10000000E+04  0.00000000E+00  0.12500000E+03  0.00000000E+00  0.69999999E+00  0.10000000E+04
  0.42500000E+01  0.12500000E+01  0.00000000E+00  0.00000000E+00  0.10000011E+04  0.21050045E+01  0.12500000E+03  0.48762436E-05  0.69999999E+00  0.10000000E+04
  0.45000000E+01  0.20000000E+01  0.00000000E+00  0.00000000E+00  0.10000000E+04  0.00000000E+00  0.12500000E+03  0.00000000E+00  0.69999999E+00  0.10000000E+04
  0.42500000E+01  0.17500000E+01  0.00000000E+00  0.00000000E+00  0.10000000E+04  0.00000000E+00  0.12500000E+03  0.00000000E+00  0.69999999E+00  0.10000000E+04
  0.50000000E+01  0.50000000E+00  0.00000000E+00  0.00000000E+00  0.10000000E+04  0.00000000E+00  0.12500000E+03  0.00000000E+00  0.69999999E+00  0.10000000E+04
  0.47500000E+01  0.25000000E+00  0.00000000E+00  0.00000000E+00  0.10000000E+04  0.00000000E+00  0.12500000E+03  0.00000000E+00  0.69999999E+00  0.10000000E+04
  0.50000000E+01  0.10000000E+01  0.00000000E+00  0.00000000E+00  0.10000000E+04  0.00000000E+00  0.12500000E+03  0.00000000E+00  0.69999999E+00  0.10000000E+04
  0.47500000E+01  0.75000000E+00  0.00000000E+00  0.00000000E+00  0.10000000E+04  0.00000000E+00  0.12500000E+03  0.00000000E+00  0.69999999E+00  0.10000000E+04
  0.50000000E+01  0.15000000E+01  0.00000000E+00  0.00000000E+00  0.10000000E+04  0.00000000E+00  0.12500000E+03  0.00000000E+00  0.69999999E+00  0.10000000E+04
  0.47500000E+01  0.12500000E+01  0.00000000E+00  0.00000000E+00  0.10000000E+04  0.00000000E+00  0.12500000E+03  0.00000000E+00  0.69999999E+00  0.10000000E+04
  0.50000000E+01  0.20000000E+01  0.00000000E+00  0.00000000E+00  0.10000000E+04  0.00000000E+00  0.12500000E+03  0.00000000E+00  0.69999999E+00  0.10000000E+04
  0.47500000E+01  0.17500000E+01  0.00000000E+00  0.00000000E+00  0.10000000E+04  0.00000000E+00  0.12500000E+03  0.00000000E+00  0.69999999E+00  0.10000000E+04
  0.75201702E+00  0.25425985E+00  0.40486276E+00  0.19035116E-02  0.10033928E+04  0.67248438E+04  0.12576698E+03  0.12576698E+03  0.10000000E+01  0.00000000E+00
  0.51879656E+00  0.51284456E+00  0.17320520E+00  0.18635498E+00  0.10035953E+04  0.71303853E+04  0.12561582E+03  0.12561297E+03  0.10000000E+01  0.00000000E+00
  0.69677281E+00  0.62887239E+00 -0.57527453E+00 -0.32950369E+00  0.10047430E+04  0.94391895E+04  0.12546356E+03  0.12546356E+03  0.10000000E+01  0.00000000E+00
  0.86651820E+00  0.81368887E+00  0.73262215E+00 -0.39354376E-02  0.10086067E+04  0.17328604E+05  0.12531018E+03  0.12531018E+03  0.10000000E+01  0.00000000E+00
  0.11274792E+01  0.11712286E+01  0.11502995E+01 -0.66390729E+00  0.10009642E+04  0.18974070E+04  0.12515567E+03  0.12515567E+03  0.10000000E+01  0.00000000E+00
  0.12651293E+01  0.14621315E+01  0.23030496E+01  0.34668738E+00  0.99842432E+03 -0.30769641E+04  0.12500000E+03  0.12500000E+03  0.10000000E+01  0.00000000E+00
  0.13419845E+01  0.20420638E+00  0.34794524E+00  0.43277651E-01  0.10079756E+04  0.16027755E+05  0.12576698E+03  0.12576299E+03  0.10000000E+01  0.00000000E+00
  0.10626425E+01  0.47424841E+00 -0.16861373E+00  0.70001937E-01  0.10006625E+04  0.13025398E+04  0.12561582E+03  0.12561182E+03  0.10000000E+01  0.00000000E+00
  0.14199090E+01  0.63456285E+00 -0.13353482E+00  0.12778243E+00  0.10061324E+04  0.12255323E+05  0.12546356E+03  0.12546356E+03  0.10000000E+01  0.00000000E+00
  0.11810879E+01  0.86430871E+00  0.11018512E+00 -0.72538078E+00  0.10015402E+04  0.30358396E+04  0.12531018E+03  0.12531018E+03  0.10000000E+01  0.00000000E+00
  0.15553997E+01  0.12107289E+01  0.37659496E+00 -0.89613870E-01  0.98893884E+03 -0.20994928E+05  0.12515567E+03  0.12515567E+03  0.10000000E+01  0.00000000E+00
  0.12856110E+01  0.15262563E+01  0.63355577E+00 -0.16812339E+00  0.99914777E+03 -0.16678009E+04  0.12500000E+03  0.12500000E+03  0.10000000E+01  0.00000000E+00
  0.19174893E+01  0.29298231E+00  0.48421180E+00  0.24676344E+00  0.99376007E+03 -0.12015969E+05  0.12576698E+03  0.12576299E+03  0.10000000E+01  0.00000000E+00
  0.16800182E+01  0.49058342E+00  0.66753697E+00  0.40243119E+00  0.10099919E+04  0.20201607E+05  0.12561582E+03  0.12561182E+03  0.10000000E+01  0.00000000E+00
  0.21232238E+01  0.72106028E+00  0.20076008E+01  0.15478803E+00  0.10139650E+04  0.28574342E+05  0.12546356E+03  0.12546356E+03  0.10000000E+01  0.00000000E+00
  0.17300358E+01  0.86283159E+00  0.45127159E+00 -0.39938468E+00  0.10064375E+04  0.12877015E+05  0.12531018E+03  0.12531018E+03  0.10000000E+01  0.00000000E+00
  0.19858093E+01  0.11109214E+01  0.91357017E+00  0.18457535E+00  0.10054142E+04  0.10796862E+05  0.12515567E+03  0.12515567E+03  0.10000000E+01  0.00000000E+00
  0.17649333E+01  0.14524734E+01  0.51938730E+00  0.22852987E+00  0.99832568E+03 -0.32685117E+04  0.12500000E+03  0.12500000E+03  0.10000000E+01  0.00000000E+00
  0.20998178E+01  0.49217984E+00 -0.16382884E+01  0.11240424E+01  0.98922980E+03 -0.20460500E+05  0.12576698E+03  0.12576698E+03  0.10000000E+01  0.00000000E+00
  0.23707366E+01  0.50825053E+00 -0.10206337E+00  0.32868117E-01  0.99403204E+03 -0.11501600E+05  0.12561582E+03  0.12561440E+03  0.10000000E+01  0.00000000E+00
  0.26830325E+01  0.52552819E+00 -0.11094170E+00  0.46538744E-01  0.10053466E+04  0.10659908E+05  0.12546356E+03  0.12546288E+03  0.10000000E+01  0.00000000E+00
  0.24757314E+01  0.87409294E+00  0.13184677E+01 -0.51903188E+00  0.99488104E+03 -0.98904854E+04  0.12531018E+03  0.12531018E+03  0.10000000E+01  0.00000000E+00
  0.27232804E+01  0.12173765E+01  0.64114168E-01 -0.20912865E+00  0.99116858E+03 -0.16874912E+05  0.12515567E+03  0.12515567E+03  0.10000000E+01  0.00000000E+00
  0.22092710E+01  0.13964601E+01  0.11131454E+01  0.88508523E+00  0.99673395E+03 -0.63455186E+04  0.12500000E+03  0.12500000E+03  0.10000000E+01  0.00000000E+00
  0.25543113E+01  0.11898491E+01 -0.17729576E+01  0.18531189E+01  0.10035497E+04  0.70391074E+04  0.12561582E+03  0.12561399E+03  0.10000000E+01  0.00000000E+00
  0.28538585E+01  0.91528451E+00 -0.68016624E+00  0.26347190E+00  0.10103079E+04  0.20860377E+05  0.12531018E+03  0.12531018E+03  0.10000000E+01  0.00000000E+00
  0.27489367E+01  0.16140041E+01 -0.16874164E+01  0.14999237E+01  0.98667096E+03 -0.25128754E+05  0.12500000E+03  0.12500000E+03  0.10000000E+01  0.00000000E+00
