  0.00000000E+00  0.00000000E+00  0.00000000E+00  0.00000000E+00  0.10013669E+04  0.26930247E+04  0.12500000E+03  0.28031662E-02  0.69999999E+00  0.99999677E+03
  0.00000000E+00  0.50000000E+00  0.00000000E+00  0.00000000E+00  0.10164448E+04  0.33900812E+05  0.12500000E+03  0.42439871E-02  0.69999999E+00  0.99999506E+03
  0.00000000E+00  0.10000000E+01  0.00000000E+00  0.00000000E+00  0.10190951E+04  0.39680297E+05  0.12500000E+03  0.44497643E-02  0.69999999E+00  0.99999481E+03
  0.00000000E+00  0.15000000E+01  0.00000000E+00  0.00000000E+00  0.10179705E+04  0.37216781E+05  0.12500000E+03  0.17043487E-02  0.69999999E+00  0.99999805E+03
  0.00000000E+00  0.20000000E+01  0.00000000E+00  0.00000000E+00  0.10209242E+04  0.43722102E+05  0.12500000E+03 -0.22724574E-02  0.69999999E+00  0.10000026E+04
  0.00000000E+00  0.25000000E+01  0.00000000E+00  0.00000000E+00  0.10034517E+04  0.68427773E+04  0.12500000E+03  0.53545792E-03  0.69999999E+00  0.99999939E+03
  0.00000000E+00  0.30000000E+01  0.00000000E+00  0.00000000E+00  0.10000026E+04  0.51455903E+01  0.12500000E+03  0.38292605E-04  0.69999999E+00  0.99999994E+03
  0.00000000E+00  0.35000000E+01  0.00000000E+00  0.00000000E+00  0.10000000E+04  0.00000000E+00  0.12500000E+03  0.00000000E+00  0.69999999E+00  0.10000000E+04
  0.00000000E+00  0.40000000E+01  0.00000000E+00  0.00000000E+00  0.10000000E+04  0.00000000E+00  0.12500000E+03  0.00000000E+00  0.69999999E+00  0.10000000E+04
 -0.25000000E+00 -0.25000000E+00  0.00000000E+00  0.00000000E+00  0.10006414E+04  0.12607445E+04  0.12500000E+03  0.52005530E-03  0.69999999E+00  0.99999939E+03
 -0.25000000E+00  0.25000000E+00  0.00000000E+00  0.00000000E+00  0.10006244E+04  0.12274060E+04  0.12500000E+03  0.12918734E-02  0.69999999E+00  0.99999854E+03
 -0.25000000E+00  0.75000000E+00  0.00000000E+00  0.00000000E+00  0.10036458E+04  0.72317280E+04  0.12500000E+03  0.74529194E-03  0.69999999E+00  0.99999915E+03
 -0.25000000E+00  0.12500000E+01  0.00000000E+00  0.00000000E+00  0.10027914E+04  0.55228135E+04  0.12500000E+03  0.14013895E-02  0.69999999E+00  0.99999841E+03
 -0.25000000E+00  0.17500000E+01  0.00000000E+00  0.00000000E+00  0.10009033E+04  0.17772186E+04  0.12500000E+03 -0.46038278E-03  0.69999999E+00  0.10000005E+04
 -0.25000000E+00  0.22500000E+01  0.00000000E+00  0.00000000E+00  0.10015139E+04  0.29839109E+04  0.12500000E+03 -0.18548567E-03  0.69999999E+00  0.10000002E+04
 -0.25000000E+00  0.27500000E+01  0.00000000E+00  0.00000000E+00  0.10000007E+04  0.14033347E+01  0.12500000E+03  0.17473474E-04  0.69999999E+00  0.10000000E+04
 -0.25000000E+00  0.32500000E+01  0.00000000E+00  0.00000000E+00  0.10000000E+04  0.00000000E+00  0.12500000E+03  0.35248262E-40  0.69999999E+00  0.10000000E+04
 -0.25000000E+00  0.37500000E+01  0.00000000E+00  0.00000000E+00  0.10000000E+04  0.00000000E+00  0.12500000E+03  0.00000000E+00  0.69999999E+00  0.10000000E+04
  0.80000000E+01  0.00000000E+00  0.00000000E+00  0.00000000E+00  0.10000000E+04  0.00000000E+00  0.12500000E+03  0.00000000E+00  0.69999999E+00  0.10000000E+04
  0.80000000E+01  0.50000000E+00  0.00000000E+00  0.00000000E+00  0.10000000E+04  0.00000000E+00  0.12500000E+03  0.00000000E+00  0.69999999E+00  0.10000000E+04
  0.80000000E+01  0.10000000E+01  0.00000000E+00  0.00000000E+00  0.10000000E+04  0.00000000E+00  0.12500000E+03  0.00000000E+00  0.69999999E+00  0.10000000E+04
  0.80000000E+01  0.15000000E+01  0.00000000E+00  0.00000000E+00  0.10000000E+04  0.00000000E+00  0.12500000E+03  0.00000000E+00  0.69999999E+00  0.10000000E+04
  0.80000000E+01  0.20000000E+01  0.00000000E+00  0.00000000E+00  0.10000000E+04  0.00000000E+00  0.12500000E+03  0.00000000E+00  0.69999999E+00  0.10000000E+04
  0.80000000E+01  0.25000000E+01  0.00000000E+00  0.00000000E+00  0.10000000E+04  0.00000000E+00  0.12500000E+03  0.00000000E+00  0.69999999E+00  0.10000000E+04
  0.80000000E+01  0.30000000E+01  0.00000000E+00  0.00000000E+00  0.10000000E+04  0.00000000E+00  0.12500000E+03  0.00000000E+00  0.69999999E+00  0.10000000E+04
  0.80000000E+01  0.35000000E+01  0.00000000E+00  0.00000000E+00  0.10000000E+04  0.00000000E+00  0.12500000E+03  0.00000000E+00  0.69999999E+00  0.10000000E+04
  0.80000000E+01  0.40000000E+01  0.00000000E+00  0.00000000E+00  0.10000000E+04  0.00000000E+00  0.12500000E+03  0.00000000E+00  0.69999999E+00  0.10000000E+04
  0.82500000E+01 -0.25000000E+00  0.00000000E+00  0.00000000E+00  0.10000000E+04  0.00000000E+00  0.12500000E+03  0.00000000E+00  0.69999999E+00  0.10000000E+04
  0.82500000E+01  0.25000000E+00  0.00000000E+00  0.00000000E+00  0.10000000E+04  0.00000000E+00  0.12500000E+03  0.00000000E+00  0.69999999E+00  0.10000000E+04
  0.82500000E+01  0.75000000E+00  0.00000000E+00  0.00000000E+00  0.10000000E+04  0.00000000E+00  0.12500000E+03  0.00000000E+00  0.69999999E+00  0.10000000E+04
  0.82500000E+01  0.12500000E+01  0.00000000E+00  0.00000000E+00  0.10000000E+04  0.00000000E+00  0.12500000E+03  0.00000000E+00  0.69999999E+00  0.10000000E+04
  0.82500000E+01  0.17500000E+01  0.00000000E+00  0.00000000E+00  0.10000000E+04  0.00000000E+00  0.12500000E+03  0.00000000E+00  0.69999999E+00  0.10000000E+04
  0.82500000E+01  0.22500000E+01  0.00000000E+00  0.00000000E+00  0.10000000E+04  0.00000000E+00  0.12500000E+03  0.00000000E+00  0.69999999E+00  0.10000000E+04
  0.82500000E+01  0.27500000E+01  0.00000000E+00  0.00000000E+00  0.10000000E+04  0.00000000E+00  0.12500000E+03  0.00000000E+00  0.69999999E+00  0.10000000E+04
  0.82500000E+01  0.32500000E+01  0.00000000E+00  0.00000000E+00  0.10000000E+04  0.00000000E+00  0.12500000E+03  0.00000000E+00  0.69999999E+00  0.10000000E+04
  0.82500000E+01  0.37500000E+01  0.00000000E+00  0.00000000E+00  0.10000000E+04  0.00000000E+00  0.12500000E+03  0.00000000E+00  0.69999999E+00  0.10000000E+04
  0.50000000E+00  0.00000000E+00  0.00000000E+00  0.00000000E+00  0.10472921E+04  0.10703952E+06  0.12500000E+03  0.14268341E-01  0.69999999E+00  0.99998291E+03
  0.10000000E+01  0.00000000E+00  0.00000000E+00  0.00000000E+00  0.10716509E+04  0.17467531E+06  0.12500000E+03  0.84445849E-02  0.69999999E+00  0.99998969E+03
  0.15000000E+01  0.00000000E+00  0.00000000E+00  0.00000000E+00  0.10261229E+04  0.55449352E+05  0.12500000E+03  0.24473026E-01  0.69999999E+00  0.99997131E+03
  0.20000000E+01  0.00000000E+00  0.00000000E+00  0.00000000E+00  0.11271326E+04  0.36749181E+06  0.12500000E+03  0.28738273E-01  0.69999999E+00  0.99996295E+03
  0.25000000E+01  0.00000000E+00  0.00000000E+00  0.00000000E+00  0.10380975E+04  0.83853945E+05  0.12500000E+03  0.10054268E-01  0.69999999E+00  0.99998810E+03
  0.30000000E+01  0.00000000E+00  0.00000000E+00  0.00000000E+00  0.10314868E+04  0.67928812E+05  0.12500000E+03  0.11784632E-01  0.69999999E+00  0.99998608E+03
  0.35000000E+01  0.00000000E+00  0.00000000E+00  0.00000000E+00  0.10008030E+04  0.15792742E+04  0.12500000E+03  0.50082868E-02  0.69999999E+00  0.99999426E+03
  0.40000000E+01  0.00000000E+00  0.00000000E+00  0.00000000E+00  0.10000137E+04  0.26898298E+02  0.12500000E+03 -0.68247195E-04  0.69999999E+00  0.10000001E+04
  0.45000000E+01  0.00000000E+00  0.00000000E+00  0.00000000E+00  0.10000000E+04  0.00000000E+00  0.12500000E+03  0.18516506E-38  0.69999999E+00  0.10000000E+04
  0.50000000E+01  0.00000000E+00  0.00000000E+00  0.00000000E+00  0.10000000E+04  0.00000000E+00  0.12500000E+03 -0.10047310E-40  0.69999999E+00  0.10000000E+04
  0.55000000E+01  0.00000000E+00  0.00000000E+00  0.00000000E+00  0.10000000E+04  0.00000000E+00  0.12500000E+03  0.00000000E+00  0.69999999E+00  0.10000000E+04
  0.60000000E+01  0.00000000E+00  0.00000000E+00  0.00000000E+00  0.10000000E+04  0.00000000E+00  0.12500000E+03  0.00000000E+00  0.69999999E+00  0.10000000E+04
  0.65000000E+01  0.00000000E+00  0.00000000E+00  0.00000000E+00  0.10000000E+04  0.00000000E+00  0.12500000E+03  0.00000000E+00  0.69999999E+00  0.10000000E+04
  0.70000000E+01  0.00000000E+00  0.00000000E+00  0.00000000E+00  0.10000000E+04  0.00000000E+00  0.12500000E+03  0.00000000E+00  0.69999999E+00  0.10000000E+04
  0.75000000E+01  0.00000000E+00  0.00000000E+00  0.00000000E+00  0.10000000E+04  0.00000000E+00  0.12500000E+03  0.00000000E+00  0.69999999E+00  0.10000000E+04
  0.25000000E+00 -0.25000000E+00  0.00000000E+00  0.00000000E+00  0.10057455E+04  0.11468905E+05  0.12500000E+03  0.35771062E-02  0.69999999E+00  0.99999591E+03
  0.75000000E+00 -0.25000000E+00  0.00000000E+00  0.00000000E+00  0.10264475E+04  0.56193512E+05  0.12500000E+03  0.10210166E-01  0.69999999E+00  0.99998804E+03
  0.12500000E+01 -0.25000000E+00  0.00000000E+00  0.00000000E+00  0.10103829E+04  0.21016863E+05  0.12500000E+03  0.78138597E-02  0.69999999E+00  0.99999097E+03
  0.17500000E+01 -0.25000000E+00  0.00000000E+00  0.00000000E+00  0.10146171E+04  0.29967410E+05  0.12500000E+03  0.12057830E-01  0.69999999E+00  0.99998602E+03
  0.22500000E+01 -0.25000000E+00  0.00000000E+00  0.00000000E+00  0.10012676E+04  0.24964148E+04  0.12500000E+03  0.12354081E-01  0.69999999E+00  0.99998584E+03
  0.27500000E+01 -0.25000000E+00  0.00000000E+00  0.00000000E+00  0.10029640E+04  0.58673740E+04  0.12500000E+03  0.64586522E-02  0.69999999E+00  0.99999261E+03
  0.32500000E+01 -0.25000000E+00  0.00000000E+00  0.00000000E+00  0.10003192E+04  0.62695392E+03  0.12500000E+03  0.45999759E-02  0.69999999E+00  0.99999475E+03
  0.37500000E+01 -0.25000000E+00  0.00000000E+00  0.00000000E+00  0.10000070E+04  0.13565822E+02  0.12500000E+03 -0.15635355E-03  0.69999999E+00  0.10000002E+04
  0.42500000E+01 -0.25000000E+00  0.00000000E+00  0.00000000E+00  0.10000000E+04  0.00000000E+00  0.12500000E+03 -0.55547303E-35  0.69999999E+00  0.10000000E+04
  0.47500000E+01 -0.25000000E+00  0.00000000E+00  0.00000000E+00  0.10000000E+04  0.00000000E+00  0.12500000E+03 -0.40116569E-38  0.69999999E+00  0.10000000E+04
  0.52500000E+01 -0.25000000E+00  0.00000000E+00  0.00000000E+00  0.10000000E+04  0.00000000E+00  0.12500000E+03  0.00000000E+00  0.69999999E+00  0.10000000E+04
  0.57500000E+01 -0.25000000E+00  0.00000000E+00  0.00000000E+00  0.10000000E+04  0.00000000E+00  0.12500000E+03  0.00000000E+00  0.69999999E+00  0.10000000E+04
  0.62500000E+01 -0.25000000E+00  0.00000000E+00  0.00000000E+00  0.10000000E+04  0.00000000E+00  0.12500000E+03  0.00000000E+00  0.69999999E+00  0.10000000E+04
  0.67500000E+01 -0.25000000E+00  0.00000000E+00  0.00000000E+00  0.10000000E+04  0.00000000E+00  0.12500000E+03  0.00000000E+00  0.69999999E+00  0.10000000E+04
  0.72500000E+01 -0.25000000E+00  0.00000000E+00  0.00000000E+00  0.10000000E+04  0.00000000E+00  0.12500000E+03  0.00000000E+00  0.69999999E+00  0.10000000E+04
  0.77500000E+01 -0.25000000E+00  0.00000000E+00  0.00000000E+00  0.10000000E+04  0.00000000E+00  0.12500000E+03  0.00000000E+00  0.69999999E+00  0.10000000E+04
  0.40000000E+01  0.50000000E+00  0.00000000E+00  0.00000000E+00  0.10007537E+04  0.14819912E+04  0.12500000E+03 -0.56745706E-03  0.69999999E+00  0.10000007E+04
  0.37500000E+01  0.25000000E+00  0.00000000E+00  0.00000000E+00  0.10017928E+04  0.35364258E+04  0.12500000E+03 -0.24360605E-02  0.69999999E+00  0.10000028E+04
  0.40000000E+01  0.10000000E+01  0.00000000E+00  0.00000000E+00  0.10037208E+04  0.73823643E+04  0.12500000E+03 -0.11787831E-03  0.69999999E+00  0.10000001E+04
  0.37500000E+01  0.75000000E+00  0.00000000E+00  0.00000000E+00  0.10480021E+04  0.10888138E+06  0.12500000E+03  0.10994154E-02  0.69999999E+00  0.99999866E+03
  0.40000000E+01  0.15000000E+01  0.00000000E+00  0.00000000E+00  0.10002512E+04  0.49317484E+03  0.12500000E+03  0.53427601E-03  0.69999999E+00  0.99999939E+03
  0.37500000E+01  0.12500000E+01  0.00000000E+00  0.00000000E+00  0.10203248E+04  0.42392867E+05  0.12500000E+03  0.13416386E-02  0.69999999E+00  0.99999841E+03
  0.40000000E+01  0.20000000E+01  0.00000000E+00  0.00000000E+00  0.10013503E+04  0.26600125E+04  0.12500000E+03  0.38575369E-03  0.69999999E+00  0.99999957E+03
  0.37500000E+01  0.17500000E+01  0.00000000E+00  0.00000000E+00  0.10113469E+04  0.23035025E+05  0.12500000E+03  0.27466246E-02  0.69999999E+00  0.99999683E+03
  0.45000000E+01  0.50000000E+00  0.00000000E+00  0.00000000E+00  0.10000000E+04  0.00000000E+00  0.12500000E+03  0.11826732E-37  0.69999999E+00  0.10000000E+04
  0.42500000E+01  0.25000000E+00  0.00000000E+00  0.00000000E+00  0.10000018E+04  0.35083482E+01  0.12500000E+03 -0.74084828E-05  0.69999999E+00  0.10000000E+04
  0.45000000E+01  0.10000000E+01  0.00000000E+00  0.00000000E+00  0.10000000E+04  0.00000000E+00  0.12500000E+03 -0.78781000E-41  0.69999999E+00  0.10000000E+04
  0.42500000E+01  0.75000000E+00  0.00000000E+00  0.00000000E+00  0.10000916E+04  0.17967581E+03  0.12500000E+03 -0.21151425E-04  0.69999999E+00  0.10000000E+04
  0.45000000E+01  0.15000000E+01  0.00000000E+00  0.00000000E+00  0.10000000E+04  0.00000000E+00  0.12500000E+03 -0.49196786E-40  0.69999999E+00  0.10000000E+04
  0.42500000E+01  0.12500000E+01  0.00000000E+00  0.00000000E+00  0.10000066E+04  0.12864128E+02  0.12500000E+03  0.64903998E-05  0.69999999E+00  0.10000000E+04
  0.45000000E+01  0.20000000E+01  0.00000000E+00  0.00000000E+00  0.10000000E+04  0.00000000E+00  0.12500000E+03  0.45267546E-40  0.69999999E+00  0.10000000E+04
  0.42500000E+01  0.17500000E+01  0.00000000E+00  0.00000000E+00  0.10000031E+04  0.60811610E+01  0.12500000E+03 -0.35628464E-05  0.69999999E+00  0.10000000E+04
  0.50000000E+01  0.50000000E+00  0.00000000E+00  0.00000000E+00  0.10000000E+04  0.00000000E+00  0.12500000E+03  0.95708685E-41  0.69999999E+00  0.10000000E+04
  0.47500000E+01  0.25000000E+00  0.00000000E+00  0.00000000E+00  0.10000000E+04  0.00000000E+00  0.12500000E+03  0.39683455E-38  0.69999999E+00  0.10000000E+04
  0.50000000E+01  0.10000000E+01  0.00000000E+00  0.00000000E+00  0.10000000E+04  0.00000000E+00  0.12500000E+03  0.00000000E+00  0.69999999E+00  0.10000000E+04
  0.47500000E+01  0.75000000E+00  0.00000000E+00  0.00000000E+00  0.10000000E+04  0.00000000E+00  0.12500000E+03  0.10016481E-40  0.69999999E+00  0.10000000E+04
  0.50000000E+01  0.15000000E+01  0.00000000E+00  0.00000000E+00  0.10000000E+04  0.00000000E+00  0.12500000E+03 -0.35539732E-40  0.69999999E+00  0.10000000E+04
  0.47500000E+01  0.12500000E+01  0.00000000E+00  0.00000000E+00  0.10000000E+04  0.00000000E+00  0.12500000E+03 -0.34329010E-40  0.69999999E+00  0.10000000E+04
  0.50000000E+01  0.20000000E+01  0.00000000E+00  0.00000000E+00  0.10000000E+04  0.00000000E+00  0.12500000E+03  0.32005657E-40  0.69999999E+00  0.10000000E+04
  0.47500000E+01  0.17500000E+01  0.00000000E+00  0.00000000E+00  0.10000000E+04  0.00000000E+00  0.12500000E+03 -0.12527608E-41  0.69999999E+00  0.10000000E+04
  0.28090837E+01  0.95028150E+00  0.15031143E-01  0.47974026E+00  0.10046440E+04  0.92395303E+04  0.12576698E+03  0.12576656E+03  0.10000000E+01  0.00000000E+00
  0.90871739E+00  0.14323722E+01  0.21210250E+00  0.49137092E+00  0.99663550E+03 -0.65348994E+04  0.12561582E+03  0.12561256E+03  0.10000000E+01  0.00000000E+00
  0.18139970E+01  0.11472256E+01  0.39969197E+00  0.30276203E+00  0.10110573E+04  0.22427389E+05  0.12546356E+03  0.12546323E+03  0.10000000E+01  0.00000000E+00
  0.26556365E+01  0.14914591E+01  0.15181731E-02 -0.36311901E+00  0.10035208E+04  0.69810566E+04  0.12531018E+03  0.12531044E+03  0.10000000E+01  0.00000000E+00
  0.20568323E+01  0.15180429E+01 -0.18582911E+01 -0.63952768E+00  0.10004933E+04  0.96926459E+03  0.12515567E+03  0.12515567E+03  0.10000000E+01  0.00000000E+00
  0.25382228E+01  0.15389128E+01 -0.34392929E+00 -0.31201506E+00  0.10039485E+04  0.78394692E+04  0.12500000E+03  0.12499985E+03  0.10000000E+01  0.00000000E+00
  0.26636887E+01  0.84216821E+00  0.37264428E+00 -0.63249292E-02  0.10060715E+04  0.12131605E+05  0.12576698E+03  0.12575461E+03  0.10000000E+01  0.00000000E+00
  0.86350536E+00  0.96786177E+00 -0.53286767E+00  0.83840019E+00  0.99775995E+03 -0.43655762E+04  0.12561582E+03  0.12560609E+03  0.10000000E+01  0.00000000E+00
  0.77749956E+00  0.11383845E+01  0.53620167E-01  0.50620174E+00  0.99995325E+03 -0.91671494E+02  0.12546356E+03  0.12546051E+03  0.10000000E+01  0.00000000E+00
  0.27905371E+01  0.81463373E+00 -0.73870140E+00 -0.68991554E+00  0.10034406E+04  0.68205723E+04  0.12531018E+03  0.12531038E+03  0.10000000E+01  0.00000000E+00
  0.10432178E+01  0.91828048E+00 -0.49330801E-01  0.45114642E+00  0.99921619E+03 -0.15342064E+04  0.12515567E+03  0.12515535E+03  0.10000000E+01  0.00000000E+00
  0.69601572E+00  0.87409329E+00  0.29439691E+00  0.18028471E+00  0.10058617E+04  0.11704761E+05  0.12500000E+03  0.12500000E+03  0.10000000E+01  0.00000000E+00
  0.17652490E+01  0.96860874E+00 -0.10463858E+01 -0.18754727E+00  0.10004385E+04  0.86160925E+03  0.12576698E+03  0.12575644E+03  0.10000000E+01  0.00000000E+00
  0.25930908E+01  0.85387385E+00 -0.30788865E-01  0.25979921E-01  0.10079639E+04  0.16003470E+05  0.12561582E+03  0.12561059E+03  0.10000000E+01  0.00000000E+00
  0.26233292E+01  0.13028179E+01  0.45424132E-02 -0.15755901E+00  0.10035391E+04  0.70178447E+04  0.12546356E+03  0.12546005E+03  0.10000000E+01  0.00000000E+00
  0.13101375E+01  0.85463583E+00 -0.48265249E+00  0.13221711E+00  0.99998688E+03 -0.25726738E+02  0.12531018E+03  0.12530974E+03  0.10000000E+01  0.00000000E+00
  0.29284563E+01  0.93070483E+00 -0.30634803E+00  0.65969658E+00  0.10038917E+04  0.77252544E+04  0.12515567E+03  0.12515553E+03  0.10000000E+01  0.00000000E+00
  0.99202251E+00  0.17452157E+01 -0.53963892E-01  0.35902756E+00  0.99889087E+03 -0.21688726E+04  0.12500000E+03  0.12500612E+03  0.10000000E+01  0.00000000E+00
  0.98653710E+00  0.16376272E+01  0.25379625E+00  0.53300583E+00  0.99824927E+03 -0.34169004E+04  0.12576698E+03  0.12576566E+03  0.10000000E+01  0.00000000E+00
  0.23500099E+01  0.95511758E+00  0.29628062E+00 -0.27987376E+00  0.10051871E+04  0.10336703E+05  0.12561582E+03  0.12561228E+03  0.10000000E+01  0.00000000E+00
  0.15553141E+01  0.11389053E+01 -0.63124239E+00  0.55731744E-01  0.10134520E+04  0.27481996E+05  0.12546356E+03  0.12546202E+03  0.10000000E+01  0.00000000E+00
  0.20688899E+01  0.10223038E+01 -0.67182146E-01  0.18288183E+00  0.10049984E+04  0.99549990E+04  0.12531018E+03  0.12530890E+03  0.10000000E+01  0.00000000E+00
  0.19386840E+01  0.17082648E+01 -0.11045238E+00  0.38056242E+00  0.99959753E+03 -0.78865533E+03  0.12515567E+03  0.12515567E+03  0.10000000E+01  0.00000000E+00
  0.13184111E+01  0.87234235E+00  0.80436543E-01  0.26516265E+00  0.99920013E+03 -0.15656317E+04  0.12500000E+03  0.12500012E+03  0.10000000E+01  0.00000000E+00
  0.11705704E+01  0.17478330E+01  0.33670476E+00  0.31448025E+00  0.99802209E+03 -0.38577288E+04  0.12561582E+03  0.12560780E+03  0.10000000E+01  0.00000000E+00
  0.12486638E+01  0.19446499E+01 -0.75118089E+00  0.62103987E+00  0.99880243E+03 -0.23412205E+04  0.12531018E+03  0.12531004E+03  0.10000000E+01  0.00000000E+00
  0.21939948E+01  0.18628221E+01 -0.41893861E+00 -0.31701145E+00  0.10026302E+04  0.52014180E+04  0.12500000E+03  0.12500000E+03  0.10000000E+01  0.00000000E+00
