  0.00000000E+00  0.00000000E+00  0.00000000E+00  0.00000000E+00  0.10031964E+04  0.63317129E+04  0.12500000E+03  0.23969479E-02  0.69999999E+00  0.99999725E+03
  0.00000000E+00  0.50000000E+00  0.00000000E+00  0.00000000E+00  0.10390479E+04  0.86193852E+05  0.12500000E+03  0.29885862E-02  0.69999999E+00  0.99999646E+03
  0.00000000E+00  0.10000000E+01  0.00000000E+00  0.00000000E+00  0.10366130E+04  0.80224430E+05  0.12500000E+03  0.34854838E-02  0.69999999E+00  0.99999585E+03
  0.00000000E+00  0.15000000E+01  0.00000000E+00  0.00000000E+00  0.10206270E+04  0.43062188E+05  0.12500000E+03  0.11545843E-02  0.69999999E+00  0.99999866E+03
  0.00000000E+00  0.20000000E+01  0.00000000E+00  0.00000000E+00  0.10420133E+04  0.93578383E+05  0.12500000E+03 -0.15225015E-02  0.69999999E+00  0.10000018E+04
  0.00000000E+00  0.25000000E+01  0.00000000E+00  0.00000000E+00  0.10072084E+04  0.14452316E+05  0.12500000E+03  0.38159720E-03  0.69999999E+00  0.99999957E+03
  0.00000000E+00  0.30000000E+01  0.00000000E+00  0.00000000E+00  0.10000000E+04  0.00000000E+00  0.12500000E+03  0.60528782E-05  0.69999999E+00  0.10000000E+04
  0.00000000E+00  0.35000000E+01  0.00000000E+00  0.00000000E+00  0.10000000E+04  0.00000000E+00  0.12500000E+03  0.00000000E+00  0.69999999E+00  0.10000000E+04
  0.00000000E+00  0.40000000E+01  0.00000000E+00  0.00000000E+00  0.10000000E+04  0.00000000E+00  0.12500000E+03  0.00000000E+00  0.69999999E+00  0.10000000E+04
 -0.25000000E+00 -0.25000000E+00  0.00000000E+00  0.00000000E+00  0.10006414E+04  0.12607445E+04  0.12500000E+03  0.52005530E-03  0.69999999E+00  0.99999939E+03
 -0.25000000E+00  0.25000000E+00  0.00000000E+00  0.00000000E+00  0.10023132E+04  0.45702275E+04  0.12500000E+03  0.10613608E-02  0.69999999E+00  0.99999878E+03
 -0.25000000E+00  0.75000000E+00  0.00000000E+00  0.00000000E+00  0.10121826E+04  0.24793777E+05  0.12500000E+03  0.40417543E-03  0.69999999E+00  0.99999951E+03
 -0.25000000E+00  0.12500000E+01  0.00000000E+00  0.00000000E+00  0.10023849E+04  0.47127876E+04  0.12500000E+03  0.10865149E-02  0.69999999E+00  0.99999878E+03
 -0.25000000E+00  0.17500000E+01  0.00000000E+00  0.00000000E+00  0.10017192E+04  0.33905894E+04  0.12500000E+03 -0.35622937E-03  0.69999999E+00  0.10000004E+04
 -0.25000000E+00  0.22500000E+01  0.00000000E+00  0.00000000E+00  0.10014507E+04  0.28586072E+04  0.12500000E+03 -0.15484341E-03  0.69999999E+00  0.10000002E+04
 -0.25000000E+00  0.27500000E+01  0.00000000E+00  0.00000000E+00  0.10000000E+04  0.00000000E+00  0.12500000E+03  0.30380151E-41  0.69999999E+00  0.10000000E+04
 -0.25000000E+00  0.32500000E+01  0.00000000E+00  0.00000000E+00  0.10000000E+04  0.00000000E+00  0.12500000E+03  0.10089349E-41  0.69999999E+00  0.10000000E+04
 -0.25000000E+00  0.37500000E+01  0.00000000E+00  0.00000000E+00  0.10000000E+04  0.00000000E+00  0.12500000E+03  0.00000000E+00  0.69999999E+00  0.10000000E+04
  0.80000000E+01  0.00000000E+00  0.00000000E+00  0.00000000E+00  0.10000000E+04  0.00000000E+00  0.12500000E+03  0.00000000E+00  0.69999999E+00  0.10000000E+04
  0.80000000E+01  0.50000000E+00  0.00000000E+00  0.00000000E+00  0.10000000E+04  0.00000000E+00  0.12500000E+03  0.00000000E+00  0.69999999E+00  0.10000000E+04
  0.80000000E+01  0.10000000E+01  0.00000000E+00  0.00000000E+00  0.10000000E+04  0.00000000E+00  0.12500000E+03  0.00000000E+00  0.69999999E+00  0.10000000E+04
  0.80000000E+01  0.15000000E+01  0.00000000E+00  0.00000000E+00  0.10000000E+04  0.00000000E+00  0.12500000E+03  0.00000000E+00  0.69999999E+00  0.10000000E+04
  0.80000000E+01  0.20000000E+01  0.00000000E+00  0.00000000E+00  0.10000000E+04  0.00000000E+00  0.12500000E+03  0.00000000E+00  0.69999999E+00  0.10000000E+04
  0.80000000E+01  0.25000000E+01  0.00000000E+00  0.00000000E+00  0.10000000E+04  0.00000000E+00  0.12500000E+03  0.00000000E+00  0.69999999E+00  0.10000000E+04
  0.80000000E+01  0.30000000E+01  0.00000000E+00  0.00000000E+00  0.10000000E+04  0.00000000E+00  0.12500000E+03  0.00000000E+00  0.69999999E+00  0.10000000E+04
  0.80000000E+01  0.35000000E+01  0.00000000E+00  0.00000000E+00  0.10000000E+04  0.00000000E+00  0.12500000E+03  0.00000000E+00  0.69999999E+00  0.10000000E+04
  0.80000000E+01  0.40000000E+01  0.00000000E+00  0.00000000E+00  0.10000000E+04  0.00000000E+00  0.12500000E+03  0.00000000E+00  0.69999999E+00  0.10000000E+04
  0.82500000E+01 -0.25000000E+00  0.00000000E+00  0.00000000E+00  0.10000000E+04  0.00000000E+00  0.12500000E+03  0.00000000E+00  0.69999999E+00  0.10000000E+04
  0.82500000E+01  0.25000000E+00  0.00000000E+00  0.00000000E+00  0.10000000E+04  0.00000000E+00  0.12500000E+03  0.00000000E+00  0.69999999E+00  0.10000000E+04
  0.82500000E+01  0.75000000E+00  0.00000000E+00  0.00000000E+00  0.10000000E+04  0.00000000E+00  0.12500000E+03  0.00000000E+00  0.69999999E+00  0.10000000E+04
  0.82500000E+01  0.12500000E+01  0.00000000E+00  0.00000000E+00  0.10000000E+04  0.00000000E+00  0.12500000E+03  0.00000000E+00  0.69999999E+00  0.10000000E+04
  0.82500000E+01  0.17500000E+01  0.00000000E+00  0.00000000E+00  0.10000000E+04  0.00000000E+00  0.12500000E+03  0.00000000E+00  0.69999999E+00  0.10000000E+04
  0.82500000E+01  0.22500000E+01  0.00000000E+00  0.00000000E+00  0.10000000E+04  0.00000000E+00  0.12500000E+03  0.00000000E+00  0.69999999E+00  0.10000000E+04
  0.82500000E+01  0.27500000E+01  0.00000000E+00  0.00000000E+00  0.10000000E+04  0.00000000E+00  0.12500000E+03  0.00000000E+00  0.69999999E+00  0.10000000E+04
  0.82500000E+01  0.32500000E+01  0.00000000E+00  0.00000000E+00  0.10000000E+04  0.00000000E+00  0.12500000E+03  0.00000000E+00  0.69999999E+00  0.10000000E+04
  0.82500000E+01  0.37500000E+01  0.00000000E+00  0.00000000E+00  0.10000000E+04  0.00000000E+00  0.12500000E+03  0.00000000E+00  0.69999999E+00  0.10000000E+04
  0.50000000E+00  0.00000000E+00  0.00000000E+00  0.00000000E+00  0.10531964E+04  0.12258585E+06  0.12500000E+03  0.12047008E-01  0.69999999E+00  0.99998547E+03
  0.10000000E+01  0.00000000E+00  0.00000000E+00  0.00000000E+00  0.10624338E+04  0.14798091E+06  0.12500000E+03  0.70006899E-02  0.69999999E+00  0.99999152E+03
  0.15000000E+01  0.00000000E+00  0.00000000E+00  0.00000000E+00  0.10297188E+04  0.63772023E+05  0.12500000E+03  0.21324769E-01  0.69999999E+00  0.99997491E+03
  0.20000000E+01  0.00000000E+00  0.00000000E+00  0.00000000E+00  0.11336753E+04  0.39427625E+06  0.12500000E+03  0.24504764E-01  0.69999999E+00  0.99996826E+03
  0.25000000E+01  0.00000000E+00  0.00000000E+00  0.00000000E+00  0.10297316E+04  0.63801859E+05  0.12500000E+03  0.69182743E-02  0.69999999E+00  0.99999188E+03
  0.30000000E+01  0.00000000E+00  0.00000000E+00  0.00000000E+00  0.10415078E+04  0.92310781E+05  0.12500000E+03  0.86662769E-02  0.69999999E+00  0.99998969E+03
  0.35000000E+01  0.00000000E+00  0.00000000E+00  0.00000000E+00  0.10042323E+04  0.84099268E+04  0.12500000E+03  0.35076684E-02  0.69999999E+00  0.99999597E+03
  0.40000000E+01  0.00000000E+00  0.00000000E+00  0.00000000E+00  0.10000137E+04  0.26898298E+02  0.12500000E+03 -0.68247195E-04  0.69999999E+00  0.10000001E+04
  0.45000000E+01  0.00000000E+00  0.00000000E+00  0.00000000E+00  0.10000000E+04  0.00000000E+00  0.12500000E+03  0.83099802E-40  0.69999999E+00  0.10000000E+04
  0.50000000E+01  0.00000000E+00  0.00000000E+00  0.00000000E+00  0.10000000E+04  0.00000000E+00  0.12500000E+03 -0.00000000E+00  0.69999999E+00  0.10000000E+04
  0.55000000E+01  0.00000000E+00  0.00000000E+00  0.00000000E+00  0.10000000E+04  0.00000000E+00  0.12500000E+03  0.00000000E+00  0.69999999E+00  0.10000000E+04
  0.60000000E+01  0.00000000E+00  0.00000000E+00  0.00000000E+00  0.10000000E+04  0.00000000E+00  0.12500000E+03  0.00000000E+00  0.69999999E+00  0.10000000E+04
  0.65000000E+01  0.00000000E+00  0.00000000E+00  0.00000000E+00  0.10000000E+04  0.00000000E+00  0.12500000E+03  0.00000000E+00  0.69999999E+00  0.10000000E+04
  0.70000000E+01  0.00000000E+00  0.00000000E+00  0.00000000E+00  0.10000000E+04  0.00000000E+00  0.12500000E+03  0.00000000E+00  0.69999999E+00  0.10000000E+04
  0.75000000E+01  0.00000000E+00  0.00000000E+00  0.00000000E+00  0.10000000E+04  0.00000000E+00  0.12500000E+03  0.00000000E+00  0.69999999E+00  0.10000000E+04
  0.25000000E+00 -0.25000000E+00  0.00000000E+00  0.00000000E+00  0.10060389E+04  0.12065156E+05  0.12500000E+03  0.32439018E-02  0.69999999E+00  0.99999628E+03
  0.75000000E+00 -0.25000000E+00  0.00000000E+00  0.00000000E+00  0.10266982E+04  0.56769199E+05  0.12500000E+03  0.86557902E-02  0.69999999E+00  0.99998987E+03
  0.12500000E+01 -0.25000000E+00  0.00000000E+00  0.00000000E+00  0.10095745E+04  0.19333258E+05  0.12500000E+03  0.70310170E-02  0.69999999E+00  0.99999188E+03
  0.17500000E+01 -0.25000000E+00  0.00000000E+00  0.00000000E+00  0.10149564E+04  0.30694596E+05  0.12500000E+03  0.10628415E-01  0.69999999E+00  0.99998767E+03
  0.22500000E+01 -0.25000000E+00  0.00000000E+00  0.00000000E+00  0.10012052E+04  0.23731807E+04  0.12500000E+03  0.10441624E-01  0.69999999E+00  0.99998804E+03
  0.27500000E+01 -0.25000000E+00  0.00000000E+00  0.00000000E+00  0.10057025E+04  0.11381529E+05  0.12500000E+03  0.45749107E-02  0.69999999E+00  0.99999475E+03
  0.32500000E+01 -0.25000000E+00  0.00000000E+00  0.00000000E+00  0.10011497E+04  0.22634165E+04  0.12500000E+03  0.31552645E-02  0.69999999E+00  0.99999640E+03
  0.37500000E+01 -0.25000000E+00  0.00000000E+00  0.00000000E+00  0.10000070E+04  0.13565822E+02  0.12500000E+03 -0.15635355E-03  0.69999999E+00  0.10000002E+04
  0.42500000E+01 -0.25000000E+00  0.00000000E+00  0.00000000E+00  0.10000000E+04  0.00000000E+00  0.12500000E+03 -0.35887550E-36  0.69999999E+00  0.10000000E+04
  0.47500000E+01 -0.25000000E+00  0.00000000E+00  0.00000000E+00  0.10000000E+04  0.00000000E+00  0.12500000E+03 -0.17907473E-39  0.69999999E+00  0.10000000E+04
  0.52500000E+01 -0.25000000E+00  0.00000000E+00  0.00000000E+00  0.10000000E+04  0.00000000E+00  0.12500000E+03  0.00000000E+00  0.69999999E+00  0.10000000E+04
  0.57500000E+01 -0.25000000E+00  0.00000000E+00  0.00000000E+00  0.10000000E+04  0.00000000E+00  0.12500000E+03  0.00000000E+00  0.69999999E+00  0.10000000E+04
  0.62500000E+01 -0.25000000E+00  0.00000000E+00  0.00000000E+00  0.10000000E+04  0.00000000E+00  0.12500000E+03  0.00000000E+00  0.69999999E+00  0.10000000E+04
  0.67500000E+01 -0.25000000E+00  0.00000000E+00  0.00000000E+00  0.10000000E+04  0.00000000E+00  0.12500000E+03  0.00000000E+00  0.69999999E+00  0.10000000E+04
  0.72500000E+01 -0.25000000E+00  0.00000000E+00  0.00000000E+00  0.10000000E+04  0.00000000E+00  0.12500000E+03  0.00000000E+00  0.69999999E+00  0.10000000E+04
  0.77500000E+01 -0.25000000E+00  0.00000000E+00  0.00000000E+00  0.10000000E+04  0.00000000E+00  0.12500000E+03  0.00000000E+00  0.69999999E+00  0.10000000E+04
  0.40000000E+01  0.50000000E+00  0.00000000E+00  0.00000000E+00  0.10001006E+04  0.19746159E+03  0.12500000E+03 -0.26193657E-03  0.69999999E+00  0.10000003E+04
  0.37500000E+01  0.25000000E+00  0.00000000E+00  0.00000000E+00  0.10016454E+04  0.32441086E+04  0.12500000E+03 -0.14983441E-02  0.69999999E+00  0.10000017E+04
  0.40000000E+01  0.10000000E+01  0.00000000E+00  0.00000000E+00  0.10008859E+04  0.17426521E+04  0.12500000E+03 -0.12967794E-03  0.69999999E+00  0.10000001E+04
  0.37500000E+01  0.75000000E+00  0.00000000E+00  0.00000000E+00  0.10323376E+04  0.69944312E+05  0.12500000E+03  0.96148590E-03  0.69999999E+00  0.99999884E+03
  0.40000000E+01  0.15000000E+01  0.00000000E+00  0.00000000E+00  0.10007051E+04  0.13863812E+04  0.12500000E+03  0.37054624E-03  0.69999999E+00  0.99999957E+03
  0.37500000E+01  0.12500000E+01  0.00000000E+00  0.00000000E+00  0.10383446E+04  0.84461172E+05  0.12500000E+03  0.86547196E-03  0.69999999E+00  0.99999896E+03
  0.40000000E+01  0.20000000E+01  0.00000000E+00  0.00000000E+00  0.10010588E+04  0.20840093E+04  0.12500000E+03  0.31688559E-03  0.69999999E+00  0.99999963E+03
  0.37500000E+01  0.17500000E+01  0.00000000E+00  0.00000000E+00  0.10286729E+04  0.61333117E+05  0.12500000E+03  0.17831873E-02  0.69999999E+00  0.99999792E+03
  0.45000000E+01  0.50000000E+00  0.00000000E+00  0.00000000E+00  0.10000000E+04  0.00000000E+00  0.12500000E+03  0.52774862E-39  0.69999999E+00  0.10000000E+04
  0.42500000E+01  0.25000000E+00  0.00000000E+00  0.00000000E+00  0.10000018E+04  0.35083482E+01  0.12500000E+03 -0.74084828E-05  0.69999999E+00  0.10000000E+04
  0.45000000E+01  0.10000000E+01  0.00000000E+00  0.00000000E+00  0.10000000E+04  0.00000000E+00  0.12500000E+03 -0.17095841E-42  0.69999999E+00  0.10000000E+04
  0.42500000E+01  0.75000000E+00  0.00000000E+00  0.00000000E+00  0.10000944E+04  0.18529227E+03  0.12500000E+03 -0.10442676E-04  0.69999999E+00  0.10000000E+04
  0.45000000E+01  0.15000000E+01  0.00000000E+00  0.00000000E+00  0.10000000E+04  0.00000000E+00  0.12500000E+03 -0.94727776E-42  0.69999999E+00  0.10000000E+04
  0.42500000E+01  0.12500000E+01  0.00000000E+00  0.00000000E+00  0.10000066E+04  0.12864128E+02  0.12500000E+03  0.34267537E-05  0.69999999E+00  0.10000000E+04
  0.45000000E+01  0.20000000E+01  0.00000000E+00  0.00000000E+00  0.10000000E+04  0.00000000E+00  0.12500000E+03  0.91925179E-42  0.69999999E+00  0.10000000E+04
  0.42500000E+01  0.17500000E+01  0.00000000E+00  0.00000000E+00  0.10000031E+04  0.60811610E+01  0.12500000E+03 -0.35628464E-05  0.69999999E+00  0.10000000E+04
  0.50000000E+01  0.50000000E+00  0.00000000E+00  0.00000000E+00  0.10000000E+04  0.00000000E+00  0.12500000E+03  0.00000000E+00  0.69999999E+00  0.10000000E+04
  0.47500000E+01  0.25000000E+00  0.00000000E+00  0.00000000E+00  0.10000000E+04  0.00000000E+00  0.12500000E+03  0.17704565E-39  0.69999999E+00  0.10000000E+04
  0.50000000E+01  0.10000000E+01  0.00000000E+00  0.00000000E+00  0.10000000E+04  0.00000000E+00  0.12500000E+03  0.00000000E+00  0.69999999E+00  0.10000000E+04
  0.47500000E+01  0.75000000E+00  0.00000000E+00  0.00000000E+00  0.10000000E+04  0.00000000E+00  0.12500000E+03  0.00000000E+00  0.69999999E+00  0.10000000E+04
  0.50000000E+01  0.15000000E+01  0.00000000E+00  0.00000000E+00  0.10000000E+04  0.00000000E+00  0.12500000E+03 -0.61376873E-42  0.69999999E+00  0.10000000E+04
  0.47500000E+01  0.12500000E+01  0.00000000E+00  0.00000000E+00  0.10000000E+04  0.00000000E+00  0.12500000E+03 -0.56892718E-42  0.69999999E+00  0.10000000E+04
  0.50000000E+01  0.20000000E+01  0.00000000E+00  0.00000000E+00  0.10000000E+04  0.00000000E+00  0.12500000E+03  0.55491419E-42  0.69999999E+00  0.10000000E+04
  0.47500000E+01  0.17500000E+01  0.00000000E+00  0.00000000E+00  0.10000000E+04  0.00000000E+00  0.12500000E+03  0.00000000E+00  0.69999999E+00  0.10000000E+04
  0.25144045E+01  0.94047010E+00  0.10173696E+01 -0.36275232E+00  0.10033073E+04  0.65537461E+04  0.12576698E+03  0.12576674E+03  0.10000000E+01  0.00000000E+00
  0.96880221E+00  0.88902164E+00 -0.14835635E+01  0.44199628E+00  0.99918341E+03 -0.15982177E+04  0.12561582E+03  0.12561256E+03  0.10000000E+01  0.00000000E+00
  0.15439379E+01  0.92737615E+00 -0.12035140E+00  0.65938699E+00  0.10092038E+04  0.18564160E+05  0.12546356E+03  0.12546333E+03  0.10000000E+01  0.00000000E+00
  0.14974494E+01  0.15421510E+01 -0.15271549E+00 -0.44964045E+00  0.99906305E+03 -0.18330889E+04  0.12531018E+03  0.12531027E+03  0.10000000E+01  0.00000000E+00
  0.28109875E+01  0.15203434E+01  0.15106115E+00 -0.62112772E+00  0.10015385E+04  0.30325347E+04  0.12515567E+03  0.12515567E+03  0.10000000E+01  0.00000000E+00
  0.26395216E+01  0.16037717E+01 -0.12361391E+01 -0.21067633E+00  0.99793909E+03 -0.40185530E+04  0.12500000E+03  0.12500000E+03  0.10000000E+01  0.00000000E+00
  0.28043718E+01  0.95658767E+00  0.37750471E+00  0.88428631E-01  0.10000393E+04  0.77192360E+02  0.12576698E+03  0.12575461E+03  0.10000000E+01  0.00000000E+00
  0.87324750E+00  0.10647182E+01  0.17123226E-01  0.73381174E+00  0.99450830E+03 -0.10598768E+05  0.12561582E+03  0.12560624E+03  0.10000000E+01  0.00000000E+00
  0.88651466E+00  0.96769977E+00  0.41432559E+00 -0.96212709E+00  0.99868872E+03 -0.25626760E+04  0.12546356E+03  0.12546037E+03  0.10000000E+01  0.00000000E+00
  0.25001876E+01  0.13388742E+01  0.54010999E+00  0.18548149E+00  0.99891046E+03 -0.21306509E+04  0.12531018E+03  0.12531038E+03  0.10000000E+01  0.00000000E+00
  0.12918319E+01  0.86728144E+00 -0.57241535E+00  0.15416077E+00  0.10031900E+04  0.63190771E+04  0.12515567E+03  0.12515535E+03  0.10000000E+01  0.00000000E+00
  0.65312850E+00  0.81498742E+00  0.40520185E+00 -0.69730240E+00  0.10192198E+04  0.39954711E+05  0.12500000E+03  0.12500000E+03  0.10000000E+01  0.00000000E+00
  0.20437973E+01  0.10054582E+01  0.25537676E+00 -0.49876161E-01  0.10111634E+04  0.22649818E+05  0.12576698E+03  0.12575644E+03  0.10000000E+01  0.00000000E+00
  0.27570417E+01  0.91547346E+00  0.36678299E+00 -0.82623571E-01  0.10008831E+04  0.17372440E+04  0.12561582E+03  0.12561059E+03  0.10000000E+01  0.00000000E+00
  0.28926902E+01  0.12682742E+01 -0.64658916E+00  0.16928661E+00  0.10040069E+04  0.79565977E+04  0.12546356E+03  0.12546005E+03  0.10000000E+01  0.00000000E+00
  0.20729535E+01  0.11388422E+01 -0.64700067E+00 -0.51301599E+00  0.10037190E+04  0.73785381E+04  0.12531018E+03  0.12531018E+03  0.10000000E+01  0.00000000E+00
  0.28664875E+01  0.77930760E+00  0.45162715E-01 -0.18753733E-01  0.10063356E+04  0.12669254E+05  0.12515567E+03  0.12515553E+03  0.10000000E+01  0.00000000E+00
  0.11513631E+01  0.16592557E+01 -0.15634270E+01  0.53753912E+00  0.99850171E+03 -0.29264490E+04  0.12500000E+03  0.12499989E+03  0.10000000E+01  0.00000000E+00
  0.89408755E+00  0.15306126E+01  0.31512910E+00  0.95541918E+00  0.99722711E+03 -0.53953188E+04  0.12576698E+03  0.12576566E+03  0.10000000E+01  0.00000000E+00
  0.28314056E+01  0.98454344E+00 -0.22132258E+00 -0.78491306E+00  0.10008818E+04  0.17346576E+04  0.12561582E+03  0.12561245E+03  0.10000000E+01  0.00000000E+00
  0.14777858E+01  0.12466605E+01 -0.24947567E+00  0.21664806E-01  0.10005305E+04  0.10424623E+04  0.12546356E+03  0.12546202E+03  0.10000000E+01  0.00000000E+00
  0.21566799E+01  0.97868431E+00 -0.40792090E+00  0.70253348E+00  0.10083196E+04  0.16736189E+05  0.12531018E+03  0.12530890E+03  0.10000000E+01  0.00000000E+00
  0.10374357E+01  0.19817436E+01  0.18605078E-02  0.47532842E-01  0.99942133E+03 -0.11334431E+04  0.12515567E+03  0.12515567E+03  0.10000000E+01  0.00000000E+00
  0.14492619E+01  0.84910202E+00 -0.83086824E+00  0.16069368E+00  0.10103991E+04  0.21050709E+05  0.12500000E+03  0.12500012E+03  0.10000000E+01  0.00000000E+00
  0.86791968E+00  0.16226058E+01  0.53941980E-02  0.89055562E+00  0.99899988E+03 -0.19563312E+04  0.12561582E+03  0.12561399E+03  0.10000000E+01  0.00000000E+00
  0.89612973E+00  0.20265784E+01 -0.23088472E+01 -0.40074386E-01  0.10021373E+04  0.42203730E+04  0.12531018E+03  0.12531004E+03  0.10000000E+01  0.00000000E+00
  0.22846916E+01  0.17171254E+01 -0.91497564E+00 -0.15426326E+00  0.99996094E+03 -0.76589554E+02  0.12500000E+03  0.12500000E+03  0.10000000E+01  0.00000000E+00
