  0.00000000E+00  0.00000000E+00  0.00000000E+00  0.00000000E+00  0.10044299E+04  0.88079004E+04  0.12500000E+03  0.21865920E-02  0.69999999E+00  0.99999750E+03
  0.00000000E+00  0.50000000E+00  0.00000000E+00  0.00000000E+00  0.10482419E+04  0.10950527E+06  0.12500000E+03  0.22949283E-02  0.69999999E+00  0.99999725E+03
  0.00000000E+00  0.10000000E+01  0.00000000E+00  0.00000000E+00  0.10382006E+04  0.84107219E+05  0.12500000E+03  0.30080799E-02  0.69999999E+00  0.99999646E+03
  0.00000000E+00  0.15000000E+01  0.00000000E+00  0.00000000E+00  0.10094347E+04  0.19043133E+05  0.12500000E+03  0.10914395E-02  0.69999999E+00  0.99999872E+03
  0.00000000E+00  0.20000000E+01  0.00000000E+00  0.00000000E+00  0.10176255E+04  0.36464332E+05  0.12500000E+03 -0.11056447E-02  0.69999999E+00  0.10000013E+04
  0.00000000E+00  0.25000000E+01  0.00000000E+00  0.00000000E+00  0.10030736E+04  0.60862402E+04  0.12500000E+03  0.33517432E-03  0.69999999E+00  0.99999963E+03
  0.00000000E+00  0.30000000E+01  0.00000000E+00  0.00000000E+00  0.10000000E+04  0.00000000E+00  0.12500000E+03  0.60528782E-05  0.69999999E+00  0.10000000E+04
  0.00000000E+00  0.35000000E+01  0.00000000E+00  0.00000000E+00  0.10000000E+04  0.00000000E+00  0.12500000E+03  0.00000000E+00  0.69999999E+00  0.10000000E+04
  0.00000000E+00  0.40000000E+01  0.00000000E+00  0.00000000E+00  0.10000000E+04  0.00000000E+00  0.12500000E+03  0.00000000E+00  0.69999999E+00  0.10000000E+04
 -0.25000000E+00 -0.25000000E+00  0.00000000E+00  0.00000000E+00  0.10006414E+04  0.12607445E+04  0.12500000E+03  0.52005530E-03  0.69999999E+00  0.99999939E+03
 -0.25000000E+00  0.25000000E+00  0.00000000E+00  0.00000000E+00  0.10033118E+04  0.65625732E+04  0.12500000E+03  0.92842738E-03  0.69999999E+00  0.99999896E+03
 -0.25000000E+00  0.75000000E+00  0.00000000E+00  0.00000000E+00  0.10164243E+04  0.33856453E+05  0.12500000E+03  0.23635311E-03  0.69999999E+00  0.99999976E+03
 -0.25000000E+00  0.12500000E+01  0.00000000E+00  0.00000000E+00  0.10034840E+04  0.69074917E+04  0.12500000E+03  0.96684479E-03  0.69999999E+00  0.99999890E+03
 -0.25000000E+00  0.17500000E+01  0.00000000E+00  0.00000000E+00  0.10011816E+04  0.23265383E+04  0.12500000E+03 -0.24611439E-03  0.69999999E+00  0.10000003E+04
 -0.25000000E+00  0.22500000E+01  0.00000000E+00  0.00000000E+00  0.10012462E+04  0.24542319E+04  0.12500000E+03 -0.15003496E-03  0.69999999E+00  0.10000002E+04
 -0.25000000E+00  0.27500000E+01  0.00000000E+00  0.00000000E+00  0.10000000E+04  0.00000000E+00  0.12500000E+03  0.17376101E-42  0.69999999E+00  0.10000000E+04
 -0.25000000E+00  0.32500000E+01  0.00000000E+00  0.00000000E+00  0.10000000E+04  0.00000000E+00  0.12500000E+03  0.00000000E+00  0.69999999E+00  0.10000000E+04
 -0.25000000E+00  0.37500000E+01  0.00000000E+00  0.00000000E+00  0.10000000E+04  0.00000000E+00  0.12500000E+03  0.00000000E+00  0.69999999E+00  0.10000000E+04
  0.80000000E+01  0.00000000E+00  0.00000000E+00  0.00000000E+00  0.10000000E+04  0.00000000E+00  0.12500000E+03  0.00000000E+00  0.69999999E+00  0.10000000E+04
  0.80000000E+01  0.50000000E+00  0.00000000E+00  0.00000000E+00  0.10000000E+04  0.00000000E+00  0.12500000E+03  0.00000000E+00  0.69999999E+00  0.10000000E+04
  0.80000000E+01  0.10000000E+01  0.00000000E+00  0.00000000E+00  0.10000000E+04  0.00000000E+00  0.12500000E+03  0.00000000E+00  0.69999999E+00  0.10000000E+04
  0.80000000E+01  0.15000000E+01  0.00000000E+00  0.00000000E+00  0.10000000E+04  0.00000000E+00  0.12500000E+03  0.00000000E+00  0.69999999E+00  0.10000000E+04
  0.80000000E+01  0.20000000E+01  0.00000000E+00  0.00000000E+00  0.10000000E+04  0.00000000E+00  0.12500000E+03  0.00000000E+00  0.69999999E+00  0.10000000E+04
  0.80000000E+01  0.25000000E+01  0.00000000E+00  0.00000000E+00  0.10000000E+04  0.00000000E+00  0.12500000E+03  0.00000000E+00  0.69999999E+00  0.10000000E+04
  0.80000000E+01  0.30000000E+01  0.00000000E+00  0.00000000E+00  0.10000000E+04  0.00000000E+00  0.12500000E+03  0.00000000E+00  0.69999999E+00  0.10000000E+04
  0.80000000E+01  0.35000000E+01  0.00000000E+00  0.00000000E+00  0.10000000E+04  0.00000000E+00  0.12500000E+03  0.00000000E+00  0.69999999E+00  0.10000000E+04
  0.80000000E+01  0.40000000E+01  0.00000000E+00  0.00000000E+00  0.10000000E+04  0.00000000E+00  0.12500000E+03  0.00000000E+00  0.69999999E+00  0.10000000E+04
  0.82500000E+01 -0.25000000E+00  0.00000000E+00  0.00000000E+00  0.10000000E+04  0.00000000E+00  0.12500000E+03  0.00000000E+00  0.69999999E+00  0.10000000E+04
  0.82500000E+01  0.25000000E+00  0.00000000E+00  0.00000000E+00  0.10000000E+04  0.00000000E+00  0.12500000E+03  0.00000000E+00  0.69999999E+00  0.10000000E+04
  0.82500000E+01  0.75000000E+00  0.00000000E+00  0.00000000E+00  0.10000000E+04  0.00000000E+00  0.12500000E+03  0.00000000E+00  0.69999999E+00  0.10000000E+04
  0.82500000E+01  0.12500000E+01  0.00000000E+00  0.00000000E+00  0.10000000E+04  0.00000000E+00  0.12500000E+03  0.00000000E+00  0.69999999E+00  0.10000000E+04
  0.82500000E+01  0.17500000E+01  0.00000000E+00  0.00000000E+00  0.10000000E+04  0.00000000E+00  0.12500000E+03  0.00000000E+00  0.69999999E+00  0.10000000E+04
  0.82500000E+01  0.22500000E+01  0.00000000E+00  0.00000000E+00  0.10000000E+04  0.00000000E+00  0.12500000E+03  0.00000000E+00  0.69999999E+00  0.10000000E+04
  0.82500000E+01  0.27500000E+01  0.00000000E+00  0.00000000E+00  0.10000000E+04  0.00000000E+00  0.12500000E+03  0.00000000E+00  0.69999999E+00  0.10000000E+04
  0.82500000E+01  0.32500000E+01  0.00000000E+00  0.00000000E+00  0.10000000E+04  0.00000000E+00  0.12500000E+03  0.00000000E+00  0.69999999E+00  0.10000000E+04
  0.82500000E+01  0.37500000E+01  0.00000000E+00  0.00000000E+00  0.10000000E+04  0.00000000E+00  0.12500000E+03  0.00000000E+00  0.69999999E+00  0.10000000E+04
  0.50000000E+00  0.00000000E+00  0.00000000E+00  0.00000000E+00  0.10554550E+04  0.12867249E+06  0.12500000E+03  0.10742344E-01  0.69999999E+00  0.99998706E+03
  0.10000000E+01  0.00000000E+00  0.00000000E+00  0.00000000E+00  0.10638208E+04  0.15190997E+06  0.12500000E+03  0.56154798E-02  0.69999999E+00  0.99999316E+03
  0.15000000E+01  0.00000000E+00  0.00000000E+00  0.00000000E+00  0.10304131E+04  0.65399148E+05  0.12500000E+03  0.19224968E-01  0.69999999E+00  0.99997736E+03
  0.20000000E+01  0.00000000E+00  0.00000000E+00  0.00000000E+00  0.11442715E+04  0.43966791E+06  0.12500000E+03  0.21879995E-01  0.69999999E+00  0.99997137E+03
  0.25000000E+01  0.00000000E+00  0.00000000E+00  0.00000000E+00  0.10278710E+04  0.59473539E+05  0.12500000E+03  0.50023538E-02  0.69999999E+00  0.99999414E+03
  0.30000000E+01  0.00000000E+00  0.00000000E+00  0.00000000E+00  0.10446160E+04  0.10016433E+06  0.12500000E+03  0.67431759E-02  0.69999999E+00  0.99999194E+03
  0.35000000E+01  0.00000000E+00  0.00000000E+00  0.00000000E+00  0.10069952E+04  0.14015985E+05  0.12500000E+03  0.25913108E-02  0.69999999E+00  0.99999701E+03
  0.40000000E+01  0.00000000E+00  0.00000000E+00  0.00000000E+00  0.10000137E+04  0.26898298E+02  0.12500000E+03 -0.68247195E-04  0.69999999E+00  0.10000001E+04
  0.45000000E+01  0.00000000E+00  0.00000000E+00  0.00000000E+00  0.10000000E+04  0.00000000E+00  0.12500000E+03  0.10341583E-40  0.69999999E+00  0.10000000E+04
  0.50000000E+01  0.00000000E+00  0.00000000E+00  0.00000000E+00  0.10000000E+04  0.00000000E+00  0.12500000E+03 -0.00000000E+00  0.69999999E+00  0.10000000E+04
  0.55000000E+01  0.00000000E+00  0.00000000E+00  0.00000000E+00  0.10000000E+04  0.00000000E+00  0.12500000E+03  0.00000000E+00  0.69999999E+00  0.10000000E+04
  0.60000000E+01  0.00000000E+00  0.00000000E+00  0.00000000E+00  0.10000000E+04  0.00000000E+00  0.12500000E+03  0.00000000E+00  0.69999999E+00  0.10000000E+04
  0.65000000E+01  0.00000000E+00  0.00000000E+00  0.00000000E+00  0.10000000E+04  0.00000000E+00  0.12500000E+03  0.00000000E+00  0.69999999E+00  0.10000000E+04
  0.70000000E+01  0.00000000E+00  0.00000000E+00  0.00000000E+00  0.10000000E+04  0.00000000E+00  0.12500000E+03  0.00000000E+00  0.69999999E+00  0.10000000E+04
  0.75000000E+01  0.00000000E+00  0.00000000E+00  0.00000000E+00  0.10000000E+04  0.00000000E+00  0.12500000E+03  0.00000000E+00  0.69999999E+00  0.10000000E+04
  0.25000000E+00 -0.25000000E+00  0.00000000E+00  0.00000000E+00  0.10063132E+04  0.12623588E+05  0.12500000E+03  0.30282708E-02  0.69999999E+00  0.99999652E+03
  0.75000000E+00 -0.25000000E+00  0.00000000E+00  0.00000000E+00  0.10269141E+04  0.57265629E+05  0.12500000E+03  0.78727435E-02  0.69999999E+00  0.99999078E+03
  0.12500000E+01 -0.25000000E+00  0.00000000E+00  0.00000000E+00  0.10096515E+04  0.19493525E+05  0.12500000E+03  0.63289125E-02  0.69999999E+00  0.99999268E+03
  0.17500000E+01 -0.25000000E+00  0.00000000E+00  0.00000000E+00  0.10162267E+04  0.33429094E+05  0.12500000E+03  0.96684434E-02  0.69999999E+00  0.99998877E+03
  0.22500000E+01 -0.25000000E+00  0.00000000E+00  0.00000000E+00  0.10014545E+04  0.28661572E+04  0.12500000E+03  0.92826746E-02  0.69999999E+00  0.99998938E+03
  0.27500000E+01 -0.25000000E+00  0.00000000E+00  0.00000000E+00  0.10055413E+04  0.11054253E+05  0.12500000E+03  0.33701716E-02  0.69999999E+00  0.99999615E+03
  0.32500000E+01 -0.25000000E+00  0.00000000E+00  0.00000000E+00  0.10017236E+04  0.33993330E+04  0.12500000E+03  0.24847025E-02  0.69999999E+00  0.99999713E+03
  0.37500000E+01 -0.25000000E+00  0.00000000E+00  0.00000000E+00  0.10000070E+04  0.13565822E+02  0.12500000E+03 -0.15635355E-03  0.69999999E+00  0.10000002E+04
  0.42500000E+01 -0.25000000E+00  0.00000000E+00  0.00000000E+00  0.10000000E+04  0.00000000E+00  0.12500000E+03 -0.35768894E-37  0.69999999E+00  0.10000000E+04
  0.47500000E+01 -0.25000000E+00  0.00000000E+00  0.00000000E+00  0.10000000E+04  0.00000000E+00  0.12500000E+03 -0.12827486E-40  0.69999999E+00  0.10000000E+04
  0.52500000E+01 -0.25000000E+00  0.00000000E+00  0.00000000E+00  0.10000000E+04  0.00000000E+00  0.12500000E+03  0.00000000E+00  0.69999999E+00  0.10000000E+04
  0.57500000E+01 -0.25000000E+00  0.00000000E+00  0.00000000E+00  0.10000000E+04  0.00000000E+00  0.12500000E+03  0.00000000E+00  0.69999999E+00  0.10000000E+04
  0.62500000E+01 -0.25000000E+00  0.00000000E+00  0.00000000E+00  0.10000000E+04  0.00000000E+00  0.12500000E+03  0.00000000E+00  0.69999999E+00  0.10000000E+04
  0.67500000E+01 -0.25000000E+00  0.00000000E+00  0.00000000E+00  0.10000000E+04  0.00000000E+00  0.12500000E+03  0.00000000E+00  0.69999999E+00  0.10000000E+04
  0.72500000E+01 -0.25000000E+00  0.00000000E+00  0.00000000E+00  0.10000000E+04  0.00000000E+00  0.12500000E+03  0.00000000E+00  0.69999999E+00  0.10000000E+04
  0.77500000E+01 -0.25000000E+00  0.00000000E+00  0.00000000E+00  0.10000000E+04  0.00000000E+00  0.12500000E+03  0.00000000E+00  0.69999999E+00  0.10000000E+04
  0.40000000E+01  0.50000000E+00  0.00000000E+00  0.00000000E+00  0.10006793E+04  0.13356510E+04  0.12500000E+03 -0.26483438E-03  0.69999999E+00  0.10000003E+04
  0.37500000E+01  0.25000000E+00  0.00000000E+00  0.00000000E+00  0.10049395E+04  0.98359707E+04  0.12500000E+03 -0.11868961E-02  0.69999999E+00  0.10000013E+04
  0.40000000E+01  0.10000000E+01  0.00000000E+00  0.00000000E+00  0.10021271E+04  0.41999995E+04  0.12500000E+03 -0.96715667E-04  0.69999999E+00  0.10000001E+04
  0.37500000E+01  0.75000000E+00  0.00000000E+00  0.00000000E+00  0.10395586E+04  0.87456883E+05  0.12500000E+03  0.80597785E-03  0.69999999E+00  0.99999902E+03
  0.40000000E+01  0.15000000E+01  0.00000000E+00  0.00000000E+00  0.10007894E+04  0.15524833E+04  0.12500000E+03  0.27904630E-03  0.69999999E+00  0.99999969E+03
  0.37500000E+01  0.12500000E+01  0.00000000E+00  0.00000000E+00  0.10202234E+04  0.42168355E+05  0.12500000E+03  0.61438588E-03  0.69999999E+00  0.99999927E+03
  0.40000000E+01  0.20000000E+01  0.00000000E+00  0.00000000E+00  0.10037250E+04  0.73904961E+04  0.12500000E+03  0.24967355E-03  0.69999999E+00  0.99999969E+03
  0.37500000E+01  0.17500000E+01  0.00000000E+00  0.00000000E+00  0.10479763E+04  0.10881445E+06  0.12500000E+03  0.13688174E-02  0.69999999E+00  0.99999835E+03
  0.45000000E+01  0.50000000E+00  0.00000000E+00  0.00000000E+00  0.10000000E+04  0.00000000E+00  0.12500000E+03  0.38308697E-40  0.69999999E+00  0.10000000E+04
  0.42500000E+01  0.25000000E+00  0.00000000E+00  0.00000000E+00  0.10000018E+04  0.35083482E+01  0.12500000E+03 -0.74084828E-05  0.69999999E+00  0.10000000E+04
  0.45000000E+01  0.10000000E+01  0.00000000E+00  0.00000000E+00  0.10000000E+04  0.00000000E+00  0.12500000E+03 -0.00000000E+00  0.69999999E+00  0.10000000E+04
  0.42500000E+01  0.75000000E+00  0.00000000E+00  0.00000000E+00  0.10000944E+04  0.18529227E+03  0.12500000E+03 -0.10442676E-04  0.69999999E+00  0.10000000E+04
  0.45000000E+01  0.15000000E+01  0.00000000E+00  0.00000000E+00  0.10000000E+04  0.00000000E+00  0.12500000E+03  0.00000000E+00  0.69999999E+00  0.10000000E+04
  0.42500000E+01  0.12500000E+01  0.00000000E+00  0.00000000E+00  0.10000066E+04  0.12864128E+02  0.12500000E+03  0.34267537E-05  0.69999999E+00  0.10000000E+04
  0.45000000E+01  0.20000000E+01  0.00000000E+00  0.00000000E+00  0.10000000E+04  0.00000000E+00  0.12500000E+03  0.00000000E+00  0.69999999E+00  0.10000000E+04
  0.42500000E+01  0.17500000E+01  0.00000000E+00  0.00000000E+00  0.10000031E+04  0.60811610E+01  0.12500000E+03  0.28991612E-05  0.69999999E+00  0.10000000E+04
  0.50000000E+01  0.50000000E+00  0.00000000E+00  0.00000000E+00  0.10000000E+04  0.00000000E+00  0.12500000E+03  0.00000000E+00  0.69999999E+00  0.10000000E+04
  0.47500000E+01  0.25000000E+00  0.00000000E+00  0.00000000E+00  0.10000000E+04  0.00000000E+00  0.12500000E+03  0.12648120E-40  0.69999999E+00  0.10000000E+04
  0.50000000E+01  0.10000000E+01  0.00000000E+00  0.00000000E+00  0.10000000E+04  0.00000000E+00  0.12500000E+03  0.00000000E+00  0.69999999E+00  0.10000000E+04
  0.47500000E+01  0.75000000E+00  0.00000000E+00  0.00000000E+00  0.10000000E+04  0.00000000E+00  0.12500000E+03  0.00000000E+00  0.69999999E+00  0.10000000E+04
  0.50000000E+01  0.15000000E+01  0.00000000E+00  0.00000000E+00  0.10000000E+04  0.00000000E+00  0.12500000E+03 -0.00000000E+00  0.69999999E+00  0.10000000E+04
  0.47500000E+01  0.12500000E+01  0.00000000E+00  0.00000000E+00  0.10000000E+04  0.00000000E+00  0.12500000E+03 -0.00000000E+00  0.69999999E+00  0.10000000E+04
  0.50000000E+01  0.20000000E+01  0.00000000E+00  0.00000000E+00  0.10000000E+04  0.00000000E+00  0.12500000E+03  0.00000000E+00  0.69999999E+00  0.10000000E+04
  0.47500000E+01  0.17500000E+01  0.00000000E+00  0.00000000E+00  0.10000000E+04  0.00000000E+00  0.12500000E+03  0.00000000E+00  0.69999999E+00  0.10000000E+04
  0.27281873E+01  0.92776322E+00 -0.58314186E+00 -0.48630285E+00  0.99875916E+03 -0.24255027E+04  0.12576698E+03  0.12576674E+03  0.10000000E+01  0.00000000E+00
  0.14767083E+01  0.95637631E+00 -0.70766568E-01  0.21852532E+00  0.10004286E+04  0.84191144E+03  0.12561582E+03  0.12561256E+03  0.10000000E+01  0.00000000E+00
  0.15750394E+01  0.12446007E+01  0.90404487E+00 -0.11382682E+01  0.10024385E+04  0.48193320E+04  0.12546356E+03  0.12546333E+03  0.10000000E+01  0.00000000E+00
  0.22112675E+01  0.17919511E+01  0.11320608E+01  0.10704203E+01  0.10027810E+04  0.55021226E+04  0.12531018E+03  0.12531027E+03  0.10000000E+01  0.00000000E+00
  0.25857506E+01  0.19028317E+01  0.70991433E+00  0.10235707E+01  0.99262341E+03 -0.14156537E+05  0.12515567E+03  0.12515567E+03  0.10000000E+01  0.00000000E+00
  0.28788614E+01  0.15676591E+01 -0.79907638E+00  0.22796088E+00  0.10059439E+04  0.11871945E+05  0.12500000E+03  0.12500000E+03  0.10000000E+01  0.00000000E+00
  0.26701465E+01  0.97047377E+00  0.28856063E+00  0.62030339E+00  0.10005287E+04  0.10389427E+04  0.12576698E+03  0.12575494E+03  0.10000000E+01  0.00000000E+00
  0.10968398E+01  0.92448592E+00 -0.18475288E+00  0.36083555E+00  0.10044416E+04  0.88314385E+04  0.12561582E+03  0.12560624E+03  0.10000000E+01  0.00000000E+00
  0.10125222E+01  0.11314187E+01 -0.23207349E+00 -0.33808094E+00  0.10050510E+04  0.10061534E+05  0.12546356E+03  0.12546037E+03  0.10000000E+01  0.00000000E+00
  0.24929273E+01  0.14656662E+01 -0.11769965E+00  0.14960533E+00  0.99771515E+03 -0.44522158E+04  0.12531018E+03  0.12531038E+03  0.10000000E+01  0.00000000E+00
  0.10817803E+01  0.84302115E+00  0.16700065E+00  0.25303215E+00  0.10088088E+04  0.17746461E+05  0.12515567E+03  0.12515567E+03  0.10000000E+01  0.00000000E+00
  0.65171266E+00  0.78028560E+00  0.37709901E+00 -0.88840914E+00  0.10273905E+04  0.58363230E+05  0.12500000E+03  0.12500000E+03  0.10000000E+01  0.00000000E+00
  0.20054901E+01  0.10605139E+01 -0.47588682E+00  0.90022206E+00  0.10087441E+04  0.17612623E+05  0.12576698E+03  0.12575644E+03  0.10000000E+01  0.00000000E+00
  0.25777066E+01  0.95829642E+00  0.14114923E+01  0.33304718E+00  0.10011201E+04  0.22050159E+04  0.12561582E+03  0.12561089E+03  0.10000000E+01  0.00000000E+00
  0.28692312E+01  0.94364750E+00  0.12648308E+00  0.15100362E+01  0.99880042E+03 -0.23451680E+04  0.12546356E+03  0.12546005E+03  0.10000000E+01  0.00000000E+00
  0.22124875E+01  0.13896791E+01  0.10637878E+01  0.87534249E+00  0.10021401E+04  0.42260586E+04  0.12531018E+03  0.12531018E+03  0.10000000E+01  0.00000000E+00
  0.28703442E+01  0.75970066E+00 -0.68112218E+00 -0.32752115E+00  0.10063555E+04  0.12709824E+05  0.12515567E+03  0.12515553E+03  0.10000000E+01  0.00000000E+00
  0.17820272E+01  0.14352314E+01  0.12949018E+01 -0.39837849E+00  0.10031248E+04  0.61886973E+04  0.12500000E+03  0.12499989E+03  0.10000000E+01  0.00000000E+00
  0.84635592E+00  0.97353160E+00 -0.19507885E+00  0.28454429E+00  0.10102122E+04  0.20660701E+05  0.12576698E+03  0.12576566E+03  0.10000000E+01  0.00000000E+00
  0.24869995E+01  0.99376917E+00  0.69817030E+00  0.64322376E+00  0.10015477E+04  0.30507117E+04  0.12561582E+03  0.12561221E+03  0.10000000E+01  0.00000000E+00
  0.26800103E+01  0.16662464E+01 -0.15967579E+01  0.19980514E+01  0.10002531E+04  0.49692273E+03  0.12546356E+03  0.12546202E+03  0.10000000E+01  0.00000000E+00
  0.20012515E+01  0.99016857E+00  0.13396223E+00  0.50767279E+00  0.10094351E+04  0.19044123E+05  0.12531018E+03  0.12530890E+03  0.10000000E+01  0.00000000E+00
  0.97191489E+00  0.14556711E+01  0.15256060E-02 -0.41417390E+00  0.99739667E+03 -0.50680576E+04  0.12515567E+03  0.12515567E+03  0.10000000E+01  0.00000000E+00
  0.16075439E+01  0.83170080E+00  0.80435014E+00  0.89649904E+00  0.10159464E+04  0.32823969E+05  0.12500000E+03  0.12500012E+03  0.10000000E+01  0.00000000E+00
  0.12413340E+01  0.13742673E+01 -0.11807519E+01 -0.96143198E+00  0.10017088E+04  0.33697947E+04  0.12561582E+03  0.12561399E+03  0.10000000E+01  0.00000000E+00
  0.25339293E+01  0.21182079E+01 -0.74042058E+00  0.46602541E+00  0.10024565E+04  0.48554087E+04  0.12531018E+03  0.12531004E+03  0.10000000E+01  0.00000000E+00
  0.29742811E+01  0.20724645E+01  0.98426771E+00 -0.65897560E+00  0.99945630E+03 -0.10650276E+04  0.12500000E+03  0.12500000E+03  0.10000000E+01  0.00000000E+00
