  0.00000000E+00  0.00000000E+00  0.00000000E+00  0.00000000E+00  0.10002777E+04  0.54541479E+03  0.12500000E+03  0.41265925E-03  0.69999999E+00  0.99999951E+03
  0.00000000E+00  0.50000000E+00  0.00000000E+00  0.00000000E+00  0.10040360E+04  0.80152969E+04  0.12500000E+03  0.35672926E-03  0.69999999E+00  0.99999957E+03
  0.00000000E+00  0.10000000E+01  0.00000000E+00  0.00000000E+00  0.10009801E+04  0.19286960E+04  0.12500000E+03  0.58973458E-03  0.69999999E+00  0.99999933E+03
  0.00000000E+00  0.15000000E+01  0.00000000E+00  0.00000000E+00  0.10420757E+04  0.93735000E+05  0.12500000E+03  0.65214015E-04  0.69999999E+00  0.99999994E+03
  0.00000000E+00  0.20000000E+01  0.00000000E+00  0.00000000E+00  0.99943958E+03 -0.10976637E+04  0.12500000E+03 -0.23821433E-03  0.69999999E+00  0.10000002E+04
  0.00000000E+00  0.25000000E+01  0.00000000E+00  0.00000000E+00  0.10002473E+04  0.48567920E+03  0.12500000E+03  0.67274166E-04  0.69999999E+00  0.99999994E+03
  0.00000000E+00  0.30000000E+01  0.00000000E+00  0.00000000E+00  0.10000000E+04  0.00000000E+00  0.12500000E+03  0.00000000E+00  0.69999999E+00  0.10000000E+04
  0.00000000E+00  0.35000000E+01  0.00000000E+00  0.00000000E+00  0.10000000E+04  0.00000000E+00  0.12500000E+03  0.00000000E+00  0.69999999E+00  0.10000000E+04
  0.00000000E+00  0.40000000E+01  0.00000000E+00  0.00000000E+00  0.10000000E+04  0.00000000E+00  0.12500000E+03  0.00000000E+00  0.69999999E+00  0.10000000E+04
 -0.25000000E+00 -0.25000000E+00  0.00000000E+00  0.00000000E+00  0.10002228E+04  0.43743015E+03  0.12500000E+03  0.11358041E-03  0.69999999E+00  0.99999988E+03
 -0.25000000E+00  0.25000000E+00  0.00000000E+00  0.00000000E+00  0.10012677E+04  0.24966504E+04  0.12500000E+03  0.18943319E-03  0.69999999E+00  0.99999976E+03
 -0.25000000E+00  0.75000000E+00  0.00000000E+00  0.00000000E+00  0.10064596E+04  0.12921985E+05  0.12500000E+03  0.76491538E-04  0.69999999E+00  0.99999994E+03
 -0.25000000E+00  0.12500000E+01  0.00000000E+00  0.00000000E+00  0.10243452E+04  0.51398805E+05  0.12500000E+03  0.16485763E-03  0.69999999E+00  0.99999982E+03
 -0.25000000E+00  0.17500000E+01  0.00000000E+00  0.00000000E+00  0.10110376E+04  0.22386168E+05  0.12500000E+03 -0.96629024E-04  0.69999999E+00  0.10000001E+04
 -0.25000000E+00  0.22500000E+01  0.00000000E+00  0.00000000E+00  0.10005049E+04  0.99201978E+03  0.12500000E+03 -0.55942812E-04  0.69999999E+00  0.10000001E+04
 -0.25000000E+00  0.27500000E+01  0.00000000E+00  0.00000000E+00  0.10000000E+04  0.00000000E+00  0.12500000E+03  0.00000000E+00  0.69999999E+00  0.10000000E+04
 -0.25000000E+00  0.32500000E+01  0.00000000E+00  0.00000000E+00  0.10000000E+04  0.00000000E+00  0.12500000E+03  0.00000000E+00  0.69999999E+00  0.10000000E+04
 -0.25000000E+00  0.37500000E+01  0.00000000E+00  0.00000000E+00  0.10000000E+04  0.00000000E+00  0.12500000E+03  0.00000000E+00  0.69999999E+00  0.10000000E+04
  0.80000000E+01  0.00000000E+00  0.00000000E+00  0.00000000E+00  0.10000000E+04  0.00000000E+00  0.12500000E+03  0.00000000E+00  0.69999999E+00  0.10000000E+04
  0.80000000E+01  0.50000000E+00  0.00000000E+00  0.00000000E+00  0.10000000E+04  0.00000000E+00  0.12500000E+03  0.00000000E+00  0.69999999E+00  0.10000000E+04
  0.80000000E+01  0.10000000E+01  0.00000000E+00  0.00000000E+00  0.10000000E+04  0.00000000E+00  0.12500000E+03  0.00000000E+00  0.69999999E+00  0.10000000E+04
  0.80000000E+01  0.15000000E+01  0.00000000E+00  0.00000000E+00  0.10000000E+04  0.00000000E+00  0.12500000E+03  0.00000000E+00  0.69999999E+00  0.10000000E+04
  0.80000000E+01  0.20000000E+01  0.00000000E+00  0.00000000E+00  0.10000000E+04  0.00000000E+00  0.12500000E+03  0.00000000E+00  0.69999999E+00  0.10000000E+04
  0.80000000E+01  0.25000000E+01  0.00000000E+00  0.00000000E+00  0.10000000E+04  0.00000000E+00  0.12500000E+03  0.00000000E+00  0.69999999E+00  0.10000000E+04
  0.80000000E+01  0.30000000E+01  0.00000000E+00  0.00000000E+00  0.10000000E+04  0.00000000E+00  0.12500000E+03  0.00000000E+00  0.69999999E+00  0.10000000E+04
  0.80000000E+01  0.35000000E+01  0.00000000E+00  0.00000000E+00  0.10000000E+04  0.00000000E+00  0.12500000E+03  0.00000000E+00  0.69999999E+00  0.10000000E+04
  0.80000000E+01  0.40000000E+01  0.00000000E+00  0.00000000E+00  0.10000000E+04  0.00000000E+00  0.12500000E+03  0.00000000E+00  0.69999999E+00  0.10000000E+04
  0.82500000E+01 -0.25000000E+00  0.00000000E+00  0.00000000E+00  0.10000000E+04  0.00000000E+00  0.12500000E+03  0.00000000E+00  0.69999999E+00  0.10000000E+04
  0.82500000E+01  0.25000000E+00  0.00000000E+00  0.00000000E+00  0.10000000E+04  0.00000000E+00  0.12500000E+03  0.00000000E+00  0.69999999E+00  0.10000000E+04
  0.82500000E+01  0.75000000E+00  0.00000000E+00  0.00000000E+00  0.10000000E+04  0.00000000E+00  0.12500000E+03  0.00000000E+00  0.69999999E+00  0.10000000E+04
  0.82500000E+01  0.12500000E+01  0.00000000E+00  0.00000000E+00  0.10000000E+04  0.00000000E+00  0.12500000E+03  0.00000000E+00  0.69999999E+00  0.10000000E+04
  0.82500000E+01  0.17500000E+01  0.00000000E+00  0.00000000E+00  0.10000000E+04  0.00000000E+00  0.12500000E+03  0.00000000E+00  0.69999999E+00  0.10000000E+04
  0.82500000E+01  0.22500000E+01  0.00000000E+00  0.00000000E+00  0.10000000E+04  0.00000000E+00  0.12500000E+03  0.00000000E+00  0.69999999E+00  0.10000000E+04
  0.82500000E+01  0.27500000E+01  0.00000000E+00  0.00000000E+00  0.10000000E+04  0.00000000E+00  0.12500000E+03  0.00000000E+00  0.69999999E+00  0.10000000E+04
  0.82500000E+01  0.32500000E+01  0.00000000E+00  0.00000000E+00  0.10000000E+04  0.00000000E+00  0.12500000E+03  0.00000000E+00  0.69999999E+00  0.10000000E+04
  0.82500000E+01  0.37500000E+01  0.00000000E+00  0.00000000E+00  0.10000000E+04  0.00000000E+00  0.12500000E+03  0.00000000E+00  0.69999999E+00  0.10000000E+04
  0.50000000E+00  0.00000000E+00  0.00000000E+00  0.00000000E+00  0.10094143E+04  0.19000822E+05  0.12500000E+03  0.18791085E-02  0.69999999E+00  0.99999786E+03
  0.10000000E+01  0.00000000E+00  0.00000000E+00  0.00000000E+00  0.99905103E+03 -0.18565782E+04  0.12500000E+03  0.98438875E-03  0.69999999E+00  0.99999890E+03
  0.15000000E+01  0.00000000E+00  0.00000000E+00  0.00000000E+00  0.10169968E+04  0.35097262E+05  0.12500000E+03  0.27618038E-02  0.69999999E+00  0.99999683E+03
  0.20000000E+01  0.00000000E+00  0.00000000E+00  0.00000000E+00  0.10015321E+04  0.30197881E+04  0.12500000E+03  0.29803896E-02  0.69999999E+00  0.99999658E+03
  0.25000000E+01  0.00000000E+00  0.00000000E+00  0.00000000E+00  0.10250601E+04  0.53022598E+05  0.12500000E+03 -0.44766802E-03  0.69999999E+00  0.10000005E+04
  0.30000000E+01  0.00000000E+00  0.00000000E+00  0.00000000E+00  0.10430042E+04  0.96074094E+05  0.12500000E+03  0.22197247E-03  0.69999999E+00  0.99999976E+03
  0.35000000E+01  0.00000000E+00  0.00000000E+00  0.00000000E+00  0.10104957E+04  0.21252598E+05  0.12500000E+03  0.83383144E-04  0.69999999E+00  0.99999988E+03
  0.40000000E+01  0.00000000E+00  0.00000000E+00  0.00000000E+00  0.10000000E+04  0.00000000E+00  0.12500000E+03  0.00000000E+00  0.69999999E+00  0.10000000E+04
  0.45000000E+01  0.00000000E+00  0.00000000E+00  0.00000000E+00  0.10000000E+04  0.00000000E+00  0.12500000E+03  0.00000000E+00  0.69999999E+00  0.10000000E+04
  0.50000000E+01  0.00000000E+00  0.00000000E+00  0.00000000E+00  0.10000000E+04  0.00000000E+00  0.12500000E+03  0.00000000E+00  0.69999999E+00  0.10000000E+04
  0.55000000E+01  0.00000000E+00  0.00000000E+00  0.00000000E+00  0.10000000E+04  0.00000000E+00  0.12500000E+03  0.00000000E+00  0.69999999E+00  0.10000000E+04
  0.60000000E+01  0.00000000E+00  0.00000000E+00  0.00000000E+00  0.10000000E+04  0.00000000E+00  0.12500000E+03  0.00000000E+00  0.69999999E+00  0.10000000E+04
  0.65000000E+01  0.00000000E+00  0.00000000E+00  0.00000000E+00  0.10000000E+04  0.00000000E+00  0.12500000E+03  0.00000000E+00  0.69999999E+00  0.10000000E+04
  0.70000000E+01  0.00000000E+00  0.00000000E+00  0.00000000E+00  0.10000000E+04  0.00000000E+00  0.12500000E+03  0.00000000E+00  0.69999999E+00  0.10000000E+04
  0.75000000E+01  0.00000000E+00  0.00000000E+00  0.00000000E+00  0.10000000E+04  0.00000000E+00  0.12500000E+03  0.00000000E+00  0.69999999E+00  0.10000000E+04
  0.25000000E+00 -0.25000000E+00  0.00000000E+00  0.00000000E+00  0.10028434E+04  0.56265249E+04  0.12500000E+03  0.60066039E-03  0.69999999E+00  0.99999933E+03
  0.75000000E+00 -0.25000000E+00  0.00000000E+00  0.00000000E+00  0.10052131E+04  0.10389544E+05  0.12500000E+03  0.13939558E-02  0.69999999E+00  0.99999841E+03
  0.12500000E+01 -0.25000000E+00  0.00000000E+00  0.00000000E+00  0.10048359E+04  0.96269277E+04  0.12500000E+03  0.11238541E-02  0.69999999E+00  0.99999872E+03
  0.17500000E+01 -0.25000000E+00  0.00000000E+00  0.00000000E+00  0.10022819E+04  0.45078618E+04  0.12500000E+03  0.16525157E-02  0.69999999E+00  0.99999811E+03
  0.22500000E+01 -0.25000000E+00  0.00000000E+00  0.00000000E+00  0.10099984E+04  0.20215262E+05  0.12500000E+03  0.14040060E-02  0.69999999E+00  0.99999841E+03
  0.27500000E+01 -0.25000000E+00  0.00000000E+00  0.00000000E+00  0.10108427E+04  0.21977961E+05  0.12500000E+03 -0.14773601E-04  0.69999999E+00  0.10000000E+04
  0.32500000E+01 -0.25000000E+00  0.00000000E+00  0.00000000E+00  0.10002170E+04  0.42618866E+03  0.12500000E+03  0.90529124E-04  0.69999999E+00  0.99999988E+03
  0.37500000E+01 -0.25000000E+00  0.00000000E+00  0.00000000E+00  0.10000000E+04  0.00000000E+00  0.12500000E+03  0.00000000E+00  0.69999999E+00  0.10000000E+04
  0.42500000E+01 -0.25000000E+00  0.00000000E+00  0.00000000E+00  0.10000000E+04  0.00000000E+00  0.12500000E+03  0.00000000E+00  0.69999999E+00  0.10000000E+04
  0.47500000E+01 -0.25000000E+00  0.00000000E+00  0.00000000E+00  0.10000000E+04  0.00000000E+00  0.12500000E+03  0.00000000E+00  0.69999999E+00  0.10000000E+04
  0.52500000E+01 -0.25000000E+00  0.00000000E+00  0.00000000E+00  0.10000000E+04  0.00000000E+00  0.12500000E+03  0.00000000E+00  0.69999999E+00  0.10000000E+04
  0.57500000E+01 -0.25000000E+00  0.00000000E+00  0.00000000E+00  0.10000000E+04  0.00000000E+00  0.12500000E+03  0.00000000E+00  0.69999999E+00  0.10000000E+04
  0.62500000E+01 -0.25000000E+00  0.00000000E+00  0.00000000E+00  0.10000000E+04  0.00000000E+00  0.12500000E+03  0.00000000E+00  0.69999999E+00  0.10000000E+04
  0.67500000E+01 -0.25000000E+00  0.00000000E+00  0.00000000E+00  0.10000000E+04  0.00000000E+00  0.12500000E+03  0.00000000E+00  0.69999999E+00  0.10000000E+04
  0.72500000E+01 -0.25000000E+00  0.00000000E+00  0.00000000E+00  0.10000000E+04  0.00000000E+00  0.12500000E+03  0.00000000E+00  0.69999999E+00  0.10000000E+04
  0.77500000E+01 -0.25000000E+00  0.00000000E+00  0.00000000E+00  0.10000000E+04  0.00000000E+00  0.12500000E+03  0.00000000E+00  0.69999999E+00  0.10000000E+04
  0.40000000E+01  0.50000000E+00  0.00000000E+00  0.00000000E+00  0.10010005E+04  0.19689293E+04  0.12500000E+03 -0.48782103E-05  0.69999999E+00  0.10000000E+04
  0.37500000E+01  0.25000000E+00  0.00000000E+00  0.00000000E+00  0.10078680E+04  0.15806313E+05  0.12500000E+03 -0.40072322E-04  0.69999999E+00  0.10000001E+04
  0.40000000E+01  0.10000000E+01  0.00000000E+00  0.00000000E+00  0.10010680E+04  0.21021338E+04  0.12500000E+03  0.29372886E-05  0.69999999E+00  0.10000000E+04
  0.37500000E+01  0.75000000E+00  0.00000000E+00  0.00000000E+00  0.10299910E+04  0.64409070E+05  0.12500000E+03  0.20962007E-04  0.69999999E+00  0.10000000E+04
  0.40000000E+01  0.15000000E+01  0.00000000E+00  0.00000000E+00  0.10000002E+04  0.46777758E+00  0.12500000E+03  0.55420088E-06  0.69999999E+00  0.10000000E+04
  0.37500000E+01  0.12500000E+01  0.00000000E+00  0.00000000E+00  0.10118560E+04  0.24105295E+05  0.12500000E+03  0.24849807E-04  0.69999999E+00  0.10000000E+04
  0.40000000E+01  0.20000000E+01  0.00000000E+00  0.00000000E+00  0.10000000E+04  0.00000000E+00  0.12500000E+03  0.00000000E+00  0.69999999E+00  0.10000000E+04
  0.37500000E+01  0.17500000E+01  0.00000000E+00  0.00000000E+00  0.10006251E+04  0.12288146E+04  0.12500000E+03  0.22381835E-04  0.69999999E+00  0.10000000E+04
  0.45000000E+01  0.50000000E+00  0.00000000E+00  0.00000000E+00  0.10000000E+04  0.00000000E+00  0.12500000E+03  0.00000000E+00  0.69999999E+00  0.10000000E+04
  0.42500000E+01  0.25000000E+00  0.00000000E+00  0.00000000E+00  0.10000000E+04  0.00000000E+00  0.12500000E+03  0.00000000E+00  0.69999999E+00  0.10000000E+04
  0.45000000E+01  0.10000000E+01  0.00000000E+00  0.00000000E+00  0.10000000E+04  0.00000000E+00  0.12500000E+03  0.00000000E+00  0.69999999E+00  0.10000000E+04
  0.42500000E+01  0.75000000E+00  0.00000000E+00  0.00000000E+00  0.10000000E+04  0.00000000E+00  0.12500000E+03  0.00000000E+00  0.69999999E+00  0.10000000E+04
  0.45000000E+01  0.15000000E+01  0.00000000E+00  0.00000000E+00  0.10000000E+04  0.00000000E+00  0.12500000E+03  0.00000000E+00  0.69999999E+00  0.10000000E+04
  0.42500000E+01  0.12500000E+01  0.00000000E+00  0.00000000E+00  0.10000000E+04  0.00000000E+00  0.12500000E+03  0.00000000E+00  0.69999999E+00  0.10000000E+04
  0.45000000E+01  0.20000000E+01  0.00000000E+00  0.00000000E+00  0.10000000E+04  0.00000000E+00  0.12500000E+03  0.00000000E+00  0.69999999E+00  0.10000000E+04
  0.42500000E+01  0.17500000E+01  0.00000000E+00  0.00000000E+00  0.10000000E+04  0.00000000E+00  0.12500000E+03  0.00000000E+00  0.69999999E+00  0.10000000E+04
  0.50000000E+01  0.50000000E+00  0.00000000E+00  0.00000000E+00  0.10000000E+04  0.00000000E+00  0.12500000E+03  0.00000000E+00  0.69999999E+00  0.10000000E+04
  0.47500000E+01  0.25000000E+00  0.00000000E+00  0.00000000E+00  0.10000000E+04  0.00000000E+00  0.12500000E+03  0.00000000E+00  0.69999999E+00  0.10000000E+04
  0.50000000E+01  0.10000000E+01  0.00000000E+00  0.00000000E+00  0.10000000E+04  0.00000000E+00  0.12500000E+03  0.00000000E+00  0.69999999E+00  0.10000000E+04
  0.47500000E+01  0.75000000E+00  0.00000000E+00  0.00000000E+00  0.10000000E+04  0.00000000E+00  0.12500000E+03  0.00000000E+00  0.69999999E+00  0.10000000E+04
  0.50000000E+01  0.15000000E+01  0.00000000E+00  0.00000000E+00  0.10000000E+04  0.00000000E+00  0.12500000E+03  0.00000000E+00  0.69999999E+00  0.10000000E+04
  0.47500000E+01  0.12500000E+01  0.00000000E+00  0.00000000E+00  0.10000000E+04  0.00000000E+00  0.12500000E+03  0.00000000E+00  0.69999999E+00  0.10000000E+04
  0.50000000E+01  0.20000000E+01  0.00000000E+00  0.00000000E+00  0.10000000E+04  0.00000000E+00  0.12500000E+03  0.00000000E+00  0.69999999E+00  0.10000000E+04
  0.47500000E+01  0.17500000E+01  0.00000000E+00  0.00000000E+00  0.10000000E+04  0.00000000E+00  0.12500000E+03  0.00000000E+00  0.69999999E+00  0.10000000E+04
  0.73807657E+00  0.23971617E+00 -0.53458355E-01  0.99030130E-01  0.10068990E+04  0.13819231E+05  0.12576698E+03  0.12576698E+03  0.10000000E+01  0.00000000E+00
  0.50495780E+00  0.51572943E+00  0.74349478E-01  0.55843376E-01  0.10064639E+04  0.12930737E+05  0.12561582E+03  0.12561395E+03  0.10000000E+01  0.00000000E+00
  0.73389542E+00  0.71782160E+00 -0.25554776E+00 -0.64205855E-01  0.10054670E+04  0.10903903E+05  0.12546356E+03  0.12546356E+03  0.10000000E+01  0.00000000E+00
  0.56269413E+00  0.96251917E+00  0.80992866E+00 -0.23070614E+00  0.10027659E+04  0.54719209E+04  0.12531018E+03  0.12531018E+03  0.10000000E+01  0.00000000E+00
  0.78960192E+00  0.12239165E+01  0.40748256E+00  0.14344734E+00  0.10011696E+04  0.23027483E+04  0.12515567E+03  0.12515567E+03  0.10000000E+01  0.00000000E+00
  0.61426663E+00  0.13896985E+01  0.14531846E+01 -0.89488482E+00  0.10012140E+04  0.23906145E+04  0.12500000E+03  0.12500000E+03  0.10000000E+01  0.00000000E+00
  0.12773714E+01  0.22588983E+00  0.18023184E+00 -0.17357752E-01  0.10052935E+04  0.10552219E+05  0.12576698E+03  0.12576511E+03  0.10000000E+01  0.00000000E+00
  0.10206615E+01  0.47414213E+00  0.15099315E+00  0.32497413E-01  0.10047897E+04  0.95335273E+04  0.12561582E+03  0.12561395E+03  0.10000000E+01  0.00000000E+00
  0.13142428E+01  0.68934703E+00  0.39514372E+00 -0.28279513E+00  0.10044803E+04  0.89095098E+04  0.12546356E+03  0.12546356E+03  0.10000000E+01  0.00000000E+00
  0.10523089E+01  0.94241869E+00  0.37817863E+00 -0.19264463E+00  0.10041495E+04  0.82432432E+04  0.12531018E+03  0.12531018E+03  0.10000000E+01  0.00000000E+00
  0.13262916E+01  0.11751215E+01  0.55757207E+00 -0.24917448E+00  0.10029483E+04  0.58359492E+04  0.12515567E+03  0.12515567E+03  0.10000000E+01  0.00000000E+00
  0.10469621E+01  0.14437096E+01  0.28755087E+00  0.39115816E-01  0.99998224E+03 -0.34847549E+02  0.12500000E+03  0.12500000E+03  0.10000000E+01  0.00000000E+00
  0.18200023E+01  0.24074513E+00  0.63685489E+00  0.25175780E+00  0.10030125E+04  0.59640483E+04  0.12576698E+03  0.12576511E+03  0.10000000E+01  0.00000000E+00
  0.15670118E+01  0.47586256E+00  0.33976752E+00  0.93191795E-01  0.10038771E+04  0.76960483E+04  0.12561582E+03  0.12561395E+03  0.10000000E+01  0.00000000E+00
  0.18699112E+01  0.69591045E+00  0.77119744E+00  0.88506844E-02  0.10047803E+04  0.95145127E+04  0.12546356E+03  0.12546356E+03  0.10000000E+01  0.00000000E+00
  0.15756197E+01  0.92284453E+00  0.37182081E+00 -0.24486330E+00  0.10036408E+04  0.72216880E+04  0.12531018E+03  0.12531018E+03  0.10000000E+01  0.00000000E+00
  0.18211653E+01  0.11130681E+01  0.24871606E+00 -0.61000347E+00  0.10035931E+04  0.71260840E+04  0.12515567E+03  0.12515567E+03  0.10000000E+01  0.00000000E+00
  0.15598936E+01  0.13898344E+01  0.39187646E+00 -0.41173536E+00  0.10030001E+04  0.59392817E+04  0.12500000E+03  0.12500000E+03  0.10000000E+01  0.00000000E+00
  0.22679725E+01  0.30437443E+00 -0.79048824E+00  0.84066653E+00  0.99963330E+03 -0.71865045E+03  0.12576698E+03  0.12576698E+03  0.10000000E+01  0.00000000E+00
  0.21705737E+01  0.50155270E+00  0.14114656E+01  0.25811893E+00  0.10023829E+04  0.47089912E+04  0.12561582E+03  0.12561582E+03  0.10000000E+01  0.00000000E+00
  0.25855355E+01  0.66975522E+00  0.19791231E+01 -0.40788156E+00  0.10003580E+04  0.70312231E+03  0.12546356E+03  0.12546356E+03  0.10000000E+01  0.00000000E+00
  0.21743503E+01  0.86623096E+00  0.11033009E+01 -0.74396890E+00  0.10046602E+04  0.92719971E+04  0.12531018E+03  0.12531018E+03  0.10000000E+01  0.00000000E+00
  0.24578609E+01  0.10482264E+01  0.13318188E+01 -0.86351585E+00  0.10038934E+04  0.77286060E+04  0.12515567E+03  0.12515567E+03  0.10000000E+01  0.00000000E+00
  0.20543671E+01  0.12961648E+01  0.75191982E-01 -0.95204604E+00  0.10037174E+04  0.73754287E+04  0.12500000E+03  0.12500000E+03  0.10000000E+01  0.00000000E+00
  0.27176032E+01  0.63410425E+00  0.61556602E+00  0.18129661E+01  0.10026732E+04  0.52872041E+04  0.12561582E+03  0.12561399E+03  0.10000000E+01  0.00000000E+00
  0.29283376E+01  0.76050651E+00  0.27807746E+01 -0.95984828E+00  0.10048152E+04  0.95850391E+04  0.12531018E+03  0.12531018E+03  0.10000000E+01  0.00000000E+00
  0.27478771E+01  0.12554374E+01  0.17993705E+01 -0.85093546E+00  0.10059260E+04  0.11835594E+05  0.12500000E+03  0.12500000E+03  0.10000000E+01  0.00000000E+00
