  0.00000000E+00  0.00000000E+00  0.00000000E+00  0.00000000E+00  0.99895740E+03 -0.20392029E+04  0.12500000E+03  0.11407987E-02  0.69999999E+00  0.99999872E+03
  0.00000000E+00  0.50000000E+00  0.00000000E+00  0.00000000E+00  0.99942737E+03 -0.11215559E+04  0.12500000E+03  0.65183750E-03  0.69999999E+00  0.99999927E+03
  0.00000000E+00  0.10000000E+01  0.00000000E+00  0.00000000E+00  0.10207726E+04  0.43385383E+05  0.12500000E+03  0.13974956E-02  0.69999999E+00  0.99999835E+03
  0.00000000E+00  0.15000000E+01  0.00000000E+00  0.00000000E+00  0.10224235E+04  0.47067602E+05  0.12500000E+03  0.43489336E-03  0.69999999E+00  0.99999951E+03
  0.00000000E+00  0.20000000E+01  0.00000000E+00  0.00000000E+00  0.10059073E+04  0.11797550E+05  0.12500000E+03 -0.31668277E-03  0.69999999E+00  0.10000004E+04
  0.00000000E+00  0.25000000E+01  0.00000000E+00  0.00000000E+00  0.10002466E+04  0.48403955E+03  0.12500000E+03  0.71152863E-04  0.69999999E+00  0.99999994E+03
  0.00000000E+00  0.30000000E+01  0.00000000E+00  0.00000000E+00  0.10000000E+04  0.00000000E+00  0.12500000E+03  0.00000000E+00  0.69999999E+00  0.10000000E+04
  0.00000000E+00  0.35000000E+01  0.00000000E+00  0.00000000E+00  0.10000000E+04  0.00000000E+00  0.12500000E+03  0.00000000E+00  0.69999999E+00  0.10000000E+04
  0.00000000E+00  0.40000000E+01  0.00000000E+00  0.00000000E+00  0.10000000E+04  0.00000000E+00  0.12500000E+03  0.00000000E+00  0.69999999E+00  0.10000000E+04
 -0.25000000E+00 -0.25000000E+00  0.00000000E+00  0.00000000E+00  0.10002897E+04  0.56884351E+03  0.12500000E+03  0.37341079E-03  0.69999999E+00  0.99999957E+03
 -0.25000000E+00  0.25000000E+00  0.00000000E+00  0.00000000E+00  0.99924377E+03 -0.14803109E+04  0.12500000E+03  0.47319365E-03  0.69999999E+00  0.99999945E+03
 -0.25000000E+00  0.75000000E+00  0.00000000E+00  0.00000000E+00  0.10013048E+04  0.25701887E+04  0.12500000E+03 -0.26514019E-04  0.69999999E+00  0.10000000E+04
 -0.25000000E+00  0.12500000E+01  0.00000000E+00  0.00000000E+00  0.10104866E+04  0.21233424E+05  0.12500000E+03  0.44007838E-03  0.69999999E+00  0.99999951E+03
 -0.25000000E+00  0.17500000E+01  0.00000000E+00  0.00000000E+00  0.10001616E+04  0.31730682E+03  0.12500000E+03 -0.10675416E-03  0.69999999E+00  0.10000001E+04
 -0.25000000E+00  0.22500000E+01  0.00000000E+00  0.00000000E+00  0.10004730E+04  0.92938812E+03  0.12500000E+03 -0.62706749E-04  0.69999999E+00  0.10000001E+04
 -0.25000000E+00  0.27500000E+01  0.00000000E+00  0.00000000E+00  0.10000000E+04  0.00000000E+00  0.12500000E+03  0.00000000E+00  0.69999999E+00  0.10000000E+04
 -0.25000000E+00  0.32500000E+01  0.00000000E+00  0.00000000E+00  0.10000000E+04  0.00000000E+00  0.12500000E+03  0.00000000E+00  0.69999999E+00  0.10000000E+04
 -0.25000000E+00  0.37500000E+01  0.00000000E+00  0.00000000E+00  0.10000000E+04  0.00000000E+00  0.12500000E+03  0.00000000E+00  0.69999999E+00  0.10000000E+04
  0.80000000E+01  0.00000000E+00  0.00000000E+00  0.00000000E+00  0.10000000E+04  0.00000000E+00  0.12500000E+03  0.00000000E+00  0.69999999E+00  0.10000000E+04
  0.80000000E+01  0.50000000E+00  0.00000000E+00  0.00000000E+00  0.10000000E+04  0.00000000E+00  0.12500000E+03  0.00000000E+00  0.69999999E+00  0.10000000E+04
  0.80000000E+01  0.10000000E+01  0.00000000E+00  0.00000000E+00  0.10000000E+04  0.00000000E+00  0.12500000E+03  0.00000000E+00  0.69999999E+00  0.10000000E+04
  0.80000000E+01  0.15000000E+01  0.00000000E+00  0.00000000E+00  0.10000000E+04  0.00000000E+00  0.12500000E+03  0.00000000E+00  0.69999999E+00  0.10000000E+04
  0.80000000E+01  0.20000000E+01  0.00000000E+00  0.00000000E+00  0.10000000E+04  0.00000000E+00  0.12500000E+03  0.00000000E+00  0.69999999E+00  0.10000000E+04
  0.80000000E+01  0.25000000E+01  0.00000000E+00  0.00000000E+00  0.10000000E+04  0.00000000E+00  0.12500000E+03  0.00000000E+00  0.69999999E+00  0.10000000E+04
  0.80000000E+01  0.30000000E+01  0.00000000E+00  0.00000000E+00  0.10000000E+04  0.00000000E+00  0.12500000E+03  0.00000000E+00  0.69999999E+00  0.10000000E+04
  0.80000000E+01  0.35000000E+01  0.00000000E+00  0.00000000E+00  0.10000000E+04  0.00000000E+00  0.12500000E+03  0.00000000E+00  0.69999999E+00  0.10000000E+04
  0.80000000E+01  0.40000000E+01  0.00000000E+00  0.00000000E+00  0.10000000E+04  0.00000000E+00  0.12500000E+03  0.00000000E+00  0.69999999E+00  0.10000000E+04
  0.82500000E+01 -0.25000000E+00  0.00000000E+00  0.00000000E+00  0.10000000E+04  0.00000000E+00  0.12500000E+03  0.00000000E+00  0.69999999E+00  0.10000000E+04
  0.82500000E+01  0.25000000E+00  0.00000000E+00  0.00000000E+00  0.10000000E+04  0.00000000E+00  0.12500000E+03  0.00000000E+00  0.69999999E+00  0.10000000E+04
  0.82500000E+01  0.75000000E+00  0.00000000E+00  0.00000000E+00  0.10000000E+04  0.00000000E+00  0.12500000E+03  0.00000000E+00  0.69999999E+00  0.10000000E+04
  0.82500000E+01  0.12500000E+01  0.00000000E+00  0.00000000E+00  0.10000000E+04  0.00000000E+00  0.12500000E+03  0.00000000E+00  0.69999999E+00  0.10000000E+04
  0.82500000E+01  0.17500000E+01  0.00000000E+00  0.00000000E+00  0.10000000E+04  0.00000000E+00  0.12500000E+03  0.00000000E+00  0.69999999E+00  0.10000000E+04
  0.82500000E+01  0.22500000E+01  0.00000000E+00  0.00000000E+00  0.10000000E+04  0.00000000E+00  0.12500000E+03  0.00000000E+00  0.69999999E+00  0.10000000E+04
  0.82500000E+01  0.27500000E+01  0.00000000E+00  0.00000000E+00  0.10000000E+04  0.00000000E+00  0.12500000E+03  0.00000000E+00  0.69999999E+00  0.10000000E+04
  0.82500000E+01  0.32500000E+01  0.00000000E+00  0.00000000E+00  0.10000000E+04  0.00000000E+00  0.12500000E+03  0.00000000E+00  0.69999999E+00  0.10000000E+04
  0.82500000E+01  0.37500000E+01  0.00000000E+00  0.00000000E+00  0.10000000E+04  0.00000000E+00  0.12500000E+03  0.00000000E+00  0.69999999E+00  0.10000000E+04
  0.50000000E+00  0.00000000E+00  0.00000000E+00  0.00000000E+00  0.10065962E+04  0.13200693E+05  0.12500000E+03  0.53220442E-02  0.69999999E+00  0.99999390E+03
  0.10000000E+01  0.00000000E+00  0.00000000E+00  0.00000000E+00  0.10093892E+04  0.18948621E+05  0.12500000E+03  0.18849449E-02  0.69999999E+00  0.99999780E+03
  0.15000000E+01  0.00000000E+00  0.00000000E+00  0.00000000E+00  0.99995264E+03 -0.92957512E+02  0.12500000E+03  0.84112519E-02  0.69999999E+00  0.99999042E+03
  0.20000000E+01  0.00000000E+00  0.00000000E+00  0.00000000E+00  0.10028713E+04  0.56824380E+04  0.12500000E+03  0.91699697E-02  0.69999999E+00  0.99998950E+03
  0.25000000E+01  0.00000000E+00  0.00000000E+00  0.00000000E+00  0.10139000E+04  0.28435838E+05  0.12500000E+03  0.22840472E-03  0.69999999E+00  0.99999976E+03
  0.30000000E+01  0.00000000E+00  0.00000000E+00  0.00000000E+00  0.10249492E+04  0.52770336E+05  0.12500000E+03  0.13985715E-02  0.69999999E+00  0.99999835E+03
  0.35000000E+01  0.00000000E+00  0.00000000E+00  0.00000000E+00  0.10119468E+04  0.24296631E+05  0.12500000E+03  0.53698948E-03  0.69999999E+00  0.99999939E+03
  0.40000000E+01  0.00000000E+00  0.00000000E+00  0.00000000E+00  0.10000134E+04  0.26430483E+02  0.12500000E+03 -0.27363869E-04  0.69999999E+00  0.10000001E+04
  0.45000000E+01  0.00000000E+00  0.00000000E+00  0.00000000E+00  0.10000000E+04  0.00000000E+00  0.12500000E+03  0.00000000E+00  0.69999999E+00  0.10000000E+04
  0.50000000E+01  0.00000000E+00  0.00000000E+00  0.00000000E+00  0.10000000E+04  0.00000000E+00  0.12500000E+03  0.00000000E+00  0.69999999E+00  0.10000000E+04
  0.55000000E+01  0.00000000E+00  0.00000000E+00  0.00000000E+00  0.10000000E+04  0.00000000E+00  0.12500000E+03  0.00000000E+00  0.69999999E+00  0.10000000E+04
  0.60000000E+01  0.00000000E+00  0.00000000E+00  0.00000000E+00  0.10000000E+04  0.00000000E+00  0.12500000E+03  0.00000000E+00  0.69999999E+00  0.10000000E+04
  0.65000000E+01  0.00000000E+00  0.00000000E+00  0.00000000E+00  0.10000000E+04  0.00000000E+00  0.12500000E+03  0.00000000E+00  0.69999999E+00  0.10000000E+04
  0.70000000E+01  0.00000000E+00  0.00000000E+00  0.00000000E+00  0.10000000E+04  0.00000000E+00  0.12500000E+03  0.00000000E+00  0.69999999E+00  0.10000000E+04
  0.75000000E+01  0.00000000E+00  0.00000000E+00  0.00000000E+00  0.10000000E+04  0.00000000E+00  0.12500000E+03  0.00000000E+00  0.69999999E+00  0.10000000E+04
  0.25000000E+00 -0.25000000E+00  0.00000000E+00  0.00000000E+00  0.10021443E+04  0.42343506E+04  0.12500000E+03  0.17396996E-02  0.69999999E+00  0.99999799E+03
  0.75000000E+00 -0.25000000E+00  0.00000000E+00  0.00000000E+00  0.10101449E+04  0.20520525E+05  0.12500000E+03  0.40007443E-02  0.69999999E+00  0.99999536E+03
  0.12500000E+01 -0.25000000E+00  0.00000000E+00  0.00000000E+00  0.10146040E+04  0.29939342E+05  0.12500000E+03  0.30265297E-02  0.69999999E+00  0.99999652E+03
  0.17500000E+01 -0.25000000E+00  0.00000000E+00  0.00000000E+00  0.10035907E+04  0.71213042E+04  0.12500000E+03  0.45151049E-02  0.69999999E+00  0.99999481E+03
  0.22500000E+01 -0.25000000E+00  0.00000000E+00  0.00000000E+00  0.10067285E+04  0.13470862E+05  0.12500000E+03  0.38670527E-02  0.69999999E+00  0.99999554E+03
  0.27500000E+01 -0.25000000E+00  0.00000000E+00  0.00000000E+00  0.10005580E+04  0.10966672E+04  0.12500000E+03  0.46111806E-03  0.69999999E+00  0.99999945E+03
  0.32500000E+01 -0.25000000E+00  0.00000000E+00  0.00000000E+00  0.10004928E+04  0.96832623E+03  0.12500000E+03  0.58612233E-03  0.69999999E+00  0.99999933E+03
  0.37500000E+01 -0.25000000E+00  0.00000000E+00  0.00000000E+00  0.99999951E+03 -0.93555319E+00  0.12500000E+03 -0.55818011E-04  0.69999999E+00  0.10000001E+04
  0.42500000E+01 -0.25000000E+00  0.00000000E+00  0.00000000E+00  0.10000000E+04  0.00000000E+00  0.12500000E+03  0.00000000E+00  0.69999999E+00  0.10000000E+04
  0.47500000E+01 -0.25000000E+00  0.00000000E+00  0.00000000E+00  0.10000000E+04  0.00000000E+00  0.12500000E+03  0.00000000E+00  0.69999999E+00  0.10000000E+04
  0.52500000E+01 -0.25000000E+00  0.00000000E+00  0.00000000E+00  0.10000000E+04  0.00000000E+00  0.12500000E+03  0.00000000E+00  0.69999999E+00  0.10000000E+04
  0.57500000E+01 -0.25000000E+00  0.00000000E+00  0.00000000E+00  0.10000000E+04  0.00000000E+00  0.12500000E+03  0.00000000E+00  0.69999999E+00  0.10000000E+04
  0.62500000E+01 -0.25000000E+00  0.00000000E+00  0.00000000E+00  0.10000000E+04  0.00000000E+00  0.12500000E+03  0.00000000E+00  0.69999999E+00  0.10000000E+04
  0.67500000E+01 -0.25000000E+00  0.00000000E+00  0.00000000E+00  0.10000000E+04  0.00000000E+00  0.12500000E+03  0.00000000E+00  0.69999999E+00  0.10000000E+04
  0.72500000E+01 -0.25000000E+00  0.00000000E+00  0.00000000E+00  0.10000000E+04  0.00000000E+00  0.12500000E+03  0.00000000E+00  0.69999999E+00  0.10000000E+04
  0.77500000E+01 -0.25000000E+00  0.00000000E+00  0.00000000E+00  0.10000000E+04  0.00000000E+00  0.12500000E+03  0.00000000E+00  0.69999999E+00  0.10000000E+04
  0.40000000E+01  0.50000000E+00  0.00000000E+00  0.00000000E+00  0.10043765E+04  0.87000801E+04  0.12500000E+03 -0.71383052E-04  0.69999999E+00  0.10000001E+04
  0.37500000E+01  0.25000000E+00  0.00000000E+00  0.00000000E+00  0.10117076E+04  0.23793154E+05  0.12500000E+03 -0.25480578E-03  0.69999999E+00  0.10000003E+04
  0.40000000E+01  0.10000000E+01  0.00000000E+00  0.00000000E+00  0.10093042E+04  0.18772285E+05  0.12500000E+03  0.90273479E-05  0.69999999E+00  0.10000000E+04
  0.37500000E+01  0.75000000E+00  0.00000000E+00  0.00000000E+00  0.10671447E+04  0.16145147E+06  0.12500000E+03  0.11693756E-03  0.69999999E+00  0.99999988E+03
  0.40000000E+01  0.15000000E+01  0.00000000E+00  0.00000000E+00  0.10013309E+04  0.26218167E+04  0.12500000E+03  0.82235681E-04  0.69999999E+00  0.99999988E+03
  0.37500000E+01  0.12500000E+01  0.00000000E+00  0.00000000E+00  0.10427493E+04  0.95430789E+05  0.12500000E+03  0.24997393E-03  0.69999999E+00  0.99999969E+03
  0.40000000E+01  0.20000000E+01  0.00000000E+00  0.00000000E+00  0.10000315E+04  0.61752430E+02  0.12500000E+03  0.20776821E-04  0.69999999E+00  0.10000000E+04
  0.37500000E+01  0.17500000E+01  0.00000000E+00  0.00000000E+00  0.10028689E+04  0.56774409E+04  0.12500000E+03  0.23277722E-03  0.69999999E+00  0.99999976E+03
  0.45000000E+01  0.50000000E+00  0.00000000E+00  0.00000000E+00  0.10000000E+04  0.00000000E+00  0.12500000E+03  0.00000000E+00  0.69999999E+00  0.10000000E+04
  0.42500000E+01  0.25000000E+00  0.00000000E+00  0.00000000E+00  0.10000018E+04  0.35083482E+01  0.12500000E+03 -0.74084828E-05  0.69999999E+00  0.10000000E+04
  0.45000000E+01  0.10000000E+01  0.00000000E+00  0.00000000E+00  0.10000000E+04  0.00000000E+00  0.12500000E+03  0.00000000E+00  0.69999999E+00  0.10000000E+04
  0.42500000E+01  0.75000000E+00  0.00000000E+00  0.00000000E+00  0.10001743E+04  0.34212402E+03  0.12500000E+03 -0.52453920E-05  0.69999999E+00  0.10000000E+04
  0.45000000E+01  0.15000000E+01  0.00000000E+00  0.00000000E+00  0.10000000E+04  0.00000000E+00  0.12500000E+03  0.00000000E+00  0.69999999E+00  0.10000000E+04
  0.42500000E+01  0.12500000E+01  0.00000000E+00  0.00000000E+00  0.10000153E+04  0.29939116E+02  0.12500000E+03  0.87143344E-05  0.69999999E+00  0.10000000E+04
  0.45000000E+01  0.20000000E+01  0.00000000E+00  0.00000000E+00  0.10000000E+04  0.00000000E+00  0.12500000E+03  0.00000000E+00  0.69999999E+00  0.10000000E+04
  0.42500000E+01  0.17500000E+01  0.00000000E+00  0.00000000E+00  0.10000000E+04  0.00000000E+00  0.12500000E+03  0.00000000E+00  0.69999999E+00  0.10000000E+04
  0.50000000E+01  0.50000000E+00  0.00000000E+00  0.00000000E+00  0.10000000E+04  0.00000000E+00  0.12500000E+03  0.00000000E+00  0.69999999E+00  0.10000000E+04
  0.47500000E+01  0.25000000E+00  0.00000000E+00  0.00000000E+00  0.10000000E+04  0.00000000E+00  0.12500000E+03  0.00000000E+00  0.69999999E+00  0.10000000E+04
  0.50000000E+01  0.10000000E+01  0.00000000E+00  0.00000000E+00  0.10000000E+04  0.00000000E+00  0.12500000E+03  0.00000000E+00  0.69999999E+00  0.10000000E+04
  0.47500000E+01  0.75000000E+00  0.00000000E+00  0.00000000E+00  0.10000000E+04  0.00000000E+00  0.12500000E+03  0.00000000E+00  0.69999999E+00  0.10000000E+04
  0.50000000E+01  0.15000000E+01  0.00000000E+00  0.00000000E+00  0.10000000E+04  0.00000000E+00  0.12500000E+03  0.00000000E+00  0.69999999E+00  0.10000000E+04
  0.47500000E+01  0.12500000E+01  0.00000000E+00  0.00000000E+00  0.10000000E+04  0.00000000E+00  0.12500000E+03  0.00000000E+00  0.69999999E+00  0.10000000E+04
  0.50000000E+01  0.20000000E+01  0.00000000E+00  0.00000000E+00  0.10000000E+04  0.00000000E+00  0.12500000E+03  0.00000000E+00  0.69999999E+00  0.10000000E+04
  0.47500000E+01  0.17500000E+01  0.00000000E+00  0.00000000E+00  0.10000000E+04  0.00000000E+00  0.12500000E+03  0.00000000E+00  0.69999999E+00  0.10000000E+04
  0.73339593E+00  0.25852230E+00 -0.73007751E+00  0.21996653E+00  0.10012570E+04  0.24756763E+04  0.12576698E+03  0.12576698E+03  0.10000000E+01  0.00000000E+00
  0.57585824E+00  0.55349219E+00  0.30908346E+00  0.46324483E+00  0.10034613E+04  0.68621187E+04  0.12561582E+03  0.12561256E+03  0.10000000E+01  0.00000000E+00
  0.60424721E+00  0.65068567E+00 -0.26089066E+00  0.33494276E+00  0.10004343E+04  0.85316718E+03  0.12546356E+03  0.12546356E+03  0.10000000E+01  0.00000000E+00
  0.91060191E+00  0.84415197E+00 -0.10689814E+00  0.73583686E+00  0.99851837E+03 -0.28941121E+04  0.12531018E+03  0.12531018E+03  0.10000000E+01  0.00000000E+00
  0.12299024E+01  0.10271955E+01 -0.38567638E+00 -0.20018530E+00  0.10077159E+04  0.15493645E+05  0.12515567E+03  0.12515567E+03  0.10000000E+01  0.00000000E+00
  0.17564692E+01  0.14080865E+01  0.14752088E+01 -0.23538002E+00  0.10076299E+04  0.15316852E+05  0.12500000E+03  0.12500000E+03  0.10000000E+01  0.00000000E+00
  0.13617563E+01  0.17298836E+00 -0.21031660E+00 -0.25330120E+00  0.10033004E+04  0.65396709E+04  0.12576698E+03  0.12576018E+03  0.10000000E+01  0.00000000E+00
  0.10230085E+01  0.46281004E+00 -0.18325540E+00  0.31776220E+00  0.10042880E+04  0.85222139E+04  0.12561582E+03  0.12560990E+03  0.10000000E+01  0.00000000E+00
  0.14261532E+01  0.56383693E+00 -0.16992909E+00 -0.49412292E+00  0.10074409E+04  0.14929059E+05  0.12546356E+03  0.12546323E+03  0.10000000E+01  0.00000000E+00
  0.11160570E+01  0.76223135E+00 -0.84015775E+00  0.18368608E+00  0.10085859E+04  0.17285762E+05  0.12531018E+03  0.12531018E+03  0.10000000E+01  0.00000000E+00
  0.16540360E+01  0.10398183E+01 -0.22418165E+00 -0.10827570E+01  0.10028676E+04  0.56748237E+04  0.12515567E+03  0.12515567E+03  0.10000000E+01  0.00000000E+00
  0.14299628E+01  0.12922318E+01 -0.17554390E+00 -0.13002008E+01  0.10080159E+04  0.16110433E+05  0.12500000E+03  0.12500000E+03  0.10000000E+01  0.00000000E+00
  0.20234869E+01  0.29185668E+00  0.57546234E+00 -0.39056253E+00  0.99109222E+03 -0.17016920E+05  0.12576698E+03  0.12576106E+03  0.10000000E+01  0.00000000E+00
  0.18595214E+01  0.51630604E+00  0.95911682E+00  0.14099890E+00  0.10038391E+04  0.76196938E+04  0.12561582E+03  0.12561089E+03  0.10000000E+01  0.00000000E+00
  0.24919043E+01  0.62383378E+00  0.11928859E+01 -0.11169236E+01  0.10044630E+04  0.88744355E+04  0.12546356E+03  0.12546344E+03  0.10000000E+01  0.00000000E+00
  0.19064493E+01  0.77647436E+00  0.71635729E+00  0.21266371E+00  0.10152210E+04  0.31262389E+05  0.12531018E+03  0.12531018E+03  0.10000000E+01  0.00000000E+00
  0.22869687E+01  0.10709341E+01  0.14477940E+01 -0.47480577E+00  0.10068491E+04  0.13717364E+05  0.12515567E+03  0.12515567E+03  0.10000000E+01  0.00000000E+00
  0.19436767E+01  0.14792235E+01  0.50162745E+00  0.28761256E+00  0.10047311E+04  0.94153682E+04  0.12500000E+03  0.12500000E+03  0.10000000E+01  0.00000000E+00
  0.19414308E+01  0.54257405E+00 -0.10926679E+01  0.26970854E+00  0.10022811E+04  0.45062021E+04  0.12576698E+03  0.12576698E+03  0.10000000E+01  0.00000000E+00
  0.24040098E+01  0.57066315E+00 -0.72554314E+00  0.69802016E+00  0.10020673E+04  0.40813394E+04  0.12561582E+03  0.12561248E+03  0.10000000E+01  0.00000000E+00
  0.28748507E+01  0.68102229E+00 -0.62452805E+00  0.12237219E+01  0.10015739E+04  0.31024148E+04  0.12546356E+03  0.12546202E+03  0.10000000E+01  0.00000000E+00
  0.27367625E+01  0.69539130E+00  0.54362977E+00 -0.10889976E+01  0.10079488E+04  0.15972319E+05  0.12531018E+03  0.12531018E+03  0.10000000E+01  0.00000000E+00
  0.27925906E+01  0.11008980E+01  0.41912085E+00  0.52923560E+00  0.10135814E+04  0.27757309E+05  0.12515567E+03  0.12515567E+03  0.10000000E+01  0.00000000E+00
  0.24833608E+01  0.14521246E+01  0.91348958E+00 -0.98845494E+00  0.99805530E+03 -0.37933538E+04  0.12500000E+03  0.12500000E+03  0.10000000E+01  0.00000000E+00
  0.22589655E+01  0.13428640E+01 -0.15141189E+01  0.85499567E+00  0.10079585E+04  0.15992433E+05  0.12561582E+03  0.12561399E+03  0.10000000E+01  0.00000000E+00
  0.30617113E+01  0.92058504E+00 -0.46205857E+00  0.99239409E+00  0.10209403E+04  0.43757855E+05  0.12531018E+03  0.12531018E+03  0.10000000E+01  0.00000000E+00
  0.23817286E+01  0.18044703E+01 -0.10648638E+01  0.44005364E-01  0.10039896E+04  0.79218623E+04  0.12500000E+03  0.12500000E+03  0.10000000E+01  0.00000000E+00
