  0.00000000E+00  0.00000000E+00  0.00000000E+00  0.00000000E+00  0.10022323E+04  0.44092393E+04  0.12500000E+03  0.16348450E-02  0.69999999E+00  0.99999811E+03
  0.00000000E+00  0.50000000E+00  0.00000000E+00  0.00000000E+00  0.10143827E+04  0.29466102E+05  0.12500000E+03  0.92239882E-03  0.69999999E+00  0.99999890E+03
  0.00000000E+00  0.10000000E+01  0.00000000E+00  0.00000000E+00  0.10009323E+04  0.18341321E+04  0.12500000E+03  0.18884975E-02  0.69999999E+00  0.99999786E+03
  0.00000000E+00  0.15000000E+01  0.00000000E+00  0.00000000E+00  0.10407734E+04  0.90475445E+05  0.12500000E+03  0.65754214E-03  0.69999999E+00  0.99999921E+03
  0.00000000E+00  0.20000000E+01  0.00000000E+00  0.00000000E+00  0.10060706E+04  0.12129666E+05  0.12500000E+03 -0.37305107E-03  0.69999999E+00  0.10000004E+04
  0.00000000E+00  0.25000000E+01  0.00000000E+00  0.00000000E+00  0.10002466E+04  0.48403955E+03  0.12500000E+03  0.71152863E-04  0.69999999E+00  0.99999994E+03
  0.00000000E+00  0.30000000E+01  0.00000000E+00  0.00000000E+00  0.10000000E+04  0.00000000E+00  0.12500000E+03  0.00000000E+00  0.69999999E+00  0.10000000E+04
  0.00000000E+00  0.35000000E+01  0.00000000E+00  0.00000000E+00  0.10000000E+04  0.00000000E+00  0.12500000E+03  0.00000000E+00  0.69999999E+00  0.10000000E+04
  0.00000000E+00  0.40000000E+01  0.00000000E+00  0.00000000E+00  0.10000000E+04  0.00000000E+00  0.12500000E+03  0.00000000E+00  0.69999999E+00  0.10000000E+04
 -0.25000000E+00 -0.25000000E+00  0.00000000E+00  0.00000000E+00  0.10006782E+04  0.13333026E+04  0.12500000E+03  0.51540055E-03  0.69999999E+00  0.99999939E+03
 -0.25000000E+00  0.25000000E+00  0.00000000E+00  0.00000000E+00  0.10002634E+04  0.51730261E+03  0.12500000E+03  0.63500373E-03  0.69999999E+00  0.99999927E+03
 -0.25000000E+00  0.75000000E+00  0.00000000E+00  0.00000000E+00  0.10038068E+04  0.75546030E+04  0.12500000E+03 -0.78712648E-04  0.69999999E+00  0.10000001E+04
 -0.25000000E+00  0.12500000E+01  0.00000000E+00  0.00000000E+00  0.10053221E+04  0.10610164E+05  0.12500000E+03  0.59962989E-03  0.69999999E+00  0.99999933E+03
 -0.25000000E+00  0.17500000E+01  0.00000000E+00  0.00000000E+00  0.10001598E+04  0.31356100E+03  0.12500000E+03 -0.12839865E-03  0.69999999E+00  0.10000001E+04
 -0.25000000E+00  0.22500000E+01  0.00000000E+00  0.00000000E+00  0.10004730E+04  0.92938812E+03  0.12500000E+03 -0.62706749E-04  0.69999999E+00  0.10000001E+04
 -0.25000000E+00  0.27500000E+01  0.00000000E+00  0.00000000E+00  0.10000000E+04  0.00000000E+00  0.12500000E+03  0.00000000E+00  0.69999999E+00  0.10000000E+04
 -0.25000000E+00  0.32500000E+01  0.00000000E+00  0.00000000E+00  0.10000000E+04  0.00000000E+00  0.12500000E+03  0.00000000E+00  0.69999999E+00  0.10000000E+04
 -0.25000000E+00  0.37500000E+01  0.00000000E+00  0.00000000E+00  0.10000000E+04  0.00000000E+00  0.12500000E+03  0.00000000E+00  0.69999999E+00  0.10000000E+04
  0.80000000E+01  0.00000000E+00  0.00000000E+00  0.00000000E+00  0.10000000E+04  0.00000000E+00  0.12500000E+03  0.00000000E+00  0.69999999E+00  0.10000000E+04
  0.80000000E+01  0.50000000E+00  0.00000000E+00  0.00000000E+00  0.10000000E+04  0.00000000E+00  0.12500000E+03  0.00000000E+00  0.69999999E+00  0.10000000E+04
  0.80000000E+01  0.10000000E+01  0.00000000E+00  0.00000000E+00  0.10000000E+04  0.00000000E+00  0.12500000E+03  0.00000000E+00  0.69999999E+00  0.10000000E+04
  0.80000000E+01  0.15000000E+01  0.00000000E+00  0.00000000E+00  0.10000000E+04  0.00000000E+00  0.12500000E+03  0.00000000E+00  0.69999999E+00  0.10000000E+04
  0.80000000E+01  0.20000000E+01  0.00000000E+00  0.00000000E+00  0.10000000E+04  0.00000000E+00  0.12500000E+03  0.00000000E+00  0.69999999E+00  0.10000000E+04
  0.80000000E+01  0.25000000E+01  0.00000000E+00  0.00000000E+00  0.10000000E+04  0.00000000E+00  0.12500000E+03  0.00000000E+00  0.69999999E+00  0.10000000E+04
  0.80000000E+01  0.30000000E+01  0.00000000E+00  0.00000000E+00  0.10000000E+04  0.00000000E+00  0.12500000E+03  0.00000000E+00  0.69999999E+00  0.10000000E+04
  0.80000000E+01  0.35000000E+01  0.00000000E+00  0.00000000E+00  0.10000000E+04  0.00000000E+00  0.12500000E+03  0.00000000E+00  0.69999999E+00  0.10000000E+04
  0.80000000E+01  0.40000000E+01  0.00000000E+00  0.00000000E+00  0.10000000E+04  0.00000000E+00  0.12500000E+03  0.00000000E+00  0.69999999E+00  0.10000000E+04
  0.82500000E+01 -0.25000000E+00  0.00000000E+00  0.00000000E+00  0.10000000E+04  0.00000000E+00  0.12500000E+03  0.00000000E+00  0.69999999E+00  0.10000000E+04
  0.82500000E+01  0.25000000E+00  0.00000000E+00  0.00000000E+00  0.10000000E+04  0.00000000E+00  0.12500000E+03  0.00000000E+00  0.69999999E+00  0.10000000E+04
  0.82500000E+01  0.75000000E+00  0.00000000E+00  0.00000000E+00  0.10000000E+04  0.00000000E+00  0.12500000E+03  0.00000000E+00  0.69999999E+00  0.10000000E+04
  0.82500000E+01  0.12500000E+01  0.00000000E+00  0.00000000E+00  0.10000000E+04  0.00000000E+00  0.12500000E+03  0.00000000E+00  0.69999999E+00  0.10000000E+04
  0.82500000E+01  0.17500000E+01  0.00000000E+00  0.00000000E+00  0.10000000E+04  0.00000000E+00  0.12500000E+03  0.00000000E+00  0.69999999E+00  0.10000000E+04
  0.82500000E+01  0.22500000E+01  0.00000000E+00  0.00000000E+00  0.10000000E+04  0.00000000E+00  0.12500000E+03  0.00000000E+00  0.69999999E+00  0.10000000E+04
  0.82500000E+01  0.27500000E+01  0.00000000E+00  0.00000000E+00  0.10000000E+04  0.00000000E+00  0.12500000E+03  0.00000000E+00  0.69999999E+00  0.10000000E+04
  0.82500000E+01  0.32500000E+01  0.00000000E+00  0.00000000E+00  0.10000000E+04  0.00000000E+00  0.12500000E+03  0.00000000E+00  0.69999999E+00  0.10000000E+04
  0.82500000E+01  0.37500000E+01  0.00000000E+00  0.00000000E+00  0.10000000E+04  0.00000000E+00  0.12500000E+03  0.00000000E+00  0.69999999E+00  0.10000000E+04
  0.50000000E+00  0.00000000E+00  0.00000000E+00  0.00000000E+00  0.10017080E+04  0.33683770E+04  0.12500000E+03  0.79010017E-02  0.69999999E+00  0.99999097E+03
  0.10000000E+01  0.00000000E+00  0.00000000E+00  0.00000000E+00  0.99896021E+03 -0.20337407E+04  0.12500000E+03  0.26168521E-02  0.69999999E+00  0.99999701E+03
  0.15000000E+01  0.00000000E+00  0.00000000E+00  0.00000000E+00  0.10268064E+04  0.57017746E+05  0.12500000E+03  0.12871624E-01  0.69999999E+00  0.99998492E+03
  0.20000000E+01  0.00000000E+00  0.00000000E+00  0.00000000E+00  0.10134054E+04  0.27383180E+05  0.12500000E+03  0.13820011E-01  0.69999999E+00  0.99998401E+03
  0.25000000E+01  0.00000000E+00  0.00000000E+00  0.00000000E+00  0.10037269E+04  0.73945615E+04  0.12500000E+03  0.76103781E-03  0.69999999E+00  0.99999915E+03
  0.30000000E+01  0.00000000E+00  0.00000000E+00  0.00000000E+00  0.10327509E+04  0.70926719E+05  0.12500000E+03  0.23092895E-02  0.69999999E+00  0.99999725E+03
  0.35000000E+01  0.00000000E+00  0.00000000E+00  0.00000000E+00  0.10110557E+04  0.22424141E+05  0.12500000E+03  0.88553963E-03  0.69999999E+00  0.99999896E+03
  0.40000000E+01  0.00000000E+00  0.00000000E+00  0.00000000E+00  0.10000134E+04  0.26430483E+02  0.12500000E+03 -0.27363869E-04  0.69999999E+00  0.10000001E+04
  0.45000000E+01  0.00000000E+00  0.00000000E+00  0.00000000E+00  0.10000000E+04  0.00000000E+00  0.12500000E+03  0.00000000E+00  0.69999999E+00  0.10000000E+04
  0.50000000E+01  0.00000000E+00  0.00000000E+00  0.00000000E+00  0.10000000E+04  0.00000000E+00  0.12500000E+03  0.00000000E+00  0.69999999E+00  0.10000000E+04
  0.55000000E+01  0.00000000E+00  0.00000000E+00  0.00000000E+00  0.10000000E+04  0.00000000E+00  0.12500000E+03  0.00000000E+00  0.69999999E+00  0.10000000E+04
  0.60000000E+01  0.00000000E+00  0.00000000E+00  0.00000000E+00  0.10000000E+04  0.00000000E+00  0.12500000E+03  0.00000000E+00  0.69999999E+00  0.10000000E+04
  0.65000000E+01  0.00000000E+00  0.00000000E+00  0.00000000E+00  0.10000000E+04  0.00000000E+00  0.12500000E+03  0.00000000E+00  0.69999999E+00  0.10000000E+04
  0.70000000E+01  0.00000000E+00  0.00000000E+00  0.00000000E+00  0.10000000E+04  0.00000000E+00  0.12500000E+03  0.00000000E+00  0.69999999E+00  0.10000000E+04
  0.75000000E+01  0.00000000E+00  0.00000000E+00  0.00000000E+00  0.10000000E+04  0.00000000E+00  0.12500000E+03  0.00000000E+00  0.69999999E+00  0.10000000E+04
  0.25000000E+00 -0.25000000E+00  0.00000000E+00  0.00000000E+00  0.99979846E+03 -0.39514978E+03  0.12500000E+03  0.24995035E-02  0.69999999E+00  0.99999713E+03
  0.75000000E+00 -0.25000000E+00  0.00000000E+00  0.00000000E+00  0.10702023E+04  0.17038769E+06  0.12500000E+03  0.58784285E-02  0.69999999E+00  0.99999280E+03
  0.12500000E+01 -0.25000000E+00  0.00000000E+00  0.00000000E+00  0.10035366E+04  0.70128281E+04  0.12500000E+03  0.44750106E-02  0.69999999E+00  0.99999487E+03
  0.17500000E+01 -0.25000000E+00  0.00000000E+00  0.00000000E+00  0.10042717E+04  0.84893398E+04  0.12500000E+03  0.67064259E-02  0.69999999E+00  0.99999231E+03
  0.22500000E+01 -0.25000000E+00  0.00000000E+00  0.00000000E+00  0.10175593E+04  0.36320203E+05  0.12500000E+03  0.58015632E-02  0.69999999E+00  0.99999329E+03
  0.27500000E+01 -0.25000000E+00  0.00000000E+00  0.00000000E+00  0.10076740E+04  0.15407440E+05  0.12500000E+03  0.81429118E-03  0.69999999E+00  0.99999908E+03
  0.32500000E+01 -0.25000000E+00  0.00000000E+00  0.00000000E+00  0.10048232E+04  0.96011680E+04  0.12500000E+03  0.10122512E-02  0.69999999E+00  0.99999884E+03
  0.37500000E+01 -0.25000000E+00  0.00000000E+00  0.00000000E+00  0.10000013E+04  0.25727851E+01  0.12500000E+03 -0.59664068E-04  0.69999999E+00  0.10000001E+04
  0.42500000E+01 -0.25000000E+00  0.00000000E+00  0.00000000E+00  0.10000000E+04  0.00000000E+00  0.12500000E+03 -0.27325320E-41  0.69999999E+00  0.10000000E+04
  0.47500000E+01 -0.25000000E+00  0.00000000E+00  0.00000000E+00  0.10000000E+04  0.00000000E+00  0.12500000E+03  0.00000000E+00  0.69999999E+00  0.10000000E+04
  0.52500000E+01 -0.25000000E+00  0.00000000E+00  0.00000000E+00  0.10000000E+04  0.00000000E+00  0.12500000E+03  0.00000000E+00  0.69999999E+00  0.10000000E+04
  0.57500000E+01 -0.25000000E+00  0.00000000E+00  0.00000000E+00  0.10000000E+04  0.00000000E+00  0.12500000E+03  0.00000000E+00  0.69999999E+00  0.10000000E+04
  0.62500000E+01 -0.25000000E+00  0.00000000E+00  0.00000000E+00  0.10000000E+04  0.00000000E+00  0.12500000E+03  0.00000000E+00  0.69999999E+00  0.10000000E+04
  0.67500000E+01 -0.25000000E+00  0.00000000E+00  0.00000000E+00  0.10000000E+04  0.00000000E+00  0.12500000E+03  0.00000000E+00  0.69999999E+00  0.10000000E+04
  0.72500000E+01 -0.25000000E+00  0.00000000E+00  0.00000000E+00  0.10000000E+04  0.00000000E+00  0.12500000E+03  0.00000000E+00  0.69999999E+00  0.10000000E+04
  0.77500000E+01 -0.25000000E+00  0.00000000E+00  0.00000000E+00  0.10000000E+04  0.00000000E+00  0.12500000E+03  0.00000000E+00  0.69999999E+00  0.10000000E+04
  0.40000000E+01  0.50000000E+00  0.00000000E+00  0.00000000E+00  0.10006770E+04  0.13309542E+04  0.12500000E+03 -0.89561916E-04  0.69999999E+00  0.10000001E+04
  0.37500000E+01  0.25000000E+00  0.00000000E+00  0.00000000E+00  0.10091505E+04  0.18453723E+05  0.12500000E+03 -0.37166453E-03  0.69999999E+00  0.10000004E+04
  0.40000000E+01  0.10000000E+01  0.00000000E+00  0.00000000E+00  0.10010385E+04  0.20437620E+04  0.12500000E+03 -0.18462193E-04  0.69999999E+00  0.10000000E+04
  0.37500000E+01  0.75000000E+00  0.00000000E+00  0.00000000E+00  0.10274371E+04  0.58470789E+05  0.12500000E+03  0.31606754E-03  0.69999999E+00  0.99999963E+03
  0.40000000E+01  0.15000000E+01  0.00000000E+00  0.00000000E+00  0.10011726E+04  0.23088723E+04  0.12500000E+03  0.13872280E-03  0.69999999E+00  0.99999982E+03
  0.37500000E+01  0.12500000E+01  0.00000000E+00  0.00000000E+00  0.10313347E+04  0.67569523E+05  0.12500000E+03  0.37821478E-03  0.69999999E+00  0.99999957E+03
  0.40000000E+01  0.20000000E+01  0.00000000E+00  0.00000000E+00  0.10000315E+04  0.61752430E+02  0.12500000E+03  0.29842231E-04  0.69999999E+00  0.99999994E+03
  0.37500000E+01  0.17500000E+01  0.00000000E+00  0.00000000E+00  0.10153369E+04  0.31511383E+05  0.12500000E+03  0.41678728E-03  0.69999999E+00  0.99999951E+03
  0.45000000E+01  0.50000000E+00  0.00000000E+00  0.00000000E+00  0.10000000E+04  0.00000000E+00  0.12500000E+03  0.00000000E+00  0.69999999E+00  0.10000000E+04
  0.42500000E+01  0.25000000E+00  0.00000000E+00  0.00000000E+00  0.10000018E+04  0.35083482E+01  0.12500000E+03 -0.74084828E-05  0.69999999E+00  0.10000000E+04
  0.45000000E+01  0.10000000E+01  0.00000000E+00  0.00000000E+00  0.10000000E+04  0.00000000E+00  0.12500000E+03  0.00000000E+00  0.69999999E+00  0.10000000E+04
  0.42500000E+01  0.75000000E+00  0.00000000E+00  0.00000000E+00  0.10000936E+04  0.18365413E+03  0.12500000E+03 -0.58616174E-05  0.69999999E+00  0.10000000E+04
  0.45000000E+01  0.15000000E+01  0.00000000E+00  0.00000000E+00  0.10000000E+04  0.00000000E+00  0.12500000E+03  0.00000000E+00  0.69999999E+00  0.10000000E+04
  0.42500000E+01  0.12500000E+01  0.00000000E+00  0.00000000E+00  0.10000045E+04  0.88878889E+01  0.12500000E+03  0.12300108E-04  0.69999999E+00  0.10000000E+04
  0.45000000E+01  0.20000000E+01  0.00000000E+00  0.00000000E+00  0.10000000E+04  0.00000000E+00  0.12500000E+03  0.00000000E+00  0.69999999E+00  0.10000000E+04
  0.42500000E+01  0.17500000E+01  0.00000000E+00  0.00000000E+00  0.10000000E+04  0.00000000E+00  0.12500000E+03  0.00000000E+00  0.69999999E+00  0.10000000E+04
  0.50000000E+01  0.50000000E+00  0.00000000E+00  0.00000000E+00  0.10000000E+04  0.00000000E+00  0.12500000E+03  0.00000000E+00  0.69999999E+00  0.10000000E+04
  0.47500000E+01  0.25000000E+00  0.00000000E+00  0.00000000E+00  0.10000000E+04  0.00000000E+00  0.12500000E+03  0.00000000E+00  0.69999999E+00  0.10000000E+04
  0.50000000E+01  0.10000000E+01  0.00000000E+00  0.00000000E+00  0.10000000E+04  0.00000000E+00  0.12500000E+03  0.00000000E+00  0.69999999E+00  0.10000000E+04
  0.47500000E+01  0.75000000E+00  0.00000000E+00  0.00000000E+00  0.10000000E+04  0.00000000E+00  0.12500000E+03  0.00000000E+00  0.69999999E+00  0.10000000E+04
  0.50000000E+01  0.15000000E+01  0.00000000E+00  0.00000000E+00  0.10000000E+04  0.00000000E+00  0.12500000E+03  0.00000000E+00  0.69999999E+00  0.10000000E+04
  0.47500000E+01  0.12500000E+01  0.00000000E+00  0.00000000E+00  0.10000000E+04  0.00000000E+00  0.12500000E+03  0.00000000E+00  0.69999999E+00  0.10000000E+04
  0.50000000E+01  0.20000000E+01  0.00000000E+00  0.00000000E+00  0.10000000E+04  0.00000000E+00  0.12500000E+03  0.00000000E+00  0.69999999E+00  0.10000000E+04
  0.47500000E+01  0.17500000E+01  0.00000000E+00  0.00000000E+00  0.10000000E+04  0.00000000E+00  0.12500000E+03  0.00000000E+00  0.69999999E+00  0.10000000E+04
  0.85132337E+00  0.28543198E+00  0.24511983E+01  0.79044175E+00  0.99337994E+03 -0.12733410E+05  0.12576698E+03  0.12576698E+03  0.10000000E+01  0.00000000E+00
  0.80659914E+00  0.65711331E+00  0.18345141E+00  0.29356265E+00  0.10045788E+04  0.91080127E+04  0.12561582E+03  0.12561256E+03  0.10000000E+01  0.00000000E+00
  0.75805545E+00  0.87140071E+00  0.35683997E-01  0.30708200E+00  0.10065590E+04  0.13124792E+05  0.12546356E+03  0.12546356E+03  0.10000000E+01  0.00000000E+00
  0.90047473E+00  0.12202882E+01  0.81696290E+00  0.57707644E+00  0.10050343E+04  0.10027786E+05  0.12531018E+03  0.12531018E+03  0.10000000E+01  0.00000000E+00
  0.93263614E+00  0.12648327E+01 -0.41134197E+00  0.44378519E+00  0.10043459E+04  0.86386201E+04  0.12515567E+03  0.12515567E+03  0.10000000E+01  0.00000000E+00
  0.20278707E+01  0.12828407E+01  0.10559872E+01 -0.91891170E+00  0.10018986E+04  0.37461931E+04  0.12500000E+03  0.12500000E+03  0.10000000E+01  0.00000000E+00
  0.13525667E+01  0.24014711E+00  0.12995761E-01  0.23698291E+00  0.98836719E+03 -0.22042312E+05  0.12576698E+03  0.12575656E+03  0.10000000E+01  0.00000000E+00
  0.10281190E+01  0.55883330E+00  0.31632781E+00  0.88125825E+00  0.10031486E+04  0.62361240E+04  0.12561582E+03  0.12560667E+03  0.10000000E+01  0.00000000E+00
  0.13593721E+01  0.60932434E+00 -0.20541480E+00  0.73590773E+00  0.10044937E+04  0.89364189E+04  0.12546356E+03  0.12546065E+03  0.10000000E+01  0.00000000E+00
  0.84762466E+00  0.94828057E+00 -0.61217183E+00  0.11500490E+00  0.10064196E+04  0.12840557E+05  0.12531018E+03  0.12531018E+03  0.10000000E+01  0.00000000E+00
  0.14680016E+01  0.86665761E+00 -0.81367570E+00  0.76571751E+00  0.10078497E+04  0.15768562E+05  0.12515567E+03  0.12515567E+03  0.10000000E+01  0.00000000E+00
  0.11481782E+01  0.13381836E+01 -0.79016638E+00  0.90293622E+00  0.10037446E+04  0.74299604E+04  0.12500000E+03  0.12500000E+03  0.10000000E+01  0.00000000E+00
  0.19573412E+01  0.30801275E+00  0.12271392E+00  0.15276402E+00  0.99291217E+03 -0.13614088E+05  0.12576698E+03  0.12575783E+03  0.10000000E+01  0.00000000E+00
  0.20454991E+01  0.49891829E+00  0.12284740E+01 -0.59766537E+00  0.10000616E+04  0.12094278E+03  0.12561582E+03  0.12561089E+03  0.10000000E+01  0.00000000E+00
  0.25160975E+01  0.56726599E+00 -0.23320520E+00  0.47088209E+00  0.10005972E+04  0.11738837E+04  0.12546356E+03  0.12546059E+03  0.10000000E+01  0.00000000E+00
  0.21164453E+01  0.77749240E+00  0.87113881E+00 -0.57695436E+00  0.10029625E+04  0.58642788E+04  0.12531018E+03  0.12531018E+03  0.10000000E+01  0.00000000E+00
  0.26908302E+01  0.81780887E+00  0.17877483E+01 -0.11919581E+01  0.10015876E+04  0.31298042E+04  0.12515567E+03  0.12515567E+03  0.10000000E+01  0.00000000E+00
  0.20527661E+01  0.12851017E+01  0.59807086E+00 -0.96106541E+00  0.10018092E+04  0.35690530E+04  0.12500000E+03  0.12500000E+03  0.10000000E+01  0.00000000E+00
  0.17073560E+01  0.49409187E+00 -0.12855327E+00 -0.20404989E+00  0.10000551E+04  0.10807440E+03  0.12576698E+03  0.12576642E+03  0.10000000E+01  0.00000000E+00
  0.21590133E+01  0.71186894E+00 -0.76785755E+00 -0.22826152E+00  0.10027770E+04  0.54940371E+04  0.12561582E+03  0.12561221E+03  0.10000000E+01  0.00000000E+00
  0.28910108E+01  0.73240495E+00  0.12650425E+01 -0.15646237E+00  0.99945245E+03 -0.10724875E+04  0.12546356E+03  0.12546202E+03  0.10000000E+01  0.00000000E+00
  0.27755909E+01  0.61682534E+00  0.65019524E+00  0.99703681E+00  0.99962439E+03 -0.73615308E+03  0.12531018E+03  0.12530896E+03  0.10000000E+01  0.00000000E+00
  0.27208209E+01  0.13367798E+01 -0.84719908E+00 -0.32387915E+00  0.10015339E+04  0.30233286E+04  0.12515567E+03  0.12515567E+03  0.10000000E+01  0.00000000E+00
  0.28748531E+01  0.13115611E+01  0.59241259E+00 -0.59351510E+00  0.10020831E+04  0.41125991E+04  0.12500000E+03  0.12500000E+03  0.10000000E+01  0.00000000E+00
  0.16918366E+01  0.10621743E+01 -0.18145180E+01 -0.91691339E+00  0.10061472E+04  0.12285410E+05  0.12561582E+03  0.12561399E+03  0.10000000E+01  0.00000000E+00
  0.29065228E+01  0.13031014E+01 -0.29883486E+00  0.66403046E-01  0.10020169E+04  0.39811860E+04  0.12531018E+03  0.12531018E+03  0.10000000E+01  0.00000000E+00
  0.19520361E+01  0.16062155E+01 -0.97528780E+00 -0.10184065E+01  0.10030204E+04  0.59800044E+04  0.12500000E+03  0.12500000E+03  0.10000000E+01  0.00000000E+00
