  0.00000000E+00  0.00000000E+00  0.00000000E+00  0.00000000E+00  0.10018873E+04  0.37239568E+04  0.12500000E+03  0.23307290E-02  0.69999999E+00  0.99999731E+03
  0.00000000E+00  0.50000000E+00  0.00000000E+00  0.00000000E+00  0.10166677E+04  0.34383473E+05  0.12500000E+03  0.27615665E-02  0.69999999E+00  0.99999677E+03
  0.00000000E+00  0.10000000E+01  0.00000000E+00  0.00000000E+00  0.10226151E+04  0.47497191E+05  0.12500000E+03  0.33343595E-02  0.69999999E+00  0.99999609E+03
  0.00000000E+00  0.15000000E+01  0.00000000E+00  0.00000000E+00  0.10235428E+04  0.49584617E+05  0.12500000E+03  0.10910132E-02  0.69999999E+00  0.99999872E+03
  0.00000000E+00  0.20000000E+01  0.00000000E+00  0.00000000E+00  0.10173672E+04  0.35902164E+05  0.12500000E+03 -0.13845444E-02  0.69999999E+00  0.10000016E+04
  0.00000000E+00  0.25000000E+01  0.00000000E+00  0.00000000E+00  0.10030736E+04  0.60862402E+04  0.12500000E+03  0.33517432E-03  0.69999999E+00  0.99999963E+03
  0.00000000E+00  0.30000000E+01  0.00000000E+00  0.00000000E+00  0.10000000E+04  0.00000000E+00  0.12500000E+03  0.60528782E-05  0.69999999E+00  0.10000000E+04
  0.00000000E+00  0.35000000E+01  0.00000000E+00  0.00000000E+00  0.10000000E+04  0.00000000E+00  0.12500000E+03  0.00000000E+00  0.69999999E+00  0.10000000E+04
  0.00000000E+00  0.40000000E+01  0.00000000E+00  0.00000000E+00  0.10000000E+04  0.00000000E+00  0.12500000E+03  0.00000000E+00  0.69999999E+00  0.10000000E+04
 -0.25000000E+00 -0.25000000E+00  0.00000000E+00  0.00000000E+00  0.10006414E+04  0.12607445E+04  0.12500000E+03  0.52005530E-03  0.69999999E+00  0.99999939E+03
 -0.25000000E+00  0.25000000E+00  0.00000000E+00  0.00000000E+00  0.10011613E+04  0.22862615E+04  0.12500000E+03  0.10159162E-02  0.69999999E+00  0.99999884E+03
 -0.25000000E+00  0.75000000E+00  0.00000000E+00  0.00000000E+00  0.10065044E+04  0.13013404E+05  0.12500000E+03  0.34617371E-03  0.69999999E+00  0.99999957E+03
 -0.25000000E+00  0.12500000E+01  0.00000000E+00  0.00000000E+00  0.10008923E+04  0.17553496E+04  0.12500000E+03  0.10406217E-02  0.69999999E+00  0.99999878E+03
 -0.25000000E+00  0.17500000E+01  0.00000000E+00  0.00000000E+00  0.10011899E+04  0.23430273E+04  0.12500000E+03 -0.34249265E-03  0.69999999E+00  0.10000004E+04
 -0.25000000E+00  0.22500000E+01  0.00000000E+00  0.00000000E+00  0.10012462E+04  0.24542319E+04  0.12500000E+03 -0.15003496E-03  0.69999999E+00  0.10000002E+04
 -0.25000000E+00  0.27500000E+01  0.00000000E+00  0.00000000E+00  0.10000000E+04  0.00000000E+00  0.12500000E+03  0.13284309E-41  0.69999999E+00  0.10000000E+04
 -0.25000000E+00  0.32500000E+01  0.00000000E+00  0.00000000E+00  0.10000000E+04  0.00000000E+00  0.12500000E+03  0.36433760E-42  0.69999999E+00  0.10000000E+04
 -0.25000000E+00  0.37500000E+01  0.00000000E+00  0.00000000E+00  0.10000000E+04  0.00000000E+00  0.12500000E+03  0.00000000E+00  0.69999999E+00  0.10000000E+04
  0.80000000E+01  0.00000000E+00  0.00000000E+00  0.00000000E+00  0.10000000E+04  0.00000000E+00  0.12500000E+03  0.00000000E+00  0.69999999E+00  0.10000000E+04
  0.80000000E+01  0.50000000E+00  0.00000000E+00  0.00000000E+00  0.10000000E+04  0.00000000E+00  0.12500000E+03  0.00000000E+00  0.69999999E+00  0.10000000E+04
  0.80000000E+01  0.10000000E+01  0.00000000E+00  0.00000000E+00  0.10000000E+04  0.00000000E+00  0.12500000E+03  0.00000000E+00  0.69999999E+00  0.10000000E+04
  0.80000000E+01  0.15000000E+01  0.00000000E+00  0.00000000E+00  0.10000000E+04  0.00000000E+00  0.12500000E+03  0.00000000E+00  0.69999999E+00  0.10000000E+04
  0.80000000E+01  0.20000000E+01  0.00000000E+00  0.00000000E+00  0.10000000E+04  0.00000000E+00  0.12500000E+03  0.00000000E+00  0.69999999E+00  0.10000000E+04
  0.80000000E+01  0.25000000E+01  0.00000000E+00  0.00000000E+00  0.10000000E+04  0.00000000E+00  0.12500000E+03  0.00000000E+00  0.69999999E+00  0.10000000E+04
  0.80000000E+01  0.30000000E+01  0.00000000E+00  0.00000000E+00  0.10000000E+04  0.00000000E+00  0.12500000E+03  0.00000000E+00  0.69999999E+00  0.10000000E+04
  0.80000000E+01  0.35000000E+01  0.00000000E+00  0.00000000E+00  0.10000000E+04  0.00000000E+00  0.12500000E+03  0.00000000E+00  0.69999999E+00  0.10000000E+04
  0.80000000E+01  0.40000000E+01  0.00000000E+00  0.00000000E+00  0.10000000E+04  0.00000000E+00  0.12500000E+03  0.00000000E+00  0.69999999E+00  0.10000000E+04
  0.82500000E+01 -0.25000000E+00  0.00000000E+00  0.00000000E+00  0.10000000E+04  0.00000000E+00  0.12500000E+03  0.00000000E+00  0.69999999E+00  0.10000000E+04
  0.82500000E+01  0.25000000E+00  0.00000000E+00  0.00000000E+00  0.10000000E+04  0.00000000E+00  0.12500000E+03  0.00000000E+00  0.69999999E+00  0.10000000E+04
  0.82500000E+01  0.75000000E+00  0.00000000E+00  0.00000000E+00  0.10000000E+04  0.00000000E+00  0.12500000E+03  0.00000000E+00  0.69999999E+00  0.10000000E+04
  0.82500000E+01  0.12500000E+01  0.00000000E+00  0.00000000E+00  0.10000000E+04  0.00000000E+00  0.12500000E+03  0.00000000E+00  0.69999999E+00  0.10000000E+04
  0.82500000E+01  0.17500000E+01  0.00000000E+00  0.00000000E+00  0.10000000E+04  0.00000000E+00  0.12500000E+03  0.00000000E+00  0.69999999E+00  0.10000000E+04
  0.82500000E+01  0.22500000E+01  0.00000000E+00  0.00000000E+00  0.10000000E+04  0.00000000E+00  0.12500000E+03  0.00000000E+00  0.69999999E+00  0.10000000E+04
  0.82500000E+01  0.27500000E+01  0.00000000E+00  0.00000000E+00  0.10000000E+04  0.00000000E+00  0.12500000E+03  0.00000000E+00  0.69999999E+00  0.10000000E+04
  0.82500000E+01  0.32500000E+01  0.00000000E+00  0.00000000E+00  0.10000000E+04  0.00000000E+00  0.12500000E+03  0.00000000E+00  0.69999999E+00  0.10000000E+04
  0.82500000E+01  0.37500000E+01  0.00000000E+00  0.00000000E+00  0.10000000E+04  0.00000000E+00  0.12500000E+03  0.00000000E+00  0.69999999E+00  0.10000000E+04
  0.50000000E+00  0.00000000E+00  0.00000000E+00  0.00000000E+00  0.10428593E+04  0.95708094E+05  0.12500000E+03  0.11626197E-01  0.69999999E+00  0.99998615E+03
  0.10000000E+01  0.00000000E+00  0.00000000E+00  0.00000000E+00  0.10587659E+04  0.13773764E+06  0.12500000E+03  0.65581617E-02  0.69999999E+00  0.99999207E+03
  0.15000000E+01  0.00000000E+00  0.00000000E+00  0.00000000E+00  0.10225648E+04  0.47384332E+05  0.12500000E+03  0.20611100E-01  0.69999999E+00  0.99997589E+03
  0.20000000E+01  0.00000000E+00  0.00000000E+00  0.00000000E+00  0.11367168E+04  0.40704703E+06  0.12500000E+03  0.23655972E-01  0.69999999E+00  0.99996930E+03
  0.25000000E+01  0.00000000E+00  0.00000000E+00  0.00000000E+00  0.10478168E+04  0.10839978E+06  0.12500000E+03  0.63761971E-02  0.69999999E+00  0.99999237E+03
  0.30000000E+01  0.00000000E+00  0.00000000E+00  0.00000000E+00  0.10460652E+04  0.10387441E+06  0.12500000E+03  0.80674496E-02  0.69999999E+00  0.99999036E+03
  0.35000000E+01  0.00000000E+00  0.00000000E+00  0.00000000E+00  0.10061173E+04  0.12224754E+05  0.12500000E+03  0.32440384E-02  0.69999999E+00  0.99999628E+03
  0.40000000E+01  0.00000000E+00  0.00000000E+00  0.00000000E+00  0.10000137E+04  0.26898298E+02  0.12500000E+03 -0.68247195E-04  0.69999999E+00  0.10000001E+04
  0.45000000E+01  0.00000000E+00  0.00000000E+00  0.00000000E+00  0.10000000E+04  0.00000000E+00  0.12500000E+03  0.42167873E-40  0.69999999E+00  0.10000000E+04
  0.50000000E+01  0.00000000E+00  0.00000000E+00  0.00000000E+00  0.10000000E+04  0.00000000E+00  0.12500000E+03 -0.00000000E+00  0.69999999E+00  0.10000000E+04
  0.55000000E+01  0.00000000E+00  0.00000000E+00  0.00000000E+00  0.10000000E+04  0.00000000E+00  0.12500000E+03  0.00000000E+00  0.69999999E+00  0.10000000E+04
  0.60000000E+01  0.00000000E+00  0.00000000E+00  0.00000000E+00  0.10000000E+04  0.00000000E+00  0.12500000E+03  0.00000000E+00  0.69999999E+00  0.10000000E+04
  0.65000000E+01  0.00000000E+00  0.00000000E+00  0.00000000E+00  0.10000000E+04  0.00000000E+00  0.12500000E+03  0.00000000E+00  0.69999999E+00  0.10000000E+04
  0.70000000E+01  0.00000000E+00  0.00000000E+00  0.00000000E+00  0.10000000E+04  0.00000000E+00  0.12500000E+03  0.00000000E+00  0.69999999E+00  0.10000000E+04
  0.75000000E+01  0.00000000E+00  0.00000000E+00  0.00000000E+00  0.10000000E+04  0.00000000E+00  0.12500000E+03  0.00000000E+00  0.69999999E+00  0.10000000E+04
  0.25000000E+00 -0.25000000E+00  0.00000000E+00  0.00000000E+00  0.10057990E+04  0.11577369E+05  0.12500000E+03  0.31750188E-02  0.69999999E+00  0.99999634E+03
  0.75000000E+00 -0.25000000E+00  0.00000000E+00  0.00000000E+00  0.10264121E+04  0.56112277E+05  0.12500000E+03  0.83726048E-02  0.69999999E+00  0.99999017E+03
  0.12500000E+01 -0.25000000E+00  0.00000000E+00  0.00000000E+00  0.10096998E+04  0.19593883E+05  0.12500000E+03  0.67780716E-02  0.69999999E+00  0.99999219E+03
  0.17500000E+01 -0.25000000E+00  0.00000000E+00  0.00000000E+00  0.10145819E+04  0.29892143E+05  0.12500000E+03  0.10280799E-01  0.69999999E+00  0.99998810E+03
  0.22500000E+01 -0.25000000E+00  0.00000000E+00  0.00000000E+00  0.10015734E+04  0.31014702E+04  0.12500000E+03  0.10081597E-01  0.69999999E+00  0.99998846E+03
  0.27500000E+01 -0.25000000E+00  0.00000000E+00  0.00000000E+00  0.10043612E+04  0.86693486E+04  0.12500000E+03  0.42197909E-02  0.69999999E+00  0.99999518E+03
  0.32500000E+01 -0.25000000E+00  0.00000000E+00  0.00000000E+00  0.10009327E+04  0.18350730E+04  0.12500000E+03  0.29301648E-02  0.69999999E+00  0.99999664E+03
  0.37500000E+01 -0.25000000E+00  0.00000000E+00  0.00000000E+00  0.10000070E+04  0.13565822E+02  0.12500000E+03 -0.15635355E-03  0.69999999E+00  0.10000002E+04
  0.42500000E+01 -0.25000000E+00  0.00000000E+00  0.00000000E+00  0.10000000E+04  0.00000000E+00  0.12500000E+03 -0.18272590E-36  0.69999999E+00  0.10000000E+04
  0.47500000E+01 -0.25000000E+00  0.00000000E+00  0.00000000E+00  0.10000000E+04  0.00000000E+00  0.12500000E+03 -0.82015197E-40  0.69999999E+00  0.10000000E+04
  0.52500000E+01 -0.25000000E+00  0.00000000E+00  0.00000000E+00  0.10000000E+04  0.00000000E+00  0.12500000E+03  0.00000000E+00  0.69999999E+00  0.10000000E+04
  0.57500000E+01 -0.25000000E+00  0.00000000E+00  0.00000000E+00  0.10000000E+04  0.00000000E+00  0.12500000E+03  0.00000000E+00  0.69999999E+00  0.10000000E+04
  0.62500000E+01 -0.25000000E+00  0.00000000E+00  0.00000000E+00  0.10000000E+04  0.00000000E+00  0.12500000E+03  0.00000000E+00  0.69999999E+00  0.10000000E+04
  0.67500000E+01 -0.25000000E+00  0.00000000E+00  0.00000000E+00  0.10000000E+04  0.00000000E+00  0.12500000E+03  0.00000000E+00  0.69999999E+00  0.10000000E+04
  0.72500000E+01 -0.25000000E+00  0.00000000E+00  0.00000000E+00  0.10000000E+04  0.00000000E+00  0.12500000E+03  0.00000000E+00  0.69999999E+00  0.10000000E+04
  0.77500000E+01 -0.25000000E+00  0.00000000E+00  0.00000000E+00  0.10000000E+04  0.00000000E+00  0.12500000E+03  0.00000000E+00  0.69999999E+00  0.10000000E+04
  0.40000000E+01  0.50000000E+00  0.00000000E+00  0.00000000E+00  0.10010638E+04  0.20938953E+04  0.12500000E+03 -0.25444879E-03  0.69999999E+00  0.10000003E+04
  0.37500000E+01  0.25000000E+00  0.00000000E+00  0.00000000E+00  0.10050774E+04  0.10114813E+05  0.12500000E+03 -0.14059597E-02  0.69999999E+00  0.10000016E+04
  0.40000000E+01  0.10000000E+01  0.00000000E+00  0.00000000E+00  0.10028992E+04  0.57378843E+04  0.12500000E+03 -0.12442828E-03  0.69999999E+00  0.10000001E+04
  0.37500000E+01  0.75000000E+00  0.00000000E+00  0.00000000E+00  0.10435620E+04  0.97485547E+05  0.12500000E+03  0.88853587E-03  0.69999999E+00  0.99999896E+03
  0.40000000E+01  0.15000000E+01  0.00000000E+00  0.00000000E+00  0.10011713E+04  0.23060459E+04  0.12500000E+03  0.33455802E-03  0.69999999E+00  0.99999963E+03
  0.37500000E+01  0.12500000E+01  0.00000000E+00  0.00000000E+00  0.10439733E+04  0.98528648E+05  0.12500000E+03  0.78525272E-03  0.69999999E+00  0.99999908E+03
  0.40000000E+01  0.20000000E+01  0.00000000E+00  0.00000000E+00  0.10010675E+04  0.21011924E+04  0.12500000E+03  0.29254588E-03  0.69999999E+00  0.99999969E+03
  0.37500000E+01  0.17500000E+01  0.00000000E+00  0.00000000E+00  0.10305481E+04  0.65716453E+05  0.12500000E+03  0.16003558E-02  0.69999999E+00  0.99999811E+03
  0.45000000E+01  0.50000000E+00  0.00000000E+00  0.00000000E+00  0.10000000E+04  0.00000000E+00  0.12500000E+03  0.24200144E-39  0.69999999E+00  0.10000000E+04
  0.42500000E+01  0.25000000E+00  0.00000000E+00  0.00000000E+00  0.10000018E+04  0.35083482E+01  0.12500000E+03 -0.74084828E-05  0.69999999E+00  0.10000000E+04
  0.45000000E+01  0.10000000E+01  0.00000000E+00  0.00000000E+00  0.10000000E+04  0.00000000E+00  0.12500000E+03 -0.00000000E+00  0.69999999E+00  0.10000000E+04
  0.42500000E+01  0.75000000E+00  0.00000000E+00  0.00000000E+00  0.10000944E+04  0.18529227E+03  0.12500000E+03 -0.10442676E-04  0.69999999E+00  0.10000000E+04
  0.45000000E+01  0.15000000E+01  0.00000000E+00  0.00000000E+00  0.10000000E+04  0.00000000E+00  0.12500000E+03 -0.32229865E-42  0.69999999E+00  0.10000000E+04
  0.42500000E+01  0.12500000E+01  0.00000000E+00  0.00000000E+00  0.10000066E+04  0.12864128E+02  0.12500000E+03  0.34267537E-05  0.69999999E+00  0.10000000E+04
  0.45000000E+01  0.20000000E+01  0.00000000E+00  0.00000000E+00  0.10000000E+04  0.00000000E+00  0.12500000E+03  0.32229865E-42  0.69999999E+00  0.10000000E+04
  0.42500000E+01  0.17500000E+01  0.00000000E+00  0.00000000E+00  0.10000031E+04  0.60811610E+01  0.12500000E+03 -0.35628464E-05  0.69999999E+00  0.10000000E+04
  0.50000000E+01  0.50000000E+00  0.00000000E+00  0.00000000E+00  0.10000000E+04  0.00000000E+00  0.12500000E+03  0.00000000E+00  0.69999999E+00  0.10000000E+04
  0.47500000E+01  0.25000000E+00  0.00000000E+00  0.00000000E+00  0.10000000E+04  0.00000000E+00  0.12500000E+03  0.81059511E-40  0.69999999E+00  0.10000000E+04
  0.50000000E+01  0.10000000E+01  0.00000000E+00  0.00000000E+00  0.10000000E+04  0.00000000E+00  0.12500000E+03  0.00000000E+00  0.69999999E+00  0.10000000E+04
  0.47500000E+01  0.75000000E+00  0.00000000E+00  0.00000000E+00  0.10000000E+04  0.00000000E+00  0.12500000E+03  0.00000000E+00  0.69999999E+00  0.10000000E+04
  0.50000000E+01  0.15000000E+01  0.00000000E+00  0.00000000E+00  0.10000000E+04  0.00000000E+00  0.12500000E+03 -0.18777399E-42  0.69999999E+00  0.10000000E+04
  0.47500000E+01  0.12500000E+01  0.00000000E+00  0.00000000E+00  0.10000000E+04  0.00000000E+00  0.12500000E+03 -0.15694543E-42  0.69999999E+00  0.10000000E+04
  0.50000000E+01  0.20000000E+01  0.00000000E+00  0.00000000E+00  0.10000000E+04  0.00000000E+00  0.12500000E+03  0.15414283E-42  0.69999999E+00  0.10000000E+04
  0.47500000E+01  0.17500000E+01  0.00000000E+00  0.00000000E+00  0.10000000E+04  0.00000000E+00  0.12500000E+03  0.00000000E+00  0.69999999E+00  0.10000000E+04
  0.25000412E+01  0.91271639E+00 -0.57245314E+00  0.23870265E+00  0.10118416E+04  0.24075174E+05  0.12576698E+03  0.12576674E+03  0.10000000E+01  0.00000000E+00
  0.12199777E+01  0.86678040E+00 -0.43079138E+00  0.32012570E+00  0.10093366E+04  0.18839545E+05  0.12561582E+03  0.12561256E+03  0.10000000E+01  0.00000000E+00
  0.16796703E+01  0.10137872E+01 -0.52491277E-01 -0.40331680E+00  0.10042642E+04  0.84742236E+04  0.12546356E+03  0.12546333E+03  0.10000000E+01  0.00000000E+00
  0.17686982E+01  0.17999024E+01 -0.10958254E+01 -0.10935657E+01  0.10002131E+04  0.41846039E+03  0.12531018E+03  0.12531027E+03  0.10000000E+01  0.00000000E+00
  0.26765251E+01  0.15679027E+01  0.78570902E+00 -0.30187613E+00  0.10038146E+04  0.75703960E+04  0.12515567E+03  0.12515567E+03  0.10000000E+01  0.00000000E+00
  0.28553538E+01  0.14979641E+01 -0.31749630E+00  0.69905239E+00  0.10040326E+04  0.80083481E+04  0.12500000E+03  0.12500000E+03  0.10000000E+01  0.00000000E+00
  0.27008619E+01  0.88394547E+00  0.48216724E+00  0.12863106E+00  0.10059238E+04  0.11830989E+05  0.12576698E+03  0.12575461E+03  0.10000000E+01  0.00000000E+00
  0.10492724E+01  0.93842351E+00 -0.81359392E+00  0.78031117E+00  0.10030559E+04  0.60509834E+04  0.12561582E+03  0.12560624E+03  0.10000000E+01  0.00000000E+00
  0.91020620E+00  0.10898056E+01  0.13418436E+00  0.16547495E+00  0.10009738E+04  0.19159918E+04  0.12546356E+03  0.12546037E+03  0.10000000E+01  0.00000000E+00
  0.24940832E+01  0.13488313E+01 -0.18955824E+00 -0.20323205E+00  0.10010856E+04  0.21369736E+04  0.12531018E+03  0.12531038E+03  0.10000000E+01  0.00000000E+00
  0.13103336E+01  0.88225043E+00  0.87439936E+00  0.58073783E+00  0.10131692E+04  0.26881404E+05  0.12515567E+03  0.12515535E+03  0.10000000E+01  0.00000000E+00
  0.72130215E+00  0.81261480E+00  0.43046981E+00  0.47970092E+00  0.10184590E+04  0.38284895E+05  0.12500000E+03  0.12500000E+03  0.10000000E+01  0.00000000E+00
  0.20044963E+01  0.11153582E+01  0.41723222E+00  0.46886828E-01  0.10012804E+04  0.25218684E+04  0.12576698E+03  0.12575644E+03  0.10000000E+01  0.00000000E+00
  0.27373006E+01  0.88412559E+00 -0.23368117E+00 -0.62906027E-01  0.10025236E+04  0.49888301E+04  0.12561582E+03  0.12561089E+03  0.10000000E+01  0.00000000E+00
  0.29120193E+01  0.11812903E+01  0.65781057E-01  0.54243767E+00  0.10185099E+04  0.38396363E+05  0.12546356E+03  0.12546005E+03  0.10000000E+01  0.00000000E+00
  0.21805122E+01  0.14046644E+01  0.12172925E+00 -0.19692042E+01  0.99398383E+03 -0.11592856E+05  0.12531018E+03  0.12531018E+03  0.10000000E+01  0.00000000E+00
  0.29275794E+01  0.79135799E+00 -0.52797788E+00 -0.79172039E+00  0.10152065E+04  0.31231404E+05  0.12515567E+03  0.12515553E+03  0.10000000E+01  0.00000000E+00
  0.15856376E+01  0.15887232E+01 -0.12332897E+01  0.51167786E+00  0.99382391E+03 -0.11895315E+05  0.12500000E+03  0.12499989E+03  0.10000000E+01  0.00000000E+00
  0.86130631E+00  0.12519485E+01  0.99034798E+00  0.13755672E+01  0.10072027E+04  0.14440840E+05  0.12576698E+03  0.12576566E+03  0.10000000E+01  0.00000000E+00
  0.27883472E+01  0.92703116E+00  0.77085865E+00  0.92812908E+00  0.99414990E+03 -0.11278364E+05  0.12561582E+03  0.12561245E+03  0.10000000E+01  0.00000000E+00
  0.17681460E+01  0.14790545E+01 -0.16643028E+01 -0.14520078E+01  0.99310083E+03 -0.13259222E+05  0.12546356E+03  0.12546202E+03  0.10000000E+01  0.00000000E+00
  0.22340281E+01  0.93112707E+00  0.10865900E+00 -0.24015284E+00  0.10061566E+04  0.12304580E+05  0.12531018E+03  0.12530890E+03  0.10000000E+01  0.00000000E+00
  0.11255900E+01  0.16104226E+01  0.43133253E+00  0.20864072E+01  0.10133333E+04  0.27229686E+05  0.12515567E+03  0.12515567E+03  0.10000000E+01  0.00000000E+00
  0.16652880E+01  0.95783746E+00 -0.36650491E+00 -0.32586932E+00  0.10011636E+04  0.22909719E+04  0.12500000E+03  0.12500012E+03  0.10000000E+01  0.00000000E+00
  0.91520035E+00  0.13597589E+01  0.39811701E+00  0.10059165E+01  0.10092889E+04  0.18740639E+05  0.12561582E+03  0.12561399E+03  0.10000000E+01  0.00000000E+00
  0.16307745E+01  0.19083178E+01 -0.24096034E+01 -0.33464140E+00  0.10065698E+04  0.13146686E+05  0.12531018E+03  0.12531004E+03  0.10000000E+01  0.00000000E+00
  0.24926879E+01  0.18577077E+01 -0.70610833E+00 -0.68356186E+00  0.99759137E+03 -0.46917090E+04  0.12500000E+03  0.12500000E+03  0.10000000E+01  0.00000000E+00
