  0.00000000E+00  0.00000000E+00  0.00000000E+00  0.00000000E+00  0.10008649E+04  0.17012710E+04  0.12500000E+03  0.18223706E-02  0.69999999E+00  0.99999792E+03
  0.00000000E+00  0.50000000E+00  0.00000000E+00  0.00000000E+00  0.10013180E+04  0.25961196E+04  0.12500000E+03  0.12649540E-02  0.69999999E+00  0.99999854E+03
  0.00000000E+00  0.10000000E+01  0.00000000E+00  0.00000000E+00  0.10058325E+04  0.11645661E+05  0.12500000E+03  0.22617087E-02  0.69999999E+00  0.99999738E+03
  0.00000000E+00  0.15000000E+01  0.00000000E+00  0.00000000E+00  0.10155869E+04  0.32049400E+05  0.12500000E+03  0.80674584E-03  0.69999999E+00  0.99999908E+03
  0.00000000E+00  0.20000000E+01  0.00000000E+00  0.00000000E+00  0.10081433E+04  0.16372828E+05  0.12500000E+03 -0.62240532E-03  0.69999999E+00  0.10000007E+04
  0.00000000E+00  0.25000000E+01  0.00000000E+00  0.00000000E+00  0.10002484E+04  0.48778732E+03  0.12500000E+03  0.11101574E-03  0.69999999E+00  0.99999988E+03
  0.00000000E+00  0.30000000E+01  0.00000000E+00  0.00000000E+00  0.10000000E+04  0.00000000E+00  0.12500000E+03  0.00000000E+00  0.69999999E+00  0.10000000E+04
  0.00000000E+00  0.35000000E+01  0.00000000E+00  0.00000000E+00  0.10000000E+04  0.00000000E+00  0.12500000E+03  0.00000000E+00  0.69999999E+00  0.10000000E+04
  0.00000000E+00  0.40000000E+01  0.00000000E+00  0.00000000E+00  0.10000000E+04  0.00000000E+00  0.12500000E+03  0.00000000E+00  0.69999999E+00  0.10000000E+04
 -0.25000000E+00 -0.25000000E+00  0.00000000E+00  0.00000000E+00  0.10006414E+04  0.12607445E+04  0.12500000E+03  0.52005530E-03  0.69999999E+00  0.99999939E+03
 -0.25000000E+00  0.25000000E+00  0.00000000E+00  0.00000000E+00  0.10011429E+04  0.22502283E+04  0.12500000E+03  0.72317623E-03  0.69999999E+00  0.99999915E+03
 -0.25000000E+00  0.75000000E+00  0.00000000E+00  0.00000000E+00  0.10006598E+04  0.12971389E+04  0.12500000E+03 -0.33976256E-04  0.69999999E+00  0.10000001E+04
 -0.25000000E+00  0.12500000E+01  0.00000000E+00  0.00000000E+00  0.10025736E+04  0.50885752E+04  0.12500000E+03  0.74098556E-03  0.69999999E+00  0.99999915E+03
 -0.25000000E+00  0.17500000E+01  0.00000000E+00  0.00000000E+00  0.10006367E+04  0.12515878E+04  0.12500000E+03 -0.18585019E-03  0.69999999E+00  0.10000002E+04
 -0.25000000E+00  0.22500000E+01  0.00000000E+00  0.00000000E+00  0.10004747E+04  0.93267188E+03  0.12500000E+03 -0.78150333E-04  0.69999999E+00  0.10000001E+04
 -0.25000000E+00  0.27500000E+01  0.00000000E+00  0.00000000E+00  0.10000000E+04  0.00000000E+00  0.12500000E+03  0.00000000E+00  0.69999999E+00  0.10000000E+04
 -0.25000000E+00  0.32500000E+01  0.00000000E+00  0.00000000E+00  0.10000000E+04  0.00000000E+00  0.12500000E+03  0.00000000E+00  0.69999999E+00  0.10000000E+04
 -0.25000000E+00  0.37500000E+01  0.00000000E+00  0.00000000E+00  0.10000000E+04  0.00000000E+00  0.12500000E+03  0.00000000E+00  0.69999999E+00  0.10000000E+04
  0.80000000E+01  0.00000000E+00  0.00000000E+00  0.00000000E+00  0.10000000E+04  0.00000000E+00  0.12500000E+03  0.00000000E+00  0.69999999E+00  0.10000000E+04
  0.80000000E+01  0.50000000E+00  0.00000000E+00  0.00000000E+00  0.10000000E+04  0.00000000E+00  0.12500000E+03  0.00000000E+00  0.69999999E+00  0.10000000E+04
  0.80000000E+01  0.10000000E+01  0.00000000E+00  0.00000000E+00  0.10000000E+04  0.00000000E+00  0.12500000E+03  0.00000000E+00  0.69999999E+00  0.10000000E+04
  0.80000000E+01  0.15000000E+01  0.00000000E+00  0.00000000E+00  0.10000000E+04  0.00000000E+00  0.12500000E+03  0.00000000E+00  0.69999999E+00  0.10000000E+04
  0.80000000E+01  0.20000000E+01  0.00000000E+00  0.00000000E+00  0.10000000E+04  0.00000000E+00  0.12500000E+03  0.00000000E+00  0.69999999E+00  0.10000000E+04
  0.80000000E+01  0.25000000E+01  0.00000000E+00  0.00000000E+00  0.10000000E+04  0.00000000E+00  0.12500000E+03  0.00000000E+00  0.69999999E+00  0.10000000E+04
  0.80000000E+01  0.30000000E+01  0.00000000E+00  0.00000000E+00  0.10000000E+04  0.00000000E+00  0.12500000E+03  0.00000000E+00  0.69999999E+00  0.10000000E+04
  0.80000000E+01  0.35000000E+01  0.00000000E+00  0.00000000E+00  0.10000000E+04  0.00000000E+00  0.12500000E+03  0.00000000E+00  0.69999999E+00  0.10000000E+04
  0.80000000E+01  0.40000000E+01  0.00000000E+00  0.00000000E+00  0.10000000E+04  0.00000000E+00  0.12500000E+03  0.00000000E+00  0.69999999E+00  0.10000000E+04
  0.82500000E+01 -0.25000000E+00  0.00000000E+00  0.00000000E+00  0.10000000E+04  0.00000000E+00  0.12500000E+03  0.00000000E+00  0.69999999E+00  0.10000000E+04
  0.82500000E+01  0.25000000E+00  0.00000000E+00  0.00000000E+00  0.10000000E+04  0.00000000E+00  0.12500000E+03  0.00000000E+00  0.69999999E+00  0.10000000E+04
  0.82500000E+01  0.75000000E+00  0.00000000E+00  0.00000000E+00  0.10000000E+04  0.00000000E+00  0.12500000E+03  0.00000000E+00  0.69999999E+00  0.10000000E+04
  0.82500000E+01  0.12500000E+01  0.00000000E+00  0.00000000E+00  0.10000000E+04  0.00000000E+00  0.12500000E+03  0.00000000E+00  0.69999999E+00  0.10000000E+04
  0.82500000E+01  0.17500000E+01  0.00000000E+00  0.00000000E+00  0.10000000E+04  0.00000000E+00  0.12500000E+03  0.00000000E+00  0.69999999E+00  0.10000000E+04
  0.82500000E+01  0.22500000E+01  0.00000000E+00  0.00000000E+00  0.10000000E+04  0.00000000E+00  0.12500000E+03  0.00000000E+00  0.69999999E+00  0.10000000E+04
  0.82500000E+01  0.27500000E+01  0.00000000E+00  0.00000000E+00  0.10000000E+04  0.00000000E+00  0.12500000E+03  0.00000000E+00  0.69999999E+00  0.10000000E+04
  0.82500000E+01  0.32500000E+01  0.00000000E+00  0.00000000E+00  0.10000000E+04  0.00000000E+00  0.12500000E+03  0.00000000E+00  0.69999999E+00  0.10000000E+04
  0.82500000E+01  0.37500000E+01  0.00000000E+00  0.00000000E+00  0.10000000E+04  0.00000000E+00  0.12500000E+03  0.00000000E+00  0.69999999E+00  0.10000000E+04
  0.50000000E+00  0.00000000E+00  0.00000000E+00  0.00000000E+00  0.10158029E+04  0.32514457E+05  0.12500000E+03  0.87715089E-02  0.69999999E+00  0.99998981E+03
  0.10000000E+01  0.00000000E+00  0.00000000E+00  0.00000000E+00  0.10413320E+04  0.91870680E+05  0.12500000E+03  0.37262589E-02  0.69999999E+00  0.99999554E+03
  0.15000000E+01  0.00000000E+00  0.00000000E+00  0.00000000E+00  0.10884817E+04  0.22711233E+06  0.12500000E+03  0.15943661E-01  0.69999999E+00  0.99998016E+03
  0.20000000E+01  0.00000000E+00  0.00000000E+00  0.00000000E+00  0.11633350E+04  0.52794331E+06  0.12500000E+03  0.17754013E-01  0.69999999E+00  0.99997638E+03
  0.25000000E+01  0.00000000E+00  0.00000000E+00  0.00000000E+00  0.10281055E+04  0.60016469E+05  0.12500000E+03  0.17063932E-02  0.69999999E+00  0.99999799E+03
  0.30000000E+01  0.00000000E+00  0.00000000E+00  0.00000000E+00  0.10210829E+04  0.44074754E+05  0.12500000E+03  0.36278751E-02  0.69999999E+00  0.99999579E+03
  0.35000000E+01  0.00000000E+00  0.00000000E+00  0.00000000E+00  0.10012605E+04  0.24825103E+04  0.12500000E+03  0.14142229E-02  0.69999999E+00  0.99999835E+03
  0.40000000E+01  0.00000000E+00  0.00000000E+00  0.00000000E+00  0.10000131E+04  0.25728762E+02  0.12500000E+03 -0.50405528E-04  0.69999999E+00  0.10000001E+04
  0.45000000E+01  0.00000000E+00  0.00000000E+00  0.00000000E+00  0.10000000E+04  0.00000000E+00  0.12500000E+03  0.00000000E+00  0.69999999E+00  0.10000000E+04
  0.50000000E+01  0.00000000E+00  0.00000000E+00  0.00000000E+00  0.10000000E+04  0.00000000E+00  0.12500000E+03  0.00000000E+00  0.69999999E+00  0.10000000E+04
  0.55000000E+01  0.00000000E+00  0.00000000E+00  0.00000000E+00  0.10000000E+04  0.00000000E+00  0.12500000E+03  0.00000000E+00  0.69999999E+00  0.10000000E+04
  0.60000000E+01  0.00000000E+00  0.00000000E+00  0.00000000E+00  0.10000000E+04  0.00000000E+00  0.12500000E+03  0.00000000E+00  0.69999999E+00  0.10000000E+04
  0.65000000E+01  0.00000000E+00  0.00000000E+00  0.00000000E+00  0.10000000E+04  0.00000000E+00  0.12500000E+03  0.00000000E+00  0.69999999E+00  0.10000000E+04
  0.70000000E+01  0.00000000E+00  0.00000000E+00  0.00000000E+00  0.10000000E+04  0.00000000E+00  0.12500000E+03  0.00000000E+00  0.69999999E+00  0.10000000E+04
  0.75000000E+01  0.00000000E+00  0.00000000E+00  0.00000000E+00  0.10000000E+04  0.00000000E+00  0.12500000E+03  0.00000000E+00  0.69999999E+00  0.10000000E+04
  0.25000000E+00 -0.25000000E+00  0.00000000E+00  0.00000000E+00  0.10052322E+04  0.10428154E+05  0.12500000E+03  0.27088579E-02  0.69999999E+00  0.99999689E+03
  0.75000000E+00 -0.25000000E+00  0.00000000E+00  0.00000000E+00  0.10219717E+04  0.46056352E+05  0.12500000E+03  0.66825883E-02  0.69999999E+00  0.99999219E+03
  0.12500000E+01 -0.25000000E+00  0.00000000E+00  0.00000000E+00  0.10149369E+04  0.30652666E+05  0.12500000E+03  0.55758748E-02  0.69999999E+00  0.99999353E+03
  0.17500000E+01 -0.25000000E+00  0.00000000E+00  0.00000000E+00  0.10187441E+04  0.38909773E+05  0.12500000E+03  0.83706882E-02  0.69999999E+00  0.99999023E+03
  0.22500000E+01 -0.25000000E+00  0.00000000E+00  0.00000000E+00  0.10004269E+04  0.83862860E+03  0.12500000E+03  0.74234372E-02  0.69999999E+00  0.99999152E+03
  0.27500000E+01 -0.25000000E+00  0.00000000E+00  0.00000000E+00  0.10022003E+04  0.43457188E+04  0.12500000E+03  0.14347590E-02  0.69999999E+00  0.99999835E+03
  0.32500000E+01 -0.25000000E+00  0.00000000E+00  0.00000000E+00  0.10002860E+04  0.56158044E+03  0.12500000E+03  0.15151675E-02  0.69999999E+00  0.99999829E+03
  0.37500000E+01 -0.25000000E+00  0.00000000E+00  0.00000000E+00  0.10000071E+04  0.13799721E+02  0.12500000E+03 -0.13200220E-03  0.69999999E+00  0.10000001E+04
  0.42500000E+01 -0.25000000E+00  0.00000000E+00  0.00000000E+00  0.10000000E+04  0.00000000E+00  0.12500000E+03 -0.17251946E-39  0.69999999E+00  0.10000000E+04
  0.47500000E+01 -0.25000000E+00  0.00000000E+00  0.00000000E+00  0.10000000E+04  0.00000000E+00  0.12500000E+03 -0.00000000E+00  0.69999999E+00  0.10000000E+04
  0.52500000E+01 -0.25000000E+00  0.00000000E+00  0.00000000E+00  0.10000000E+04  0.00000000E+00  0.12500000E+03  0.00000000E+00  0.69999999E+00  0.10000000E+04
  0.57500000E+01 -0.25000000E+00  0.00000000E+00  0.00000000E+00  0.10000000E+04  0.00000000E+00  0.12500000E+03  0.00000000E+00  0.69999999E+00  0.10000000E+04
  0.62500000E+01 -0.25000000E+00  0.00000000E+00  0.00000000E+00  0.10000000E+04  0.00000000E+00  0.12500000E+03  0.00000000E+00  0.69999999E+00  0.10000000E+04
  0.67500000E+01 -0.25000000E+00  0.00000000E+00  0.00000000E+00  0.10000000E+04  0.00000000E+00  0.12500000E+03  0.00000000E+00  0.69999999E+00  0.10000000E+04
  0.72500000E+01 -0.25000000E+00  0.00000000E+00  0.00000000E+00  0.10000000E+04  0.00000000E+00  0.12500000E+03  0.00000000E+00  0.69999999E+00  0.10000000E+04
  0.77500000E+01 -0.25000000E+00  0.00000000E+00  0.00000000E+00  0.10000000E+04  0.00000000E+00  0.12500000E+03  0.00000000E+00  0.69999999E+00  0.10000000E+04
  0.40000000E+01  0.50000000E+00  0.00000000E+00  0.00000000E+00  0.10004338E+04  0.85222919E+03  0.12500000E+03 -0.14449963E-03  0.69999999E+00  0.10000002E+04
  0.37500000E+01  0.25000000E+00  0.00000000E+00  0.00000000E+00  0.10002047E+04  0.40183347E+03  0.12500000E+03 -0.62248454E-03  0.69999999E+00  0.10000007E+04
  0.40000000E+01  0.10000000E+01  0.00000000E+00  0.00000000E+00  0.10019707E+04  0.38893462E+04  0.12500000E+03 -0.31372136E-04  0.69999999E+00  0.10000001E+04
  0.37500000E+01  0.75000000E+00  0.00000000E+00  0.00000000E+00  0.10047657E+04  0.94851514E+04  0.12500000E+03  0.54359692E-03  0.69999999E+00  0.99999939E+03
  0.40000000E+01  0.15000000E+01  0.00000000E+00  0.00000000E+00  0.10054246E+04  0.10817881E+05  0.12500000E+03  0.16846968E-03  0.69999999E+00  0.99999982E+03
  0.37500000E+01  0.12500000E+01  0.00000000E+00  0.00000000E+00  0.10208304E+04  0.43513734E+05  0.12500000E+03  0.38989790E-03  0.69999999E+00  0.99999957E+03
  0.40000000E+01  0.20000000E+01  0.00000000E+00  0.00000000E+00  0.10043093E+04  0.85649316E+04  0.12500000E+03  0.10393898E-03  0.69999999E+00  0.99999988E+03
  0.37500000E+01  0.17500000E+01  0.00000000E+00  0.00000000E+00  0.10757937E+04  0.18713081E+06  0.12500000E+03  0.71741542E-03  0.69999999E+00  0.99999915E+03
  0.45000000E+01  0.50000000E+00  0.00000000E+00  0.00000000E+00  0.10000000E+04  0.00000000E+00  0.12500000E+03  0.26904931E-42  0.69999999E+00  0.10000000E+04
  0.42500000E+01  0.25000000E+00  0.00000000E+00  0.00000000E+00  0.10000018E+04  0.35083482E+01  0.12500000E+03 -0.74084828E-05  0.69999999E+00  0.10000000E+04
  0.45000000E+01  0.10000000E+01  0.00000000E+00  0.00000000E+00  0.10000000E+04  0.00000000E+00  0.12500000E+03 -0.00000000E+00  0.69999999E+00  0.10000000E+04
  0.42500000E+01  0.75000000E+00  0.00000000E+00  0.00000000E+00  0.10000934E+04  0.18318608E+03  0.12500000E+03 -0.62608265E-05  0.69999999E+00  0.10000000E+04
  0.45000000E+01  0.15000000E+01  0.00000000E+00  0.00000000E+00  0.10000000E+04  0.00000000E+00  0.12500000E+03  0.00000000E+00  0.69999999E+00  0.10000000E+04
  0.42500000E+01  0.12500000E+01  0.00000000E+00  0.00000000E+00  0.10000066E+04  0.12864128E+02  0.12500000E+03  0.34267537E-05  0.69999999E+00  0.10000000E+04
  0.45000000E+01  0.20000000E+01  0.00000000E+00  0.00000000E+00  0.10000000E+04  0.00000000E+00  0.12500000E+03  0.00000000E+00  0.69999999E+00  0.10000000E+04
  0.42500000E+01  0.17500000E+01  0.00000000E+00  0.00000000E+00  0.10000054E+04  0.10525158E+02  0.12500000E+03  0.55136120E-05  0.69999999E+00  0.10000000E+04
  0.50000000E+01  0.50000000E+00  0.00000000E+00  0.00000000E+00  0.10000000E+04  0.00000000E+00  0.12500000E+03  0.00000000E+00  0.69999999E+00  0.10000000E+04
  0.47500000E+01  0.25000000E+00  0.00000000E+00  0.00000000E+00  0.10000000E+04  0.00000000E+00  0.12500000E+03  0.00000000E+00  0.69999999E+00  0.10000000E+04
  0.50000000E+01  0.10000000E+01  0.00000000E+00  0.00000000E+00  0.10000000E+04  0.00000000E+00  0.12500000E+03  0.00000000E+00  0.69999999E+00  0.10000000E+04
  0.47500000E+01  0.75000000E+00  0.00000000E+00  0.00000000E+00  0.10000000E+04  0.00000000E+00  0.12500000E+03  0.00000000E+00  0.69999999E+00  0.10000000E+04
  0.50000000E+01  0.15000000E+01  0.00000000E+00  0.00000000E+00  0.10000000E+04  0.00000000E+00  0.12500000E+03 -0.00000000E+00  0.69999999E+00  0.10000000E+04
  0.47500000E+01  0.12500000E+01  0.00000000E+00  0.00000000E+00  0.10000000E+04  0.00000000E+00  0.12500000E+03 -0.00000000E+00  0.69999999E+00  0.10000000E+04
  0.50000000E+01  0.20000000E+01  0.00000000E+00  0.00000000E+00  0.10000000E+04  0.00000000E+00  0.12500000E+03  0.00000000E+00  0.69999999E+00  0.10000000E+04
  0.47500000E+01  0.17500000E+01  0.00000000E+00  0.00000000E+00  0.10000000E+04  0.00000000E+00  0.12500000E+03  0.00000000E+00  0.69999999E+00  0.10000000E+04
  0.27538507E+01  0.16008773E+01  0.18002806E+01 -0.16523948E+01  0.99335907E+03 -0.12772739E+05  0.12576698E+03  0.12576674E+03  0.10000000E+01  0.00000000E+00
  0.15963317E+01  0.91642916E+00  0.36462033E+00  0.30693758E+00  0.10141246E+04  0.28914854E+05  0.12561582E+03  0.12561256E+03  0.10000000E+01  0.00000000E+00
  0.15472807E+01  0.84892213E+00 -0.89713609E+00  0.28300792E+00  0.10106297E+04  0.21532346E+05  0.12546356E+03  0.12546333E+03  0.10000000E+01  0.00000000E+00
  0.11566918E+01  0.99073613E+00 -0.10515814E+00 -0.24754868E+01  0.10015090E+04  0.29739980E+04  0.12531018E+03  0.12531018E+03  0.10000000E+01  0.00000000E+00
  0.12640461E+01  0.74375796E+00 -0.42062509E+00  0.67638531E-01  0.99921783E+03 -0.15310637E+04  0.12515567E+03  0.12515567E+03  0.10000000E+01  0.00000000E+00
  0.26790171E+01  0.23517289E+01 -0.34284341E+00 -0.10166850E+01  0.10183245E+04  0.37990582E+05  0.12500000E+03  0.12500000E+03  0.10000000E+01  0.00000000E+00
  0.29774795E+01  0.17637103E+01  0.24973792E+00 -0.15325078E+01  0.10039165E+04  0.77750542E+04  0.12576698E+03  0.12575494E+03  0.10000000E+01  0.00000000E+00
  0.16512214E+01  0.10363700E+01  0.12214990E+01  0.49285692E+00  0.10010925E+04  0.21506282E+04  0.12561582E+03  0.12560624E+03  0.10000000E+01  0.00000000E+00
  0.17671402E+01  0.13550153E+01 -0.22230515E+00 -0.44125628E+00  0.10048337E+04  0.96223535E+04  0.12546356E+03  0.12546037E+03  0.10000000E+01  0.00000000E+00
  0.22192342E+01  0.12705389E+01  0.43496470E+01  0.17547655E+01  0.10206190E+04  0.43044738E+05  0.12531018E+03  0.12531038E+03  0.10000000E+01  0.00000000E+00
  0.15655072E+01  0.14589506E+01  0.27215299E+00 -0.11090297E+01  0.99914020E+03 -0.16825768E+04  0.12515567E+03  0.12515567E+03  0.10000000E+01  0.00000000E+00
  0.10267801E+01  0.11654675E+01 -0.39055508E+00 -0.22382898E+01  0.98837360E+03 -0.22030648E+05  0.12500000E+03  0.12500000E+03  0.10000000E+01  0.00000000E+00
  0.30032313E+01  0.18815663E+01  0.65077543E+00 -0.13968313E+01  0.10077366E+04  0.15536020E+05  0.12576698E+03  0.12575644E+03  0.10000000E+01  0.00000000E+00
  0.28369653E+01  0.19067439E+01  0.13326468E+01  0.11386828E+01  0.98487006E+03 -0.28370986E+05  0.12561582E+03  0.12561089E+03  0.10000000E+01  0.00000000E+00
  0.25404487E+01  0.13219719E+01  0.61516023E+00 -0.40030164E+00  0.10147496E+04  0.30251266E+05  0.12546356E+03  0.12546005E+03  0.10000000E+01  0.00000000E+00
  0.27504499E+01  0.14326932E+01  0.56312805E+00  0.24229234E+00  0.10245503E+04  0.51864098E+05  0.12531018E+03  0.12531018E+03  0.10000000E+01  0.00000000E+00
  0.26295452E+01  0.98102033E+00  0.92816532E+00  0.69516593E+00  0.98187610E+03 -0.33683082E+05  0.12515567E+03  0.12515553E+03  0.10000000E+01  0.00000000E+00
  0.24250252E+01  0.19784961E+01  0.20005924E+00 -0.24897602E+01  0.10000396E+04  0.77660248E+02  0.12500000E+03  0.12500000E+03  0.10000000E+01  0.00000000E+00
  0.13756037E+01  0.13110130E+01 -0.11962472E+01 -0.23919454E+01  0.99183972E+03 -0.15623832E+05  0.12576698E+03  0.12576566E+03  0.10000000E+01  0.00000000E+00
  0.28637300E+01  0.19792771E+01  0.17445381E+01  0.46243668E+00  0.97055707E+03 -0.52907645E+05  0.12561582E+03  0.12561221E+03  0.10000000E+01  0.00000000E+00
  0.23875794E+01  0.93505335E+00  0.34416080E+00  0.44329071E+00  0.10184510E+04  0.38267668E+05  0.12546356E+03  0.12546202E+03  0.10000000E+01  0.00000000E+00
  0.22342253E+01  0.10443751E+01 -0.15203328E+01  0.82179084E-01  0.10039907E+04  0.79240181E+04  0.12531018E+03  0.12530890E+03  0.10000000E+01  0.00000000E+00
  0.26383133E+01  0.24485452E+01 -0.73787469E+00 -0.88114965E+00  0.10061737E+04  0.12339525E+05  0.12515567E+03  0.12515567E+03  0.10000000E+01  0.00000000E+00
  0.26861181E+01  0.81362116E+00 -0.35106208E+01 -0.28153458E+01  0.97525745E+03 -0.45086473E+05  0.12500000E+03  0.12500012E+03  0.10000000E+01  0.00000000E+00
  0.17421091E+01  0.15856254E+01  0.10966668E+01 -0.10154489E+01  0.98469159E+03 -0.28690445E+05  0.12561582E+03  0.12561399E+03  0.10000000E+01  0.00000000E+00
  0.30132003E+01  0.23941236E+01 -0.31295484E+00  0.63433397E+00  0.99777789E+03 -0.43308442E+04  0.12531018E+03  0.12531004E+03  0.10000000E+01  0.00000000E+00
  0.13329337E+01  0.17951930E+01 -0.13492343E+01 -0.15963380E+01  0.10025615E+04  0.50643486E+04  0.12500000E+03  0.12500000E+03  0.10000000E+01  0.00000000E+00
