  0.00000000E+00  0.00000000E+00  0.00000000E+00  0.00000000E+00  0.10012039E+04  0.23705894E+04  0.12500000E+03  0.24439755E-02  0.69999999E+00  0.99999719E+03
  0.00000000E+00  0.50000000E+00  0.00000000E+00  0.00000000E+00  0.10123671E+04  0.25183082E+05  0.12500000E+03  0.31171646E-02  0.69999999E+00  0.99999640E+03
  0.00000000E+00  0.10000000E+01  0.00000000E+00  0.00000000E+00  0.10035460E+04  0.70317012E+04  0.12500000E+03  0.36057585E-02  0.69999999E+00  0.99999585E+03
  0.00000000E+00  0.15000000E+01  0.00000000E+00  0.00000000E+00  0.10048239E+04  0.96023721E+04  0.12500000E+03  0.13046078E-02  0.69999999E+00  0.99999847E+03
  0.00000000E+00  0.20000000E+01  0.00000000E+00  0.00000000E+00  0.10444325E+04  0.99696852E+05  0.12500000E+03 -0.16015423E-02  0.69999999E+00  0.10000019E+04
  0.00000000E+00  0.25000000E+01  0.00000000E+00  0.00000000E+00  0.10112722E+04  0.22878141E+05  0.12500000E+03  0.47975371E-03  0.69999999E+00  0.99999945E+03
  0.00000000E+00  0.30000000E+01  0.00000000E+00  0.00000000E+00  0.10000006E+04  0.11694453E+01  0.12500000E+03  0.33699656E-04  0.69999999E+00  0.99999994E+03
  0.00000000E+00  0.35000000E+01  0.00000000E+00  0.00000000E+00  0.10000000E+04  0.00000000E+00  0.12500000E+03  0.00000000E+00  0.69999999E+00  0.10000000E+04
  0.00000000E+00  0.40000000E+01  0.00000000E+00  0.00000000E+00  0.10000000E+04  0.00000000E+00  0.12500000E+03  0.00000000E+00  0.69999999E+00  0.10000000E+04
 -0.25000000E+00 -0.25000000E+00  0.00000000E+00  0.00000000E+00  0.10006414E+04  0.12607445E+04  0.12500000E+03  0.52005530E-03  0.69999999E+00  0.99999939E+03
 -0.25000000E+00  0.25000000E+00  0.00000000E+00  0.00000000E+00  0.10006406E+04  0.12593357E+04  0.12500000E+03  0.10885061E-02  0.69999999E+00  0.99999878E+03
 -0.25000000E+00  0.75000000E+00  0.00000000E+00  0.00000000E+00  0.10037659E+04  0.74725396E+04  0.12500000E+03  0.43938647E-03  0.69999999E+00  0.99999951E+03
 -0.25000000E+00  0.12500000E+01  0.00000000E+00  0.00000000E+00  0.10016586E+04  0.32703286E+04  0.12500000E+03  0.11507988E-02  0.69999999E+00  0.99999866E+03
 -0.25000000E+00  0.17500000E+01  0.00000000E+00  0.00000000E+00  0.10013728E+04  0.27045798E+04  0.12500000E+03 -0.34902175E-03  0.69999999E+00  0.10000004E+04
 -0.25000000E+00  0.22500000E+01  0.00000000E+00  0.00000000E+00  0.10021486E+04  0.42426426E+04  0.12500000E+03 -0.18036508E-03  0.69999999E+00  0.10000002E+04
 -0.25000000E+00  0.27500000E+01  0.00000000E+00  0.00000000E+00  0.10000007E+04  0.14033347E+01  0.12500000E+03  0.17250968E-04  0.69999999E+00  0.10000000E+04
 -0.25000000E+00  0.32500000E+01  0.00000000E+00  0.00000000E+00  0.10000000E+04  0.00000000E+00  0.12500000E+03  0.18665296E-41  0.69999999E+00  0.10000000E+04
 -0.25000000E+00  0.37500000E+01  0.00000000E+00  0.00000000E+00  0.10000000E+04  0.00000000E+00  0.12500000E+03  0.00000000E+00  0.69999999E+00  0.10000000E+04
  0.80000000E+01  0.00000000E+00  0.00000000E+00  0.00000000E+00  0.10000000E+04  0.00000000E+00  0.12500000E+03  0.00000000E+00  0.69999999E+00  0.10000000E+04
  0.80000000E+01  0.50000000E+00  0.00000000E+00  0.00000000E+00  0.10000000E+04  0.00000000E+00  0.12500000E+03  0.00000000E+00  0.69999999E+00  0.10000000E+04
  0.80000000E+01  0.10000000E+01  0.00000000E+00  0.00000000E+00  0.10000000E+04  0.00000000E+00  0.12500000E+03  0.00000000E+00  0.69999999E+00  0.10000000E+04
  0.80000000E+01  0.15000000E+01  0.00000000E+00  0.00000000E+00  0.10000000E+04  0.00000000E+00  0.12500000E+03  0.00000000E+00  0.69999999E+00  0.10000000E+04
  0.80000000E+01  0.20000000E+01  0.00000000E+00  0.00000000E+00  0.10000000E+04  0.00000000E+00  0.12500000E+03  0.00000000E+00  0.69999999E+00  0.10000000E+04
  0.80000000E+01  0.25000000E+01  0.00000000E+00  0.00000000E+00  0.10000000E+04  0.00000000E+00  0.12500000E+03  0.00000000E+00  0.69999999E+00  0.10000000E+04
  0.80000000E+01  0.30000000E+01  0.00000000E+00  0.00000000E+00  0.10000000E+04  0.00000000E+00  0.12500000E+03  0.00000000E+00  0.69999999E+00  0.10000000E+04
  0.80000000E+01  0.35000000E+01  0.00000000E+00  0.00000000E+00  0.10000000E+04  0.00000000E+00  0.12500000E+03  0.00000000E+00  0.69999999E+00  0.10000000E+04
  0.80000000E+01  0.40000000E+01  0.00000000E+00  0.00000000E+00  0.10000000E+04  0.00000000E+00  0.12500000E+03  0.00000000E+00  0.69999999E+00  0.10000000E+04
  0.82500000E+01 -0.25000000E+00  0.00000000E+00  0.00000000E+00  0.10000000E+04  0.00000000E+00  0.12500000E+03  0.00000000E+00  0.69999999E+00  0.10000000E+04
  0.82500000E+01  0.25000000E+00  0.00000000E+00  0.00000000E+00  0.10000000E+04  0.00000000E+00  0.12500000E+03  0.00000000E+00  0.69999999E+00  0.10000000E+04
  0.82500000E+01  0.75000000E+00  0.00000000E+00  0.00000000E+00  0.10000000E+04  0.00000000E+00  0.12500000E+03  0.00000000E+00  0.69999999E+00  0.10000000E+04
  0.82500000E+01  0.12500000E+01  0.00000000E+00  0.00000000E+00  0.10000000E+04  0.00000000E+00  0.12500000E+03  0.00000000E+00  0.69999999E+00  0.10000000E+04
  0.82500000E+01  0.17500000E+01  0.00000000E+00  0.00000000E+00  0.10000000E+04  0.00000000E+00  0.12500000E+03  0.00000000E+00  0.69999999E+00  0.10000000E+04
  0.82500000E+01  0.22500000E+01  0.00000000E+00  0.00000000E+00  0.10000000E+04  0.00000000E+00  0.12500000E+03  0.00000000E+00  0.69999999E+00  0.10000000E+04
  0.82500000E+01  0.27500000E+01  0.00000000E+00  0.00000000E+00  0.10000000E+04  0.00000000E+00  0.12500000E+03  0.00000000E+00  0.69999999E+00  0.10000000E+04
  0.82500000E+01  0.32500000E+01  0.00000000E+00  0.00000000E+00  0.10000000E+04  0.00000000E+00  0.12500000E+03  0.00000000E+00  0.69999999E+00  0.10000000E+04
  0.82500000E+01  0.37500000E+01  0.00000000E+00  0.00000000E+00  0.10000000E+04  0.00000000E+00  0.12500000E+03  0.00000000E+00  0.69999999E+00  0.10000000E+04
  0.50000000E+00  0.00000000E+00  0.00000000E+00  0.00000000E+00  0.10419354E+04  0.93382922E+05  0.12500000E+03  0.12343792E-01  0.69999999E+00  0.99998529E+03
  0.10000000E+01  0.00000000E+00  0.00000000E+00  0.00000000E+00  0.10571528E+04  0.13329998E+06  0.12500000E+03  0.70349234E-02  0.69999999E+00  0.99999152E+03
  0.15000000E+01  0.00000000E+00  0.00000000E+00  0.00000000E+00  0.10236409E+04  0.49805746E+05  0.12500000E+03  0.21633901E-01  0.69999999E+00  0.99997467E+03
  0.20000000E+01  0.00000000E+00  0.00000000E+00  0.00000000E+00  0.11309705E+04  0.38309044E+06  0.12500000E+03  0.24981173E-01  0.69999999E+00  0.99996771E+03
  0.25000000E+01  0.00000000E+00  0.00000000E+00  0.00000000E+00  0.10355138E+04  0.77556922E+05  0.12500000E+03  0.73591121E-02  0.69999999E+00  0.99999127E+03
  0.30000000E+01  0.00000000E+00  0.00000000E+00  0.00000000E+00  0.10596626E+04  0.14022219E+06  0.12500000E+03  0.90567842E-02  0.69999999E+00  0.99998901E+03
  0.35000000E+01  0.00000000E+00  0.00000000E+00  0.00000000E+00  0.10076144E+04  0.15285029E+05  0.12500000E+03  0.36850984E-02  0.69999999E+00  0.99999573E+03
  0.40000000E+01  0.00000000E+00  0.00000000E+00  0.00000000E+00  0.10000137E+04  0.26898298E+02  0.12500000E+03 -0.68247195E-04  0.69999999E+00  0.10000001E+04
  0.45000000E+01  0.00000000E+00  0.00000000E+00  0.00000000E+00  0.10000000E+04  0.00000000E+00  0.12500000E+03  0.12134124E-39  0.69999999E+00  0.10000000E+04
  0.50000000E+01  0.00000000E+00  0.00000000E+00  0.00000000E+00  0.10000000E+04  0.00000000E+00  0.12500000E+03 -0.13172206E-42  0.69999999E+00  0.10000000E+04
  0.55000000E+01  0.00000000E+00  0.00000000E+00  0.00000000E+00  0.10000000E+04  0.00000000E+00  0.12500000E+03  0.00000000E+00  0.69999999E+00  0.10000000E+04
  0.60000000E+01  0.00000000E+00  0.00000000E+00  0.00000000E+00  0.10000000E+04  0.00000000E+00  0.12500000E+03  0.00000000E+00  0.69999999E+00  0.10000000E+04
  0.65000000E+01  0.00000000E+00  0.00000000E+00  0.00000000E+00  0.10000000E+04  0.00000000E+00  0.12500000E+03  0.00000000E+00  0.69999999E+00  0.10000000E+04
  0.70000000E+01  0.00000000E+00  0.00000000E+00  0.00000000E+00  0.10000000E+04  0.00000000E+00  0.12500000E+03  0.00000000E+00  0.69999999E+00  0.10000000E+04
  0.75000000E+01  0.00000000E+00  0.00000000E+00  0.00000000E+00  0.10000000E+04  0.00000000E+00  0.12500000E+03  0.00000000E+00  0.69999999E+00  0.10000000E+04
  0.25000000E+00 -0.25000000E+00  0.00000000E+00  0.00000000E+00  0.10056970E+04  0.11370397E+05  0.12500000E+03  0.32874867E-02  0.69999999E+00  0.99999622E+03
  0.75000000E+00 -0.25000000E+00  0.00000000E+00  0.00000000E+00  0.10259504E+04  0.55054480E+05  0.12500000E+03  0.88624861E-02  0.69999999E+00  0.99998962E+03
  0.12500000E+01 -0.25000000E+00  0.00000000E+00  0.00000000E+00  0.10096792E+04  0.19551010E+05  0.12500000E+03  0.70615299E-02  0.69999999E+00  0.99999182E+03
  0.17500000E+01 -0.25000000E+00  0.00000000E+00  0.00000000E+00  0.10147784E+04  0.30313068E+05  0.12500000E+03  0.10793602E-01  0.69999999E+00  0.99998749E+03
  0.22500000E+01 -0.25000000E+00  0.00000000E+00  0.00000000E+00  0.10011185E+04  0.22019548E+04  0.12500000E+03  0.10646241E-01  0.69999999E+00  0.99998779E+03
  0.27500000E+01 -0.25000000E+00  0.00000000E+00  0.00000000E+00  0.10055553E+04  0.11082783E+05  0.12500000E+03  0.48149619E-02  0.69999999E+00  0.99999445E+03
  0.32500000E+01 -0.25000000E+00  0.00000000E+00  0.00000000E+00  0.10013945E+04  0.27475022E+04  0.12500000E+03  0.33171116E-02  0.69999999E+00  0.99999622E+03
  0.37500000E+01 -0.25000000E+00  0.00000000E+00  0.00000000E+00  0.10000070E+04  0.13565822E+02  0.12500000E+03 -0.15635355E-03  0.69999999E+00  0.10000002E+04
  0.42500000E+01 -0.25000000E+00  0.00000000E+00  0.00000000E+00  0.10000000E+04  0.00000000E+00  0.12500000E+03 -0.53651225E-36  0.69999999E+00  0.10000000E+04
  0.47500000E+01 -0.25000000E+00  0.00000000E+00  0.00000000E+00  0.10000000E+04  0.00000000E+00  0.12500000E+03 -0.27370162E-39  0.69999999E+00  0.10000000E+04
  0.52500000E+01 -0.25000000E+00  0.00000000E+00  0.00000000E+00  0.10000000E+04  0.00000000E+00  0.12500000E+03  0.00000000E+00  0.69999999E+00  0.10000000E+04
  0.57500000E+01 -0.25000000E+00  0.00000000E+00  0.00000000E+00  0.10000000E+04  0.00000000E+00  0.12500000E+03  0.00000000E+00  0.69999999E+00  0.10000000E+04
  0.62500000E+01 -0.25000000E+00  0.00000000E+00  0.00000000E+00  0.10000000E+04  0.00000000E+00  0.12500000E+03  0.00000000E+00  0.69999999E+00  0.10000000E+04
  0.67500000E+01 -0.25000000E+00  0.00000000E+00  0.00000000E+00  0.10000000E+04  0.00000000E+00  0.12500000E+03  0.00000000E+00  0.69999999E+00  0.10000000E+04
  0.72500000E+01 -0.25000000E+00  0.00000000E+00  0.00000000E+00  0.10000000E+04  0.00000000E+00  0.12500000E+03  0.00000000E+00  0.69999999E+00  0.10000000E+04
  0.77500000E+01 -0.25000000E+00  0.00000000E+00  0.00000000E+00  0.10000000E+04  0.00000000E+00  0.12500000E+03  0.00000000E+00  0.69999999E+00  0.10000000E+04
  0.40000000E+01  0.50000000E+00  0.00000000E+00  0.00000000E+00  0.10010216E+04  0.20105793E+04  0.12500000E+03 -0.31028962E-03  0.69999999E+00  0.10000004E+04
  0.37500000E+01  0.25000000E+00  0.00000000E+00  0.00000000E+00  0.10058165E+04  0.11613208E+05  0.12500000E+03 -0.16116493E-02  0.69999999E+00  0.10000018E+04
  0.40000000E+01  0.10000000E+01  0.00000000E+00  0.00000000E+00  0.10012764E+04  0.25138550E+04  0.12500000E+03 -0.13641809E-03  0.69999999E+00  0.10000002E+04
  0.37500000E+01  0.75000000E+00  0.00000000E+00  0.00000000E+00  0.10420349E+04  0.93632578E+05  0.12500000E+03  0.97025628E-03  0.69999999E+00  0.99999884E+03
  0.40000000E+01  0.15000000E+01  0.00000000E+00  0.00000000E+00  0.10000269E+04  0.52629177E+02  0.12500000E+03  0.38841466E-03  0.69999999E+00  0.99999957E+03
  0.37500000E+01  0.12500000E+01  0.00000000E+00  0.00000000E+00  0.10240305E+04  0.50686398E+05  0.12500000E+03  0.93462161E-03  0.69999999E+00  0.99999890E+03
  0.40000000E+01  0.20000000E+01  0.00000000E+00  0.00000000E+00  0.10010588E+04  0.20840093E+04  0.12500000E+03  0.32330409E-03  0.69999999E+00  0.99999963E+03
  0.37500000E+01  0.17500000E+01  0.00000000E+00  0.00000000E+00  0.10225084E+04  0.47257875E+05  0.12500000E+03  0.19226964E-02  0.69999999E+00  0.99999774E+03
  0.45000000E+01  0.50000000E+00  0.00000000E+00  0.00000000E+00  0.10000000E+04  0.00000000E+00  0.12500000E+03  0.80556445E-39  0.69999999E+00  0.10000000E+04
  0.42500000E+01  0.25000000E+00  0.00000000E+00  0.00000000E+00  0.10000018E+04  0.35083482E+01  0.12500000E+03 -0.74084828E-05  0.69999999E+00  0.10000000E+04
  0.45000000E+01  0.10000000E+01  0.00000000E+00  0.00000000E+00  0.10000000E+04  0.00000000E+00  0.12500000E+03 -0.43720512E-42  0.69999999E+00  0.10000000E+04
  0.42500000E+01  0.75000000E+00  0.00000000E+00  0.00000000E+00  0.10000944E+04  0.18529227E+03  0.12500000E+03 -0.10442676E-04  0.69999999E+00  0.10000000E+04
  0.45000000E+01  0.15000000E+01  0.00000000E+00  0.00000000E+00  0.10000000E+04  0.00000000E+00  0.12500000E+03 -0.16675452E-41  0.69999999E+00  0.10000000E+04
  0.42500000E+01  0.12500000E+01  0.00000000E+00  0.00000000E+00  0.10000066E+04  0.12864128E+02  0.12500000E+03  0.34267537E-05  0.69999999E+00  0.10000000E+04
  0.45000000E+01  0.20000000E+01  0.00000000E+00  0.00000000E+00  0.10000000E+04  0.00000000E+00  0.12500000E+03  0.16142958E-41  0.69999999E+00  0.10000000E+04
  0.42500000E+01  0.17500000E+01  0.00000000E+00  0.00000000E+00  0.10000031E+04  0.60811610E+01  0.12500000E+03 -0.35628464E-05  0.69999999E+00  0.10000000E+04
  0.50000000E+01  0.50000000E+00  0.00000000E+00  0.00000000E+00  0.10000000E+04  0.00000000E+00  0.12500000E+03  0.64459729E-43  0.69999999E+00  0.10000000E+04
  0.47500000E+01  0.25000000E+00  0.00000000E+00  0.00000000E+00  0.10000000E+04  0.00000000E+00  0.12500000E+03  0.27025162E-39  0.69999999E+00  0.10000000E+04
  0.50000000E+01  0.10000000E+01  0.00000000E+00  0.00000000E+00  0.10000000E+04  0.00000000E+00  0.12500000E+03  0.00000000E+00  0.69999999E+00  0.10000000E+04
  0.47500000E+01  0.75000000E+00  0.00000000E+00  0.00000000E+00  0.10000000E+04  0.00000000E+00  0.12500000E+03  0.13172206E-42  0.69999999E+00  0.10000000E+04
  0.50000000E+01  0.15000000E+01  0.00000000E+00  0.00000000E+00  0.10000000E+04  0.00000000E+00  0.12500000E+03 -0.11350518E-41  0.69999999E+00  0.10000000E+04
  0.47500000E+01  0.12500000E+01  0.00000000E+00  0.00000000E+00  0.10000000E+04  0.00000000E+00  0.12500000E+03 -0.10789998E-41  0.69999999E+00  0.10000000E+04
  0.50000000E+01  0.20000000E+01  0.00000000E+00  0.00000000E+00  0.10000000E+04  0.00000000E+00  0.12500000E+03  0.10621842E-41  0.69999999E+00  0.10000000E+04
  0.47500000E+01  0.17500000E+01  0.00000000E+00  0.00000000E+00  0.10000000E+04  0.00000000E+00  0.12500000E+03  0.00000000E+00  0.69999999E+00  0.10000000E+04
  0.26101739E+01  0.89129126E+00  0.61729705E+00 -0.17548889E+00  0.10046786E+04  0.93092773E+04  0.12576698E+03  0.12576674E+03  0.10000000E+01  0.00000000E+00
  0.88350427E+00  0.10254282E+01 -0.55043650E+00  0.12663920E+01  0.10016080E+04  0.31701841E+04  0.12561582E+03  0.12561256E+03  0.10000000E+01  0.00000000E+00
  0.15951686E+01  0.95743167E+00  0.67326885E+00 -0.41343436E+00  0.10057499E+04  0.11477861E+05  0.12546356E+03  0.12546333E+03  0.10000000E+01  0.00000000E+00
  0.15929492E+01  0.15323939E+01  0.11405021E+01  0.17561407E+00  0.10070044E+04  0.14034764E+05  0.12531018E+03  0.12531027E+03  0.10000000E+01  0.00000000E+00
  0.27873650E+01  0.14778479E+01 -0.50309200E-01  0.54500408E-01  0.10003849E+04  0.75609906E+03  0.12515567E+03  0.12515567E+03  0.10000000E+01  0.00000000E+00
  0.24542842E+01  0.15601969E+01 -0.11276989E+01 -0.24542364E+00  0.99608264E+03 -0.75960781E+04  0.12500000E+03  0.12500000E+03  0.10000000E+01  0.00000000E+00
  0.28268347E+01  0.94555402E+00  0.88723853E-01  0.23444244E+00  0.10050298E+04  0.10018627E+05  0.12576698E+03  0.12575461E+03  0.10000000E+01  0.00000000E+00
  0.91525614E+00  0.11561537E+01 -0.18468004E+00  0.13792115E+00  0.10034311E+04  0.68014722E+04  0.12561582E+03  0.12560624E+03  0.10000000E+01  0.00000000E+00
  0.98102212E+00  0.92796922E+00  0.84508860E+00 -0.34403154E+00  0.10020291E+04  0.40053337E+04  0.12546356E+03  0.12546037E+03  0.10000000E+01  0.00000000E+00
  0.25509822E+01  0.13245848E+01  0.82431573E+00 -0.68430096E-01  0.10019971E+04  0.39418906E+04  0.12531018E+03  0.12531038E+03  0.10000000E+01  0.00000000E+00
  0.12594670E+01  0.88608205E+00 -0.24078384E+00 -0.17533459E+00  0.10028700E+04  0.56795825E+04  0.12515567E+03  0.12515535E+03  0.10000000E+01  0.00000000E+00
  0.72107697E+00  0.85989571E+00 -0.55271757E+00  0.96477342E+00  0.10075934E+04  0.15241950E+05  0.12500000E+03  0.12500000E+03  0.10000000E+01  0.00000000E+00
  0.20258043E+01  0.97207010E+00 -0.17844272E+00 -0.40397891E+00  0.10044034E+04  0.87543457E+04  0.12576698E+03  0.12575644E+03  0.10000000E+01  0.00000000E+00
  0.27867157E+01  0.89362037E+00  0.70776388E-01  0.12038971E+00  0.10053152E+04  0.10596401E+05  0.12561582E+03  0.12561059E+03  0.10000000E+01  0.00000000E+00
  0.28073478E+01  0.13069726E+01 -0.70953918E+00  0.77127272E+00  0.10010437E+04  0.20541174E+04  0.12546356E+03  0.12546005E+03  0.10000000E+01  0.00000000E+00
  0.19809537E+01  0.10765535E+01 -0.89545655E+00 -0.61068082E+00  0.10064797E+04  0.12963072E+05  0.12531018E+03  0.12531018E+03  0.10000000E+01  0.00000000E+00
  0.29320631E+01  0.77812862E+00  0.82633603E+00  0.81381887E+00  0.10080367E+04  0.16153374E+05  0.12515567E+03  0.12515553E+03  0.10000000E+01  0.00000000E+00
  0.10789657E+01  0.17665849E+01  0.14602238E-01  0.71102107E+00  0.10012176E+04  0.23976826E+04  0.12500000E+03  0.12499989E+03  0.10000000E+01  0.00000000E+00
  0.95378923E+00  0.15990485E+01  0.40189195E+00 -0.28301954E+00  0.10053663E+04  0.10699757E+05  0.12576698E+03  0.12576566E+03  0.10000000E+01  0.00000000E+00
  0.27987280E+01  0.89091790E+00 -0.64777273E+00 -0.53992856E+00  0.10039283E+04  0.77987593E+04  0.12561582E+03  0.12561228E+03  0.10000000E+01  0.00000000E+00
  0.15101507E+01  0.12735052E+01  0.53453487E+00  0.31001884E+00  0.10042585E+04  0.84627070E+04  0.12546356E+03  0.12546202E+03  0.10000000E+01  0.00000000E+00
  0.20995486E+01  0.10261719E+01 -0.32950026E+00  0.12203896E+00  0.10044106E+04  0.87689951E+04  0.12531018E+03  0.12530890E+03  0.10000000E+01  0.00000000E+00
  0.11355120E+01  0.20233927E+01  0.11180701E+01  0.16206279E-01  0.99975409E+03 -0.48215640E+03  0.12515567E+03  0.12515567E+03  0.10000000E+01  0.00000000E+00
  0.14004629E+01  0.84957194E+00 -0.32336250E+00 -0.34935844E+00  0.10051649E+04  0.10291831E+05  0.12500000E+03  0.12500012E+03  0.10000000E+01  0.00000000E+00
  0.91518402E+00  0.17167232E+01  0.62080091E+00  0.18118531E+00  0.10039925E+04  0.79276113E+04  0.12561582E+03  0.12561399E+03  0.10000000E+01  0.00000000E+00
  0.86039197E+00  0.20782752E+01  0.20404494E+01  0.10876676E+00  0.10033343E+04  0.66076670E+04  0.12531018E+03  0.12531004E+03  0.10000000E+01  0.00000000E+00
  0.21058137E+01  0.16882222E+01 -0.11099994E+01  0.16565116E+00  0.99931244E+03 -0.13461735E+04  0.12500000E+03  0.12500000E+03  0.10000000E+01  0.00000000E+00
