           5
           1
           2
           1
           2
           0
           0
           0
           2
           1
   2.0000000    
   280285.72    
   7.0000000    
   10.000000    
  0.50000000    
   1000.0000    
  0.30000001    
   0.0000000    
   4.0000000    
   0.0000000    
   4.0000000    
3.0000000E-02
0.0000000E+00
3.0000000E-02
  3.90322953E-02
        5123
         801
         801
           1
  9.99999975E-05
   3.0000000    
  1.99999996E-02
   0.0000000    
  5.00000024E-04
   1.0000000    
  -1.0000000    
           0
  0.20000000    
   0.0000000    
           0
           0
           0
   0.0000000    
           0
           0
          30
          15
